-0.56588
-0.9355
-1.43159
-1.48205
0.46704
-1.53871
-1.60539
-0.60656
0.15523
-0.39407
-1.14501
-0.8744
0.87292
-0.28054
-0.92238
0.27629
-1.59438
-1.52357
-0.96483
0.00909
-4.66929
-0.74925
-1.2218
0.30621
-2.28252
-0.23347
-0.60235
-1.29807
0.62066
-1.3798
-0.83345
0.30576
-2.35918
0.34495
-1.74019
-0.60717
-0.28143
-0.41939
0.3568
-0.11497
-0.5
-1.55049
0.11094
-1.45132
-1.86543
-1.05746
-0.35367
-0.47734
-1.37082
-0.13248
-0.36987
-0.92614
-1.20177
-0.23853
-0.17954
-2.13359
0.1301
0.54743
-0.78801
-0.18301
-0.22839
-1.40926
-0.72064
0.11605
-1.31241
0.16292
0.39663
0.2732
-1.91003
-1.01975
-1.10007
0.03804
0.17098
-0.99058
0.06564
-0.72866
-0.90892
0.36639
-0.7503
-0.6501
-0.07405
0.08828
-0.15193
-0.05072
-0.20171
-0.69179
-1.55009
0.3763
-0.36573
-0.42505
-1.14341
-0.64339
-1.67863
-0.9586
-0.20964
0.23119
-0.36848
-2.27542
0.14908
-0.54586
-1.03129
-0.5
0.06311
-0.01006
-0.20788
0.02006
-0.5
0.33362
0.02433
-1.69055
-0.00586
-0.595
-1.89708
0.16224
-1.2208
0.36353
-0.11165
-0.91178
0.48691
-0.15282
-0.47291
-0.39874
-0.42738
-1.31375
-1.05516
-0.26222
-0.5
0.46782
-0.52093
-1.28585
-0.27221
-0.74506
-0.08863
-1.93769
-1.49799
-0.20854
-1.5495
0.00629
-0.02294
-0.07332
-0.50099
-1.71114
-2.67769
-0.3793
-1.67221
-0.47325
-1.81273
-0.29696
0.29672
-1.2768
-1.23855
-0.16549
-0.68387
0.12304
-1.35886
0.05927
-0.16619
0.7887
-0.12674
-1.9147
-1.08866
-0.90039
-0.46752
-0.39906
-0.18586
-0.55809
-1.15488
-0.4519
-0.20265
-0.30811
-0.5
-0.03489
0.11892
-0.19098
0.51201
-0.5
-2.17823
-0.86332
-1.04587
-0.67848
0.1363
-1.15011
0.45601
-0.33072
-0.5
0.43719
-1.13943
-0.49398
-1.97145
-0.9695
-0.17985
-0.93695
0.14997
-0.56933
-0.03163
-1.13623
-0.57247
-1.28927
-0.72846
-1.81352
0.64388
-0.62376
0.47337
-0.5
-0.23982
0.34584
-1.54764
-2.65224
0.35393
-0.16646
0.0594
-0.41488
0.48885
0.53346
-0.45358
-0.8208
-0.17981
-0.85889
-0.96871
-0.64519
0.346
0.01197
-1.92307
0.23389
-1.45975
-0.66211
-0.35196
0.0877
-1.1073
0.47004
-0.28319
-0.59953
0.85984
-0.64128
-0.23628
-1.33718
-0.44283
0.42285
-1.03536
-0.23853
-0.77095
-0.83779
-0.14439
0.42688
-1.1894
-0.65357
-0.7789
-0.59147
-1.09405
-1.28499
-1.15449
0.06839
0.23713
-1.50117
-0.34334
-0.56555
0.29055
-1.45028
-1.00633
-1.28709
-0.70799
-0.85654
-0.38024
-0.02389
0.35302
-0.80898
-0.01422
-0.85922
-0.8812
-1.2795
0.63537
-0.27763
0.60521
-1.46729
-2.34437
-1.63164
0.24177
0.00951
0.66404
-1.23989
-1.40869
-0.12456
-1.36696
-0.48687
-0.47094
-0.05216
-1.21684
-0.69122
0.27734
-0.15136
-0.51213
-1.27147
-0.41144
0.0589
-1.15936
-0.01829
-0.90624
-2.07802
-1.18297
0.54897
-1.75973
-0.96502
-0.80309
-1.62728
-0.18345
-0.5
0.10187
0.49357
-0.32074
0.32391
0.72702
0.10408
-0.22612
-0.5
-0.7585
-0.30141
0.04913
-1.12072
-0.38187
0.33173
-1.00089
-1.32652
-0.80553
-0.77273
-0.89211
-0.11471
-1.64697
0.17652
-0.7298
-0.36049
0.73255
-0.03347
-0.503
-0.25989
0.02026
-0.44823
-0.75625
0.44697
-0.46567
0.59384
0.50554
-0.46462
-0.73299
-1.17898
0.1182
-0.89993
0.27189
0.06864
-0.3451
-0.09871
-0.5
-0.75387
-0.51858
0.00753
-0.7931
-0.81691
-0.1306
-1.4836
-0.57198
-3.1475
-0.40986
-0.11997
-1.69719
-0.83319
0.20866
0.22125
0.56899
0.1473
0.24871
-0.37582
-0.5
-0.1346
0.07586
-0.14183
-1.16305
-1.74799
-0.98158
-0.14529
0.38006
-0.95343
-0.86641
0.88513
-0.06431
-0.37037
-0.91748
0.09361
-0.383
0.54902
-0.12461
-1.08783
-1.61334
0.4007
-0.1611
-0.95155
-0.69877
-0.81041
-0.13701
0.05931
-1.04005
-0.05733
-0.4384
-0.5
0.14037
-2.11535
-0.63091
-0.5
-0.5
-0.5
0.09149
-0.5
-2.43114
-0.5
-0.5
-0.5
-1.01281
-0.1344
-0.5
-2.53075
-0.5
-0.5
-1.38167
-1.66018
-1.19883
-0.16711
-0.5
-3.12499
-2.57158
-2.10345
-0.5
-0.5
-0.5
-0.5
-0.97487
-1.17373
-0.5
-3.19632
-0.5
0.0595
-0.5
-1.01274
-0.5
-0.91467
-0.5
-0.55147
-0.5
-4.47173
-0.5
-0.5
-0.5
-0.68573
-0.5
-0.5
-0.82877
-0.83186
-0.5204
0.22191
-4.84682
-1.00633
-0.5
-0.5
-0.5
-0.5
-1.54433
-0.5
-0.5
-0.5
-0.5
-1.50362
-0.5
-0.92882
0.46856
-0.5
-0.5
-0.5
-2.83959
-1.60499
-1.76792
-0.5
-1.40095
-0.5
-4.79662
-0.5
-0.5
-0.51049
-1.47538
-0.5
-0.5
-1.11051
-0.5
-0.28139
-0.5
-0.5
-0.5
-3.76412
-0.5
-0.5
-1.87457
-1.78117
-0.5
-0.07232
-0.45703
-2.14656
-0.5
0.25969
-2.84217
-0.84917
-0.70561
-0.5
-0.5
-1.21248
-0.5
-0.5
-0.5
-0.5
-0.5
-0.5
-0.5
0.5319
-0.08143
-0.5
-0.5
-0.5
0.29994
-0.7717
-5.021
-1.86116
-1.27985
-0.5
-0.5
-0.5
-0.5
-0.5
-1.53794
-0.5
0.09159
-0.5
-0.5
-2.24887
-0.5
-4.08532
-1.85257
-0.5
-0.37514
-2.60162
-0.5
-0.84664
-0.5
0.31782
-0.5
-0.5
-0.5
-2.07799
-1.15163
-0.5
-0.99669
-2.27696
-0.5
-0.75875
-2.20008
-0.5
-0.5
-1.49789
-0.5
-0.93579
-0.5
-1.10219
-2.98576
-1.20305
0.47972
-2.10971
0.65671
-0.5
-0.5
-0.76736
-1.64972
-0.5
-0.11748
-0.5
-2.20665
-0.5
-0.51478
-0.5
-2.57849
0.49694
-0.5
-2.42993
-0.5
-0.5
-3.19397
-1.26356
0.50951
-0.00657
-1.68895
-9.7978
-0.5
-0.49066
0.05522
-0.5
0.15366
-0.26554
0.35426
0.20863
-0.15674
-0.23177
-0.2965
-0.00784
0.0467
0.28035
0.26375
0.14151
-0.16809
0.24918
-0.24073
0.14423
-0.16111
0.05208
0.34323
0.11007
-0.14146
0.13624
0.53831
0.02523
0.74002
-0.03773
0.24645
-0.40036
0.39548
0.04377
0.1132
0.19189
0.38018
-0.18508
0.48516
0.00026
-0.19078
-0.29092
0.23962
-0.00981
-0.13587
0.02077
-0.51666
0.14484
-0.07686
0.12685
0.00276
0.22588
-0.19283
0.32314
-0.27618
0.41663
0.12843
0.06743
0.21379
-0.03373
0.0793
0.22389
0.17646
-0.00791
-0.18829
0.13201
0.28268
0.47603
-0.25929
0.05245
0.39249
-0.505
0.44853
0.01586
0.08438
0.44701
0.00292
-0.06379
-0.33094
-0.0833
0.03964
0.18315
-0.17516
0.27691
0.41709
-0.04127
0.13165
0.34301
0.22463
-0.12141
-0.19958
0.22158
-0.31191
-0.06746
-0.17537
-0.34272
0.24398
-0.17255
0.3786
-0.16444
-0.15822
0.11803
-0.07183
0.18349
0.30601
-0.40329
-0.14
-0.04407
0.14224
0.0949
0.03104
-0.02547
0.15753
0.23879
-0.10335
0.26572
-0.128
-0.40539
0.02187
-0.39312
-0.21931
0.43583
0.05839
-0.24062
-0.09821
-0.69005
0.16255
0.13756
0.52036
-0.24101
0.05291
-0.41648
-0.16373
0.05737
0.079
-0.34339
-0.21419
0.13957
0.67958
0.17439
-0.02919
-0.16062
-0.15442
-0.35339
-0.0279
-0.12551
0.78627
0.86842
0.47003
-0.11838
0.1857
0.0457
0.05207
-0.14728
0.30163
-0.16052
0.00506
-0.3086
-0.16188
-0.05689
-0.21543
0.33393
0.1072
-0.15301
0.05351
0.07266
0.20466
-0.19393
0.00205
0.27426
-0.2272
0.13544
0.304
0.02707
0.03354
-0.19981
0.16715
0.20349
0.24176
-0.35871
0.00425
-0.03589
0.27292
-0.32363
-0.15632
0.18944
-0.15965
0.29873
-0.27293
-0.43288
0.06467
0.01456
0.09313
-0.09186
0.26464
0.372
0.41853
0.06399
0.30851
0.1162
0.05335
0.26915
0.00052
0.13819
-0.25852
0.41648
-0.20221
0.35918
-0.41016
-0.16073
-0.05687
0.13919
-0.01232
0.03018
0.2052
0.51881
0.03265
0.17219
-0.25946
-0.06502
-0.0324
-0.0306
0.37207
-0.08326
-0.27514
0.13861
0.40817
-0.05683
-0.08833
-0.13253
-0.34312
0.01377
-0.55242
-0.17515
0.1297
0.03965
0.27676
0.0271
-0.1708
-0.35702
0.3688
-0.49332
-0.15333
0.0159
-0.15613
-0.06617
0.20124
-0.03715
0.01838
-0.13286
0.0378
-0.28558
-0.21118
0.33113
0.19022
0.03285
0.18057
-0.00258
0.33736
-0.0561
-0.17266
0.17918
0.343
0.22056
-0.49499
0.05636
0.31344
-0.34258
-0.19076
-0.18529
-0.21868
0.05463
-0.26521
-0.21352
-0.0969
-0.15428
-0.41778
-0.0743
-0.1452
-0.12223
0.26108
0.01132
0.48932
0.20547
-0.27053
0.13149
0.2679
-0.22448
-0.09481
-0.50843
-0.15901
0.28278
0.54637
0.1886
0.16899
-0.32261
-0.08753
-0.33457
-0.21676
-0.00637
0.02399
0.16799
0.12133
-0.11834
-0.07451
0.15657
0.12098
-0.46069
0.13374
-0.14773
-0.11391
-0.82161
-0.08143
0.1961
-0.02146
0.12433
-0.19701
0.16425
0.05289
0.35139
0.20676
-0.64555
0.45876
0.68102
-0.01394
-0.27808
0.37896
-0.8638
0.37976
0.23098
0.13169
-0.13615
-0.05126
-0.06302
-0.24663
-0.24061
0.01691
-0.26397
0.29046
0.39917
0.11925
-0.24482
0.34767
0.42111
-0.29748
-0.15996
-0.04997
0.10508
-0.08296
-0.34305
0.52655
-0.0116
0.08411
-0.14531
0.2772
-0.28696
0.15437
0.35943
-0.23714
-0.21317
-0.08407
-0.6277
0.07613
0.08878
0.05796
-0.43156
0.12596
-0.31901
0.18477
0.07708
0.46656
0.16741
-0.24482
0.14751
0.86421
-0.24012
-0.76519
-0.15443
-0.0576
0.22568
0.17843
0.18589
0.01234
0.33405
0.01929
0.05402
-0.2706
-0.04662
-0.18186
0.2294
-0.45624
-0.27359
-0.04519
0.03402
0.2108
-0.00145
-0.33352
0.07455
-0.05587
0.05282
-0.24283
0.35882
-0.20629
-0.12106
0.33181
0.33242
0.56431
0.20543
-0.21494
-0.77236
-0.37447
0.24086
-0.21558
0.0634
-0.5953
-0.20267
-0.88097
-0.18689
-0.20636
-1.24948
-0.5931
-0.08383
-0.6163
0.05897
0.22131
0.43014
-0.77177
-1.88092
-1.34132
-0.51694
-0.31463
-0.28473
-0.11448
-1.1748
-0.26924
0.59646
-0.04479
0.01762
-0.70148
0.39116
0.03029
-1.66979
0.02633
-0.65432
-1.68793
-0.11882
0.06948
-0.8621
-0.3392
0.2434
-0.94493
0.52022
-0.34426
-0.37946
0.52957
0.33922
-0.4181
0.51323
-0.54316
-0.82905
-0.37448
0.47486
-0.34944
-0.61099
0.89522
-0.60908
-0.38815
-0.57313
-0.71237
-0.49458
-0.29605
-0.11356
-0.30064
0.076
-0.33005
0.49055
-0.86612
-0.00446
-0.3144
0.04051
-0.04598
-0.88636
-1.17394
-0.02821
-0.52397
-0.09187
-0.24524
-0.63417
-0.56759
-0.60534
-0.05774
-0.10364
-0.22651
-0.53501
-0.41359
-0.85435
-1.31255
-0.4329
0.19422
-0.35168
-0.51862
0.16126
-0.36013
0.17102
-0.71544
-1.47364
-0.83422
-0.27112
-0.43282
0.1585
0.1213
-0.04256
0.53834
-1.21369
-0.38366
0.14635
-0.20639
0.01923
-0.64854
-0.14887
-1.31363
-0.1221
-0.12581
-1.03358
-0.33296
0.59831
-0.10251
0.51466
-0.46018
-1.33238
0.26961
-0.14596
-1.11282
-0.04781
-0.21861
0.65339
-0.07741
-0.68271
-0.93797
-0.83338
-0.51895
-0.03608
0.24324
-0.79439
-0.4809
-0.09817
0.11523
-0.6717
-0.36202
-1.06335
-0.02529
-1.05497
0.1213
-0.29949
-0.38211
-0.02703
0.46553
-0.06062
-0.30952
-0.98443
-0.69216
-0.48456
-1.21839
0.15579
0.27425
0.13308
-1.15715
-0.00678
0.09593
-0.6723
-0.26833
-0.22698
-0.82918
-1.13669
-1.22772
0.18851
0.27903
-0.82505
-0.15074
-0.04973
-0.02017
0.11489
0.70978
-0.47219
-0.12032
-1.21941
-0.6033
-0.30411
-1.09208
-0.71301
-0.06419
-0.26374
-0.72384
-1.22991
-0.06945
-0.17983
-0.9756
0.4552
-0.39879
-1.1433
-0.68415
-0.03906
-0.0733
0.09684
0.08795
-0.66004
-0.89345
0.31024
-0.72897
0.40745
-0.78034
-1.09074
0.53129
-0.85454
0.47916
0.63305
0.08718
0.05077
-1.46758
-0.07527
-1.29005
0.35893
-0.6987
-0.5
0.40095
-0.4265
-0.15036
-0.5148
-0.3435
-0.70486
-1.61966
0.3823
0.60753
0.29216
-1.41831
0.62677
-0.65613
-0.24015
-0.74421
-1.41817
0.15445
-2.07808
-0.74364
0.71439
-1.12249
0.68197
-1.52851
0.08691
-0.11388
0.07697
-2.20965
0.15912
0.29902
-0.94051
-1.09558
-0.94581
-2.73537
0.60368
0.39537
-0.48884
0.14785
-0.43398
-0.06713
-0.69421
-0.6147
0.22959
0.64161
-1.34045
-0.77155
0.30735
-0.28594
-0.95496
-0.24686
-1.87319
0.3741
-0.02746
0.59902
-2.28193
-1.5952
-0.27113
0.10458
-0.25649
-0.68283
-0.0816
0.1564
-0.11505
0.53638
0.08844
-1.71416
0.68037
0.5059
-2.24754
0.24325
-0.92934
-0.2964
-1.18588
-0.43744
0.44013
0.24046
-1.03889
-1.2226
-0.36058
-1.86801
-0.70768
-0.02061
0.25467
-0.62974
0.26243
-1.10154
-0.72959
0.1938
0.30814
-0.70406
-0.31858
-0.6896
-0.63197
-0.00964
-1.51591
-0.77985
0.31349
0.24321
0.16763
0.17735
-1.45966
-1.23734
0.66647
-1.47337
-1.20117
-0.05979
0.5425
0.72161
0.13935
-1.13273
-0.97412
0.31778
-0.5308
0.59693
-1.12608
0.00052
0.32471
-0.58353
0.15833
-0.88113
0.52158
-0.13178
0.51994
0.54139
-0.31866
-0.57425
0.53926
-0.66777
0.09119
-0.24704
-0.043
-0.89023
0.11567
-0.5575
0.49898
0.10228
-0.58226
-1.15263
0.33822
-3.94895
-1.1943
-0.84797
0.07777
-1.11081
-0.32798
-1.11753
0.66919
-0.91837
0.41806
0.1725
-0.92633
-0.2915
-0.63821
0.25114
-1.31355
0.07459
-1.02918
-0.70252
-0.5773
0.17828
-0.23298
-0.52779
-0.38724
-0.68446
0.12947
0.65831
-1.46168
-0.4415
-0.59539
-0.90719
0.08749
-1.21636
-0.48812
-0.60776
-0.17645
-1.5416
-0.79077
-0.4034
-1.2192
-0.19416
-0.19539
-1.1508
-0.20126
-0.85036
0.24325
-0.90042
-0.11308
-0.20383
0.3342
-0.76375
-1.0132
-0.09856
-0.10439
-0.58995
-1.04238
-0.01671
0.02057
-1.48315
-0.06439
-0.95386
-1.48339
-0.85
-1.14767
0.30222
-1.01495
-1.63142
-0.22166
0.16594
0.81831
-0.88376
0.11445
-1.14006
0.09762
-0.99453
-1.16152
-0.13454
0.20951
-0.92688
-1.01145
-3.62391
-1.01835
0.60414
0.05062
-0.66718
-0.64797
0.52592
-0.54619
-0.29774
-1.053
-1.1432
-0.0263
-0.43785
-1.04033
-0.5
-0.5
-1.16692
0.48459
0.21951
-0.88178
0.89305
-0.81939
0.12866
-0.45906
-0.07951
0.01045
-1.01668
0.46138
0.00165
-1.64981
0.35928
-0.88195
-0.28921
0.7615
-3.52966
-1.52171
-0.4169
0.68766
-0.5
-1.06719
0.28375
0.64719
-0.87366
-0.58206
0.23167
0.27966
-0.49483
-0.03336
-0.02386
0.11496
-0.43624
0.18772
-0.98741
-0.8023
-1.18729
-2.1505
-1.08223
0.68209
-0.23867
0.28706
-0.37438
-1.07282
-1.52789
-1.60466
0.20501
-0.66068
-0.43614
-0.95664
-0.81039
-1.08983
-0.50496
0.31534
-1.05448
-0.54805
0.78457
-0.19463
0.30668
-0.5
0.08622
-1.00807
-1.27065
-0.77037
-2.52717
-0.71103
0.66501
-0.40982
-1.01439
-0.4511
-0.32218
0.21615
-0.93762
-0.95473
0.14784
0.27844
-0.49341
-0.37328
-0.32042
-0.95208
-0.89954
0.58542
-1.14784
-0.99029
0.21823
-0.94573
-0.08838
-1.06142
-0.28371
0.39566
0.67317
-1.25694
-1.0576
0.35141
-1.13168
0.16324
-0.32863
-1.43224
0.3592
0.04184
0.86571
-1.15375
-0.43017
-0.79099
-1.258
0.57858
-0.86187
0.07245
0.23875
-0.83532
-0.69967
0.12439
-0.84323
0.34088
0.30428
-0.85442
-1.02421
-0.79711
-1.04699
-0.41302
0.2449
0.54777
-1.99873
0.0797
-0.18882
0.40409
-0.80922
-0.90247
-1.35719
-0.81398
0.55041
-0.50798
0.03764
-0.7839
-1.16505
0.16149
-0.55866
-1.14941
-0.34359
0.64602
0.25426
0.29771
-0.49743
-1.39558
-0.5
-1.75741
-0.5
-3.30676
-0.5
-0.5
-0.5
-0.5
-0.60293
-0.5
-0.5
-0.5
0.41922
-2.06665
-0.70871
-0.5
-0.5
-0.5
-0.96284
-0.5
-0.5
-0.53876
0.21581
-0.5
-0.5
-0.5
-0.5
-2.04542
-0.5
-2.00913
-0.5
-0.5
-0.5
-0.5
-0.5
-0.5
-0.73565
-4.16175
-0.5
-1.62803
-0.5
-0.5
-0.5
-0.5
-0.5
-0.5
-0.5
0.16887
0.31402
-0.5
-2.12336
-0.38142
-0.5
-0.5
-0.5
-0.5
-0.5
-0.5
-0.5
-0.30119
-0.5
-0.5
-2.51136
-1.55764
-0.5
-0.5
-0.5
-0.5
-0.5
-0.5
-1.30094
-0.5
-3.41481
-0.5
-0.5
-0.5
-1.19533
-0.5
-0.5
-0.5
-0.5
-0.5
-0.11618
-0.5
-0.5
-0.5
-0.5
-0.5
-0.5
-0.5
-0.60506
-0.5
-2.10804
-0.5
-0.5
-0.5
-0.5
-0.5
-1.55683
-0.5
-0.5
-1.03733
-0.5
-0.15261
-0.5
-0.5
-0.5
-0.5
-1.93913
-0.25626
-4.7042
-0.5
-0.5
-0.50005
-0.5
-0.5
-0.5
-0.5
-0.5
-0.5
-0.5
-0.5
-0.5
-0.5
-2.76692
-0.5
-0.5
-0.5
-1.99272
-0.5
-0.5
-0.5
-0.5
-0.5
-0.5
-0.5
-0.5
-2.67394
-0.5
-0.5
-0.2586
-0.5
-0.5
-0.5
-0.5
-0.34701
-0.5
-2.48968
-0.5
-0.5
-0.5
-0.66728
-0.5
-0.5
-0.5
-0.5
-3.60257
-1.40553
-0.5
-0.5
-0.5
-1.30804
-0.5
-0.5
-0.5
-0.5
-0.5
-0.5
-0.5
-0.5
-0.5
-0.5698
-0.5
-3.00177
-1.74008
-0.5
-0.5
-0.5
-0.5
-0.5
-0.5
-0.5
-1.06067
-0.5
-0.5
-0.5
-0.5
-0.5
-0.5
-0.5
-0.5
-0.5
-0.5
0.1344
0.17982
0.31899
-0.06235
0.39638
0.29059
0.06641
0.3419
0.13164
0.20077
0.61342
0.0554
0.51359
0.3441
0.52834
0.2156
0.5443
0.17641
0.13322
0.36733
0.1662
0.22797
0.17334
0.22381
0.11277
0.374
0.4691
0.42514
0.67715
0.55896
0.47364
0.3738
0.24436
0.30446
0.18828
0.34556
0.1341
0.19826
0.07351
0.32592
0.15089
0.33659
0.18853
0.2306
0.42803
0.19754
0.38453
0.49267
0.19272
0.11039
0.4161
0.43762
0.04108
0.26189
0.23303
0.24051
0.48741
0.29069
0.3937
0.15806
0.12155
0.4027
0.23681
0.32511
0.3587
0.37704
-0.06246
0.32362
0.18601
0.26875
0.14069
0.37579
0.39213
0.40399
0.04815
0.18278
0.36356
0.28159
0.28045
0.29442
0.25718
0.41976
0.25063
0.14796
0.06123
0.36184
0.52012
0.03634
0.36129
0.30759
0.00205
0.43204
0.13817
0.58496
0.45098
0.15983
0.20693
0.1536
0.01281
0.19955
0.15117
0.18634
0.09827
0.3777
0.0227
-0.04397
0.19473
0.6026
-0.06101
0.38849
0.16989
0.30607
0.08785
0.64992
0.37633
0.31706
0.34226
0.2107
0.483
0.39965
0.23786
0.14671
0.70353
0.10021
0.68077
0.55168
0.45474
0.28754
0.41225
0.18896
0.30063
0.39216
0.10684
0.43108
0.25258
0.13842
0.37372
0.27772
0.18646
0.2431
0.18925
-0.00994
0.46116
0.03841
0.19671
0.40274
0.27711
0.22653
0.28767
0.26998
0.02574
0.52842
0.29834
0.1082
0.43797
-0.18494
0.06684
0.25718
0.254
0.27002
0.46496
0.10471
0.08553
0.14765
-0.17325
0.19126
-0.10035
0.23732
0.37489
0.35016
0.1845
0.43865
0.42632
0.34114
0.17805
0.09764
0.37938
-0.21519
0.22338
0.08781
0.14935
0.25409
0.1076
0.12186
0.19388
0.0447
0.4305
0.28994
0.28658
0.34037
0.39831
0.52145
-0.12942
0.13673
0.63463
0.21521
0.3528
0.41333
0.18357
0.26933
-0.16111
0.43609
-0.21287
0.63405
0.12177
0.32295
-0.1942
-0.13528
0.30095
0.48186
0.01713
-0.4895
-0.14418
-0.40779
-0.02039
-0.33962
0.24246
-0.37604
0.23622
-0.02592
-0.37988
0.10711
0.3257
-0.25026
0.04617
0.34264
-0.04838
0.22661
-0.0918
-0.16363
0.15293
0.02128
0.0751
-0.37891
-0.13042
-0.06216
0.30939
0.05279
-0.05314
-0.06747
-0.08475
0.22241
0.0817
0.37673
-0.2217
0.08758
0.61422
-0.0097
0.27502
0.20944
-0.00404
-0.17667
0.06503
0.16463
0.21847
0.09323
-0.19252
0.40709
0.27374
0.09123
-0.07119
0.40457
-0.14412
0.17275
-0.07187
-0.1196
0.3221
-0.20629
0.02705
0.0682
-0.14619
-0.06214
-0.55998
-0.34144
0.25632
0.0237
0.33445
0.27803
0.11525
0.21101
0.04533
0.35228
0.05304
0.35432
-0.17015
0.13485
-0.02015
0.05483
0.31297
-0.03525
-0.0591
0.59988
-0.08684
0.14872
-0.35032
-0.27203
-0.05012
-0.2562
4e-05
0.37515
-0.10641
0.06224
0.16894
0.12289
0.12381
-0.22525
0.026
0.10807
-0.27322
0.31195
0.01612
-0.08043
0.21803
0.09902
0.47919
-0.86539
-0.14182
0.31293
-0.21007
0.05986
0.74251
0.11894
0.14663
-0.49229
0.21175
0.27409
0.32665
-0.06506
-0.06787
0.16508
0.33683
0.05771
-0.16307
-0.02278
0.18725
0.06454
0.46254
0.31895
-0.40446
-0.03438
0.28738
0.23505
-0.24907
0.24499
0.20008
0.29909
-0.0017
0.01205
0.15681
-0.29543
-0.07641
0.19225
0.10871
-0.1925
0.10284
0.14151
0.44185
0.17176
-0.13717
0.37083
0.47288
0.31223
-0.40487
-0.08797
0.06215
0.07311
0.29175
-0.04045
0.20322
0.42625
-0.08135
0.13815
0.20648
0.53008
0.15029
-0.02942
-0.21422
-0.01768
-0.15695
-0.10509
0.32294
0.10465
0.29738
0.06737
-0.01742
-0.1118
0.15298
-0.09508
-0.37516
0.0171
-0.03947
0.11929
0.07712
0.02229
0.10933
0.24921
0.25178
0.20939
-0.12725
0.05575
-0.32495
0.2304
0.50219
-0.21026
-0.14236
-0.72744
-1.34546
-0.39376
-0.27825
-0.36462
-1.36547
0.24622
-1.2238
-1.00932
-0.08258
0.07051
0.01858
0.26877
-0.34234
-0.32142
-1.63921
0.26503
0.67502
-0.24933
-0.57149
-0.97853
-0.57474
-0.0065
-0.18609
-1.03646
0.36649
-0.70935
-0.10549
-0.19081
0.7471
-0.97072
-1.76321
-0.3343
0.43042
0.16117
-1.75739
-0.87926
-0.47851
-0.35885
0.13028
-0.3008
-0.20979
-0.34344
0.4242
-0.41396
-1.37848
-0.72302
0.29795
-1.56509
-0.38544
-0.63597
0.35854
-2.00501
-0.11851
-0.019
0.10584
-0.03132
-1.43496
0.13915
-0.05763
-0.29223
0.49694
0.43995
-0.37305
-0.31291
-0.62073
-0.00158
-1.2533
-0.38765
-0.89914
-1.27508
-0.18297
0.22846
-0.49008
-0.18902
-0.95385
-1.28791
-0.38325
-0.29516
-1.23919
0.32437
-0.7415
-0.05619
-0.74458
-0.37666
-1.01738
0.09506
-0.31977
-0.25978
-1.43199
0.27936
-0.74069
-0.37777
-0.52517
0.75167
-0.54406
-0.73823
-1.43673
-1.80902
-0.87133
-0.04367
-1.42835
-1.09874
-0.28174
-1.44473
-1.48199
-0.39853
-1.10136
-0.93532
0.46519
-0.31819
-0.23332
-0.7961
0.27277
-1.41427
-0.36479
-0.40998
-1.0335
-0.24723
-0.24525
0.76866
-0.35837
-0.61851
-0.77241
-0.75701
-0.64785
-0.45349
0.3802
-0.00494
0.12278
-1.22938
-0.35496
-1.59822
0.02954
-1.07451
-0.48252
-0.91545
-0.56517
-1.03972
0.08297
-0.32003
-0.91622
0.23358
-0.33923
-0.4525
-0.18215
-0.39276
-1.24706
-0.66104
-0.45927
-0.31334
-0.70932
-0.77282
-0.76808
-0.07444
-0.81036
0.5469
-0.07256
-1.47286
-0.22632
-0.45215
0.28568
0.14342
-0.61965
-1.74779
-0.29225
0.06398
-1.84901
-0.89805
-0.90197
0.16643
-1.47799
-0.86358
0.00325
-0.81361
0.0636
-1.4393
-0.08491
-1.68433
-0.44702
-0.39077
-0.9932
-0.64977
-0.14314
-1.14277
-0.86646
-0.40327
-0.30678
-0.80377
-0.90315
-1.61122
-0.44842
-0.86489
-0.29651
-0.55843
-1.33764
-0.2502
-0.79703
0.13712
-2.64608
-2.63413
-0.5
0.13592
0.04554
-0.5
-1.85808
-1.33727
-1.39399
0.3717
-0.92136
-0.87749
-1.74373
-1.23038
-0.96283
-1.41323
-0.42792
-1.58098
-0.9563
-1.18032
-1.20978
0.25085
-0.24716
-1.14234
-0.45275
-1.50333
-0.21148
0.16878
-1.5066
-1.45578
-1.50223
-1.34354
0.41827
-0.18216
-1.26631
0.11694
0.24215
-0.20331
-1.66627
-1.34902
-1.23359
-0.63305
-0.54042
-0.54345
-2.07171
-1.26492
-1.04533
-0.46303
-1.78941
-1.8759
-0.98032
0.31279
0.49377
0.34149
0.50022
-1.76111
-0.20153
-1.73521
-1.27115
-1.39072
-0.84072
-1.28434
-0.96261
-0.01867
-0.35105
-1.16561
0.15637
-2.51276
-1.69172
-0.09277
-1.05704
-0.96577
-0.78241
-0.19125
-0.41517
-0.25402
-0.6286
-0.45125
-0.2812
-0.27688
-2.38068
-0.91226
-1.84673
-0.18478
-0.50493
-0.86301
-1.35948
-0.55187
0.69632
-1.04479
-1.78685
0.37291
0.5608
-0.2341
-0.1561
-0.64895
-1.38404
-0.10721
-0.32745
0.25418
-0.94726
-1.67474
-1.09361
0.60086
-0.04771
-0.51071
0.08089
-0.01918
0.15082
0.26988
-0.85772
-0.48315
0.36668
-0.49989
-0.1469
-1.38707
-0.64799
-1.02734
-0.25575
0.09092
-1.21736
0.1864
-1.12272
-1.26794
-0.7413
-0.04447
0.91002
-0.68527
-0.29442
0.55276
-1.05093
-1.26885
-0.68082
-1.94947
-0.90324
-0.89566
0.42907
-1.97318
0.01006
0.60163
0.41691
-1.35374
0.17598
-1.3783
-1.98588
-0.27909
-0.20219
-2.10735
-1.44381
0.04205
-1.24828
-0.03912
-2.14082
-1.57787
-1.14461
-0.0746
0.03964
0.26126
-1.70737
-1.64766
-0.60478
-1.5949
0.7791
-0.3392
0.18615
0.07392
-2.27311
-0.74976
-0.46613
-1.21059
-1.17913
-1.49925
-0.93636
-0.05431
-1.70819
-1.98193
-0.16241
-0.43204
-1.25082
-0.31482
-0.76661
-1.28838
0.55337
-1.18436
-0.92254
-0.48339
-0.66176
-0.351
-2.36778
-0.36132
-0.15237
-0.78283
0.09123
-0.48651
0.28052
-0.62082
0.42767
0.76183
-1.69472
-0.17034
-0.54847
-1.17891
-1.34806
-1.28742
-1.83158
-1.4995
0.53716
-0.36669
-0.61074
0.00765
-0.03936
-1.38596
0.19768
-0.39501
-0.65935
0.32926
-0.31571
-0.48019
-1.52224
-1.13404
0.65373
0.63116
-0.16588
-0.24157
-2.32818
0.16216
0.82437
-1.44834
-1.52986
-0.2546
-1.04647
-0.85779
0.46843
-1.51771
0.32481
-1.36853
-1.31341
0.34364
-1.69658
0.15015
0.50636
-1.41538
-1.7388
0.25281
-1.2212
-1.8697
-0.7771
0.05906
-0.7779
-2.46903
-1.13126
-0.54022
-1.70906
-1.78541
-0.90037
-0.9467
-1.12775
-0.49511
-1.34535
-2.11808
-2.63042
-1.58598
-1.08974
-0.71638
0.4666
-0.31369
0.07839
-1.38566
-1.52468
-0.23341
-0.9764
-1.06839
-0.24395
0.29765
0.12353
-0.2601
0.0599
-1.02137
0.25123
-1.71155
-0.81731
-0.5
-0.10682
-0.19722
-0.24428
0.50422
-2.12636
-1.25288
-0.16832
-2.18364
-0.23552
-1.07049
0.24154
0.12223
-0.5
-0.13873
0.09574
-0.73501
0.56632
-1.70827
-0.37027
-1.11987
-1.3419
0.23138
-0.5
-2.28478
-0.56989
-0.29848
-0.98309
-2.49771
0.28904
-1.59782
-1.57552
-0.5
0.10458
-1.22593
-1.00899
-1.07326
-0.29598
-0.5
0.41704
-0.45469
0.21372
-0.2881
-2.03994
0.04773
-0.51764
-1.53526
-0.66861
-0.5
-0.97239
-0.5
-0.72021
-1.01789
-0.90538
-0.93561
-0.97513
-1.32913
-0.5676
-0.70629
0.10865
-0.60335
-0.73963
-0.37249
0.20489
-0.35658
-0.00988
-1.8897
-1.53192
0.2737
-2.76832
-1.35827
-0.79986
0.28218
-1.24078
-0.99538
-1.08073
-2.21938
0.335
0.54418
-0.20181
-1.39621
-1.55979
-0.05898
-0.27422
-1.64177
0.16081
-1.201
-1.53268
0.03747
-1.41452
0.05757
-0.5
-0.40733
-0.40292
-1.06946
-0.10364
-0.65808
-0.44103
-0.04652
-0.62332
-1.83357
0.61421
-0.5
-0.91407
-0.00599
-0.16585
-0.98859
-1.52514
-0.42245
-0.68951
-1.22932
-0.68729
-1.86407
-2.51119
-1.01222
0.02673
0.21797
-0.60412
-0.60023
-1.50482
-0.94023
-0.93712
-0.31203
-1.85552
-0.55189
-1.23093
-0.74086
-1.07079
-1.5419
0.31628
-1.74954
0.04028
-0.94891
-3.25071
-0.59493
0.29325
-0.10631
-1.53641
-0.46557
-1.58241
0.19198
-1.07822
-0.82881
0.61699
-1.57167
0.08221
0.4529
0.33519
-0.26599
0.49043
-1.12191
-6.05425
0.64819
0.88182
-1.41927
0.89572
0.04261
-0.38204
-1.60086
0.12313
-0.59073
-0.34014
0.271
-1.34722
-0.32713
-0.55213
-0.09189
-0.19094
-0.34508
0.05338
0.25405
-0.68525
0.2237
0.4615
0.42551
-1.25035
-0.04284
-1.10749
-0.18754
-1.63945
0.50658
-0.91883
-0.84558
-2.2042
-1.37504
-0.29768
0.24859
0.31514
-0.02017
-1.26075
-1.037
0.66945
-0.63338
-2.36451
-0.92954
-1.62077
-0.46007
0.95471
0.22968
-0.23405
-1.18098
-0.62467
-0.62757
-0.80611
-0.43575
-1.07906
-0.02471
-0.96803
-0.32262
-0.81006
-0.35561
-1.17813
-1.71943
-0.68051
-1.00322
0.2121
-1.57321
0.02187
-0.4471
-0.23768
-1.34856
0.19901
-1.05465
0.16526
-0.70347
-2.38678
-2.06949
-0.84492
-0.10618
-1.26889
0.65987
-1.67361
-0.57153
-0.5
-1.37964
-0.0364
-1.49957
0.08637
-1.27222
-0.08446
-1.6022
0.19696
0.27938
-1.65497
-0.11567
-1.22044
-0.72592
-0.57791
-0.82522
0.40375
0.64375
-0.03074
-1.78394
0.90091
-0.15852
-1.13914
0.45878
-0.18236
-1.7108
-1.31597
-1.47375
0.15785
-0.61151
-1.07846
0.27279
-0.5485
-1.39452
0.03844
0.76548
-1.28631
-0.2351
-0.03863
-0.64588
0.02254
-0.79657
-0.20104
-1.27382
0.2665
-0.66137
-0.5
-1.94801
-0.97637
-1.1476
-1.36756
-0.6245
0.07456
-0.02255
-0.3693
-1.90614
0.22493
-1.80499
-1.35289
-0.66407
0.30596
-0.43302
-0.5
-1.94996
-0.32727
-1.75437
-0.6406
-0.77611
-0.983
-1.04134
-0.62972
0.10867
-1.26933
0.50222
0.68104
0.57096
-0.23313
-1.1719
-0.52862
-1.50316
-0.61843
0.20713
0.13224
0.12034
0.1858
-0.06715
0.41263
-0.02009
0.34108
-0.38434
-0.07634
-0.08991
0.48765
0.37501
-0.24445
0.46796
-0.05572
-0.10135
0.0329
0.07912
0.51687
-0.08243
0.02683
0.09706
0.04952
0.43877
0.31401
-0.20422
0.26815
0.00619
-0.07764
0.32601
0.51519
-0.24894
0.2001
0.14336
0.25632
0.21835
-0.36476
0.19293
0.53791
0.66723
0.06434
-0.06375
-0.08055
0.14291
0.43724
-0.07165
0.34963
0.07035
0.0756
0.63576
-0.16304
-0.4403
0.37237
0.05889
0.24391
-0.03666
-0.0266
0.36143
0.22382
0.10396
0.06523
-0.2473
0.22557
-0.00124
-0.45981
-0.24957
0.06756
-0.11956
0.2607
0.29144
0.16271
-0.17868
-0.23807
-0.11202
0.23822
0.02926
-0.04796
0.24912
-0.31933
-0.12665
0.13319
0.41894
-0.23984
-0.12136
-0.01105
0.02207
-0.46066
0.23499
-0.14295
0.36537
-0.21729
-0.05228
0.13928
0.13041
-0.16396
0.18349
-0.24545
0.07795
0.07407
-0.67746
-0.26059
-0.0933
0.22789
0.17198
-0.02399
0.16046
-0.06542
0.05099
0.22933
0.05605
0.00096
0.29221
-0.06998
0.13518
-0.20613
0.41015
-0.02215
-0.23803
0.06216
-0.32346
0.01534
0.42407
0.19277
-0.02196
0.21236
-0.29394
0.09304
-0.2791
-0.17786
0.4195
-0.15538
0.14784
0.13413
0.19955
0.47347
-0.05246
0.1768
0.08674
0.2616
0.75039
0.41165
-0.10607
0.28902
-0.13142
0.1921
-0.15585
0.09516
0.08068
0.09649
0.26509
-0.29432
0.27409
0.07181
0.27971
0.11697
-0.11509
-0.11587
0.06856
0.06726
0.34431
-0.19135
-0.00626
0.27506
0.09043
0.38821
-0.0139
-0.17013
-0.14606
-0.02086
-0.23923
0.07507
0.05809
0.20075
0.21703
0.16255
-0.1037
0.05575
0.33644
0.01856
0.47547
0.02675
0.05205
-0.14622
0.09595
-0.15802
0.05212
-0.16534
0.2104
0.18901
0.45191
0.32333
0.30866
0.20219
0.615
0.48429
-0.40158
0.2253
0.28052
-0.41493
-0.14998
-0.45452
-0.15531
0.07817
-0.75141
0.02365
0.45034
-0.12743
-0.06608
0.08008
0.18654
0.21235
-0.04088
-0.20312
-0.77583
0.4746
0.20377
0.36317
0.07656
0.29867
-0.27457
-0.04404
0.26787
-0.25836
0.42584
0.21348
0.00467
-0.20842
0.06068
0.32926
0.46442
0.58391
0.12143
-0.0341
0.6287
0.25527
0.21962
0.03069
0.21718
0.0249
0.41598
0.24123
0.05756
0.04325
0.15406
-0.31785
0.28692
0.1683
0.51519
0.10387
-0.1513
-0.1176
0.09153
-0.05819
-0.2141
0.51733
-0.15241
0.01082
0.06188
0.38295
0.25813
0.15821
0.58021
0.16209
0.08854
0.4327
-0.09203
-0.48214
0.11582
-0.21448
-0.01423
0.07607
0.15143
-0.20319
-0.10568
0.17246
0.08583
-0.38924
0.22894
-0.10871
-0.21331
0.04971
0.44459
-0.57658
0.07476
0.09443
0.06756
-0.00521
-0.1335
0.04426
-0.2688
0.49756
0.1892
0.14651
-0.0239
0.23035
-0.00964
0.04122
0.05155
0.19022
0.2288
0.10177
-0.13908
0.04174
-0.20296
0.16571
-0.07357
0.25677
0.04685
0.43557
0.39459
-0.03782
-0.20543
-0.03477
-0.46475
-0.30285
-0.41038
0.00276
0.46437
0.25874
0.08383
-0.44316
-0.35703
0.16554
0.10133
0.24674
-0.09877
0.21108
-0.22823
0.35297
0.05184
0.18633
0.02496
0.08608
0.73076
-0.15177
0.1279
-0.50557
0.08763
-0.32788
-0.39343
-0.14359
0.47254
0.0313
0.04879
-0.61245
-0.53843
-0.01339
-0.06052
0.20963
0.05278
0.4453
-0.15989
-0.5707
-0.25836
0.17515
0.88501
-0.09453
0.24344
-0.21758
-0.36658
-0.43876
0.14371
0.16187
0.24543
0.16488
0.5678
-0.08325
-0.31223
-0.10144
-0.05597
0.13777
-0.29792
-0.13489
0.59096
0.07539
0.31678
-0.14344
0.09163
-0.18045
0.02162
-0.57841
0.41386
0.2946
-0.01308
0.7357
-0.06339
0.27206
0.27292
-0.3284
0.04782
0.12275
0.04952
-0.04411
-0.05329
0.06209
0.30129
0.17773
-0.06147
0.33652
-0.10067
-0.1367
0.04469
-0.01459
-0.51987
0.10746
-0.10447
0.45576
0.44849
0.05934
-0.53929
0.09856
-0.05683
-0.24235
0.37927
0.10221
-0.05679
0.2376
-0.17515
-0.15492
0.22655
0.11582
-0.21474
-0.59328
-0.06581
0.25431
-0.0728
-0.10989
0.34713
-0.05343
0.0799
-0.48689
0.15492
-0.19893
0.27938
0.29585
0.56153
0.36058
0.1564
-0.27243
0.39229
0.03048
0.31614
-0.69886
-0.05056
-0.42617
-0.14196
0.08797
0.08574
-0.07782
-0.40655
-0.33453
-0.19825
0.12915
-0.61488
0.06839
0.52482
-0.15747
-0.58033
0.32698
0.77862
0.33954
0.09595
0.07923
-0.03978
0.12225
-0.30895
0.23857
0.36965
-0.18954
0.18583
-0.24379
0.31651
-0.00332
0.28723
-0.37154
0.34782
0.00874
0.08757
0.00745
-0.36425
0.0917
-0.09917
-0.59281
0.12089
0.37437
0.02543
-0.03214
-0.07091
0.38616
-0.04211
0.41292
-0.05884
0.06902
0.01198
0.62772
-0.06235
-0.25413
-0.39506
-0.07481
-0.03676
0.31771
0.10703
0.00115
-0.08344
0.25474
0.07316
-0.0667
0.08218
-0.27508
-0.00262
-0.00715
0.56393
0.49974
-0.40914
0.01438
0.06862
0.2018
0.06471
0.04673
-0.34992
0.6182
0.18532
0.1482
0.18799
-0.38178
0.18263
-0.2107
0.25077
-0.30392
0.35546
-0.21131
-0.13862
0.24702
0.13687
0.07298
0.28569
0.27329
0.46406
-0.28941
0.01993
-0.18444
0.10071
0.01192
0.28039
-0.10994
0.52046
0.45073
-0.14274
0.89613
0.05966
0.19816
-0.05245
0.18223
-0.01783
0.16251
0.04127
0.41945
0.37343
-0.23289
0.11111
0.23683
0.05439
-0.09041
-0.32137
-0.24006
-0.28527
0.38139
-0.05003
0.03879
0.36579
0.29305
0.24052
0.06638
0.08527
0.07288
-0.30063
0.12465
0.30093
0.46259
0.05792
0.12604
-1.17219
0.30978
0.06364
0.0265
0.16802
-0.23854
-0.15008
0.12858
0.14414
0.48521
-0.13626
0.13338
-0.24046
0.09362
-0.08088
-0.0191
0.33643
0.28923
0.05158
0.42835
0.38642
-0.3533
0.14416
-1.63384
0.41468
0.9739
-0.21954
-0.85206
-1.33123
-1.20643
-0.00962
0.11335
-0.29216
-0.33961
0.02655
-0.39432
-1.23146
-1.37141
-0.70327
-0.63474
0.18962
-0.03222
0.00999
0.24841
-1.78425
0.36294
0.57483
0.00724
-1.08835
-0.46751
0.29086
-1.6175
-2.67267
-0.20978
0.12487
-0.5
-0.43732
-1.32143
0.44039
0.25592
0.44646
0.42849
-1.66329
0.14888
-0.92082
-0.66383
-0.25918
-0.04017
0.25767
-0.08756
-0.03612
-0.22076
-0.50007
-1.27865
0.84922
-1.03478
-0.94196
0.38397
-0.41016
-0.02513
-0.8287
-1.25466
-1.10366
-1.25298
-1.14621
0.23716
0.46635
-0.40341
-1.49587
0.54786
-0.02463
0.35308
0.14172
0.4064
-0.11693
-0.08793
0.0597
0.43548
0.43812
0.04079
-0.61639
-0.53604
0.42915
-0.5107
-1.29605
0.58832
-0.33713
-1.02191
-0.11569
0.7857
0.04876
0.30112
-1.2018
-0.24277
-1.08087
-0.11898
0.38554
0.36613
-1.17684
-0.5133
-0.51082
0.31456
-0.20517
0.21464
-0.18334
0.20828
-1.79828
-1.33377
-0.20911
-1.79673
0.42714
-0.33588
-0.93539
-0.96435
-2.55222
0.40543
-0.08843
0.2383
-1.54521
-0.18638
-0.18268
-0.91061
-1.2447
-0.63976
0.80499
0.17939
0.37061
-2.53126
0.45965
-1.35501
-1.11582
-1.08706
0.23011
-0.38555
0.46807
-0.053
0.69842
-0.3248
-1.59077
-1.34051
-0.86782
-0.60562
-0.16925
-0.13831
0.13984
-0.71347
-0.73904
-1.62312
-0.25144
-0.51387
-0.99408
0.27922
-0.38727
-1.04209
-0.5
-0.28663
-0.99962
-0.33364
-0.72166
0.10493
-1.18944
-0.2534
-0.50707
-0.21522
-1.42501
0.03967
0.14411
0.18613
-0.79067
0.26951
-1.49789
0.20761
-1.09969
0.59997
-0.50798
0.62597
0.04486
-0.08315
-0.57929
-1.73522
0.04798
-0.21148
-0.51209
0.1556
-0.08885
0.50735
-1.70055
-0.89883
0.08211
-0.32064
-0.52596
0.57942
0.07757
0.45775
-1.23769
-0.52802
-2.32245
-0.12457
-1.301
-0.89458
-0.21161
0.23313
-1.38267
-1.40495
-1.75835
0.59168
0.19042
-1.2134
-0.55321
0.43848
-1.24247
0.25511
-0.97524
0.34445
-0.93405
-1.19137
-0.11787
0.17216
-0.64462
-1.72065
0.21139
-0.27193
-1.02546
-1.06758
-1.52475
0.14956
-0.65102
-1.43929
-1.1807
-0.55187
-0.21483
-0.18581
-1.56454
-0.14108
-0.58242
-0.93471
-1.8782
0.47181
-1.03005
-0.45872
-0.12509
0.37016
0.24598
-0.03234
-1.10522
-0.55504
-1.53967
-2.33763
-0.31536
0.12079
-1.15569
-1.51178
-1.53984
-0.5628
-0.87958
-1.03116
-0.59049
-0.46121
0.44504
-0.73205
-1.25104
-0.08841
-0.37969
-0.03654
0.5293
0.01992
-1.85972
-0.75215
0.49703
-1.24757
-1.3271
-3.63824
0.47072
-1.07887
-0.80978
0.27677
0.33327
-0.67651
0.56419
-0.85371
-0.5
0.39314
-0.20641
0.02636
-1.86643
-1.55571
0.33687
-0.99051
-0.4202
-0.89559
-1.43321
-0.70441
0.71862
-0.26773
-0.10746
-0.37889
-0.41268
-1.70866
-1.01029
-0.80437
-0.88314
-0.0608
-2.30375
-1.00653
-1.0124
0.00171
-0.36221
-1.04058
-0.56786
-0.78883
-1.05775
-0.50198
-1.20145
-1.74158
0.80634
-1.1947
-1.41189
-1.40898
0.26603
0.62671
0.18505
-0.93846
0.0932
0.22054
0.41993
-0.10795
-0.95252
-0.5
0.35194
-0.5
-0.92147
-1.38454
0.27008
-0.97294
-0.5
-0.99425
-1.09877
0.71211
-1.0535
-0.25487
0.1804
-0.39931
0.39931
0.37904
0.00998
-0.71816
-0.30688
0.72774
-1.78292
-2.24198
0.70772
-0.5
-1.70336
-0.27602
-0.39945
0.24572
-1.30923
-0.52564
-0.42759
-0.27585
-1.066
0.30263
-1.34218
-0.17501
-1.06969
-0.21221
-0.5
-2.15162
-1.39531
-0.01246
-0.42683
-0.92794
-0.51058
-0.54892
0.34673
-0.43697
0.32058
-2.3881
-0.86137
-0.53575
-1.96088
0.46264
-0.79636
0.1961
0.09949
-1.42017
-1.3445
-0.5
-1.33871
-8.0543
-0.63707
-0.78361
-0.35515
0.11425
-0.5
-0.19354
0.26172
-0.13886
-1.26093
0.24324
-0.47463
-0.92462
-0.14559
0.71406
-0.45357
-1.30137
-0.19868
-0.72586
-0.22589
0.07113
-0.5
0.26375
-1.36928
0.044
0.33136
-0.95618
0.28802
-0.70881
-0.5
-0.78489
-0.00997
-2.49195
0.32543
-1.51166
-0.5
-0.25844
-0.59369
0.30983
-0.21424
-0.25853
-0.73466
-0.07173
-0.42498
-0.69732
0.38777
-0.21741
0.12341
0.1602
-1.30253
-0.81358
0.16104
0.3182
-0.29052
0.43319
-0.69778
0.34006
-0.04779
0.75995
-0.68264
0.23814
0.09545
0.58794
0.21008
-0.63619
-0.53471
-0.25151
-0.52825
0.45297
-2.49693
-0.85174
0.45994
-0.10204
0.09196
-2.58883
-0.88272
-0.93745
-1.35849
-0.65802
-0.25512
-1.12455
-1.0674
0.59915
-0.16585
0.3758
-0.37572
-0.5
0.79449
-0.63064
-0.05636
0.17598
0.18092
-1.06442
0.50212
-0.96503
0.18463
-0.88577
-1.55533
-0.1548
0.54747
-1.17337
0.29448
0.27027
-1.33399
-0.29469
-0.75026
0.68124
0.66443
0.44645
-1.36302
-0.12789
0.4647
-0.47708
0.41665
-0.74984
-0.68478
0.28595
-2.21626
-2.46127
-1.6159
-0.99125
0.31391
0.12638
-0.81576
0.16629
-0.93375
-1.08312
-2.37052
-0.5354
-1.70884
0.19662
-0.1167
-0.45467
-1.27519
-1.06936
-0.10032
-2.3539
-0.22804
-1.11014
-0.49395
0.58927
-0.82665
0.43084
0.33982
-0.59714
0.1387
-0.69852
-0.98336
0.22476
-0.60647
-0.5
0.12616
-0.13381
-2.48087
-0.7437
-0.591
-1.24981
-0.5
-0.05953
-0.5
0.0795
-1.1235
-0.90118
0.44554
0.39373
0.09543
-1.53489
-1.4079
0.21825
-2.85935
0.69792
0.09671
0.03776
-1.40832
-0.50218
0.58135
-0.08621
-1.32102
-0.86023
0.1805
-1.56516
-0.35041
-1.27094
-0.34791
0.09709
0.25053
-0.42227
-0.6509
0.19366
-0.05909
0.37576
0.64301
-1.28457
0.66647
-1.99848
-1.57084
-0.86345
-0.30648
-0.11256
0.37738
0.10426
0.11624
-0.69848
-0.45296
-0.59292
0.10568
-1.52303
0.25293
-0.11996
0.11851
0.41373
0.4221
0.38605
0.34986
0.37509
0.40888
0.53037
0.0614
0.16705
0.44379
0.33395
0.11771
0.31946
0.0438
0.53631
0.63657
0.39498
0.49636
0.3725
0.53335
0.17809
0.34305
0.49475
0.50799
0.49232
0.27184
0.48012
0.43604
0.21015
0.17031
0.56326
0.42666
0.48908
0.5598
0.18348
0.56711
0.37145
0.20912
0.5431
0.19989
0.3673
0.34612
0.39157
0.29314
0.29094
0.25272
0.19524
0.29618
0.48855
0.17384
0.19908
0.28031
0.41612
0.34578
0.29046
0.46471
0.44557
0.17681
0.27697
0.2509
0.68359
0.39908
0.28185
0.21706
0.21456
0.44483
0.29572
0.81605
0.43597
0.27736
0.13088
0.24577
0.18522
0.3343
0.46259
0.33032
0.59061
0.42485
0.20883
0.30713
0.09205
0.39263
0.29246
0.4043
0.29103
0.24067
0.50183
0.49925
-0.037
0.29789
0.35806
0.52737
0.52714
0.24499
0.43732
0.32899
0.27563
0.05022
0.36476
0.52458
0.30126
0.21401
0.35484
0.30174
0.26695
0.4279
0.26704
0.40325
0.40802
0.44043
0.20176
-0.04981
-0.08385
0.51937
0.51509
0.30054
0.12812
0.37723
0.31567
0.28348
0.41839
0.43125
0.11891
0.38495
0.82954
0.25929
0.44213
0.15184
0.3241
0.3411
0.51545
0.39435
0.31123
0.23752
0.50899
0.20551
0.26365
0.51532
0.05002
0.48561
0.08489
0.26766
0.46041
0.5739
0.50533
0.3012
0.44983
0.32089
0.06776
0.83463
0.40953
0.25509
0.46007
0.38486
0.27032
0.34979
0.17842
0.14552
0.35488
0.41139
0.31339
0.48575
0.41732
0.25671
0.42888
0.46708
0.40172
0.43367
0.29397
0.23597
0.42995
0.26451
0.27197
0.40687
0.22474
0.11772
0.2689
0.49977
0.10203
0.34689
0.24613
0.00101
0.48747
0.55647
0.4059
0.21986
0.45344
0.15782
0.30303
0.539
0.34566
0.47744
0.30819
0.33258
0.20838
0.35856
0.39338
0.5966
0.4029
0.22773
0.2711
0.19556
0.17968
0.39142
0.17177
0.07464
0.45796
0.40512
0.32001
0.60418
0.3879
0.52237
0.31551
0.43087
0.16437
0.45275
0.09924
0.29708
-0.34457
0.27514
0.24537
0.30461
0.38647
0.06643
0.33156
0.70125
0.27741
0.14689
0.14258
0.43187
0.36479
0.34435
0.38382
0.48636
0.23935
0.65057
0.28199
0.29659
0.40126
0.16832
0.34011
0.16482
0.54173
0.65182
0.43044
0.18126
0.57144
0.29928
0.22074
0.26604
0.51205
0.39638
0.33736
0.4335
0.18278
0.53144
0.63767
0.53557
0.13412
0.27926
0.46488
0.12829
0.34716
0.23955
0.3799
0.36834
0.16395
0.03079
0.42578
0.31279
0.52163
0.37995
0.22835
0.27753
0.26469
0.14934
0.18059
-0.00882
0.26759
0.09323
0.40633
0.50625
0.31601
0.28615
0.11459
0.56256
0.06747
0.42205
0.1982
0.40958
0.08712
0.47752
0.5056
0.42055
0.17898
0.24266
0.42638
0.47376
0.40248
0.34228
0.27541
0.28202
0.66559
0.47237
0.48442
0.2045
0.2471
0.5257
0.08113
0.21348
0.27341
0.25144
0.2837
0.07151
0.10387
0.57699
0.13361
0.24182
0.20508
0.31361
0.15838
0.19342
0.41103
0.42265
0.30075
0.3651
-0.31142
0.10285
0.3213
0.26174
0.09871
0.57238
-0.00401
0.43017
0.36916
0.13369
0.31977
0.53374
0.49047
0.24185
0.16731
0.2489
0.33369
0.43881
0.36125
0.40492
0.1829
0.36696
0.12831
0.75951
0.2646
0.28487
0.37541
0.41556
0.06107
0.21725
0.40929
0.5049
0.13555
0.45722
0.28026
-0.23626
0.45816
0.48996
0.3404
0.34419
0.13628
0.48755
0.41763
0.30012
0.15427
0.19919
0.5877
0.48646
0.37346
0.12001
0.13329
0.37183
0.42346
0.47144
0.34647
0.02299
0.29515
0.2563
0.51353
0.34626
0.21401
0.19117
0.14168
0.05764
0.39091
0.29961
0.48368
0.59974
0.22081
0.41421
0.33499
0.542
0.19286
0.3869
0.12536
0.07483
0.2531
0.2268
0.30021
-0.05909
0.17365
0.08867
0.05864
0.12028
0.27923
0.30227
0.1359
0.26159
0.53989
0.22376
0.04964
0.15166
0.27826
-0.18659
0.34594
0.22887
0.07905
0.20925
0.15529
0.28994
0.24966
0.31603
0.02032
0.09803
0.02512
0.24412
0.27814
0.42882
0.49105
0.30685
0.20487
0.43646
0.2659
0.17322
0.41938
0.22737
0.18274
0.09808
0.45155
0.18383
0.55169
0.00955
0.31743
-0.25312
0.43361
0.11155
0.16901
-0.04543
0.03645
0.67646
0.21053
0.26809
0.46314
0.46187
0.29099
0.17386
0.59784
0.1224
-0.08974
0.28854
0.49395
0.00583
0.61652
0.11657
0.38199
0.0307
0.48012
0.10325
0.31715
0.58512
0.18263
0.22277
0.19503
0.09297
0.29268
-0.00536
0.1257
0.39092
0.27807
0.1729
0.22935
0.29139
0.22477
0.0886
0.07332
0.54949
0.13214
0.62088
-0.11457
0.24997
0.43552
-0.12436
0.03636
0.21662
0.05525
0.09912
-0.15272
0.06666
0.255
-0.03578
0.44282
-0.08003
0.09586
0.05053
0.11705
-0.0586
0.08051
0.25429
0.21832
0.30859
0.12
0.22538
0.11848
0.23849
0.35715
0.04975
0.01965
0.46697
0.32611
0.41472
0.16671
0.19807
0.79436
0.34028
0.18447
0.4051
0.30208
0.39622
0.3424
0.16973
0.2448
0.06887
0.0677
0.18366
0.44425
0.32989
0.07309
0.28316
0.15367
0.48287
0.57287
0.12349
0.07777
0.46978
0.13543
0.32628
0.26716
0.25811
-0.12525
0.08163
0.04981
0.19477
0.03686
-0.11918
0.21008
-0.05581
0.21164
0.17353
0.23637
0.279
0.21961
0.33685
0.21548
0.01045
0.26984
0.1611
0.32499
0.14508
0.28904
0.1862
0.3148
-0.0019
-0.02365
0.18061
0.27089
-0.20991
0.08244
0.39021
-0.04381
0.24697
0.28314
0.24372
0.19468
0.14609
-0.14534
0.33776
0.11497
0.21458
-0.13245
-0.00133
-0.02841
0.0886
0.31015
0.29678
