-0.5
-0.5
-0.5
-0.5
-0.5
-2.43377
-0.5
-0.5
-0.5
-0.5
-0.17424
-0.5
-0.5
-0.5
-0.5
-0.5
-0.5
-0.5
-0.5
-0.5
-0.5
-0.5
-0.5
-0.5
-0.5
-0.5
-0.5
-0.5
-0.5
-0.5
-0.5
-0.5
-0.5
-0.5
0.2331
-0.5
-0.5
-3.18666
-0.5
-0.5
-0.5
-0.5
-0.5
-0.5
-0.5
-0.5
-0.5
-0.5
-0.5
-0.5
-3.2603
-0.5
-0.5
-0.5
-0.5
-0.5
-0.5
-1.18163
-0.5
-0.5
-0.5
-0.5
-0.5
-5.4911
-0.5
-0.5
-0.5
-0.5
-0.5
-0.5
-0.5
-0.5
-0.5
-0.5
-0.5
-1.05998
-0.5
-0.5
-0.5
-0.5
-0.5
-0.5
-0.5
-0.5
-0.5
-0.5
-0.5
-0.5
-0.5
-0.5
-0.5
-0.5
-0.5
-0.5
-0.5
-0.94712
-0.5
-0.5
-0.3302
-0.5
-0.5
-0.5
-0.5
-0.5
-0.5
-0.5
-0.59419
-0.5
-0.5
-0.5
-0.5
-0.5
-0.5
-0.5
-0.5
-0.5
-0.5
-0.5
-0.5
-0.5
-0.5
-0.5
-0.5
-0.5
-0.5
-0.5
-0.5
-0.5
-0.5
-0.5
-0.5
-0.5
-0.5
-0.5
0.02733
-0.5
-1.4483
-0.5
-0.25816
-0.5
-0.5
-0.5
-0.5
-0.5
-0.5
-0.5
-0.5
-0.5
-0.5
-0.5
-0.31483
-0.5
-0.5
-0.5
-0.5
-0.5
-0.5
-0.5
-0.5
-0.5
-5.2787
-0.5
-0.5
-0.5
-0.27485
-0.35439
-0.5
-0.5
0.00527
-0.5
-0.5
-0.39593
-0.5
-0.5
-1.76009
-0.5
-0.5
-0.5
-0.5
-0.5
-0.5
-0.5
-0.5
-0.5
-0.5
-0.5
-0.5
-0.5
-0.5
-0.5
-0.5
-0.5
-0.5
-0.5
-0.5
-0.5
-0.5
-0.5
-0.5
-0.5
-0.5
-0.5
-0.5
-0.5
-0.5
-1.18371
-0.5
-0.5
-0.5
-0.5
-0.5
-0.5
-0.5
-0.5
-0.5
-0.5
-0.5
-0.5
-0.5
-0.5
-0.5
-0.5
-0.5
-0.5
-3.46638
-0.5
-0.5
-0.5
-0.5
-0.5
-0.5
-0.5
-0.5
-0.14768
-0.5
-0.5
-0.5
-0.5
-0.5
-0.5
-0.5
-0.5
-0.5
-0.5
-0.5
0.31348
-0.5
-0.5
-0.5
-0.5
-0.5
-0.5
-0.5
-0.5
-0.5
-0.5
-0.5
-0.5
-0.5
-0.79906
-0.5
-0.5
-0.5
-0.5
-1.2092
-0.5
-0.5
-0.5
-0.5
-0.35062
-0.5
-0.5
-0.5
-0.5
-0.5
-0.5
-0.5
-0.5
-0.5
-0.5
-0.5
-0.5
-0.5
-1.66594
-0.5
-0.5
-0.5
-0.5
-0.5
-0.5
-0.5
0.48083
-0.5
-0.5
-0.5
-0.5
-0.5
-0.5
-0.5
-0.5
-0.5
0.5757
-0.5
-0.5
-0.5
0.33868
-0.5
-0.5
-0.5
-0.5
-0.5
-0.5
-0.5
-0.5
0.66578
-0.5
-0.5
-0.5
-0.5
-0.5
-0.5
-0.5
-0.5
-0.5
-0.5
-0.5
-0.5
-0.5
-0.5
0.55322
-0.5
-0.5
-0.5
-0.5
-0.5
-0.5
-0.5
-0.5
-0.5
-0.5
-0.5
-0.5
-0.5
-1.4652
-0.5
-0.5
-0.5
-0.5
-0.5
-0.5
-0.5
-0.5
-0.5
-0.5
-0.5
-0.5
-0.5
-0.5
-0.5
-0.5
-0.5
-0.5
-0.5
-0.5
-0.5
-0.5
-0.5
-0.5
-0.5
-0.5
-0.5
-0.5
-0.5
-0.5
-0.5
-0.5
-0.5
-0.5
-0.5
-0.5
-0.5
-0.5
-0.5
-0.5
-0.5
-0.5
-0.5
-0.5
-0.5
-0.5
-0.84794
-0.5
-0.5
-0.5
-0.5
-0.5
-0.5
-0.5
-0.5
-0.5
-0.5
-0.5
-0.5
-0.5
-0.5
-0.5
-0.5
-0.5
-0.5
-0.5
-0.5
-0.5
-0.5
-0.5
-0.5
-0.5
-1.72319
-0.5
-0.5
-0.5
-0.5
-0.5
-0.5
-0.5
-0.24585
-0.5
-0.5
-0.5
-0.5
-0.5
-0.5
-0.5
-0.5
-0.5
-0.5
-0.5
-0.5
-0.5
-0.5
-0.5
-0.5
-0.5
-0.5
-0.5
-0.5
-0.5
-0.5
-0.5
-0.5
-0.5
-0.5
-0.5
-0.5
-0.5
-0.5
-0.5
-0.5
-0.5
-0.5
-0.5
-0.5
-0.5
-0.5
-0.5
-0.5
-0.5
-0.5
-0.5
-0.5
-0.5
-0.5
-0.5
-0.5
-0.5
-0.5
-0.5
-0.5
-0.5
-0.5
-0.5
-0.5
-0.5
-0.5
-0.5
-0.5
-0.5
-0.5
-0.5
-0.5
-0.5
-0.5
-0.5
-0.5
-0.5
-0.5
-0.5
-0.5
-0.5
-0.5
-0.5
-0.5
-0.5
-0.5
-0.5
-0.5
-0.5
-0.5
-0.5
-0.5
-0.5
-0.5
-0.5
-0.5
-0.5
-0.5
-0.5
-0.5
0.11857
-0.0686
0.23426
0.18419
-0.19881
0.61374
0.35045
-1.40102
0.19788
-0.06512
-0.509
0.24162
-0.05845
0.18863
-0.48291
-0.36385
-0.88659
0.33011
-0.50868
-0.45153
-0.303
0.44432
0.02086
0.29026
-1.50791
0.33169
0.25711
-0.43815
-0.62852
-0.54533
-0.74137
0.04524
-0.2523
-0.25273
0.44299
0.32878
-0.53604
0.56013
-0.32171
-1.34297
-0.25962
-0.58409
-0.84798
-0.07879
0.24063
-0.52053
0.81463
0.31466
-1.28771
-0.37272
-0.52572
-0.35469
0.22169
0.02059
-0.628
-0.32605
0.5049
-0.45538
-0.81993
-1.00115
-0.05467
-0.63635
0.05354
-0.61937
0.35937
0.61925
-0.55294
0.50832
-1.09171
-0.31825
-0.40707
0.42064
0.12133
-0.55581
0.24073
0.10048
0.02188
-0.17172
-0.34567
-0.46238
-0.74632
0.55552
0.27889
0.19601
0.1372
-0.72822
-0.10595
-0.72521
-0.01437
0.22812
0.14834
0.06105
-0.11442
-0.90278
-0.05721
-0.14397
-0.28489
-0.57531
0.23875
0.30298
-0.01121
0.03871
0.19498
-0.84098
0.51625
-0.08615
-0.57812
0.425
0.48418
-0.21493
-0.02485
-0.8251
-0.07219
-0.12293
0.04125
0.80107
-0.67934
-0.15027
-0.48862
0.29756
0.45461
-0.22555
-0.21233
0.1052
-0.2964
-1.06135
0.62161
-0.10498
-0.19933
-0.45404
-0.3014
-0.09266
-0.27401
-0.72844
-0.23337
0.30549
0.52492
0.08952
-0.56942
0.1435
-0.1519
-0.175
-0.15965
-0.03716
-0.185
0.06303
-0.67856
0.59952
-0.10957
0.09235
0.01331
-0.78334
0.04978
0.38668
-1.11478
-0.60305
-0.67881
0.2957
0.38888
0.767
-0.35871
0.34724
-0.17695
0.20569
-0.41984
0.32713
0.20704
-1.08252
-0.24075
0.46935
-0.59478
0.03733
-0.51797
-0.16684
-0.59242
-0.15532
0.7273
-0.33946
-0.98473
-0.14649
0.17449
-0.3544
0.18879
0.02411
-0.307
0.07022
0.36695
0.64468
-0.06595
-0.1433
0.2706
0.07481
0.04422
0.08615
0.37586
-1.0994
0.14909
0.03059
-0.19604
-0.25912
-0.12294
-0.58042
-0.56239
-0.14511
0.10207
0.15007
-0.15956
0.53308
-0.63939
-0.36953
-0.60991
-0.47506
0.19383
-0.29743
0.03402
-1.56426
-0.61266
0.12256
-0.77439
-0.08175
0.2351
0.11441
0.17598
-0.37697
0.2484
-0.4524
0.50811
-0.07422
0.12767
-0.61115
0.44581
0.08404
-0.10703
-0.21256
-0.45212
-0.17297
-0.86079
-0.26703
0.79804
-0.02053
-0.77052
-0.19088
0.04005
0.45511
-0.75338
-0.22561
-1.10206
0.30884
-0.37248
-0.66437
0.37559
-0.71716
-1.70261
-0.36794
-0.80613
-0.19677
0.58339
-1.27217
0.36004
-0.39691
-0.34886
-0.73299
-0.27616
-0.49657
0.80646
-0.41823
0.1216
-0.37587
-0.0649
-0.21071
0.06483
-0.14176
-0.42472
0.57563
-0.27239
-0.44751
-0.306
-0.31248
-0.05977
0.40515
0.7672
-0.67246
-0.45601
0.20127
0.01805
0.17063
-0.03893
-0.08501
-0.83112
0.16185
-0.82572
-0.17316
-0.68817
-0.11925
0.1641
0.40799
-0.3501
-0.0012
-0.12298
-0.44075
-0.47302
-0.5134
-0.81888
-0.36445
-0.25286
0.49831
0.37859
-0.19119
-0.73012
-1.42894
0.15738
-0.22748
0.03685
0.29329
-0.64887
0.73848
-0.47576
-1.20625
-0.49205
-1.0588
-0.92403
-0.54504
-0.34513
0.11803
-0.08183
-0.32913
0.16457
-1.61888
-1.20012
0.44091
0.66534
-0.59018
-0.17683
-1.12754
-0.61181
-0.24058
-0.2483
-0.4687
0.47494
0.22402
-0.37446
-0.50466
-0.10046
-0.08866
0.0455
-0.16812
0.25675
-0.18047
0.01888
-0.65919
0.73808
-1.0008
0.24553
0.27748
-0.83979
-0.08669
-0.49503
0.45472
-1.08045
0.46623
-0.46657
-0.29166
-0.16181
0.06817
0.15178
0.24979
0.06256
-1.23231
-0.54646
-0.29976
0.33814
-1.13483
0.05123
0.47414
0.25732
-0.07479
-0.08232
0.2588
-0.00201
0.06175
0.32252
-1.1013
0.27947
-0.24836
-1.22089
0.15768
-0.63986
-0.29798
-1.22977
-0.5382
-0.2776
-1.09773
-0.21424
-0.28921
-0.53883
-0.26866
0.13424
-0.40796
-0.31145
-0.63497
-0.5
-1.02526
-1.57881
-0.07199
-1.59122
-1.02652
0.10574
0.53917
-0.5
-1.20863
-1.99564
-1.14332
-1.5358
-1.29617
-0.37721
-0.34294
-0.68677
-1.26461
-1.20775
-1.55464
-1.9121
0.86339
-1.71915
-2.43476
0.24523
-2.3613
-1.81656
-0.41677
0.09271
-0.17683
0.30085
-2.42155
-2.0271
-0.62185
-0.59072
0.08391
-0.83056
-1.38958
-0.31996
-0.6089
-1.82401
0.28308
-2.05577
-1.15
-1.72323
-1.51391
-1.01586
0.26411
-0.3328
-0.69396
-1.11508
-0.5
0.02243
-0.44355
-0.67202
0.30391
-0.75909
-2.64111
0.30844
-0.5
-0.56353
-1.4632
-1.30992
-1.58361
-0.25043
-2.93722
-0.01654
-0.6819
0.01976
-0.47446
-0.19388
-1.68471
-1.12841
-1.99001
-0.5
-0.17214
-0.71434
-0.5
-1.11292
-0.00053
-0.87406
-2.84395
-1.77055
-0.04188
-1.50245
0.71026
0.28566
0.19104
-0.48418
-0.8982
-0.99793
0.27262
-0.86984
-0.5
-0.37721
-0.30668
0.15719
-0.67919
-0.5
-1.45937
-2.2096
-1.58751
-2.36357
-1.48719
-0.5
-1.88689
-0.15164
-0.5
0.49886
-1.78199
-0.48042
-1.56815
-0.56612
0.73402
-1.65916
-1.33478
-1.19234
-3.52444
-2.394
-0.5
-0.96578
-1.04507
-0.5
0.58993
-0.43921
-2.15046
-1.42663
-1.5543
-1.25939
-1.03031
0.10565
0.16436
-0.11649
-0.5
-0.89804
-1.15599
-1.62014
-1.32315
-0.03343
0.13608
-0.0343
-0.5
-0.46939
-0.83613
-1.11601
-1.60171
-2.86647
-1.18993
-1.45092
-0.5
-1.10717
0.00496
0.32567
0.04929
-0.5
-0.5
-1.10423
-2.63248
-1.25158
0.07239
-2.34067
-1.71264
-0.06614
-1.1894
-0.95814
-1.17802
-1.4169
-0.5
-0.27016
-0.5
-1.30572
-1.09069
-1.02418
-2.98732
-1.33863
-1.23011
-0.51488
-2.33934
-0.5
-1.42649
-2.05808
-2.03962
-0.04313
-0.5
-0.5
-1.64825
-1.93987
-1.1647
-1.16887
-0.5
-7.4126
-0.5
0.15599
-0.5
-1.79688
-0.61848
-0.5
0.07862
-1.72948
-1.37814
-0.61656
-0.5
-0.5
-1.16659
-0.5
-0.5
-0.5
-0.5
-0.5
-0.5
-0.5
-0.5
-1.60119
-0.5
-0.5
-0.5
-0.5
-0.5
-0.5
-0.5
-0.5
-0.5
-0.5
-0.5
-0.5
-0.5
-0.5
-0.7855
-0.5
-0.5
-0.5
-0.5
-0.5
-0.07037
-0.5
-0.5
-0.5
-0.5
-0.5
-0.5
-1.50809
-0.5
-0.5
-0.5
-0.5
-0.5
-0.5
-0.5
-0.5
-0.5
-0.5
-0.5
-0.5
-0.5
-0.5
-0.5
-0.5
-0.5
-0.5
-0.5
-2.19367
-0.5
-1.15463
-0.5
-0.5
-0.5
-0.5
0.03611
-0.5
-2.85641
-0.5
-0.50208
-0.5
-1.67033
-1.14125
-0.5
-0.5
-0.5
-0.5
-0.5
0.66972
-0.5
-0.5
-0.5
-0.5
-0.5
-0.5
-0.5
-0.5
-0.5
-0.5
-0.5
-0.5
-0.5
-0.5
-0.5
-2.78296
-0.5
-0.5
-0.5
-0.5
0.32246
-0.5
-0.5
-0.5
0.2298
-0.5
-0.5
-0.5
-0.5
-0.5
-0.5
-0.5
-0.5
-0.5
-0.5
-0.5
-0.5
-0.5
-3.30369
-0.5
-0.5
-0.5
-0.5
-0.5
-0.5
-0.5
-0.5
-0.5
-0.5
-0.5
-0.5
-0.5
-0.5
-2.08719
-0.5
-0.5
-0.5
-1.61098
-0.5
-0.5
-0.5
-0.5
-0.5
-0.5
-0.5
-0.5
-0.5
-0.5
-0.5
-0.5
-0.5
-0.5
-0.5
-0.5
-0.5
-0.5
-1.72557
-0.5
-0.5
-0.5
-0.5
-0.5
-0.74703
-0.5
-0.5
-0.5
-0.5
-0.5
-0.5
-0.5
-0.5
-0.15923
-0.5
-0.5
-0.5
-1.50351
-0.5
-0.5
-0.5
-0.5
-1.92002
-0.5
-0.5
-0.5
-0.5
-0.5
-0.5
-0.5
-0.52013
-0.5
-0.5
-0.5
-0.5
-0.5
-0.5
-0.5
-0.5
-0.5
-0.5
-0.5
-0.5
-0.5
-1.82782
-0.5
-0.1791
-1.25049
-0.5
-0.5
-0.5
-0.5
-0.5
-0.5
-0.5
-0.5
-1.68982
-0.5
-0.5
-0.5
-0.5
-0.5
-0.5
-0.5
-0.5
-0.5
-0.5
-0.5
-0.5
-0.5
-0.5
-0.5
-0.5
-1.40453
-1.55863
-0.5
-0.5
-0.5
-0.5
-0.5
-0.5
-0.5
-0.5
-0.5
-0.5
-0.5
-0.5
-0.5
-0.5
-1.46694
-0.5
-0.5
-0.37464
-0.5
-0.5
-0.5
-0.5
-0.5
-0.5
-0.5
-0.5
-0.5
-0.5
-0.5
-0.5
-0.5
-0.5
-0.5
-0.5
-0.5
-0.5
-0.5
-0.5
-0.5
-0.5
-0.5
-0.8311
-0.5
-0.5
-0.26167
-0.5
-0.5
-0.5
-0.5
-0.5
-0.48929
-0.28844
-0.5
-0.5
-0.5
-0.5
-0.5
-0.5
-7.77075
-0.5
-0.5
-0.5
-0.5
-0.5
-0.5
-0.5
-0.5
-0.5
-2.0682
-0.5
-0.5
-0.5
-0.5
-0.5
-0.5
-0.5
-0.5
-0.5
-0.5
-0.5
-2.83108
-0.5
-0.5
-0.5
-0.5
-0.5
-0.5
-0.5
-0.5
-0.5
-0.5
-0.5
-0.5
-0.5
0.23551
-0.5
-0.5
-0.5
-0.5
-0.5
-1.8023
-0.5
-0.5
-0.5
-0.5
-0.5
-1.2051
-1.47456
-0.5
-0.5
-0.5
-0.5
-0.5
-0.5
-0.5
-0.5
-0.5
-0.5
-0.5
-0.5
-1.10676
-0.5
-0.5
-0.5
-0.5
-0.5
-0.5
-0.5
-0.5
-0.5
-0.5
-0.5
-0.5
-0.5
-0.5
-0.5
-0.5
-0.5
-0.5
-0.5
-0.5
-0.5
-0.5
-0.5
-0.5
-0.5
-0.5
-0.5
-0.5
-0.5
-0.5
-0.5
-0.5
-0.5
-0.5
-0.5
-0.5
-0.5
-0.5
-0.5
-0.5
-0.5
-0.5
-0.5
-0.5
-0.5
-0.5
-0.5
-0.5
-0.5
-0.5
-0.5
-0.5
-0.5
-0.5
-0.5
-0.5
-0.5
-0.5
-0.5
-0.5
-0.5
-0.5
-0.5
-0.5
-0.5
-0.5
-0.5
-0.5
-0.5
-0.5
-0.5
-0.5
-0.5
-0.5
-0.5
-0.5
-0.5
-0.5
-0.5
-0.5
-0.5
-0.5
-0.5
-0.5
-0.5
-0.5
-0.5
-0.5
-0.5
-0.5
-0.5
-0.5
-0.5
-0.5
-0.5
-0.5
-0.5
-0.5
-0.5
-0.5
-0.5
-0.5
-0.5
-0.5
-0.5
-0.5
-0.5
-0.5
-0.5
-0.5
-0.5
-0.5
-0.5
-0.5
-0.5
-0.5
-0.5
-0.5
-0.5
-0.5
-0.5
-0.5
-0.5
-0.5
-0.5
-0.5
0.39507
0.53581
0.12206
-0.12577
0.37087
0.18123
-0.05122
-0.14664
-0.01823
0.07282
-0.35152
-0.13596
0.0695
0.81827
0.22002
-0.31794
-0.15586
-0.10981
0.09171
-0.22896
0.32384
0.04645
-0.08336
0.22351
0.34452
0.6313
0.19164
0.10659
0.12885
-0.36489
-0.01368
0.3926
0.41914
-0.04763
0.03729
0.44291
0.16979
-0.36883
0.1703
-1.15639
-0.22315
0.0552
-0.31852
0.45759
0.40554
0.05004
0.03782
-0.0735
0.06459
-0.02699
-0.40416
0.13409
0.47272
-0.55497
-0.01137
0.36144
-0.36859
0.3981
0.67383
0.10477
0.44796
-0.21666
0.69352
0.1365
0.10004
-0.01708
-0.12588
0.23178
0.29299
0.176
-0.12504
0.09895
0.14341
-0.85153
0.34153
0.1158
0.0108
0.40525
-0.80677
0.18145
0.18759
0.17129
-0.47573
0.51183
-0.47316
0.66305
-0.3433
-0.56343
0.54803
0.05986
0.52059
0.43395
-0.53735
-1.34342
-0.09248
0.48632
-0.11486
0.28351
0.27748
0.00645
0.1463
-0.56741
0.46129
-0.19625
-0.28476
0.00172
-0.1308
-0.13008
0.62087
0.32029
-0.72375
-0.72258
0.32231
0.20392
-0.00593
0.20881
-0.12869
-0.45331
-0.40266
-0.42632
-0.35722
0.09675
0.33011
0.33546
0.00421
0.09586
0.1867
-0.00396
0.36491
-0.21159
-0.02456
-0.84716
0.26213
0.44391
0.2554
0.07217
-0.4492
0.47937
-0.71418
-0.5904
-0.37399
0.31151
-0.13362
-0.06154
0.09129
0.48094
-0.0961
0.52052
0.2839
-0.44764
0.06845
0.41285
-0.2059
0.19029
0.5541
-0.24354
0.50156
0.35657
0.60811
0.19927
-0.54089
0.50956
0.06221
0.21952
-0.00312
-0.14262
0.63013
0.928
0.12599
-0.05295
0.4814
0.19312
0.3303
0.03742
-0.82245
0.01936
0.81203
0.14589
-0.21152
0.27836
0.09597
0.00311
0.36322
0.42945
0.25214
0.19862
0.22056
0.20521
0.42674
-0.36728
0.06547
-0.62603
-0.80524
0.28524
0.42358
0.39254
0.21198
0.10787
0.32715
-0.04992
-0.29261
-1.00948
-0.42347
-0.11648
0.04827
0.30797
0.12428
0.43117
-0.78615
0.18634
0.27408
0.36882
-1.41718
0.19173
0.0316
-0.03632
0.10256
-0.09479
-0.0332
0.39803
-0.81128
0.21896
0.08614
0.23851
-0.28425
0.65489
-0.57487
0.37658
-0.55952
-0.17739
-1.3544
-0.03291
-0.64199
-0.28708
-0.36069
-0.07278
-0.39293
-0.62841
0.12361
-0.18912
0.08747
0.47249
0.00029
0.50024
-0.87253
-0.074
-0.68445
0.3515
0.85227
-0.59958
0.38408
0.29277
-0.09099
-0.34185
0.35172
0.0432
-0.51559
-0.20436
-0.55734
-0.97286
0.10218
-0.27848
0.35933
0.76725
-0.6196
-0.50365
-0.59393
-0.70877
0.0803
0.44419
-0.95093
-0.11338
-0.84207
0.4158
0.17672
0.01951
-0.61491
-0.43861
-0.742
0.07845
-0.14539
-0.94942
-0.00529
-0.03404
0.01628
-0.20209
-1.03872
-1.01218
-0.45017
-0.47033
0.38341
0.1886
0.56596
-1.15794
-0.53316
-0.58495
-0.44389
-0.28678
0.34403
0.57401
-0.58669
0.78051
-0.21036
-0.14492
-0.36116
-0.20057
0.57237
-0.50957
-1.00811
0.11539
-0.59896
0.38805
-0.04623
-0.13947
-0.80225
-0.26158
-0.01607
-0.82186
-1.20427
0.10995
-0.75448
-0.5664
0.05541
0.57416
-0.33875
0.06252
0.17399
-1.0618
-0.19473
-0.2522
-0.05547
0.2881
-0.01013
-0.87699
0.17658
0.11752
0.4508
0.39826
0.27497
-0.3543
-0.3202
-1.32951
-0.09038
0.4495
0.28051
-0.26262
-0.46081
-0.58051
0.29188
-1.35907
-0.47866
0.09818
0.47316
-0.77603
-0.78518
-0.14992
0.44446
-1.35049
0.05599
-1.29017
-0.17412
-0.04807
-0.01204
-0.50347
0.34608
0.46896
-0.82989
0.37779
0.25516
0.46338
-0.99024
-0.18338
0.37753
-0.87275
-0.48729
-1.06278
0.38437
-0.00321
-1.27044
0.1497
-0.36109
0.35339
0.26631
0.0764
-0.37465
-0.06487
0.34419
-0.59689
0.18006
0.46537
-0.37452
-0.85132
-0.71911
0.13179
-0.06152
-0.10353
-1.21333
-0.21015
-0.52573
0.0671
-1.341
-0.81065
-2.41976
-0.5
-0.32871
-1.74676
-0.5
-0.5
-0.86415
-2.20063
-0.5
0.8008
-1.23476
-0.5
-1.25512
-1.05958
-0.5
-0.5
-0.5
-0.63012
-0.5
0.766
-0.5
-0.51093
-1.08781
-0.66129
-0.5
0.36902
-3.57225
-0.42279
-0.41952
-0.5
-0.5
-0.8845
-1.24541
-0.5
-0.74892
0.29164
-2.06507
-0.5
-3.00268
-0.76634
-0.5
-2.83075
-0.54855
-1.8407
-0.33246
-0.5
-0.58196
-0.5
0.65514
0.14236
-1.48133
-1.47992
0.48169
-2.63207
-0.5
-0.5
-0.5
-0.91941
-1.54122
-0.40104
-0.5
-0.5
0.5797
-0.61364
-0.5
-2.87588
-2.12649
-0.28803
-0.61079
0.02399
-2.67468
-0.5
-1.39644
-2.20059
-0.5
-2.14781
-0.5
-0.5
-0.5
-1.26136
-0.5
-0.5
-1.34902
-0.42551
-1.2055
-0.5
-1.53201
-3.07835
-2.32071
-1.15245
-0.08389
-2.29097
-0.5
-0.73504
-1.24479
-1.80395
-0.70202
-0.44119
-0.5
-0.5
-0.5
-0.5
0.23117
-1.08457
-0.5
-0.5
-1.3132
-0.5
-2.01474
-2.12542
-0.5
-0.5
-0.65921
-0.5
0.19159
-0.39548
-2.7267
-0.5
-0.5
-2.6353
-1.2115
-0.5
-0.36374
-0.92849
-0.5
-0.84072
-1.84464
-2.42209
-0.5
-0.5
-2.88242
-1.41934
-0.29836
-0.5
-2.19057
0.39238
0.14907
-2.90911
-0.5
-1.44796
-0.99924
-0.50124
-0.5
0.30788
-0.5
-0.5
-1.7909
0.45425
-0.89229
-0.5
-0.1424
-0.5
-0.5
-0.5
-1.26891
-2.66258
-1.94518
-0.5
-1.04835
0.19156
-0.5
-1.84504
-0.5
-2.11078
-0.5
-0.50494
-0.5
-1.492
-0.77498
-0.5
-0.5
-2.56531
-0.5
-1.55149
-0.5
0.47829
-0.83817
-0.5
-0.29048
-0.5
-0.5
-1.34687
-0.67399
-0.20298
-0.5
-0.56196
-1.96688
-0.5
-0.5
-0.5
-1.2279
-0.69857
-0.5
-1.58563
-0.5
-2.05922
-0.5
-1.80866
-0.5
-0.5
-0.5
-1.46111
-0.5
0.58567
-0.5
-0.5
-0.5
-0.5
-0.5
-0.5
-0.5
-0.5
-0.5
-0.5
-0.5
-0.5
-0.5
-0.5
-0.5
-0.5
-0.5
-0.5
-0.5
-0.5
-0.5
-0.5
-1.33948
-0.5
-0.26382
-0.5
-0.5
-0.5
-0.5
-0.5
-0.5
-1.79601
-0.5
-0.5
-0.5
-0.38504
-0.5
-0.5
-0.5
-0.5
-0.5
-0.5
-0.5
-0.5
-0.5
-0.5
-0.5
-0.5
-0.5
-0.61423
-0.5
-0.5
-0.5
-0.5
-0.5
-0.5
-1.39709
-0.5
-0.5
-0.5
-0.5
-0.5
-0.5
-1.59248
-0.5
-0.5
-0.5
-0.5
-1.98869
-0.5
-0.5
-0.5
-0.5
-0.5
-0.5
-0.5
-0.5
-0.5
-0.5
-0.5
-0.5
-0.5
-0.5
-0.5
-0.5
-0.5
-0.5
-0.5
-0.5
-0.5
-0.5
-0.5
-0.5
-0.5
-0.5
-0.5
-0.5
-0.5
-0.5
-0.5
-0.5
-0.5
-0.5
-0.90868
-0.5
-0.5
-0.5
-0.5
-0.5
-0.5
-0.5
-0.53219
-0.5
-0.5
-0.5
-0.5
-0.5
-1.18872
-0.5
-0.5
-0.5
-0.5
-0.5
-0.5
-0.5
-0.5
-0.5
-0.5
-0.5
-0.5
-0.5
-0.5
-0.5
-0.5
0.27303
-0.5
-0.5
-0.5
-0.5
-1.13518
-0.5
-0.5
-0.5
-0.5
-0.5
-0.5
-0.5
-0.5
-0.5
-0.5
-0.5
-0.5
-0.5
-0.5
0.80967
-0.5
-0.5
-0.5
-0.5
-0.5
-0.5
-0.5
-0.5
-0.5
-0.5
-0.5
-0.5
-0.5
-0.58624
-0.5
-0.5
-0.5
-0.5
-0.5
-0.5
-0.5
-0.5
-0.80567
-0.5
0.32848
-0.5
-1.14283
-0.5
-0.5
-0.5
-0.5
-0.5
-0.5
-0.5
-0.5
-0.5
-0.5
0.42705
-0.5
-0.5
-0.5
-0.5
-0.5
-0.5
-1.72344
-0.5
-0.5
-1.61325
-0.5
-0.5
-0.5
-0.5
-0.85858
-0.5
-0.5
-0.5
-0.5
-0.97338
-0.5
-0.5
-0.5
-0.5
-0.5
-0.5
-0.5
-0.5
-0.5
-0.5
-0.5
0.51822
-0.5
-0.5
-0.76336
-0.5
-0.5
-0.5
-0.5
-0.5
-0.5
-0.5
-0.07036
-2.10301
-0.5
-0.5
-0.5
-0.5
-0.5
-0.5
-0.5
-0.5
-0.5
-0.5
-0.5
-0.5
-0.5
-0.5
-0.5
-0.5
-2.0354
-0.5
-1.39253
-0.5
-0.5
-0.5
-0.5
-0.5
-0.5
-0.5
-0.5
-0.5
-0.5
-0.5
-0.5
-0.5
-0.5
-0.5
-0.5
-0.5
-0.5
-0.5
-0.5
-0.5
-0.5
-0.5
-0.5
-0.5
-0.5
-0.5
-0.5
-2.38218
-0.5
-0.5
-0.48501
-0.5
-0.5
-0.5
-0.5
-0.5
-0.93089
-0.5
-0.5
-0.5
-0.5
-0.5
-0.5
-0.5
-0.5
-0.5
-0.5
-0.5
-0.5
-0.5
-0.5
-0.5
-0.50668
-0.5
-0.5
-0.5
-0.5
-0.5
-0.5
-0.5
-0.5
-0.5
-0.5
-0.5
-1.41229
-0.5
-0.5
-1.60939
-0.5
-0.5
-0.5
-0.5
-0.5
-0.5
-0.5
-0.5
-0.5
-0.5
-3.37809
-0.5
-0.5
-0.5
-0.5
-0.5
-0.5
-0.5
-0.5
-0.5
-0.5
-0.5
-0.5
-0.5
-0.5
-0.5
-0.5
-0.5
-0.5
-0.5
-0.5
-0.5
-0.5
-0.5
-0.5
-0.5
-0.5
-0.5
-0.5
-0.5
-0.5
-0.5
-1.26171
-0.5
-0.5
-0.5
-0.5
-0.5
-0.5
-0.5
-0.5
-0.5
-0.5
-1.14676
-0.5
-0.5
-0.5
-0.5
-0.5
-0.5
-0.5
-0.5
-0.5
-0.5
-0.5
-0.5
-0.5
-0.5
-1.42848
-0.5
-0.5
-0.5
-0.5
-0.77665
-0.5
-0.5
-0.5
-0.5
-0.5
-0.5
-0.5
-0.5
-0.5
-0.5
-0.5
-0.5
-0.5
-0.5
0.79572
-0.5
-0.5
-0.5
-0.5
-0.5
-0.5
-0.5
-0.5
0.06697
-0.5
-0.5
-0.5
0.33352
-0.5
-0.5
-0.5
-0.5
-0.5
-0.5
-0.5
-0.5
-0.5
-0.5
-0.5
-0.5
-0.5
-0.5
-0.5
-0.5
-0.5
-0.5
-0.5
-1.52207
-0.97508
-0.5
-0.5
-0.5
-0.5
-0.5
-0.5
-0.5
-0.5
-0.79539
-0.5
-0.5
-0.5
-0.5
-0.5
-0.5
-0.5
-0.5
-0.5
-0.5
-0.5
-0.5
-0.5
-0.5
-0.5
-0.5
-0.5
-0.5
-0.5
-2.71023
-0.5
-0.5
-0.5
-0.5
-0.5
-0.5
-0.5
-0.5
-2.20937
-0.5
-0.5
-0.5
-0.5
-0.5
-0.5
-0.5
-0.5
-0.5
-0.5
-0.5
-2.87273
-0.5
-0.5
-0.5
-0.5
-0.5
-0.5
-0.5
-0.5
-0.5
-0.5
-1.89515
-1.70519
-0.5
-0.5
-0.5
-0.5
-0.5
-0.5
-0.5
-0.5
-1.96766
-0.5
-0.5
-0.5
-0.5
-0.5
-0.5
-0.5
-0.5
-0.5
-0.5
-0.5
-0.5
-0.5
-0.5
-0.5
-0.5
-0.5
-0.5
-0.5
-0.5
-0.5
-0.5
-0.5
-0.5
-0.5
-0.5
-0.5
-0.5
-0.5
-0.5
-0.5
-0.5
0.0348
0.06503
-0.69553
-0.12894
-0.67809
0.04723
-0.11735
-0.01044
0.22205
-0.02069
-0.10551
-0.20951
-0.46148
-1.02058
-0.24726
-0.08126
-0.28661
0.13911
-0.1806
-0.39867
0.43331
-0.16398
-0.16899
-0.34633
0.05954
-0.46024
0.45185
-0.25876
-0.16327
-0.05947
-0.27854
-0.23927
-1.1082
0.52349
-0.40457
-0.1638
-0.78826
-0.044
-0.4954
-0.88778
0.53961
-0.26023
0.46741
-0.57546
-0.21709
-0.53786
0.06225
-0.17191
-0.72865
-0.2161
-0.4009
0.13009
-0.40409
-1.09497
-0.60994
0.77109
-0.01016
0.38445
-0.78575
0.40665
-0.57369
0.17904
-1.24436
-0.25794
-0.77079
0.01207
0.06418
0.12019
-0.4219
-1.11323
0.01862
-0.12519
0.54954
0.1139
-0.61135
-0.15295
-0.16127
-0.55814
-0.00631
-0.34223
-1.17252
-0.15458
0.66306
-0.2973
-0.47832
0.53885
-0.95039
0.53399
0.3855
0.25399
0.23975
0.25521
-0.21519
-0.18723
0.12255
-0.90465
0.34257
-0.63063
-0.36679
0.1658
0.20447
0.26617
-0.0884
-0.41897
0.41
-0.05722
-0.2406
-0.17481
-0.2969
-0.8687
-0.355
0.2364
-0.20217
-0.20705
0.33627
-0.66734
-0.04129
-0.00994
-0.75417
-0.41378
-0.07049
-0.29751
-0.59333
-0.12098
-0.48497
0.11953
-0.54729
0.18441
-1.0252
0.50294
-1.09672
0.32585
-1.22426
0.18822
-0.56539
-0.3199
-0.40617
-1.24051
-0.27287
0.67963
0.57571
-0.22171
-0.33221
-0.66813
0.23542
-0.80812
-0.35128
-0.92147
0.20452
-0.47873
-0.65928
-0.23298
-0.51139
-0.23915
-1.27213
-0.74289
-0.69913
-0.11959
0.1281
0.11735
-0.21871
0.39498
0.51504
-0.29568
-0.5
0.12298
-0.61686
0.22577
-0.32215
0.2283
0.11437
-0.28308
0.03191
-0.69861
-0.40814
-0.50323
0.40812
-0.40724
0.26458
0.06476
0.18967
-0.29844
0.09195
-1.61247
-0.83685
-0.52683
-0.12102
-0.16399
-0.28317
0.42303
-0.91043
-0.93608
0.62422
-0.68983
0.07513
-0.20972
-0.49058
-0.28656
-0.11058
-0.31431
0.18662
0.78469
0.68455
-0.46186
0.1163
0.18213
-0.4785
0.24131
-0.54775
-0.97996
-0.47093
0.17639
-0.96616
0.70133
0.28713
-0.11681
0.03106
-0.29391
-0.79314
-0.22735
-0.6225
-0.04326
-0.38167
-1.0723
0.28455
-0.64844
-0.6609
-0.74394
-0.07947
-0.41879
0.35767
0.378
0.46044
-0.23772
0.29918
-0.28941
-1.45583
-0.20566
-0.27788
0.09591
-0.17723
-0.27273
-1.20337
-0.27479
-0.25098
-0.40745
0.04815
0.64661
0.18387
0.25741
0.35445
-0.54438
0.57137
0.30892
-0.4584
0.38658
-0.48336
0.168
0.38958
0.13481
-0.19573
-1.26647
-1.30095
-0.82282
-0.24759
-0.115
-0.76485
0.0681
0.30435
-0.34709
0.2954
0.29729
-0.15019
-0.248
-1.03162
0.47332
-0.00433
-0.45847
-0.21298
-0.51302
-0.40733
-0.42488
-0.94574
-0.54528
0.26965
0.61803
-1.41934
0.40946
-0.51469
0.36107
0.56942
0.46762
-0.51844
0.10051
0.26805
-0.29875
-0.14851
0.15149
0.26282
0.24985
-0.22907
-0.26748
0.06947
-0.31634
0.50029
-0.12376
0.07496
0.02714
0.08156
-0.14815
0.3921
-0.42281
-0.62852
0.38441
0.4006
0.27579
0.18009
-0.18128
-0.32552
-0.64271
0.23239
0.45888
0.34152
0.06947
0.1894
-0.86066
-0.91784
-0.10086
0.06914
-0.62563
-0.07095
-0.16972
0.19112
-0.44329
0.88883
-0.11998
0.18483
-0.152
-0.35131
-0.20901
-0.55606
0.21238
0.33174
-1.32273
-0.60601
-0.28756
-0.16545
-0.22227
-0.55007
0.01466
-0.56791
-0.38213
-0.58285
-0.99913
-0.01136
0.00897
-0.33474
-0.58083
-0.17539
-0.07254
0.05396
-0.43239
-0.3121
0.33639
-0.41183
-1.08711
-0.35278
0.51878
-0.15756
0.11888
-0.64894
0.35913
-1.04109
-0.43981
0.01783
-0.93034
-0.00469
-0.57169
-0.60555
-0.94073
-0.21947
-0.61625
0.66646
-0.00679
0.48351
0.31147
-1.02783
0.34754
-0.73292
0.03947
-0.78722
-0.39162
0.62349
-0.35957
0.50245
-0.51356
0.01219
-0.42369
0.1074
-0.30129
-0.33193
0.76431
0.27132
0.27461
0.33086
-0.48631
-0.6818
-0.68386
-0.2407
-0.07161
-0.81299
0.06458
-0.72767
-0.79272
-0.45258
0.25235
-0.96416
-0.16892
0.27949
-0.40847
0.03385
-0.81176
0.20854
-0.38198
-0.38264
-0.22517
-0.20527
-0.20703
0.38091
-0.33625
0.06125
0.01544
0.00917
-1.33533
0.11546
-0.5985
-0.01137
0.20493
0.16824
0.1728
-0.1585
-0.56759
-0.48223
-0.06817
0.37088
0.68834
-0.68768
0.10042
-0.47155
-0.31954
0.11508
0.23044
-0.64689
-0.47655
-0.51312
-0.45453
0.10351
-0.41461
-0.6239
-1.10809
0.06204
0.39349
0.31113
0.18843
-1.45608
-0.70114
-0.2462
-0.16958
-0.48006
0.13751
0.2306
0.23347
-0.0741
-0.18278
-0.12744
-0.27884
0.575
-0.07668
-0.5
0.00873
-0.94351
0.09981
-0.02441
-0.30352
-0.70179
-0.70472
0.51187
0.05261
-0.23025
-0.49208
0.07754
-0.39242
0.03364
-0.94572
0.30886
0.30039
-0.70652
-0.23231
0.13498
-0.97908
-0.34732
-0.61871
-0.23776
-0.27135
-0.22114
-0.67819
-0.28932
0.15441
0.35952
-0.45204
0.28853
0.51875
0.65747
-0.94857
0.30849
-0.01421
0.20939
0.44067
-0.41362
-0.90658
-0.23476
0.3105
0.27129
-0.39309
-0.6144
0.11373
-0.064
-1.12172
0.03924
6e-05
-0.28941
-0.80412
0.64327
-0.10008
-0.27483
-0.94565
0.24389
-0.11464
-0.27455
0.09005
-0.86376
0.25643
0.15827
0.15138
-0.54237
-0.9878
-1.22101
0.16622
-0.29089
0.10381
0.03836
-0.80997
-0.62509
-1.18534
0.16235
0.44435
-0.5293
-0.71926
0.09266
0.30055
-0.22711
-0.27928
-0.27011
-1.05252
-0.04693
-0.84673
-0.24017
0.94333
0.03448
-1.10504
0.32415
-0.14243
-0.27975
-1.85703
-0.41505
-0.63577
0.41768
-0.28233
0.10352
-0.44379
-0.06233
0.39005
-0.68904
0.39553
0.57362
-0.20121
-0.05715
-0.45891
0.803
0.58623
0.53692
0.01812
-0.47499
0.5147
-0.16591
0.21206
0.07207
-0.2899
0.57414
0.17068
-0.5
-0.5
-0.5
-0.5
-0.5
-0.5
-0.5
-0.5
-0.5
-0.5
-0.5
-0.5
-0.5
-0.5
-0.5
-0.5
-0.5
-1.75089
-0.5
-0.5
-0.5
-0.5
-0.5
-0.5
-0.5
-0.5
-1.22609
-0.5
-0.5
-0.94691
-0.5
-0.5
-0.5
-0.5
-0.5
-0.5
-0.5
-0.5
-0.5
-0.5
-0.5
-0.5
-0.5
-0.5
-0.5
-0.5
-0.5
-0.5
-0.5
-1.46483
-0.5
-0.5
-0.5
-0.5
-0.5
-0.5
-0.5
-0.5
-0.5
-0.5
-0.5
-0.5
-0.5
-0.5
-0.5
-0.5
-0.5
-0.5
-0.5
-0.5
0.37503
-0.5
-0.5
-1.35211
-0.5
-0.5
-0.5
-0.5
-0.5
-0.5
-0.61643
-1.12769
-0.5
-0.5
-0.5
-0.5
-0.5
-0.5
-0.5
-0.5
-0.5
-0.5
-0.5
-0.5
-1.20661
-0.5
0.30397
-0.70901
-0.5
-0.5
-0.5
-0.5
-0.5
-0.5
0.13702
-0.5
-0.5
-0.5
-0.5
-1.46232
-1.67943
-1.59474
-0.5
-0.5
0.63206
-0.5
-1.23163
-1.37878
-0.5
-0.5
-0.5
-0.5
-0.5
-0.5
-0.5
-0.5
-0.5
-0.5
-0.5
-1.49998
-0.5
-0.5
-0.5
-0.5
-0.5
-0.5
-0.5
-0.5
-0.5
-0.5
-0.5
-0.5
-0.5
-0.5
-0.83969
-0.5
-0.5
-0.5
-0.5
-0.5
-0.5
-0.5
-0.5
-0.5
-0.5
-0.51554
-0.5
-0.5
-0.5
-0.5
-0.5
-0.5
-0.5
-0.5
-0.5
-0.8753
-0.5
-0.5
-0.5
-0.5
-0.5
-0.5
-1.13654
-0.5
-0.5
-0.5
-0.5
-0.5
-0.12679
-0.5
-0.5
-0.5
-0.5
-0.5
-0.5
-0.18241
0.29615
-0.5
-1.80712
-0.5
-0.5
-0.5
-0.5
-0.5
-0.5
-0.5
-0.5
-0.5
-0.5
-0.5
-0.5
-0.5
-0.5
-0.5
-0.5
-0.5
-0.5
-0.5
-1.51506
-0.5
-0.5
-0.5
-0.5
-0.5
-0.5
-0.5
-0.5
-0.5
-0.5
-0.5
-0.5
-0.5
-0.5
-0.5
-0.5
-0.5
-0.5
-0.5
-0.5
-0.5
-0.5
-0.5
-1.06513
-0.5
-0.5
0.24043
-0.5
-0.5
-0.5
-0.5
-0.5
-0.5
-0.5
-0.5
-0.5
-0.5
-0.5
-1.41003
-0.5
-0.5
-0.5
-0.5
-0.5
-0.5
-0.5
-0.5
-0.5
0.38678
-0.5
-0.5
-0.5
-0.5
-0.5
-0.5
-0.5
-0.5
-0.5
-0.5
-0.5
-0.5
-0.5
-0.5
-0.5
-0.5
-0.8614
-0.5
-0.5
-0.5
-0.5
-0.5
-0.5
-0.5
-0.5
-2.32006
-0.5
-0.5
-0.5
-1.75136
-0.5
-0.5
-0.5
-0.5
-0.5
-0.5
0.76485
-1.15017
-0.5
-1.97171
-0.5
-0.5
-0.5
-0.5
-0.5
-0.5
-0.5
-0.5
-0.5
-0.5
-0.5
-1.81684
-0.5
-0.5
-0.5
-0.5
-0.5
-0.5
-0.5
-0.5
-0.5
-0.5
-0.5
-0.5
-0.5
-0.5
-0.29995
-0.5
-1.52963
-0.5
-0.5
-0.5
-0.5
-0.5
-0.5
-0.5
-0.5
-0.5
-0.5
-0.5
-0.5
-0.5
-0.5
-0.5
-0.5
-0.5
-0.5
-0.5
-0.5
-0.5
-0.5
-0.5
-0.5
-0.5
-0.5
-0.5
-0.5
-0.5
-0.5
-0.5
-0.5
-0.5
-0.5
-0.5
-0.5
-0.5
-0.5
-0.5
-0.5
-0.5
-0.5
-0.5
-0.5
-0.5
-0.5
-2.1105
-0.5
-0.5
-0.5
-0.5
-0.5
-0.5
-0.5
-0.5
-0.5
-0.5
-0.5
-0.5
-0.5
-0.5
-0.5
-0.5
-0.5
-0.5
-0.5
-0.5
-0.5
-0.5
-0.5
-0.5
-0.5
-0.5
-0.5
-0.5
-0.5
-0.5
-0.5
-0.5
-1.4198
-0.5
-0.5
-0.5
-0.5
-0.5
-0.5
-1.49632
-0.5
-0.5
-0.5
-0.5
-0.5
-1.38729
-0.5
-0.5
-0.5
-0.5
-0.5
-0.5
-0.5
-0.3822
-0.5
-0.5
-0.5
-0.5
-0.5
-0.5
-0.5
-0.5
-0.5
-0.5
-0.5
-0.5
-0.5
-0.5
-0.5
-0.5
-0.5
-0.5
-0.5
-0.5
-0.5
-0.5
-0.5
-0.5
-0.5
-0.5
-0.5
-0.5
-0.5
-0.5
-0.5
-0.5
-0.5
-0.5
-0.5
-0.5
-0.5
-0.5
-0.46213
-1.56749
-0.5
-1.55933
-0.5
-2.44468
-0.5
-0.5
-1.61591
-0.5
-0.5
-0.5
-0.5
-0.5
-0.87605
-0.5
-0.5
-0.5
-0.5
-0.5
-0.5
-0.5
-0.5
-0.5
-0.5
-0.5
-1.11115
-0.5
-0.5
-0.5
-0.5
-0.5
-0.5
-0.5
-1.28485
-0.5
-0.5
-0.5
-0.5
-0.5
-0.5
-0.5
-0.5
-0.5
-0.5
-0.07017
-0.5
-0.5
-0.5
-0.5
-0.5
-0.5
-0.5
-0.5
-0.5
-0.5
-0.5
-0.5
-0.5
-0.5
-0.5
-0.5
-0.5
-0.5
-0.5
-0.5
-0.5
-0.5
-0.5
-0.5
-0.5
-0.5
-0.5
-0.5
-0.5
-0.5
-0.5
-0.5
-0.5
-0.5
-2.76248
-0.5
0.22393
-0.5
-0.5
-0.5
-0.5
-0.5
-0.5
-0.5
-0.5
-0.5
-0.5
-0.5
-0.12769
0.58355
-0.51309
-0.28173
0.60482
0.16081
0.78157
0.08045
0.33214
-0.21425
0.23178
-0.57748
-0.111
0.60013
0.55372
0.04883
0.41838
0.63744
0.59932
-0.28125
0.04815
0.23359
-0.02089
-0.04198
0.42366
-0.13308
0.32003
-0.89923
-0.58981
-0.18821
0.48844
0.48242
0.16292
-0.16805
-0.14417
0.41248
-0.30383
-0.80492
0.27089
-0.41522
0.00427
0.31469
0.32828
-0.68865
-0.29578
-0.21646
-0.40279
0.44156
-0.08788
-0.31377
0.03303
0.50267
0.04072
0.08814
0.17035
0.39051
0.6076
0.27481
-0.18955
-0.32937
0.44449
-0.06966
0.5534
0.34068
-0.26654
0.39372
-0.48292
-0.55388
-0.25415
0.27143
0.44039
0.25204
0.11189
0.40701
0.23781
0.81763
-0.38698
0.45054
-1.04666
0.40909
0.04967
0.3784
-0.46783
0.3838
-0.04033
0.02498
0.46635
0.72516
0.37798
0.74734
0.57225
0.47259
-0.49168
0.12962
-0.3562
0.29781
0.17547
0.1119
0.3398
-0.23747
-0.13399
-0.62533
-0.15996
-0.13431
0.00984
-0.01521
0.32771
0.52276
0.1363
-0.54705
-0.35578
-0.24397
0.2466
0.55117
-0.34463
0.32242
0.5052
0.05814
0.36792
0.11186
-0.36038
0.34028
0.27983
0.39048
-0.61773
0.22881
-0.11781
0.21111
0.56983
0.04691
-0.1181
-0.26858
0.2401
0.35509
0.32496
0.431
0.60237
-0.02694
0.47934
0.42708
0.42826
0.45003
0.22355
-0.05895
0.48898
0.394
-0.02632
-0.14924
0.19879
0.80224
-0.22219
0.15373
-0.13624
0.21227
-1.05966
0.72067
0.48307
-0.20826
0.05237
0.66582
0.00028
0.47
0.53969
-0.11706
-0.37636
0.48179
-0.01675
-0.07127
0.08685
0.05281
0.18846
0.04962
0.04163
0.61623
0.23789
-0.50134
0.08712
-0.07439
0.34791
0.08696
-0.01542
-0.51003
0.28007
0.09051
-0.29377
-0.32054
-0.5096
0.04018
-0.20684
0.20262
0.39189
0.19827
0.24199
0.47859
-0.05408
0.25911
-0.15255
0.3489
0.48229
-0.61794
0.56099
-0.09688
0.48716
-0.08948
0.48604
0.07023
0.41154
0.05122
0.25755
0.39773
0.35973
0.14616
-0.00402
-0.4314
0.35346
0.21261
0.18803
0.36185
0.11771
0.06201
0.2917
0.08766
0.32822
0.74508
0.36413
-0.10736
0.19555
0.09567
0.76441
0.44373
0.33308
0.37155
0.00603
-0.20169
0.15231
0.21154
0.54558
-1.03204
-0.08743
-0.24728
0.35392
0.11007
0.46897
0.4533
0.32264
0.25856
-0.28932
-0.43397
0.51323
0.11648
0.09966
-0.07298
0.22741
-1.03039
-1.26215
-0.30261
0.3507
0.40988
-0.20384
0.45251
0.15464
0.19615
0.27752
-0.10709
0.289
0.26897
-0.47458
0.25535
-0.04998
0.72824
0.0051
0.10176
-0.21476
-0.28039
0.06089
0.78817
0.19067
0.40396
-0.09141
-0.72708
0.48738
-0.14226
0.30838
0.45288
-0.15331
-0.3725
0.46454
0.44058
0.26566
0.08188
0.0074
-0.26491
-0.13401
0.15569
0.29484
0.20245
0.07049
0.19117
0.14667
0.45872
0.16172
0.18445
-0.70191
-0.83634
0.42089
-0.14783
0.29551
0.28511
-0.43403
0.24872
0.5853
0.11824
0.24822
-0.13776
-0.79035
0.40069
0.59401
0.34739
-0.11668
0.3556
0.0333
0.14775
0.41119
-0.22937
-0.08018
0.73213
-0.28648
0.60594
-0.06915
0.50974
0.47363
0.18474
0.33214
0.44342
-0.12545
-0.48874
0.07512
0.02076
0.26765
-0.06218
-0.009
-0.18881
0.41918
-0.38586
0.10908
0.14425
-0.07268
0.80943
-0.93637
-0.00592
0.06522
0.59003
0.15193
-0.07155
-0.44858
-0.17499
0.34864
-0.50077
0.21457
0.41182
0.08727
0.1175
-0.31708
-1.05614
-0.628
-0.05988
0.26221
0.1376
-0.38405
-0.51123
-0.05274
-0.13298
-0.53563
-0.79099
0.63728
-0.18366
0.40061
-0.68557
0.30889
0.39725
-0.36653
-0.36124
-0.09957
-0.74173
0.33056
0.16436
0.61031
0.54099
-0.05999
0.3505
-0.20541
-0.52626
0.06953
0.08826
-0.38952
-0.87123
0.4693
0.08416
0.20823
0.46152
0.24423
-0.50679
0.4966
-0.74663
0.26709
-0.32908
0.6135
0.54797
-0.11173
0.22507
0.2487
0.26201
0.46585
0.3924
-0.08308
0.66785
0.27488
0.50553
-0.22187
0.14736
-0.22316
-0.10168
0.73881
-0.257
0.3964
0.03418
0.11995
0.34381
-0.268
0.56595
0.02307
-0.11276
0.25772
0.2079
0.25903
0.01644
-0.01786
-0.77625
-0.07756
-0.58417
0.34531
0.5774
0.26584
0.30206
-0.31691
-0.3849
-0.19327
-0.27553
0.21041
-0.3392
-0.09624
0.40762
0.57322
-0.12937
0.01372
-0.81357
0.45325
-0.18011
-0.32208
0.37641
-0.57592
0.63407
-0.51655
0.39528
0.46216
0.04864
-0.88962
0.51889
-0.09256
0.45402
0.01804
0.12747
0.05347
-0.42657
0.65294
0.05791
-0.07855
-0.91155
-0.28022
0.0255
0.20019
0.18832
0.28844
0.24449
-0.79491
-0.48869
0.22839
-0.07739
-1.3289
-0.11255
-0.26187
0.34645
0.23693
0.5634
-0.38036
-0.11201
-0.27678
-0.43847
-0.053
0.4644
0.3937
0.60231
0.06523
0.08133
0.61938
0.25355
-0.63251
-0.75941
0.42684
0.31908
0.13722
-0.2747
-1.07775
-0.52221
-0.6993
-0.27094
-0.12678
0.03047
-0.04652
0.30167
0.22588
0.10662
0.57224
-0.08827
-0.76204
0.58561
0.43485
0.05062
-0.18953
-0.44342
-0.03383
0.16355
0.09951
-0.10582
0.14604
-0.92478
0.25996
-0.33201
0.1347
-0.24303
0.39434
0.12399
-0.00996
0.25142
0.74934
-0.10498
-0.06289
0.13132
-0.37796
-0.74479
-0.10633
0.31508
0.31954
-0.41585
0.43649
-0.07789
0.51276
-0.72044
0.3204
0.33935
-0.51785
0.37443
-0.04284
0.37039
0.0337
0.1892
0.48565
-0.36089
0.69639
-0.07455
-0.27253
0.10329
-0.10291
-0.98002
0.28998
0.17078
0.07851
0.03294
-0.13854
-0.22561
0.16088
0.28058
0.42854
-1.28489
0.17451
0.19947
-0.48704
0.04961
0.2919
0.52459
0.24348
-0.26371
-0.7615
-0.34879
-0.35156
-0.23968
0.68011
-0.62064
0.11329
-0.50744
