-0.204843
-0.0633124
-0.066844
-0.113147
-0.0163274
-0.0736096
-0.110834
-0.192653
-0.0012188
0.0029255
-0.17752
-0.0739405
-2.83226
0.0112586
0.0227281
-0.0306664
-0.283148
-0.0270624
-0.0204227
-0.0074719
-0.121605
-0.097613
-0.0277725
-0.0240127
-0.0241949
-0.103704
-0.0270756
-0.0412413
-0.075959
-0.172132
-0.0682384
-0.0166457
-0.475
-0.0171438
-0.0586168
-0.0407201
0.0175063
-0.367817
-0.0394761
0.0073647
-0.0256232
0.010178
-0.0181738
-0.053875
-0.31973
-0.166596
-0.0214791
-0.0055144
-0.0162803
-0.0324672
-0.098373
-0.0659108
-0.092571
-0.323344
-0.158065
-0.475
-0.0616332
-0.0435013
0.0034934
-0.35122
-0.475
-0.0604002
-0.33195
-0.198215
-0.0698405
-0.0574173
-0.397922
-0.0710556
0.0056949
-0.0476701
-0.078421
-0.141797
-0.082572
-0.0342644
-0.12318
-0.123939
-0.0649918
-0.0654363
-0.085046
-0.475
-0.175873
-0.0032279
-0.0700143
-0.077736
0.0113127
-0.178252
-0.475
-0.117446
-0.02249
-0.168148
-0.0194039
-0.585187
-0.0150047
-0.012708
-0.0244181
-0.270124
-0.227713
-0.0135935
-0.111361
-0.0051428
-0.0651693
-0.475
-0.0174047
-0.0187852
-0.0339182
-0.289433
-0.115978
-0.17385
-0.102577
-0.0162337
-0.156826
-0.0089423
0.0128275
-0.0565798
-0.0685817
-0.0434716
-0.0040808
-0.078452
-0.0705147
-0.076539
-0.0639673
-0.076873
-0.056494
-0.0643218
-0.132788
-0.151056
-0.084783
-0.0240922
-0.475
-0.378744
-0.0136588
-0.0517874
-0.069078
-0.0529585
-0.108678
-0.090683
-0.2714
-0.001625
-0.104485
-0.475
-0.080401
-0.0267384
0.0150742
-0.0115126
-0.393714
-0.0678111
-0.0646876
-0.029652
-0.042299
-0.09003
-0.123612
-0.0042807
-0.0277395
-0.0072523
-0.0452149
-0.0744304
-0.089082
-0.0347223
-0.475
-0.475
-0.152142
-0.092416
0.0036627
-0.0209533
-0.083469
-0.165478
-0.107491
-0.475
-0.394763
-0.0016658
-0.0733545
-0.114296
-0.0348253
-0.0630341
-0.110505
-0.0342567
0.0228079
-0.098079
0.0039198
-0.163036
-0.0538022
-0.23406
-0.122449
-0.121067
-0.0317103
-0.174427
-0.0336225
-0.0123014
-0.386201
-0.0051279
-0.099522
-0.0190276
-0.0608611
-0.0524834
-0.0234216
-0.098772
-0.0251239
-0.0007424
-0.475
-0.272025
-0.099178
-0.0242275
-0.092887
-0.475
0.0133404
-0.235906
-0.0690027
-0.00391
0.0200455
0.0094635
-0.0322923
-0.475
-0.0274407
-0.0392175
-0.170608
-0.0472
-0.0362338
0.0066363
-0.0261875
-0.260765
-0.0095808
0.0018436
0.007718
-0.099632
-0.126162
0.0149687
-0.113149
-0.08718
-0.053985
-0.201053
0.0038678
0.017354
-0.083806
-0.522675
-0.068809
-0.475
-0.0405176
-0.0400011
0.0216635
-0.0262862
-0.054178
-0.125217
-0.850372
-0.0025056
-0.54774
-0.20257
-0.0696489
-0.038547
-0.475
-0.0105208
-0.475
-0.475
-0.474708
0.0231738
-0.274159
-0.0605388
-0.0688883
-0.562494
-0.07982
-0.086013
-0.0367528
-0.0175688
-0.069703
-0.0052248
-0.105187
-0.111961
-0.475
-0.0044018
-0.078573
-0.158943
0.0111483
0.0152323
-0.0525287
-0.0443414
-0.082714
-0.07425
-0.0041973
0.0053801
-0.475
-0.0015762
0.0119435
-0.0563582
-0.018513
-0.088377
-0.0281162
-0.0446968
-0.181587
-0.124252
-0.147187
-0.0151995
-0.0134504
-0.18682
-0.0107982
0.0038463
-0.134013
0.0224769
-0.0688937
-0.218474
-0.064319
-0.056282
-0.0171758
-0.19407
-0.28912
-0.01948
-0.112591
-0.1084
-0.29361
0.0147997
0.0146257
-0.0063268
0.0032873
0.0069508
-0.0050496
0.0130399
-0.132278
-0.0607873
0.0202599
-0.082808
-0.475
0.004742
-0.0210352
-0.475
0.0168122
-0.0186024
-0.475
-0.475
0.0035192
0.0088853
-0.0730521
-0.085622
0.001059
-0.60983
-0.100048
-0.152502
-0.216668
0.0062403
-0.0108362
-0.475
-0.182609
0.0121702
0.0044033
-0.0708018
0.0041839
-0.0186766
-0.114912
-0.0146482
-0.0027704
-0.131723
-0.104038
-0.0598175
-0.0244512
-0.0268188
-0.0731136
-0.475
0.0122152
-0.475
0.0161188
-0.475
0.0219185
0.0134507
-0.0545423
-0.0525595
-0.0549883
-0.0065723
-0.0488876
-0.0484305
-0.0169732
-0.0303694
-0.0327227
-0.135791
0.0084466
0.0173139
-0.475
-0.475
0.0095487
-0.475
-0.0145883
0.013535
-0.0492785
-0.475
-0.475
-0.086108
-0.475
-0.0342688
-0.475
-0.475
-0.0154017
0.0146298
0.0151147
-0.475
-0.227551
-0.475
-0.011985
-0.475
-0.50419
-0.0491486
-0.475
0.0083971
-0.475
-0.0259353
-0.475
-0.0013765
-0.0422707
-0.475
0.0148927
-0.021883
0.011686
-0.475
-0.11089
-0.0318979
-0.475
-0.475
-0.0288986
0.0059749
-0.0026452
0.0125958
-0.296075
-0.0139263
-0.0110318
-0.0059855
-0.0558167
-0.103642
0.0173158
-0.349275
-0.120489
0.0194067
-0.0041177
0.0132237
-0.475
-0.567345
-0.003046
-0.0609261
-0.105164
0.0174421
0.005458
-0.0054923
-0.475
-0.0053846
-0.009606
0.0181448
-0.475
-0.475
0.0071976
-0.475
-0.475
-0.0177539
0.0095168
0.0202582
-0.475
-0.092021
-0.0653925
-0.0137487
-0.475
-0.0058297
-0.0576107
-0.0188615
-0.475
0.0217661
-0.475
0.0226777
0.013895
-0.475
-0.475
-0.475
0.0059216
0.0118325
0.0025482
-0.475
0.0042872
-0.475
-0.0168736
-0.475
-0.475
-0.475
-0.125171
-0.079655
-0.475
-0.475
-0.475
-0.346871
0.0084428
-0.475
-0.09898
0.0176919
-0.475
-0.0261156
-0.475
-0.083817
-0.475
-0.475
0.0006265
-0.0481752
0.008958
-0.475
-0.280159
0.0011347
-0.475
-0.475
0.023737
-0.0292956
-0.475
-0.0255454
0.0182923
-0.475
-0.0263045
-0.086123
-0.475
0.0184687
0.007523
-0.0180374
0.0167452
-0.089395
-0.475
-1.40677
0.0208171
-0.170008
-0.210892
-0.303486
-0.258108
-0.370068
-0.246472
-0.419725
-0.146606
-0.303378
-0.327682
-0.166903
-0.657883
-0.336784
-0.257215
-0.381907
-0.223923
-0.266416
-0.303282
-0.246672
-0.212147
-0.393421
-0.328682
-0.290241
-0.278917
-0.264367
-0.319367
-0.266079
-0.22602
-0.201788
-0.382323
-0.286231
-0.285847
-0.16926
-0.334078
-0.266207
-0.346919
-0.37334
-0.42834
-0.33502
-0.655824
-0.328853
-0.357985
-0.287864
-0.329264
-0.266841
-0.366638
-0.254721
-0.258641
-0.204668
-0.146604
-0.20615
-0.321805
-0.208189
-0.387599
-0.322987
-0.299708
-0.361612
-0.310402
-0.224485
-0.324996
-0.223571
-0.332181
-0.226844
-0.32348
-0.230637
-0.409999
-0.130056
-0.58209
-0.342595
-0.426414
-0.223887
-0.26949
-0.327959
-0.18699
-0.33883
-0.648884
-0.370136
-0.186278
-0.289632
-0.323223
-0.329369
-0.308377
-0.306035
-0.220573
-0.223644
-0.279669
-0.255579
-0.480047
-0.299916
-0.244359
-0.247785
-0.262193
-0.271168
-0.314098
-0.242078
-0.337299
-0.220514
-0.325695
-0.38025
-0.270818
-0.231536
-0.329896
-0.266202
-0.279193
-0.15986
-0.347089
-0.183438
-0.353454
-0.322705
-0.263465
-0.306079
-0.348898
-0.224832
-0.404001
-0.314515
-0.302303
-0.354912
-0.181205
-0.375246
-0.205986
-0.506705
-0.424807
-0.290411
-0.280478
-0.27873
-0.354271
-0.294055
-0.281907
-0.268028
-0.184962
-0.390238
-0.289831
-0.317343
-0.34031
-0.318849
-0.281947
-0.278232
-0.186406
-0.234256
-0.246685
-0.401382
-0.155464
-0.211534
-0.403201
-0.501902
-0.216774
-0.554708
-0.43278
-0.272872
-0.385867
-0.300921
-0.234478
-0.307997
-0.152925
-0.242365
-0.237071
-0.258417
-0.501802
-0.377277
-0.272372
-0.217506
-0.23582
-0.544985
-0.300619
-0.55891
-0.349202
-0.318079
-0.131281
-0.318274
-0.291471
-0.229509
-0.362415
-0.348098
-0.271523
-0.082245
-0.393635
-0.23038
-0.208432
-0.155229
-0.355924
-0.242277
-0.198621
-1.16574
-0.330204
-0.310819
-0.321368
-0.289034
-0.340424
-0.349329
-0.268879
-0.215654
-0.352211
-0.246822
-0.199115
-0.312553
-0.265133
-0.28074
-0.587033
-0.396083
-0.54475
-0.330323
-0.593966
-0.18521
-0.241472
-0.331221
-0.321406
-0.227411
-0.423223
-0.277462
-0.756865
-0.324035
-0.292815
-0.513542
-0.299615
-0.4498
-0.13905
-0.328848
-0.321946
-0.259155
-0.266253
-0.320488
-0.371256
-0.131072
-0.287726
-0.166152
-0.225941
-0.247076
-0.141994
-0.27588
-0.382291
-0.293141
-0.352012
-0.320558
-0.373652
-0.401299
-0.300052
-0.405454
-0.30476
-0.99107
-0.405821
-0.12479
-0.566901
-0.389033
-0.392059
-0.189182
-0.286818
-0.45529
-0.210097
-0.18721
-0.155206
-0.299766
-0.161542
-0.30498
-0.305199
-0.370529
-0.307485
-0.798369
-0.259779
-0.174635
-0.3151
-0.372872
-0.31925
-0.439193
-0.196085
-0.273602
-0.73516
-0.185381
-0.492355
-0.517913
-0.300578
-0.280797
-0.240086
-0.245514
-0.378303
-0.184319
-0.138775
-0.33074
-0.346223
-0.222665
-0.752927
-0.195567
-0.224377
-0.608536
-0.362373
-0.582823
-0.265385
-0.350491
-0.177547
-0.467911
-0.746036
-0.326997
-0.275102
-0.423808
-0.489099
-0.262819
-0.320546
-0.616849
-0.250618
-0.244923
-0.422254
-0.183803
-0.373122
-0.376014
-0.258495
-0.541158
-0.379918
-0.348464
-0.272809
-0.3236
-0.307351
-0.273215
-0.475339
-0.132542
-0.36414
-0.306017
-1.74169
-0.246877
-0.180437
-0.343828
-0.238451
-0.391004
-0.204455
-0.322302
-1.24231
-0.815595
-0.60277
-0.337694
-0.337653
-0.304913
-0.329144
-0.318043
-0.183807
-0.278023
-0.384656
-0.286461
-0.19293
-0.354014
-0.201023
-0.291365
-0.31426
-0.137376
-0.314403
-0.491926
-0.433489
-0.36548
-0.490253
-0.352917
-0.194591
-0.235059
-0.299908
-0.668306
-0.146408
-0.202388
-0.371813
-0.259088
-0.546217
-0.459269
-0.234064
-0.293041
-0.180439
-0.378707
-0.180137
-0.266305
-1.17154
-0.56593
-0.198515
-0.341529
-0.405562
-0.424377
-0.287215
-0.545211
-0.275796
-0.344037
-0.323333
-0.282199
-0.322372
-0.22429
-0.272631
-0.23861
-0.539204
-0.379469
-0.499067
-0.396068
-0.363463
-0.205923
-0.208537
-0.384641
-0.264769
-0.262045
-0.50047
-0.301492
-0.425681
-0.161471
-0.127335
-0.24283
-0.399953
-0.271902
-0.236487
-0.396782
-0.555319
-0.660924
-0.901661
-0.475
-0.493639
-0.137067
-0.147073
-0.0438081
-0.283063
-0.431497
-0.161575
0.0143228
-0.110353
-0.717415
-0.207268
-0.0342314
-0.136268
-0.221955
-0.090799
-0.24687
-0.04582
-0.080504
-0.0018245
-0.0733361
-0.182717
-0.313353
-0.186351
-0.125783
-0.327201
-0.0316596
-0.310242
-0.0109867
-0.244202
-0.149547
-0.192697
-0.477765
-0.347923
-0.095932
-0.155193
-0.161112
-0.088494
-0.187325
-0.265786
-0.167012
-0.2394
-0.245492
-0.249712
-0.149102
-0.0669163
-0.0065016
-0.109459
-0.374382
-0.108559
-0.154381
-0.213061
-0.256012
-0.409595
-0.205297
-0.177852
-0.17746
-0.0542205
-0.175572
-0.150818
-0.239395
-0.110312
-0.083896
-0.277222
-0.0557489
-0.186278
-0.0703361
-0.216292
-0.0448567
-0.605888
-0.390509
-0.143266
-0.0345945
-0.0383862
0.0068516
-0.207049
-0.196131
-0.327368
-0.0491243
-0.107484
-0.262767
-0.115826
-0.131446
-0.406638
-0.0583155
-0.077777
-0.519875
-0.712029
-0.0623523
-0.09769
-0.087153
-0.242784
-0.551434
-0.0417308
-0.0501704
-0.081477
-0.122817
-0.487126
-0.428362
-0.259343
-0.146663
-0.30659
-0.0326812
-0.263822
-0.0475449
-0.235127
-0.0264578
0.0115541
-0.0655147
-0.181512
-0.0310001
-0.095114
-0.0544949
-0.0480694
-0.195734
-0.258046
-0.0521894
-0.122236
-0.157458
-0.0266418
-0.199925
-0.150474
-0.0725245
-0.238593
-0.159292
0.0040688
-0.69898
-0.0374279
-0.743196
-0.187576
-0.0246806
-0.135593
-0.108626
-2.02228
-0.393398
-0.137333
-0.0146428
-0.261622
-0.106355
-0.187858
-0.0406152
-0.475
-0.081096
-0.301243
-0.0019693
-0.305683
-0.479892
-0.236771
-0.0742529
-0.19316
-0.0634233
-0.441619
-0.0212576
-0.210514
-0.0307127
0.0079319
-0.14315
-0.0583287
-0.104278
-0.171708
-0.160727
-0.875863
-0.096798
-0.272097
-0.13508
-0.27426
0.005504
-0.013691
-0.561036
-0.0515217
-0.250176
-0.959924
-0.598017
-0.0318014
-0.122153
-0.088792
-0.201201
-0.09258
-0.231277
-0.214605
-0.096556
-0.16682
-0.19238
0.0177756
-0.143117
-0.079119
-0.259815
-0.198888
-0.10522
-0.0058153
-0.0399998
-0.0141758
-0.357025
1.87e-05
-0.091085
-0.089112
0.0128533
-0.324298
-0.10784
-0.163955
-0.0615488
-0.0033236
-0.100478
-0.179616
-0.335987
-0.129525
-0.096072
-0.075638
-0.475
-0.0496916
-0.242296
-0.081195
-0.0730017
-0.168189
-0.0268299
-0.0365743
-0.0218503
-0.133378
-0.475
-0.08439
-0.186233
-0.108643
-0.0595496
-0.125131
-0.475
-0.475
-0.475
-0.154791
-0.158214
-0.475
-0.310915
-0.182154
-0.198518
-0.154697
-0.0196083
-0.397653
-0.0551371
-0.301068
-0.0323751
-0.0213968
-0.283458
-0.082628
-0.115023
0.0058955
-0.0396304
-0.103659
-0.11392
-0.0228108
-0.106155
-0.269457
-0.0566246
-0.08372
-0.475
-0.076395
-0.475
-0.11634
-0.081731
-0.316347
-0.08624
-0.475
-0.295278
-0.475
-0.265119
-0.0353256
-0.124985
-0.347926
-0.130305
0.0009704
-0.0440019
-0.198131
-0.475
-0.475
-0.0361088
0.0016418
-0.188242
-0.311487
-0.093839
-0.475
-0.136097
-0.116931
-0.0073217
-0.172271
-0.241792
-0.230747
-0.0134461
-0.31084
-0.138339
-0.191934
-0.080538
-0.0585467
-0.0532819
-0.250253
-0.0383139
-0.104952
-0.0438935
-0.130007
-0.0038521
-0.0088594
-0.112871
-0.052988
-0.138561
-0.0559411
-0.0242991
-0.0225542
-0.0657575
-0.0111383
-0.0349845
-0.0514988
-0.129687
-0.131842
-0.0016505
-0.0106604
-0.0434414
-0.0637188
-0.475
0.0007562
-0.475
-0.144843
-0.0288928
-0.475
-0.0363937
-0.373064
-0.309909
-0.113165
-0.102619
-0.154779
-0.0610799
-0.092218
-0.153812
-0.096253
-0.483269
-0.3633
-0.0353836
0.0175351
-0.170734
-0.138491
-0.0478205
-0.0228406
-0.475
-0.475
-0.322221
-0.0587959
-0.0276948
-0.105504
-0.0699904
-0.533901
-0.475
-0.199307
-0.106365
-0.075675
-0.475
-0.096931
-0.364015
-0.131319
-0.074421
-0.475
-0.0723024
-0.097101
-0.0263563
-0.0304086
-0.120065
-0.0385686
-0.131861
-0.0572054
-0.24815
0.0037527
-0.110129
-0.0619769
-0.0091958
-5.10676
-0.106882
-0.0374371
-0.080576
-0.0164922
-0.199667
-0.079911
-0.0676513
-0.004237
-0.0343012
-0.156373
0.0009269
-0.105878
-0.168483
-0.081357
-0.0291227
-0.15064
-0.14731
-0.205455
-0.0720833
-0.098349
-0.117917
-0.153355
0.0039487
-0.0456095
-0.09188
-0.0119217
-0.15597
-0.281319
-0.449439
-0.0393096
-0.180795
-0.0398012
-0.506845
-0.230039
-0.0382149
-0.083486
-0.0027879
-0.123017
-0.077664
-0.0707465
-0.192774
-0.0699082
-0.081452
-0.107124
-0.029987
-0.13144
-0.110152
-0.0359227
-0.356686
-0.0613515
-0.0650818
-0.0658792
-0.0564667
-0.0374796
-0.24369
-0.105611
-0.076848
-0.089708
-0.134555
-0.0541605
-0.153103
-0.117083
0.0010938
-0.377677
-0.093932
-0.0279794
-0.0287074
-0.0582777
-0.141893
-0.0020191
-0.079879
-0.2396
-0.240524
-0.0406752
-0.182233
-0.475
-0.0106338
-0.0345436
-0.0056732
-0.075376
-0.0003063
0.0056508
-0.0231046
-0.117364
-0.26834
0.0038948
-0.0687654
-0.176575
-0.0294844
-0.301057
0.0135179
-0.223234
0.0145944
0.0023833
-0.0527413
0.0029894
-0.0676228
-0.09064
-0.285365
-0.264283
-0.0490304
-0.119257
-0.0466945
-0.121244
-0.0339912
-0.106423
-0.152989
-0.085909
-0.179613
-0.100631
-0.0749419
-0.192289
-0.112582
-0.0636355
-0.104817
-0.108364
-0.0393224
-0.092598
-0.321222
-0.17914
-0.296733
-0.204443
-0.218443
-0.217361
-0.31964
-0.0576247
-0.0326114
-0.0370525
-0.30092
-0.170594
-0.116569
-0.0289836
-0.0250039
-0.0352509
-0.106447
-0.475
-0.033501
-0.128773
-0.073673
-0.233011
-0.647859
-0.0162105
-0.009161
-0.131004
-0.257766
-0.314921
-0.097715
-0.11798
-0.10604
-0.0328054
-0.0028479
-0.0434484
-0.0081484
-0.0140423
-0.093482
-0.042668
-0.0195866
-0.163266
-0.080936
-0.01637
-0.098044
-0.475
-0.100743
-0.093578
-0.0654468
-0.475
-0.030732
-0.0580652
-0.082228
-0.211648
-0.0718734
-0.198042
-0.0018161
-0.346792
-0.021337
-0.400742
-0.0735252
-0.0108251
-0.085489
-0.0402319
-0.0244152
-0.132794
-0.136127
-0.475
-0.0181931
-0.012659
-0.0541962
-0.0485959
-0.045152
0.0028666
-0.125353
-0.154868
-0.0477727
-0.040033
0.0002721
-0.0429332
0.004953
-0.392604
-0.0647079
-0.0545192
-0.0103859
-0.091212
-0.251267
-0.326339
-0.0107706
-0.115798
-0.0526852
-0.308856
-0.939938
-0.0576342
-0.0283413
-0.765216
-0.154172
-0.210241
-0.155622
-0.0191958
0.00511
-0.162331
0.0134444
-0.332965
-0.009616
-0.0748512
-0.0028529
-0.475
-0.0461145
-0.16476
0.0101215
-0.361661
-0.221174
-0.177068
-0.0046246
-0.0201252
-0.0552269
-0.124548
-0.268344
0.0062507
-0.0457176
0.0004371
-0.0615993
0.0003203
-0.113574
-0.152813
-0.213951
0.0100331
0.0024115
-0.0151816
-0.20972
-0.19533
-0.475
-0.301252
-0.135335
-0.0339837
-0.339851
0.0143009
-0.666024
-0.0030182
-0.195237
-0.0699651
-0.156549
-0.0073355
-0.0283159
-0.23795
-0.592283
0.0049224
-0.475
-0.200444
-0.071093
-0.0556496
-0.0049115
-0.166943
-0.200583
-0.475
0.0031051
0.0129279
0.0138073
-0.0078457
-0.475
-0.166303
-0.475
-0.0276368
-0.0134776
-0.475
-0.139714
-0.096024
-0.0306753
-0.13544
-0.0634638
-0.024881
-0.181234
-0.0172642
0.0087353
-0.0477276
-0.520565
-0.0739408
-0.320995
-0.0471497
-0.084267
-0.319494
-0.367856
-0.0096463
0.0004514
-0.475
0.0126414
-6.11e-05
-0.0530856
-0.0398617
-0.230613
0.0106466
-0.0264647
-0.17731
-0.277149
-0.0573537
-0.0401747
0.0012501
-0.002315
-0.0459641
-0.0243719
-0.086557
-0.475
-0.184467
-0.475
-0.091685
-0.135184
-0.0571235
-0.0520994
-0.0665198
-0.0732075
-0.067205
0.0165291
-0.0463298
-0.0601569
0.0001439
-0.0476245
-0.226804
-0.0446824
-0.475
-0.087393
-0.0080425
-0.279605
-0.0277899
-0.081515
-0.046639
-0.253853
-0.087596
-0.259328
-0.160021
-0.0080757
-0.0687772
-0.0225926
-0.0052031
-0.014456
-0.0024237
-0.0621877
-0.475
-0.274938
-0.0004557
-0.0071327
-0.152149
-0.090128
-0.004194
-0.08395
-0.0506351
0.0035796
-0.174587
-0.159003
-0.130152
-0.0711185
-0.0398381
-0.475
-0.0332795
-0.0245826
-0.564067
-0.083817
-0.110128
-0.127912
-0.539206
-0.662709
-0.090563
-0.01315
-0.0070998
0.0125672
-0.0480984
-0.0631738
-0.243339
-0.0134526
-0.0721407
-0.475
-0.344476
-0.26665
-0.267898
-0.231614
-0.304231
-0.342055
-0.276281
-0.267241
-0.302374
-0.274888
-0.279946
-0.2743
-0.303586
-0.272441
-0.264183
-0.131662
-0.307728
-0.257203
-0.317617
-0.710978
-0.281845
-0.296945
-0.35927
-0.263695
-0.311318
-0.21962
-0.354859
-0.280082
-0.22465
-0.264065
-0.31264
-0.348467
-0.269428
-0.182655
-0.3044
-0.263756
-0.249097
-0.292903
-0.255342
-0.273249
-0.285355
-0.353475
-0.117502
-0.312342
-0.258523
-0.205477
-0.364002
-0.310548
-0.402972
-0.296231
-0.304024
-0.315627
-0.306622
-0.347405
-0.255428
-0.318801
-0.259521
-0.334337
-0.341552
-0.114421
-0.279171
-0.223803
-0.280858
-0.320471
-0.24422
-0.302759
-0.259883
-0.275659
-0.377057
-0.178677
-0.317943
-0.276103
-0.290315
-0.310688
-0.307763
-0.259462
-0.258079
-0.174964
-0.349647
-0.274968
-0.281865
-0.385416
-0.270677
-0.187817
-0.290392
-0.288051
-0.261736
-0.301801
-0.294611
-0.249848
-0.35871
-0.28145
-0.253248
-0.282943
-0.298924
-0.280225
-0.280689
-0.371479
-0.409848
-0.292284
-0.173428
-0.23537
-0.167223
-0.223493
-0.335861
-0.322004
-0.37986
-0.27318
-0.26843
-0.261602
-0.262849
-0.279733
-0.202641
-0.276881
-0.287941
-0.280173
-0.298582
-0.31072
-0.322163
-0.215923
-0.236396
-0.297814
-0.240157
-0.315236
-0.226646
-0.270124
-0.202724
-0.247936
-0.72448
-0.20678
-0.298367
-0.414217
-0.292149
-0.227207
-0.274535
-0.278681
-0.261418
-0.20197
-0.276999
-0.26337
-0.225455
-0.20983
-0.106894
-0.338791
-0.129605
-0.305666
-0.273505
-0.29572
-0.153231
-0.265639
-0.213893
-0.299799
-0.339368
-0.322989
-0.273186
-0.265897
-0.302443
-0.280656
-0.290079
-0.297393
-0.297054
-0.274962
-0.274918
-0.266929
-0.113363
-0.288172
-0.33115
-0.088187
-0.215437
-0.293333
-0.248947
-0.213436
-0.278254
-0.35358
-0.252447
-0.310683
-0.274568
-0.18283
-0.271384
-0.339926
-0.416022
-0.280998
-0.246071
-0.306251
-0.229814
-0.295807
-0.369889
-0.317996
-0.18035
-0.306939
-0.267477
-0.210617
-0.162196
-0.342976
-0.152285
-0.262163
-0.309197
-0.29733
-0.315109
-0.36288
-0.260399
-0.265948
-0.303341
-0.354375
-0.322043
-0.267906
-0.300132
-0.240943
-0.241685
-0.248967
-0.424195
-0.290053
-0.322749
-0.0222477
-0.269702
-0.267838
-0.200509
-0.314388
-0.160175
-0.295512
-0.337057
-0.168938
-0.149181
-0.385882
-0.231866
-0.249596
-0.472227
-0.268049
-0.283128
-0.253183
-0.276118
-0.435331
-0.317641
-0.257345
-0.326894
-0.3102
-0.4213
-0.274926
-0.206212
-0.386336
-0.284602
-0.206144
-0.244829
-0.277476
-0.276818
-0.252683
-0.31162
-0.0569851
-0.256495
-0.223967
-0.290768
-0.263975
-0.435386
-0.331215
-0.337957
-0.15452
-0.285975
-0.285531
-0.291658
-0.385011
-0.293529
-0.202781
-0.31069
-0.330148
-0.318165
-0.24898
-0.274357
-0.180256
-0.267312
-0.300024
-0.195087
-0.312168
-0.352886
-0.321068
-0.293846
-0.261838
-0.633884
-0.225036
-0.306659
-0.318964
-0.222898
-0.245196
-0.264768
-0.342199
-0.295109
-0.295772
-0.268384
-0.238345
-0.350918
-0.219258
-0.152034
-0.359257
-0.50752
-0.222455
-0.235274
-0.270577
-0.284216
-0.081203
-0.293808
-0.26827
-0.0594969
-0.2935
-0.238513
-0.251149
-0.220611
-0.249928
-0.298602
-0.153344
-0.247564
-0.209831
-0.235195
-0.286192
-0.30346
-0.296143
-0.275354
-0.325048
-0.327321
-0.253345
-0.358954
-0.316531
-0.294675
-0.172425
-0.200633
-0.289651
-0.287007
-0.320087
-0.229894
-0.295599
-0.141489
-0.389084
-0.295538
-0.267956
-0.218705
-0.176392
-0.37287
-0.256698
-0.199749
-0.218695
-0.335312
-0.279189
-0.326342
-0.410869
-0.098661
-0.375205
-0.257468
-0.336475
-0.252554
-0.283808
-0.438106
-0.272275
-0.302063
-0.353563
-0.275455
-0.291292
-0.294113
-0.314095
-0.424071
-0.371638
-0.310117
-0.324616
-0.287179
-0.326958
-0.276699
-0.305038
-0.318535
-0.22452
-0.223999
-0.291691
-0.303015
-0.382477
-0.417384
-0.131642
-0.284627
-0.311808
-0.303389
-0.265666
-0.445156
-0.298173
-0.2144
-0.254426
-0.311473
-0.15073
-0.178357
-0.277631
-0.249662
-0.269542
-0.382391
-0.256717
-0.366023
-0.277382
-0.312692
-0.362314
-0.238494
-0.319436
-0.181495
-0.279335
-0.082994
-0.224182
-0.268796
-0.256953
-0.344712
-0.095914
-0.334229
-0.168037
-0.260005
-0.308148
-0.252101
-0.126322
-0.251721
-0.363467
-0.289438
-0.168723
-0.269579
-0.383521
-0.186963
-0.237016
-0.333949
-0.480602
-0.284916
-0.283404
-0.302977
-0.168221
-0.272272
-0.424855
-0.307792
-0.389176
-0.234822
-0.372935
-0.322626
-0.268856
-0.133831
-0.16932
-0.213506
-0.38124
-0.258878
-0.249833
-0.351509
-0.357483
-0.322431
-0.36464
-0.519964
-0.258496
-0.397807
-0.26952
-0.276561
-0.170784
-0.290949
-0.363297
-0.374891
-0.30354
-0.278083
-0.288574
-0.297902
-0.140326
-0.314979
-0.260266
-0.285931
-0.299329
-0.258445
-0.160218
-0.363577
-0.303023
-0.469958
-0.163997
-0.412416
-0.22893
-0.456653
-0.412261
-0.334656
-0.444143
-0.279985
-0.27239
-0.396998
-0.258168
-0.15375
-0.236921
-0.233749
-0.388735
-0.0168599
-0.307004
-0.342388
-0.264134
-0.332684
-0.362498
-0.472268
-0.284072
-0.250784
-0.277332
-0.271099
-0.397168
-0.398098
-0.607396
-0.468727
-0.423221
-0.133542
-0.362967
-0.284684
-0.223162
-0.503221
-0.285271
-0.262863
-0.328126
-0.381712
-0.456728
-0.271296
-0.165281
-0.18734
-0.334951
-0.392594
-0.366985
-0.297135
-0.265997
-0.288642
-0.443129
-0.272289
-0.302278
-0.292172
-0.331024
-0.301009
-0.346152
-0.40188
-0.246347
-0.136276
-0.335804
-0.221926
-0.287015
-0.358769
-0.376201
-0.372187
-0.272641
-0.220542
-0.357617
-0.200768
-0.352678
-0.906946
-0.303745
-0.185897
-0.245692
-0.182419
-0.333616
-0.302908
-0.294484
-0.414849
-0.230967
-0.27549
-0.291667
-0.391478
-0.370048
-0.344628
-0.398211
-0.539961
-0.285709
-0.331876
-0.193394
-0.190407
-0.212718
-0.289292
-0.348787
-0.287094
-0.327028
-0.253938
-0.118578
-0.279016
-0.247732
-0.290736
-0.391372
-0.466642
-0.142846
-0.37681
-0.168628
-0.281961
-0.208654
-0.351185
-0.222293
-0.485839
-0.2414
-0.175633
-0.329757
-0.266021
-0.256349
-0.237313
-0.323579
-0.36471
-0.375508
-0.16772
-0.328101
-0.362834
-0.294102
-0.0421058
-0.275949
-0.180834
-0.160995
-0.29095
-0.597258
-0.591809
-0.283997
-0.200423
-0.491827
-0.355602
-0.242783
-0.294428
-0.0645886
0.0074305
-0.0347732
0.0089474
-3.71e-05
-0.0378605
-0.0240301
-0.247927
-0.071483
-0.125634
-0.0110444
-0.0450391
-0.0587946
-0.0426856
-0.145482
-0.097275
-0.260425
-0.189349
-0.149409
-0.277536
-0.0475925
-0.0122267
-0.004849
-0.0097985
-0.817582
-0.0188682
-0.085607
-0.112313
-0.009238
-0.080431
0.0146188
-0.098771
-0.104858
-0.0056711
-0.101431
-0.197529
0.0104237
-0.0233041
-0.0097034
-0.0702612
-0.475
-0.0266027
0.007323
-0.173195
-0.075813
-0.055782
-0.284029
-0.942295
-0.276493
-0.0512469
-0.140618
-0.0559152
0.0205077
-0.0411418
-0.0510271
-0.475
-0.102663
-0.100838
-0.080292
0.0076792
-0.145135
-0.419097
-0.0573981
-0.0279315
-0.08891
-0.0126405
-0.149397
-0.0075483
-0.002687
-0.0585711
-0.229847
-0.0042433
-0.0083469
-0.214167
-0.0647044
-0.145966
-0.351306
-0.134895
-0.134256
-0.0051151
-0.2487
-0.0364562
-0.0659798
-0.0143374
-0.17992
-0.227933
-0.471776
-0.0076446
-0.0372145
-0.0437993
-0.429396
-0.113696
-0.083912
0.0030971
-0.0248782
-0.0107137
-0.0474415
-0.227493
-0.088434
0.0195332
-0.282835
-0.475
-0.0221549
-0.0257357
-0.151756
-0.0172495
-0.158867
-0.0519575
-0.200593
0.0034143
-0.0727584
0.0079884
-0.0613933
-0.0366961
-0.469646
-0.0056915
-0.005227
0.0012039
-0.0659637
-0.0490921
-0.222374
-0.475
0.0139991
-0.136835
-0.471789
-0.115345
-0.087493
-0.180053
-0.0548208
-0.0579393
0.0049932
-0.292422
0.001101
0.0139738
-0.090665
-0.0451761
-0.0194921
-0.369325
-0.169931
-0.128922
-0.048038
-0.0341269
-0.0077427
-0.0620498
-0.275727
-0.13722
-0.0454418
-0.178871
-0.05111
-0.0662897
-0.091548
-0.356767
-0.0130388
-0.0553092
-0.0713045
-0.092213
-0.0170142
0.0043677
-0.0052559
-0.0427874
-0.0523105
-0.0246771
-0.122279
-0.475
-0.122163
-0.475
-0.0618535
-0.0667267
-0.0170846
-0.148051
-0.475
0.017406
-0.0738592
-0.0189753
0.0003605
-0.10419
-0.044865
-0.0489248
-0.0188759
-0.055482
-0.102205
-0.455211
0.0229634
0.0152998
-0.0219382
0.0121865
-0.0738249
-0.475
-0.0131186
-0.156118
-0.0510288
-0.291406
-0.0453858
-0.475
-0.218498
-0.170391
-0.0218487
0.0083278
-0.0014168
-0.475
-0.475
-0.917244
-0.015125
-0.904175
-0.0195752
-0.475
-0.475
-0.0007944
-0.475
-0.475
-0.0628485
0.0117261
-0.0145554
-0.475
-0.049844
0.0133035
-0.237547
0.0221309
0.0119712
-0.15347
-0.0293568
-0.113788
-0.0282233
-0.26859
-0.0698129
-0.093972
-0.0205967
-0.0170874
0.0060308
-0.109801
-0.475
-0.475
-0.0150898
-0.078166
-0.0690428
-0.475
-0.102611
-0.0391549
0.0080917
-0.475
-0.475
-0.128024
-0.089808
0.0151838
0.0021002
-0.112848
-0.0069024
0.0176381
-0.245432
-0.0313211
-0.0465381
-0.560557
-0.109453
-0.475
0.0146343
-0.0478064
-0.0086653
-0.353948
-0.097941
-0.172894
-0.008412
-0.278334
0.0093166
0.0217444
-0.0022316
-0.0244444
-0.102648
-0.01373
-0.150283
-0.402136
-0.0383526
0.0158387
-0.220153
-0.247405
-0.0538694
-0.112962
-0.0416771
-0.475
-0.068118
-0.0399588
0.0223477
-0.0505747
-0.163633
-0.0049082
-0.0079903
-0.0404615
-0.0105511
-0.086192
-0.0340675
-0.0056035
-0.475
-0.114693
-0.0656909
-0.0349041
0.0091152
0.001729
-0.005666
0.0081249
0.0005819
-0.0066122
-0.109809
-0.314904
-0.115413
-0.0213838
-0.475
-0.149826
-0.0066458
-0.0637982
-0.0184322
-0.0115143
-0.0112478
0.0111347
-0.091661
0.0007864
0.0018963
-0.0189049
-0.031861
0.0214197
-0.475
-0.098055
-0.0220808
0.0041443
0.0202816
-0.013776
0.0175389
-0.475
-0.0072232
-0.0376448
-0.101538
-0.0457173
0.0157138
-0.0280174
-0.0149177
-0.01202
-0.0234486
-0.075938
-0.475
-0.410383
-0.178948
-0.0308566
-0.475
-0.155908
-0.167895
0.0092248
0.0171292
-0.0277968
0.0027159
-0.422825
-0.475
-0.475
-0.0677413
-0.0478967
-0.076601
-0.0237114
-0.106381
-0.475
-3.78e-05
-0.0031337
-0.475
-0.0032952
0.0182402
-0.0028884
-0.0467801
0.0131735
0.0219094
-0.475
-0.475
-0.475
-0.475
-0.0260095
-0.475
-0.0372054
0.0188573
-0.0188169
-0.475
-0.475
-0.475
-2.26417
-1.84665
-0.475
-0.475
-0.475
-0.00455
0.0058627
-0.0056149
-0.475
0.0177389
-0.0017331
-0.475
-0.475
-0.091106
-0.475
0.0215504
-0.475
-0.475
0.0173045
0.0126069
0.0022165
-0.475
0.0157794
-0.475
-0.475
-0.475
-0.221089
0.0208621
-0.475
-0.475
0.0191061
-0.0321579
0.0188469
-0.475
0.0143067
-2.06333
0.0131876
0.0136431
-0.0270536
-0.475
-0.475
0.0210029
-0.475
-0.475
-0.475
-0.0156279
-0.0112002
-0.475
-0.668193
-0.0108873
0.0208026
-0.0196232
-0.475
-0.475
-1.34512
-0.475
0.0202346
-0.0400996
-0.475
-0.475
0.0148502
-0.460306
-0.087644
-0.475
0.0209824
-0.0086282
0.0093239
-0.0733558
-0.475
-0.184233
-0.0172715
-0.0655552
-0.475
-0.475
-0.0013383
0.005329
-0.475
-0.0107259
-0.475
0.0094659
-0.475
-0.475
-0.475
0.0042026
0.0178854
0.0245591
-0.208016
-0.475
-0.0413949
0.0208379
-0.148616
-0.0184447
-0.0347719
0.0163012
0.0197083
-0.475
-0.0147643
0.0187585
-0.010352
-0.0021328
-0.339791
-0.382547
-0.537051
-0.358525
-0.429567
-0.422859
-0.382408
-0.278797
-0.382464
-1.03438
-0.347942
-0.316151
-0.294095
-0.554955
-0.502669
-0.360053
-0.312952
-0.327718
-0.355637
-0.259101
-0.275941
-0.41719
-0.363797
-0.371199
-0.410853
-0.448696
-0.228866
-0.423021
-0.391212
-1.14114
-0.427106
-0.434566
-0.315438
-0.388727
-0.318271
-0.296748
-0.359853
-0.335982
-0.342943
-0.263046
-0.438668
-0.32716
-0.35174
-0.29159
-1.01675
-0.293211
-0.386167
-0.271309
-0.388544
-0.235138
-0.260412
-0.525966
-0.229946
-0.302494
-0.855794
-0.3241
-0.268978
-0.313644
-0.353398
-0.414633
-0.37058
-0.493232
-0.306159
-0.331815
-0.308068
-0.267893
-0.377595
-0.43483
-0.253554
-1.09353
-0.237345
-0.268243
-0.341211
-0.398622
-0.239172
-0.246986
-0.391687
-0.187399
-0.133377
-0.484258
-0.573066
-0.36379
-0.274532
-0.283647
-0.459058
-0.354692
-0.638201
-0.36744
-0.328594
-0.247691
-0.237801
-0.514052
-0.503712
-0.566356
-0.377526
-0.337303
-0.468903
-0.306836
-0.282942
-0.493543
-0.211608
-0.325763
-0.283997
-0.459271
-0.366528
-0.510402
-0.338627
-0.386596
-0.222341
-0.201823
-0.348542
-0.316156
-0.319908
-0.464177
-0.331376
-0.219044
-0.416021
-0.345487
-0.338953
-0.363583
-0.367064
-0.244089
-0.278459
-0.363235
-0.24065
-0.294333
-0.261549
-0.440517
-0.399964
-0.327266
-0.305215
-0.387278
-0.274089
-0.386568
-0.41308
-0.256151
-0.414934
-0.386369
-0.376322
-0.405342
-0.307821
-0.309994
-0.394077
-0.65914
-0.303199
-0.285575
-0.278107
-0.446464
-0.368037
-0.448789
-0.323987
-0.590018
-0.373958
-0.341457
-0.426505
-0.37712
-0.443339
-0.321817
-0.301881
-0.527995
-0.335492
-0.355696
-0.339724
-0.326635
-0.423904
-0.207721
-0.331012
-0.377933
-0.642363
-0.451787
-0.336134
-0.377419
-0.275296
-0.384287
-0.331757
-0.33468
-0.307463
-0.452993
-0.248142
-0.358453
-0.771159
-0.262074
-0.283012
-0.385125
-0.391578
-0.258092
-0.807542
-0.487663
-0.469055
-0.270702
-0.438305
-0.315903
-0.384
-0.228507
-0.475356
-0.350237
-0.397937
-0.293108
-0.33901
-0.26829
-0.316287
-0.376606
-0.945852
-0.405341
-0.303362
-0.363272
-0.401925
-0.406491
-0.368315
-0.260483
-0.321132
-0.242928
-0.262803
-0.331593
-0.477747
-0.390481
-0.300812
-0.288607
-0.444583
-0.472299
-0.276327
-0.453104
-0.386971
-0.263074
-0.634593
-0.641056
-0.326159
-0.378207
-0.266988
-0.220771
-0.322413
-0.3283
-0.447017
-0.934771
-0.298343
-0.527505
-0.651146
-0.337572
-0.174123
-0.354899
-0.250332
-0.4706
-0.311986
-0.280744
-0.261689
-0.380919
-0.31494
-0.467007
-0.418292
-0.530549
-0.094532
-0.252467
-0.650706
-0.301095
-0.332686
-0.363763
-0.255713
-0.329817
-0.420319
-0.445578
-0.494256
-0.534175
-0.422465
-0.0592191
-0.348334
-0.226227
-0.344359
-0.201083
-0.636998
-0.487308
-0.376643
-0.30098
-0.223329
-0.355375
-0.398794
-0.458817
-0.314864
-0.296959
-0.354536
-0.385265
-0.145068
-0.361461
-0.533517
-0.333992
-0.363086
-0.449444
-0.424513
-0.333406
-0.355007
-0.258057
-0.517421
-0.208719
-0.388836
-0.479876
-0.402685
-0.401142
-0.270366
-0.340922
-0.87161
-0.313554
-0.257476
-0.429714
-0.253442
-0.564149
-0.243772
-0.340971
-0.26494
-0.406823
-0.213378
-0.308969
-0.397968
-0.446689
-0.303505
-0.278574
-0.284166
-0.296892
-0.541174
-0.263109
-0.306896
-0.434366
-0.321497
-0.195438
-0.328746
-0.557431
-0.245987
-0.283007
-0.298148
-0.0514472
-0.23385
-0.218013
-0.242257
-0.379086
-0.42397
-0.380372
-0.298806
-0.370737
-0.309017
-0.313313
-0.368929
-0.262727
-0.243152
-0.471184
-0.243868
-0.457452
-0.50757
-0.23911
-0.313887
-0.294786
-0.201784
-0.438309
-0.470181
-0.283862
-0.343002
-0.350048
-0.341508
-0.522396
-0.293501
-0.382533
-0.62264
-0.345269
-0.547858
-0.42136
-0.212781
-1.64705
-0.457793
-0.36278
-0.398201
-0.611426
-0.365637
-0.629224
-0.333019
-0.254402
-0.335615
-0.154798
-0.379232
-0.582277
-0.354775
-0.346318
-0.134337
-0.258051
-0.39251
-0.314683
-0.317222
-0.38651
-0.518813
-0.287167
-0.280312
-0.31814
-0.301253
-0.296444
-0.318236
-0.226102
-0.249642
-0.331446
-0.762929
-0.573122
-0.29454
-0.250766
-0.339057
-0.674598
-0.0085398
-0.3912
-0.0162454
0.0132887
-0.0013966
-0.0136817
-0.0549645
-0.092399
-0.230346
-0.173338
-0.00249
-0.0067992
-0.0718378
-0.0102996
-0.316106
-0.0600676
-0.129684
-0.081021
-0.221909
-0.0603023
-0.0279753
-0.0535104
-0.0700744
-0.0043901
-0.124729
-0.614175
-0.103039
-0.122379
-0.080055
0.0111718
0.0015228
-0.207673
-0.286176
-0.08336
-0.17271
-0.087088
-0.178101
-0.12971
-0.179803
0.0202014
-0.0518086
-0.316291
-0.0545417
0.0176376
0.017939
-0.0079791
-0.158551
0.0057326
-0.0355853
-0.151035
-0.0190743
-0.114462
-0.0059856
-0.121485
-0.266272
-0.0142882
-0.0434676
-0.238791
-0.245171
-0.0057275
-0.085404
-0.0408693
-0.112108
0.0234976
0.0005733
-0.0221331
-0.0644659
-0.119721
-0.107754
-0.140062
-0.141312
-0.0624056
-0.164625
-0.0219332
-0.097771
-0.058471
-0.11188
-0.185389
-0.124024
-0.361907
-0.178964
-0.158187
-0.0399245
0.0098794
-0.39447
-0.0372131
-0.149153
-0.121754
-0.146785
-0.0055572
-0.263413
-0.0117419
-0.174597
-0.0389344
-0.078471
-0.0223275
-0.0508425
-0.0260661
-0.243993
-0.206596
-0.475
-0.0196757
-0.245705
-0.0107719
-0.475
-0.185457
-0.0371679
-0.086517
-0.029926
-0.0394948
-0.0270432
-0.182524
-0.0663092
-0.167371
-0.475
-0.098488
-0.371778
0.0144905
-0.10037
-0.0450798
-0.0157117
-0.088236
-0.0182285
-0.166599
-0.0350102
-0.14157
-0.232972
-0.189106
0.0099405
-0.0012527
-0.529174
-0.067351
-0.360476
-0.166979
-0.0149619
-0.103434
-0.0462061
-0.376272
-0.017734
-0.0232822
0.0075812
-0.0242493
-0.058076
-0.0308577
-0.0137195
-0.237674
-0.62463
-0.475
-0.389399
-0.122691
-0.076227
-0.0587034
-0.103554
-0.256154
-0.223885
-0.112725
-0.295899
-0.0376845
-0.279243
-0.038061
-0.221218
-0.0033719
-0.0441126
-0.12851
-0.265284
-0.503571
0.0041876
-0.103459
-0.088975
-0.0221654
-0.139756
-0.0276619
-0.214695
-0.0154952
-0.0312436
-0.475
-0.165885
-0.104174
-0.0303819
-0.100789
-0.281107
-0.0664091
-0.171461
-0.213357
-0.0316283
-0.475
-0.0506954
-0.476103
-0.112546
-0.14957
-0.342167
-0.0331587
-0.475
-2.02612
-0.0591966
-0.084495
0.0047539
-0.0658232
-0.0073244
-0.179377
-0.144743
-0.089831
-0.338557
-0.345496
-0.131317
-0.109473
-0.0261254
-0.196139
-0.437294
-0.551167
-0.094124
-0.152602
-0.0205015
-0.149206
-0.0558157
-0.475
-0.287946
-0.149128
-0.174491
-0.263642
-0.31507
0.013712
-0.212915
-0.055532
-0.0719087
-0.0390208
0.0032212
-0.0604069
-0.0221664
-0.078751
-0.475
-0.0697261
-0.400937
-0.0729739
-0.104217
-0.0343807
-0.223015
-0.031934
-0.0062285
-0.136089
-0.0373284
-0.0495371
-0.132136
-0.0677883
-0.033141
0.0085143
-0.0379459
-0.374995
-0.0561307
-0.0337258
-0.0358728
-0.0026851
-0.475
-0.134126
-0.114691
-0.351358
-0.124125
-0.0098047
-0.446201
-0.124228
-0.154917
-0.112263
-0.0505838
-0.181938
-0.329661
-0.113091
-0.0030053
-0.57433
-0.12059
-0.404053
-0.0226044
-0.091017
-0.519782
-0.082177
-0.0453665
-0.158849
0.0087407
-0.25533
-0.0564794
-0.0633212
-0.119645
-0.134108
-0.230963
-0.0254554
-0.226744
-0.23651
-0.289038
-0.128351
-0.0133932
-0.475
-0.501904
-0.119118
-0.468672
-0.0581007
-0.0645579
-0.208972
-0.0746781
-0.0702799
-0.0149955
-0.170339
-0.190353
-0.0364027
-0.294842
-0.041636
-0.082679
-0.401653
-0.15515
-0.475
-0.0312457
-0.114526
-0.1306
-0.0697896
-0.0069469
-0.0691057
-0.202973
-0.0084722
-0.0204569
-0.37945
-0.127292
-0.144497
-0.113729
-0.088385
-0.0125422
-0.24744
-0.215159
-0.408334
-0.046434
-0.0232506
-0.100612
-0.124307
-0.23665
-0.0037178
-0.0174713
-0.258927
-0.157921
-0.358962
-0.100918
-1.04309
-0.475
-0.269607
-0.080594
-0.2723
-0.475
-0.511515
-0.231339
-0.316061
-0.0596249
-0.130486
-0.0087965
-0.40676
-0.463005
0.0139721
0.0090959
-0.0096926
-0.0480121
-0.111269
-0.170741
-0.0358333
-0.111778
-0.475
-0.440114
-0.313448
-0.475
-0.475
-0.0309776
-0.475
-0.156732
-0.0407468
-0.229183
-0.0434511
-0.081309
-0.266902
-0.082149
-0.0034558
-0.212471
-0.0354197
-0.097797
-0.156951
-0.0231693
-0.099831
-0.0731836
0.0015623
-0.441178
-0.102713
-0.078534
-0.0258139
-0.086567
-0.100718
-0.176896
-0.143451
-0.0233134
-0.103358
-0.475
-0.0414542
-0.076539
-0.121036
-0.0368242
-0.1559
-0.127663
-0.216389
-0.475
-0.475
-0.15057
-0.0498686
-0.197214
-0.475
-0.131861
-0.135014
-0.258682
-0.0652238
-0.171587
-0.356817
-0.080625
-0.178498
-0.125259
-0.264261
-0.095329
-0.279577
0.018203
-0.218411
-0.178333
-0.0731622
-0.0393854
-0.170713
-0.077588
-0.0577699
-0.150916
-0.094363
-0.141498
-0.148607
-0.0254795
-0.208919
-0.0726812
-0.230814
-0.16428
-0.0723557
-0.453076
-0.209916
0.008451
-0.475
-0.31416
-0.304673
-0.0302667
-0.475
-0.0114522
-0.0106016
-0.075604
-0.088881
-0.149847
-0.0165044
-0.078827
-0.093982
-0.475
0.0136664
-0.0135909
-0.0716029
-0.0699505
-0.119466
-0.0065966
-0.34791
-0.124375
-0.125952
-0.210787
-0.110847
-0.217758
-0.161434
-0.0675667
-0.079719
-0.0048047
-0.178446
-0.075306
-0.0315301
-0.173093
-0.27214
-0.129372
-0.0325874
-0.26939
-0.009113
-0.183651
-0.0083672
-0.0255223
-0.0263316
-0.0047552
-0.475
-0.095762
-0.076571
0.0028488
-0.0640323
-0.475
-0.123856
-0.195703
0.0040234
-0.0574259
-0.0131301
-0.186191
-0.0330555
-0.142278
-0.11316
-0.0440169
-0.0013172
-0.0478363
-0.475
-0.0479357
-0.0697486
-0.251659
-0.106016
-0.316079
-0.152453
-0.0357106
-0.0404315
-0.134618
-0.0732097
-0.0493678
-0.472287
-0.088735
-0.0357145
-0.124061
-0.0383338
-0.475
-0.111492
-0.0220468
-0.153681
-0.0412421
-0.144284
-0.227537
-0.098794
-0.024619
-0.0215445
-0.188041
0.0016157
-0.197128
0.0219009
-0.151421
-0.475
-0.0319642
-0.0476063
-0.134051
-0.0081256
-0.082371
-0.475
-0.152791
-0.0742285
-0.09182
-0.475
-0.0075016
-0.089427
-0.0368164
-0.0574559
-0.060415
-0.261595
-0.076027
-0.0404482
-0.131529
-0.0229897
-0.0246825
-0.089314
-0.0165912
-0.0566526
-0.0038826
-0.0101364
-0.0563158
-0.0455391
-0.0273101
-0.114361
0.0121602
-0.259062
-0.348786
-0.125851
-0.0345559
-0.071688
-0.210579
-0.475
-0.0485793
0.0225791
-0.321955
0.0161828
-0.006117
-0.0117684
-0.095545
-0.349763
-0.0496945
-0.393543
-0.166579
-0.159047
0.0148506
-0.346836
-0.089382
0.020729
-0.321457
-0.0281873
-0.0324037
-0.127629
-0.0692123
-0.0067732
-0.0006519
-0.0089597
0.005363
-0.0380166
-0.092862
-0.475
0.0218016
-0.203873
0.0052169
-0.212182
-0.0354754
-0.0526505
-0.238494
-0.0602826
-0.260854
-0.0386276
-0.133807
-0.475
0.0097358
-0.081106
-0.097609
-0.0392101
-0.0383992
-0.0119603
-0.139707
-0.0002265
-0.0555898
-0.475
-0.143446
-0.0149453
-0.050516
-0.145864
-0.0166945
-0.0283222
-0.0045888
0.0077813
-0.475
-0.0289499
-0.168997
-0.363649
-0.0078128
-0.132823
-0.10421
-0.0007266
-0.25752
-0.0170653
-0.10248
-0.0602636
-0.027578
-1.20899
0.0103328
-0.0592445
-0.0273926
-0.554473
-0.0380742
0.0129755
-0.194647
0.0135335
0.014246
-0.0526818
-0.0168658
-0.0239865
-0.0254774
-0.090887
-0.0476755
-0.339051
-0.085018
-0.157885
-0.12747
0.0149805
-0.475
0.0031128
-0.435306
-0.365649
-0.0693482
-0.093474
-0.135442
-0.0376353
-0.0035656
-0.133253
-0.435152
-0.225916
0.0176779
-0.100082
-0.475
-0.279266
-0.153199
-0.07843
-0.0345115
-0.0192818
-0.306212
-0.0733548
-0.0225979
-0.0391236
-0.040727
-0.0076516
0.0200283
-0.0581262
-0.0671903
-0.0568291
-0.140392
-0.0325363
-0.0272047
-0.0060896
-0.475
-0.589699
-0.0183125
-0.112922
-0.291982
-0.0337532
-0.006016
0.0077604
-0.021132
-0.079737
-0.0221115
-0.095243
0.0231236
0.0121599
-0.0104015
0.0085532
-0.0036807
-0.239172
-0.0235133
-0.0549933
0.0088084
0.0025968
-0.16904
0.0140352
-0.11813
-0.093873
-0.15159
-0.0445737
-0.0001758
0.0201465
-0.0339784
-0.0165713
-0.032799
-0.12391
-0.0238327
0.0061031
0.007516
-0.115633
0.0228732
-0.282476
-0.094855
-0.133445
-0.016004
0.010157
-0.0478071
-0.0014986
-0.0148024
-0.110884
-0.09231
-0.110458
-0.475
-0.0392705
-0.0454389
-0.150173
-0.0150797
-0.0177223
-0.0552579
-0.129862
-0.396903
-0.348677
-0.301556
-0.184008
-0.258817
-0.237951
-0.395971
-0.281546
-0.248402
-0.282784
-0.172699
-0.293349
-0.379353
-0.223562
-0.281692
-0.267126
-0.267031
-0.31434
-0.266305
-0.289069
-0.393352
-0.229808
-0.078976
-0.268767
-0.224763
-0.358637
-0.37349
-0.353393
-0.335297
-0.235197
-0.386556
-0.26342
-0.300944
-0.260491
-0.367498
-0.268814
-0.410379
-0.233495
-0.354973
-0.301196
-0.210981
-0.352904
-0.281446
-0.232353
-0.32978
-0.264445
-0.317085
-0.332665
-0.258332
-0.402326
-0.368201
-0.29918
-0.32565
-0.270923
-0.281642
-0.314379
-0.389919
-0.38338
-0.272539
-0.301241
-0.215248
-0.374476
-0.242755
-0.289828
-0.305798
-0.231051
-0.36782
-0.263583
-0.296669
-0.267871
-0.326543
-0.389747
-0.254822
-0.31339
-0.363315
-0.215851
-0.240492
-0.261544
-0.316225
-0.313558
-0.28001
-0.253993
-0.355878
-0.367145
-0.372548
-0.31273
-0.298891
-0.230831
-0.323924
-0.330449
-0.349204
-0.317374
-0.320261
-0.278998
-0.25947
-0.413785
-0.333932
-0.348368
-0.304908
-0.327609
-0.339827
-0.318117
-0.238043
-0.373916
-0.201294
-0.272165
-0.352324
-0.311083
-0.311157
-0.371729
-0.368627
-0.302643
-0.286965
-0.267858
-0.251329
-0.30272
-0.393133
-0.295176
-0.298153
-0.228855
-0.293116
-0.276863
-0.29044
-0.131737
-0.352621
-0.264571
-0.187339
-0.305616
-0.288526
-0.300966
-0.391747
-0.291084
-0.374363
-0.240053
-0.414424
-0.401778
-0.226584
-0.188648
-0.393613
-0.264749
-0.158874
-0.359208
-0.252321
-0.298732
-0.339985
-0.335044
-0.313532
-0.327948
-0.317542
-0.376875
-0.312076
-0.283642
-0.297343
-0.172972
-0.274684
-0.411164
-0.200018
-0.285582
-0.282575
-0.28642
-0.266041
-0.279689
-0.302299
-0.269263
-0.272491
-0.260838
-0.285049
-0.340569
-0.262994
-0.399359
-0.118625
-0.286691
-0.388712
-0.382511
-0.332757
-0.315874
-0.346003
-0.305966
-0.33879
-0.304954
-0.295672
-0.321714
-0.317952
-0.604703
-0.313041
-0.322297
-0.413722
-0.321597
-0.266337
-0.292424
-0.188052
-0.250309
-0.272999
-0.305433
-0.263094
-0.311575
-0.212499
-0.373787
-0.123358
-0.388877
-0.297211
-0.508431
-0.317498
-0.341544
-0.333589
-0.3388
-0.306275
-0.27753
-0.311926
-0.242165
-0.349043
-0.400449
-0.359552
-0.339175
-0.296164
-0.280311
-0.430415
-0.21442
-0.337237
-0.264176
-0.294208
-0.337109
-0.296127
-0.524323
-0.32362
-0.321056
-0.333972
-0.297589
-0.533606
-0.394571
-0.182314
-0.6121
-0.434703
-0.334614
-0.352858
-0.32224
-0.296337
-0.401216
-0.346549
-0.365395
-0.213876
-0.320573
-0.243404
-0.199689
-0.271209
-0.218808
-0.288003
-0.360287
-0.275814
-0.349957
-0.465042
-0.269363
-0.381436
-0.452844
-0.390153
-0.358924
-0.273692
-0.354364
-0.369729
-0.299151
-0.294023
-0.327035
-0.416239
-0.268753
-0.309808
-0.35887
-0.347876
-0.339657
-0.258315
-0.192689
-0.388976
-0.410303
-0.363029
-0.314102
-0.538205
-0.364478
-0.232615
-0.323089
-0.28361
-0.314117
-0.230298
-0.335859
-0.420001
-0.367327
-0.325203
-0.315714
-0.359729
-0.229033
-0.220472
-0.128887
-0.361275
-0.411706
-0.24397
-0.282089
-0.352094
-0.174417
-0.304383
-0.310128
-0.540195
-0.2727
-0.260918
-0.357974
-0.317779
-0.334362
-0.296786
-0.276304
-0.276079
-0.254885
-0.367186
-0.270316
-0.350116
-0.263249
-0.311697
-0.244562
-0.294102
-0.397397
-0.413164
-0.313803
-0.362077
-0.311284
-0.35963
-0.317214
-0.157781
-0.350156
-0.362433
-0.345023
-0.291499
-0.335535
-0.349798
-0.170642
-0.286791
-0.310184
-0.365434
-0.254275
-0.177115
-0.392188
-0.243731
-0.208833
-0.294121
-0.316315
-0.286235
-0.300863
-0.389532
-0.292229
-0.38921
-0.343359
-0.163658
-0.371592
-0.36886
-0.286146
-0.347294
-0.328688
-0.25315
-0.29634
-0.338095
-0.281713
-0.286606
-0.254814
-0.314108
-0.332071
-0.317813
-0.298835
-0.400425
-0.242437
-0.479156
-0.262457
-0.314414
-0.330314
-0.673675
-0.320741
-0.293351
-0.327825
-0.28382
-0.28042
-1.08826
-0.309012
-0.377294
-0.127775
-0.337908
-0.24872
-0.367379
-0.322824
-0.295854
-0.314163
-0.337186
-0.220084
-0.289327
-0.231144
-0.35832
-0.321615
-0.297776
-0.361885
-0.334963
-0.256034
-0.323705
-0.309074
-0.395239
-0.354613
-0.38689
-0.238135
-0.48693
-0.379286
-0.593199
-0.310414
-0.320468
-0.355334
-0.271763
-0.376735
-0.365105
-0.221659
-0.363606
-0.25815
-0.252488
-0.402918
-0.366822
-0.420909
-0.257598
-0.293793
-0.358468
-0.221815
-0.318755
-0.303908
-0.465457
-0.370517
-0.49496
-0.369736
-0.397343
-0.315163
-0.427089
-0.313593
-0.328335
-0.310081
-0.2798
-0.265489
-0.372652
-0.362083
-0.487263
-0.482368
-0.269231
-0.373995
-0.447472
-0.312998
-0.234919
-0.236069
-0.36546
-0.342126
-0.411675
-0.323512
-0.421181
-0.116845
-0.50425
-0.279807
-0.272087
-0.42469
-0.381643
-0.265884
-0.385614
-0.229823
-0.456093
-0.368032
-0.364267
-0.343218
-0.428278
-0.286051
-0.406972
-0.560495
-0.390159
-0.903016
-1.32896
-0.488253
-0.462869
-0.370773
-0.193326
-0.347619
-0.357412
-0.66487
-0.355791
-0.402008
-0.266015
-0.391428
-0.333008
-0.278535
-0.423228
-0.320792
-0.359986
-0.388713
-0.333288
-0.438376
-0.514327
-0.21297
-0.759937
-0.196366
-0.98118
-0.393566
-0.329893
-0.624486
-0.384865
-0.093365
-0.42019
-0.304933
-0.542435
-0.366533
-0.398469
-0.290328
-0.922356
-0.383433
-0.252786
-0.347316
-0.342909
-0.405843
-0.343729
-0.347284
-0.586732
-0.410406
-0.141281
-0.4108
-0.27362
-0.408425
-0.404951
-0.284172
-0.173519
-0.371103
-0.32034
-0.544238
-0.360747
-0.380304
-0.183933
-0.399885
-0.296523
-0.42981
-0.510806
-0.334143
-0.374647
-0.393501
-0.305274
-0.444843
-0.19516
-0.30482
-0.371624
-0.424302
-0.364957
-0.618348
-0.320037
-0.338569
-0.512448
-0.531598
-0.226185
-0.697905
-0.401772
-0.490482
-0.369722
-0.558019
-0.323152
-0.288486
-0.236271
-0.259187
-0.282749
-0.500049
-0.406007
-0.508241
-0.347631
-0.324252
-0.575276
-0.380961
-0.75992
-0.345535
-0.24944
-0.665257
-0.488059
-0.34834
-0.304934
-0.51506
-0.275005
-0.284724
-0.445612
-0.342069
-0.322207
-0.332441
-0.263491
-0.534493
-0.289919
-0.503185
-0.245149
-0.438442
-0.39984
-0.346
-0.325686
-0.314901
-0.317641
-0.332129
-0.259446
-0.25363
-0.421517
-0.31202
-0.256517
-0.316054
-0.316799
-0.442886
-0.33233
-0.633825
-0.0468881
-0.0462728
-0.11721
0.0149919
-0.0013329
-0.163186
-0.0052166
-0.181307
-0.360293
-0.08106
-0.0354681
-0.097582
-0.218249
0.021555
-0.163966
0.0223435
-0.0222231
-0.0044666
-0.101619
-0.0078848
-0.161528
-0.08294
0.0068976
-0.0231372
-0.0132963
-0.144938
-0.0353197
-0.104874
-0.0678859
-0.475
-0.343219
-0.0429056
-0.208066
-0.0492727
-0.304483
-0.0194351
-0.475
0.0075269
-0.0089875
-0.0711458
-0.475
-0.039462
-0.475
-0.0658134
-0.0621191
-0.0617698
-0.09047
-0.0301751
-0.0161731
-0.0585691
-0.096616
0.0109041
-0.139906
-0.129062
-0.0007556
0.00162
-0.0230828
-0.056104
-0.148887
-0.293146
-0.0391426
-0.0284822
-0.268955
-0.261189
-0.0008891
-0.111728
-0.475
-0.0145628
-0.157661
-0.0190081
0.0081181
-0.822944
-0.290897
-0.098707
-0.0563882
-0.466063
-0.185991
-0.0267749
-0.2917
-0.052725
-0.081486
-0.173159
-0.177026
-0.271948
0.0219018
-0.0622178
-0.0140271
0.0196742
-0.289568
-0.112997
-0.410339
-0.0429712
-0.0293306
-0.0516803
-0.277489
-0.193394
-0.0575414
-0.0124205
-0.082835
-0.0684425
-0.0686112
-0.0554942
-0.0352043
-0.124892
-0.0055275
-0.0192758
-0.0395838
-0.637997
-0.0215486
-0.0310799
-0.0655531
0.0026434
-0.007827
0.005038
-0.087066
-0.0411042
-0.0360792
0.0122519
-0.118184
0.0203029
-0.156652
-0.0232902
0.0132257
-0.475
0.0060108
-0.110881
-0.268516
-0.333044
-0.0049429
-0.475
-0.164881
-0.0235875
-0.052858
-0.081676
-0.0148096
-0.475
-0.0227508
-0.0114225
-0.02942
-0.107988
-0.196788
-0.275619
-0.096215
-0.141417
-0.193784
-0.0115277
-0.089319
0.0122525
-0.0528191
-0.108723
-0.0076875
-0.155018
-0.138697
-0.0204636
0.0008925
-0.0033069
-0.0126652
0.0144172
-0.0089194
-0.199911
-0.475
-0.076431
-0.0697226
-0.0383117
-0.410946
-0.0134665
-0.096026
-0.0489488
-0.087258
-0.131538
-0.0531043
-0.0624204
0.0101141
-0.0400195
-0.12906
0.0006959
-0.015022
0.0155929
-0.075196
-0.069713
-0.0365774
0.0142293
-0.300378
0.0016926
-0.475
-1.20798
-0.0428246
0.0133405
-0.475
0.0182375
0.0175259
-1.11656
-0.0283469
0.0141202
-0.0365543
-0.0663388
0.0082704
-0.475
-0.229058
-0.254816
-0.0748581
-0.0117945
-0.475
-0.0604746
-0.0249883
-0.0572868
-0.75427
-0.155355
0.0142119
-0.0220315
-0.085246
-0.0573412
-0.157971
-0.389982
-0.181736
-0.182755
0.0215298
0.0189356
-0.12176
-0.0294549
-0.475
-0.0149557
0.0193454
-0.0366089
-0.0521058
-0.0625861
-0.228248
-0.118828
0.0082085
-0.133126
-0.0167792
-0.475
-0.0207284
-0.475
-0.0202035
-0.475
-0.035376
-0.019788
-0.0404971
-0.075576
-0.149588
0.0107338
-0.073164
-0.409373
-0.475
0.0113948
-0.0433813
-0.0390961
-0.0164279
-0.0001828
-0.188404
-0.0037483
0.0225446
-0.128291
-0.0240726
-0.0215636
0.0134172
-0.0021032
-0.0442494
0.0145028
0.0102925
0.012764
0.0121398
-0.009549
-0.22129
-0.233658
-0.338225
-0.185201
-0.074786
-0.475
-0.08719
-0.0014747
-0.107724
-0.0031065
-0.475
-0.175754
-0.169608
-0.139614
-0.142078
-0.383356
-1.54163
-0.142926
-0.0463656
0.0026567
0.0002572
-0.0228958
-0.414186
-0.475
-0.0431932
-0.161519
-0.0310898
-0.475
-0.217979
-0.191458
0.0234561
0.0219335
-0.09047
-0.000287
-0.0742858
-0.0080368
-0.095922
-0.0057264
-0.136558
0.0231926
-0.475
-0.155237
-0.0102729
0.0074383
-0.475
0.0124574
-0.327749
-0.075791
-0.385992
-0.0083391
-0.381195
-0.054215
-0.195242
-0.169429
-0.0095912
0.022507
0.0146894
-0.089385
-0.475
-0.0396326
0.0075838
-0.0256738
-0.0103222
-0.0231473
-0.002495
-0.0277969
-0.080126
-0.475
-0.028668
-0.0490432
0.0248321
0.0085959
-0.475
0.0221472
0.0146936
-0.642282
-0.207537
0.0145743
-0.177212
-0.0221904
-0.475
-0.0067739
-0.0361069
0.0188765
0.0147333
-0.133529
0.0171009
0.0217099
-0.0295829
-0.084976
-0.103177
0.0109519
-0.11207
-0.0232169
-0.0381967
-0.114829
-0.475
0.0142426
-0.88476
-0.0208715
0.0037321
-0.1889
-0.0257225
-0.0161257
-0.0209838
-0.247119
-0.475
0.0021965
-0.475
-0.0097943
-0.0656051
-0.475
0.0189534
0.0180718
0.0113369
-0.1942
-0.0033908
-0.475
-0.0532741
-0.0218838
-0.475
0.0225859
-0.475
-0.475
-0.475
-0.475
-0.262217
-0.099267
-0.0356526
-0.475
-0.475
-0.0445101
-0.475
-0.287713
-0.475
-0.475
0.0152725
0.0235526
-0.151083
-0.475
-0.475
-0.0226094
-0.475
-0.475
0.021916
-0.0079314
0.0187342
-0.0293434
-0.475
-0.475
-0.475
-0.085565
-0.475
0.0140443
-0.475
-0.475
0.0048064
-0.475
-0.475
-0.475
-0.475
-0.475
-0.0428523
0.0123846
-0.0210067
-0.475
-0.475
0.0147961
0.0222817
-0.359676
-0.0422125
0.0174289
-0.111413
-0.0236211
0.0007669
-0.475
-0.475
-0.475
-0.122314
-0.475
-0.0212037
0.0060597
0.000718
-0.475
0.0221932
-0.0447612
-0.0027528
0.0154274
-0.0277521
-0.475
-0.475
-0.475
-0.475
-0.475
0.0148346
0.0219794
-0.475
-0.475
-0.475
-0.475
0.0228472
-0.28191
-0.475
0.0214607
-0.475
-0.543327
-0.0025077
-0.311942
-0.345453
-0.399142
-0.361316
-0.402179
-0.577866
-0.235627
-0.370799
-0.39373
-0.367348
-0.351647
-0.171465
-0.396311
-0.369182
-0.428313
-0.400484
-0.473386
-0.687431
-0.351941
-0.42654
-0.400058
-0.300601
-0.236751
-0.275733
-0.352681
-0.42734
-0.907279
-0.429093
-0.256155
-0.378137
-0.373318
-0.347015
-0.20707
-0.373285
-0.320167
-0.327668
-0.396165
-0.159996
-0.38154
-0.311719
-0.271999
-0.355812
-0.324735
-1.08276
-0.268565
-0.436286
-0.619899
-0.422309
-0.285127
-0.323111
-0.368623
-0.187138
-0.329969
-0.199179
-0.218578
-0.378882
-0.402222
-0.386621
-0.31766
-0.391189
-0.246079
-0.320988
-0.413416
-0.59065
-0.413723
-0.566649
-0.46875
-0.395127
-0.41112
-0.37982
-0.353604
-0.395756
-0.299824
-0.34117
-0.755254
-0.358553
-0.293927
-0.368792
-0.313058
-0.258118
-0.36712
-0.286698
-0.408632
-0.369244
-0.313218
-0.228486
-0.204927
-0.344054
-0.246801
-0.217539
-0.286894
-0.334758
-0.153279
-0.229612
-0.467731
-0.495332
-0.330615
-0.39938
-0.327748
-0.48014
-0.36262
-0.299842
-0.530212
-0.370529
-0.459092
-0.335933
-0.191741
-0.35149
-0.411294
-0.321907
-0.345976
-0.338178
-0.361344
-0.386946
-0.343712
-0.402303
-0.380848
-0.544504
-0.353809
-0.281418
-0.320203
-0.312493
-0.243735
-0.403836
-0.242151
-0.298243
-0.48054
-0.372334
-0.450745
-0.351687
-0.34729
-0.312195
-0.415813
-0.340424
-0.362667
-0.334472
-0.341791
-0.392333
-0.357026
-0.38157
-0.358644
-0.188675
-0.506685
-0.384934
-0.492338
-0.41715
-0.658547
-0.836539
-0.310927
-0.687991
-0.38301
-0.570981
-0.323372
-0.452678
-0.260482
-0.235875
-0.367628
-0.271005
-0.355615
-0.419119
-0.381852
-0.40874
-0.223812
-0.285079
-0.201383
-0.483807
-0.563985
-0.400941
-0.290071
-0.348319
-0.410018
-0.28961
-0.339713
-0.383101
-0.384509
-0.259458
-0.514749
-0.473621
-0.296677
-0.369392
-0.363855
-0.709343
-0.357816
-0.528299
-0.515747
-0.360799
-0.396859
-0.325677
-0.336418
-0.786181
-0.332934
-0.371385
-0.357682
-0.370731
-0.377691
-0.408362
-0.310313
-0.255944
-0.36203
-0.306388
-0.270038
-0.258909
-0.461486
-0.746314
-0.45771
-0.305441
-0.652353
-1.92312
-0.387991
-0.827288
-0.349514
-0.495071
-0.107988
-0.443516
-0.46344
-0.296087
-0.212364
-0.614719
-0.289901
-0.38219
-0.224011
-0.264819
-0.395955
-0.724765
-0.314693
-0.405458
-0.311303
-0.626702
-0.31939
-0.351798
-0.324311
-0.711745
-0.428409
-0.442248
-0.280029
-0.272678
-0.31452
-0.357215
-0.497688
-0.677247
-0.194589
-0.267136
-0.598199
-0.39966
-0.139048
-0.171151
-0.281693
-0.929302
-0.408752
-0.3262
-0.209881
-0.273122
-0.186458
-0.576712
-0.915062
-0.458054
-0.706834
-0.358005
-0.268022
-0.5503
-0.367483
-0.534927
-0.402643
-0.341957
-0.160621
-0.599961
-0.21941
-0.448823
-0.294212
-0.297942
-0.281878
-0.321117
-0.215863
-0.427213
-0.424308
-0.381473
-0.267841
-0.716753
-0.255251
-0.555297
-0.298643
-0.532324
-0.515813
-0.26902
-0.386214
-0.218961
-0.409729
-0.41131
-0.283533
-0.365966
-0.807751
-0.631744
-0.358889
-0.292161
-0.568716
-0.283851
-0.355365
-0.241196
-0.299468
-0.504968
-0.531043
-0.845269
-0.255331
-0.224283
-0.340226
-0.194725
-0.347016
-0.44423
-0.183671
-0.440526
-0.568431
-0.359628
-0.401096
-0.262537
-0.267641
-0.408104
-0.698897
-0.309888
-0.218876
-0.329876
-0.30064
-0.445431
-0.580522
-0.581302
-0.420333
-0.5776
-0.162663
-0.393111
-0.348864
-0.443605
-0.260659
-0.404471
-0.288626
-0.0501916
-0.346547
-0.177802
-0.248585
-0.414859
-0.234358
-1.16882
-0.600625
-0.436531
-0.493698
-0.282515
-0.524586
-0.26558
-0.350828
-0.489858
-0.281846
-0.411192
-0.242352
-0.655913
-0.516079
-0.293662
-0.407671
-0.563348
-0.344055
-0.276815
-1.5856
-0.159735
-0.283328
-0.397901
-0.56973
-0.211562
-0.347853
-0.299489
-0.389766
-0.450266
-0.338626
-0.175391
-0.307603
-0.464249
-0.296088
-0.491153
-0.448384
-0.298026
-0.530678
-0.530911
-0.609344
-0.694102
-0.392135
-0.480477
-0.27589
-0.261396
-0.613632
-0.434711
-0.355064
-0.821029
-0.352346
-0.278566
-0.458188
-0.434085
-0.595363
-0.526887
-0.209664
-0.183505
-0.641854
-0.416391
-0.265672
-0.383436
-0.128186
-0.258713
-0.295566
-0.248909
-0.0610207
-0.0541749
-0.128433
0.012911
-0.0203804
-0.0072757
-0.217037
-0.0075298
-0.0013279
-0.0273172
-0.0438328
-0.0266998
-0.11952
-0.077905
-0.0334013
-0.125276
-0.080336
-0.184563
0.008364
-0.11911
-0.0400255
-0.095164
-0.475
-0.0254882
-0.2999
-0.0509633
-0.0017003
0.0101751
-0.168008
0.0017224
-0.475
-0.0009933
-0.0339121
-0.0180768
-0.109196
-0.0098116
0.022588
-0.0056346
0.0105445
-0.239923
-0.03199
-0.237949
-0.0573489
-0.475
-0.0176479
-0.0717515
0.00622
-0.0286079
-0.352769
-0.020435
-0.170104
-0.388144
-0.079465
-0.002346
-0.0660782
-0.252671
-0.475
-0.107185
-0.0172737
-0.175842
-0.0385617
-0.318628
0.0099993
-0.148861
-0.167622
-0.31807
0.0104284
-0.147512
-0.0257207
0.0224425
-0.175886
-0.179276
-0.223426
-0.299543
-0.0417207
-0.0572632
-0.0060214
-0.186029
-0.0221837
0.0157768
-0.0346658
0.0165219
-0.16684
-0.145125
-0.119379
-0.133527
-0.0160547
-0.0241056
-0.0048334
-0.0117885
-0.570289
-0.117483
-0.013979
-0.0036064
-0.475
-0.093528
0.0129307
-0.0580521
-0.0496662
-0.0092951
0.0110324
-0.0631214
-0.0020499
-0.136006
-0.167626
-0.114888
-0.42363
-0.0129796
-0.0570604
0.0234263
-0.2167
-0.352391
-0.803453
-0.475
0.006387
-0.0124697
-0.0256903
0.0102592
-0.0740569
-0.096438
-0.475
-0.219081
0.0097795
-0.475
-0.0511402
0.0023975
-1.29811
-0.0044025
-0.0099062
-0.0482124
0.0002124
-0.092299
-0.181153
-0.0031964
-0.13194
-0.147299
0.0054239
-0.0511445
-0.0021371
-0.205405
-0.0012342
-0.0199892
-0.475
-0.0385296
-0.475
-0.475
-0.475
-0.112046
-0.0300593
-0.475
-0.0419903
-0.101909
-0.170417
0.0143406
-0.157503
-0.0375868
-0.196883
-0.095442
-0.475
-0.254613
-0.107015
-0.143338
-0.0511253
0.0152843
-0.145388
-0.090631
-0.0067587
-0.475
-0.475
-0.287528
-0.0407506
-0.091558
-0.0495786
0.013421
0.003656
-0.0605985
-0.107815
-0.475
-0.0103973
-0.286814
-0.0089657
-0.134762
-0.0359826
-0.295619
-0.475
-0.117477
-0.0678478
-0.371813
-0.0103636
0.0095098
-0.36768
-0.104732
-0.0543667
-0.0323734
-0.0298274
-0.094619
-0.083296
-0.0373208
-0.125211
-0.093573
-0.0388032
-0.139293
-0.098802
-0.003339
-0.0706106
-0.097517
-0.210783
-0.345213
-0.217226
-0.080279
0.012272
-0.153907
-0.365034
-0.172395
-0.14694
-0.188381
-0.471156
-0.255602
-0.0144519
-0.21043
-0.0615817
-0.17307
-0.0594634
-0.173551
-0.475
-0.171791
-0.475
-0.183424
-0.0389239
-0.135696
-0.0424308
-0.155144
-0.024214
-0.100643
-0.475
0.0042114
-0.076912
-0.0645553
-0.355286
-0.086957
-0.415466
-0.0472108
-0.322076
-0.475
-0.0665629
-0.475
-0.144024
0.0007917
-0.0458633
-0.103513
-0.0343906
-0.0137687
-0.191184
-0.757982
-0.0099944
-0.0599175
-0.194091
-0.475
-0.2161
-0.0131577
-0.126136
-0.0529132
-0.081095
-0.475
-0.108024
-0.0549661
-0.0450654
-0.288235
-0.0265125
-0.238643
-0.076021
-0.0332018
-0.225462
-0.201201
-0.0142557
-0.0589074
-0.282101
-0.475
-0.0648145
-0.152702
-0.135586
-0.0116331
-0.0471902
-0.0687096
-0.191805
-0.18791
-0.0745345
-0.97976
-0.087542
-0.0571436
-0.248898
-0.102361
-0.171744
-0.099407
-0.0259759
-0.111989
-0.239606
-0.475
-0.019549
-0.289181
-0.128505
-0.475
-0.089496
-0.125011
-0.270406
-0.0075254
-0.268483
-0.111663
-0.100353
-0.0655833
-0.0040806
-0.218047
-0.0056828
-0.475
-0.197266
-0.372539
-0.244218
-0.0020058
-0.099399
-0.061931
-0.475
-0.219448
-0.086845
-0.0673432
-0.475
-0.150162
-0.309922
-0.100421
-0.0378567
-0.0005543
-0.0152351
-0.246852
-0.130294
-0.1061
-0.225813
-0.0681647
-0.475
-0.0366346
-0.11524
-0.0641378
-0.0505908
-0.075326
-0.475
-0.124383
-0.084581
-0.315064
-0.197271
-0.0362838
-0.252498
-0.20254
-0.376074
-0.197789
-0.0423133
-0.282245
-0.067768
-0.188492
-0.0556414
-0.475
-0.0431871
-0.0151412
-0.169262
-0.475
-0.0478613
-0.084194
-0.442596
-0.215945
-0.109906
-0.0715645
-0.0686291
-0.112014
-0.574064
-0.096686
-0.0595437
0.0090841
-0.0491352
-0.162006
-0.0406151
-0.031596
-0.258084
-0.084941
-0.039698
0.0008495
-0.0698515
-0.169255
-0.079496
-0.398124
-0.11614
0.0005897
-0.0270739
-0.230977
-0.212845
-0.0028182
-0.180487
-0.0530046
-0.0477394
-0.0666803
0.0073071
-0.0063913
-0.107345
-0.0183024
-0.245832
-0.475
-0.0138156
-0.249913
-0.108164
-0.0258584
-0.09229
-0.0208802
-0.090541
-0.394543
-0.102712
-0.097292
-0.123101
-0.475
-0.099944
-0.0230972
-0.333451
-0.256157
-0.148548
-0.030046
-0.220687
-0.291508
0.0013856
-0.0349617
-0.186417
-0.247962
-0.250294
-0.368727
-0.286684
-0.0436754
-0.0436913
-0.079462
0.0055621
-1.9914
-0.110405
-0.0421277
-0.617737
-0.009286
-0.0141398
-0.282219
-0.126979
-0.087985
-0.0378796
-0.019304
-0.0560373
-0.285861
-0.280667
0.0037185
-0.0081508
-0.0096349
-0.143722
-0.376544
-0.0609525
-0.0305358
-0.110776
0.0053657
-0.28028
-0.099494
-0.0473373
-0.0253234
-0.15629
-0.138533
-0.243385
-0.236645
-0.0464205
-0.0101643
-0.123195
-0.0597471
-0.233114
-0.0617283
-0.179744
-0.105955
-0.057819
0.0047375
-0.365331
-0.475
-0.0088693
-0.0446733
-0.011712
-0.413074
-0.201349
-0.0589313
-0.015683
-0.0152671
-0.475
-0.0285132
-0.210717
-0.475
-0.118176
-0.348163
-0.0413063
-0.168473
-0.0664211
0.0158774
-0.0700243
-0.475
-0.0110713
-0.0033618
-0.176206
-0.134217
0.0115617
-0.0391414
-0.0697267
-0.454867
-0.080601
-0.0575845
-0.0463572
-0.241474
0.021111
-0.154565
-0.090776
-0.0627518
-0.0634506
-0.0490967
-0.138155
0.0029969
-0.475
-0.0060533
-0.0272472
-0.0386475
-0.0672337
-0.285269
0.0031951
0.0151885
0.0042751
-0.0516592
0.0016911
-0.137045
-0.355129
0.0171353
-0.07836
-0.0107102
-0.227001
-0.0503312
0.0163591
-0.475
-0.111368
-0.134569
-0.0257121
-0.0204906
-0.35478
0.0068875
-0.178036
-0.0566287
0.003699
-0.22023
-0.0360577
-0.229742
-0.162244
-0.173529
-0.146198
-0.164429
-0.326257
-0.0546552
-0.206156
-0.826396
-0.267545
-0.0599728
-0.018087
-0.0668126
-0.101096
-0.0162608
-0.107447
-0.135242
-0.0693193
-0.267272
-0.0076305
-0.086657
-0.091672
-0.475
-0.0618287
-0.110867
-0.0596936
0.0103694
-0.155499
-0.330288
-0.0152967
-0.0287565
-0.0236929
-0.0253561
-0.0233068
-0.0367402
-0.475
-0.0235661
-0.01707
-0.0092371
-0.0283548
-0.115199
0.0187051
-0.611913
-0.0196508
-0.157333
-0.141074
-0.0338335
-0.236648
-0.076549
-0.0239156
0.007539
-0.0556802
-0.259028
-0.0446858
-0.133271
0.003704
0.0142836
-0.0088795
-0.0239403
-0.237976
0.0074014
-0.963876
-0.078524
-0.121111
-0.0738392
-0.0511451
-0.24183
-0.0349605
-0.0747331
0.0094813
-0.0060963
0.0065147
-0.475
-0.251798
-0.130406
0.0040276
-0.0222762
-0.0223416
-0.038717
-0.42396
-0.0115157
-0.0008666
2.6e-05
-0.0625879
0.0049114
-0.0022884
0.002373
-0.0414399
-0.084348
-0.475
-0.108155
0.0178521
-0.0221083
-0.0268615
-0.381845
-0.098563
-0.0689827
-0.255735
-0.076979
-0.0071783
-0.333933
9.91e-05
-0.0436384
-0.095058
-0.128759
-0.0328637
-0.475
-0.087408
-0.030643
-0.0020538
0.0116037
-0.140495
-0.279429
-0.102828
0.0160934
-0.0639389
-0.0100541
-0.001487
-0.0033287
-0.090655
-0.0654848
-0.135898
0.0118605
-0.0287288
-0.024779
-0.0318706
-0.518191
-0.0567077
-0.169755
-0.586041
-0.040467
-0.0680474
-0.0465214
-0.14357
-0.118146
-0.255964
-0.184764
-0.0120375
-0.082386
0.0047624
0.0148121
-0.0109214
0.0114882
-0.102709
-0.0167315
-0.475
0.0072324
-0.084701
-0.0385711
-0.214418
-0.475
-0.475
-0.0064685
0.0137163
-0.101775
-0.268393
-0.0006526
-0.264203
-0.0122954
-0.0063051
-0.22785
-0.0729607
-0.118141
-0.040099
-0.076461
-0.119942
-0.081802
-0.0609233
0.0101818
-0.0148328
-0.0349502
-0.0612967
-0.0592811
-0.17617
-0.0028247
-0.248728
-0.0420925
-0.0747669
-0.0250743
-0.091965
-0.0246717
-0.0219869
-0.08739
-0.0612935
-0.309741
-0.0004253
-0.105841
-0.0239619
-0.0300176
0.0131667
-0.475
-0.0565983
-0.085447
-0.538084
-0.213281
-0.0040803
-0.208623
-0.181875
-0.079844
-0.0123241
0.0199975
-0.163083
-0.475
-0.0507546
-0.0559947
-0.139901
-0.322803
-0.309281
-0.297858
-0.343638
-0.39067
-0.311015
-0.263488
-0.274848
-0.290429
-0.328019
-0.323562
-0.341067
-0.328225
-0.346505
-0.28354
-0.273318
-0.37485
-0.345438
-0.325816
-0.279308
-0.234036
-0.380419
-0.287639
-0.37397
-0.266793
-0.281015
-0.294623
-0.354305
-0.266541
-0.29597
-0.337135
-0.263365
-0.353636
-0.346649
-0.392139
-0.38843
-0.295303
-0.28187
-0.338013
-0.433921
-0.285818
-0.284517
-0.326278
-0.394284
-0.390399
-0.300317
-0.249924
-0.357385
-0.288197
-0.308818
-0.308705
-0.305294
-0.276042
-0.399389
-0.284054
-0.446081
-0.351857
-0.345157
-0.268675
-0.33946
-0.288612
-0.29528
-0.366302
-0.340014
-0.296793
-0.373431
-0.369942
-0.304492
-0.404162
-0.306085
-0.21785
-0.303818
-0.270619
-0.367344
-0.322491
-0.39098
-0.39515
-0.346433
-0.363237
-0.403813
-0.693911
-0.398282
-0.356418
-0.301496
-0.338847
-0.352235
-0.404802
-0.349734
-0.358798
-0.294262
-0.33574
-0.342777
-0.343319
-0.356596
-0.369899
-0.320941
-0.292543
-0.192662
-0.324322
-0.314537
-0.338991
-0.321128
-0.358461
-0.356899
-0.306923
-0.358399
-0.356397
-0.367752
-0.38299
-0.364461
-0.311624
-0.356226
-0.346964
-0.359144
-0.379438
-0.357001
-0.328899
-0.373083
-0.360892
-0.286337
-0.354649
-0.246978
-0.374428
-0.347649
-0.277922
-0.306427
-0.401299
-0.36521
-0.326913
-0.403202
-0.381651
-0.406144
-0.262587
-0.349663
-0.327527
-0.341673
-0.152238
-0.39445
-0.286542
-0.33684
-0.31366
-0.366116
-0.343559
-0.400929
-0.37521
-0.412375
-0.376003
-0.4016
-0.29446
-0.350318
-0.308639
-0.298186
-0.264212
-0.305066
-0.271833
-0.285901
-0.284455
-0.358387
-0.324762
-0.31541
-0.219545
-0.342189
-0.456212
-0.262133
-0.372289
-0.376658
-0.217682
-0.462376
-0.276461
-0.344636
-0.424809
-0.364263
-0.296341
-0.226504
-0.386343
-0.222376
-0.379195
-0.316271
-0.315704
-0.329789
-0.363266
-0.35019
-0.349564
-0.362472
-0.356336
-0.211116
-0.370738
-0.309312
-0.36661
-0.38639
-0.267059
-0.26661
-0.314343
-0.342315
-0.397519
-0.355036
-0.300316
-0.318546
-0.392867
-0.299503
-0.353339
-0.38776
-0.325874
-0.325636
-0.227595
-0.335674
-0.297084
-0.32877
-0.310688
-0.668825
-0.360494
-0.315122
-0.311464
-0.430193
-0.374221
-0.364829
-0.342113
-0.284337
-0.327338
-0.328503
-0.312704
-0.291381
-0.37886
-0.326256
-0.322268
-0.359375
-0.251692
-0.634517
-0.350839
-0.271681
-0.333916
-0.308197
-0.325013
-0.295316
-0.220114
-0.372005
-0.372852
-0.325967
-0.367759
-0.323446
-0.325652
-0.296437
-0.385322
-0.38499
-0.372755
-0.207734
-0.349432
-0.382874
-0.373663
-0.312786
-0.368422
-0.358777
-0.324642
-0.340257
-0.32783
-0.353424
-0.314418
-0.37026
-0.404069
-0.331538
-0.421725
-0.277512
-0.184882
-0.390343
-0.508528
-0.37847
-0.258742
-0.45278
-0.365837
-0.336643
-0.27804
-0.334718
-0.434676
-0.353178
-0.317823
-0.324437
-0.370954
-0.329651
-0.371263
-0.347808
-0.223703
-0.332622
-0.401142
-0.373651
-0.365116
-0.471734
-0.356411
-0.296906
-0.362575
-0.324297
-0.338351
-0.382438
-0.350433
-0.281227
-0.379269
-0.35397
-0.370716
-0.421215
-0.374138
-0.222152
-0.396513
-0.24197
-0.405288
-0.280395
-0.318408
-0.383474
-0.37574
-0.284356
-0.39643
-0.364775
-0.353712
-0.384307
-0.392768
-0.342647
-0.260843
-0.303978
-0.411191
-0.283614
-0.324282
-0.331347
-0.378349
-0.324534
-0.420704
-0.336482
-0.343096
-0.371099
-0.284991
-0.299464
-0.364823
-0.345032
-0.30878
-0.371895
-0.388583
-0.276003
-0.314264
-0.319672
-0.41172
-0.364899
-0.312656
-0.287868
-0.261033
-0.31207
-0.288698
-0.380704
-0.225172
-0.298487
-0.318446
-0.333428
-0.327695
-0.224251
-0.274458
-0.273343
-0.34196
-0.280848
-0.374693
-0.371438
-0.369976
-0.399175
-0.303502
-0.354346
-0.318682
-0.269496
-0.387097
-0.323371
-0.358842
-0.400536
-0.286241
-0.304618
-0.31356
-0.301414
-0.334351
-0.302223
-0.307532
-0.348659
-0.371059
-0.401288
-0.391474
-0.400299
-0.291512
-0.341412
-0.329262
-0.312698
-0.33189
-0.354218
-0.291446
-0.380144
-0.36303
-0.364553
-0.303843
-0.374196
-0.471707
-0.447666
-0.322014
-0.338814
-0.234295
-0.4058
-0.434713
-0.382932
-0.330728
-0.413687
-0.345742
-0.565566
-0.335714
-0.522777
-0.403616
-0.309176
-0.309068
-0.498271
-0.388046
-0.252314
-0.420964
-0.789387
-0.274092
-0.344171
-0.336944
-0.432674
-0.338451
-0.409813
-0.280954
-0.460897
-0.34056
-0.295406
-0.400662
-0.331921
-0.357262
-0.407842
-0.350005
-0.30251
-0.338299
-0.380708
-0.25091
-0.402845
-0.509827
-0.446532
-0.371946
-0.225706
-0.293242
-0.374049
-0.719511
-0.480022
-0.374153
-0.394254
-0.328554
-0.35754
-0.373101
-0.375394
-0.454789
-0.60578
-0.59341
-0.439598
-0.351554
-0.750821
-0.278995
-0.585504
-0.34953
-0.780783
-0.371238
-0.471228
-0.309643
-0.31715
-0.825928
-0.340336
-0.441382
-0.35214
-0.26163
-0.306644
-0.68669
-0.49274
-0.391622
-0.377097
-0.663913
-0.165109
-0.461593
-0.618571
-0.399877
-0.333371
-0.322944
-0.437605
-1.17185
-0.363814
-0.297636
-0.391782
-0.284303
-0.270554
-0.392772
-0.43761
-0.391792
-0.406784
-0.558218
-0.431345
-0.491383
-0.302665
-0.377695
-0.307155
-0.227511
-0.525013
-0.20806
-0.706664
-0.294433
-0.20545
-0.28273
-0.575657
-0.264242
-0.935702
-0.377788
-0.26041
-0.386509
-0.403647
-0.35585
-0.346478
-1.05703
-0.303736
-0.328525
-0.315669
-0.347212
-0.422615
-0.462803
-0.172088
-0.21091
-0.419038
-0.326153
-0.306241
-0.441248
-0.689842
-0.264695
-0.402378
-0.315489
-0.252574
-0.425419
-1.35951
-0.352911
-0.2906
-0.310785
-0.390314
-0.325246
-0.324859
-0.304733
-0.942564
-0.423499
-0.734038
-0.382547
-0.493112
-0.371231
-0.620942
-0.37712
-0.354252
-0.715421
-0.338723
-0.192737
-0.725333
-0.452888
-0.326654
-0.369257
-0.446278
-0.425037
-0.26979
-0.316593
-0.615443
-0.309176
-0.5091
-0.330035
-0.215283
-0.36698
-0.331432
-0.40787
-0.421893
-0.527376
-0.322864
-0.370439
-0.381991
-0.454279
-0.182804
-0.281215
-0.429251
-0.542047
-0.536146
-0.242641
-0.283031
-0.334022
-0.519117
-0.395151
-0.266799
-0.237219
-0.693299
-0.535313
-0.392104
-0.456165
-0.425697
-0.42207
-0.305416
-0.513361
-0.272349
-1.05623
-0.392142
-0.507838
-0.375242
-0.422483
-0.334307
-0.476391
-0.431703
