0.0650827
0.0758525
0.0633983
0.0615245
0.0458025
0.0648964
0.0538659
0.0657559
0.0505765
0.0581307
0.0655406
0.0468585
0.0505533
0.0703994
0.0658713
0.0457819
0.0696154
0.0699244
0.0783469
0.0596938
0.0576316
0.0643939
0.079779
0.0607218
0.0769428
0.0680642
0.0606137
0.0674686
0.069898
0.0625
0.0623717
0.069385
0.0706193
0.0662361
0.0620485
0.0628819
0.0534274
0.0559278
0.0624349
0.0652677
0.0624349
0.0610341
0.0396091
0.0582659
0.0640116
0.0669831
0.0658163
0.0676143
0.0480769
0.0621834
0.0545337
0.0835063
0.0518041
0.0597604
0.0660569
0.0532745
0.0436165
0.0584699
0.0646728
0.0661764
0.06263
0.0550912
0.077183
0.0704171
0.058943
0.0371553
0.0623738
0.0534963
0.0739051
0.0626884
0.0627682
0.0739904
0.062565
0.0602881
0.0502525
0.0550912
0.0479188
0.0747436
0.0549493
0.0611925
0.0615404
0.0616198
0.0473791
0.0680108
0.0599593
0.0412411
0.0586684
0.0698417
0.0486326
0.0518795
0.0591253
0.0623008
0.080836
0.0679735
0.0514854
0.0555136
0.0538026
0.0700208
0.0655128
0.0673275
0.0699152
0.0553279
0.0663612
0.0588086
0.0650406
0.0709173
0.0462185
0.0581984
0.0707523
0.0645162
0.0652985
0.0778205
0.0672876
0.046608
0.0516055
0.0728169
0.0613636
0.0727911
0.0584006
0.0517015
0.0567477
0.061214
0.059077
0.0471311
0.0622428
0.0531998
0.055162
0.0540188
0.0517782
0.0716667
0.0790347
0.0554435
0.058893
0.067623
0.0777807
0.0654889
0.0689834
0.0629451
0.0454432
0.0598269
0.0513803
0.0600254
0.0768936
0.079918
0.0787037
0.0681819
0.0628186
0.0507375
0.0564516
0.0573915
0.0685736
0.0557535
0.0486401
0.0599423
0.0542929
0.0435567
0.0550912
0.067029
0.0624359
0.039433
0.0628238
0.0568885
0.0626321
0.0504784
0.0580587
0.071281
0.0571862
0.0779289
0.0731081
0.0620558
0.0536432
0.0637528
0.0625
0.0707202
0.0641593
0.0626257
0.0628293
0.0732759
0.073718
0.054878
0.0590909
0.0550411
0.0547125
0.0614035
0.0581244
0.0432644
0.0601571
0.0703208
0.0465482
0.0619278
0.0656346
0.0556609
0.0703377
0.0571503
0.0701476
0.0631003
0.0640244
0.0703208
0.0654388
0.0689919
0.0641395
0.0734004
0.0567943
0.0701776
0.0375127
0.0570289
0.0557852
0.0726386
0.06581
0.0639234
0.0691057
0.0766461
0.0616563
0.0680642
0.0639866
0.0706067
0.0683198
0.0565353
0.0695585
0.0690414
0.0546218
0.0718196
0.0809426
0.0656439
0.0646378
0.0780271
0.051337
0.0687186
0.0647959
0.0584016
0.0704927
0.067132
0.0782019
0.0700778
0.0659969
0.0607798
0.0775386
0.0694444
0.0665984
0.067768
0.0706067
0.0509635
0.0695607
0.0581897
0.0655738
0.0547521
0.0621834
0.0694445
0.0603493
0.0813895
0.0797325
0.0664141
0.0752591
0.061345
0.0674242
0.048077
0.0652229
0.0754048
0.0731327
0.063713
0.0584073
0.0631965
0.0722017
0.0586684
0.0546794
0.0677987
0.0671052
0.0654517
0.0660569
0.0639003
0.0698491
0.0646378
0.0579269
0.0579269
0.0593066
0.0711698
0.0801148
0.0594097
0.07821
0.0762953
0.061722
0.075324
0.0620558
0.0649796
0.0707523
0.057653
0.0607513
0.0731808
0.0774292
0.0629601
0.0702631
0.0663549
0.0514113
0.0729167
0.0456349
0.0626915
0.0730123
0.0604839
0.075104
0.0735834
0.0702631
0.0754048
0.0638778
0.078125
0.0753546
0.0686476
0.0681472
0.0565207
0.0551075
0.067623
0.0628186
0.0601852
0.0713722
0.0666581
0.0813452
0.0642971
0.0718405
0.057995
0.0777236
0.0783469
0.067366
0.0660548
0.0804205
0.0619659
0.073913
0.0694445
0.0705096
0.0701346
0.0574463
0.0726386
0.0652834
0.0659969
0.0642713
0.0710834
0.0815218
0.0714647
0.0701776
0.0646985
0.0717085
0.0748887
0.0548245
0.0583334
0.0616563
0.0734004
0.0679176
0.0661134
0.0758571
0.0527487
0.0700778
0.055745
0.0808974
0.0687186
0.0782995
0.0801021
0.0627551
0.0761942
0.0661157
0.0561783
0.0506966
0.064834
0.0520298
0.0612638
0.0603493
0.0588759
0.0708599
0.0780133
0.0764463
0.0693883
0.0639567
0.0727612
0.0786638
0.0600254
0.0623673
0.0497083
0.071502
0.0743414
0.0705645
0.0688669
0.0706762
0.069332
0.0758197
0.0661146
0.0700898
0.0761699
0.0632845
0.0739274
0.0595604
0.0680108
0.0581919
0.0736405
0.0713019
0.0711207
0.0617347
0.0602227
0.059277
0.0618421
0.0646378
0.0704733
0.0639474
0.0680315
0.0969917
0.0948857
0.0956191
0.0960444
0.0952971
0.0866549
0.0939379
0.103791
0.091046
0.0940831
0.0875268
0.095618
0.0923341
0.0933027
0.0938889
0.0913952
0.0997634
0.0908849
0.0977372
0.099082
0.0928112
0.103484
0.0920443
0.098422
0.101939
0.0905871
0.0915622
0.0940501
0.0915127
0.0879213
0.0932017
0.0930265
0.0917003
0.0914634
0.0938797
0.101244
0.0900424
0.0965736
0.0937163
0.0857595
0.0950665
0.0925785
0.0955573
0.0920692
0.0871677
0.0976027
0.0948601
0.101459
0.0888555
0.0958334
0.102754
0.090625
0.100057
0.0952176
0.0884015
0.0908386
0.0987443
0.0969043
0.0922466
0.0995293
0.10552
0.0991863
0.093321
0.0866228
0.0923136
0.089591
0.094697
0.0939119
0.0904054
0.100862
0.0932875
0.104894
0.0904088
0.0942307
0.0975159
0.0986211
0.0970207
0.0996568
0.102516
0.0939175
0.0957419
0.0976027
0.0936552
0.0915588
0.0934685
0.0866613
0.0918394
0.092742
0.0994638
0.0912577
0.0886929
0.0905914
0.0964611
0.09603
0.0984325
0.0928848
0.0912577
0.0960444
0.0976603
0.0948857
0.0985729
0.0894397
0.0972793
0.0919422
0.0877392
0.0900206
0.0869048
0.0954952
0.100904
0.0908738
0.0986842
0.0986009
0.0901282
0.0891728
0.0909225
0.0875
0.090859
0.0956203
0.0956546
0.085888
0.0872641
0.0971627
0.094917
0.101386
0.0948276
0.1
0.102551
0.0921773
0.0898397
0.10084
0.103593
0.0966684
0.0953534
0.102574
0.0990125
0.0937825
0.0894445
0.0956499
0.0936552
0.0956522
0.0944811
0.0935534
0.0918949
0.0948492
0.094574
0.0926071
0.0881526
0.093894
0.0913774
0.0900603
0.100758
0.100535
0.0974284
0.0974208
0.0993016
0.0902352
0.0830646
0.0919604
0.0909936
0.0914634
0.0970129
0.0978884
0.0958543
0.0894397
0.102371
0.0936869
0.0929487
0.0837405
0.0892481
0.0998908
0.100232
0.0958847
0.0916667
0.0920443
0.0963945
0.0953779
0.0949793
0.0950665
0.0994444
0.0967194
0.0930741
0.093
0.0864949
0.091597
0.0878483
0.0934543
0.0905938
0.0881578
0.0905173
0.0913677
0.0885974
0.0881902
0.0966684
0.0947674
0.0899941
0.0909715
0.0968919
0.0942623
0.0924135
0.0979448
0.015593
0.011524
0.011983
0.018832
0.010743
0.008555
0.009416
0.018401
0.017028
0.016019
0.020056
0.02117
0.016371
0.0287874
0.01644
0.01615
0.024384
0.016667
0.014676
0.016591
0.016726
0.009739
0.014001
0.020792
0.014669
0.025103
0.017386
0.021907
0.020769
0.022044
0.021866
0.019578
0.018253
0.016726
0.014228
0.010625
0.015853
0.017857
0.006699
0.014348
0.018574
0.005928
0.023477
0.022254
0.02241
0.010081
0.023253
0.020919
0.0307748
0.01457
0.0301464
0.013889
0.013212
0.014796
0.0289835
0.010011
0.015816
0.016019
0.009147
0.015167
0.012324
0.023129
0.022281
0.01208
0.012992
0.02241
0.024288
0.012851
0.016505
0.0272404
0.021552
0.027637
0.015355
0.024378
0.009849
0.009264
0.01866
0.01134
0.015739
0.013662
0.011524
0.014683
0.018552
0.017354
0.017276
0.0253083
0.023669
0.0342764
0.0274144
0.017604
0.012526
0.016615
0.017057
0.0349191
0.01963
0.012765
0.009778
0.016039
0.011409
0.016529
0.017308
0.013662
0.019251
0.0267225
0.019949
0.008417
0.012064
0.014003
0.016505
0.0254021
0.01255
0.020119
0.01255
0.0293304
0.023477
0.018971
0.017137
0.018939
0.022917
0.015909
0.013776
0.014001
0.021198
0.018293
0.0258017
0.022177
0.02298
0.017604
0.022358
0.0263092
0.022225
0.020187
0.019791
0.01615
0.010802
0.012096
0.02109
0.018076
0.016348
0.017604
0.020431
0.0285898
0.017528
0.010831
0.012992
0.0268405
0.020325
0.022073
0.019153
0.014225
0.020919
0.020112
0.01286
0.016019
0.012354
0.010858
0.015121
0.018037
0.016864
0.017821
0.015577
0.015132
0.013104
0.01208
0.020855
0.00813
0.018253
0.021552
0.011037
0.024795
0.018617
0.014918
0.0317088
0.01333
0.0266064
0.012755
0.0261102
0.005446
0.018769
0.023288
0.00342
0.0361338
0.020431
0.015121
0.011524
0.012538
0.014452
0.01185
0.011318
0.012538
0.010427
0.020022
0.012424
0.011755
0.020219
0.017604
0.013775
0.0293212
0.020538
0.016947
0.0505102
0.0511134
0.0469858
0.0508883
0.0430328
0.0546794
0.0431818
0.0502525
0.045998
0.043239
0.0460257
0.0522727
0.0439744
0.0447154
0.0573077
0.053934
0.0448783
0.0478427
0.0550912
0.0469712
0.0381799
0.0520517
0.0670142
0.0494127
0.0458121
0.0517782
0.0506281
0.0567719
0.0484643
0.0507732
0.0443878
0.0506619
0.0410768
0.0474572
0.0495867
0.0471749
0.0452454
0.0487114
0.0521255
0.0474572
0.0465686
0.0533552
0.0505533
0.0522349
0.0514556
0.0476856
0.0574597
0.0564516
0.0550912
0.0502815
0.0441402
0.0445876
0.0640244
0.0446338
0.047613
0.0452454
0.0563215
0.0463836
0.0541755
0.0502049
0.0542215
0.0547521
0.0388858
0.052835
0.0315816
0.0499493
0.0441103
0.0521795
0.052551
0.0497648
0.0413306
0.0414927
0.0502049
0.0402892
0.0444415
0.0505533
0.0532052
0.0508496
0.0470648
0.0509259
0.0398936
0.0461065
0.0469067
0.0415819
0.0569106
0.0495867
0.0494127
0.0511954
0.0472798
0.0489351
0.0489466
0.0481547
0.0465886
0.0468107
0.0476695
0.0467479
0.0454893
0.0538703
0.0460527
0.0545199
0.0522727
0.0447531
0.0472578
0.0512626
0.0428644
0.0486253
0.0447917
0.0496502
0.0398494
0.0479188
0.0482324
0.044708
0.0498971
0.0497967
0.0634615
0.0497312
0.0516803
0.0510385
0.0500253
0.0538617
0.0436906
0.0564516
0.0475206
0.04776
0.0501012
0.0497967
0.052551
0.0611055
0.0389676
0.0544355
0.0483871
0.0500253
0.0425476
0.0474229
0.0486401
0.0473698
0.0565628
0.0453269
0.0491803
0.043429
0.049089
0.0591693
0.047998
0.0586735
0.0503579
0.0451214
0.0471184
0.0514248
0.0507028
0.0500253
0.0436046
0.0572382
0.0519068
0.0435567
0.0576633
0.0534985
0.0424312
0.0525971
0.0531377
0.0482387
0.0514556
0.0490247
0.0524029
0.0391982
0.0526859
0.0430328
0.0493523
0.0495867
0.0452826
0.0533521
0.0563131
0.0503886
0.0499493
0.050328
0.0447466
0.0540323
0.0509259
0.0520517
0.0501282
0.0371339
0.0436165
0.0545775
0.053934
0.0487996
0.0469858
0.0577903
0.0340912
0.0469858
0.0475942
0.0478427
0.0439463
0.0493952
0.0538659
0.0462435
0.0513803
0.0496436
0.0562115
0.0477643
0.0394667
0.050078
0.103261
0.104243
0.10306
0.101885
0.102296
0.106463
0.101596
0.100217
0.100401
0.101344
0.102343
0.0986553
0.0997417
0.100916
0.0992086
0.0969731
0.1125
0.0987705
0.0979437
0.103518
0.097837
0.103701
0.10306
0.107353
0.0954545
0.0996836
0.105084
0.103022
0.107869
0.107437
0.0954642
0.0920443
0.101141
0.101319
0.104695
0.100265
0.10703
0.105749
0.0891943
0.100758
0.109962
0.105392
0.0904088
0.099359
0.097028
0.0970605
0.0981843
0.100723
0.105042
0.0901795
0.100831
0.102035
0.0962707
0.100744
0.101915
0.0986843
0.0971075
0.105349
0.102827
0.100242
0.104403
0.103216
0.102389
0.104738
0.10544
0.093107
0.109909
0.0955573
0.102516
0.104121
0.0971075
0.105154
0.108211
0.100789
0.100027
0.108425
0.102087
0.0919632
0.0968919
0.101035
0.0994186
0.100528
0.095433
0.096489
0.0999182
0.0974576
0.10848
0.102248
0.100052
0.104633
0.0954272
0.101852
0.101141
0.101546
0.100078
0.103261
0.0958108
0.0983475
0.0999145
0.0973991
0.103969
0.105084
0.102731
0.10633
0.105132
0.09911
0.0947323
0.10051
0.101191
0.0958861
0.101359
0.106195
0.0989131
0.104415
0.10197
0.0977463
0.096875
0.103648
0.0929715
0.100336
0.0936775
0.100027
0.10646
0.102202
0.103211
0.102395
0.101166
0.095433
0.0958454
0.109408
0.0962071
0.0985504
0.100687
0.107402
0.101061
0.103079
0.0962821
0.102941
0.0917739
0.108316
0.104415
0.106992
0.0982143
0.105747
0.109816
0.097155
0.108454
0.10093
0.103702
0.103111
0.103148
0.106153
0.102622
0.0898383
0.0964657
0.100904
0.0990395
0.0986553
0.101264
0.107776
0.0959443
0.108606
0.0914865
0.100232
0.0971294
0.101165
0.0979093
0.101457
0.100357
0.0984848
0.0992534
0.101191
0.10457
0.0958492
0.105347
0.0983487
0.0992534
0.102604
0.0996707
0.0957476
0.0981707
0.099299
0.104393
0.106319
0.104466
0.10566
0.0992534
0.0990125
0.0977582
0.0982235
0.0898738
0.101507
0.0997996
0.101337
0.101443
0.0990933
0.0923913
0.0985183
0.100733
0.103795
0.0646728
0.0549782
0.062564
0.0542929
0.0641593
0.0575843
0.0669978
0.0580544
0.053934
0.0373867
0.0556122
0.0609756
0.0497967
0.0514556
0.0565789
0.0625629
0.0465482
0.0604509
0.0648195
0.0519777
0.0594097
0.0576316
0.0532828
0.0708334
0.0718405
0.066767
0.0705096
0.0664226
0.0645204
0.0687751
0.072906
0.0602881
0.0514556
0.0616053
0.0609105
0.0707832
0.0394869
0.0680894
0.0493354
0.0817966
0.0614754
0.0453269
0.0363924
0.0527721
0.0745968
0.057377
0.0767454
0.0541167
0.0699064
0.063208
0.0587411
0.0546067
0.0705645
0.0697791
0.057377
0.0741353
0.061853
0.0782045
0.0564516
0.0550848
0.059077
0.0449157
0.0561043
0.0643939
0.0465482
0.0555136
0.0646462
0.0389676
0.0590782
0.0670889
0.0628882
0.0470648
0.051501
0.0438345
0.0702333
0.0601571
0.057995
0.0586057
0.0564928
0.0396211
0.0587474
0.0463483
0.0590206
0.0572618
0.0667879
0.0709173
0.0542929
0.0580544
0.0500253
0.0520517
0.0479958
0.0581942
0.0743278
0.0586016
0.0467479
0.0523462
0.0617992
0.0688559
0.0567719
0.0613539
0.0581307
0.0350204
0.0690414
0.0569106
0.0710318
0.0675641
0.0615404
0.0391982
0.0655841
0.071002
0.0659836
0.0619183
0.0542215
0.0577903
0.0525363
0.0636318
0.0525363
0.0613256
0.0339007
0.0409919
0.0471749
0.0727778
0.0628186
0.0573915
0.0566327
0.0377155
0.0584016
0.0360213
0.0638379
0.0720405
0.059077
0.0642097
0.0767454
0.0575727
0.0748496
0.050156
0.0662371
0.0683198
0.0630342
0.0823804
0.0590101
0.0604486
0.0755154
0.0459727
0.0637978
0.0575606
0.0753619
0.0672085
0.052428
0.0692623
0.0392281
0.072983
0.0504054
0.0547352
0.0592105
0.0457003
0.0328812
0.0650631
0.0637756
0.0760117
0.0410696
0.0424312
0.0611702
0.0572548
0.0633939
0.0620485
0.0667178
0.0619278
0.0620558
0.0316668
0.0421907
0.0495088
0.0658766
0.0745708
0.0588086
0.0514556
0.0574597
0.0639624
0.0593434
0.0450405
0.066799
0.0441103
0.0524029
0.0648797
0.0618635
0.0533388
0.0626915
0.0548969
0.0559623
0.0767454
0.0633983
0.0605828
0.0607142
0.0700102
0.0718846
0.0539392
0.0579269
0.0675415
0.0610824
0.0541005
0.0329754
0.0690489
0.0604167
0.0632845
0.0666499
0.0695015
0.0497423
0.0391675
0.0745459
0.066358
0.0743278
0.0438911
0.0647344
0.0701913
0.0601571
0.0667773
0.0571862
0.0702055
0.0688559
0.0555136
0.0514113
0.0716667
0.0660569
0.0569797
0.0714105
0.0664732
0.0612349
0.0535714
0.0677987
0.0643004
0.0489583
0.0806004
0.0459446
0.0789078
0.0567023
0.0639234
0.0596076
0.0703044
0.0418337
0.0656439
0.0670732
0.0635875
0.0404929
0.0622428
0.0598501
0.0664838
0.0406504
0.0780133
0.0747908
0.0567023
0.0611483
0.0618308
0.0538617
0.0612162
0.0687367
0.0449595
0.0571685
0.0629524
0.0735368
0.0624337
0.0579269
0.0664732
0.0733806
0.0513157
0.0776749
0.0352822
0.0404639
0.0596681
0.0601852
0.0581897
0.057221
0.0453629
0.0363402
0.0628819
0.0596473
0.0536432
0.0486253
0.0722595
0.0614583
0.0492739
0.0443718
0.0791751
0.0729167
0.0635594
0.055824
0.0626915
0.0665912
0.0555263
0.0596272
0.047613
0.0637967
0.0691625
0.0439463
0.069332
0.0516247
0.047449
0.0632199
0.0562115
0.0769744
0.0645162
0.0641026
0.0672681
0.0700662
0.044797
0.0676752
0.06875
0.062751
0.0585443
0.0640244
0.0662371
0.0465686
0.0616053
0.0504784
0.0496646
0.0393145
0.0619565
0.0733806
0.0734327
0.0458925
0.0404929
0.0604839
0.0435567
0.0685484
0.0611702
0.0496436
0.0582659
0.0561065
0.0562821
0.0619469
0.0685319
0.0581942
0.0598501
0.0569588
0.0755783
0.0538061
0.0513157
0.0634776
0.0682624
0.0674142
0.0547521
0.0483998
0.0634776
0.057653
0.0571862
0.0552564
0.0616053
0.0682177
0.0619085
0.067366
0.0524029
0.0653438
0.054078
0.0476069
0.0511539
0.0637332
0.0866581
0.0448783
0.0631552
0.0452073
0.0398494
0.0599845
0.0590206
0.0685397
0.0558108
0.065552
0.0615904
0.0527721
0.0591126
0.0642713
0.0451214
0.055999
0.051337
0.0588759
0.0637097
0.0604167
0.0679176
0.0584038
0.0709735
0.0543874
0.0616701
0.065
0.0544479
0.0686053
0.0570487
0.0643306
0.0505765
0.065404
0.0589622
0.0584719
0.0537894
0.0583334
0.0577818
0.0451214
0.0564928
0.0554704
0.071712
0.0613539
0.0542308
0.0577217
0.0474572
0.0667178
0.0664785
0.0635875
0.0532828
0.0706193
0.0540853
0.0803752
0.0718846
0.0437242
0.0529749
0.0664183
0.0451681
0.0576633
0.0763184
0.0515306
0.075051
0.0661146
0.0630805
0.0444361
0.0660569
0.0445046
0.0557535
0.0446338
0.063754
0.0674823
0.0582638
0.0635875
0.0778619
0.0632199
0.0524029
0.0524194
0.0565961
0.0594262
0.0731866
0.0725278
0.0764171
0.0586735
0.0718405
0.0584006
0.075
0.0610824
0.0690414
0.0617347
0.0656048
0.0547894
0.0496646
0.0504341
0.0594433
0.0661157
0.0571862
0.0599593
0.0622385
0.0693278
0.0458333
0.0479209
0.0709173
0.0628186
0.0656346
0.0706521
0.0797325
0.061492
0.0596681
0.0575153
0.0659368
0.0638778
0.0664183
0.0737705
0.0635594
0.0572917
0.0703609
0.0529835
0.0766129
0.0448397
0.0581963
0.0534233
0.0608453
0.055683
0.0570083
0.074187
0.0596938
0.0603182
0.0478427
0.0652834
0.0594433
0.071002
0.0541005
0.0667274
0.0611483
0.0804656
0.0546483
0.0667372
0.0554704
0.0659969
0.0617875
0.0808521
0.0465482
0.0548245
0.054878
0.0596076
0.0543249
0.0678274
0.0730249
0.0572034
0.0623073
0.0799642
0.0701476
0.0649586
0.0595172
0.0616835
0.0649185
0.0568413
0.0717085
0.0790598
0.0491803
0.061214
0.0612349
0.0671488
0.0669552
0.0787329
0.0583334
0.0733283
0.0672269
0.0645546
0.070571
0.0663043
0.0705853
0.0604188
0.0662955
0.0490247
0.0561065
0.0579073
0.0554704
0.0693872
0.0718846
0.0713364
0.0720339
0.0421095
0.0680315
0.0595418
0.0672681
0.0658163
0.0534985
0.0700662
0.0713918
0.0534254
0.0740446
0.0771385
0.0570487
0.0730519
0.0551588
0.0714105
0.0637756
0.0607142
0.0649796
0.0569106
0.0437817
0.0659368
0.0706067
0.0680894
0.0689919
0.0595693
0.0709459
0.0623695
0.0452127
0.0559278
0.067771
0.070571
0.0657559
0.0563131
0.0738574
0.069206
0.066358
0.0751558
0.066358
0.0564928
0.0581276
0.0569106
0.0646985
0.0768324
0.0672269
0.0687628
0.0592915
0.064759
0.0688776
0.0639866
0.0682773
0.0569797
0.0574463
0.0678572
0.0541581
0.0753546
0.0709184
0.0564928
0.0639866
0.0642097
0.0403225
0.0513051
0.0722017
0.0748465
0.061642
0.014463
0.008721
0.009264
0.020582
0.018815
0.014115
0.012984
0.011503
0.009965
0.020056
0.016371
0.01185
0.012765
0.010449
0.011714
0.019792
0.007648
0.0289433
0.006512
0.0265384
0.005281
0.018725
0.012765
0.016058
0.014115
0.012096
0.008603
0.021065
0.0261214
0.003323
0.014344
0.012047
0.0256026
0.0268035
0.009576
0.0366135
0.015496
0.012424
0.013551
0.019094
0.019843
0.020687
0.011179
0.012984
0.012526
0.013548
0.010481
0.016947
0.015256
0.014005
0.0323514
0.011966
0.019309
0.012755
0.012879
0.022177
0.015021
0.007946
0.010128
0.010046
0.017197
0.011755
0.015452
0.013217
0.009654
0.012992
0.013438
0.018467
0.020431
0.015282
0.020112
0.017638
0.005855
0.012096
0.02241
0.008183
0.0322164
0.017495
0.018574
0.01255
0.014577
0.0253049
0.012879
0.010542
0.013314
0.023773
0.016457
0.0318786
0.015577
0.008673
0.010598
0.013774
0.017451
0.024586
0.020855
0.012424
0.017528
0.001008
0.017894
0.0312502
0.007533
0.016457
0.015355
0.015496
0.015722
0.022751
0.013666
0.010947
0.021158
0.012163
0.014336
0.008535
0.00771
0.014565
0.020385
0.012424
0.01681
0.010947
0.016239
0.015396
0.017354
0.006743
0.013663
0.015021
0.0270202
0.009965
0.012652
0.013776
0.018832
0.015355
0.006427
0.025302
0.020599
0.010511
0.020219
0.012437
0.009849
0.024699
0.007113
0.020062
0.02141
0.006987
0.014231
0.020706
0.017197
0.018877
0.010858
0.012775
0.007591
0.024577
0.016919
0.009615
0.011179
0.018401
0.016129
0.022149
0.018681
0.003024
0.020431
0.025709
0.007412
0.014225
0.0365854
0.006391
0.018805
0.017116
0.018004
0.0255075
0.015467
0.010598
0.005123
0.024073
0.001643
0.017748
0.009073
0.011639
0.014899
0.015496
0.00342
0.0291373
0.018145
0.024798
0.014225
0.012064
0.0267052
0.018145
0.0266064
0.012538
0.018184
0.017638
0.016975
0.019575
0.01343
0.018681
0.008367
0.017748
0.009454
0.01255
0.018443
0.007716
0.020538
0.016019
0.011947
0.012047
0.0261102
0.00391
0.011409
0.011524
0.007353
0.0334509
0.014228
0.023683
0.010947
0.018467
0.011294
0.019201
0.010858
0.019046
0.007175
0.015688
0.008956
0.0296652
0.017276
0.009221
0.017821
0.0299587
0.006391
0.009305
0.022225
0.021065
0.014113
0.020056
0.016566
0.020582
0.013097
0.019081
0.022384
0.008603
0.0250002
0.014115
0.02439
0.003915
0.01615
0.023492
0.019201
0.018574
0.015232
0.017929
0.020899
0.022515
0.0436165
0.012526
0.012966
0.0269213
0.003392
0.017857
0.010046
0.015705
0.013438
0.015909
0.023477
0.007653
0.019683
0.013104
0.01457
0.010744
0.013663
0.009774
0.0282585
0.020538
0.013889
0.013548
0.012663
0.019366
0.017929
0.008417
0.012652
0.014452
0.011619
0.009028
0.007957
0.010657
0.003819
0.010973
0.01287
0.009774
0.01366
0.013776
0.008183
0.010743
0.012295
0.0309658
0.018401
0.019251
0.01221
0.010655
0.02117
0.018509
0.016371
0.000936
0.017462
0.0343688
0.019309
0.024265
0.015132
0.015244
0.014788
0.017673
0.010396
0.012663
0.018293
0.010279
0.0283231
0.008838
0.013434
0.024598
0.020687
0.014225
0.018467
0.014117
0.013438
0.014779
0.022487
0.0397208
0.0403767
0.013548
0.006993
0.01626
0.009974
0.013888
0.010831
0.008011
0.011063
0.019898
0.006076
0.01193
0.011639
0.015355
0.023888
0.015672
0.013097
0.022487
0.019467
0.006459
0.015816
0.012195
0.005325
0.009735
0.007294
0.017308
0.01231
0.017638
0.004098
0.008367
0.011294
0.006391
0.015966
0.017966
0.009013
0.015909
0.01963
0.004382
0.017929
0.015355
0.017028
0.017386
0.019683
0.009615
0.023594
0.004876
0.011204
0.01333
0.017748
0.007353
0.006288
0.007414
0.011503
0.019201
0.015396
0.01221
0.011873
0.005082
0.011363
0.010081
0.018037
0.008144
0.022436
0.008956
0.01092
0.018986
0.011432
0.001321
0.021587
0.018986
0.00753
0.008626
0.016371
0.020277
0.016239
0.009892
0.018705
0.0264375
0.0309658
0.021793
0.02197
0.019351
0.017197
0.015909
0.023969
0.016371
0.0255075
0.024598
0.014113
0.0252038
0.0261214
0.017604
0.0275124
0.022751
0.021483
0.023374
0.021483
0.017292
0.0323514
0.020643
0.019737
0.023669
0.0289433
0.021274
0.015577
0.025709
0.017246
0.021951
0.0252014
0.0288462
0.0283231
0.020812
0.023696
0.0267225
0.0286272
0.0359311
0.022773
0.0263359
0.021761
0.018877
0.024898
0.022773
0.0252014
0.023683
0.02267
0.017821
0.021274
0.015527
0.0252014
0.017678
0.020492
0.023773
0.025709
0.016726
0.020112
0.023186
0.021761
0.0339029
0.021866
0.017246
0.019094
0.0287874
0.0285174
0.01836
0.021274
0.018443
0.0327233
0.0323121
0.021447
0.020706
0.020431
0.014788
0.021587
0.01757
0.023446
0.02113
0.0308947
0.018617
0.020749
0.016726
0.022833
0.024598
0.0308117
0.0282585
0.020687
0.022877
0.0259192
0.020288
0.013889
0.020855
0.024092
0.0263359
0.018401
0.022462
0.015452
0.016753
0.014231
0.021793
0.023853
0.0258017
0.016615
0.022566
0.0295688
0.01926
0.0275124
0.01797
0.0257241
0.021801
0.023566
0.0261445
0.024063
0.023357
0.0257166
0.0262095
0.0254195
0.02148
0.0328013
0.018076
0.020687
0.018114
0.0265229
0.020056
0.02398
0.015834
0.022177
0.02339
0.013426
0.020325
0.0295172
0.013551
0.024185
0.023683
0.0285641
0.02281
0.020538
0.02197
0.022877
0.0265384
0.019416
0.021622
0.020325
0.0385679
0.0267225
0.020431
0.020062
0.024898
0.0252056
0.010657
0.0256083
0.02339
0.0252038
0.0273396
0.024699
0.020477
0.020538
0.0268217
0.023288
0.018509
0.0291238
0.024384
0.0274144
0.0321647
0.023477
0.0313135
0.017386
0.023492
0.015799
0.0267582
0.022254
0.015232
0.023594
0.024396
0.022089
0.01926
0.0258017
0.018253
0.0324263
0.014005
0.0272404
0.024492
0.020749
0.01681
0.016726
0.017357
0.0257166
0.020431
0.011271
0.021622
0.016975
0.016591
0.015144
0.012879
0.017604
0.022073
0.023721
0.0348277
0.0284203
0.023594
0.0362487
0.0293212
0.0383938
0.0325204
0.0507375
0.022254
0.0329629
0.0387056
0.0350204
0.0305278
0.0465886
0.0311553
0.0747382
0.0447154
0.0480769
0.0376903
0.0317621
0.0280614
0.0555136
0.0605895
0.023798
0.0288462
0.023566
0.021939
0.021304
0.0402017
0.0532787
0.0454432
0.023669
0.0378256
0.0274134
0.0422626
0.0266391
0.0562115
0.0581963
0.0357693
0.0688202
0.049089
0.0279927
0.02109
0.0430673
0.0468274
0.0426107
0.0443381
0.0320707
0.0670732
0.022693
0.0339069
0.031571
0.050813
0.051188
0.0429332
0.0495867
0.023696
0.0293742
0.0303499
0.042794
0.0306994
0.0545918
0.0312183
0.0293742
0.018832
0.0604509
0.0331634
0.0491803
0.016515
0.0624359
0.0252014
0.025101
0.0539502
0.0322709
0.0278927
0.036157
0.0309658
0.024497
0.0516332
0.0594097
0.0377789
0.0581244
0.0623104
0.0419262
0.0531377
0.0437563
0.0619183
0.0555699
0.023785
0.0286512
0.024598
0.0285174
0.0270202
0.064148
0.0270409
0.0566062
0.0559979
0.0432194
0.0465087
0.019416
0.024594
0.023773
0.022384
0.0294588
0.0277358
0.022254
0.0557229
0.0674242
0.0379098
0.0568638
0.0273641
0.0528243
0.046875
0.0371212
0.0388804
0.019142
0.04447
0.0295172
0.0269607
0.0339029
0.0493523
0.023235
0.042088
0.0454893
0.0408111
0.0339992
0.0261214
0.0345477
0.0305837
0.0462122
0.0458417
0.0421843
0.0345581
0.0396969
0.0391104
0.0471184
0.014115
0.0534274
0.0365578
0.0258182
0.0342897
0.0445519
0.0410768
0.0470648
0.0633838
0.0335363
0.0537169
0.0452975
0.0431347
0.0586684
0.0460527
0.0453629
0.0467119
0.0532052
0.0446705
0.0407128
0.0491803
0.0436992
0.051337
0.0308343
0.0538617
0.0289433
0.0262344
0.0285533
0.0327079
0.0364954
0.0427084
0.0510042
0.028128
0.0264375
0.027834
0.020267
0.019467
0.050156
0.0563824
0.0313445
0.0697852
0.0567719
0.0325023
0.060551
0.024696
0.052254
0.0532828
0.0482344
0.0337223
0.0579897
0.0558618
0.0529093
0.0301464
0.0476856
0.0631965
0.022044
0.0311553
0.040551
0.023785
0.043511
0.020616
0.023876
0.0645604
0.0344569
0.029277
0.0741525
0.058943
0.0395474
0.0619278
0.0450819
0.0553798
0.0496646
0.0442735
0.0654517
0.0480769
0.0424312
0.0551356
0.0696154
0.0565628
0.0580629
0.051501
0.0564642
0.0495867
0.078252
0.0705853
0.0379098
0.0543033
0.0771332
0.0526382
0.0676817
0.0508872
0.0571862
0.051002
0.0574463
0.0329877
0.0391361
0.0295641
0.0573915
0.0685146
0.041499
0.0436992
0.0635417
0.0672681
0.0534974
0.0365227
0.059277
0.0482324
0.0596938
0.057653
0.0635245
0.0483912
0.0586788
0.0495088
0.072808
0.0469067
0.0653621
0.0495667
0.0479209
0.0578512
0.0514854
0.0362245
0.0357693
0.042178
0.0619278
0.0753043
0.0381313
0.0401515
0.0595418
0.0412462
0.051002
0.0555699
0.0486948
0.060743
0.0441919
0.04375
0.0501769
0.0738753
0.0358606
0.07587
0.0472904
0.0666581
0.0523286
0.0556122
0.04192
0.0518041
0.0517068
0.0410768
0.0486253
0.0415819
0.0525654
0.0541005
0.048316
0.0533489
0.055824
0.0677987
0.0664183
0.0436992
0.0423387
0.0535714
0.0377383
0.0567697
0.0613636
0.0657484
0.0487114
0.0610165
0.0353726
0.040133
0.0476006
0.0474229
0.0365578
0.0545775
0.0668367
0.0495667
0.0534995
0.0473791
0.0672222
0.0546794
0.0408215
0.0474405
0.055113
0.0670142
0.0537894
0.0655128
0.0353233
0.057221
0.0588759
0.0491307
0.0550912
0.060743
0.0511539
0.0514556
0.0557852
0.0538617
0.0540124
0.0455231
0.0461324
0.0430328
0.054078
0.0462122
0.0679176
0.0588759
0.0319766
0.0447531
0.0428499
0.037999
0.0348446
0.043284
0.0729392
0.0513803
0.0362245
0.0538617
0.0531377
0.0404929
0.0630711
0.0581307
0.0609504
0.0462766
0.0570594
0.0555835
0.0577217
0.0473008
0.0575955
0.0505533
0.0728169
0.0391414
0.0567719
0.047999
0.0426107
0.0678572
0.0450819
0.0465087
0.0390546
0.023888
0.0525825
0.0629451
0.0467119
0.0493523
0.0456031
0.0523128
0.0581919
0.055303
0.0595418
0.0459446
0.0345636
0.0567023
0.0453723
0.0666581
0.0628186
0.0483871
0.0558176
0.0453269
0.0469067
0.0504784
0.0381334
0.0675641
0.0651623
0.055824
0.032757
0.0566327
0.0573077
0.0687367
0.0553591
0.054843
0.0648195
0.0468585
0.0954383
0.103659
0.101721
0.0923341
0.0991863
0.105094
0.104504
0.0975331
0.107916
0.101445
0.103125
0.100713
0.103923
0.104925
0.0929487
0.100501
0.10355
0.107359
0.0969626
0.10335
0.101507
0.102801
0.100758
0.101289
0.107778
0.0992798
0.0913774
0.102327
0.0975715
0.0953703
0.0971936
0.0988372
0.107759
0.108855
0.108407
0.0994377
0.0939119
0.0977811
0.106481
0.0958847
0.0990125
0.101337
0.103344
0.100427
0.100532
0.0984807
0.100322
0.109564
0.0977177
0.0964286
0.0967833
0.105871
0.101267
0.101572
0.0967097
0.0989696
0.112315
0.0959497
0.0952444
0.100401
0.0930511
0.0983796
0.0984104
0.0989454
0.101948
0.0958636
0.10633
0.110934
0.101344
0.09375
0.112355
0.110588
0.101191
0.102852
0.110393
0.102371
0.0928188
0.105728
0.103723
0.106417
0.102427
0.0993327
0.0952644
0.0953297
0.105263
0.096489
0.102199
0.105301
0.109326
0.0978199
0.093306
0.10573
0.101526
0.0998428
0.0995763
0.0976402
0.110714
0.110432
0.104543
0.103085
0.111914
0.0996696
0.0909782
0.101395
0.104933
0.0986264
0.106693
0.0984607
0.0978601
0.107383
0.100904
0.100057
0.108071
0.0983191
0.0953173
0.0942832
0.100535
0.103118
0.10049
0.106546
0.0976178
0.0993016
0.0984151
0.10089
0.0987671
0.109177
0.108051
0.104958
0.0993315
0.102012
0.100877
0.105847
0.105392
0.104738
0.106069
0.100454
0.0962071
0.101091
0.101923
0.101959
0.0995763
0.100339
0.100713
0.102249
0.104143
0.101641
0.104021
0.103483
0.0982235
0.0991735
0.103628
0.0980033
0.0994444
0.101771
0.101798
0.107359
0.0956806
0.110635
0.0977427
0.0992213
0.102371
0.108624
0.102629
0.107492
0.105728
0.10967
0.103903
0.104641
0.0952564
0.0968162
0.103541
0.0964577
0.104075
0.107456
0.102629
0.102516
0.0985894
0.102435
0.096123
0.103022
0.107311
0.0952444
0.0998908
0.103495
0.102597
0.0996974
0.102131
0.106756
0.0984889
0.104167
0.106915
0.109227
0.0975576
0.101344
0.113827
0.100956
0.0959989
0.0959844
0.103233
0.104821
0.014113
0.019523
0.007845
0.018043
0.012096
0.014899
0.023876
0.02117
0.014115
0.0296652
0.012879
0.015232
0.015481
0.011432
0.022487
0.009811
0.019954
0.012755
0.015021
0.022773
0.012538
0.01434
0.017495
0.019309
0.013776
0.014002
0.009422
0.018617
0.009382
0.014001
0.019153
0.005855
0.010831
0.004714
0.015781
0.012775
0.008144
0.016129
0.0279321
0.015355
0.008603
0.011639
0.017495
0.013104
0.013551
0.0251021
0.009264
0.0259098
0.007057
0.014669
0.010511
0.020431
0.01757
0.018122
0.008911
0.017748
0.009965
0.014452
0.01434
0.008183
0.011755
0.024795
0.001923
0.015232
0.02439
0.029713
0.014779
0.002551
0.0299544
0.013888
0.0279128
0.009615
0.001393
0.014447
0.015496
0.010685
0.014947
0.011204
0.010831
0.015705
0.011735
0.010128
0.013548
0.005688
0.015121
0.018769
0.023462
0.018725
0.004753
0.014676
0.012663
0.013663
0.016039
0.004455
0.015342
0.005952
0.008768
0.0466301
0.008183
0.005855
0.0303916
0.008768
0.011179
0.001161
0.0300504
0.00934
0.015232
0.017678
0.008864
0.020325
0.006052
0.018145
0.014746
0.015816
0.013663
0.01757
0.013775
0.017462
0.015244
0.017604
0.00778
0.005041
0.0275909
0.020431
0.011432
0.023374
0.016239
0.019843
0.006937
0.014001
0.014228
0.010396
0.02399
0.01635
0.006818
0.020492
0.024693
0.014796
0.015041
0.014899
0.00214
0.020372
0.008183
0.021728
0.015244
0.003147
0.018293
0.010178
0.016239
0.01231
0.01672
0.012755
0.007472
0.009732
0.013442
0.016239
0.008011
0.020582
0.015021
0.005976
0.017308
0.012195
0.011546
0.002743
0.012652
0.009073
0.022384
0.00385
0.013212
0.005
0.017197
0.010598
0.007051
0.0258097
0.0268217
0.005734
0.016457
0.0361111
0.016304
0.010542
0.014447
0.012397
0.01615
0.011966
0.01228
0.015369
0.012538
0.01264
0.008183
0.02267
0.019046
0.011619
0.012538
0.020959
0.012992
0.021866
0.015609
0.015452
0.014788
0.01092
0.0700778
0.0426107
0.0607142
0.0487805
0.0525363
0.0588086
0.0469067
0.0484643
0.0410768
0.0535714
0.0632591
0.0514113
0.0552326
0.0638164
0.045998
0.0550411
0.047999
0.051501
0.0380435
0.0442547
0.0552083
0.0398494
0.0584006
0.0657035
0.0491307
0.0479167
0.064759
0.0514248
0.0448783
0.0461324
0.0503886
0.0500253
0.0604509
0.0566062
0.0509635
0.0581963
0.0375683
0.0636695
0.0536432
0.0498731
0.0479935
0.0379067
0.0532828
0.0538659
0.0550203
0.0516055
0.0592523
0.0489014
0.0475352
0.0538617
0.0477643
0.0489466
0.0626915
0.0563524
0.0641125
0.0527834
0.0533456
0.0521795
0.0554531
0.042178
0.0412411
0.0426225
0.0485808
0.0567269
0.0582649
0.0471184
0.0519036
0.0504341
0.0553798
0.0565896
0.0507375
0.0376413
0.0511134
0.0451245
0.0528455
0.0372621
0.0486326
0.0532052
0.0422775
0.050543
0.0454432
0.04776
0.0450819
0.0508883
0.041149
0.055683
0.0512295
0.0496862
0.0465291
0.0615904
0.0569797
0.0514113
0.051078
0.0590314
0.0461873
0.0456031
0.0536443
0.0545199
0.0484857
0.0504659
0.047998
0.0615904
0.0538061
0.0545918
0.0567943
0.0497202
0.0470513
0.0469858
0.0533489
0.0584016
0.0491658
0.0502632
0.0523105
0.0582659
0.0542929
0.0504341
0.0613733
0.0452454
0.0506966
0.0544605
0.0524194
0.0598501
0.0583334
0.0403061
0.0564346
0.0488477
0.0560345
0.0592105
0.0464876
0.0496436
0.0556122
0.0502815
0.0497202
0.0563524
0.055824
0.0566062
0.0558943
0.0540124
0.0467479
0.0588236
0.0607142
0.059338
0.0542215
0.0608842
0.051577
0.0486326
0.0475281
0.052521
0.0616053
0.0438911
0.0463483
0.0520073
0.0341848
0.0465291
0.0530648
0.0579206
0.0604167
0.0449595
0.0457623
0.0487805
0.0556533
0.0537958
0.041923
0.0496073
0.0535714
0.0473698
0.0636318
0.0490122
0.0627551
0.0481557
0.0412411
0.0551848
0.052477
0.0529093
0.0516529
0.050813
0.0491164
0.0584742
0.0394096
0.0459446
0.0519777
0.0482387
0.0523859
0.0529188
0.0426346
0.0518292
0.0469563
0.0538026
0.0571862
0.0564516
0.0610165
0.0660569
0.0523462
0.0573915
0.0514556
0.0536443
0.0594262
0.0468274
0.0568182
0.0471436
0.111842
0.110588
0.1064
0.114449
0.110887
0.107609
0.106936
0.106896
0.109833
0.110612
0.109424
0.110699
0.107778
0.107183
0.104592
0.106798
0.11188
0.115431
0.110207
0.109085
0.104143
0.107301
0.109287
0.112764
0.10537
0.110804
0.107497
0.112209
0.112382
0.105036
0.108461
0.10703
0.105687
0.108852
0.110507
0.106891
0.113409
0.105256
0.104958
0.10483
0.108296
0.106779
0.109211
0.112368
0.101959
0.113853
0.110261
0.108911
0.114749
0.113384
0.102778
0.111021
0.109733
0.110949
0.108642
0.112692
0.110799
0.112981
0.109375
0.110475
0.103076
0.109548
0.11133
0.112074
0.103959
0.107962
0.10633
0.110475
0.109177
0.10807
0.105256
0.108834
0.109742
0.110327
0.112842
0.107721
0.102155
0.105
0.106277
0.110106
0.10572
0.108471
0.108032
0.110177
0.0925516
0.110697
0.0979397
0.112013
0.11056
0.113776
0.109865
0.117218
0.0983796
0.114095
0.111681
0.10897
0.110965
0.10732
0.110792
0.111444
0.113736
0.107564
0.115556
0.111316
0.11491
0.102979
0.104675
0.105882
0.116945
0.113864
0.107412
0.111971
0.102247
0.107228
0.111096
0.108146
0.112382
0.108033
0.102503
0.113197
0.111198
0.115826
0.112692
0.106742
0.111373
0.106111
0.108296
0.113318
0.11192
0.107218
0.114259
0.107292
0.114234
0.114529
0.102929
0.113263
0.106681
0.106073
0.105435
0.106818
0.10409
0.108444
0.106679
0.105851
0.106633
0.104888
0.101293
0.115762
0.109634
0.10889
0.109635
0.111402
0.111416
0.109864
0.112055
0.112104
0.115506
0.107895
0.100052
0.106884
0.10099
0.101847
0.105416
0.107838
0.105963
0.102273
0.108315
0.100824
0.103889
0.107948
0.109242
0.107162
0.107906
0.112288
0.114051
0.107183
0.112696
0.11213
0.111967
0.110981
0.103689
0.102825
0.104408
0.106333
0.108759
0.105222
0.109816
0.10952
0.106726
0.114395
0.111214
0.10981
0.105084
0.104224
0.113748
0.105702
0.117144
0.106503
0.105044
0.108517
0.0712254
0.0289433
0.0475352
0.0319766
0.0362903
0.0477557
0.0376903
0.0527721
0.022773
0.0415819
0.014447
0.0517782
0.023492
0.0400461
0.0557535
0.0352041
0.0342743
0.0254065
0.0440283
0.0666058
0.031904
0.0479188
0.0550203
0.0280301
0.018552
0.0395474
0.032787
0.013776
0.0544479
0.015688
0.0355858
0.025
0.0429647
0.031953
0.04375
0.0288855
0.02259
0.0584016
0.030447
0.020855
0.0436992
0.021939
0.0325204
0.0254065
0.0447593
0.015593
0.0331527
0.022462
0.0356425
0.0375628
0.0416666
0.0499218
0.0446787
0.0454432
0.0392281
0.017713
0.0403225
0.023357
0.0250002
0.0274144
0.0429332
0.0457003
0.0277922
0.019416
0.0604509
0.0275381
0.021342
0.01836
0.0516055
0.0392281
0.0388804
0.01979
0.0411616
0.04447
0.0330694
0.024492
0.0494127
0.0615559
0.0251021
0.0456511
0.0279321
0.036733
0.0273109
0.027464
0.0261102
0.0260103
0.0526986
0.0526249
0.0445046
0.042505
0.0327721
0.0388804
0.0425153
0.024798
0.0416666
0.025101
0.0589525
0.0321647
0.020919
0.0438641
0.0602142
0.0294718
0.0570083
0.0337223
0.0620409
0.0264229
0.0420041
0.0404786
0.0332568
0.0457623
0.031475
0.0394008
0.048738
0.0468274
0.047613
0.0525654
0.025101
0.0684157
0.0271192
0.023876
0.027834
0.0594758
0.0609756
0.0534274
0.0480769
0.0416666
0.0259385
0.0414119
0.0293212
0.0649786
0.017028
0.0551848
0.0291373
0.031475
0.018574
0.0529835
0.0279927
0.0459727
0.0335305
0.0383938
0.0496284
0.0263223
0.02017
0.0483871
0.0521795
0.0376903
0.0421718
0.0544479
0.024092
0.050328
0.021866
0.02428
0.0285533
0.047675
0.0508883
0.0256149
0.0544355
0.0512626
0.0483871
0.0335425
0.0414149
0.0381767
0.0270409
0.0626278
0.0790107
0.0426829
0.0250003
0.039433
0.0541581
0.0520517
0.0445519
0.02459
0.0313135
0.0421843
0.0307376
0.0358808
0.0655738
0.0349476
0.035101
0.0276105
0.0558943
0.032258
0.0290249
0.0320707
0.0483128
0.0410768
0.0442229
0.0417523
0.0269213
0.036315
0.018832
0.01963
0.0504341
0.02339
0.0735294
0.0372449
0.023683
0.024798
0.0437817
0.0436747
0.0482365
0.0401139
0.0306795
0.022331
0.0386546
0.0493952
0.0272175
0.0276737
0.0562821
0.0258097
0.0456031
0.0252014
0.0319766
0.0430991
0.024477
0.019523
0.0522349
0.0615559
0.0427801
0.0576633
0.0682773
0.0322164
0.014788
0.0315989
0.0344569
0.016701
0.0490247
0.0604188
0.0495667
0.054878
0.025709
0.020056
0.0425258
0.010246
0.0496646
0.0409068
0.023083
0.028128
0.0408111
0.0532103
0.0417513
0.0498971
0.0370654
0.0326304
0.0326304
0.0548067
0.017966
0.018467
0.0563824
0.0317881
0.018145
0.0346385
0.0615404
0.027464
0.0381313
0.023566
0.0479188
0.0281598
0.045202
0.0425879
0.0362903
0.0400657
0.0479946
0.0502049
0.019416
0.0482324
0.0302953
0.0372099
0.0306408
0.0587539
0.023551
0.0627682
0.053719
0.0349283
0.045
0.0255126
0.0553279
0.0517548
0.054878
0.0621727
0.0255075
0.0436165
0.018552
0.0441402
0.0400259
0.047613
0.0378672
0.023357
0.0500253
0.021118
0.0260207
0.0495901
0.0256275
0.0343688
0.051002
0.055683
0.0437563
0.0481568
0.0282585
0.0570487
0.0258097
0.0496502
0.039959
0.0315038
0.0264083
0.0462917
0.02358
0.0371212
0.016505
0.015256
0.0377383
0.058541
0.0320707
0.0525971
0.0270202
0.0376506
0.050156
0.0327079
0.0307971
0.0514854
0.017966
0.041497
0.0330808
0.0309658
0.0349577
0.0456827
0.0436406
0.0325378
0.0302417
0.0430162
0.028128
0.0359311
0.025709
0.055824
0.0311553
0.022225
0.0437817
0.038219
0.0524029
0.015511
0.035387
0.042088
0.0484643
0.022566
0.017857
0.0521795
0.023186
0.0575276
0.0431818
0.0341848
0.0346509
0.0678274
0.02298
0.0462122
0.0668484
0.0604188
0.0386178
0.0636695
0.023288
0.0509635
0.0346446
0.018401
0.047998
0.0665384
0.0253049
0.0260103
0.0567023
0.0403924
0.014002
0.015121
0.0354017
0.0321647
0.0407245
0.017604
0.026064
0.011639
0.015481
0.0565789
0.032258
0.021342
0.041499
0.015799
0.019898
0.0437764
0.0267225
0.020855
0.0481557
0.0475281
0.0323321
0.0303375
0.0267762
0.0273396
0.0261214
0.0372984
0.0567954
0.023696
0.0506619
0.028128
0.017405
0.0455231
0.0390225
0.0465291
0.0299078
0.0323321
0.0542404
0.0532828
0.0268217
0.0506966
0.0326304
0.0557535
0.0403061
0.0637756
0.0594262
0.0380435
0.0384809
0.0336346
0.021065
0.051577
0.0372099
0.0451214
0.0373344
0.032258
0.0391104
0.0651015
0.0629524
0.0522349
0.0301022
0.0396342
0.0424312
0.0477468
0.039959
0.027618
0.0387056
0.070122
0.0611055
0.0334509
0.0283613
0.0507732
0.0566582
0.0290403
0.0293304
0.0630711
0.0393764
0.048241
0.0356599
0.0277358
0.0417513
0.0610824
0.019898
0.0488477
0.0535714
0.0352822
0.0370654
0.0471311
0.0574463
0.0433468
0.057062
0.0339992
0.0406379
0.0261214
0.0644261
0.0300504
0.0464064
0.0321647
0.0315989
0.0315329
0.0428532
0.024798
0.0300504
0.0275639
0.0496073
0.0300504
0.023167
0.0565207
0.0421718
0.0394008
0.0493354
0.0452898
0.0492902
0.0600786
0.0764661
0.0377726
0.0610824
0.0433468
0.0317199
0.0323321
0.0392857
0.04447
0.0269213
0.0444361
0.0450819
0.0420041
0.0397208
0.0282259
0.0377789
0.0572917
0.016919
0.061492
0.0543756
0.0266391
0.0514556
0.0521255
0.0519068
0.051078
0.0361338
0.0364053
0.0512626
0.0282585
0.0290403
0.0586842
0.0328013
0.0330461
0.0476069
0.0535714
0.0625
0.0450819
0.0375127
0.024396
0.0508883
0.0683551
0.04776
0.0326145
0.023186
0.0295227
0.0600516
0.0467301
0.0376903
0.061345
0.0350204
0.0413265
0.0747382
0.0313445
0.0312183
0.0289835
0.0445519
0.0707769
0.0496231
0.0521255
0.0390127
0.0612796
0.0486181
0.0543139
0.0344691
0.040133
0.0637332
0.0351917
0.0551826
0.0264375
0.0381313
0.027962
0.0398936
0.0454893
0.0286272
0.0385416
0.0300504
0.034461
0.049089
0.0290815
0.045202
0.0405646
0.0430991
0.023669
0.0357322
0.0490507
0.0512626
0.0593916
0.0514854
0.0524029
0.036366
0.023492
0.0334437
0.0574463
0.0314087
0.0453629
0.051577
0.0583334
0.0695585
0.0582649
0.0559278
0.0413265
0.0507732
0.0424312
0.0553734
0.0375911
0.0259192
0.032048
0.0316668
0.018224
0.022877
0.0519068
0.0607142
0.0499493
0.0445519
0.0352956
0.038088
0.0354938
0.0334437
0.0348277
0.0472108
0.0517804
0.000637
0.016864
0.009774
0.019462
0.013775
0.015688
0.013551
0.018725
0.01228
0.018037
0.003534
0.020919
0.005781
0.001393
0.021342
0.008603
0.004676
0.020812
0.0265229
0.007946
0.00391
0.009499
0.009264
0.02339
0.016239
0.001161
0.006993
0.007474
0.015672
0.018509
0.018224
0.011869
0.004154
0.010011
0.021065
0.005
0
0.016239
0.01343
0.013776
0.01218
0.02105
0.00771
0.008864
0.007294
0.022177
0.015121
0.008696
0.005161
0.0369433
0.008792
0.019901
0.006874
0.010657
0.01221
0.005952
0.019843
0.018076
0.009221
0.012652
0.018037
0.0266391
-0.001775
0.017857
0.020792
0.009774
0.000632
0.012265
0.001288
0.015355
0.004188
0.013551
0.005082
0.007113
0.014344
0.002698
0.013889
0.0258351
0.01457
0.007828
0.004518
0.021483
0.01208
0.014117
0.018145
0.015452
0.013217
0.0274144
0.010568
0.017276
0.016239
0.01501
0.001288
0.018509
0.011503
0.016058
0.013554
0.006512
0.015527
0.008299
0.013217
-0.001262
0.020959
0.008485
0.010947
0.007293
0.020492
0.010802
0.018574
0.009735
0.007412
0.014788
0.008745
0.005325
0.017966
0.004837
0.007773
0.000632
0.013776
0.013217
0.013551
0.011639
0.011128
0.001827
0.011831
0.009929
-0.005165
0.008077
0.004418
0.013663
0.006937
0.008317
0.012663
0.002551
0.01221
0.016039
0.027834
0.007828
0.01457
0.009073
0.014225
0.010831
0.021875
0.013774
0.011983
0.004959
-0.0044
0.008435
0.003788
0.005281
0.008183
0.007172
0.011063
0.0268598
0.012437
0.009937
0.015705
0.015144
0.006993
0.013663
-0.00539
0.013888
0.008299
0.002282
0.019153
0.013551
0.021939
0.009849
0.004555
0.004543
0.023477
0.014225
0.017821
0.010396
0.012195
0.012047
0.019843
0.008911
0.013889
0.009499
0.021801
0.01218
0.00549
0.006049
0.004753
0.011524
0.009298
0.009965
0.004753
0.023288
0.008022
0.007536
0.012744
0.006937
-0.001025
0.018617
0.007591
0.014447
0.0308706
0.010831
0.009422
0.009576
0.008673
0.016591
0.005688
0.022855
0.006644
0.021236
0.010542
0.0258097
0.007533
0.019843
0.016239
0.006288
0.009382
0.002778
0.002446
0.018293
0.001033
0.000637
0.01926
0.01218
0.023167
0.012513
0.013777
0.0267762
0.006459
0.017276
0.001393
0.013551
0.013325
0.003392
0.00753
0.001923
0.003024
0.013217
0.006763
0.018705
0.00934
0.012663
0.011089
0.003514
0.018184
0.006937
0.015705
0.022013
0.009696
0.008792
0.01846
0.008317
0.021065
0.011755
0.010481
0.021657
0.023186
0.012424
0.019081
0.021552
0.011755
0.005161
0.01333
0.007113
0.014001
0.007836
0.002823
0.020792
0.020267
0.013426
0.003198
0.011063
0.022177
0.005904
0.022358
0.010973
0.002282
0.019575
0.015705
0.010542
0.005976
0.012195
0.020959
0.014804
0.0366751
0.01434
0.016239
0.011524
0.014002
0.006391
0.010511
0.010396
0.012437
0.012538
0.016975
0.016505
0.008417
0.00919
0.006688
0.014003
0.014002
0.01926
0.022596
0.011983
0.016348
0.012163
0.003147
0.017604
0.0303067
0.0282585
0.009965
0.013551
0.001519
0.010196
0.002655
0.004065
0.021236
0.011179
0.009774
0.011546
0.013554
0.006288
0.017386
0.018037
0.013889
0.0252014
0.005706
0.011639
0.004959
0.011204
0.021587
0.000632
0.009615
0.000519
0.016753
0.01286
0.010831
0.0340908
0.0310609
0.012765
0.003436
0.021587
0.022073
0.002466
0.011674
0.002033
0.008435
0.009849
0.007892
0.004919
0.007474
0.024194
0.011204
0.010858
0.011387
0.007828
0.017821
0.004793
0.022566
0.000515
0.010312
0.013776
0.003024
0.005126
0.01193
0.004396
0.010057
0.012765
0.005
0.014779
0.005325
0.0252038
0.000386
0.006049
0.009147
0.011966
0.018037
0.011318
0.014683
0.023109
0.013325
0.007946
0.005281
0.002823
0.009416
0.003147
0.005333
0.019523
0.005325
0.018253
0.01681
0.014565
0.011271
0.022462
-0.00038
0.016129
0.006993
0.012992
0.017418
0.011966
0.011639
0.0252014
0.013774
0.016837
0.015705
0.0301464
0.020687
0.014558
0.0353093
0.013658
0.020325
0.02259
0.013663
0.0253083
0.013325
0.020538
0.021265
0.0271407
0.0318824
0.016919
0.0252014
0.01615
0.0268217
0.021866
0.013542
0.018253
0.018681
0.017246
0.0256026
0.022254
0.015232
0.0255075
0.0262222
0.0281252
0.020056
0.020643
0.0268987
0.01231
0.011735
0.0277634
0.020959
0.023969
0.027834
0.019301
0.014005
0.01963
0.019301
0.019467
0.0290403
0.016457
0.02017
0.022177
0.015132
0.02117
0.021866
0.018705
0.017528
0.018467
0.023167
0.02439
0.0319286
0.015063
0.0293742
0.0260103
0.011639
0.019046
0.0277634
0.0253049
0.012437
0.016591
0.01926
0.01208
0.025302
0.018293
0.021728
0.015132
0.015927
0.013551
0.013889
0.018037
0.020507
0.016019
0.021728
0.015256
0.0305837
0.020325
0.019201
0.0258097
0.014002
0.016675
0.019523
0.014117
0.0258351
0.017713
0.0279927
0.0263092
0.0326304
0.02439
0.0262095
0.025101
0.014003
0.0310609
0.019046
0.0341836
0.022303
0.013666
0.017137
0.013438
0.022959
0.02241
0.0296152
0.021834
0.018145
0.020643
0.0308343
0.020812
0.0293212
0.02298
0.0285533
0.019467
0.023696
0.015705
0.020267
0.02298
0.022462
0.019523
0.017004
0.016239
0.020749
0.0293212
0.018076
0.027002
0.022436
0.01615
0.022358
0.016783
0.020267
0.012096
0.021733
0.0264375
0.019201
0.020749
0.015739
0.016529
0.0279321
0.013434
0.017462
0.01221
0.013097
0.023969
0.01886
0.020876
0.0325204
0.016371
0.021552
0.019683
0.019898
0.020178
0.018617
0.020161
0.012369
0.01836
0.01434
0.023374
0.016726
0.018939
0.0288665
0.020161
0.011831
0.011363
0.01264
0.0256083
0.016529
0.01681
0.019142
0.021342
0.012755
0.0290403
0.024295
0.022693
0.019575
0.0268217
0.020477
0.0251038
0.0309658
0.022281
0.017028
0.019191
0.0255126
0.019898
0.016615
0.027962
0.023773
0.013217
0.016554
0.0258182
0.020812
0.021587
0.021304
0.019737
0.015155
0.019359
0.022044
0.0622469
0.020959
0.0564516
0.016919
0.0559645
0.024295
0.019309
0.024185
0.015946
0.0311553
0.0316265
0.012195
0.0337223
0.0445403
0.01926
0.019046
0.01332
0.0711139
0.008864
0.0259192
0.01255
0.017167
0.010021
0.018574
0.020919
0.021198
0.0432194
0.011459
0.01615
0.0570594
0.018333
0.0586057
0.013776
0.0399798
0.022073
0.0277634
0.019523
0.012295
0.031953
0.029762
0.0263223
0.0282259
0.024396
0.020687
0.0435336
0.020112
0.024594
0.0364315
0.0446338
0.01963
0.016892
0.018877
0.0255075
0.0365227
0.016505
0.014225
0.0400052
0.0413306
0.015021
0.0299544
0.010568
0.0262222
0.01231
0.0504784
0.0353093
0.016919
0.0251021
0.016505
0.0337223
0.0307748
0.0376413
0.020161
0.019094
0.017748
0.021304
0.017167
0.018253
0.0316938
0.024898
0.024295
0.011294
0.0398936
0.027464
0.023477
0.017004
0.017246
0.020219
0.0420041
0.020431
0.013775
0.0418337
0.0372099
0.013545
0.0250003
0.015452
0.017857
0.043511
0.018253
0.023288
0.0476069
0.018184
0.0367647
0.0293212
0.017495
0.017137
0.018253
0.021401
0.019019
0.016919
0.015244
0.017929
0.022566
0.013426
0.017495
0.0521592
0.015909
0.00813
0.016129
0.0489351
0.023288
0.022281
0.020372
0.060654
0.0346575
0.015593
0.0262344
0.015609
0.019949
0.018769
0.0265074
0.0362008
0.0262095
0.038811
0.011869
0.014115
0.0422932
0.019843
0.0287269
0.022487
0.0262095
0.021939
0.015799
0.0266391
0.0278056
0.0294266
0.017673
0.041149
0.017857
0.01963
0.016554
0.024793
0.0607142
0.0366135
0.02298
0.025709
0.021274
0.0534254
0.020538
0.021378
0.023462
0.015986
0.0348361
0.018509
0.0388804
0.0453629
0.01941
0.014908
0.0436992
0.0277634
0.010628
0.023492
0.0293304
0.016481
0.017857
0.032001
0.017246
0.0265544
0.018253
0.015799
0.015256
0.023865
0.014676
0.016039
0.0306795
0.022489
0.0310265
0.0334509
0.016348
0.015121
0.014899
0.01287
0.0349379
0.018443
0.0278056
0.0487289
0.0391104
0.011179
0.0454432
0.017386
0.0554435
0.0656346
0.023696
0.0505102
0.0328812
0.0523286
0.0365578
0.0286886
0.0588759
0.0564473
0.026941
0.0743535
0.0353726
0.0738229
0.0386178
0.0416666
0.0310545
0.0348361
0.0429332
0.0521795
0.0340908
0.0452826
0.0465886
0.0294193
0.0376903
0.0446338
0.0255027
0.0440283
0.0500253
0.0594433
0.0252038
0.0328536
0.039433
0.0428499
0.057653
0.0271407
0.0682048
0.0322497
0.0629524
0.0414149
0.0415829
0.0312501
0.0374749
0.0521795
0.055999
0.0391104
0.0540061
0.0430991
0.0308576
0.040133
0.0479968
0.0315989
0.0751018
0.0615559
0.0461357
0.0546957
0.0375628
0.0505533
0.0630081
0.0506619
0.0286886
0.0383611
0.0310609
0.0355858
0.0403767
0.0256083
0.0563524
0.051501
0.0340908
0.0344569
0.0439189
0.0779171
0.026941
0.0455703
0.0576633
0.0473791
0.0505861
0.0323685
0.0324072
0.0446242
0.0551848
0.0609105
0.0293742
0.0433673
0.0275381
0.0385802
0.0574324
0.0527605
0.0323514
0.0396342
0.043304
0.0532828
0.0359311
0.0495667
0.0373344
0.0491952
0.039433
0.0607798
0.0508883
0.0410768
0.0304328
0.0636318
0.0254065
0.0501012
0.0384721
0.0521991
0.0532052
0.0409664
0.0590101
0.0392857
0.0605828
0.0489466
0.0393731
0.0345477
0.042364
0.0330461
0.0329629
0.0469858
0.067029
0.0421718
0.0417503
0.0364688
0.0374087
0.0339981
0.0400461
0.0376413
0.0431167
0.0684914
0.0423387
0.0364858
0.0321647
0.0332568
0.0552564
0.0506619
0.0372984
0.0308706
0.0428499
0.0412411
0.0478456
0.0337179
0.0439463
0.0522727
0.0429332
0.0386546
0.0324446
0.0295688
0.0508883
0.052835
0.0334437
0.0627593
0.0485474
0.042505
0.0464285
0.0502525
0.0343688
0.0393447
0.0396091
0.0396091
0.0519036
0.0380435
0.0489704
0.055683
0.0303067
0.0422699
0.0455703
0.0595172
0.0388804
0.059277
0.0538703
0.0452898
0.0613921
0.0435336
0.055745
0.0544355
0.024789
0.0402196
0.0364053
0.0464064
0.0638601
0.0390787
0.040736
0.033436
0.0420041
0.0502815
0.027185
0.0295641
0.0691625
0.0646111
0.0738465
0.0443548
0.0275639
0.0445876
0.0485474
0.0339992
0.0321647
0.0350418
0.0491164
0.0602142
0.0553279
0.0459727
0.107699
0.111885
0.105453
0.1004
0.108299
0.10967
0.114101
0.102728
0.100723
0.109615
0.110314
0.107432
0.107974
0.111811
0.105993
0.113877
0.10572
0.108454
0.103986
0.116753
0.11056
0.103597
0.100636
0.106132
0.11003
0.109647
0.104139
0.103022
0.102597
0.101898
0.111364
0.102389
0.101898
0.107814
0.109849
0.0926113
0.105453
0.109529
0.105125
0.106667
0.105666
0.100798
0.107438
0.109144
0.109146
0.106538
0.106622
0.106707
0.104888
0.100851
0.104045
0.106352
0.108069
0.0998744
0.101521
0.106287
0.108491
0.102726
0.0939521
0.104665
0.10927
0.102881
0.111046
0.104235
0.105432
0.101801
0.10926
0.0991863
0.101821
0.101331
0.112599
0.104839
0.106033
0.10623
0.106681
0.100765
0.103947
0.110866
0.110656
0.105604
0.110185
0.105125
0.106502
0.111652
0.104235
0.104194
0.10609
0.100162
0.109832
0.111487
0.10944
0.10945
0.109076
0.103349
0.102427
0.101642
0.105142
0.105975
0.101963
0.102753
0.101271
0.109277
0.105167
0.112603
0.103355
0.108926
0.10952
0.10084
0.101999
0.108264
0.108887
0.110714
0.106191
0.113729
0.101434
0.10271
0.106972
0.109542
0.11142
0.10684
0.104661
0.106308
0.108454
0.10638
0.101771
0.101216
0.107162
0.10306
0.107851
0.109479
0.106672
0.110216
0.108051
0.101821
0.105053
0.108556
0.107646
0.102647
0.106971
0.104437
0.10428
0.115476
0.111286
0.106972
0.109962
0.102248
0.110937
0.0997253
0.107778
0.0969626
0.106967
0.106152
0.105021
0.107222
0.113482
0.112429
0.111541
0.104098
0.101415
0.108606
0.110261
0.108982
0.099416
0.106627
0.104522
0.107273
0.106855
0.106481
0.105861
0.101164
0.104504
0.107838
0.111622
0.105176
0.11034
0.112585
0.109391
0.105023
0.105533
0.10592
0.10428
0.106567
0.113924
0.11326
0.103208
0.11141
0.108173
0.106438
0.109906
0.102247
0.107942
0.106838
0.109375
0.108571
0.114119
0.107477
0.110059
0.112212
0.110333
0.0978096
0.010858
0.013548
0.024897
0.017821
0.017137
0.020431
0.0261102
0.010396
0.020834
0.02298
0.010449
0.003024
0.014447
0.018924
0.0269213
0.015132
0.01457
0.015452
0.02017
0.018443
0.014796
0.005446
0.020538
0.007172
0.015688
0.010046
0.011735
0.008911
0.01836
0.010331
0.000757
0.015577
0.011619
0.017167
0.011966
0.005567
0.010743
0.0338117
0.0317881
0.016457
0.00771
0.010714
0.02399
0.015722
-0.000385
0.013212
0.015369
0.007414
0.014447
0.004555
0.010196
0.019153
0.002406
0.011063
0.003819
0.021378
0.008721
0.020228
0.024594
0.01231
0.016129
0.019843
0.013888
0.004346
0.01193
0.006874
0.018264
0.014001
0.008792
0.020855
0.017167
0.021378
0.0351124
0.013217
0.014447
0.00385
0.010511
0.021587
0.00167
0.009147
0.006288
0.017057
0.010279
0.005536
0.0295227
0.011154
0.023683
0.015705
0.016348
0.008367
0.018401
0.015031
0.007957
0.024083
0.017276
0.021622
0.007293
0.009499
0.019416
0.002426
0.022855
0.018574
0.016481
0.016615
0.007057
0.008417
0.017057
0.009811
0.006219
0.00625
0.005808
0.024696
0.013663
0.01941
-0.000888
0.008864
0.0304877
0.013774
0.004188
0.015467
0.006699
0.01264
0.009264
0.011524
0.014796
0.016129
0.014796
0.007172
0.013438
0.0250003
0.016417
0.004032
0.020643
0.018253
0.018939
0.018037
0.004276
0.01836
0.009499
0.008956
0.009499
0.019081
0.022382
0.007828
0.019416
0.008367
0.018184
0.014113
0.007353
0.007353
0.014804
0.016919
0.010396
0.020219
0.018076
0.009382
0.007353
0.013666
0.005688
0.008838
0.000126
0.007175
0.007234
0.022959
0.021274
0.020643
0.02113
0.006579
0.008367
0.013774
0.009732
0.013554
0.008525
0.004957
0.011947
0.006699
0.017857
0.017137
0.007113
0.011597
0.01221
0.015244
0.009073
0.021761
0.015021
0.00934
0.01264
0.0282259
0.015909
0.010312
0.015909
0.01286
0.009147
0.005446
0.008417
0.014669
0.017528
0.0342743
0.024586
0.00813
0.0592241
0.0616198
0.0546636
0.0579206
0.0474405
0.0573622
0.0600913
0.0383127
0.0587411
0.0559278
0.05607
0.0466683
0.0413987
0.0478395
0.0517286
0.0626884
0.0600913
0.0547872
0.0596734
0.0575276
0.0630711
0.0515306
0.0567477
0.0490247
0.0633838
0.0524029
0.0475281
0.0533521
0.0479209
0.0557535
0.0554704
0.0521991
0.0564516
0.046608
0.0540061
0.0628186
0.0598501
0.0511539
0.0489466
0.0471991
0.0550203
0.0534995
0.0411554
0.0550912
0.0538617
0.0421718
0.0488096
0.0484643
0.0600913
0.0642713
0.0567023
0.0386691
0.0542215
0.0577903
0.05607
0.0572751
0.0544605
0.064425
0.0543643
0.0608842
0.0530576
0.063508
0.0590206
0.0404489
0.0436992
0.0647715
0.0553534
0.055683
0.0564516
0.0555136
0.0552326
0.0548969
0.0460527
0.0529835
0.0555414
0.0640244
0.0464285
0.0472222
0.05625
0.0492424
0.0486253
0.0532828
0.051337
0.0539392
0.0389345
0.0644551
0.0571176
0.0562169
0.0570083
0.0449595
0.0563824
0.0574324
0.0614103
0.0578512
0.0655841
0.0658766
0.0600254
0.0414119
0.0564642
0.0584027
0.0568885
0.0651445
0.0624369
0.0550203
0.0544118
0.0630805
0.0544479
0.0597604
0.0462122
0.0562115
0.0537864
0.061853
0.0571685
0.0520517
0.0479209
0.0569371
0.0657559
0.0600913
0.0584027
0.0610824
0.0529749
0.0490642
0.0478395
0.0551848
0.0508474
0.0575276
0.0556122
0.0558566
0.0573232
0.0494713
0.0545918
0.0564227
0.0562115
0.0615404
0.052551
0.0545337
0.0461619
0.0534995
0.0628819
0.0445519
0.0573232
0.0550203
0.0503886
0.0614583
0.0443878
0.0604167
0.0574597
0.0485737
0.0538703
0.055498
0.0450415
0.0600254
0.0627551
0.0458333
0.0664226
0.059077
0.0523684
0.0645546
0.0417523
0.0513051
0.0471991
0.0519547
0.0562821
0.0517015
0.0630805
0.0498497
0.0770834
0.0419295
0.0595115
0.0555699
0.0432004
0.0616053
0.0512721
0.0574894
0.0489351
0.0464064
0.0629524
0.0585347
0.0540124
0.0381334
0.0517068
0.0586684
0.0581307
0.0535714
0.0435185
0.0513157
0.0528688
0.0719214
0.0531377
0.0753043
0.0523462
0.0617992
0.0460527
0.0486253
0.0451214
0.0613256
0.0456681
0.0524924
0.0555414
0.0599845
0.10911
0.108627
0.116071
0.0625001
0.113608
0.11468
0.112531
0.115643
0.108535
0.116724
0.116608
0.108139
0.111473
0.11551
0.111541
0.114691
0.112637
0.109645
0.112603
0.113357
0.111402
0.118711
0.117582
0.108888
0.110714
0.117489
0.10667
0.105367
0.118428
0.113491
0.116515
0.119695
0.114853
0.116443
0.115175
0.116795
0.116354
0.11585
0.111343
0.106793
0.107833
0.111183
0.106982
0.114738
0.112743
0.112083
0.109879
0.110344
0.113669
0.115487
0.111667
0.112342
0.115182
0.11335
0.1125
0.111692
0.112939
0.105464
0.110656
0.117491
0.117966
0.114738
0.115968
0.112654
0.116239
0.109946
0.113172
0.111577
0.114691
0.105645
0.113318
0.112599
0.115566
0.118758
0.119467
0.111344
0.113194
0.113032
0.110417
0.118158
0.113589
0.112937
0.109615
0.102645
0.1127
0.115256
0.114744
0.112368
0.115654
0.11615
0.113598
0.11013
0.112113
0.110006
0.114518
0.111577
0.106233
0.114637
0.111607
0.111998
0.117248
0.110261
0.114616
0.113411
0.114282
0.111096
0.111965
0.112973
0.112805
0.110491
0.109
0.112539
0.112889
0.113545
0.118135
0.113999
0.11352
0.120757
0.112543
0.113589
0.107456
0.10851
0.115361
0.117337
0.116842
0.115385
0.107688
0.107827
0.11179
0.111453
0.116511
0.116851
0.110261
0.114011
0.110023
0.116525
0.106603
0.116195
0.113739
0.114157
0.115153
0.108854
0.109849
0.116189
0.118603
0.116957
0.118113
0.119681
0.113095
0.112667
0.117736
0.114189
0.113889
0.117036
0.101858
0.117032
0.115
0.115025
0.11526
0.114305
0.118438
0.113776
0.115476
0.120434
0.11322
0.112252
0.092742
0.114796
0.115632
0.111577
0.112654
0.112044
0.116507
0.106785
0.113834
0.111146
0.10729
0.111523
0.110854
0.113445
0.112413
0.110465
0.114374
0.11262
0.113971
0.110946
0.116354
0.114429
0.11535
0.111994
0.110901
0.114496
0.102679
0.112239
0.115546
0.114643
0.115566
0.108871
0.117521
0.112593
0.023462
0.0254149
0.016837
0.0264229
0.0373867
0.021939
0.016554
0.017028
0.014558
0.0322373
0.035387
0.0277634
0.011318
0.017167
0.013438
0.0271407
0.009694
0.013205
0.01626
0.0302522
0.012851
0.011735
0.007057
0.017929
0.019519
0.021767
0.023063
0.012324
0.014565
0.018293
0.019191
0.013776
0.0265229
0.022462
0.013773
0.016591
0.012324
0.0305837
0.007828
0.01295
0.018401
0.012195
0.014452
0.014796
0.0520517
0.014234
0.014119
0.015609
0.0298582
0.0323321
0.0486401
0.013438
0.013774
0.0277358
0.018815
0.0342782
0.022462
0.0306603
0.023492
0.013212
0.0306224
0.019416
0.009965
0.013212
0.016919
0.014336
0.020161
0.020599
0.017028
0.012397
0.014779
0.019019
0.020812
0.021378
0.0355099
0.015132
0.016591
0.0526729
0.011037
0.0465291
0.009849
0.018815
0.009382
0.019578
0.012879
0.0307174
0.011204
0.026941
0.002755
0.014565
0.008011
0.0275381
0.0313784
0.01963
0.016039
0.023167
0.010279
0.017137
0.017197
0.0284203
0.0373173
0.015672
0.021274
0.023271
0.0269213
0.020991
0.016675
0.012437
0.012775
0.019523
0.012195
0.015496
0.010246
0.023148
0.0483912
0.006459
0.0415829
0.0280301
0.011546
0.019467
0.017276
0.012992
0.019251
0.012096
0.019843
0.010598
0.00771
0.024185
0.020228
0.010743
0.0370654
0.009965
0.016348
0.015816
0.045998
0.004222
0.0333419
0.017028
0.0436747
0.0352844
0.017057
0.012652
0.0491164
0.017821
0.015641
0.013662
0.009615
0.018076
0.020855
0.020219
0.018401
0.017673
0.010511
0.014796
0.011869
0.006288
0.023829
0.009102
0.0322164
0.015871
0.0282924
0.007766
0.0269213
0.0499743
0.0372099
0.013217
0.014918
0.022254
0.008576
0.017197
0.006076
0.0295688
0.0527721
0.0479188
0.021065
0.0468416
0.0299587
0.014676
0.0357505
0.013776
0.016566
0.038219
0.016591
0.025103
0.016079
0.012324
0.009536
0.016566
0.014002
0.012744
0.0541498
0.012652
0.017495
0.015467
0.0466301
0.012992
0.01366
0.010081
0.020587
0.012879
0.0417523
0.022855
0.01457
0.0369433
0.017028
0.015256
0.023853
0.016591
0.020643
0.028093
0.0420985
0.015355
0.0256083
0.015144
0.0321647
0.018617
0.007293
0.02267
0.012195
0.01617
0.0387056
0.024194
0.008299
0.016019
0.021304
0.0384515
0.013205
0.018264
0.016783
0.01757
0.024487
0.018725
0.013548
0.022254
0.023167
0.0294718
0.010396
0.017929
0.018939
0.022119
0.017678
0.015739
0.007057
0.0548245
0.010081
0.013325
0.008144
0.0345526
0.0449595
0.021834
0.0284203
0.009244
0.01615
0.019791
0.020112
0.0420041
0.016591
0.010831
0.0344783
0.0271628
0.013199
0.019094
0.016919
0.019153
0.012984
0.016566
0.0320707
0.009929
0.011409
0.0381313
0.017033
0.012755
0.0341836
0.008745
0.020812
0.013773
0.0330808
0.018347
0.0590885
0.017451
0.0264375
0.0345477
0.017276
0.0471991
0.016481
0.0302417
0.014813
0.0274144
0.020538
0.019791
0.016753
0.0552326
0.0335425
0.00813
0.011294
0.02113
0.0448783
0.0316265
0.0353726
0.010628
0.013554
0.017146
0.009892
0.016701
0.01644
0.021761
0.0253049
0.0291792
0.010858
0.01926
0.024092
0.0295688
0.021801
0.0473008
0.0485737
0.024594
0.0260103
0.018769
0.0259098
0.013217
0.022281
0.014796
0.0372984
0.019309
0.0465291
0.018154
0.016019
0.0263092
0.011089
0.0311183
0.018004
0.011966
0.0347292
0.016947
0.0350101
0.012755
0.01501
0.0594791
0.0565896
0.0339069
0.017246
0.020431
0.0310545
0.0461324
0.0288855
0.011983
0.01241
0.020538
0.018986
0.0265384
0.014899
0.012879
0.017786
0.023288
0.032258
0.007293
0.005976
0.0279927
0.021236
0.018401
0.014115
0.014117
0.015481
0.0497967
0.014788
0.014908
0.018467
0.014908
0.018574
0.017929
0.018467
0.018224
0.021761
0.023271
0.0483193
0.012765
0.0288855
0.00778
0.0281928
0.013097
0.0304328
0.015467
0.0330694
0.0264677
0.01255
0.0366751
0.0271192
0.019575
0.0286144
0.032048
0.015342
0.018509
0.0539392
0.021065
0.017857
0.013888
0.01757
0.0269213
0.016566
0.017713
0.0306795
0.021657
0.0303375
0.0444215
0.015144
0.0276637
0.0348277
0.0252014
0.025
0.0256083
0.0272871
0.0335363
0.0365578
0.020161
0.0407008
0.0664226
0.019094
0.020062
0.0275909
0.0316668
0.0295688
0.018787
0.022487
0.0403061
0.0333586
0.0499493
0.018815
0.022833
0.0300504
0.02298
0.023683
0.0299544
0.0402892
0.0430162
0.021801
0.014565
0.025709
0.0293304
0.02197
0.0431818
0.020431
0.0264229
0.015705
0.0251021
0.018145
0.0490507
0.0375628
0.0398073
0.019366
0.020385
0.0255126
0.021236
0.0497202
0.0526986
0.0381313
0.017167
0.025
0.0307174
0.0300504
0.013776
0.0493354
0.0370654
0.0411616
0.031953
0.0473602
0.0259098
0.024492
0.0268217
0.0424219
0.019191
0.0424219
0.0455231
0.017308
0.014231
0.019467
0.013554
0.0294193
0.0281577
0.0362051
0.020431
0.014937
0.0504032
0.0296152
0.021767
0.0581307
0.020112
0.015688
0.018224
0.0265074
0.015781
0.0445171
0.0404078
0.0383537
0.0473698
0.0288265
0.0285174
0.023876
0.024396
0.0273163
0.015342
0.017028
0.0268405
0.0265074
0.0443878
0.019737
0.016837
0.02197
0.0282259
0.0342743
0.0292336
0.0387056
0.0487899
0.020706
0.022877
0.020553
0.015496
0.0427532
0.0418357
0.0376413
0.023288
0.020445
0.0319286
0.0302953
0.011619
0.0273881
0.024185
0.023683
0.0508883
0.0318578
0.024898
0.022073
0.024092
0.0339992
0.0254021
0.0266227
0.0342764
0.0269607
0.021447
0.019901
0.0348277
0.0623738
0.0490122
0.018924
0.023669
0.0428794
0.024898
0.0464064
0.0734979
0.0267762
0.019351
0.019575
0.0472222
0.0303627
0.0370324
0.0343688
0.021761
0.0265544
0.007591
0.022855
0.01963
0.017966
0.017246
0.013653
0.018037
0.023594
0.0258097
0.0491164
0.0364053
0.018082
0.022855
0.0471991
0.0282924
0.016701
0.020337
0.018184
0.02399
0.0345526
0.0427665
0.017929
0.0283231
0.011204
0.0420931
0.017246
0.021516
0.0510416
0.0294266
0.0338176
0.0329877
0.01333
0.0295688
0.038219
0.043429
0.013888
0.011409
0.0561043
0.019515
0.0595418
0.0298582
0.0446705
0.0274391
0.010947
0.017386
0.006407
0.016457
0.016394
0.008299
0.010831
0.002948
0.006269
0.020643
-0.000376
0.014479
0.011246
0.004876
0.004958
0.01185
0.003514
0.014669
0.008022
-0.003179
0.004396
0.010743
-0.004328
0.012755
-0.000633
0.002632
0.022281
0.023785
0.022303
0.006874
0.016529
-0.00076
0.0270409
0.00549
0.01434
0.008077
0.006219
-0.000506
0.020492
0.024598
0.022796
0.0317358
0.014117
0.018401
0.015232
0.007533
0.017028
0.013663
0.01218
0.000515
0.016947
0.015496
0.008367
0.002282
0.022917
0.001643
0.014452
0.00342
0.0259192
0.019737
0.008011
0.014001
0.019094
0.024288
0.020919
0.010947
0.023492
0.012526
0.014788
0.006443
0.011271
0.009929
0.0301022
0.00163
0.011546
0.004919
0.008367
0.0260103
0.00828
-0.001017
0.014001
0.000392
0.006126
0.014683
0.006168
-0.002402
0.022773
0.009849
0.013438
0.007413
0.009732
0.010196
0.017857
0.004065
0.0338117
0.016591
0.0274391
0.009458
0.000383
0.019954
0.007175
0.0263223
0.017167
0.006459
0.008435
0.004346
0.01208
0.013217
0.013104
-0.00153
0.01866
0.010094
0.016975
0.028128
0.011755
0.009028
0.013775
0.0274896
0.010835
0.010081
0.001643
0.004919
0.010858
0.023969
0.011735
0.0028
0.014119
0.017276
0.022773
0.001782
0.017276
0.006391
0.001907
0.006633
0.018224
0.007172
0.008065
0.019843
0.003074
0.002847
0.000883
0.008956
0.015593
0.010511
0.019575
0.013662
0.004959
0.014225
-0.001391
0.007472
0.001768
0.007175
0.011524
0.004591
-0.000643
-0.004534
0.001684
0.016457
0.006644
0.008838
0.00153
0.001133
0.018264
0.015121
0.012992
0.008367
0.015593
0.008183
0.006497
0.01333
0.01782
0.004007
0.001268
0.001519
0.012096
0.004874
0.0304328
0.023958
0.007175
0.008435
0.011089
0.016837
0.012424
0.008721
0.003392
0.006644
0.003447
0.005781
0.009576
0.000891
0.009416
0.017137
0.016457
0.022013
0.015816
0.010973
-0.003441
0.008956
0.011179
0.012879
0.001923
0.016975
0.001452
0.003296
-0.001804
0.00771
-0.003903
0.014225
0.012765
0.009375
0.002066
0.018939
0.008721
0.014225
0.011503
0.009382
0.009264
0.007892
0.008367
0.006987
0.005734
0.008768
0.014002
0.010542
0.014583
0.004668
0.00232
0.010511
0.003225
0.013212
-0.00599
0.007836
0.010831
0.004505
0.005904
0.00549
0.021483
0.002901
0.019737
0.007591
0.016129
0.0468911
0.005523
0.011318
0.01757
0.010081
0.004505
0.019251
0.011546
0.008956
0.008792
0.007172
0.012879
0.012324
0.015467
0.018939
0.021378
0.003296
-0.000254
0.017137
0.019467
0.018552
0.011271
0.0299587
0.002406
0.020834
0.009811
0.015355
0.018552
0.016591
-0.004518
0.021483
0.006699
0.0265229
0.009057
0.02339
0.009147
0.00919
0.012775
0.007353
0.006219
0.010743
0.014002
0.012163
0.016239
0.008367
0.014558
0.008956
0.004837
0.005161
0.01501
0.022596
0.01193
0.014344
0.007946
0.005952
0.003666
0.004396
0.010628
0.003099
0.016129
0.016348
0.009811
0.009147
0.013888
0.017821
0.022196
0.008435
0.008818
0.014788
0.004188
0.009576
0.009615
0.0343656
0.011063
0.006699
0.013097
-0.00051
0.017276
0.009615
0.005161
0.005658
0.004543
0.003225
0.017929
0.012295
0.008745
0.016783
0.00662
0.00391
0.013205
0.006269
0.018796
0.021342
0.01221
0.007591
0.023696
0.005808
0.018114
0.004154
0.018509
0.003695
0.013426
0.015452
0.004676
0.011735
0.007828
0.019791
0.0345526
-0.00539
0.010046
0.004188
0.016019
-0.001164
0.018509
0.009576
0.015481
0.0265384
0.008022
0.006874
0.006321
0.019153
0.009694
0.008844
0.009538
0.0254021
0.00771
0.020445
0.016919
0.019578
0.0161
0.017354
0.002264
0.01836
0.008525
0.002655
0.007413
0.007474
0.005
0.02267
0.00214
0.009102
0.009264
0.010511
0.005929
0.00771
0.01208
0.015355
0.012984
0.005246
0.010685
0.001643
0.015816
0.022044
0.017528
-0.003931
0.018552
0.018509
0.017966
-0.0044
0.024899
0.015593
0.015799
0.020267
0.024396
0.0254149
0.016919
0.021657
0.0293111
0.020277
0.0315989
0.023785
0.018184
0.0255027
0.01836
0.024295
0.016615
0.0268035
0.017604
0.023535
0.017821
0.019949
0.011735
0.018939
0.028128
0.016282
0.015144
0.007591
0.0313445
0.014348
0.014676
0.01626
0.023773
0.008911
0.022281
0.017857
0.013776
0.02109
0.018037
0.015909
0.014452
0.019366
0.021694
0.023773
0.019843
0.014117
0.012975
0.018467
0.018986
0.008173
0.029277
0.017562
0.012765
0.018305
0.018037
0.019737
0.0256149
0.0270202
0.0352167
0.01926
0.023288
0.02267
0.0333586
0.022877
0.012629
0.018617
0.014676
0.018552
0.016457
0.009382
0.0258182
0.020855
0.023253
0.021866
0.024899
0.013212
0.01963
0.024177
0.021552
0.0273641
0.015369
0.019949
0.022462
0.020749
0.010011
0.014225
0.016457
0.017932
0.025
0.018986
0.01264
0.018574
0.017246
0.008455
0.02117
0.019683
0.017028
0.016371
0.0288462
0.018333
0.0329754
0.018401
0.015966
0.01836
0.020769
0.021552
0.016615
0.017137
0.025103
0.033436
0.0262095
0.010396
0.0331738
0.020538
0.017857
0.01836
0.017638
0.024898
0.020749
0.018939
0.020372
0.019033
0.015244
0.014225
0.020507
0.021236
0.013776
0.023594
0.015688
0.01281
0.013775
0.017857
0.016947
0.016919
0.0272175
0.020267
0.01681
0.017276
0.0266064
0.0253083
0.0265229
0.0376016
0.02267
0.021657
0.022358
0.0280301
0.025101
0.015232
0.016129
0.024295
0.024295
0.014225
0.0304877
0.019416
0.0254021
0.019046
0.024798
0.020643
0.018769
0.0288462
0.0269213
0.0285174
0.020769
0.019251
0.0253049
0.022833
0.018253
0.018939
0.018939
0.01286
0.019898
0.012629
0.0312502
0.022044
0.01287
0.015053
0.0286886
0.025621
0.0258441
0.021378
0.019523
0.021939
0.01681
0.0346385
0.019472
0.0391982
0.021483
0.017673
0.018939
0.008505
0.023798
0.017821
0.022566
0.015256
0.017638
0.0338117
0.019094
0.0263359
0.020749
0.024384
