-0.4618
-6.2551
-15.1184
-1.0412
-6.515
-1.8092
3.76623
-5.9224
-5.6201
-14.6022
-21.7955
-5.7381
9.84835
-1.8163
0.45016
-10.4925
-6.8742
-4.3276
4.79965
-7.9851
-8.2043
-5.2731
-3.8077
-4.374
-6.5079
7.20505
-3.2529
-14.917
-10.3605
-6.9193
-8.2166
-5.4889
3.5419
-3.1332
-0.5569
-7.8989
-4.9127
-6.2299
0.14475
-2.0621
2.64536
-9.6202
17.2539
-67.4272
-13.4092
7.61905
10.4085
-4.8145
-36.2884
-0.143
2.8269
0.31125
3.64985
-1.5169
1.92618
-3.9424
-10.0655
2.84492
-2.7071
-13.1956
-3.0151
-2.8308
4.28665
-19.9306
-21.2047
-22.8055
8.53775
-6.0499
-11.2896
5.83085
2.76774
0.49571
3.10096
-1.4434
-8.5196
1.52301
-3.1946
-19.2215
-3.449
-11.8997
2.39576
-3.4608
-2.4778
-4.8709
-6.906
-1.1208
2.0448
-35.6837
-67.9087
-2.7601
3.16914
-18.7227
-0.2408
-7.1018
-8.2215
-9.1197
6.32135
-13.97
-0.218
-30.4149
8.85545
-2.8047
18.4648
37.8599
-18.0315
39.3465
-0.3573
-17.3144
-32.911
-18.6618
-0.0287
34.4036
1.37266
-8.4118
10.0171
5.82415
-1.3285
26.1909
-5.1434
19.504
-1.4833
6.1228
18.8278
-12.7968
-12.4238
13.7318
-8.3365
2.17196
2.91795
-12.6025
30.8125
-4.8632
-21.0927
-8.3739
-15.2355
9.2901
13.7362
-58.1947
3.06549
16.1313
-4.3951
6.1679
-6.4475
-44.598
22.5117
24.7734
11.597
0.75764
-21.6407
2.15289
10.3172
-1.8397
0.42676
33.0078
4.46234
5.23312
2.15609
-6.4095
-4.9203
-23.6688
-10.6637
-11.5679
3.1614
-0.2899
-22.5224
-0.5107
24.9831
15.719
-10.8149
3.32499
-1.6312
15.4858
-5.0207
-0.6824
2.08113
9.77835
-15.5063
-7.0317
1.7159
-17.0306
-2.3056
-5.6456
6.77232
3.51719
-21.7048
7.01442
11.1423
-2.0509
-5.1763
13.0674
3.9244
-8.6039
-7.9486
-12.0966
37.1569
-3.1457
11.4942
0.98217
-3.2903
-15.0057
160.724
39.6693
1.50661
1.7105
3.08115
49.4275
-6.8525
94.7799
3.9722
-11.3526
-1.7761
100.815
186.252
18.4423
3.44636
-3.0338
258.208
13.7206
6.73205
57.5183
10.5688
25.9627
22.9032
-13.8816
47.6692
6.2541
3.33159
103.545
32.0076
38.3345
-11.3319
54.7995
3.53988
178.218
123.457
3.70419
109.963
36.8758
54.1401
37.0131
109.118
31.1825
97.8847
2.70698
80.334
31.2052
182.712
-34.1451
164.233
3.12495
-1.4691
59.9737
148.869
134.409
-5.6447
-9.9209
110.568
11.3236
11.1811
6.26397
-0.2703
-3.5488
4.7285
-8.2152
14.1858
13.1028
126.253
16.0089
17.6627
5.79685
18.6512
3.39557
47.4549
-2.7984
53.5189
64.7717
-77.1189
33.4352
144.984
-6.3065
131.805
44.3229
-27.1912
100.941
-8.8989
70.3714
131.253
-5.3597
24.4938
114.707
13.4
-7.5358
65.4687
15.8245
81.3867
64.6065
-22.8758
35.5159
-26.8623
-47.4236
-5.2016
-80.5833
-39.946
-16.7923
-3.9588
-58.5001
-16.987
-42.1266
-21.2957
-48.4883
-11.9245
-9.0536
-12.6831
-69.1569
-56.1154
-59.3398
-47.3495
-67.0428
-13.1114
-38.7636
-34.4532
-18.7056
-152.166
-43.3124
-107.528
-63.5499
-4.9256
-63.2738
-157.208
-16.6024
-26.9253
-8.8842
-6.7673
-12.2799
-11.6795
-9.4819
-25.5143
-37.3161
-32.437
-6.0011
-53.8983
-97.265
-17.8541
6.1725
-1.6036
-21.2486
-23.9386
-71.9022
-19.1848
-33.8015
-17.1583
-9.4521
-25.7195
-34.1722
-7.2521
-17.1052
-7.2624
-27.5173
-40.0576
-24.6246
-32.0851
-124.192
-13.3101
-46.3563
-28.4372
-106.029
-13.721
-31.3936
-11.353
2.9562
-39.0745
-12.266
-19.6284
-160.428
-25.7606
-18.8113
-17.6196
-3.7295
-23.4389
-75.5038
-2.5307
2.22458
-42.105
-14.3844
-32.8777
-23.8201
-3.0645
-68.4327
-28.7442
-66.1095
-47.8878
-21.8866
-23.7505
-79.4966
-16.8852
-128.666
-12.9969
-102.263
-18.8775
-58.3788
-43.8961
-49.2116
-10.9132
-39.5564
-8.0847
-11.3389
-53.7237
-35.0968
-39.0495
-7.2486
-15.3504
-17.7214
-33.31
-178.969
-20.0134
-54.4972
-29.7873
-56.2326
-41.983
-23.8595
-57.7208
-252.304
-29.825
7.7482
-15.5142
-29.99
-26.9659
-54.1649
-14.9707
-79.9488
-4.125
3.40045
-71.0572
-24.771
-87.0109
-154.781
-92.605
16.7794
-25.4652
-16.4719
-8.6074
-50.5151
-30.6891
-41.9984
-32.394
-67.832
-70.413
-14.0361
-5.0664
-73.2101
-52.9227
-17.1669
-18.4729
-632.968
-59.7673
-50.5083
-58.7551
-8.4926
-25.6145
-57.2052
-51.2509
-10.1072
-126.368
-76.7653
-20.2928
-8.3859
-5.2571
10.5938
-27.8358
-38.6042
-25.0363
-1.78
-10.852
-36.6817
-66.7797
-3.6464
-18.7163
-10.9924
-20.439
-6.0782
12.2235
-91.843
-1.7837
-23.121
-32.2005
-51.7462
-11.6051
-76.9117
-53.703
-67.9151
-13.8764
-26.1549
-18.5058
-32.3167
-25.103
-36.2931
-188.234
-86.3629
-0.8969
55.1982
-11.7479
-71.3658
-79.0222
-30.2757
-21.481
-17.4375
-31.7958
-16.5744
-13.6808
-7.7131
-14.858
-9.9354
-20.1488
-7.443
-75.2395
-11.8043
-26.8255
-3.8463
-0.3367
-8.2358
61.3246
-51.016
23.5236
24.3264
-62.1438
68.0722
-6.1587
-9.2067
-69.2111
-179.18
33.5288
-5.6277
-64.0785
-65.5562
-11.1047
-60.9094
-23.307
-61.044
-26.0476
-13.1076
15.912
-107.397
-143.314
-41.5528
-68.6363
-10.6879
-78.5842
-23.434
-12.8781
-44.5553
-11.7871
-52.6859
-5.1301
6.68595
-124.061
15.4367
-47.1138
-46.5547
-9.9188
-11.5588
-51.3526
-11.827
-34.0181
-1.4263
-13.2741
9.64605
0.07045
4.46915
-12.6089
-13.2496
-25.7931
-9.1907
24.8426
4.3744
-53.5868
-19.8917
46.225
9.8992
-31.6064
55.3476
28.5238
-65.2422
2.37685
24.5095
5.91075
-18.7125
-15.9515
18.3077
-13.1756
-21.2062
-6.1647
-15.7537
-14.3399
-68.5943
-12.8222
-50.7717
-66.7067
-46.5299
0.36003
8.66257
1.85388
4.45958
2.92674
8.47675
5.02738
5.23506
12.8218
1.46166
9.26385
0.36856
5.86475
0.36829
5.28749
1.14629
0.64279
1.06196
2.72894
4.47721
9.05076
0.35685
0.36383
3.27515
0.35487
-0.0643
0.88623
2.71966
3.94537
2.17001
0.37348
6.96119
0.9992
0.39175
1.91845
10.1858
1.24466
0.39005
1.41012
4.8002
2.82006
0.38636
0.69999
4.37299
10.4214
2.62178
2.10552
5.73361
5.45711
0.3829
7.44192
3.98212
3.58877
3.48969
7.96347
0.37017
11.1007
2.13708
4.63677
0.3652
12.3797
0.78181
9.03641
1.47676
-1.8404
0.35933
0.37968
5.88123
0.35991
1.53943
3.0702
4.28993
2.43054
5.03213
2.54682
2.36354
5.82771
4.0016
2.97935
1.52313
16.3134
0.36116
6.52726
0.36479
1.71666
0.37046
8.52232
3.54518
4.448
0.51715
0.34427
2.3193
0.35383
-15.1997
3.84297
-4.766
1.78805
1.35864
1.18006
-2.5502
40.2049
25.7131
5.9661
7.66953
5.89239
14.3964
10.8206
10.7155
2.46156
1.50006
15.0249
33.3502
16.2071
7.69449
0.54062
10.4828
4.02602
2.67646
1.25201
13.2859
25.7796
1.10782
1.08312
1.07959
9.11874
11.5927
4.59286
7.86626
15.6108
26.5701
33.3248
7.15309
1.08936
7.1592
12.8694
15.639
14.4257
6.87092
15.3131
1.0761
7.36456
17.1604
2.53701
24.9116
6.65671
8.28049
13.4771
7.60959
12.5162
-1.8727
11.6785
5.353
1.11752
1.27685
8.19633
11.9257
11.8873
-35.6906
6.83399
27.3061
14.4862
11.932
1.10092
1.66268
14.7616
10.0216
2.0832
5.40071
18.3475
-17.355
12.4798
5.21246
12.53
1.0519
20.6681
13.3897
12.5449
45.4305
-4.1494
6.6118
7.49057
5.82571
2.02065
1.15405
10.9677
1.05157
-0.1597
-0.3175
5.53363
17.5818
1.12221
34.8831
11.2383
1.10544
11.9208
1.04744
34.1285
14.0003
3.01183
31.9316
67.886
52.8244
78.6979
41.3235
3.64939
24.3139
3.6986
108.484
3.78582
349.075
3.79096
12.3683
37.1882
45.7342
3.66668
40.3634
61.6912
3.56787
26.7786
12.4413
55.156
93.905
27.5261
217.279
48.7317
115.424
85.6649
113.925
2.06119
47.7711
41.9451
3.58486
3.31094
27.1413
104.133
101.734
119.572
64.3585
11.4237
22.1512
43.5938
48.3922
6.02777
38.4552
164.319
3.76821
93.6249
23.8255
17.3474
67.4962
3.70777
3.56765
45.5397
5.21764
20.7234
14.1483
80.5125
103.067
116.755
77.6022
53.1158
39.4757
14.3024
13.8824
95.633
10.345
3.40903
3.54807
174.279
35.5943
83.016
28.3613
145.422
66.3515
3.62187
3.62362
55.3815
3.6123
31.409
-3.0529
31.2239
53.9537
167.304
48.4027
3.51459
136.413
79.0245
101.052
3.59314
50.4361
88.423
94.323
59.1395
202.1
3.64625
166.166
101.597
77.161
2.88231
-13.679
-1.7848
2.55198
1.0798
2.88293
0.91112
9.41676
7.25979
0.55915
-0.1442
-5.3246
-5.551
-2.1394
-2.8166
7.86644
-2.4697
-7.7288
-6.4263
-5.5536
-5.2437
-3.5382
2.61607
-3.403
1.11005
-0.3811
0.81302
1.68539
-1.1029
0.56636
-24.4388
3.88959
-18.9928
4.9597
3.57997
0.28787
-29.3671
2.30626
-2.2665
3.10804
5.7862
0.80463
5.26603
-8.0523
3.46933
-11.4066
-12.1761
-51.1173
-16.4578
3.19706
0.70977
4.40874
7.12363
-9.0156
-2.3093
-2.5592
3.8263
-1.5979
-3.9547
-4.4356
1.36788
-5.7638
-5.3307
-6.0012
-0.2689
-9.8946
-2.9188
0.99417
0.58725
4.24714
-37.1613
-7.5715
1.45695
2.3038
-7.1729
2.15651
2.53071
3.70417
0.14936
-4.8154
3.94441
-28.8186
4.51277
-17.369
1.77342
1.15535
-6.5974
5.69145
4.53075
0.59793
-0.33
-0.6533
-1.7224
-4.4238
0.50377
2.72497
-4.3318
0.6482
-66.2362
4.03947
-4.5785
3.25708
6.60425
-7.1663
-42.5749
-2.781
1.9079
6.169
5.54518
17.9501
-0.15
-4.9507
9.0425
2.6658
0.12053
8.03975
-4.2289
-15.9106
2.51295
7.00679
13.5175
1.57397
17.7136
8.4835
-0.827
1.07953
-14.8251
1.36968
-5.4599
2.68127
-9.6368
2.36549
4.16747
3.4908
8.14193
2.23038
6.01991
13.062
5.39322
1.64767
7.85518
-3.7393
-10.9034
6.4351
1.00616
1.23647
0.61585
12.653
2.1419
1.81213
3.40993
-3.1223
14.0559
-1.0476
-9.0654
-3.2146
1.43426
15.9767
-2.5477
22.6709
8.39937
-1.7967
-17.1903
9.72375
3.25808
7.67948
14.2158
-8.9352
2.11155
-4.4647
-19.8565
9.6971
4.18136
4.2859
-1.7156
10.7164
9.36363
2.46948
3.64718
6.75855
5.52966
-12.2463
-29.8687
10.9872
-19.3413
-3.3769
1.50219
2.50704
2.42577
-21.052
0.17315
7.18572
1.98229
12.159
-1.028
-18.0304
-1.9796
4.56295
8.7412
6.7604
11.8907
3.71405
3.72264
25.7328
24.057
4.49585
11.0967
-81.5752
-0.6737
18.0297
50.9601
52.2137
12.1393
4.2739
64.2919
29.0923
-23.9271
71.3438
2.52326
21.1885
126.471
9.903
5.91451
-1.3095
15.2634
-30.6057
9.7854
25.5372
67.001
9.72595
50.7028
18.1439
4.3558
12.463
73.3264
-2.5738
1.82414
12.7368
39.5104
36.8103
13.0381
24.0358
18.6838
19.0008
62.8431
-18.1137
32.2178
27.5562
6.83045
-6.3576
-9.6132
11.6657
50.7512
54.1643
93.1343
46.9892
11.7403
30.6074
4.88996
13.8247
50.0259
35.1473
5.45785
1.97635
29.7334
61.1843
43.4273
13.8175
79.952
43.1051
40.827
3.39655
29.9062
20.8194
-6.8107
71.3447
31.1011
9.5789
13.4514
15.0919
44.7508
28.5662
5.22288
38.1895
39.2737
94.4997
24.4362
47.2063
46.9737
-8.8692
46.1262
21.6324
4.33778
17.3386
64.4296
-6.1913
-14.1651
23.5834
8.31907
34.3779
-137.138
-212.541
-16.8802
-67.7253
10.7454
-188.601
-22.3351
-13.4977
-116.069
8.70084
-88.5624
-51.4449
-48.7901
11.9634
-10.7314
0.43905
-24.0935
-40.6887
-19.5678
-14.0651
-65.3239
-59.8317
-46.5875
-123.525
-5.6036
-91.556
-9.047
10.8978
-7.425
-96.948
-39.5153
-97.712
-1.1757
-109.571
-20.6837
7.2914
-4.6054
-192.286
9.95755
-11.5438
25.8273
-308.701
-76.7692
-15.874
-83.4731
-87.3741
13.2599
-55.3376
7.99245
-170.815
-195.579
-54.4297
-56.9346
6.41407
-15.3645
-15.463
-93.33
-114.439
-81.4989
-11.8367
8.3514
-4.903
-108.578
-33.7553
-5.2059
-69.4434
-18.4661
-288.722
-22.8287
-20.2485
-48.4066
-46.8313
-75.8153
-98.452
-93.084
-47.121
-23.7892
-5.7595
-88.7577
-359.747
-62.0904
-92.295
4.58188
-1.2287
-59.8384
-95.393
-61.6424
-155.997
-49.2712
-59.7855
-35.2011
-78.7387
-11.8868
-15.8316
-229.43
-13.5973
-4.2312
-38.7765
-9.9359
-34.0514
-60.4562
-107.217
6.5456
25.0637
-62.3237
-5.7297
-23.3791
-55.2134
4.33315
-124.152
-24.1933
-212.782
-58.6908
-1.3013
-235.816
-101.915
-35.7689
-26.8541
7.53626
-55.3292
-66.3715
-9.2805
-46.5932
-379.069
-4.5646
-327.519
-31.4434
-13.7712
-733.575
6.78019
3.07256
-56.1022
-44.4236
-271.639
-27.6767
-2.6179
-89.6995
-0.7989
21.905
-18.1686
-7.3882
18.5538
-25.3855
-205.392
-1.3923
-53.8389
-16.7835
-84.6188
21.4213
-186.298
-26.8678
-200.811
20.1433
-81.0041
-96.546
-41.5269
-3.7784
-2.3068
-37.0034
-39.1151
-124.824
22.5923
10.0373
-72.6817
-399.037
-72.2647
-49.6371
-248.249
-13.332
40.2796
2.6491
39.3502
-94.483
-131.031
4.03875
-214.645
-47.4869
-26.7614
23.1942
-62.5436
-159.15
18.4348
-114.796
-31.425
-87.3707
-59.4494
-27.7575
-18.2112
-34.8319
4.608
-4.1859
3.19855
-37.4237
-44.913
-100.138
-101.414
-25.3935
-67.3322
-46.9284
-35.2078
78.7361
-91.252
-4.5091
-63.8219
35.7204
77.0377
18.773
-195.332
46.108
-31.2256
-36.2391
-72.721
1.4213
-12.3472
17.7731
20.7669
-1.6017
-92.232
-201.105
149.975
81.5908
27.4704
-64.8999
9.69245
-7.4179
-28.9425
-94.128
-1.1783
-158.416
-79.6494
-75.5613
-61.2843
1.3724
-36.3395
4.7395
-91.341
75.9042
-182.808
106.722
-85.7383
-19.6523
-88.6187
-240.538
-74.3354
-60.767
-22.499
-4.2568
-56.9822
26.4259
-47.016
68.1242
-33.2243
-43.1858
-49.0031
62.1616
129.108
102.939
4.7427
-32.2737
-33.0067
30.7771
72.0923
-10.9301
-100.751
-26.3915
-0.1857
-281.585
8.02415
41.8388
55.283
-6.9478
49.0939
5.83365
50.865
12.6595
-57.0979
-143.161
16.5385
28.6452
-96.408
54.8028
-5.478
-306.703
-79.638
59.2252
110.226
123.836
-70.0875
-182.947
14.386
-6.5608
0.37658
-15.4372
-43.0657
26.9585
-136.033
50.3375
11.2565
-95.963
-216.887
-243.589
-117.716
-351.099
-383.615
-481.989
-144.205
-85.665
-152.596
-403.053
-307.968
-1048.38
-302.127
-140.779
-63.0974
-358.123
-77.9263
-148.427
-109.841
-43.9507
-316.44
-201.68
88.8615
-257.911
-225.142
-183.347
-136.911
-529.196
-307.361
-182.751
4.4915
-224.82
-182.441
-116.088
-67.669
-287.524
-127.315
-152.168
-42.3259
-148.619
-103.403
-54.9334
-61.5075
-44.1614
-440.691
-369.011
-136.875
-203.081
-124.502
-157.442
-264.184
-68.3574
-111.537
42.162
-433.49
-156.365
-110.854
-90.556
-83.4069
-150.527
-243.957
-184.453
-658.835
-328.832
-203.352
-89.618
-325.511
-170.056
-94.431
-64.7446
-33.1225
-322.29
-95.1
-258.6
46.5564
-72.1941
-51.4219
-155.21
-99.907
-104.592
-59.7987
-1041.67
-256.197
-394.668
-97.821
-82.5746
-248.699
-106.913
-5.6429
-195.613
-94.594
-73.0343
-45.2685
-126.541
-335.798
-204.659
-828.196
-282.699
-68.6286
-167.122
-559.444
-433.553
-936.388
-180.421
-492.973
-169.083
-104.247
-186.407
-15.9002
-82.5847
-129.017
-264.998
-16.931
-328.283
-44.2058
-496.605
-914.661
-102.595
-47.1716
-171.081
-212.689
-47.4057
-74.8307
-124.551
-76.0398
-213.779
-188.162
-486.637
-330.338
-402.33
-1214.78
-25.59
-1537.85
-41.4006
-529.964
-74.5325
-137.185
-299.343
-393.735
-343.669
-317.733
-77.8486
-239.854
-235.413
-185.754
-154.632
-391.543
-35.2562
-180.2
-88.7357
-125.976
-327.937
-180.086
-353.525
-164.369
-32.5184
4.9565
-47.3661
-219.744
-250.437
-122.581
-144.009
-41.8659
-482.12
4.5595
29.8895
-321.101
-119.803
-85.4952
-188.293
-181.204
-31.1485
-407.005
-479.827
-240.99
-693.531
22.0615
-160.853
-357.485
-97.666
-102.928
-335.23
-176.005
-222.819
-247.648
-29.043
-130.788
-53.5325
-303.919
-73.4575
-624.247
10.9828
-157.109
-116.734
-171.838
-80.4546
-400.723
-86.302
-72.3137
-262.546
-387.695
-98.777
-73.4077
-529.038
-87.4155
-173.155
-94.006
-88.4613
-42.401
-478.101
-123.838
-303.269
-262.163
-25.8265
-233.067
-4.7458
-487.745
-98.515
-541.558
-84.386
-175.025
-35.5466
-227.015
-216.757
-855.405
-468.44
-180.64
-207.967
-241.564
-317.255
-146.559
-543.357
-62.6431
-216.251
-50.3572
-39.4125
-269.838
-37.4147
-24.0137
-127.04
-85.1004
-626.084
-56.8958
-108.972
-37.1356
-112.006
-18.2855
-49.756
-64.686
-117.431
-24.7177
-385.789
-256.419
-135.378
-1599.11
-365.05
-106.007
-87.1121
-104.649
-685.706
-73.2295
-504.241
-218.811
-11.8968
-2.8805
-53.4235
-124.654
-349.418
-728.294
-86.5495
55.3735
-280.337
-296.303
-262.531
-85.5515
-93.252
-168.562
-431.894
-241.431
-144.056
-85.5054
-115.383
-338.899
-148.865
-99.239
-309.509
-331.971
-47.1007
-41.559
-291.515
-61.7118
-263.827
-370.565
-101.773
-79.1063
-957.374
-944.782
-244.214
-356.737
-73.571
-394.914
0.34229
0.36705
4.64876
0.35412
0.29504
5.34244
1.83207
2.28192
10.6979
-39.0766
0.37021
1.51678
0.38035
1.28221
5.99551
0.50725
2.9865
-12.4059
2.21431
0.36496
3.62387
-80.5466
2.29877
3.64635
1.9867
2.66476
5.41944
2.00858
1.74371
6.81056
3.20444
5.89774
1.22673
5.51372
1.32172
3.89704
0.39142
-35.5023
1.73219
7.94269
2.90374
6.17508
5.17463
3.78604
23.6657
2.26756
0.36966
0.35701
-68.7332
4.17351
0.35824
7.60243
4.58838
2.60377
0.37336
0.35307
5.71218
1.59357
-20.8904
-1.5299
2.09681
-5.0494
0.83035
-7.3941
-2.3156
-2.7341
3.68028
1.84709
3.1613
5.06447
4.11755
-8.4635
0.36814
1.71252
4.49923
6.23044
2.87759
4.4529
0.38959
-15.8577
1.68666
7.52937
2.89957
1.83975
1.99203
2.60819
-9.7003
6.09475
0.35297
0.64766
0.36279
4.73088
0.36866
0.32161
0.7843
3.24408
6.33355
2.22263
0.36678
-14.4394
-29.9724
1.1092
1.09255
5.23851
9.86437
8.79006
13.7434
1.14409
28.0267
-10.5714
1.11111
1.04861
9.69845
29.8945
6.07899
15.0119
5.33752
3.186
11.3426
0.00718
13.0877
-3.0238
2.4326
-13.9991
1.08329
38.3809
-2.2031
6.56098
31.2684
8.85977
23.1933
1.12254
1.33803
1.08105
7.58375
-21.8048
15.0506
4.10934
14.813
-24.234
10.4422
4.00054
16.493
13.8734
12.4757
-36.4898
1.10107
1.10675
24.7934
1.18009
1.07503
-10.2118
2.70225
1.12512
-6.2839
11.3517
3.97697
22.1903
4.73622
7.26528
7.64253
17.6965
13.5645
-1.2752
10.4925
1.11086
12.5091
18.8063
9.63981
-54.7206
5.4697
12.7164
16.471
8.98741
5.98484
5.35686
4.4988
9.68493
37.3223
1.12648
3.50977
1.12711
3.38945
-24.5791
14.9974
-55.7416
-65.1929
1.10946
16.6374
21.5408
1.06846
1.08603
2.00493
83.5295
32.4797
28.2866
28.787
14.1147
2.70831
2.60008
4.30139
57.4165
7.17355
3.8436
20.6574
95.397
68.4926
42.8894
91.565
31.5363
85.047
17.6703
30.2403
72.2725
65.9465
38.8666
31.4916
27.9058
39.943
13.3019
-27.9109
3.76221
26.1756
3.65864
26.3914
7.19332
69.2623
54.529
78.8265
3.62975
7.9221
3.69314
19.0193
12.0276
34.3038
-20.5318
108.788
3.56151
28.981
80.3655
22.1331
3.43534
9.47646
5.99221
39.8886
54.3415
51.3393
3.55672
3.69005
3.44074
51.9821
15.1174
10.4723
96.1725
32.6816
65.8635
-329.716
3.67595
45.0618
9.84645
43.2514
22.0609
78.1842
22.3533
67.167
33.7214
22.925
58.071
3.60043
36.855
10.6873
11.3677
3.70759
67.6747
-30.8625
3.75391
45.1688
1.88755
-34.6337
44.8376
138.242
30.4382
-9.2351
-21.0874
8.02339
82.1098
67.65
32.1315
3.75751
102.912
55.2475
44.5096
17.0061
3.80035
98.952
65.7435
4.12138
16.2325
68.7578
31.4714
-2.8114
3.32559
-133.295
-82.2372
-47.4465
3.5238
-94.946
27.0466
-97.421
20.1216
-65.4662
-40.1778
-14.9339
-52.5489
-6.2629
14.9095
-2.4783
-17.6004
-171.776
-32.7093
-12.6315
-1.3057
-2.3943
-8.9589
-33.2587
-143.167
-89.2648
19.4301
-239.435
-22.3687
10.0207
0.4803
-30.5781
-180.876
4.97828
2.6848
-26.9671
-4.3585
-53.9142
10.7982
-47.7524
35.7467
-9.5768
-172.756
14.6181
-25.2985
-78.3455
-65.5186
-23.7428
22.8147
-39.3964
15.2984
5.21795
16.1653
-154.09
13.7026
1.72823
-34.8529
-36.3122
-6.2758
-43.0971
-24.281
-94.396
21.6821
-102.636
14.0954
-2.9995
-3.6277
15.5704
-4.8668
8.8477
-46.9425
22.374
-240.671
-57.9686
-77.2191
-12.8584
11.6854
-71.5642
7.61128
-79.6114
-109.543
8.5206
-26.4986
-1.9371
0.26195
1.90203
4.21405
10.6954
18.6385
26.4458
1.19336
13.7766
-60.4434
24.708
-12.2695
-21.3993
10.7661
-106.125
-163.358
-26.0797
-42.1361
16.5249
17.663
17.6379
17.5358
-6.1357
16.9143
-105.428
-89.5573
-36.4413
-1.3222
-63.007
-5.1391
-18.7731
8.36442
6.44814
1.26435
-96.559
26.2397
-52.6975
-123.845
-56.9988
-140.226
14.1604
-16.0267
3.75265
-133.467
15.9291
-9.6589
-134.275
25.7781
-41.3197
5.32565
6.8099
-2.9072
12.4382
4.8531
-10.7433
-201.327
2.4814
-224.197
5.48855
-0.6028
7.5705
-10.1239
27.6961
5.794
-42.392
-4.3588
-6.3328
-38.7531
13.444
-9.5172
-38.7841
40.6709
-16.3083
12.5398
21.1095
13.0887
4.7104
33.8402
-55.0888
-313.317
-64.9752
-58.0186
-22.0401
-114.779
-24.432
-8.6747
-203.646
-10.0226
-27.4218
-18.1463
-11.6895
22.768
31.4708
-83.2105
-43.7094
-15.4183
2.46955
15.7635
-35.8579
0.9293
9.8124
2.1948
-19.6547
12.9478
15.6172
-33.9984
2.09265
-8.9383
2.47125
-222.671
2.25735
8.8139
4.56575
-91.752
16.2809
-210.581
1.96495
-6.7687
-3.143
-12.2504
23.8505
10.836
30.215
-42.2781
7.51017
-93.586
10.0058
-45.6409
-26.195
-12.6644
19.2639
15.3007
32.0221
-2.2834
8.09664
58.1268
10.8858
31.885
-29.6887
9.4452
-34.0365
36.1792
-35.4869
-96.449
-164.964
9.84361
-25.337
34.608
27.2694
17.4843
-67.9155
-128.627
39.0503
35.7335
8.6248
18.4829
-10.5226
-54.3504
16.2867
63.8746
35.3366
-36.0294
-49.3174
-3.4566
-46.8088
24.8822
17.9655
11.65
-6.5759
3.4551
23.8892
-7.859
-256.627
-7.6981
-21.755
-28.7266
22.7087
-35.2538
46.295
19.57
-40.9458
-6.9464
17.9462
6.08245
-2.3101
-974.589
2.178
-80.6734
-124.795
-23.3476
1.64965
19.3771
46.9651
-62.0472
5.79094
-64.3144
-79.751
40.2045
-37.2587
35.5061
38.7204
9.96725
10.9116
0.866
47.2215
2.7413
8.82335
20.2717
70.9128
-81.4335
23.2681
1.76035
24.1461
-44.4412
-9.905
32.0502
-0.6222
-13.9257
1.3311
0.34446
-3.3415
3.32852
0.50717
-17.2229
-2.5529
-2.9095
-4.597
-12.9617
-14.5012
-0.0734
-1.5147
-1.8576
-5.8664
-0.0659
0.89056
-3.1068
3.28448
-0.516
-7.3875
0.8945
1.27294
4.40586
-21.3161
-3.0149
-8.3436
-2.8397
-8.3412
1.39198
-8.1043
-8.6292
-5.7731
-16.5581
6.03285
6.38806
-12.6873
5.91472
2.46695
-4.15
-4.7992
0.85122
-14.7615
4.60728
0.18576
8.28123
-2.4418
-4.1374
-23.8931
17.6812
2.17676
1.93667
-3.4558
4.60917
-8.498
-0.3456
-0.0242
-3.3993
6.4406
3.48637
3.37812
4.03024
-3.8503
-3.0915
-10.4926
2.88023
-39.0384
-1.1907
0.01558
-0.9005
-8.9482
3.38352
-2.5246
0.72438
1.41883
-13.2028
-8.1375
-9.6105
-4.364
14.0777
1.33774
-3.9351
-7.575
-14.1888
-15.6853
3.82078
-13.3649
3.2291
2.86006
1.85053
3.03604
-7.9093
-4.4474
-3.2248
-5.499
3.09738
6.3997
5.48578
-5.4985
-3.6864
33.0949
-3.2042
5.5553
-1.1964
-14.1386
-74.1977
1.80519
13.1293
6.31041
-43.999
8.3534
-14.4783
-13.3504
-11.4976
-27.1338
-11.5342
4.10721
-16.0992
2.70094
30.9579
-26.0436
38.6238
13.4192
2.85328
0.08078
13.3047
14.3345
7.6218
-20.553
-15.2114
8.7195
-22.569
-1.5931
31.8257
47.3987
-4.6008
4.43382
-14.1562
-2.1896
-14.9159
4.2391
-17.4781
6.04055
-4.7547
-9.1444
-10.7858
3.09269
-10.5887
10.1469
3.32128
-0.4187
-6.5069
-8.8133
-6.5793
-7.8143
25.5375
-7.0768
12.8901
-3.5939
-33.5132
15.7403
33.3293
-27.145
10.385
34.2413
6.6553
33.3344
17.8976
9.12285
2.76497
5.01544
1.84219
11.5992
5.74735
4.3651
-13.612
16.7362
2.36247
-1.8999
-16.8098
3.05802
2.73545
3.77289
2.9805
-41.5061
-20.1843
-5.9193
-17.6151
5.51009
-10.8683
13.8636
-2.4321
2.05736
-35.9117
33.5575
-3.2736
12.8095
4.2785
63.2415
0.27274
21.6626
-12.7948
20.827
211.108
-9.0327
4.31691
56.3163
15.7649
29.0791
130.278
18.5503
148.008
38.7424
-4.9666
12.3836
24.179
-9.3079
196.304
141.244
135.065
169.603
60.1728
5.14485
-3.7147
-7.8991
-0.203
30.302
15.5507
41.2334
120.051
93.6531
74.6476
49.0803
33.8629
-13.2355
122.683
53.6435
68.7245
225.337
39.307
172.912
97.9878
-6.0801
45.9269
97.2866
50.8124
119.319
95.8638
118.007
10.4688
62.5104
122.018
7.7135
-0.1798
18.3354
-11.0196
63.4135
19.3968
-14.181
35.1172
-23.5646
195.403
81.0938
31.8656
10.741
86.2679
21.8847
5.93777
42.6376
-14.6818
152.404
63.5177
50.4729
-10.3803
-12.6654
32.5943
18.8971
-4.9057
-39.0104
34.9742
124.464
-17.6971
97.7626
32.6208
44.0156
-3.6639
7.38065
-7.8457
106.981
11.3753
132.781
19.177
1.55955
265.606
30.9613
60.8658
31.2563
78.5856
-30.8345
-26.7165
-1.2423
-10.6365
-67.761
-11.3252
-41.9339
-15.5929
-26.1051
-7.7882
-17.3179
-10.9001
-16.8112
-14.6664
-9.489
-30.1238
-40.7057
-12.9038
-47.8778
-59.2292
-145.775
-11.7786
-21.547
-24.9301
-32.9642
-55.8338
-11.1367
-16.3451
-9.9647
-71.0815
-44.9834
-34.7225
-30.0622
-49.9806
-31.9735
-9.9025
-41.097
-29.9008
-9.3575
-54.2562
-20.7241
-112.124
-35.7793
-12.3471
-31.1579
-12.7383
-3.5929
-24.1912
-46.9543
-14.9164
-11.854
-52.4274
-65.0913
-17.8613
-23.097
-51.3979
-22.5519
-9.1193
-34.3997
-24.0328
-13.0851
-9.0579
-16.2082
-16.1893
-13.1384
-44.3936
-51.789
-10.0026
-49.4323
-26.3485
-14.1448
-24.1047
-5.145
-14.9999
-10.6577
-20.8527
-8.4803
-4.3295
-2.1294
-13.3225
-7.4228
-57.0466
-32.0938
-23.9239
-34.6347
-61.423
-30.7263
-62.8826
-26.2548
-27.3533
-38.9946
-25.763
-21.8058
-88.8869
-16.3435
-33.2892
-24.9764
-28.4755
-20.0057
-12.0992
-13.0203
-6.5657
-45.6785
-8.8727
-10.0793
-10.112
-6.6873
2.799
-10.705
-7.6462
11.9518
-33.1549
-51.1942
-95.657
-190.029
-64.6836
-20.5733
-33.4473
-68.3902
-49.5481
-34.5982
-14.0806
-40.0589
-10.8508
-2.3873
-64.9354
-28.9947
-17.6107
7.9544
-15.5666
-33.1411
-11.5981
-18.3064
-18.3826
-14.0519
-22.0579
-9.5475
-18.5618
-37.6962
-30.0422
-16.4169
3.2282
-21.1311
-2.1556
-23.4116
-59.9089
-91.839
-26.648
-35.4393
-36.8305
-27.2247
-45.4095
-3.1646
-9.7525
-31.3319
-38.4757
-23.3735
-39.1999
-24.9275
-13.1846
-40.6067
-15.4378
-13.5398
-13.58
-34.2657
-20.4539
-36.93
-54.0245
-43.0039
-10.5573
-15.8519
-16.825
-20.0096
-75.9984
-3.6496
-32.7237
-15.0737
-34.7514
-10.6643
-9.7797
-56.329
-34.6967
-20.9835
-5.4759
-6.4018
-13.0032
-11.2636
-18.8369
-27.053
-18.8786
-69.1578
-9.6724
-32.4793
-36.1972
-35.8213
-66.2056
-4.2213
12.6742
-24.8265
-9.9801
23.1611
-59.4125
98.5152
1.52853
-28.3177
-18.0309
-9.4602
-14.5977
-5.8777
-91.955
-5.6746
-21.0601
-2.78
17.6077
-3.9892
-91.829
-40.6068
-0.4108
-18.2786
-6.1068
-11.776
-23.6264
-16.2709
-23.542
-17.7606
-19.2488
-0.1342
10.6754
-29.4019
-28.9243
31.4404
-1.3239
-13.3531
-10.1758
-7.8513
-0.8087
16.5217
-22.2948
-22.6463
-12.2449
-9.6848
-5.4874
-14.1753
18.4304
-20.7722
-0.2968
-18.2676
-7.1729
29.3511
-24.2694
-10.8902
-22.587
10.2243
-9.5928
3.32685
-6.072
-25.175
-18.6252
-10.2978
-13.3255
-28.0202
7.2442
-68.5687
-55.9761
32.6793
-24.6761
-12.0305
-2.1187
-29.7228
-44.9061
-39.7641
-29.8057
0.17356
35.7125
-4.2051
-17.3249
26.0097
-32.2646
-2.4197
-47.834
-80.2859
24.0926
-7.9873
2.69335
-3.4154
-15.1008
13.927
-20.5992
16.5658
-32.4187
-24.7702
-29.3853
-9.3899
-98.967
-45.8832
-1.0489
19.7035
-11.2483
27.4766
-47.131
0.36313
6.9653
2.54269
-10.766
0.47414
2.32819
0.44985
9.30156
1.90329
0.3859
9.86699
1.12979
16.0332
0.37481
0.78228
4.76531
12.8122
0.36003
1.35059
0.30865
5.34913
1.81463
0.62979
2.77571
9.36868
3.49636
4.00335
1.47741
-2.7812
1.8485
0.34136
1.46421
13.0395
3.51858
1.08991
1.18953
1.1463
-9.9981
3.49916
2.21776
0.36136
0.36435
2.00629
2.10773
4.33154
4.2633
4.30396
9.77773
0.38016
0.35956
14.9873
0.7723
1.56377
0.37092
6.53877
0.37611
6.0877
0.36586
-0.5414
0.6417
0.83781
6.0886
3.26595
0.37282
0.364
1.5219
1.5322
0.29175
1.65775
1.70897
3.43416
1.8449
1.86036
13.5889
2.26033
0.81231
15.2343
-3.3827
1.03468
1.57709
1.26127
0.38201
2.19658
3.46523
6.14042
0.37042
5.00219
-6.4964
6.32359
1.00892
1.24412
0.29972
4.95518
1.21841
0.55532
3.13451
5.08397
2.14558
5.41996
5.57119
4.7869
22.9017
1.13752
30.8835
21.8083
6.58918
18.3335
19.2446
1.0813
1.51061
1.13319
6.20381
22.5791
10.1771
1.11473
17.4335
1.13854
14.7442
10.758
3.07347
-2.528
4.62234
34.3326
24.2546
5.28562
9.38331
1.1403
26.9341
40.4211
27.697
6.44891
4.12915
4.4311
3.58517
1.10394
2.09496
9.2631
27.0903
14.8458
1.06883
5.67488
2.26469
17.5247
34.7884
1.1093
8.34239
2.03118
6.29679
1.08695
8.03237
1.1869
12.8346
7.7545
1.07191
26.0695
36.9881
1.07586
1.13617
19.5617
15.9998
1.4548
1.12145
12.6306
1.49923
44.1698
17.0015
0.66394
44.7915
1.08152
7.31287
-6.0399
1.09099
1.11686
30.119
9.4633
1.12608
5.32205
2.93201
1.30155
1.14368
12.5525
4.60389
8.52415
3.53753
4.66323
7.60031
8.52592
11.3249
1.08569
14.8446
22.6413
13.5795
14.1838
21.4429
18.6916
63.9386
23.3155
2.11727
14.8625
12.8103
29.3104
86.731
83.6189
23.2144
5.25889
34.5589
33.4765
82.2184
122.2
28.2706
18.6925
69.8035
3.62124
3.56736
3.60791
3.58731
81.3115
3.82105
73.3815
19.7753
85.9466
11.3907
36.0517
22.9535
38.1064
3.82666
23.0453
76.8255
86.45
33.1208
62.7284
30.582
44.4831
3.55736
259.81
100.594
7.97523
16.4751
-4.8454
3.65918
97.7115
101.08
72.3174
60.7135
120.386
159.717
129.45
335.184
41.1093
30.1715
76.7778
53.822
126.489
7.24426
10.3474
125.599
66.7538
51.4081
29.1911
125.644
51.0875
89.541
26.3574
144.36
3.54267
31.5927
27.5324
35.3166
75.6709
70.3124
60.3242
17.908
175.166
126.826
3.45437
3.67357
183.703
125.658
45.4721
2.03079
48.8815
60.7817
49.5614
164.554
109.048
-7.7124
0.20774
-18.8121
0.18795
-6.44
-2.8795
2.34892
-4.8102
-2.4012
-0.0336
1.72261
-20.8621
1.322
-7.2914
-16.9264
2.02839
-16.2303
-5.3529
-0.8335
2.38639
0.95168
0.33395
2.13016
-6.9777
-13.4716
-7.1868
-9.8209
-1.9708
2.10686
-5.7355
1.70219
3.13319
1.50718
1.57183
-3.1562
5.58376
-19.6594
-3.3557
-6.8152
-1.5929
-1.0104
-10.9503
-1.4771
4.65924
-14.5289
-8.9023
3.1502
4.95767
-3.9665
-14.835
9.7477
-4.1253
-10.8606
-0.8006
-5.4563
0.74241
-0.4777
-2.9707
3.22023
-7.6217
3.71811
-4.2757
1.7097
1.47122
-5.3439
-2.7048
-1.7163
4.53511
-17.8862
-8.4895
2.81351
-3.938
-13.2743
1.52688
2.34628
-7.3518
-7.6408
-1.8018
2.26449
-6.8589
-2.7307
-4.2025
3.58054
2.2428
6.30297
-0.7252
-13.3569
-5.6239
2.11904
0.2048
-0.8946
5.57
-3.6915
-9.9351
0.91117
-4.8873
-8.0885
-0.0506
-3.5792
-5.0056
10.7891
2.40605
10.2764
-0.5218
-1.2104
-3.9016
5.09187
-7.2428
22.8672
6.52965
2.95247
18.388
4.0262
-4.5222
4.3958
14.4006
11.0416
1.0507
6.41554
5.43802
4.39048
9.70275
4.16015
-6.606
-6.1722
-2.6416
-2.5012
-5.2154
-7.7404
8.4629
2.64287
10.6726
-17.1486
-0.9175
-3.8206
9.3133
7.27
-1.7591
0.72748
-2.4693
-8.9834
0.42929
-15.21
12.1114
7.0834
-3.3916
9.02176
12.1533
8.74783
6.18342
7.80464
4.88798
-10.8848
3.4587
9.2835
2.58465
-1.0803
9.58754
1.35655
6.84176
4.5966
6.98005
6.30779
0.33894
-9.3233
14.9698
1.37918
2.12126
10.3459
2.35659
4.5437
-15.1148
1.9029
-1.4234
8.14545
-1.142
-0.9231
4.083
2.66111
6.73989
-8.6106
12.583
2.164
-11.709
17.1357
14.808
2.09572
35.08
-12.1492
-1.6296
-5.219
4.00905
-0.409
1.53007
1.74446
-0.4579
2.97349
1.51979
3.67183
1.33369
-7.0636
2.42389
5.89766
29.6652
2.95589
69.2965
151.175
154.798
48.9223
36.8136
97.6178
2.24929
11.9543
25.3329
42.5711
-9.8375
8.19538
40.4048
43.7012
22.9623
76.8335
32.6292
47.7792
90.0241
15.7771
37.0413
79.4184
18.7809
8.24375
39.2338
-24.5201
30.4151
39.8531
4.15733
49.5485
39.0634
25.372
-1.588
33.669
67.2724
4.5689
17.6715
87.4226
5.70195
11.5626
3.12605
61.3851
3.47896
15.9501
5.84484
36.8193
0.93886
57.1307
8.31529
2.38641
15.575
40.6416
73.913
4.46695
72.0587
75.9481
17.1862
4.49104
24.3387
62.7563
-3.6143
10.8869
6.12227
53.0934
59.5337
8.7192
37.6182
77.8122
7.92217
49.4917
70.8618
-12.4874
-10.8769
4.25222
27.2069
135.309
26.2739
51.3762
5.23326
28.5543
63.362
4.2258
13.186
2.4143
17.0716
3.85782
6.47673
29.7811
-19.6481
17.7272
68.8234
35.013
37.4949
51.8057
129.422
-26.4597
4.3587
-9.6864
-57.3988
-57.1419
-30.2179
-86.6842
-53.6666
-21.9012
-73.9657
-25.4422
5.38305
-22.249
-99.753
-28.1133
-34.4458
-111.065
-43.1605
-13.5501
10.796
-33.4107
-123.678
-50.419
-27.4159
-10.6959
-2.0536
16.4371
-52.5688
-46.3696
13.0937
-22.3116
-8.8135
0.15629
-20.6016
-28.9128
-56.6625
-103.267
-7.2165
-37.0243
4.69097
-95.217
-27.3957
-7.6634
-50.7296
-115.93
13.5809
10.4566
-34.8904
-52.2677
-20.7014
-48.2243
-23.2351
5.5022
-6.1916
-123.241
-19.2302
-47.6363
-19.701
-10.7853
-45.1157
-9.0188
5.95035
-117.659
-21.4961
-41.1102
-74.4167
2.07726
-106.688
-196.029
-33.2893
-85.6082
2.00134
-42.1123
-22.7027
-41.8483
-45.3774
-97.212
-147.129
-8.1722
-27.5459
10.4057
-39.0862
-140.534
-31.7236
3.97602
-34.0682
-28.73
-59.0265
-36.703
8.83855
-184.249
3.43329
-13.3569
4.85482
-24.2511
11.9771
-81.7759
-13.9358
-71.9485
-63.3717
-75.8241
-42.4932
-112.346
24.659
-232.603
3.07789
-11.717
-40.5316
-45.8221
-38.732
-51.7486
3.00006
3.3497
-120.609
-55.6984
-63.7031
-15.0168
-30.2188
10.7139
-2.0247
-85.8353
-50.0063
-4.5817
-10.0846
4.8595
-44.4981
-31.2837
-24.6193
-27.7426
-27.2604
-15.4346
-29.5909
17.3303
-14.299
-18.955
-19.6252
-82.713
-24.6996
-213.644
9.0866
-195.827
14.8413
-75.8184
21.0055
20.21
8.55175
-17.7748
-8.1578
-99.201
9.61415
0.50775
-64.2934
-6.3801
-38.078
2.1213
-1.0381
-28.7051
-59.5331
-86.5529
-66.1412
-124.466
-84.0867
-9.0289
-109.991
-9.2127
-37.8146
20.2358
-70.9354
-51.6138
10.3207
-11.659
11.7323
0.7817
-2.2793
4.9182
-29.1367
-31.5412
-16.8248
3.3493
-81.9257
8.17631
-41.4694
-101.575
-84.8832
-14.9149
-90.68
-2.1749
-14.6714
-43.8798
-38.3258
-21.7798
8.05905
-50.6618
-12.1146
-48.4462
12.7043
-48.463
-18.447
-236.498
10.6783
2.70616
-30.2711
-5.4161
-79.4503
27.2237
87.7689
20.1577
-61.5352
24.4081
-44.2466
-17.8861
-13.6546
35.9758
-29.9882
114.426
-16.9578
-28.189
-142.024
27.5315
40.8701
45.8066
-6.1279
-11.9453
-0.6353
-13.2674
40.7308
-116.352
-89.4812
-13.4548
-5.2097
-49.4853
-88.1192
0.54835
1.04742
26.2434
-58.1507
12.573
-13.6913
-50.4188
-47.0579
24.2181
4.9377
-2.3445
-104.888
97.8844
-10.3003
-18.853
-181.63
2.94604
-16.3545
87.2269
26.4155
54.0632
28.239
107.214
73.4347
-3.2438
-150.529
102.088
46.5614
1.5778
-139.079
-13.9842
-0.0229
8.17725
-96.297
18.6799
-113.347
8.8985
24.5674
-24.4908
-0.0364
-67.8157
-25.3116
-7.0223
-342.88
-35.8342
91.7345
-73.5423
-61.2169
-2.1172
-102.552
71.9762
-173.508
-64.1484
-58.1424
-9.5401
71.4364
53.6365
38.7676
7.14425
-90.905
29.285
-10.81
-8.9428
-5.8908
-14.4978
129.295
-13.3724
-18.8676
-18.021
-68.1577
-89.5559
-157.953
-289.75
-168.183
-65.7005
-118.786
-105.681
-265.062
-86.1812
-62.2118
-342.362
-107.413
-355.086
-87.196
-253.168
-103.099
-250.112
-123.832
-172.221
-49.0931
-78.5344
-103.273
-184.823
-284.308
-34.7071
-166.548
-62.7061
-38.3706
-631.54
-427.109
-258.712
-77.8282
-474.674
-56.7869
-49.0139
-162.742
-117.477
-229.781
-531.038
-48.0452
-151.213
-89.0909
-908.4
-59.3153
-49.9158
-95.195
-76.4458
-48.7212
-188.344
-474.726
-78.3788
-108.022
-281.034
-73.7998
-89.762
-102.716
-195.322
-70.4359
-641.669
-206.659
-102.652
-422.659
-70.5805
-257.093
-38.5866
-1469.43
-374.594
-210.18
-253.781
-93.788
-79.2544
-42.4756
-83.9053
-115.195
-65.1551
-144.542
-236.544
-374.235
-98.696
-83.5033
-177.502
-220.203
-411.371
-72.5457
-721.857
-578.323
-75.2656
-285.68
-480.242
-107.172
-107.868
-504.287
-141.666
-601.249
-68.7636
-115.011
-53.2753
-102.78
-411.082
-110.558
-141.945
-184.919
-244.111
-194.741
-164.267
-119.061
-64.5537
-350.802
-250.073
-171.885
-152.422
-107.633
-117.288
-69.707
-89.8125
-74.9842
-300.596
-181.715
-115.215
-113.553
-105.193
-92.174
-84.5211
-238.599
-10.6955
-413.354
-76.4586
-207.342
-85.3953
-231.156
-99.704
-75.969
-107.345
-259.911
-171.592
-49.4011
-88.6472
-89.5742
-96.694
-135.72
-328.467
-77.6343
-30.1729
-142.37
-163.822
-63.8861
-96.972
-98.427
-57.6112
-100.309
-254.83
-465.5
-79.1107
-66.4131
-80.1917
-89.1517
-111.448
-155.309
-70.7302
-77.4736
-289.427
-484.464
-193.548
-129.706
-374.222
-187.894
-54.5571
-266.404
-54.1993
-113.309
-375.886
-54.1661
-87.6012
-122.103
-33.8702
13.9885
-232.141
-147.983
-74.2238
-73.9718
-128.969
3.278
-347.098
-111.695
-78.7664
-197.854
-65.2408
-102.868
-175.651
-374.477
-294.293
-348.031
-79.0377
-117.178
-629.593
-247.68
-120.991
-214.55
-95.338
-279.111
-87.8658
-417.406
-74.0942
-455.039
-88.0282
-68.1023
-336.45
-52.8035
-71.5837
-148.357
-70.0717
-144.137
-486.567
-241.063
-46.9645
-86.8608
-227.638
-287.412
-201.253
-290.283
-472.1
-119.243
-375.048
-718.661
-130.308
-487.5
-104.931
-519.3
-112.781
-267.981
-138.993
-127.264
-82.0734
-136.861
-221.098
-173.971
-364.302
-108.794
-434.039
-253.229
-183.526
-115.575
-131.915
-172.831
-246.075
-114.222
-228.013
-75.585
-56.4364
-159.422
-85.2645
-150.437
-64.8558
-75.1012
-95.819
-38.4368
-351.937
-195.216
-243.196
-284.688
-62.8678
11.2156
-183.938
-151.064
-101.416
-108.675
-156.351
-166.465
-97.429
-99.053
-119.3
-111.528
-66.4308
-107.153
-77.555
-456.236
-76.1141
-86.1061
-222.048
-143.825
-241.511
-204.798
-281.049
-78.5297
-191.113
-80.6895
-99.176
-164.802
-43.7694
-227.487
-19.4002
-637.478
-392.523
-99.932
-210.187
-115.334
-379.647
-410.064
1.93105
11.687
0.39609
8.4369
5.77033
-1.6511
1.16228
0.64886
3.67765
-8.7388
2.62757
3.02135
16.6755
0.36318
7.80392
1.10212
0.37856
3.04071
6.48308
0.33563
1.10602
1.09579
9.28904
4.18759
-10.063
0.54866
1.2361
2.06724
5.21112
5.95241
-26.2248
1.33065
0.35787
0.37883
-0.9025
0.40076
-1.8636
3.68824
3.87514
2.4592
0.80887
3.08058
1.45124
-10.5746
1.77022
0.37604
0.38255
0.35676
-14.7744
4.09653
6.755
9.47732
1.78218
-6.3519
3.4453
3.72243
0.3677
10.8115
3.65708
8.30518
0.08085
0.92953
8.74374
1.87844
0.35591
0.36602
2.57113
4.22972
4.07841
4.70926
-4.8161
7.65912
3.1022
2.0443
1.3529
0.38703
12.1695
-15.9816
5.975
4.29757
0.77389
6.26179
12.676
0.38078
-1.4369
6.46267
0.38068
3.87022
9.07353
15.3362
6.90027
3.00791
3.84966
2.28458
0.81801
1.87868
0.41304
0.37724
0.45228
-1.6458
0.6333
-7.5056
1.20387
5.57079
19.2167
-15.2473
8.50946
-5.4322
-55.4615
16.6585
-16.7397
-6.687
8.34366
28.9338
1.19309
1.17962
7.47807
14.8396
7.23909
5.62649
1.80411
5.73534
1.10909
-19.4667
4.92688
6.41146
5.35793
32.5857
1.07306
4.88176
50.0318
15.8849
8.54664
9.66365
3.97289
5.27574
31.6411
31.6725
3.08373
10.5763
-1.1851
1.12684
7.73037
8.94162
16.0163
9.58582
9.14241
1.09301
1.14102
1.10422
7.07076
24.5877
19.059
19.4414
4.32167
9.26765
1.13499
2.25036
-1.6183
11.1232
12.2024
8.08349
6.2603
38.2912
8.54645
5.10356
13.2323
47.6989
12.3643
8.46249
-6.2512
6.10196
2.71971
12.6915
24.9207
19.4692
2.29316
5.71659
1.41811
0.87002
49.7525
-50.1236
6.97129
19.093
-28.1075
42.3862
33.6508
18.8301
1.3028
28.1252
12.0045
3.40986
2.24817
23.0915
28.6032
16.1691
8.44801
3.158
1.65967
13.4178
9.94633
45.139
-1.2592
3.78783
29.0084
46.5982
9.70776
3.80075
112.776
22.8338
27.7483
3.6684
21.823
9.00872
3.62134
77.6945
59.2839
2.30654
29.7229
14.127
8.42911
3.84824
14.1997
38.6502
51.8087
7.09359
14.5678
16.5025
3.78985
52.7218
162.316
36.7521
71.7783
85.431
-9.6041
25.9222
17.0116
68.8556
9.5066
3.38101
83.3915
10.8033
35.1602
9.86826
88.3353
95.7413
25.6707
9.57518
117.333
16.5892
25.5838
3.66153
89.313
1.7041
3.76156
3.86074
52.9843
6.55207
76.877
83.2152
26.7691
102.596
120.234
57.8732
18.1535
50.5284
-7.8613
3.365
3.69572
35.0366
28.1702
3.84642
30.8262
3.66938
82.2099
36.6227
22.9568
3.54185
67.9219
3.75549
3.59244
42.5783
3.4102
3.6696
66.246
26.8366
45.0314
3.56296
3.55921
42.3718
-56.7627
4.0386
37.8059
10.2059
8.49689
38.8269
3.61811
55.4664
89.2729
54.5609
-18.015
-35.7264
1.37537
-8.1281
-50.2567
-17.4033
13.6088
-33.6342
-111.221
29.944
10.0666
-30.2159
-16.2374
17.1572
-4.5747
-18.8137
9.58055
-1.3903
-63.6825
-10.1264
-66.5758
5.84103
-42.3383
16.9256
6.60104
22.3738
-43.4905
-2.915
10.3192
-21.502
8.92265
-10.8434
-19.4405
-29.3122
-42.9827
1.09795
5.85465
-13.6777
15.2189
-45.5688
4.11365
-14.3792
-52.2869
-26.8449
8.3866
17.0523
4.7553
-70.1412
-53.0724
18.7948
0.2787
11.1707
-25.4411
-30.2746
2.35114
15.7591
13.4075
17.6343
-32.0925
-17.1097
36.4328
-135.415
-129.357
-40.0117
-9.8999
14.5411
-0.6461
-86.1506
6.1187
22.4606
5.47478
-2.4482
-12.0038
4.5925
9.2707
4.42715
5.21314
19.26
0.14995
21.6284
6.15355
16.3519
-42.3313
9.28575
-56.5537
12.941
-5.1868
7.45965
22.5367
-40.2517
-10.6875
19.958
20.3131
-31.6407
13.1799
-9.6022
4.207
-0.2286
7.64595
20.154
-11.7965
-9.5026
-6.9184
-40.9467
-66.4094
-15.1249
-4.2425
-56.9119
-10.1092
14.9728
-47.3974
12.3116
-21.1169
11.9545
-21.6889
17.9334
-1777.27
-31.4496
6.07721
9.90755
-4.4675
-48.2717
-31.5897
-34.1103
-2.4634
11.1521
-69.8939
-62.1469
5.08154
20.8197
6.78435
9.64385
-106.562
12.7737
-41.2965
-77.0735
-107.601
4.30914
19.0711
-48.6367
-36.8221
-19.9192
-9.5342
17.3903
29.5859
13.5145
-15.7438
15.6321
-55.3727
-17.6712
-46.2894
-56.2388
-5.9399
-240.013
9.7148
-7.8024
9.3628
38.4057
0.37293
9.56945
-2.3569
24.6632
-9.341
-14.7027
21.193
-53.4624
38.1262
0.89251
25.9079
14.4462
36.5218
18.2897
-83.7334
11.3237
-29.7428
-36.4198
20.7699
19.6266
-4.7415
-54.0868
-1.7162
9.2023
-259.942
10.2051
28.127
2.6134
-12.0637
-23.2753
11.2325
-62.7812
-65.708
-16.2435
-57.798
-63.3923
4.0261
8.5857
-107.41
-32.8135
-31.3566
-178.941
27.9268
-53.7883
19.2835
-5.576
-133.099
-37.371
-25.0835
42.3521
-34.1731
36.0939
45.3488
26.5621
28.2346
2.57744
15.7393
13.3434
-27.6896
59.2142
-2.1311
-10.4916
20.729
23.3597
16.4083
14.0503
-14.1227
25.2612
-16.0204
-56.6063
15.6105
30.367
-34.2685
-37.6679
44.1119
-19.4076
32.0885
31.7783
0.45645
37.012
-36.5248
30.2212
21.651
19.9183
21.0744
20.4754
14.791
-10.4323
-17.4599
12.4168
19.158
4.8989
29.7667
10.1372
-69.9415
28.0828
4.1092
10.227
13.3382
-80.8663
39.5371
-41.8781
-31.0859
28.7488
1.58271
-1.0467
20.9517
-46.093
-1.852
10.5304
-12.8642
20.9381
36.328
7.584
40.7152
-43.9197
-8.1806
-38.7683
10.4399
-55.8345
-16.5853
-17.2683
9.15728
-4.2201
32.6542
-6.8815
27.2815
41.9759
30.5824
1.786
47.0704
4.77215
31.5189
21.7929
-29.5387
13.16
55.8302
-2.3618
22.0848
-49.6859
43.0815
-13.9093
-11.8318
-4.0457
-4.3891
-0.2887
-3.1082
-15.3077
-12.2477
-13.2544
-0.6404
10.8605
-5.9041
-0.5447
-2.5437
-15.9169
-12.8612
-3.2238
-7.7857
-0.6052
1.26801
0.40785
-8.8166
-13.5495
4.09105
-18.7188
-9.8851
-0.918
2.56217
0.2541
-7.4474
-6.7248
-5.9039
-14.3329
3.28584
-6.111
-9.0017
7.09874
1.76121
-9.3579
-1.0199
4.58369
-7.8389
0.40962
-18.4647
-7.2399
1.47049
14.064
6.6003
-1.2238
-10.2446
-9.981
-0.7114
5.13373
8.46645
-5.0853
-7.3882
-3.9475
0.11337
-5.1793
-9.1728
-5.3232
7.30798
-12.4083
-8.78
-6.1059
-3.8788
4.93433
-0.9689
-6.7428
-6.0896
-1.9813
-2.6129
-0.3418
-15.5686
-10.4046
-3.8527
-6.7765
3.4279
-3.5737
0.81159
-27.9782
13.7991
1.37808
-9.2807
-9.6381
-3.8274
0.71186
0.02379
-5.7582
-25.0825
-8.7747
-8.0287
-12.2144
-4.4421
8.8493
15.7445
5.48574
-10.7373
-18.2107
2.57278
-2.5119
-9.8158
3.69365
0.3378
10.5762
12.9169
-9.5139
19.3783
3.94693
11.6688
-0.1079
8.0804
14.946
14.7181
0.44621
-14.922
-8.2439
15.0293
4.03951
3.43626
-9.0538
11.2246
9.2246
-2.7062
26.0588
-0.7533
0.48072
-9.7169
19.962
-11.7131
-1.3285
-11.5683
-1.8748
-7.3361
-45.9674
1.9691
25.9474
-7.8464
-7.6022
7.67955
-6.7359
-2.6944
19.2999
4.86416
3.74583
8.9905
-11.6714
-14.077
7.1891
0.0235
-15.8675
29.4991
14.7658
5.5031
5.85747
-1.0535
-29.1762
5.8162
0.35206
-15.5549
28.6009
-0.7342
7.36665
0.72658
10.5068
19.0696
-12.4267
0.82069
3.29185
21.5214
1.20781
-4.7717
-1.6756
-13.2656
10.265
-7.1768
33.5457
-7.0384
-7.1353
9.2711
-0.8354
-6.8246
-3.5109
-1.3031
-6.0287
-12.4645
-1.9874
-3.8295
-14.0778
37.1051
2.87289
-3.1078
45.145
-0.3553
2.30609
-1.4896
-19.9809
19.6011
20.6523
-1.3568
-5.7461
101.936
205.365
49.2852
13.8252
-15.6172
195.479
34.2342
44.4509
-0.7613
15.4325
13.3013
74.0386
34.7031
3.98807
116.154
-2.1858
78.2681
51.8821
104.185
40.7619
77.1734
7.7281
13.3041
44.0436
81.5512
57.4303
18.0514
116.306
94.0537
45.7927
5.30745
31.0341
28.4918
72.5996
133.577
47.0514
158.793
116.901
117.277
1.43209
-18.3252
-33.5079
1.51982
29.9787
51.3097
0.91288
96.4147
8.7018
-7.4845
99.2318
186.513
52.4468
3.51516
-18.7052
21.9143
139.877
71.6206
92.7102
156.775
78.727
109.914
15.9965
-23.766
11.2149
122.794
63.0405
-16.2467
71.6707
5.3951
89.154
33.9356
90.7512
17.4807
33.8736
139.987
44.9038
-5.7591
148.125
9.4778
32.2884
55.7505
148.781
104.644
22.8267
-9.0265
23.9275
70.844
11.5364
41.8827
17.6391
24.2929
26.6355
31.4085
64.866
242.315
-19.8593
-29.2712
-10.4646
-6.0366
-80.5547
-46.9879
-105.853
-30.023
-2.1907
-21.8273
-28.9235
-10.3425
-20.7608
-5.8335
-8.321
-44.3003
-16.3372
-10.601
-14.4346
-22.1001
-29.3499
-38.8376
-13.2882
-17.1386
-3.8306
-13.9707
-7.1152
-86.0448
-9.8038
-11.7251
-37.8567
-10.9239
-23.6638
-7.9847
-19.1464
-14.7811
-14.4999
-34.6929
-12.688
-45.9353
-10.2244
-11.2546
-20.7418
-8.8989
-13.9702
-64.255
-31.465
-34.9605
-92.423
-52.1735
-5.1618
-39.7368
-7.4834
-69.1779
-9.8529
-16.1907
-16.9367
-15.1148
-9.6209
-41.6698
-9.9599
-14.2457
-13.2457
-37.6825
-25.2366
-51.6165
-30.1402
-9.2096
-11.4962
-29.2645
-22.4865
-19.5314
-63.4658
-13.7912
-21.529
-10.7639
-45.8084
-13.2554
-9.2829
-10.2841
-5.1265
-17.4234
-20.107
-9.1754
-83.2343
-16.8706
-4.8814
-11.9529
-31.8716
-11.9963
-25.8297
-17.2364
-54.6151
-8.5626
-40.8807
-0.1103
-24.5894
-17.7415
-14.112
-48.4112
-16.8813
-40.6243
-43.6681
-5.7996
-31.0963
-12.6795
-10.8985
-16.1795
-13.9489
-67.2064
-53.1888
-17.5932
-33.5527
-20.6187
-18.7565
-13.8224
-45.3062
-6.9856
-9.8079
-33.6541
-13.7871
-13.1782
-13.2229
-8.2144
-16.8452
-12.6637
-61.5225
-108.829
-11.0542
-6.1504
-24.5859
-11.969
-10.4376
-5.7028
-17.9905
-58.3058
-6.6734
-53.0803
-29.1501
-23.8839
-71.4146
-11.9284
-27.8503
-10.0366
-13.9627
-39.1196
-14.7743
-11.6925
-12.232
-23.9569
-18.3579
-106.075
-18.543
-25.9231
-8.9868
-15.3236
-43.4097
1.41595
-41.1966
-116.024
-30.5433
-56.335
-28.5986
-7.2417
-8.7538
-7.5867
-12.988
-31.7888
-61.6069
-8.3519
-6.158
-7.1691
-80.9093
-10.9031
-29.92
-10.7521
-9.9689
-6.7635
-73.6996
-11
-15.6061
-10.4631
-24.2582
-44.6186
-24.2713
-4.5316
-5.5763
-21.1823
-49.2597
-33.4986
-20.6313
-37.9986
-12.102
-32.1941
-11.9292
3.4354
-13.7726
-18.151
-74.8274
-30.46
-41.1185
-9.0488
-24.5285
-15.7045
2.8851
-7.8052
13.4901
-26.5461
-14.3126
4.9635
-24.3472
27.4835
11.1725
-3.6908
-14.0581
-16.7603
-108.012
-6.6679
2.28765
-14.8451
-2.7773
30.889
-17.2501
14.628
27.9277
11.0686
4.13275
26.4554
-14.0162
-9.7886
35.1674
5.12095
-16.3991
-7.2562
41.5472
-7.256
-1.4567
-57.3238
78.5462
12.2289
5.7671
-63.3106
5.84355
2.76725
25.712
0.14135
93.4222
-7.0531
-54.0129
-11.1496
-45.0013
-18.0808
21.8108
23.5932
-25.2289
27.66
-24.9565
-57.9091
-14.689
15.3008
-35.0819
-19.2874
13.5422
-72.9704
-29.0091
-53.9563
-14.5297
-10.4783
70.6337
-15.5442
25.7263
-4.7579
-10.6236
-47.9969
-17.4971
-14.9448
-24.9935
-15.7647
-71.2876
2.15175
-15.3259
-9.4858
-44.088
-11.893
-12.9665
9.1401
6.9456
-24.4203
-5.9274
-12.0348
6.43035
-40.9549
-11.3231
48.7873
7.067
-9.0586
-10.9964
4.5128
-25.4964
-19.939
1.45657
0.44337
10.6171
-5.5398
1.80715
0.72845
0.12284
2.0238
3.47476
6.94525
3.36376
0.68291
-6.3288
6.1332
4.63896
7.37287
6.30615
0.35966
0.36828
6.40405
6.56501
3.97025
7.44236
0.38491
7.32654
14.3422
3.0883
1.23706
2.78031
0.37853
1.84183
0.37999
1.64206
2.24477
2.34487
2.08664
0.36437
4.43882
3.51478
0.38051
11.1186
1.34739
0.77721
0.37585
2.86022
1.72072
4.17275
13.7659
-7.2027
0.37934
4.4998
2.28257
1.93793
2.65175
3.54662
0.92247
4.6931
4.3923
1.77595
2.83783
3.91165
4.32801
-4.8873
2.89027
11.089
-0.6222
4.20151
1.55757
1.10976
6.75623
3.90899
8.61248
1.90082
17.3389
0.46907
3.38509
2.917
0.1067
2.26059
3.15002
17.4715
3.57505
11.0659
1.26326
0.72047
1.58368
3.36892
11.7091
3.89128
7.2161
4.54968
0.68764
8.36507
16.8938
0.71143
3.80279
0.82382
0.52965
0.64794
-2.7733
5.6689
1.07205
0.67241
13.7782
1.16469
24.4096
1.12836
10.8666
6.94416
1.09532
2.66455
6.17009
9.5033
8.95771
2.06177
4.59092
14.1724
5.92061
24.4914
3.87762
1.18322
9.35298
16.9808
2.38223
-2.4039
1.13031
18.1814
24.9156
21.9441
1.08724
8.06037
5.23677
9.99357
-6.8173
11.4888
7.55211
18.4866
13.814
-0.1546
5.1425
23.8784
2.48546
15.7613
1.90164
3.29097
9.98203
24.4168
14.2915
7.43742
3.63173
17.8788
0.86496
3.49998
28.5841
3.36665
23.347
1.05405
5.8571
10.5463
5.95558
1.26923
15.1045
9.20059
9.76878
5.15377
-0.3399
14.4119
16.8228
1.06639
1.07603
6.78194
4.31306
0.96984
7.43315
7.38171
7.51338
3.55997
4.84903
0.82939
8.79486
10.4748
8.6053
27.8309
4.37675
17.8435
1.12699
5.33707
5.68886
1.12664
20.869
1.0812
22.1358
1.13871
5.26136
0.64362
16.0562
3.58007
7.49224
5.29437
13.0358
41.3991
14.7691
134.847
37.2698
225.563
140.891
4.01988
70.666
66.5325
41.2648
41.5818
31.026
3.41891
219.793
54.2983
159.563
95.6189
108.464
158.065
247.962
62.904
63.602
13.6083
92.6555
46.8017
156.809
183.702
122.508
27.9922
161.441
50.1364
43.342
11.5981
11.9441
3.54449
10.009
204.85
65.635
17.5482
194.098
27.3965
47.3906
43.4496
152.383
3.36454
4.06135
147.876
10.9005
129.833
106.949
101.765
39.1246
124.809
3.68713
3.62791
124.035
244.399
167.886
35.179
136.059
88.9505
36.0799
3.59945
164.665
3.55191
182.55
74.083
3.54042
120.725
3.62408
3.59105
64.9205
37.4479
114.249
145.974
77.731
69.4495
83.608
22.366
-2.0977
-1.1177
-6.3068
-3.8391
-0.3677
-9.4585
-2.1442
-1.3695
3.86044
2.56697
2.0248
2.52762
-0.6022
-1.6563
-3.9404
-2.1419
1.77842
5.49996
-1.2359
-0.9833
1.75197
-6.007
1.14215
2.6968
7.31238
0.41295
-17.8671
3.90925
2.36018
-0.748
2.48552
-7.3785
-10.0394
1.33647
2.20472
-7.9972
0.78956
-4.4765
-8.8366
0.71345
1.43329
4.11067
3.45603
1.61996
-13.4444
-13.4319
-13.2061
-12.0796
3.83882
-1.4469
6.78424
-1.4469
5.88537
4.11252
4.23724
-10.0429
-11.5182
-3.0885
-3.1678
-6.8486
-3.9053
-8.6614
-3.3008
-23.3587
0.56296
3.30762
0.44581
-4.9901
4.78885
-0.9851
-0.8469
1.70058
2.4031
5.3712
4.99389
2.52473
2.05178
2.18511
1.15121
2.68114
2.52282
1.13743
0.82602
-3.616
-2.0022
-3.0618
1.11176
3.31599
1.09624
2.18645
-7.6737
3.25352
-3.9626
-1.3322
0.29883
-1.626
-1.8835
0.7693
-5.9915
-2.4926
7.52715
0.90429
0.26229
2.53679
5.20927
4.12315
4.66519
3.1455
6.19948
0.48799
-7.2372
0.62923
-8.6982
2.56057
7.85326
2.41715
4.36533
-4.7973
1.66899
-1.0477
-2.8108
12.9315
3.8734
-3.5519
7.3722
4.11359
5.71096
5.55629
1.79092
4.9952
4.29293
-11.8712
6.86232
8.3303
7.66936
1.69144
4.35187
-1.517
-0.8509
2.03949
1.2323
3.73518
-5.516
14.9409
-1.7012
1.74215
0.78297
15.4889
-6.9392
-4.8552
-7.7053
4.76623
8.53404
7.81127
2.69109
-3.4729
4.45338
19.3642
2.6104
-5.3244
7.50062
9.031
1.38612
-1.337
13.3486
-9.5267
9.74665
12.5228
-3.7013
2.53244
-5.118
8.2851
3.375
20.6613
7.84818
11.2485
-5.95
2.26178
9.11095
2.68779
-6.0221
1.87435
-3.0238
-1.501
-12.2956
3.50065
15.0985
1.1366
9.78135
0.86343
-12.9181
1.59775
1.63401
-3.7838
-21.5063
9.15536
19.4719
-1.8728
1.91541
-7.8055
29.2991
-0.548
16.7204
80.6861
16.6215
55.3089
145.337
61.3635
50.8713
69.6905
46.7571
75.9402
159.309
27.8379
4.50214
5.67746
0.91952
50.5729
21.9794
27.3277
24.0305
16.3029
-4.7096
48.5764
24.9413
24.6132
20.9936
52.6122
93.1227
50.6987
86.0901
18.3892
17.8604
-3.3005
9.66225
71.6147
34.7281
8.05091
4.20334
46.4835
24.926
43.6863
24.5511
25.1808
8.5091
62.4986
44.0992
89.9195
138.634
16.0325
-2.687
18.6968
115.779
6.1614
58.399
5.93295
47.7488
34.7279
45.9777
27.5224
63.4643
-3.0492
11.5114
15.8147
100.786
150.92
217.749
126.489
27.1936
14.4775
3.2999
3.23842
112.244
217.106
56.9002
4.02712
31.8517
67.2314
21.7467
-0.9339
-0.1208
7.05405
17.9214
22.8777
6.43081
41.2805
54.3186
27.9339
4.26809
128.316
-5.2973
21.278
145.544
47.3326
41.9712
91.6118
46.6542
37.2251
18.8276
9.0467
-22.3002
4.32917
7.67215
-81.743
-38.4077
-11.2803
-12.1207
-77.4902
-56.7114
-2.7543
-0.3198
-47.645
-18.7581
-85.0002
-42.8646
-41.2788
-31.5576
-74.2266
-34.9625
12.3236
-117.76
-18.2141
-34.207
-12.7522
4.68563
-8.0728
3.02644
-110.267
-157.774
-105.977
-12.9658
-23.992
-31.1653
-12.7951
-14.4938
-40.8815
-111.906
-73.2794
-45.3799
-29.7403
-0.4057
-29.8403
0.50045
-0.3007
-62.6427
-41.0615
-111.163
-33.0263
-91.744
7.2827
-62.4679
-69.6997
-422.523
-28.7332
7.25667
-23.1268
-7.4133
-21.239
-21.7126
-22.208
1.33517
-39.8588
-374.446
-71.8989
-41.7459
-16.4327
-37.9798
-7.5808
-12.8099
4.64117
-57.4327
-27.4726
-51.2688
14.2975
-2.3579
11.3649
-96.031
-38.3781
-67.2676
-59.7971
-7.0563
4.26593
-37.9428
-6.9293
-3.6312
-8.9206
-26.2769
-174.571
-98.81
-38.9378
-69.3659
-60.6282
2.5264
-35.0263
-5.8495
-15.2636
-287.199
-9.2399
-86.0283
-33.2594
2.62625
-20.2071
3.06525
-1.5222
-26.0168
-60.7572
-1.3507
-49.8227
33.1203
4.16779
25.992
-208.315
-43.0883
-104.613
-109.443
-14.4071
-14.4545
-83.885
11.3328
-1.3596
-8.738
-8.983
-56.5121
31.9849
20.4627
0.26375
-44.0153
-102.084
-35.7924
-17.3426
-9.6283
-21.2278
-28.7955
-36.0026
-65.0207
-47.1595
-4.6224
-6.9399
-7.9583
-25.0866
12.066
2.46185
-49.8013
18.3325
-106.806
-40.8362
12.3375
-15.0241
-24.0597
17.6216
-43.3212
-20.8668
-71.032
-46.2336
4.41435
-81.3211
-156.469
-26.8927
-54.6149
-94.133
-56.4913
0.84888
3.2172
-15.27
-7.1609
5.46467
-34.8895
-96.086
35.7619
-77.8331
-18.4725
-32.8695
-19.9978
9.22135
-21.2853
-26.7424
-18.259
-45.8654
2.68875
-126.606
-70.7929
-39.3818
-75.9808
-21.8576
-35.8134
-92.079
-27.4229
-112.944
-68.2982
-7.7965
6.69016
-23.3205
29.7869
-9.8065
-6.2902
-66.0026
-24.4736
-61.6349
-26.1538
-5.4157
-45.0525
-79.3077
90.1943
18.6655
-80.9066
54.9858
-10.7518
-51.8865
-4.6959
43.0525
-49.4213
7.70965
-39.9548
14.7254
-24.5573
5.53465
-112.684
53.4323
2.2264
0.84572
-3.633
-1.5961
36.8529
-61.0796
1.3859
12.6364
-41.3287
6.34547
-82.8662
-31.3082
-35.841
36.6125
71.6345
6.40595
-34.4566
35.8802
-3.9697
24.1724
-71.2461
-41.7887
-23.4403
-1.397
30.6326
-10.4268
-83.093
-26.9762
50.4261
-253.509
-43.4659
-47.4471
66.5252
89.8514
-126.981
-78.0706
-49.1731
40.6263
32.6501
-107.947
-30.6739
-37.492
-9.5623
-19.1071
-41.0237
63.1175
9.8812
-28.8473
38.4058
81.6406
-11.137
4.0507
-34.73
-98.371
-132.513
41.0055
34.7823
58.0563
123.005
-13.1524
-56.9637
75.1465
-3.3526
23.3538
-60.3986
86.1345
37.2475
-13.4528
8.0165
-14.4609
-205.694
3.28936
58.756
-37.7505
-92.509
-11.099
-57.8353
-87.121
-46.1065
-32.5944
-62.1625
-8.1965
-66.6513
-95.441
-288.217
-379.697
-318.216
-231.868
-87.1002
-185.866
-365.894
-83.5045
-103.736
-134.075
-116.742
-70.479
-195.616
-365.01
-89.7952
-54.855
-112.459
-127.932
-440.563
-166.063
-53.3964
-278.631
-296.999
-47.5871
-52.9495
-110.64
-46.3187
-79.3706
-124.147
-87.284
-288.853
-478.197
-164.824
-220.925
-293.392
-456.807
-69.4556
-53.9534
-193.523
-191.827
-36.6284
-241.343
-26.0329
-232.992
-631.823
-76.2556
-99.514
-223.721
-82.6502
-253.472
-305.911
-41.8437
-210.077
-91.176
-511.44
-545.815
-284.27
-16.1838
-34.8447
-85.4371
-178.889
-230.129
-156.853
-182.663
-382.545
-113.75
-133.464
-52.6552
-33.0165
-106.857
-90.083
-171.571
-419.142
-73.1981
-67.2968
-215.984
-72.9292
-278.945
-112.256
-296.214
-85.4378
-78.9847
-404.093
-102.316
-117.391
-219.245
-81.8957
-186.457
-74.0887
-81.7315
-156.819
-101.045
-113.447
-145.387
-89.3229
-314.691
3.7809
-195.923
-68.7981
-184.072
-33.9395
-82.2766
-114.02
-81.1359
-36.2869
-84.5377
-437.985
-181.249
-236.292
-108.206
-18.5945
-183.961
-128.966
-54.7106
-41.5899
-60.9133
-89.1719
-112.156
-341.768
-219.89
-176.445
-228.766
-165.685
-39.1824
-182.012
-122.56
-132.081
-148.189
-135.619
-302.678
-183.346
-317.059
-281.971
-46.338
-78.1736
-99.11
-73.148
-70.995
-158.275
-448.644
-90.423
-544.601
-144.565
-77.8807
-58.9716
-316.591
-389.058
-92.329
-85.501
-68.9035
-183.889
-85.8806
-150.433
-260.263
-216.88
-97.807
-70.7709
-70.1616
-64.5071
-62.4752
-143.183
-77.051
-109.135
-231.222
-446.297
-79.4543
-149.49
-209.562
-308.731
-34.6353
-371.966
-69.387
-91.195
-393.875
-238.115
-79.5483
-92.071
-60.6199
-90.909
-135.702
-211.543
-126.294
-373.579
-153.117
-341.75
-216.845
-90.807
-39.4351
-467.243
-783.482
-17.3537
-413.772
-225.34
-68.4553
-122.241
-463.176
-116.3
-161.726
-318.177
-582.712
-128.419
-368.295
-317.804
-75.3916
-273.313
-95.101
-175.579
-81.9874
-53.604
-108.014
-160.14
-63.9613
-144.318
-84.0507
-213.587
-508.01
-391.602
-209.305
-54.0538
-519.578
-50.1402
-52.4677
-196.457
-84.5452
-106.946
-147.263
-95.563
-83.9688
-260.471
-301.972
-382.017
-407.569
-71.903
-138.673
-291.675
-90.653
-207.928
-367.289
-88.755
-53.5864
-231.288
-244.024
-74.1875
-138.398
-65.5617
-108.616
-41.8623
-161.205
-95.207
-79.1586
-40.2698
-430.358
-119.675
-92.119
-82.1858
-46.4904
-167.987
-84.8389
-81.3571
-508.004
-25.4768
-70.4596
-107.132
-240.168
-144.328
-515.349
-95.761
-93.705
-178.758
-155.287
-73.8438
-72.5782
-156.214
-599.418
-80.6552
-341.178
-85.4676
-108.864
-302.526
-117.398
-101.463
-149.782
-33.6814
-264.715
-95.161
-356.501
-76.8643
-69.7576
-456.524
-282.382
-76.454
-254.883
-411.675
-104.898
-161.885
-200.266
-47.5171
-80.6163
2.00314
0.37286
9.2529
1.55059
2.98519
4.30761
1.40161
7.70876
0.3812
0.49648
-2.2873
1.80926
2.30749
0.37829
3.3956
0.52323
5.06958
0.37919
-9.5235
7.63438
4.45661
9.24634
8.28512
6.12869
0.36899
-1.0856
0.37106
0.50204
5.27702
3.7874
6.63772
3.33935
5.63146
2.83046
1.34562
5.09471
4.67783
8.86247
0.35283
3.32223
-0.3927
2.42999
-8.1068
2.02252
-8.8764
3.7009
1.78552
0.36109
-11.1959
0.37171
15.0962
2.67843
2.30044
3.50716
0.61593
2.20987
6.60547
1.62725
0.36797
0.3799
0.5381
4.45595
6.75682
1.74613
3.35498
-20.6802
3.12337
8.2266
1.566
2.07414
3.00255
7.27916
1.0682
-0.0263
1.21527
-10.8892
5.7848
2.63438
-1.3962
2.92737
-68.9847
7.44477
4.76737
0.25124
10.3196
0.41801
-25.5028
1.25513
1.58378
7.04698
3.4261
0.35005
3.60839
2.80949
-3.5984
5.13543
7.9318
2.52208
1.62746
1.07857
2.02802
6.34817
17.0937
25.974
1.19861
1.0862
-18.9443
11.8079
14.4945
9.34344
-32.1101
-28.3279
3.74193
34.7828
22.2431
9.53224
24.3088
2.03356
8.11529
1.15919
17.0857
21.2293
37.0594
10.7012
1.13398
8.62996
11.4017
1.9492
-52.2055
15.5441
17.0842
-0.2154
-38.1206
0.92503
1.1028
1.06225
10.5504
1.12186
24.9421
-24.8499
19.6869
13.5636
13.7365
-11.7235
1.1021
2.85832
3.34929
-9.7929
7.49114
2.93077
31.594
5.10867
6.15183
1.18319
25.2641
1.11803
2.24687
3.92568
22.2814
42.9252
3.70493
1.11017
1.18321
3.81794
9.03327
5.32106
1.10444
14.533
8.22874
7.92869
10.8425
18.7681
2.69137
11.8625
13.0958
-29.8786
4.0335
0.95367
3.42678
2.68635
10.2121
12.1535
14.1908
6.88085
1.80631
-0.2331
-0.3836
33.1055
9.63323
12.1499
-1.4962
-49.6484
3.0861
19.6303
1.08803
19.6664
17.1983
-5.3593
1.0579
-36.0935
86.802
61.137
99.5441
18.9357
19.9309
46.5613
-12.142
67.5595
12.9236
63.6995
-53.9924
113.471
0.53202
13.5235
78.837
3.09118
58.7549
12.5341
45.2368
36.4771
43.0971
3.78059
58.13
41.3557
23.0774
56.568
153.067
28.4832
3.63941
-26.7675
31.0239
1.6741
25.2954
55.9355
3.54518
60.9879
6.6735
116.03
3.51873
-54.7884
26.9118
3.41969
7.43661
53.7665
6.7296
49.1128
38.5572
16.1635
66.445
3.76055
3.77172
145.474
19.6975
69.399
26.508
82.7975
-8.8014
6.46751
99.267
19.5086
38.4859
6.82656
3.6656
29.3935
6.79421
39.5143
7.51514
16.3921
18.7965
26.81
49.8871
3.69425
18.6936
3.68815
7.99101
113.047
-3.8647
12.172
20.7194
209.548
41.9487
130.425
3.9685
64.367
59.0505
3.54985
-25.489
8.03159
27.3702
22.1441
3.89846
86.573
5.46576
77.1509
159.117
152.264
54.1726
34.9383
3.7582
9.84142
10.4335
-4.4298
-46.6531
-64.3141
18.9459
-8.5506
16.2884
3.15988
-29.66
-12.4477
-21.1839
-29.5456
16.4675
2.97723
-28.5111
13.3431
-48.0405
12.8255
7.4003
-11.9083
-102.375
2.5578
10.3013
7.5613
-6.8946
21.7805
-75.9188
-32.5229
-28.5516
13.2265
-66.8518
1.32305
1.1721
10.5852
10.5558
28.407
-105.123
6.69196
-95.723
3.36515
6.19615
9.22995
-26.1933
-43.9819
-34.0771
-7.2147
15.6306
7.29581
21.1293
8.74525
-57.2121
6.13565
-0.6349
-5.0854
-1.6858
-6.5872
7.38105
-46.6382
5.00601
11.4861
-25.0198
14.4782
7.4984
12.2096
-104.553
19.4956
-23.146
3.73529
15.498
-8.1464
13.6156
24.3738
-13.6698
-21.9123
-44.0853
6.40365
-156.456
0.0456
5.73355
-12.8133
4.83101
-47.8776
-135.337
8.67375
-123.386
-43.9151
-23.9835
-31.6502
6.8205
-26.7811
21.4756
-99.463
-88.275
-31.8296
-25.34
7.14674
0.8741
-0.4467
-4.2422
-18.9997
-13.7866
-188.694
-34.1065
-30.997
-19.2883
-79.2266
25.8846
-28.7743
27.8017
-22.5097
-120.378
-15.8078
-26.1368
-36.1084
15.2858
12.1737
-34.1973
-84.2571
12.8297
-12.9057
17.4071
13.2847
27.1924
3.00513
-3.8409
18.0776
-1.8105
3.75776
16.3008
-92.347
-63.757
25.1706
-0.8675
-2.1433
4.33145
1.5814
-38.0213
2.04115
-19.0237
-3.1228
13.1599
-28.4761
25.3069
-1.8284
6.85565
-54.5863
-31.9702
-11.6161
-45.0453
-58.6639
8.87497
-11.4692
-48.4829
16.1677
2.6949
-74.7978
-71.096
-30.2997
24.0606
-33.4524
-74.807
-56.9749
17.3479
31.3738
-0.1344
5.98898
-17.5708
6.2211
-15.3904
-7.309
15.6108
-0.8695
3.33645
-58.2218
26.0478
-63.9895
-21.2341
26.2441
-13.5954
-57.9212
-3.3015
-6.8036
-70.2563
-61.503
9.36299
-28.5224
9.7265
11.7792
23.6813
-4.5085
2.99975
14.2566
-155.424
-116.94
-23.2739
-20.9132
-81.0431
-42.9574
-78.1306
-6.9706
-48.2146
-74.6367
20.1775
13.4248
67.7814
20.6737
-150.901
-16.3025
-11.8033
14.997
2.8327
10.2526
13.3487
-16.978
11.4734
17.8993
-1.8963
17.5454
-42.6754
10.1033
-116.712
15.6165
11.3901
-13.4667
-4.9617
-35.0027
-12.0467
-39.2327
-17.6135
-25.0574
19.8892
-8.241
26.1135
9.25645
6.66587
-0.2425
8.3322
8.74475
-26.7478
-4.9788
14.477
-48.5638
-47.582
3.07967
18.196
-16.27
-2.6532
16.94
-60.0657
20.2508
-13.8715
-11.8984
-49.9118
22.5254
4.5748
-18.9849
-15.547
-46.0399
-3.9173
15.4636
-24.9944
-51.5979
17.1436
45.2103
-49.5763
30.7801
-3.6454
-147.95
-20.0225
18.3813
30.9729
41.011
-5.0355
5.3843
-30.7754
12.2828
-2.8952
14.5572
16.1395
-55.0845
-11.0241
-2.4396
-42.6779
1.41359
-37.0153
6.2587
18.2895
12.9187
-40.8892
-10.0825
-78.0014
-64.9647
-3.8636
-69.481
10.1584
14.9505
-13.5153
12.6396
6.5508
-3.5441
