0.01548
-0.20614
-0.06214
0.31315
-0.24673
-0.21651
0.1079
-0.02437
0.16085
-0.09883
0.09765
-0.0891
0.11649
0.24808
-0.17473
-0.08701
-0.12103
-0.00638
-0.18158
0.00173
0.11836
0.04322
-0.12127
-0.15479
0.29851
-0.19121
0.20004
-1.15019
0.02657
-0.1598
-0.04871
0.02178
-0.11105
0.16213
0.07669
-0.00804
0.09455
0.18486
-0.28205
0.10056
0.25039
0.04212
-0.0945
0.10798
-0.06369
0.00639
-0.05193
0.22966
0.01135
-0.07705
0.17363
0.07727
0.22201
0.29555
0.19127
-0.04873
0.06931
0.21015
0.15191
-0.04426
-0.41101
0.05185
0.05521
-0.03446
0.08063
-0.03361
0.01121
-0.19087
-0.01829
0.11299
-0.1585
0.28038
0.29578
-0.09543
-0.08415
0.0209
-0.02334
0.15211
-0.0305
0.16618
-0.00058
0.04823
-0.00431
0.12198
0.2651
0.14145
0.19526
0.02397
0.51804
0.18983
0.34748
-0.24362
0.19902
0.11367
0.47969
-0.16766
0.12704
0.15629
0.05931
0.20456
-0.10639
-0.05873
-0.06004
0.1215
0.01103
0.30424
0.28064
-0.43863
0.05766
-0.14017
-0.23149
-0.11897
0.3023
-0.1558
0.18733
0.27331
0.21553
-0.12366
0.38953
0.32093
-0.12781
0.37114
-1.02607
-9.73118
0.18372
-1.30933
-6.1627
-0.14792
0.18879
-4.18872
-0.10252
-7.51466
-1.37097
-1.74831
-3.37184
-1.63074
-3.5547
-1.12551
-4.0634
-4.66439
-6.61891
-3.9679
-4.29335
-4.55633
-7.66757
-3.89617
-1.10041
-0.11618
-3.9058
-0.05029
-5.02677
-6.34795
-0.08431
-0.35542
-1.25912
-1.09769
-0.04876
-0.14037
-6.8372
-3.28584
-1.5422
-2.16503
-2.41741
0.29501
-3.12907
-4.91443
-2.5109
0.01007
-1.50678
-1.46977
-0.24352
0.208
-4.94484
-1.22812
0.20628
-7.30115
-1.44472
-2.72196
-7.78254
-3.48107
-5.97512
-1.55374
-5.58828
-0.2126
-1.24024
-7.13013
-1.53725
-4.24388
-2.66284
-7.90018
-1.50443
-0.05921
0.4923
-3.32583
-0.16535
-2.68207
-2.62279
-1.73702
-4.16195
0.07009
-6.49082
-2.53306
-5.79965
-0.18011
-0.92718
-1.12247
-2.36749
-1.44919
-4.95441
-5.33885
-0.69832
-1.29042
-4.51417
-9.26798
-6.02433
-0.08205
-0.38778
-2.09283
-1.63039
-9.00908
0.07171
-8.62128
-1.11193
-3.55082
-7.11273
-1.94927
-6.16346
0.34552
-1.40376
-1.24157
-3.26833
-0.38972
-8.63848
-0.17503
-0.35182
-2.90605
-0.98479
-2.59568
-5.79054
0.01429
-1.94835
0.1601
-0.2767
-8.07778
0.02995
-9.61628
-0.38184
-9.32748
-3.25129
-8.10388
-5.49387
-7.44897
-5.35942
-1.69324
-5.7905
-1.29393
0.02849
-2.12759
-4.34125
-6.08218
-0.45854
-6.23065
-6.94687
-0.14194
0.25305
-2.17154
-1.66997
-4.72198
-2.41521
-1.24104
-1.83413
0.00078
-8.28768
0.31921
-0.26398
-8.98518
0.13973
-6.23728
-0.36285
-3.30741
0.06891
-5.91757
-2.3147
-4.13576
-1.17146
-1.49946
-4.21924
-3.95976
-6.88259
-7.3801
-12.3445
-0.13641
-1.48447
-5.96601
-3.12015
-3.22581
-2.48489
-7.48728
-6.50806
-0.05334
-0.02986
-4.48604
0.2866
-2.27543
-6.332
-3.15468
-1.50631
-4.58938
-0.27026
0.07408
-5.3296
-7.05126
-7.04586
0.25985
-0.67356
-9.47308
-0.06711
-3.09159
-4.90527
0.04023
-2.55338
-2.97655
-0.13302
-0.26675
0.06156
-0.45439
-0.19145
0.03624
-0.16797
-0.03634
0.05157
0.03747
0.05145
0.17808
0.14011
-0.16397
-0.0361
0.13063
-0.24258
-0.14344
-0.05697
-0.02074
-0.22479
0.02112
0.13901
-0.2161
-0.03409
0.10011
0.01431
-0.6339
-0.11238
-0.0662
-0.0939
-0.3249
-0.29307
-0.16513
0.03094
0.04437
0.07669
0.21837
-0.14877
-0.07917
-0.2262
-0.00802
-0.15518
-0.02197
0.29286
-0.0274
-0.11373
-0.03577
0.36596
0.07617
-0.07364
-0.43928
-0.11282
-0.24218
0.13327
-0.2391
0.20583
0.13468
0.02687
0.14314
0.01315
0.09344
0.11682
-0.10379
-0.16373
-0.25481
0.09786
-0.06864
-0.04846
0.05441
-0.38833
-0.20283
0.02784
0.27158
-0.06277
0.0868
0.11515
-0.03506
-0.26229
-0.10846
-0.06038
-0.17219
-0.19292
0.02122
0.12355
0.00587
0.14593
-0.43063
0.00721
-0.06751
-0.08101
-0.16767
0.19448
-0.03202
0.27556
0.13702
0.18969
-0.14046
0.09857
-0.07582
0.00997
-0.4376
0.09681
-0.23438
0.24278
-0.09615
-0.24458
-0.21715
-0.1392
0.02503
0.19451
0.11627
0.20242
0.12075
0.02344
0.23523
0.51382
0.10324
-0.00406
-0.35978
-0.18845
-0.1332
-0.25722
0.00373
-0.07273
-0.3643
0.0632
0.25004
-3.06228
-2.48203
-4.07302
-3.11327
-0.50615
-2.12409
-4.46897
-1.74468
-2.55298
-2.39835
-7.88038
-4.01039
-0.55048
-2.63422
-1.77517
-1.52493
-3.78917
-2.48497
-0.44014
-2.6958
-0.96171
-1.71462
-3.8902
-3.94048
-2.84659
-1.32402
-0.72961
-4.758
-0.49942
-1.42365
-3.63588
-0.94886
-1.27299
-2.44768
-5.02358
-1.19578
-0.2892
-4.40643
-1.08077
-2.48699
-3.73626
-3.11474
-2.05586
-1.65188
-0.91424
-3.58356
-1.22977
-1.95367
-1.15308
-2.60286
-0.56982
-0.82633
-2.65498
-3.21533
-0.79953
-5.45019
-6.13489
-2.87416
-4.82704
-3.73803
-6.08557
-1.69627
-3.29964
-2.26386
-0.8416
-1.00403
-2.27719
-3.37731
-2.33463
-5.44632
-1.31005
-2.42889
-1.51418
-2.41799
-6.50789
-4.34771
-3.34328
-0.75865
-2.53842
-1.04294
-1.96873
-1.7698
-1.11361
-2.40941
-0.72792
-1.49864
-4.21418
-1.53997
-1.79411
-2.67041
-1.25085
-2.68438
-2.74833
-5.75856
-6.14304
-1.2191
-1.13601
-1.05599
-4.54066
-2.49986
-4.95765
-1.86852
-3.60672
-2.83135
-1.93689
-1.52956
-2.05536
-0.73724
-2.08167
-0.39001
-2.76629
-0.85569
-6.68363
-2.30555
0.06081
-0.75007
-1.55003
-2.30338
-1.06653
-4.54978
-0.3756
-2.85762
-1.85789
-0.92623
-1.68149
-0.10375
-1.97117
-1.25967
-6.65768
-3.43706
-2.6558
-7.37746
-1.31481
-0.9043
-0.81734
-0.6831
-1.87544
-5.06303
-0.91772
-0.3761
-3.41637
-3.72791
-3.68952
-2.56372
-0.24505
-2.12226
-0.48209
-1.40076
-3.19839
-2.72408
-0.40583
-1.27075
-2.60198
-0.47402
-1.8704
-2.10651
0.07832
-2.4136
-1.09264
-2.89655
-7.48545
-1.81719
-5.72326
-1.28675
-0.77903
-5.03987
-0.58765
-0.59426
-1.90942
-1.70269
-4.31396
-3.31031
-3.98255
-0.9047
-2.54844
-2.92431
-6.85698
-7.8184
-2.7378
-0.95382
-3.11852
-3.50099
-1.15247
-0.2427
-3.39979
-2.30506
-2.4862
-1.70545
-1.50769
-4.23094
-4.3389
-4.75615
-1.74628
-0.91384
-1.6796
-5.09892
-1.63701
-2.41359
-3.32811
-2.91429
-9.79698
-0.64775
-0.14601
-1.41584
0.08755
-0.58618
-2.57898
-0.908
-0.60597
-2.14614
-0.31803
0.04802
0.22271
-0.00512
-0.0218
-1.04247
-0.37151
-0.11884
-0.60011
-1.03838
-0.88622
-0.33338
-0.46935
-0.12112
-0.12396
0.04329
-7.45924
-0.60657
-0.68744
-1.1353
-0.34589
-0.39816
-0.34036
0.00574
-0.28934
-0.61608
-0.05745
-0.79008
-0.45861
-1.38035
-0.06862
-0.42551
-0.11022
0.03785
-0.23886
-0.542
-0.32397
-1.38845
0.05401
-2.07646
-0.12107
-0.34004
-0.19421
-0.76186
-0.86026
-0.34016
-0.56815
-0.52377
-1.47858
-0.31509
-1.3851
-0.49451
-0.44452
0.09492
0.01203
-0.72379
-1.00237
-0.71706
-0.373
0.02017
-1.79325
-0.37726
-2.45975
0.0904
-0.06631
-0.31355
-0.15636
-1.09901
-0.25775
-0.62958
-0.52538
-0.12423
-2.90277
-0.78266
-0.72046
-1.39371
-0.1369
-1.6469
-0.61134
-0.18239
-0.48146
-0.37701
-0.10833
0.27482
-0.35161
-22.6433
-0.66699
-0.62987
0.06271
-0.46991
0.03545
-0.18904
-0.13413
0.00237
-0.18181
0.20443
-0.38877
-2.16414
-0.70944
-0.07585
0.30572
-1.27009
0.03484
-0.15484
-2.2482
-0.24684
0.0475
-0.52208
-2.95487
-0.41262
-0.57755
-1.77878
-0.42949
-1.26399
-6.80691
-17.8315
-5.69322
-43.9687
-17.798
-3.27956
-60.4484
-14.7519
-59.9857
-12.1961
-2.9897
-15.5507
-14.4255
-14.3455
-81.9271
-74.3094
-9.82278
-63.9541
-54.9497
-65.7532
-43.0857
-53.4296
-58.1049
-62.2978
-49.2719
-14.2243
-63.1333
-19.913
-55.8269
-8.40928
-60.1349
-61.2196
-64.8217
-5.87483
-62.2997
-17.8177
-4.35581
-60.4131
-11.1771
-62.1706
-46.6748
-70.0017
-73.3075
-12.1723
-49.7641
-12.5776
-18.7751
-61.5653
-21.6436
-47.6175
-53.4888
-55.2072
-37.3814
-6.08907
-60.9768
-74.6046
-40.3788
-51.3713
-74.8744
-71.1156
-65.1329
-17.7488
-60.3662
-12.4178
-16.0631
-18.3733
-62.8425
-5.94735
-16.6847
-64.4471
-64.1289
-57.3003
-18.3451
-54.4604
-65.6023
-74.0858
-12.7829
-17.5753
-79.2751
-71.1722
-53.7196
-13.7646
-10.7977
-60.3594
-16.2968
-6.44944
-74.4497
-6.34263
-52.3944
-48.494
-79.0944
-6.34288
-53.9227
-62.2044
-65.5111
-82.802
-8.01128
-7.65349
-18.864
-49.92
-10.1776
-18.7282
-52.4828
-16.8593
-59.2381
-8.96738
-59.3437
-65.4805
-47.9686
-60.7803
-1.86311
-18.2922
-54.0749
-12.0252
-96.2743
-55.8623
-12.942
-12.0195
-6.63508
-50.7763
-57.306
-60.8336
-78.4864
-16.2707
-51.1488
-6.49553
-3.24509
-65.8242
-58.6601
-44.067
-12.6015
-63.9899
-37.2847
-11.8251
-12.2403
-4.56477
-15.0601
-9.67438
-62.7569
-13.2483
-64.017
-16.8491
-48.1448
-18.6526
-18.148
-19.1312
-50.6362
-54.7569
-14.3335
-55.6211
-15.9551
-5.87033
-49.2721
-64.5668
-11.6023
-51.2908
-61.8285
-51.4812
-62.6001
-57.8495
-10.0031
-13.362
-53.4545
-4.63262
-69.95
-55.1401
-16.2813
-86.4783
-10.6904
-17.2653
-48.0184
-72.7525
-9.43748
-16.5432
-11.338
-12.0345
-52.8349
-76.1613
-49.0763
-71.7196
-56.9689
-51.7743
-63.7043
-13.6081
-2.33831
-15.7985
-13.8876
-14.0113
-62.5085
-57.9983
-5.62548
-53.0255
-63.9569
-45.9298
-18.0912
-14.9253
-68.4861
-18.4203
-6.64792
-55.9696
-0.21715
-0.23747
0.04341
-0.1371
-0.18371
-0.34838
-0.09394
-0.29495
0.01689
-0.70378
0.3205
-0.36596
0.09897
-0.03859
-0.22738
0.00231
-0.27463
0.05244
-0.42738
-0.11257
0.17668
0.00493
0.01788
0.15578
-0.03004
-0.25958
-0.34659
-0.6102
-0.09446
-0.30718
0.04471
0.00038
0.20914
-0.24814
0.12366
-0.30165
-0.06672
0.06705
-0.25732
-0.16031
-0.07203
-0.00886
-0.2182
-0.411
-0.20547
-0.13699
-0.22888
-0.05112
0.39748
-0.011
-0.22466
-0.4741
0.17629
-0.0379
-0.09865
-0.0221
0.00819
-0.62037
0.2721
-1.16957
-0.03582
-0.03274
-0.30705
0.18679
-0.22559
-0.16252
0.12122
0.00892
0.08446
0.23682
0.32419
0.46285
0.08116
0.12607
-0.10028
0.05625
-0.0144
0.17631
-0.03218
-0.1868
0.01664
-0.10961
-0.01257
-0.40098
-0.08354
-0.18231
0.37568
-0.73542
0.07409
-0.09897
-0.35494
0.10964
0.01598
0.24297
0.11629
-0.18597
-0.42401
-0.40037
-0.13795
0.33006
0.37729
0.29074
-0.04497
-0.08661
-0.08732
-0.03578
-0.06619
-0.30182
-0.03393
0.08256
-0.08305
-0.3033
-0.56442
0.14819
-0.04408
-0.29003
-0.15756
0.08162
0.18743
-0.07623
-0.16944
0.10891
-0.29842
0.05157
0.12355
-0.13606
-0.18203
-2.58308
-0.90449
-5.21899
-58.7171
-16.3622
-9.30138
-53.2134
-23.4402
-8.55838
-9.83358
-5.3387
-36.7377
-19.5012
-3.39724
-46.8268
-5.26351
-52.6932
-12.7685
-20.3379
-4.4786
-4.9543
-6.22728
-6.29883
-5.15938
-2.34536
-16.2404
-1.27027
-20.0588
-40.1141
-46.724
-43.6157
-19.9141
-3.88674
-49.667
-0.96813
-2.96407
-38.4892
-4.99955
-12.4144
-2.77411
-0.54724
-1.31882
-2.18061
-5.66218
-32.6267
-7.62387
-12.1103
-14.7893
-0.21454
-0.90153
-3.17609
-38.8188
-5.61242
-7.57882
-4.28381
-42.7477
-6.52617
-12.2762
-11.1903
-2.57233
-8.07698
-39.5194
-12.1642
-8.33848
-6.31836
-25.019
-23.9993
-29.9847
-30.0821
-41.5492
-18.1075
-7.00474
-65.8408
-14.3902
-9.89048
-2.73445
-1.03385
-46.2428
-5.54314
-7.86828
-39.4092
-3.21194
-1.62631
-1.01863
-7.6982
-5.94151
-21.5393
-28.3724
-51.4428
-9.07188
-44.1445
-13.3021
-18.9796
-3.04016
-2.14654
-18.1388
-7.63017
-31.6977
-2.42291
-38.7779
-5.05959
-46.3046
-4.18624
-3.73156
-4.85854
-4.59587
-53.1719
-3.9578
-0.88769
-4.26313
-24.4967
-52.8367
-8.17058
-14.5588
-27.2804
-54.9477
-18.0884
-23.5863
-3.7534
-3.67504
-39.0268
-5.5517
-24.6549
-5.0845
-15.2872
-7.68606
-3.11902
-15.9945
-6.25148
-6.00294
-37.6393
-4.46432
-7.79719
-37.6162
-1.60545
-1.14209
-29.3454
-2.18769
-68.7549
-12.5572
-0.92604
-8.34878
-4.43963
-0.62414
-19.0099
-55.3305
-1.16208
-12.8399
-22.5688
-0.70866
-0.49467
-48.2676
-8.08728
-2.71093
-6.71532
-11.668
-1.76873
-7.5202
-14.4886
-1.81517
-39.0158
-3.902
-6.00244
-1.24533
-40.7593
-45.1941
-3.09892
-57.9707
-4.12655
-67.9914
-25.6344
-11.2759
-1.38153
-2.71732
-5.75422
-4.04787
-27.3178
-8.21778
-1.78644
-52.9113
-1.26188
-0.97297
-7.97828
-4.75207
-2.14653
-2.09414
-0.58429
-0.75052
-48.3186
-11.1718
-26.4115
-12.6076
-1.17294
-20.8561
-39.9769
-20.3631
-3.29225
-8.68058
-2.26045
-60.8208
0.17777
0.10805
0.02315
0.21224
-0.03026
0.15672
0.13077
0.27715
0.25683
-0.18435
0.1681
0.13237
-0.27293
0.20164
-0.25372
0.19393
0.36557
0.33394
0.14234
0.2162
-0.0141
0.41475
-0.09349
-0.14714
0.01326
0.27466
0.34526
0.27201
0.04558
0.14062
0.20126
-0.3229
0.21713
0.10314
0.19168
-0.18926
-0.0145
-0.23929
0.07566
0.19589
0.45996
-0.10364
-0.05768
-0.05212
0.02129
0.06248
0.23522
-0.00697
-0.07995
0.14509
0.13412
0.01939
0.17805
0.0893
0.03001
0.18064
0.03955
0.19925
-0.01827
-0.18878
0.05175
-0.00472
0.21325
0.26519
0.07779
-0.32006
0.14073
0.10925
0.3267
-0.05963
-0.09505
-0.11347
0.08714
0.22454
0.08996
0.00036
0.0209
0.00913
0.18313
-0.28688
-0.21179
-0.3221
-0.13409
0.41696
-0.39933
0.05652
0.23812
-0.31467
-0.18054
0.18888
0.03114
-0.02951
0.05081
0.14049
-0.27047
0.01128
0.10456
-0.08469
0.09384
-0.06566
-0.10494
-0.01488
0.05529
0.00486
-0.36567
0.31141
0.07731
0.20651
0.27822
0.22686
0.16952
-0.0385
0.06108
0.04757
0.02797
0.15297
0.24134
0.20366
-0.11927
-0.11864
-0.01084
-0.03296
-0.04877
0.45652
0.25912
-0.06417
-0.08647
0.02421
-0.0639
0.65863
-0.07731
-0.051
0.18845
-0.08062
-0.03088
-0.07777
0.254
0.06568
-0.01959
0.31284
-0.4197
-0.95858
0.13694
-2.58983
-0.06111
-2.01226
-3.39501
-6.18048
-4.44256
-2.34575
-4.35555
-3.53911
-5.13532
-0.33266
-0.56079
-3.15294
-1.35353
-4.47794
-5.91859
-2.06028
-6.05074
-0.48817
0.05176
-3.78657
-0.41066
0.24361
-0.10341
-0.03152
0.17794
-0.95235
0.20432
-0.0037
-0.15092
-9.07848
-0.10563
-3.0499
0.00342
-0.96554
-0.27724
-3.1811
-6.01552
-0.31073
-0.23069
-6.52709
-0.10905
0.30064
-0.35964
-1.94493
-0.19839
-0.32459
0.15866
-4.56081
-2.08581
0.13168
-0.02128
-2.35658
-0.03165
0.04248
-0.02545
-2.46679
-2.25518
-7.79143
-4.3383
-0.72457
-1.74401
-0.9902
-0.68765
-5.74261
-4.52408
-4.65988
-0.31311
-1.05818
-0.70672
-0.19902
-6.68872
-0.31546
-3.50267
-0.09368
-1.11307
-0.03798
0.16658
0.27661
-0.00136
-2.51499
-1.99706
-0.84666
-2.66427
-2.8389
-0.12938
-0.63525
0.363
-0.89412
-0.89846
-5.10459
-0.25814
-1.89743
-2.56861
-1.23893
-6.00185
-0.70523
-0.94741
-0.40924
-2.17814
-3.5318
-0.0731
-0.9817
-2.32515
-1.30414
0.39555
-5.42108
-1.29349
0.05856
-0.05532
0.17123
-1.81317
-1.36062
-3.73937
-0.2195
-1.56031
-1.64177
-4.91291
0.22088
0.02904
-0.03787
-2.26963
0.06088
-2.43212
-3.59714
0.05915
-1.05479
-4.74941
0.12151
-1.08392
-4.96701
-9.75628
-0.09877
0.18021
-1.16454
-3.94892
-0.15479
-1.84225
-2.00237
-6.84446
0.08155
-0.25671
-0.73556
-5.6733
-5.59285
-0.85786
-1.55462
-0.08825
-2.48092
0.26457
-5.87768
0.18988
-2.90104
-1.78721
-2.91086
0.04281
0.06561
-0.21436
-0.16246
-1.56501
-0.12833
-0.38201
-7.80489
-2.41527
-1.32117
-5.87809
-8.63498
-0.83126
-3.43302
-0.17218
-0.95015
-0.19456
-0.88869
-3.9381
-3.53411
-0.32722
-4.37666
-1.55291
-2.67111
-3.56951
-5.39027
-0.02014
-5.29244
-1.42996
-1.13254
-7.71129
-0.79619
-2.58715
-5.54302
-3.70771
-1.89693
0.08072
0.03402
0.2642
-3.08381
-0.5034
-0.16312
-0.09986
0.15657
-0.45356
-0.34402
-0.05702
0.34734
-0.04494
0.18786
0.06209
-0.03516
-0.21662
-0.16899
0.1207
0.05578
-0.077
0.02893
-0.25299
-0.14321
-0.03417
-0.08617
-0.15985
-0.17043
-0.29748
0.22379
-0.17192
0.08334
-0.09924
0.28949
0.08295
0.03965
0.09131
-0.17539
-0.01315
-0.15097
-0.22194
-0.15075
-0.12696
-0.08796
-0.04096
0.05605
0.10416
-0.14804
-0.35858
-0.01297
0.01903
-0.16377
-0.0063
-0.08281
0.18009
-0.21425
-0.1832
-0.1062
-0.33681
-0.1901
-0.12832
-0.17208
-0.06064
0.34077
-0.40523
-0.08929
-0.10841
-0.16326
0.03536
-0.34999
0.02396
0.13546
-0.05131
0.07465
0.32675
-0.02583
-0.06529
-0.17241
0.2103
-0.19585
0.24807
-0.46924
0.05091
-0.1291
0.03241
-0.16826
0.01549
-0.06383
0.11199
-0.10966
-0.28687
-0.4877
0.14611
-0.33618
-0.24135
0.05223
0.08416
-0.02569
0.25379
-0.24732
0.0381
-0.22574
-0.13222
-0.11584
-0.15618
-0.07404
-0.13825
0.18864
-0.03063
0.0181
0.04172
-0.06679
-0.05902
0.08676
-0.14828
0.01164
-0.41544
-0.08188
-0.05331
-0.00759
0.12684
0.05615
0.03219
-0.01178
-0.16344
-0.26186
0.07636
0.00533
0.16065
-0.31337
-0.12962
-0.08525
-0.06985
-0.36615
-0.01141
0.11279
0.11928
0.06886
-0.338
-0.01912
-3.75626
-1.05022
-0.83545
-0.82565
-2.87978
-2.13842
-1.719
-1.79842
-1.9666
-2.58912
-1.221
-1.69099
-4.745
-3.7133
-2.60159
-3.09917
-1.24359
-1.02012
-1.34576
-3.05463
-1.53754
-1.77789
-4.79571
-0.47733
-2.26786
-7.52008
-0.16962
-1.44873
-3.51421
-1.51079
-2.57316
-3.30445
-0.73477
-3.73657
-1.17116
-3.41781
-0.30508
-3.31822
-3.61802
-2.60829
-1.90389
-1.57676
-3.74706
-1.87584
-3.85186
-0.44824
-1.07713
-4.02245
-1.76467
-1.44941
-3.20598
-0.53734
-2.84777
-0.61052
-3.41695
-2.75986
-0.79696
-2.12254
-0.86063
-3.36097
-1.14327
-5.30051
-1.6109
-2.69832
-2.90303
-0.73011
-0.60428
-0.54095
-1.36248
-0.87572
-0.57732
-2.01353
-4.16386
-0.15164
-1.26622
-2.45242
-2.31859
-2.54164
-7.00177
-5.84437
-1.84891
-1.34081
-1.35019
-1.87173
-0.92086
-2.79889
-1.70856
-0.88569
-4.46159
-3.06221
-2.25206
-4.79866
-1.76844
-3.34354
-1.44857
-2.97153
-3.94217
-2.03868
-2.47644
-1.82074
-0.19558
-0.14691
-4.84059
-0.18832
-4.68337
-3.30473
-4.08133
-0.82316
-5.92789
-1.26692
-1.49951
-2.57963
-1.00943
-2.10428
-2.16878
-5.62756
-1.07276
-1.4983
-1.90362
-1.81963
-2.73698
-6.13612
-1.51585
-1.97855
-2.66663
-4.92566
-4.54591
-2.13067
-0.40462
-3.75218
-0.32821
-1.5398
-1.32773
-3.37322
-3.89417
-2.25908
-2.3938
-3.86117
-3.02905
-1.32996
-2.68931
-1.29379
-3.53393
-4.43074
-7.36465
-1.63499
-0.9664
-0.71091
-5.10238
-3.19643
-2.71063
-0.42924
-1.47808
-1.93934
-4.06241
-2.79134
-0.85768
-2.38387
-2.83887
-2.66064
-1.6589
-1.94313
-1.37753
-1.68306
-4.64434
-3.67349
-1.80647
-0.97754
-0.35102
-2.87261
-1.4224
-1.52682
-2.6086
-1.03451
-0.44086
0.07453
-0.92659
-3.78371
-1.9434
-1.78343
-1.16249
-1.1802
-0.31497
-4.38919
-0.41903
-1.95444
-2.42876
-1.17744
-1.02365
-4.83189
-4.06421
-2.05039
-1.05714
-4.93555
-4.87779
-0.53912
-4.4706
-2.5316
-1.27791
-5.72146
0.00016
-0.36395
0.04375
-0.461
-0.1684
-0.782
0.18712
-0.46489
-0.41349
-0.20986
-3.25101
-0.28803
-0.5865
-0.17328
0.06581
0.16896
-0.47122
0.009
-0.57002
0.02553
-0.46776
-4.46803
-0.31761
-0.49576
0.08672
-0.35642
-0.18107
-0.12305
-0.45093
-0.09715
-0.47586
-1.07129
-0.38621
-0.21316
-0.23672
0.14947
0.00173
-0.28593
-1.06514
-0.41917
-0.34555
-0.27732
-0.8231
-0.63035
-0.09647
0.02233
-0.22105
-0.29169
-0.44427
-0.59317
-0.41002
-4.53507
-0.19731
-0.89468
-0.49928
-0.24089
-0.11499
0.13195
-0.06892
-0.47974
-0.40992
-0.46004
-0.0346
-0.29739
0.02931
-0.16746
-0.3129
-1.18222
-0.55101
-0.13113
-2.80314
0.30243
-0.33806
-2.17921
0.30327
-0.51192
-0.27609
-0.24653
-0.25422
-0.21501
-0.68977
-0.19403
-0.48509
-0.16653
-0.1878
0.0525
-0.03419
-0.44261
-0.14671
-0.36759
-0.46253
-0.43238
0.04933
-0.11036
-0.15162
-0.35698
-0.67953
-0.24594
0.28488
-1.09629
-0.24079
-0.55215
0.08252
-0.89121
-0.20571
-0.33192
-1.03967
-2.02105
-0.34936
0.12918
-0.68449
-0.06397
-0.99008
-0.24873
-0.49141
0.10105
-0.0627
-0.5214
-1.16896
-0.01825
-0.14858
0.00254
-68.4768
-61.5803
-56.5462
-8.64658
-16.3456
-15.6267
-15.0735
-13.9907
-18.1253
-5.35618
-16.876
-14.1951
-9.81108
-16.7561
-1.61522
-15.6509
-4.91043
-68.8047
-10.8305
-4.61788
-2.45348
-53.5335
-35.5556
-15.1004
-66.6999
-14.4999
-67.0665
-4.63935
-16.5555
-15.3737
-1.61692
-6.36058
-14.3978
-2.41401
-19.4919
-61.0423
-2.32115
-15.355
-13.0187
-71.6481
-53.5138
-48.4405
-3.2601
-69.7167
-59.7824
-46.0067
-4.19107
-10.5339
-47.4554
-3.28623
-11.4002
-14.0163
-9.21608
-20.055
-50.6096
-75.4531
-46.3635
-13.2103
-13.7814
-13.5569
-18.0258
-8.10838
-13.6035
-7.88708
-5.50248
-10.8482
-4.91006
-56.8581
-52.8822
-3.72648
-3.2204
-12.3444
-68.2338
-53.7375
-51.9614
-14.9319
-65.6555
-10.2298
-47.6941
-8.91508
-56.3871
-63.5633
-7.71089
-51.9584
-11.1495
-3.61079
-83.9514
-15.2584
-16.7873
-7.89968
-60.5408
-2.26832
-12.5844
-3.27732
-9.02678
-52.5973
-50.3441
-56.6766
-60.5811
-18.4553
-14.4543
-15.1415
-30.2981
-55.6807
-6.52268
-10.6557
-8.01828
-51.0987
-4.77473
-60.8106
-66.2912
-46.268
-14.7697
-54.5615
-48.9082
-10.8576
-11.8053
-56.9963
-5.90513
-35.7489
-10.6903
-2.86329
-6.40353
-20.562
-3.76953
-54.9093
-1.81701
-7.72584
-59.4895
-16.3927
-17.3436
-36.1823
-17.1256
-4.17928
-4.66161
-13.4061
-4.64928
-75.6654
-2.46675
-34.7022
-10.8265
-12.6758
-15.8035
-10.2712
-59.4308
-71.607
-15.4359
-46.1742
-19.324
-48.4036
-54.0636
-49.6517
-15.3257
-7.56862
-4.34309
-37.5888
-17.2646
-51.2478
-11.9195
-12.8827
-18.0943
-2.74054
-4.30163
-55.0625
-58.9482
-51.2057
-4.50233
-54.5196
-15.3141
-9.00818
-1.22334
-13.5922
-62.397
-12.5134
-11.7436
-58.2443
-16.5117
-10.3854
-11.7049
-11.6809
-5.33347
-3.92073
-4.60541
-48.7119
-4.60021
-7.39033
-8.24518
-55.1339
-8.86238
-15.154
-5.69048
-11.2461
-14.0018
-6.03663
-14.2424
-5.72753
-9.19178
-16.2751
-5.28263
-12.6514
-0.09528
-0.24905
0.14802
-0.23169
-0.42483
-0.55185
0.20855
-0.20082
-0.26895
-0.15604
-0.22234
0.08233
0.03486
0.461
-0.18914
-0.05981
0.04759
-0.04251
0.14227
0.15627
0.30952
-0.65895
-1.09385
-0.26229
-0.08448
-0.28715
0.04236
-0.3589
-0.10456
-0.0138
-0.17855
-0.03597
-0.02317
-0.02198
-0.38085
-0.11426
0.17636
-0.28154
0.24492
-0.17208
-0.05443
0.10317
-0.30917
-0.12618
-0.05407
0.29687
0.15955
-0.25513
-0.01305
-0.26586
0.09908
-0.27897
-0.4572
0.18349
0.10424
0.03222
-0.06155
0.11723
-0.17868
0.19693
0.21012
0.21288
-0.05469
0.07871
-0.00165
-0.21839
-0.18602
-0.06782
-0.02993
-0.00206
0.07568
-0.02691
0.12449
-0.18717
-0.08756
-0.03216
0.10721
-0.00555
-0.05013
0.06473
0.36347
0.00116
-0.45598
-0.08661
0.10951
-0.08979
-0.33767
0.00147
-0.61431
0.15652
0.20378
-0.33296
0.00683
-0.27739
-0.21535
-0.13358
-0.00417
0.06404
0.15533
-0.02523
0.17387
0.00326
0.0873
-0.1479
-0.2656
-0.00484
0.28912
0.24101
-0.07538
-0.04171
-0.05675
0.26196
0.04629
-0.47915
0.30267
0.07179
-0.18243
0.07191
0.16709
-0.61661
0.05361
-0.03097
-0.07181
-0.17712
-0.36036
0.04362
-0.10997
-0.08614
0.05777
-0.04506
0.02877
0.0469
0.06494
0.13848
0.0733
-3.56405
-4.45673
-2.8649
-0.32716
-9.76698
-8.78928
-6.50378
-46.9208
-21.9135
-5.65426
-2.43307
-5.88975
-40.4965
-1.53284
-55.8921
-1.16745
-1.19775
-1.31266
-1.78565
-12.2414
-1.65976
-14.1716
-2.64152
-26.711
-27.3144
-0.91623
-5.21313
-15.2929
-13.2415
-12.3203
-14.0002
-8.12838
-7.16528
-1.61843
-8.04618
-2.07238
-1.65233
-2.42199
-3.13467
-2.23995
-5.28017
-0.94649
-8.62748
-18.839
-0.6499
-0.42608
-2.33749
-5.48221
-1.46214
-12.9062
-3.93319
-40.6407
-0.85754
-7.44922
-1.3112
-40.3458
-23.5297
-8.14308
-13.2272
-32.0933
-7.32582
-14.2094
-9.61528
-1.99282
-38.665
-1.29049
-2.1145
-38.5355
-1.38418
-1.87129
-18.2907
-18.4768
-0.52888
-1.93599
-12.8981
-1.96759
-1.17131
-2.75592
-38.9428
-31.8869
-27.3288
-0.86716
-4.64588
-52.6561
-5.05686
-3.89541
-3.30474
-53.8147
-7.26053
-5.53829
-4.48004
-0.52065
-3.17591
-3.89152
-11.052
-7.6492
-14.2953
-7.26011
-16.1519
-23.4278
-1.36618
-12.1101
-22.3022
-5.00347
-5.87452
-2.1534
-1.6521
-6.35794
-5.79902
-12.5837
-34.5715
-7.26353
-30.572
-0.6443
-14.6211
-78.2971
-7.90388
-20.0411
-2.2317
-9.26468
-14.6235
-8.94968
-4.30548
-0.93475
-38.1251
-19.8319
-4.99358
-15.951
-7.64796
-0.94954
-5.95356
-2.87252
-1.12976
-3.9655
-0.58809
-5.66674
-1.20059
-1.03038
-7.21751
-0.85285
-2.65187
-38.0919
-4.03009
-1.16178
-36.9554
-17.7904
-5.12062
-2.25949
-18.0599
-5.80931
-6.83454
-10.6548
-1.55198
-2.73908
-34.5719
-3.83744
-1.4219
-7.14341
-22.9366
-5.22724
-7.27108
-23.0379
-4.71963
-5.01032
-28.7995
-27.6032
-37.3048
-0.90862
-1.82854
-15.5404
-0.64621
-2.24664
-5.37829
-14.7405
-45.7706
-15.1201
-2.63123
-6.43448
-22.4152
-7.5516
-22.2752
-6.00251
-44.0913
-20.6832
-0.45133
-2.43276
-2.13408
-15.1031
-1.99594
-1.1825
-28.1211
-13.2616
-5.12752
-2.36758
-1.81955
-3.50052
-10.9727
-19.012
-4.22141
-1.87622
0.19187
0.04988
0.00231
0.15327
0.02544
0.10445
-0.22572
-0.09413
-0.26937
0.06593
0.08359
0.49386
0.34658
0.02484
0.00901
0.2603
-0.05886
-0.31819
-0.00197
-0.14189
0.07033
0.20047
0.10434
-0.0799
0.27107
-0.22641
0.29493
0.01684
0.12922
0.03656
-0.15888
-0.0484
0.12113
0.19818
-0.19569
0.66666
-0.00375
-0.21688
0.19803
-0.02709
-0.15939
0.24946
-0.22092
0.12398
-0.06669
-0.32411
-0.09846
-0.02498
0.34384
0.0743
0.00186
0.13876
-0.00672
0.14737
0.25294
0.01333
0.04684
0.10677
0.00028
-0.11523
-0.18401
0.164
-0.10443
0.07761
0.13491
0.00681
0.26726
0.04883
0.25432
0.00201
-0.1839
0.2118
0.27209
-0.33757
-0.02775
0.07161
-0.18426
0.12316
0.16195
0.01529
0.17135
-0.13869
0.22518
0.02016
0.02675
-0.12225
0.10298
0.30019
0.00519
0.02442
0.15293
-0.22509
-0.32348
-0.02557
0.09027
0.02104
0.20618
0.1418
-0.08335
-0.1556
0.36035
-0.16672
0.07041
0.06838
0.18283
0.13722
0.1571
-0.07465
-0.12704
-0.06628
-0.26087
-0.14836
0.03613
0.21389
0.16437
-0.14643
0.08816
0.30176
0.12972
0.18776
0.20909
0.11956
0.03392
0.20822
-0.20959
0.30965
-0.27862
-0.1821
-0.07224
0.20445
-0.39814
-2.28535
-4.31143
-0.98742
-0.12392
-6.08633
-0.32327
-1.65467
-2.18616
-0.04872
-1.53791
-0.20669
-6.4694
-0.57705
-0.02618
-0.27545
0.09949
-1.74357
-3.59683
-4.06369
-0.96608
-2.59891
-1.75548
-0.04308
0.49836
-0.18476
-1.04579
-1.40048
0.26136
-3.12803
-4.31066
-4.22244
-3.20533
-1.36893
-1.25286
-2.06078
-3.07129
-1.63821
0.07524
-0.16063
-0.04206
-0.1794
-1.35095
-0.07929
0.0353
0.01099
-1.12148
0.2014
-0.09185
-1.27563
-0.81414
-0.0676
-3.13451
-0.04817
-6.04554
0.2275
-2.28361
0.14609
-7.13711
0.11039
0.28459
-5.36793
-1.20083
0.07542
-3.20244
-1.05613
-3.70216
-4.93414
0.16345
-2.24615
-2.71298
-0.05433
-4.74095
-1.58376
0.03815
0.08536
0.24495
-1.75035
-1.75797
-3.91371
0.49268
-3.20317
0.08705
-0.02329
-3.22344
-0.02895
-1.66753
-8.35328
-2.05384
0.20152
0.2598
-6.50692
-0.34108
0.42058
-3.56693
-7.28632
-0.3408
0.16513
-0.02909
-1.37242
-0.74859
-3.33578
0.13866
0.02623
-1.35611
-0.2585
-1.0697
0.05375
-4.99501
-0.30253
-1.26448
-0.24523
-1.15773
-1.03465
-0.86761
-7.90458
-5.17759
-1.87551
-0.69591
-1.21523
0.01421
-3.40452
-3.30861
-0.16889
-0.00561
0.23595
0.06513
-0.15701
0.21501
-0.45255
0.06573
-6.41955
-0.14649
-2.41077
-2.34111
-0.88053
-0.01482
0.19618
-0.2357
-6.21869
-0.01781
-4.76107
-3.13884
-1.3571
0.01981
0.06567
-0.08225
-0.20376
-1.92668
0.12829
-0.1635
0.16752
0.01889
-0.231
-2.97888
-0.29199
-8.78008
-2.50387
-5.33579
-1.326
-0.23008
-1.3145
0.17434
-0.16672
-0.90936
-0.67865
-5.10339
-7.44065
-0.14173
-1.44341
0.09907
-1.26831
-5.40609
-0.14393
-0.3711
-6.22271
-0.56673
-0.05614
-5.07684
-0.08761
-0.08572
-2.75731
0.42394
-0.08381
-0.09624
-0.02121
-0.08962
-3.28353
-6.38229
-0.49209
-2.04109
-0.81166
-4.28209
-3.68642
-2.75581
0.16141
-1.17412
-2.18173
0.10582
-2.08937
0.12673
-0.18711
-0.08422
-0.54488
0.20749
0.02737
0.08656
-0.20604
0.01225
-0.13928
-0.21941
-0.21603
0.26633
-0.00741
0.06736
0.11764
0.16722
-0.12954
-0.28884
-0.27632
0.0111
-0.18356
0.30686
-0.0269
-0.46246
0.0334
-0.31672
0.09436
-0.21126
0.04892
-0.15207
0.11728
-0.11975
0.08708
0.0587
0.27706
0.30103
-0.22487
-0.11569
-0.09738
-0.18882
0.00433
-0.03598
0.1233
-0.04223
-0.18853
-0.17245
-0.25909
0.01482
0.34516
0.00691
-0.17072
-0.32253
-0.02869
-0.19567
0.17127
-0.17933
0.21407
-0.13393
0.0365
0.24376
-0.14711
0.08196
0.17546
0.15407
-0.14993
0.11653
-0.01839
-0.22639
-0.12247
0.00735
-0.1509
-0.17541
-0.38312
0.18347
-0.18561
0.11755
-0.41369
0.31567
0.29287
0.2666
0.3364
-0.07871
0.11266
0.23687
-0.19011
0.14694
0.11057
0.02243
0.40197
0.16394
-0.02643
-0.11541
-0.39884
0.16398
-0.05225
-0.04773
-0.16286
0.01132
-0.54592
-0.04321
0.25442
-0.30694
-0.28671
-0.19172
-0.33664
-0.07813
-0.24319
-0.31397
-0.29866
0.07199
-0.12272
-0.29982
0.03339
-0.27458
0.21166
0.16602
-0.28064
0.09981
-0.13901
0.18706
-0.60272
-2.2281
-1.75469
-0.67699
-3.89496
-0.55832
-0.97801
-2.69501
-4.59244
-4.15751
-0.408
-1.36293
-4.14317
-1.7151
-3.53745
-4.15024
-1.18337
-1.36009
-0.84106
-1.28373
-4.26778
-5.79229
-2.19134
-3.60158
-3.52525
-1.01792
-4.55637
-2.96058
-2.47996
-2.87048
-1.99015
-2.06069
-2.53202
-3.65529
-1.69186
-2.61779
-2.22316
-1.89735
-4.97944
-0.91821
-1.97844
-2.69841
-1.23568
-0.74196
-0.84545
-2.29913
-5.26839
-2.47133
-1.00223
-3.69593
-0.85781
-1.36213
-2.51354
-2.4675
-1.36261
-2.66578
-2.78587
-3.25027
-1.91097
-2.14929
-0.35301
-6.20928
-1.01022
-2.93653
-3.23774
-0.54203
-2.0377
-1.04603
-3.47799
-0.4517
-3.2813
-2.16397
-1.70898
-5.95063
-2.51664
-1.00081
-1.92523
-1.47867
-0.38211
-1.12284
-1.62187
-3.09734
-2.62903
-2.20232
-0.50441
-1.02273
-2.99516
-5.63562
-1.33645
-2.59762
-0.66089
-1.90739
-0.87401
-1.2012
-2.20007
-3.825
-1.09048
-3.48415
-1.32686
-3.77183
-1.06755
-2.93264
-4.55233
-3.38681
-2.86709
-0.00015
-1.56473
-3.41222
-2.71709
-2.07554
-1.6856
-5.31844
-2.38346
-3.99799
-1.67274
-1.62559
-5.48083
-1.15857
-2.47618
-2.93418
-4.49643
-3.41657
-1.28575
-6.50812
-2.11407
-5.21436
-3.15378
-1.75598
-0.57464
-0.48226
-1.08239
-0.1787
-1.38803
-4.61714
-5.45856
0.0106
-1.59328
-1.00411
-4.17464
-1.34681
-1.27654
-2.18191
-2.63731
-0.54342
-1.39461
-2.42747
-3.81486
-3.0745
-1.53519
-0.41689
-1.23632
-2.20075
-3.13142
-1.23891
-0.5124
-3.49155
-2.13521
-2.02964
-2.74711
-2.99139
-3.23125
-2.26264
-3.31576
-1.38329
-3.13954
-0.3383
-3.993
-3.75076
-1.6545
-5.71709
-3.31015
-0.58854
-0.57284
-4.47175
-5.24161
-4.0364
-1.07303
-1.05566
-3.80809
-0.82107
-2.08252
-3.51511
-2.93171
-1.84858
-0.82974
-2.08411
-3.93424
-1.26973
-3.99373
-1.66861
-1.20267
-4.11924
-5.08758
-3.33176
-2.17663
-2.49839
-1.16558
-3.2698
-3.55805
-0.34081
-0.41449
-0.58921
-0.32604
-0.33067
-0.98876
-0.16088
0.01302
-0.0637
-0.85508
-0.01606
0.01199
0.17866
-0.68035
-0.5828
-0.46548
-1.09978
-0.40019
0.2316
-0.20915
-0.14179
0.06066
-0.89536
0.02477
-0.23594
-0.24288
-0.22654
-0.24735
-0.84518
-0.15993
-0.29879
-0.79164
-0.18055
0.07801
0.0444
-1.25728
0.01705
-0.58343
-0.38396
-0.57561
-1.12098
-0.02157
0.29871
-0.88332
-0.25185
-0.14216
-0.07316
-0.81775
0.10937
0.10579
-0.1456
-0.00874
-0.28628
-0.53642
-0.61902
-0.01418
-0.41588
-0.42102
-0.35599
-0.8115
0.31987
-0.56757
-0.38997
-0.19615
-0.35461
-0.92048
-0.27783
-0.1621
-0.31229
-0.50321
-0.35306
-0.19148
-0.21454
-0.02597
-0.37027
-0.09912
-0.07995
-0.3495
-0.08447
-0.85559
-0.74746
-0.01508
0.04423
-0.23341
0.43097
-0.33214
-0.21129
0.01496
-0.08141
-0.33772
-0.68259
-0.3815
-0.2742
-0.35632
-0.48385
-0.18199
0.04791
-0.51644
0.05066
-0.41425
-0.41896
-0.16332
-0.5527
-0.04002
-0.33313
0.22975
-0.46789
-0.11906
-0.36477
0.03546
-0.11097
-1.35007
-0.40536
-0.42152
-0.31093
-0.37394
-0.21855
-0.64414
-0.002
-0.15737
0.24516
-0.30601
-0.06915
0.3127
-55.5232
-4.44086
-53.3909
-51.8512
-7.10942
-35.1778
-15.9586
-18.0038
-56.2812
-65.5803
-56.5387
-16.1027
-8.90958
-2.92393
-14.3282
-5.26328
-18.6104
-6.16698
-13.6625
-12.9296
-11.2113
-3.61994
-14.0785
-18.6602
-16.0551
-3.51302
-18.7787
-4.36453
-60.416
-10.7369
-14.5375
-16.9289
-2.12542
-16.5959
-1.84636
-60.3336
-14.6477
-61.5651
-5.89333
-3.95408
-57.8337
-53.1789
-5.66549
-2.4141
-14.0159
-65.1011
-10.9689
-16.1139
-48.9913
-52.0532
-15.7675
-11.8707
-49.5724
-8.77488
-14.5407
-12.8661
-10.2217
-16.7335
-17.119
-58.4779
-1.89116
-6.50531
-14.8092
-11.7685
-15.9298
-6.48423
-12.35
-53.882
-3.49296
-4.49913
-6.22182
-5.56403
-11.6346
-60.0616
-11.1088
-12.3465
-11.6538
-15.9027
-47.3772
-16.8292
-70.836
-14.7411
-16.4585
-12.6166
-51.6468
-7.61897
-11.9379
-47.1472
-15.0143
-45.7291
-11.4361
-10.3866
-12.6163
-11.018
-9.35148
-5.34426
-48.4091
-49.5253
-2.81395
-17.6194
-12.9758
-15.8536
-17.5956
-17.1446
-47.3074
-17.0563
-2.80216
-3.27653
-17.7936
-19.3416
-14.9597
-4.00373
-3.95528
-5.0356
-56.8851
-61.609
-53.9265
-4.18587
-51.6074
-15.1458
-11.8911
-2.99334
-8.81888
-10.5311
-2.10364
-4.46878
-3.82053
-13.3996
-7.6619
-13.837
-47.8966
-61.2408
-61.6316
-13.3575
-11.8947
-13.0926
-1.93156
-14.9354
-2.03622
-16.5688
-8.55978
-44.0688
-17.6594
-58.4264
-14.9084
-52.615
-14.739
-14.5808
-16.6779
-5.66628
-36.3476
-12.9504
-10.8516
-3.04804
-4.72906
-10.3384
-54.5608
-9.85888
-71.6948
-56.796
-18.09
-13.2359
-10.4536
-58.959
-48.8694
-16.08
-2.90098
-4.53867
-10.1651
-14.0843
-55.0848
-11.885
-14.7173
-15.9428
-17.0235
-14.1947
-1.96004
-3.39489
-15.1505
-17.1353
-54.962
-5.61624
-13.4268
-55.873
-50.6186
-3.86158
-7.86155
-17.7977
-11.7204
-18.25
-16.6307
-12.1621
-17.461
-55.738
-47.9896
-3.57568
-1.36977
-17.5847
-5.17825
-50.0739
0.29035
0.48988
-0.19165
0.12684
-0.06397
-0.13101
-0.22356
-0.09675
-0.01977
-0.14548
0.13068
-0.21731
0.04727
0.04867
-0.27469
0.33123
0.13836
0.03533
0.03787
0.00409
0.15158
0.1398
-0.08262
0.12102
-0.12366
0.33919
-0.03932
-0.34728
0.30964
-0.35343
0.21797
0.11672
-0.10181
-0.16541
-0.10543
0.32249
0.05603
-0.12812
-0.17116
0.14248
-0.04306
-0.1433
-0.06083
-0.50006
-0.36058
0.0634
-0.1911
-0.02325
0.05948
-0.04299
0.41092
-0.2438
0.12916
-0.10271
0.28892
0.16328
0.29826
0.25196
0.11991
-0.03543
-0.00223
-0.21408
-0.09698
-0.30432
-0.16597
-0.09495
0.02845
0.02865
-0.00557
-0.26747
-0.17816
-0.56771
-0.14574
0.09581
0.15909
0.18851
-0.07864
-0.29589
-0.34094
-0.05861
-0.43404
-0.32939
-0.56989
0.08838
0.02012
0.61244
0.35016
-0.04119
0.06571
0.28897
0.08047
-0.21687
-0.45159
-0.10247
-0.05621
0.28174
-0.14246
-0.04121
-0.12585
-0.46333
-0.29789
0.07564
0.22183
-0.12193
0.21753
-0.14535
0.04104
-0.10756
-0.01813
-0.09746
0.17538
-0.31069
0.0633
-0.09542
-0.37897
-0.45905
-0.07197
0.04821
-0.39217
-0.13471
0.24974
0.02091
0.21296
0.10463
-0.23855
-0.18462
0.23223
-0.04236
0.04918
-0.10381
-0.09643
-0.27565
0.0469
0.10806
0.14273
-0.06483
0.01877
-0.07662
-8.91038
-19.8362
-2.50421
-1.98186
-1.59744
-3.0415
-3.29603
-5.2939
-10.2236
-3.95242
-3.49408
-1.56853
-1.47754
-5.90978
-0.81564
-10.1935
-3.97663
-1.82184
-10.9054
-3.61937
-51.3407
-3.43477
-22.1422
-2.36165
-12.5453
-1.61852
-1.88317
-3.43331
-21.7991
-4.35974
-8.25588
-0.71123
-2.5418
-6.64158
-4.34866
-53.1323
-20.3636
-8.10338
-3.67916
-17.5827
-11.0935
-2.3224
-33.0165
-10.6285
-1.99835
-3.26668
-36.3033
-4.01503
-4.67902
-35.1657
-0.82749
-1.25241
-1.97028
-14.5875
-29.1097
-6.42112
-28.1139
-0.82005
-19.7568
-0.87393
-5.89063
-8.23628
-4.69471
-2.35616
-18.0518
-15.9298
-14.2231
-3.03667
-5.8482
-5.42864
-22.9972
-38.5122
-5.56461
-2.366
-1.7237
-3.17112
-8.62278
-5.6927
-38.1795
-2.21466
-6.12463
-9.01438
-3.49103
-2.40146
-1.31105
-5.02654
-1.94066
-5.57129
-4.63738
-8.52638
-30.3248
-14.6234
-9.07338
-2.02251
-8.19408
-1.89862
-23.9486
-22.3893
-3.80097
-28.9371
-18.2069
-21.6376
-25.7647
-3.33633
-5.00336
-33.7321
-33.4729
-1.25192
-63.6801
-49.5804
-42.9509
-2.52701
-1.39059
-1.24679
-11.2227
-2.0163
-10.1126
-7.12208
-6.4264
-2.69559
-11.7523
-2.5087
-1.08469
-3.99038
-1.46617
-1.13425
-4.82731
-2.37349
-3.89017
-0.3353
-0.65211
-4.02905
-2.25464
-54.2872
-6.32145
-11.9128
-17.1988
-1.5466
-32.7007
-0.51072
-9.07378
-0.49585
-10.0249
-33.095
-3.30272
-3.10076
-9.67148
-20.2115
-11.5582
-13.3277
-32.7954
-6.05374
-1.42443
-24.3675
-45.5051
-3.44587
-48.1862
-6.99298
-3.67783
-4.17197
-2.13957
-23.4954
-2.91894
-5.46599
-7.45283
-29.6989
-2.14316
-42.3627
-29.0704
-1.33959
-3.19503
-7.37906
-25.0115
-1.57018
-50.4646
-4.15865
-1.98674
-30.2636
-1.96728
-16.5484
-12.3592
-50.9471
-1.11542
-2.12122
-13.0104
-6.69803
-8.95418
-6.48159
-1.7632
-37.7081
-15.6436
-2.95442
-26.5896
-3.02331
-23.4891
-46.0134
-14.8915
-7.03336
-8.19678
-5.90802
