-0.26103
0.04789
0.10382
-0.51391
0.17816
-0.19089
0.12764
-0.61769
0.30695
0.19645
0.89426
0.25873
-0.2144
0.11485
0.13854
-0.57806
-0.21125
-0.65266
0.15762
0.4022
-0.19573
-0.64811
0.27668
0.07664
0.27029
0.1487
0.15078
0.49158
0.2438
-0.1624
-0.08824
-0.58887
-0.12226
-0.02953
0.45922
0.02781
-0.07241
-0.42555
0.12418
0.38289
-0.10966
-0.22179
0.70276
0.26888
0.43969
0.89403
0.54401
0.34065
0.33366
0.07705
0.20619
0.16711
-0.4033
0.14439
0.291
-0.16648
0.32882
-0.0189
0.37362
0.59254
0.6396
0.2552
-0.50174
-0.35982
0.27161
-0.09196
0.40797
0.52725
-0.32852
-0.30028
0.4987
0.17922
-0.04637
0.12792
0.94941
-0.06929
0.33937
-0.66577
0.74949
0.22929
-0.3737
0.44298
-0.14862
0.20222
0.04803
1.07027
0.83856
-0.2117
0.51502
0.1149
-0.27897
0.07719
-0.12456
0.43766
0.05276
-0.27394
0.06173
-0.12417
0.35027
0.19244
-0.53129
-0.39841
-0.4514
-0.55513
-0.26307
-0.03853
-0.37265
-0.09545
-0.33358
0.27941
-0.69897
-0.15938
0.49132
-0.00618
-0.46588
1.01591
-0.51169
0.12169
-0.37183
-0.01663
-0.17811
0.40513
-0.60245
-0.89182
-0.16765
0.2417
0.31172
-0.27249
-0.10973
-0.25497
-0.41826
-0.41178
-0.2187
-0.28929
0.84089
0.06846
0.05304
-0.88593
-0.20313
-7.12283
-0.19214
-0.45476
0.22976
-0.18177
-0.28533
0.71835
0.17552
-5.13123
-1.96112
-4.02423
-3.28883
-2.28745
-5.02443
-3.44583
-4.11933
-2.08049
-3.89663
-1.21606
-2.26123
-3.33143
-3.08253
-1.57604
-2.32189
-3.03773
-2.7268
-1.96928
-1.89821
-2.81153
-4.60093
-4.19503
-2.16116
-2.84734
-2.62655
-2.95643
-2.73805
-2.61413
-5.12863
-4.16453
-3.28833
-2.49426
-3.10503
-1.66616
-2.06993
-2.29086
-2.41601
-3.54763
-2.83793
-1.92052
-1.67647
-4.84553
-2.68085
-2.55142
-3.15193
-3.38883
-2.46391
-3.31663
-2.23847
-1.88034
-5.88483
-2.28653
-3.27393
-3.16043
-2.45282
-1.76289
-3.44863
-2.04454
-5.43003
-2.62563
-2.37652
-2.70251
-2.12549
-2.49216
-3.54473
-0.7328
-3.48543
-2.25659
-3.17813
-2.46464
-1.23661
-3.97013
-2.94703
-1.61432
-2.78592
-3.05403
-3.84813
-1.36412
-3.31073
-1.71447
-4.26703
-3.33953
-1.26203
-0.80053
-3.93183
-5.08303
-2.27605
-3.31293
-2.59692
-0.85301
-4.20493
-1.22925
-0.9399
-1.66586
-2.57558
-1.51872
-2.03379
-2.79402
-2.73568
-3.95643
-3.07723
-3.67223
-1.79633
-3.23153
-2.19867
-2.30992
-2.18883
-1.99372
-3.26613
-0.72429
-2.00427
-0.94131
-2.74891
-3.20293
-1.94997
-2.89622
-2.69185
-3.05263
-2.95653
-2.7128
-1.71625
-4.12613
-3.19113
-2.01398
-2.15941
-2.03277
-2.30947
-1.95534
-1.43103
-2.76481
-2.95163
-3.38043
-2.80327
-1.89147
-3.43053
-1.99664
-1.7551
-4.59123
-2.60999
-0.17434
-2.22632
-3.22143
-2.4698
-0.36085
-5.36833
-1.85864
-2.65366
-2.235
-3.30983
-2.6986
-3.31553
-1.38051
-4.00763
-2.38522
-3.63373
-2.31859
-3.74293
-4.30293
-4.51173
-2.8798
-0.78154
-0.9187
-3.64153
-6.30543
-2.37964
-2.88666
-4.44893
-3.42483
-4.74533
-3.47163
-1.25456
-2.41807
-1.06414
-1.83792
-3.30143
-3.50163
-2.57094
-3.47193
-2.05769
-3.77883
-2.86274
-2.78563
-6.46433
-2.39816
-3.56913
-2.63466
-0.59415
-1.4463
-3.33203
-2.04188
-2.37981
-2.74839
-3.12773
0.01481
-2.79592
-2.45544
-3.74033
-2.2085
-1.55159
-0.04624
0.02798
-0.48875
-1.17783
-0.34999
0.04513
0.10753
-0.5228
-0.10145
-0.23745
0.09568
-0.06732
-0.727
-0.00951
0.34391
0.30818
-0.25184
0.45372
0.08497
-0.00264
-0.09785
0.10687
-0.17321
-0.10108
-0.34901
0.26031
-0.82392
0.36638
-0.67682
-0.26849
-0.61127
0.39037
-0.29636
0.28903
0.08082
-0.09814
-0.28757
-0.0402
-0.02442
-0.1637
0.37573
0.05475
-0.61061
0.0148
0.49615
-0.3722
0.60375
-0.17623
-0.12395
0.08845
-0.72247
-0.151
-0.18152
-0.44606
-0.5232
-0.28296
-0.51043
0.13094
-0.38539
-0.86274
0.43328
0.29157
0.1041
-0.40733
0.64957
0.40723
-0.42597
0.44857
0.02314
-0.48083
-0.79053
-0.49035
-0.94426
-0.10979
0.0537
-0.20222
0.01292
-0.1191
-0.59617
-0.55085
0.07918
0.13591
0.00829
-0.22738
0.03074
-0.30095
-0.3131
-0.4821
0.1679
-0.10272
-0.44078
0.08553
0.15735
0.16654
-0.51831
-0.31194
-1.11044
0.06336
-1.02811
-0.36201
-0.00393
0.21949
-0.6866
0.13343
0.29981
0.31712
-0.20755
-0.18663
0.14259
-0.10355
-0.32022
0.01197
-0.77778
0.75578
-0.16573
-0.1251
0.26487
-0.35391
-0.80617
-4.29333
-2.27245
-4.58773
-3.05573
-3.19953
-1.09833
-3.35543
-2.3145
-3.27933
-3.35443
-1.75517
-1.65418
-3.71923
-1.66251
-2.23489
-3.89773
-2.33857
-3.43333
-3.31963
-4.13613
-2.27227
-1.98239
-3.45963
-4.00163
-3.40203
-1.90113
-2.1135
-2.64553
-2.47089
-2.26144
-2.23137
-1.66097
-3.82963
-2.84792
-4.06613
-2.72487
-2.73406
-3.29143
-2.4294
-2.75157
-1.64247
-3.10273
-2.07647
-2.43451
-2.67346
-2.68475
-2.18435
-1.42568
-2.62795
-4.46333
-4.18743
-3.06723
-3.36503
-1.56081
-1.7594
-2.67615
-2.33206
-3.80573
-2.61873
-2.27111
-1.59047
-1.59921
-2.13283
-2.52739
-2.76455
-3.27043
-2.16688
-2.58025
-2.67249
-2.48761
-2.48017
-3.60473
-1.84184
-3.34303
-1.53162
-2.64204
-2.86407
-1.325
-2.71942
-3.09923
-4.52853
-1.4324
-1.94886
-2.78793
-3.74323
-3.43643
-2.25492
-2.52365
-2.25751
-2.74528
-2.50942
-2.71847
-2.79825
-2.20322
-4.54483
-2.27831
-1.15773
-3.66063
-3.13393
-3.14023
-2.97563
-2.85535
-2.88426
-4.46833
-2.84123
-3.65643
-2.6947
-3.94793
-3.53213
-3.89023
-2.28164
-1.56353
-2.90016
-4.91413
-2.54946
-3.10123
-3.09253
-1.98293
-2.38294
-2.34148
-2.74984
-3.36653
-2.72735
-3.59263
-2.84502
-2.00972
-2.44615
-0.09802
-2.28811
-1.58638
-2.76372
-2.09012
-1.13467
-3.17023
-3.48533
-2.73934
-2.7531
-4.16933
-1.92696
-0.36101
-2.69362
-2.39949
-1.92574
-3.95993
-1.92635
-2.80864
-1.93064
-2.85739
-4.38733
-3.51153
-3.06913
-3.36003
-3.00353
-1.22856
-1.92231
-3.50693
-1.44851
-2.33505
-3.24383
-2.55621
-3.80113
-3.72923
-3.04123
-2.83295
-2.53306
-2.87794
-2.11156
-2.12859
-1.2893
-4.54593
-4.42483
-3.30973
-2.27657
-2.41587
-1.50615
-3.25903
-3.21783
-3.31283
-3.22053
-3.53823
-2.8439
-3.96533
-2.73754
-2.66036
-2.62896
-0.32332
-2.4904
-2.56549
-1.9101
-2.1262
-2.35517
-2.66237
-1.35151
-3.70703
-1.42733
-2.33953
-2.44524
-2.25766
-1.3022
-1.16262
0.18563
-0.27255
-0.08104
-1.6139
0.31047
0.47433
-0.146
0.20997
-0.44121
-0.05519
-0.13855
-0.74256
0.01236
-0.78821
0.15451
0.16517
0.18218
0.2658
0.7051
0.21944
0.29948
0.02371
-0.8798
0.37071
0.33321
-0.59486
0.37524
0.12332
0.23037
-0.4256
0.27682
0.37878
-0.08758
0.21032
-0.13051
-0.65197
0.01293
-0.23302
0.50257
-0.33903
0.03405
0.44586
0.057
-0.52212
0.74258
0.49004
0.34817
-1.08558
-1.64637
0.09024
-4.15193
-0.24186
0.24448
0.24628
-0.44151
-0.41545
0.80023
-0.30952
-1.03484
-1.62796
-0.26271
0.78429
0.3028
-0.89088
-0.90927
0.33089
1.01353
-0.49463
0.45564
0.33468
-0.86116
-0.30134
0.19526
-0.20846
0.25745
-0.4426
-0.58199
0.33022
0.09342
0.04445
0.05526
0.18899
0.42772
-1.16575
-0.13742
0.37834
-0.4271
0.51758
0.40427
0.20161
-0.03455
0.26824
0.28801
-0.68188
0.49272
-0.00732
-0.50854
-0.42954
-0.47008
-1.53436
0.56675
0.57617
-0.3444
0.50472
0.25784
0.24784
-0.27938
0.38054
-0.52108
0.17552
0.01173
0.22842
-0.85684
-0.34987
0.32859
-0.05299
-0.01631
0.03541
0.19407
-0.0197
-2.52657
-0.10878
-0.14135
-0.06054
-0.586
-0.61856
0.5354
-0.29092
0.29747
-0.42592
0.1609
0.0054
-0.6303
0.12939
-0.50603
-0.20713
-0.01883
0.00989
0.04817
0.38493
0.03431
0.47513
0.11757
0.18741
-0.28005
0.52445
-0.23248
-0.29893
-0.09748
0.64688
0.79543
0.32429
-0.10666
-0.1
-0.30298
-0.65116
0.28343
-0.17748
0.01216
-0.5316
0.82385
-0.36347
-0.15025
0.20156
-0.20436
0.14766
0.41139
-0.10317
0.65599
-0.30264
-0.06406
-0.13762
-0.31554
-0.26802
0.00476
0.0805
-0.63498
0.19117
0.40086
-0.27631
0.75954
-0.99321
-0.29403
0.1416
-0.01976
0.21823
-0.46287
0.6024
-38.9836
-62.7514
-53.8977
-40.4537
-68.7411
-46.9531
-52.6152
-61.08
-63.6334
-30.1531
-60.5325
-53.7498
-58.0897
-21.192
-48.604
-63.0758
-61.8686
-53.9635
-37.2404
-54.6967
-58.9943
-54.2246
-31.8791
-52.1199
-51.1482
-17.3766
-78.7794
-46.2297
-32.8315
-42.5272
-56.4342
-62.9536
-41.6488
-4.06023
-35.4038
-51.4618
-51.4806
-23.6123
-63.9406
-4.47693
-17.3519
-53.9929
-1.50542
-48.3356
-44.9558
-65.2244
-40.8426
-15.2903
-3.38213
-3.91583
-64.614
-64.2622
-21.1976
-63.4111
-53.994
-53.0052
-45.3871
-33.6939
-68.5481
-58.6876
-34.1894
-37.6614
-43.8042
-53.6146
-49.0848
-47.0485
-58.4193
-27.398
-20.7388
-21.3973
-56.4018
-52.3619
-18.9491
-63.7102
-49.8204
-51.2497
-58.2021
-25.9553
-68.6273
-55.0354
-42.8204
-51.2392
-49.9617
-62.2165
-2.35884
-35.8487
-42.9366
-26.3911
-41.8446
-58.2553
-59.2273
-11.0497
-45.9994
-53.4098
-54.5985
-41.7768
-21.6814
-38.7299
-49.1431
-48.8664
-59.95
-47.5577
-4.25913
-46.6293
-40.7097
-50.1744
-49.2727
-56.5236
-41.5681
-19.5599
-78.816
-67.9859
-64.0331
-52.6308
-18.637
-61.5938
-58.0003
-66.3828
-54.6754
-2.47097
-3.22663
-60.3894
-47.7887
-36.191
-50.1427
-44.7811
-12.9575
-4.58963
-35.7056
-40.7015
-66.4052
-29.9175
-75.2065
-19.6518
-53.3194
-64.7485
-61.6364
-46.0645
-33.7207
-22.6137
-41.6595
-70.3977
-50.9528
-50.1762
-45.2286
-3.15543
-25.8766
-56.6371
-46.7462
-40.7729
-45.4193
-34.4832
-24.7837
-56.4529
-60.3892
-49.507
-54.0418
-3.08303
-64.5071
-58.7516
-40.9248
-63.1434
-34.8971
-65.0644
-49.2756
-49.652
-45.6868
-139.078
-35.9886
-55.6456
-39.4647
-50.4639
-1.21561
-41.0916
-22.5667
-37.351
-62.3771
-25.3764
-34.4767
-63.3057
-54.9901
-35.8901
-21.9139
-49.0872
-59.6667
-55.2621
-69.5599
-52.1293
-87.1764
-18.7747
-53.7271
-56.6829
-62.4021
-40.5493
-34.3624
-59.1283
-52.5268
-62.9428
-39.5995
-60.1803
-0.84147
-0.04085
0.51061
-0.1317
-0.19288
-0.00898
-0.1466
-0.05435
-0.17476
0.07048
-0.94976
-0.03906
-0.90335
-0.10547
0.09759
-0.10678
-0.15831
0.4155
-0.67553
0.14432
-0.35513
-0.48838
-0.78456
-0.64165
0.27551
-0.27442
-0.31897
-0.18029
-0.36967
0.21146
0.0655
-0.05857
-0.57741
-0.69256
0.24622
-0.0704
0.07624
0.13261
0.41193
-0.44761
-0.02109
-0.20144
0.09086
0.29808
-0.25807
-0.69574
0.628
-0.25737
0.08912
-0.42806
-0.33701
-0.40196
0.27457
-0.31063
0.21671
-0.00302
-0.33365
-0.08025
-0.19404
-0.4929
0.03706
-0.38012
-0.52381
0.7458
-0.59686
0.13148
-0.80172
-0.48054
0.55609
-0.05616
-0.34568
-0.0458
-0.29114
0.06411
-0.33626
-0.40824
0.32013
-0.95859
-0.40568
-0.2555
0.16312
-0.80682
0.34593
0.15782
-0.56182
0.1598
0.49568
0.49231
0.15422
-0.54576
-0.14838
0.04629
0.28709
-1.28777
-0.69181
-1.14292
-0.67691
-0.68923
-0.11181
0.38933
-0.3814
-0.23491
-0.04962
-0.20213
-0.24646
-0.63017
-0.35168
0.15722
-0.1675
0.24528
0.43045
-0.38552
-0.07106
0.27287
0.43054
0.34303
-0.16938
-0.2528
-1.01968
0.08092
0.02685
0.4707
0.01719
-0.38328
-0.11179
-0.59945
0.29519
-0.55977
-0.0567
-0.16227
0.03505
0.60035
0.34321
0.01016
-0.04269
-0.08599
-0.20152
-0.93736
0.16842
-0.31143
-0.31564
-0.33309
-0.85684
0.42673
0.41326
-0.30467
-0.39379
0.82538
0.37869
-0.10935
0.57707
-0.93756
-0.7202
0.16205
0.05324
-0.31453
0.12598
-0.36009
0.36941
0.06271
-0.40566
-0.0349
0.18847
-0.54218
-0.29478
-0.19001
-0.3654
-0.49269
0.33417
0.35786
-0.78386
0.23863
0.17145
0.26533
-0.49903
-0.21596
0.0672
0.36056
0.08831
-0.219
-0.28085
0.03372
-0.10655
-0.9086
0.04526
-0.70071
-20.9236
-5.92583
-7.35433
-8.62643
-9.22163
-7.15553
-2.84394
-43.9672
-8.79463
-3.16283
-4.96143
-10.2245
-4.87523
-12.4586
-8.61023
-23.887
-2.92714
-8.89643
-21.5164
-14.4306
-8.36483
-8.76773
-32.7567
-8.84613
-4.06813
-8.89943
-6.26593
-22.5154
-11.6783
-2.08805
-5.42763
-17.5338
-6.32733
-10.9574
-10.6961
-5.90083
-3.96773
-7.61873
-7.71093
-3.51663
-18.4217
-9.01513
-10.9399
-8.25273
-20.4407
-6.29003
-13.7105
-6.23503
-3.93163
-12.8853
-8.53623
-6.75063
-7.96323
-7.05923
-9.54263
-17.1616
-14.5431
-28.0322
-11.0082
-13.8753
-20.3284
-9.24113
-7.04133
-4.77173
-4.78593
-3.75463
-7.74163
-9.30833
-6.22213
-24.3108
-8.84743
-9.62553
-22.5191
-13.8123
-5.94493
-8.48003
-26.7635
-22.8146
-4.24933
-23.4676
-4.41413
-6.73233
-4.00023
-10.2011
-1.12132
-13.8231
-6.40053
-8.82433
-37.7947
-4.81943
-10.7231
-4.07773
-7.09443
-6.70343
-5.84873
-11.9601
-4.62063
-3.41203
-7.06713
-4.32953
-16.5728
-9.54123
-11.4483
-6.17493
-4.51273
-5.10543
-20.6766
-21.1894
-5.00723
-13.8961
-2.52887
-8.50343
-13.0874
-29.0791
-19.9869
-5.76583
-7.06193
-14.5021
-14.2677
-26.3152
-0.73898
-24.8507
-10.3184
-5.31363
-3.83463
-3.88613
-9.19363
-11.1141
-18.9657
-17.7008
-8.13213
-4.93453
-6.37923
-36.999
-6.30393
-20.6855
-4.84093
-5.34793
-6.40903
-7.32963
-11.1429
-9.86963
-14.5644
-3.07893
-3.50073
-9.37783
-7.89793
-7.62543
-8.60713
-5.08983
-1.81469
-9.73933
-5.25113
-6.28123
-8.16733
-20.6034
-5.31613
-16.863
-20.9555
-9.99403
-37.3293
-40.4936
-12.7233
-4.81893
-9.98193
-8.29373
-3.62333
-13.6341
-10.5154
-22.3657
-11.8865
-4.92003
-5.56113
-10.8999
-12.9297
-8.87793
-6.89083
-21.8502
-25.5463
-13.4481
-26.6867
-14.798
-11.886
-15.3287
-12.9802
-8.25483
-21.0273
-9.42583
-16.9825
-3.58963
-14.6294
-6.68513
-16.5564
-24.8554
-3.23123
-20.1536
-3.00223
-26.3076
-21.2218
-15.3293
-0.29262
-0.05918
0.12098
-0.05613
0.51093
0.20565
0.45543
0.09387
-0.59519
0.34362
0.12674
-0.42597
0.35169
-0.93171
0.01477
0.51654
-0.6594
-0.54793
0.60874
0.60402
0.19999
0.58721
-0.02164
0.02565
-0.44146
0.24649
0.05586
0.08208
-0.90953
-0.28719
0.3571
-0.74869
0.21216
-0.71506
0.12908
0.21369
-0.8678
-0.68775
-0.20128
-0.37389
-0.67098
-0.10972
0.34871
-0.42141
0.11201
0.0442
-0.26116
-0.55395
0.04507
-0.41176
0.35058
-0.20798
-0.14498
-0.31413
-0.20349
-0.58788
-0.13843
-0.17729
-0.29858
-0.06504
-1.06445
0.5051
-0.29971
-0.35723
-0.34112
-0.75874
-0.52156
-0.15266
0.34707
-0.09093
0.09317
0.02279
-1.18974
-0.16333
-0.19186
0.5443
-0.42828
-0.44861
-0.08771
-0.62018
0.15498
0.39657
-0.43851
-0.26787
-0.22581
-0.06374
-0.42889
0.02536
-0.71368
0.64969
-1.54192
-0.40965
-0.41213
-0.31582
-0.4134
0.19872
0.02822
0.03729
-0.18823
0.17423
0.35697
-0.04812
-0.27603
0.28745
-0.96914
-0.01154
-0.43993
-0.28943
-0.30903
0.28883
-0.02817
-0.53866
0.00369
0.18612
-0.77316
-0.18844
-0.63612
-0.10342
0.09664
-3.73693
-2.30794
-1.50302
-2.30468
-2.03818
-2.18648
-3.76633
-3.80723
-1.85178
-2.63749
-3.13663
-2.84303
-2.40153
-3.39923
-0.96512
-1.43163
-1.75788
-3.32833
-2.18893
-2.90551
-2.89022
-1.23746
-2.15012
-1.84433
-1.38914
-3.92133
-1.60284
-2.23067
-1.5491
-2.44397
-1.57607
-1.12762
-2.22819
-3.99663
-0.65161
-1.84304
-1.51147
-2.82845
-2.93643
-3.46863
-2.81572
-2.49044
-2.34319
-1.9929
-3.39523
-3.41443
-1.54679
-3.20063
-4.37973
-2.39386
-1.24815
-2.86129
-3.51433
-1.44042
-2.48613
-2.05419
-1.77993
-2.37984
-3.02043
-2.49085
-1.96483
-2.82345
-1.25578
-2.67211
-1.81877
-1.89527
-1.66653
-1.48349
-0.92826
-0.83655
-3.37043
-2.32598
-0.99542
-1.84779
-3.28813
-2.93393
-2.26735
-1.3425
-1.51023
-3.98483
-2.6656
-3.90203
-2.59739
-2.56754
-2.05682
-2.95633
-3.60903
-4.12433
-1.90336
-2.76161
-1.93897
-2.26957
-3.03173
-2.93413
-2.44209
-0.73812
-3.26623
-1.90902
-2.56503
-1.8259
-1.93342
-1.84122
-4.14473
-1.32917
-2.85697
-1.38839
-2.29921
-2.72288
-2.43224
-1.45075
-2.18466
-1.84018
-1.23151
-1.00396
-2.40706
-3.21003
-2.96303
-2.42029
-2.22339
-2.10781
-1.26991
-2.46964
-1.55982
-2.69805
-2.6738
-3.95573
-2.4393
-2.42163
-4.29983
-3.02233
-1.25551
-2.32498
-1.55114
-3.18963
-1.80791
-0.77814
-2.65316
-1.73211
-3.43323
-0.75963
-2.79676
-4.24413
-1.19979
-2.46954
-2.93393
-3.54653
-0.89158
-2.78838
-2.58855
-1.92567
-1.71205
-1.30489
-3.32353
-2.49347
-2.68107
-2.24729
-0.85869
-4.68733
-2.50867
-2.04309
-1.7721
-3.37033
-3.31723
-2.21143
-1.39424
-4.75233
-2.59919
-2.02984
-2.60597
-2.91961
-1.67761
-1.9903
-2.36353
-2.44292
-2.98793
-3.52843
-2.76541
-2.26829
-3.90843
-3.00203
-2.1668
-4.02253
-2.83639
-2.58152
-3.32773
-4.20553
-1.65777
-3.02493
-2.21562
-2.92471
-1.52284
-2.50111
-1.87328
-3.08183
-1.059
-1.30462
-2.62345
-2.75382
-1.84835
-2.4194
0.5771
-0.24874
-0.42122
0.30221
-0.39781
-0.45224
0.37432
-0.13206
-0.17143
-0.14097
-0.44554
-0.24343
-0.26295
0.05148
0.12449
-0.15744
-0.62636
0.468
-0.44846
-0.73676
-0.26203
0.90059
-0.7018
-0.58183
0.67072
-0.0797
-0.165
-0.08959
-0.39669
-1.07104
-0.17494
0.43805
0.19407
-0.18931
-0.84358
0.07844
-0.44661
-0.35935
0.00034
0.88182
-0.30764
-0.52725
-0.2177
0.22647
-0.41814
0.00119
-0.53294
-0.17456
0.06196
-0.8767
0.30662
0.05321
0.07579
-0.16101
-0.13041
0.08397
0.30003
0.11959
0.01835
-0.62553
0.33761
0.17864
-0.21684
-0.4357
-0.39928
-0.33139
0.3173
0.21871
-0.10336
0.26478
-0.24849
-0.14946
-0.10103
-0.26093
-0.11052
-0.88226
0.24802
0.2402
0.05289
-0.58297
-0.94879
-0.1662
0.18483
-0.17636
-0.41081
-0.42699
-2.04451
-1.12891
-2.52916
-2.64596
-3.47523
-2.35073
-2.18766
-3.76463
-2.95263
-3.86783
-1.39761
-1.86939
-1.36617
-2.40487
-1.53546
-2.17566
-2.66631
-2.86077
-2.56247
-3.18273
-2.15047
-1.7131
-2.07519
-2.4244
-4.46033
-2.06328
-1.78558
-2.81022
-1.52291
-2.75186
-1.95509
-2.10057
-1.98289
-2.16403
-1.29979
-2.54147
-3.71523
-2.69666
-1.79714
-2.19392
-2.52769
-1.38938
-2.32462
-1.70509
-2.19078
-3.86903
-2.61819
-2.09878
-2.47701
-1.56425
-3.43983
-1.78479
-1.85279
-2.28713
-1.34147
-2.20201
-2.47813
-2.43753
-3.34363
-3.19223
-3.20693
-1.83142
-0.60253
-3.01573
-2.22421
-1.89376
-1.95425
-2.37236
-1.51636
-1.72182
-2.43699
-2.17445
-2.02711
-2.45646
-2.15006
-2.80463
-2.40883
-1.14526
-3.12553
-2.74146
-2.55273
-2.45774
-0.86746
-1.6465
-2.35381
-3.25403
-1.66019
-3.00053
-2.18388
-2.36628
-2.15895
-1.9194
-1.61781
-3.02653
-0.52378
-3.05993
-2.48194
-1.6477
-2.55332
-1.50939
-2.74468
-2.94993
-2.40417
-2.83743
-1.18077
-1.62065
-2.55945
-3.57053
-1.6758
-2.8737
-3.12373
-2.3548
-1.95399
-3.11353
-2.31332
-2.18563
-2.72272
-1.33627
-2.87673
-2.62645
-2.91086
-0.71339
-2.72534
-3.47013
-2.0632
-3.22403
-2.69832
-3.21163
-1.59222
-2.81286
-2.10989
-2.95433
-2.51422
-2.39211
-2.52008
-3.70753
-1.14135
-2.33553
-2.04553
-2.20971
-1.90389
-2.30827
-1.87156
-1.43148
-1.10829
-2.31664
-2.31174
-2.24862
-1.52886
-1.79901
-2.22293
-2.39391
-1.20778
-2.58224
-2.57866
-3.01763
-2.66474
-2.55215
-2.57336
-1.79058
-2.4946
-2.92274
-2.67702
-3.69023
-2.07447
-2.21443
-1.3694
-2.02203
-1.89442
-2.92795
-3.78713
-2.19063
-1.91117
-0.72679
-2.39035
-1.95151
-2.13388
-2.20849
-2.90061
-3.23443
-3.42253
-2.1746
-0.85915
-1.8968
-2.78913
-1.54553
-3.16823
-2.92058
-1.8441
-1.937
-1.64089
-2.18057
-0.23894
-0.07071
0.14214
0.36471
-0.13802
-0.72265
-0.08328
-0.96727
-0.29905
-0.33035
0.43035
0.29813
-0.40785
-0.28178
-0.08123
0.26744
-0.39866
-0.52818
-0.20666
0.22279
0.14732
0.2414
-0.5818
-0.38337
0.60537
-0.20999
0.22038
0.12782
-0.15477
0.18897
-0.35364
0.01978
0.12849
0.28774
-0.45653
0.46801
-0.32271
0.67153
0.05598
-0.09794
-0.10267
0.33528
-0.49092
-0.42917
-0.03554
0.28484
0.09353
0.20714
-0.68334
0.52209
0.38067
0.55453
0.38336
-0.01301
-0.12952
-0.45464
-0.13495
0.03317
0.22731
0.21326
0.25343
-0.67306
0.04492
0.1411
-0.46265
0.20355
0.59455
0.36188
0.14364
0.34669
0.20764
-1.12856
-0.19401
-0.76902
0.0614
-0.0345
-0.03422
-0.10523
0.17196
0.09057
0.57579
-0.34875
-0.32251
0.02815
0.06501
-0.32033
-0.25715
-0.35001
0.73517
0.64363
-0.4088
0.01467
0.3795
0.13626
-0.05435
0.44085
0.61339
0.03388
-0.4796
0.39103
-0.01451
0.01632
0.6405
-0.48747
0.33247
-0.68077
0.52971
-0.38084
0.57931
0.04183
1.0531
-0.00254
-0.15108
-0.44625
-0.09434
0.16755
-0.92486
0.41277
0.13364
0.41468
0.60776
-0.42195
-0.84067
-0.78596
0.34806
-0.20328
0.21574
0.21454
-0.03708
0.35861
0.40111
-0.55686
0.24733
0.49386
-0.19858
0.44872
-0.03107
-0.49087
-0.28774
0.45316
-0.09578
0.05929
0.02363
-0.19904
0.68101
0.3289
-0.34229
0.71376
-0.11562
-0.24658
0.90856
-0.30888
0.38654
0.23692
-0.31201
0.46977
0.25764
0.40008
0.08576
0.36349
-0.33625
0.02562
0.02767
0.3889
0.28156
0.15835
0.86878
0.55549
0.31038
-0.1191
-0.28027
0.30235
0.0454
0.1678
-0.06927
0.39488
1.17938
0.29031
0.38796
-0.03727
-0.47152
-0.41004
0.01218
0.48069
-0.4235
-0.40103
0.74805
-24.9073
-20.315
-9.32993
-16.3937
-3.11863
-12.337
-34.9331
-3.27553
-24.1582
-45.4087
-21.8732
-55.8061
-51.547
-13.9905
-33.1086
-4.74563
-44.7783
-35.0219
-16.3867
-38.1679
-30.2041
-53.2981
-10.3251
-45.7164
-4.09263
-3.76913
-43.4305
-2.61887
-49.2446
-57.4693
-22.4775
-20.3709
-59.3714
-46.2213
-3.77743
-1.56905
-57.4303
-50.3102
-61.9972
-22.4532
-49.6133
-18.6971
-60.719
-58.2548
-3.13633
-51.6083
-20.1902
-30.3246
-1.91038
-56.9448
-35.3231
-44.6057
-33.5898
-36.0299
-2.66915
-43.2359
-30.5173
-44.8709
-4.47173
-4.30783
-17.1268
-3.14893
-3.65203
-45.6411
-33.7316
-3.12613
-14.9205
-48.1413
-27.7441
-16.2713
-56.0351
-3.54243
-50.645
-18.1294
-37.9598
-29.0206
-57.8354
-41.0881
-46.3557
-3.59313
-49.358
-14.7897
-39.5804
-27.2876
-17.4129
-25.5513
-16.862
-2.48669
-15.7882
-47.9574
-11.8682
-56.7761
-40.0729
-3.86283
-33.7137
-15.2892
-9.95133
-61.1379
-1.81575
-23.765
-3.53153
-21.4417
-2.40033
-42.9467
-29.3355
-2.55179
-51.7037
-17.3379
-12.9631
-20.4146
-10.7021
-25.2279
-2.8049
-3.78153
-57.8319
-40.7786
-53.0225
-2.69566
-33.4675
-27.6922
-56.532
-3.56333
-57.7043
-2.98963
-20.1009
-1.79534
-55.4342
-2.5845
-20.996
-43.8229
-3.27573
-37.0658
-34.7563
-15.484
-50.7947
-43.8541
-42.0707
-2.09876
-1.94626
-28.434
-13.5906
-55.9578
-42.4127
-2.44202
-31.9178
-20.8303
-47.5089
-58.6179
-17.7436
-2.13765
-2.31714
-20.3124
-23.717
-38.826
-34.8393
-30.1469
-42.846
-43.8827
-38.1272
-3.56523
-24.53
-2.20186
-3.58513
-13.1121
-2.63082
-27.9851
-61.7331
-42.2487
-16.5268
-2.29029
-27.1946
-20.1786
-38.8675
-33.3403
-37.7513
-1.5034
-34.8202
-2.62089
-34.3978
-50.6016
-21.6212
-21.7683
-51.6954
-34.4398
-3.28153
-47.246
-40.77
-49.2018
-31.8526
-19.6202
-51.439
-44.0141
-19.8735
-51.3552
-2.22786
-41.0392
-49.9676
-2.07132
-43.6446
-1.85862
-0.30257
-0.48701
-0.28523
0.35945
-0.15665
-0.55619
0.28956
-0.47443
0.14354
-0.45096
-0.04061
0.0103
-0.44985
-0.11777
0.21778
-0.28547
-0.03883
0.16522
-0.2372
0.02417
0.03001
-0.68022
-0.26358
0.58931
0.14102
-0.46629
-0.04875
0.20221
0.20136
-0.40981
-0.22956
-0.85558
-0.70919
-0.06553
0.36581
-0.18217
-0.42139
-0.15149
-0.14437
-0.80625
0.20744
-0.13044
-1.05989
-0.17087
-0.83022
-0.26154
0.49945
0.32844
-0.09875
-0.38102
-0.80655
-0.03706
-0.09951
0.62526
-0.16795
-0.06303
-0.44023
-0.18598
-0.20318
-0.08824
0.03001
-0.82366
0.4309
0.29512
0.01903
0.14252
0.43865
-0.2736
-0.50108
-0.19558
-0.11568
-0.22778
0.00992
0.08246
0.29002
-0.51965
-0.75519
-0.07663
-0.80878
-0.08851
-0.62171
-0.02492
0.17884
0.07186
0.2951
0.33488
-0.25837
-0.55523
0.00468
-0.5314
-0.21957
-0.10255
-0.00879
0.14532
0.05603
-0.29427
0.1285
-0.02791
-0.00424
0.57051
0.35514
-0.1308
-0.53734
-0.9804
-0.78096
-0.32659
0.22305
0.06059
-0.38759
-0.04937
-0.01095
0.21175
-0.0203
0.48835
0.12935
0.91784
0.26684
0.12129
-0.10205
-0.96246
0.22667
0.02104
-0.14005
-0.76601
-0.01228
-0.41134
0.78849
-0.49816
-0.5759
0.60223
0.01505
-0.43141
-0.18168
-0.06953
-0.46733
-0.18869
-0.68801
-0.40383
-0.72152
-0.13363
-0.09863
0.17719
0.12637
-0.72557
-0.33391
-0.76421
-0.6233
0.14032
0.33068
0.18832
0.36574
-0.13944
0.07508
-0.22013
0.36422
-0.52031
0.16954
0.03621
-0.06416
-0.2014
-0.72622
-0.41637
-0.17038
-0.56495
0.31919
0.40044
-0.39091
0.01476
0.24896
0.00393
0.31183
-0.37867
-0.35827
0.3306
0.14973
-0.29249
-0.41899
-0.38806
-0.14132
-0.48524
-0.45055
-3.80973
-5.99003
-4.15123
-45.6143
-6.07793
-9.91813
-4.82723
-5.57403
-7.07873
-4.56903
-6.94433
-22.1824
-9.72133
-5.18143
-9.43923
-10.06
-12.303
-10.1247
-5.25273
-1.61793
-7.99863
-4.92693
-5.91973
-4.90793
-5.53163
-32.3941
-7.81663
-7.93893
-13.1069
-9.97433
-15.5219
-2.60382
-6.44973
-4.41113
-7.56683
-7.38363
-7.38673
-19.6995
-1.27892
-4.66553
-7.68343
-6.73643
-6.03483
-9.94153
-5.22033
-6.76363
-8.66723
-10.4746
-5.05033
-12.5024
-4.46223
-6.56083
-6.28073
-5.33363
-13.03
-10.4496
-18.8597
-19.2614
-7.09123
-4.21923
-3.93083
-16.341
-12.3593
-16.0624
-32.0848
-10.0119
-3.95853
-7.71593
-10.6552
-7.77613
-5.93923
-4.50943
-2.56799
-15.8786
-7.08423
-4.73663
-4.91523
-9.44983
-19.3552
-11.5666
-15.6638
-9.75643
-24.1839
-5.09743
-4.99123
-1.26496
-12.7235
-8.02033
-18.9652
-12.8976
-6.75023
-5.48433
-8.27913
-9.66643
-16.006
-16.8718
-4.37873
-5.66703
-19.7291
-30.1566
-5.66413
-5.19573
-8.53933
-5.39533
-6.52783
-15.4089
-15.3047
-4.08183
-10.7819
-4.28273
-9.20193
-5.57583
-3.11023
-15.0381
-5.30783
-16.5323
-5.54943
-8.42923
-7.64953
-10.0879
-12.6394
-6.85683
-18.1346
-5.57983
-7.93013
-6.27623
-6.89493
-8.74163
-14.6145
-5.14233
-4.27993
-11.8446
-4.72693
-3.61703
-3.94133
-23.7308
-3.66753
-32.5957
-8.47203
-10.2117
-2.02442
-38.6903
-9.77903
-1.24242
-5.40563
-6.84523
-18.3382
-7.31213
-4.91593
-24.0272
-14.3313
-8.03723
-4.39033
-17.1328
-11.3796
-7.28513
-16.9481
-9.99283
-4.17583
-24.8121
-4.95493
-3.81053
-8.38193
-6.73053
-9.97403
-8.40533
-9.52963
-4.31223
-9.35293
-10.361
-8.45393
-29.5195
-11.7299
-2.59813
-4.72583
-7.47513
-5.38613
-4.93643
-5.96223
-8.33793
-7.80213
-10.6863
-15.6197
-6.44533
-17.166
-19.1023
-15.699
-8.67173
-4.76283
-7.39403
-13.9652
-5.67003
-11.9834
-9.12123
-20.3708
-6.43313
-5.17943
-6.42073
-19.9518
-12.1908
-0.31445
0.11752
-0.60101
0.30849
-0.41847
0.79079
-0.24294
0.27119
-0.34535
-0.39228
-0.24252
-0.39646
-0.02914
0.03076
0.5503
0.44328
-0.21649
0.39724
0.08562
0.52776
-0.48188
-0.62778
-0.04601
-0.20691
-0.09165
0.01254
0.13969
0.11121
0.61801
0.01731
-0.34353
0.42151
-0.39475
-0.10591
0.36028
0.38927
-0.47619
-0.1045
-0.73733
-0.58399
0.64845
-0.5159
-0.38518
-0.00241
-0.25441
0.05249
-0.74439
-0.04889
0.34381
0.32555
-0.15681
0.17599
-0.35567
0.19246
-0.69082
0.6475
0.12948
0.51486
-0.37142
0.16151
-0.96984
0.45738
-0.23693
0.54024
0.05689
0.02989
-0.46249
0.09941
-0.03088
-0.18409
0.35375
-0.50727
-0.2564
0.03692
-0.237
-0.04696
0.18991
0.03723
0.10954
0.10143
0.5113
0.28092
-0.68272
0.01113
0.23553
-0.25217
-0.67326
0.21482
-0.02837
0.18949
-0.0675
-0.74647
-0.48448
-0.01184
-0.17564
0.04676
-0.43823
-0.38648
0.17621
-0.19803
-0.43445
-2.52195
-2.11237
-2.3318
-2.30836
-3.01013
-2.94253
-2.74091
-2.29614
-1.35141
-4.60273
-3.68323
-1.82662
-1.88378
-1.69116
-2.98073
-2.23411
-2.37572
-2.30053
-1.83452
-2.20184
-3.15983
-1.68066
-2.67527
-1.55385
-2.29797
-2.74698
-3.66343
-3.53983
-3.80223
-0.75149
-3.23373
-3.67423
-2.36137
-1.5383
-2.35587
-2.64112
-1.64987
-1.47277
-1.98614
-1.10883
-1.04096
-1.40713
-2.96223
-1.67522
-1.85599
-3.07333
-1.4881
-3.18883
-2.62299
-3.08533
-1.9103
-2.50103
-1.79714
-3.41863
-2.74021
-2.78075
-1.2877
-2.16569
-2.2099
-0.4777
-2.50401
-1.21384
-2.84798
-0.44085
-3.27603
-1.38375
-3.58373
-2.78707
-2.77705
-3.25853
-1.85963
-2.39504
-3.59223
-2.49246
-2.11685
-2.56778
-0.73467
-0.6971
-2.20599
-3.32533
-2.50545
-3.81803
-1.9738
-2.74796
-1.83213
-1.18228
-2.38513
-3.43913
-0.60988
-1.94529
-2.14302
-2.84079
-2.68495
-1.67373
-0.64171
-2.14022
-2.38212
-2.20838
-1.99237
-0.73543
-2.36269
-2.15755
-1.72836
-2.95333
-2.82496
-1.75008
-2.37241
-1.69264
-1.68212
-2.3076
-2.39053
-1.8148
-2.15284
-2.78186
-1.6711
-4.73513
-2.24387
-4.18833
-1.93699
-2.30353
-0.83879
-2.1758
-1.99745
-0.99115
-1.97946
-3.44833
-1.9266
-2.51145
-2.23159
-1.63385
-2.11101
-2.22294
-2.31208
-0.89039
-1.72224
-1.1188
-2.52672
-2.76838
-2.22724
-0.86213
-2.63384
-2.21324
-0.99057
-1.00813
-3.05953
-2.32002
-3.20093
-2.32692
-3.02843
-2.81469
-2.3004
-2.63112
-3.84883
-2.70947
-3.30073
-2.61765
-2.99463
-1.54213
-0.84532
-2.32533
-1.54516
-1.76707
-4.64473
-2.23147
-1.49946
-2.18201
-2.59903
-3.26793
-1.53807
-1.12342
-1.30097
-2.28975
-2.54561
-1.32706
-1.9313
-2.43343
-2.83755
-3.92623
-2.05303
-2.39644
-1.2561
-1.49143
-2.96343
-3.43433
-3.76543
-2.64859
-1.89131
-1.45417
-2.78716
-2.64885
-1.68112
-0.77763
-3.16413
-2.5874
-0.42562
-0.41579
0.32589
-0.1084
-0.17896
-0.19237
0.10179
0.30467
-0.32314
-0.50008
-0.4417
-0.43175
0.19089
-0.32054
-0.34423
0.29202
0.19039
0.28822
-0.50607
-0.46143
0.36481
0.06474
-0.17152
-0.89085
0.63414
-0.30858
0.07974
0.11527
0.0594
0.64719
0.13585
-0.71335
-0.9136
-0.00441
-0.06092
-0.12966
0.10875
0.15947
0.12896
-0.13523
0.42427
0.27422
0.21959
0.4242
0.20069
0.41907
0.76319
0.16149
0.15745
-0.66029
-0.03253
0.86433
0.04743
0.47934
-0.17674
-0.40689
0.20705
0.29073
0.51947
-0.47766
0.01664
-0.62298
-0.34306
-0.45659
0.23616
-0.54627
-1.78575
-1.99527
-2.02056
-1.71886
-2.68037
-1.61756
-2.45103
-2.93863
-2.23093
-2.46743
-1.62599
-1.95572
-2.69577
-1.77509
-3.14643
-0.96375
-0.66381
-0.65875
-1.75175
-2.47597
-1.2202
-2.64686
-1.54358
-1.95816
-2.78745
-1.30754
-2.72692
-1.43046
-2.55436
-0.75698
-1.31057
-2.65369
-2.49059
-2.41652
-2.0055
-2.42766
-1.68761
-1.58744
-1.17494
-1.57115
-0.90839
-2.93373
-2.11352
-2.09339
-1.8799
-2.73143
-2.15977
-1.24686
-1.2362
-2.19154
-1.92129
-1.62267
-3.00673
-0.80575
-1.38632
-1.56783
-1.28183
-2.05393
-1.63683
-2.76479
-2.88821
-2.22449
-2.40874
-2.22627
-2.65019
-2.10021
-2.59931
-3.23603
-1.9105
-1.44991
-4.35413
-1.03465
-2.59874
-3.27313
-2.25622
-2.48222
-2.3619
-1.72872
-3.13153
-2.38396
-2.0725
-2.38104
-3.52953
-2.09862
-2.50832
-2.40297
-1.38471
-2.15992
-1.79063
-1.86127
-3.61493
-2.30703
-0.62451
-2.11529
-2.06529
-1.66025
-3.18573
-1.34701
-1.71924
-1.99555
-2.10437
-2.66969
-2.07697
-1.91519
-2.89719
-1.91076
-1.79304
-1.123
-2.62259
-1.86943
-2.31523
-1.16945
-2.86206
-2.42152
-1.95721
-2.21598
-2.42983
-1.32276
-1.26233
-1.68536
-2.64167
-1.69463
-1.2828
-3.62513
-1.85963
-2.17445
-2.4553
-1.26742
-2.11198
-1.07838
-2.8517
-1.8731
-2.17832
-2.67712
-1.76243
-2.36122
-3.56103
-2.4415
-1.37444
-2.06831
-1.41386
-1.36462
-1.17976
-2.324
-1.87693
-1.94064
-3.10533
-2.77343
-1.6515
-2.85238
-2.11017
-1.60756
-2.6854
-2.1254
-1.6498
-2.62859
-2.76452
-1.51475
-1.44496
-2.41961
-1.86329
-2.59117
-0.7313
-1.74677
-1.88018
-2.83787
-1.94169
-1.43316
-1.60383
-2.07431
-2.18944
-1.75351
-2.35909
-1.369
-2.0331
-2.27052
-2.34697
-1.8811
-1.35641
-2.94673
0.34939
-1.33762
-3.53963
-1.69685
-1.17549
-1.56852
-1.71445
0.61948
0.02567
-0.43778
0.28974
-0.18156
-0.36847
0.49485
0.3217
-0.23246
0.33355
0.06269
0.06413
-0.64735
-0.23032
-0.1919
0.32501
0.12981
-0.46538
-0.25359
-0.21184
-0.21694
0.32852
-0.18261
0.16575
0.30967
-0.09532
0.14759
0.58322
-0.13618
0.65896
-0.51959
-0.7141
0.47452
0.16673
-0.16644
-0.45145
-0.08732
-0.09723
0.08185
0.22403
0.36135
-0.14452
0.54021
0.45967
-0.41283
0.62083
-0.10309
-0.05243
0.58938
0.09021
0.1198
0.01333
-0.03985
0.0957
0.22435
0.46222
-0.34503
-0.10189
-0.24744
0.33601
0.09899
0.32522
-0.66601
0.11426
0.11135
-0.56332
-0.18979
-0.04333
-0.23268
0.19836
-0.36537
-0.06293
0.20426
0.34055
0.58721
-0.09862
-0.10663
0.58974
0.28974
-0.55542
-0.16992
-0.4376
-0.1393
0.46144
0.15635
0.07474
0.30809
-0.31223
-0.66457
-0.05282
0.87513
0.25095
-0.29656
-0.47664
0.4415
-0.39166
-0.32102
-0.17673
-0.05906
0.43974
0.07344
0.09763
-0.08588
-0.04954
-0.40743
0.08499
0.00683
0.37717
0.56464
0.26574
-0.10249
0.25316
-0.12337
0.15856
0.61625
0.42108
0.39042
0.09584
-0.01785
0.29761
-0.36325
-0.54534
-0.54951
0.11307
-0.33879
-0.0643
0.10555
-0.54948
0.1197
0.05807
-0.27356
0.55568
0.38351
0.35952
-0.19223
0.83956
-0.09701
0.56036
0.56819
-0.0263
-0.51291
0.2479
0.27612
0.30531
0.15729
-0.97381
-0.08068
-0.32864
0.40234
-0.30492
-0.04065
0.05637
0.12263
0.74047
0.01223
0.4902
0.10739
-0.23776
0.97078
-0.23144
0.45359
-0.25616
0.49767
0.62355
0.22786
0.63208
0.52777
0.40257
0.2404
0.36645
-0.10826
-0.23097
0.59058
-0.17407
0.09667
0.4169
0.20589
-0.02404
0.23047
-0.18529
0.34257
0.40968
0.38246
0.26038
-0.14295
0.272
-0.09703
0.30285
0.22174
-0.59018
-3.11163
-52.8227
-2.30704
-1.57699
-2.40208
-12.9465
-12.6941
-3.44443
-44.7772
-20.0328
-2.25977
-47.8482
-2.46714
-1.51207
-4.85843
-12.5176
-1.63811
-12.0846
-13.8728
-2.35381
-1.07201
-16.1728
-12.3545
-48.3144
-29.8641
-2.82761
-43.3617
-2.00929
-4.71863
-0.65825
-49.135
-36.8143
-1.47952
-1.9732
-46.6317
-3.61043
-2.04683
-3.14613
-3.31233
-3.02163
-48.4152
-2.22452
-16.6493
-2.70157
-34.3821
-35.6635
-3.17893
-1.96584
-12.7909
-44.8233
-3.09883
-2.44864
-21.4638
-2.2623
-24.6009
-21.1862
-3.36663
-17.1497
-2.00173
-2.73568
-1.74876
-2.2325
-3.81243
-51.9931
-23.8913
-1.99734
-3.39543
-16.7759
-2.92297
-3.43743
-46.261
-27.835
-2.12704
-9.79423
-2.29624
-37.2406
-3.62333
-11.4614
-3.47073
-44.8905
-1.81075
-48.0107
-38.5743
-43.0581
-4.54923
-2.97153
-21.0628
-26.1817
-46.4826
-49.3279
-36.4047
-2.4207
-2.13367
-55.295
-2.46267
-49.9907
-2.41553
-0.57755
-50.0884
-49.5052
-43.3307
-50.5089
-41.5867
-2.30577
-18.9636
-3.84093
-9.69673
-32.5829
-1.99421
-33.6561
-26.7636
-25.3385
-53.3789
-2.8591
-2.38179
-14.4634
-47.4971
-47.0172
-2.65645
-15.0142
-3.22723
-2.5582
-11.501
-45.3074
-34.7037
-47.5323
-47.6849
-56.5482
-13.6032
-27.8632
-48.5236
-39.9847
-2.22705
-11.2009
-32.966
-52.5608
-2.81955
-3.37873
-36.9988
-14.2554
-1.90683
-10.7884
-0.52291
-39.4682
-46.8773
-36.8691
-2.42899
-40.8208
-24.3398
-21.8262
-2.53976
-2.85856
-2.53
-13.5125
-49.131
-40.2064
-2.91178
-2.28188
-18.828
-36.2498
-45.0702
-9.87063
-1.32123
-25.1921
-2.0502
-13.5402
-2.37753
-27.4593
-2.79321
-2.42053
-41.079
-2.18488
-26.8039
-30.7428
-2.03556
-45.4536
-9.51483
-12.5292
-29.1698
-1.42768
-44.7103
-40.0905
-0.92429
-14.3888
-2.52972
-2.89568
-36.2434
-1.91578
-2.62598
-47.9384
-51.6015
-1.38909
-2.04717
-54.9227
-3.11623
-39.6235
-1.56947
-2.49
-35.1871
0.07331
-0.20061
-0.64292
-0.0951
0.09763
0.07323
0.1058
-0.10295
-0.21795
-0.60575
-1.10043
-0.28019
-0.78159
0.0346
-1.0452
-0.56099
0.301
-0.42886
-0.47022
-0.33925
-0.49668
-0.44399
-0.07971
-1.18337
0.41496
-0.23979
0.24398
-0.08586
0.51673
-0.35727
-0.30534
-0.35969
-0.05145
0.47399
0.00031
-0.54503
0.04602
-0.76689
-0.1496
-0.17859
0.32894
0.10985
0.10112
-1.15103
0.06382
0.64027
-0.14409
0.01085
-0.64607
-0.03236
0.09778
-0.47064
0.00708
-0.48351
-0.28615
0.03897
-0.2767
-0.20797
0.19075
-0.20671
0.63554
-0.30957
0.16768
0.33838
-0.68244
-0.07172
0.12698
-0.71811
-0.12434
0.14447
0.04531
0.59993
-0.40255
-0.18628
0.02791
0.14713
0.2972
0.49895
-0.13118
-0.26252
-0.53598
-0.26695
0.10828
-0.00946
0.78448
-0.02124
-0.10818
0.11807
0.61101
-0.02788
-0.73411
0.23458
-0.27052
0.09948
0.3686
-0.28565
-0.94088
0.58167
0.52791
0.28603
0.51932
-0.47275
-0.03756
-0.681
-0.0792
0.18046
-0.02385
0.18971
-0.26791
0.41776
-0.07908
-0.30443
-1.01039
0.04725
-0.806
-0.00409
0.5332
-0.36851
-0.52866
0.3311
-1.23492
-0.09264
-0.02533
-0.20225
-0.1058
0.00451
0.1315
0.24463
-0.94777
0.19963
0.68794
0.36892
-0.44371
0.64347
0.02237
0.10254
-0.21291
-0.09015
-0.79748
-0.25551
-0.24148
0.34674
-0.66434
0.37661
-0.95577
-0.22017
-0.5423
-0.0474
0.46176
-0.46147
0.24952
-0.1082
-1.21774
0.23215
-0.80763
-0.18095
-0.49177
-0.58861
0.3359
-0.15986
-0.13632
-0.41956
-0.4583
-0.07976
0.21283
-0.5732
-0.02436
0.08776
0.05146
-0.1958
0.2442
-0.65345
0.10562
0.02622
-0.54875
-0.07996
0.14307
0.76875
-0.65863
-10.5991
-12.1839
-7.62843
-5.10163
-12.9016
-8.11293
-4.54993
-7.72563
-9.30053
-8.64553
-13.5277
-8.36913
-6.47253
-4.00593
-8.68773
-7.86963
-9.52163
-6.47213
-6.37143
-3.81553
-5.34383
-5.84693
-12.9154
-6.27293
-4.40693
-7.24913
-5.91793
-11.3091
-5.51013
-7.09603
-5.39523
-25.4446
-4.30993
-4.28313
-4.09153
-8.18103
-9.05233
-9.99043
-5.22153
-7.44473
-10.8374
-24.1723
-5.35763
-8.30383
-12.106
-3.45333
-6.53593
-2.52328
-6.48533
-9.51633
-5.22473
-3.36323
-7.88783
-13.6894
-9.57143
-8.70643
-11.5921
-4.89513
-1.85752
-27.2295
-3.78463
-16.1863
-7.06713
-6.03193
-16.3015
-10.7958
-16.3759
-10.8971
-6.91113
-7.22643
-12.5857
-5.78183
-6.47903
-10.0116
-4.74603
-7.48613
-5.21913
-9.41313
-6.58513
-4.73873
-6.27063
-5.13573
-15.1763
-6.25213
-8.49253
-3.56353
-1.95699
-20.7411
-16.7974
-12.6792
-4.53533
-14.3904
-8.84003
-4.53753
-9.68163
-5.02273
-9.06933
-4.11263
-6.60973
-8.30073
-5.33423
-22.1553
-5.20693
-4.44643
-3.74383
-15.5495
-5.83253
-6.43633
-12.6608
-3.18693
-3.01353
-7.24753
-6.01793
-16.7011
-4.46273
-16.3158
-5.02153
-11.1224
-5.42813
-7.99073
-6.15543
-6.34203
-29.9651
-8.92353
-2.0016
-10.0713
-5.44563
-8.28763
-26.4534
-6.77053
-10.5294
-7.09303
-5.80733
-6.96293
-5.95873
-15.0989
-10.2298
-6.83173
-8.99803
-9.19443
-2.90894
-3.51493
-5.65743
-9.25523
-5.45143
-11.2646
-12.2194
-7.05613
-9.69513
-12.0379
-6.77033
-19.9547
-15.2817
-3.50303
-4.12863
-7.80783
-26.157
-4.75833
-4.62433
-17.0934
-7.51173
-3.09993
-4.02993
-3.19273
-16.0469
-16.2267
-19.2971
-4.42123
-7.56273
-19.5242
-18.8122
-2.38418
-4.44293
-11.6463
-6.23163
-10.318
-7.28763
-21.0292
-9.75123
-6.65563
-9.87783
-8.52603
-7.84813
-3.93523
-9.32863
-5.18023
-3.77573
-3.10653
-14.3502
-7.39703
-7.85503
-7.28193
-5.70963
-13.6416
-15.2452
-6.02453
-9.19923
-6.28643
-3.62233
-11.3624
