-0.02125
-0.0072059
-0.005487
-0.0033696
-0.143846
-0.325834
-1.99
-0.0063889
-0.107647
-0.1925
-0.0063889
-0.0344445
-0.0100438
-0.0129082
-0.0700002
-0.212222
-0.135357
-0.4925
-0.0198507
-0.0258333
-0.0106818
-0.0168903
-0.1775
-0.0782353
-0.0925
-0.0309615
-0.107647
-0.0247581
-0.0524999
-0.0425
-0.0065845
-0.0344445
-0.171818
-0.0325531
-0.656666
-0.0048457
-0.0033696
-0.0041279
-0.0078846
-0.0769565
-0.0270371
-0.0733334
-0.9925
-0.0058333
-0.0032527
-0.4925
-0.656666
-0.008125
-0.0308163
-0.02375
-0.0566666
-0.0033696
-0.0069928
-0.0042647
-0.0097414
-0.0181411
-0.0292157
-0.0387805
-0.0051582
-0.0269827
-0.0100438
-0.0769565
-0.092564
-0.0408475
-0.0157558
-0.0027041
-0.005487
-0.0228031
-0.0614286
-0.0207692
-0.02125
-0.008629
-0.0513235
-0.220769
-0.0061986
-0.0589654
-0.0194118
-0.0129082
-0.0258333
-0.044054
-0.0228031
-0.0181411
-0.0053205
-0.029537
-0.093448
-0.24
-0.115
-0.0124719
-0.0058333
-0.99
-0.0129082
-0.0100438
-0.0133334
-0.0733334
-0.0163095
-0.99
-0.0117308
-0.0103571
-0.0210715
-0.323334
-0.0852383
-0.0121079
-0.04
-0.132857
-0.0030263
-0.0153165
-0.1925
-0.656666
-0.0076515
-0.0524999
-0.0334782
-0.0029166
-0.09
-0.0122222
-0.107647
-0.0334782
-0.0121079
-0.0137766
-0.156667
-0.0058333
-0.0152273
-0.0036111
-0.0166666
-0.0308163
-0.0228031
-0.2425
-0.0341666
-0.0067857
-0.120435
-0.083409
-0.0147222
-0.0076515
-0.143846
-0.156667
-0.040119
-0.0257143
-0.0669232
-0.021746
-0.19
-0.0129082
-0.083409
-0.053492
-0.1925
-0.0219118
-0.0097414
-0.0455555
-0.005487
-0.323334
-0.0091667
-0.0455555
-0.0195271
-0.0069928
-0.0028093
-0.0100438
-0.0219118
-0.0091667
-0.0733334
-0.212222
-0.0030263
-0.0045482
-0.044054
-0.135357
-0.0309615
-0.0097414
-0.0173972
-0.0769565
-0.0591665
-0.0589658
-0.0097414
-0.0258333
-0.9925
-0.0053205
-0.0168903
-0.008373
-0.003736
-0.24
-0.0142392
-0.0046951
-0.0039942
-0.0202778
-0.0474713
-0.0157558
-0.058182
-0.0238983
-0.0188158
-0.0175
-0.0269827
-0.040119
-0.0189855
-0.0769565
-0.03
-0.0063889
-0.0039942
-0.0094491
-0.0076515
-0.0669231
-0.003489
-0.0074253
-0.0480555
-0.0700002
-0.0228031
-0.0210715
-0.0309615
-0.055
-0.0051582
-0.0269827
-0.0028093
-0.0106818
-0.0417241
-0.0133334
-0.171818
-0.003736
-0.005
-0.0210715
-0.0309615
-0.0210715
-0.0046951
-0.029537
-0.0039942
-0.2425
-0.041282
-0.0074253
-0.0044048
-0.0488235
-0.123333
-0.0265854
-0.0198507
-0.0195271
-0.275714
-0.003736
-0.0031383
-0.323334
-0.739999
-0.011978
-0.0270371
-0.0545161
-0.49
-0.0044048
-0.0029166
-0.0852383
-0.040119
-0.0045482
-0.0088934
-0.0029166
-0.0354545
-0.0044048
-0.0097414
-0.323334
-0.0513235
-0.0188158
-0.0029166
-0.0030263
-0.0063889
-0.0168903
-0.0038636
-0.0133334
-0.03
-0.0106818
-0.005
-0.0137766
-0.0769565
-0.0219118
-0.0046951
-0.1925
-0.0045482
-0.0028093
-0.0359782
-0.002601
-0.0219118
-0.1175
-0.0121079
-0.0067857
-0.0591665
-0.0189855
-0.107647
-0.115
-0.0088934
-0.135357
-0.0076515
-0.0072059
-0.0051582
-0.1925
-0.0110185
-0.105385
-0.0048457
-0.0117308
-0.0029166
-0.008373
-0.0029166
-0.0277359
-0.0809093
-0.0137766
-0.09
-0.138148
-0.0210715
-0.0042647
-0.0188158
-0.0137766
-0.04
-0.0222581
-0.0258333
-0.0269827
-0.0058333
-0.0061986
-0.0046951
-0.0032527
-0.0048457
-0.02125
-0.0137766
-0.0032527
-0.0048457
-0.0125
-0.0076515
-0.0270371
-0.0113679
-0.0758335
-0.0325
-0.005
-0.656666
-0.9925
-0.0408475
-0.0175
-0.0129082
-0.0476923
-0.02375
-0.0032527
-0.39
-0.0391803
-0.029537
-0.1925
-0.0269827
-0.055
-0.49
-0.0069928
-0.0051582
-0.0194118
-0.0471429
-0.055
-0.0328571
-0.0188158
-0.0867743
-0.075714
-0.0359782
-0.0048457
-0.0074253
-0.0129082
-0.159166
-0.0309615
-0.0117308
-0.103611
-0.09
-0.0925
-0.003736
-0.0056579
-0.0044048
-0.0069928
-0.0639285
-0.0269827
-0.0435714
-0.0113679
-0.0097414
-0.0069928
-0.0032527
-0.0228031
-0.0328571
-0.103611
-0.0639285
-0.0045482
-0.0125
-0.0247581
-0.0142392
-0.0078846
-0.107647
-0.0227869
-0.0488235
-0.0029166
-0.0640739
-0.0589658
-0.0250878
-0.0121079
-0.0837502
-0.0244828
-0.083409
-0.0258333
-0.132857
-0.02375
-0.005
-0.0669232
-0.0513235
-0.0129082
-0.325834
-0.0925
-0.02125
-0.171818
-0.0640739
-0.0227869
-0.0113679
-0.0051582
-0.0189855
-0.0112766
-0.0074253
-0.0030263
-0.0488235
-0.0045482
-0.0157558
-0.0106818
-0.0669231
-0.0809093
-0.0506061
-0.0435714
-0.0700002
-0.19
-0.0614285
-0.0669231
-0.323334
-0.0513235
-0.0250878
-0.0106818
-0.0173972
-0.0640739
-0.0038636
-0.029537
-0.0181411
-0.0247581
-0.0185714
-0.0513235
-0.103611
-0.0451315
-0.0185714
-0.2425
-0.323334
-0.0566668
-0.075714
-0.0733334
-0.0591665
-0.0451315
-0.0168903
-0.0614285
-0.0202778
-0.0247581
-0.0219118
-0.0030263
-0.0277359
-0.0181411
-0.0309615
-0.0117308
-0.0809093
-0.0408475
-0.0121079
-0.135357
-0.159166
-0.0591665
-0.0137766
-0.0061986
-0.0106818
-0.0152273
-0.156667
-0.0284615
-0.0513235
-0.0185714
-0.0053205
-0.212222
-0.005
-0.0700002
-0.0758335
-0.325834
-0.0379545
-0.0038636
-0.0219118
-0.0108333
-0.325834
-0.0198507
-0.0142392
-0.018169
-0.0809093
-0.0258333
-0.0188158
-0.0195271
-0.0142392
-0.0566666
-0.0684314
-0.19
-0.037619
-0.24
-0.0142392
-0.0733334
-0.0545161
-0.4925
-0.2425
-0.0041279
-0.0284615
-0.275714
-0.017027
-0.0202778
-0.037619
-0.0513235
-0.047971
-0.0078846
-0.0406329
-0.204286
-0.0269827
-0.05
-0.0769565
-0.0094491
-0.0056579
-0.0769565
-0.0669231
-0.159166
-0.49
-0.0061986
-0.656666
-0.0181411
-0.0046951
-0.171818
-0.055
-0.0060135
-0.0284615
-0.0480555
-0.0471429
-0.0039942
-0.0524999
-0.325834
-0.0060135
-0.0387805
-0.0433334
-0.0147222
-0.0188158
-0.008125
-0.0344445
-0.083409
-0.0061986
-0.99
-0.0566666
-0.0589658
-0.0344445
-0.0341666
-0.325834
-0.0823076
-0.044054
-0.0048457
-0.04
-0.1175
-0.24
-0.24
-0.005487
-0.143846
-0.323334
-0.0387805
-0.0058333
-0.0036111
-0.0185714
-0.0365116
-0.02375
-0.0270371
-0.0207692
-0.0133334
-0.0088934
-0.0219118
-0.0053205
-0.4925
-0.0219118
-0.0591665
-0.0163095
-0.002601
-0.058182
-0.656666
-0.0417241
-0.0153165
-0.0033696
-0.323334
-0.005
-0.0614285
-0.4925
-0.0094491
-0.0354546
-0.0181411
-0.1925
-0.0250878
-0.0113679
-0.040119
-0.159166
-0.0210715
-0.0258333
-0.0056579
-0.0202778
-0.115
-0.0181411
-0.0051582
-0.0091667
-0.0103571
-0.008125
-0.0097414
-0.0042647
-0.0048457
-0.029537
-0.0247581
-0.0061986
-0.275714
-0.0309615
-0.0175
-0.0233334
-0.0051582
-0.005487
-0.0072059
-0.0032527
-0.0228031
-0.0157558
-0.0030263
-0.0341666
-0.0152273
-0.171818
-0.0072059
-0.075714
-0.0591665
-0.2425
-0.0063889
-0.0028093
-0.135357
-0.0117308
-0.0053205
-0.0072059
-0.0425
-0.171818
-0.0124719
-0.0168903
-0.0060135
-0.0063889
-0.0480555
-0.0069928
-0.0041279
-0.005487
-0.0032527
-0.0202778
-0.0038636
-0.040119
-0.0219118
-0.0117308
-0.0359782
-0.24
-0.0316666
-0.02375
-0.212222
-0.0269827
-0.0451315
-0.02375
-0.171818
-0.0247581
-0.0387805
-0.0121079
-0.0036111
-0.0552176
-0.0222581
-0.0061986
-0.11
-0.0074253
-0.0074253
-0.029537
-0.0045482
-0.0100438
-0.0809093
-0.04
-0.0166666
-0.02375
-0.008125
-0.0247581
-0.115
-0.0188158
-0.141515
-0.0488235
-0.002601
-0.0045482
-0.029537
-0.0140964
-0.002601
-0.0202778
-0.29
-0.156667
-0.0030263
-0.0210715
-0.0387805
-0.069423
-0.04
-0.156667
-1.99
-0.39
-0.19
-0.040119
-0.095263
-0.1775
-0.0106818
-0.0207692
-0.0614287
-0.0033696
-0.0733334
-0.0163158
-0.0309615
-0.39
-0.085238
-0.0294736
-0.0379545
-0.135357
-0.0325531
-0.103611
-0.0219118
-0.0038636
-0.0038636
-0.0060135
-0.0133334
-0.0733334
-0.0669231
-0.159166
-0.2425
-0.0292157
-0.0347761
-0.159166
-0.02375
-0.053492
-0.0451315
-0.0142392
-0.0175
-0.003736
-0.0925
-0.19
-0.0227869
-0.0039942
-0.212222
-0.0649999
-0.0041279
-0.0228031
-0.055
-0.0733334
-0.0044048
-0.0129082
-0.0455556
-0.0233334
-0.0069928
-0.083409
-0.0157558
-0.115
-0.0195271
-0.069423
-0.008629
-0.0053205
-0.2425
-0.09
-0.325834
-0.0117308
-0.0046951
-0.0471429
-0.0065845
-0.4925
-0.0426315
-0.0669232
-0.0597676
-0.0061986
-0.0210715
-0.0046951
-0.0639285
-0.0146914
-0.0408475
-0.0861538
-0.02375
-0.0058333
-0.0031383
-0.0222581
-0.0053205
-0.0168903
-0.0030263
-0.0060135
-0.0513235
-0.212222
-0.0451315
-0.0354545
-0.0088934
-0.0566666
-0.0488235
-0.0359782
-0.008373
-0.0597676
-0.0103571
-0.0038636
-0.101111
-0.0121079
-0.0027041
-0.002601
-0.135357
-0.0028093
-0.0228031
-0.0028093
-0.0058333
-0.0341666
-0.0387805
-0.0809093
-0.0669231
-0.0036111
-0.0354545
-0.0088934
-0.0153165
-1.99
-0.008373
-0.156667
-0.0097414
-0.0325
-0.0072059
-0.275714
-0.0219118
-0.0257143
-0.0125
-0.0222581
-0.002601
-0.0072059
-0.0094491
-0.0513235
-0.0147222
-0.103611
-0.11
-0.0061986
-0.0032527
-0.220769
-0.0639285
-0.003489
-0.0513235
-0.156667
-0.1175
-0.0809093
-0.275714
-0.0168903
-0.020303
-0.9925
-0.0639285
-0.0325
-0.0219118
-0.0039942
-0.49
-0.0925
-0.143846
-0.0480555
-0.0060135
-0.0045482
-0.132857
-0.2425
-0.0133334
-0.0069928
-1.99
-0.99
-0.0152273
-0.19
-0.0028093
-0.0072059
-0.0387805
-0.0163095
-0.171818
-0.0051582
-1.99
-0.0758335
-0.0147222
-0.107647
-0.0614285
-0.0325
-0.0142392
-0.0106818
-0.055
-0.003736
-0.9925
-0.0591665
-0.156667
-0.0061986
-0.0188158
-0.325834
-0.0163095
-0.0094491
-0.107647
-0.0067857
-0.0048457
-0.0038636
-0.0067857
-0.156667
-0.0341666
-0.0100438
-0.0137766
-0.115
-0.0029166
-0.0168903
-0.212222
-0.0088934
-0.003489
-0.0222581
-0.171818
-0.0451315
-0.0258333
-0.05
-0.19
-0.0538298
-0.0137766
-0.094166
-0.0689476
-0.0488235
-0.005487
-0.0117308
-0.115
-0.212222
-0.325834
-0.0039942
-0.323334
-0.0341666
-0.0042647
-0.0426315
-0.0219118
-0.0053205
-1.99
-0.0591665
-0.005
-0.1775
-1.99
-0.0614285
-0.0072059
-0.0455556
-0.132857
-0.0425
-0.0177778
-0.0669231
-0.0512245
-0.0163158
-0.0270371
-0.0258333
-0.02125
-0.0188158
-0.0649999
-0.0033696
-0.24
-0.015974
-0.020303
-0.02125
-0.0046951
-0.0669231
-0.095263
-0.135357
-0.0103571
-0.0471429
-0.0777195
-0.656666
-0.036875
-0.022967
-0.0168903
-0.095263
-0.143846
-0.0046951
-0.041282
-0.0809093
-0.0466038
-0.029537
-0.166471
-0.0545161
-0.0058333
-0.0045482
-0.0188158
-0.0048457
-0.083409
-0.0094491
-0.003736
-0.0153165
-0.24
-0.0566668
-0.220769
-0.0480555
-0.0379545
-0.0076515
-0.24
-0.0365116
-0.008125
-0.002601
-0.0240909
-0.0566668
-0.008125
-0.0063889
-0.058182
-0.0091667
-0.24
-0.0146914
-0.0282143
-0.0117308
-0.0058333
-0.015
-0.0649999
-0.0168903
-0.0097414
-0.115
-0.0189855
-0.0476923
-0.0591665
-0.656666
-0.0175
-0.0228031
-0.0069928
-0.0028093
-0.0747457
-0.0110185
-0.0152273
-0.0129082
-0.0094491
-0.0106818
-0.0700002
-0.0480555
-0.0076515
-0.0219118
-0.0925
-0.19
-0.069423
-0.0425
-0.0078846
-0.0309615
-0.037619
-0.0325531
-0.0325
-0.0525
-0.0308163
-0.0227869
-0.1925
-0.115
-0.03
-0.0053205
-0.0053205
-0.99
-0.0088934
-0.0060135
-0.044054
-0.0072059
-0.0284615
-0.09
-0.0168903
-0.0110185
-0.0379545
-0.0334782
-0.0480555
-0.212222
-0.005487
-0.0497015
-1.99
-0.020303
-0.0341666
-0.0181411
-0.105385
-0.0451315
-0.0094491
-0.0252941
-0.0121079
-0.008629
-0.0048457
-0.0270371
-0.0552176
-0.0769565
-0.0106818
-0.115
-0.044054
-0.0284615
-0.0344444
-0.0207692
-0.0227869
-0.0425
-0.0614285
-0.008125
-0.0065845
-0.656666
-0.0425
-0.0325
-0.0758335
-0.0284615
-0.0033696
-0.0142392
-0.0305405
-0.03
-0.0354545
-0.0308163
-0.0060135
-0.0379545
-0.0133334
-0.02375
-0.171818
-0.0173972
-0.0100438
-0.0038636
-0.49
-0.0113679
-0.99
-0.2425
-0.0048457
-0.135357
-0.0512245
-0.0188158
-0.0163158
-0.0067857
-0.135357
-0.0185714
-0.005
-0.0279747
-0.0769565
-0.02125
-0.0067857
-0.0177778
-0.0069928
-0.156667
-0.0060135
-0.0094491
-0.0100438
-0.0069928
-0.015
-0.132857
-0.0038636
-0.0135294
-0.0700002
-0.0029166
-0.095263
-0.0782353
-0.0069928
-0.015974
-0.9925
-0.0669231
-0.0097414
-0.0344445
-0.0036111
-0.0076515
-0.0181411
-0.49
-0.132857
-0.044054
-0.0100438
-0.0852383
-0.0042647
-0.275714
-0.0031383
-0.0341666
-0.325834
-0.0227869
-0.0032527
-0.0867743
-0.071081
-0.002601
-0.0258333
-0.003736
-0.0669231
-0.0147222
-0.0782353
-0.002601
-0.0284615
-0.0207692
-0.0488235
-0.0758335
-0.0030263
-0.0046951
-0.083409
-0.0094491
-0.0110185
-0.075714
-0.1775
-0.0113679
-0.0210715
-0.005
-0.0455556
-0.0649999
-0.132857
-0.095263
-0.143846
-0.0041279
-0.0113679
-0.0354545
-0.0067857
-0.0045482
-0.0058333
-0.0046951
-0.028961
-0.0325
-0.0100438
-0.008373
-0.9925
-0.0513235
-0.008629
-0.0121079
-0.156667
-0.0341666
-0.0163158
-0.0488235
-0.0152273
-0.0157558
-0.0258333
-0.0122222
-0.0426316
-0.0048457
-0.0065845
-0.0925
-0.0275
-0.02375
-0.0406329
-0.0733334
-0.0426316
-0.0036111
-0.044054
-0.0177778
-0.008629
-0.0032527
-0.0513235
-0.0425
-0.044054
-0.9925
-0.002601
-0.0039942
-0.0133334
-0.020303
-0.0513235
-0.325834
-0.0769565
-0.02375
-0.0030263
-0.0106818
-0.0113679
-0.0359782
-0.0063889
-0.115
-0.0031383
-0.0244828
-0.0700002
-0.0925
-0.0700002
-0.0769565
-0.0209278
-0.095263
-0.005487
-0.008629
-0.24
-0.0175
-0.0445455
-0.1775
-0.0279747
-0.0852383
-0.0325
-0.0277359
-0.0117308
-0.0181411
-0.0387805
-0.123333
-0.0257143
-0.0027041
-0.132857
-0.0425
-0.0589654
-0.4925
-0.008125
-0.0614286
-0.0852383
-0.0060135
-0.0270371
-0.0110185
-0.0100438
-0.325834
-0.0258333
-0.0177778
-0.0334782
-0.159166
-0.0168903
-0.003489
-0.0041279
-0.0202778
-0.0387805
-0.083409
-0.0471429
-0.19
-0.0110185
-0.0113679
-0.005
-0.0076515
-0.0451315
-0.095263
-0.0125
-0.0244828
-0.0032527
-0.0137766
-0.0733334
-0.0029166
-0.0030263
-0.171818
-0.0072059
-0.0769565
-0.003736
-0.0354546
-0.008629
-0.0039942
-0.0072059
-0.0425
-0.0133334
-0.0455555
-0.0129082
-0.39
-0.0147222
-0.0566666
-0.0044048
-0.0031383
-0.0129885
-0.0334782
-0.0163095
-0.0067857
-0.0168903
-0.0061986
-0.0689476
-0.325834
-0.0700002
-0.0100438
-0.0292157
-0.0065845
-0.0152273
-0.0042647
-0.011978
-0.0106818
-0.103611
-0.123333
-0.005
-0.103611
-0.0247581
-0.24
-0.0152273
-0.0219118
-0.24
-0.0589658
-0.097143
-0.0061986
-0.0078846
-0.083409
-0.055
-0.0361538
-0.0041279
-0.0341666
-0.0046951
-0.044054
-0.0524999
-0.0088934
-0.11
-0.0157558
-0.0110185
-0.656666
-0.1925
-0.103611
-0.0379545
-0.002601
-0.0488235
-1.99
-0.0117308
-0.9925
-0.095263
-0.07
-0.123333
-0.0455555
-0.0091667
-0.11
-0.0028093
-0.015
-0.15
-0.0614285
-0.0029166
-0.0113679
-0.0566668
-0.0631708
-0.0147222
-0.0325
-0.19
-0.0188158
-0.159166
-0.0455556
-0.0058333
-0.135357
-0.0076515
-0.0088934
-0.99
-0.2425
-0.103611
-0.008125
-0.19
-0.0044048
-0.0433334
-0.0177778
-0.39
-0.0328571
-0.005
-0.0425
-0.0027041
-0.0426315
-0.0152273
-0.0152273
-0.0852383
-0.0137766
-0.005
-0.040119
-0.037619
-0.0769565
-0.0809093
-0.0113679
-0.0631708
-0.0152273
-0.0051582
-0.212222
-0.0067857
-0.656666
-0.0053205
-0.4925
-0.0538298
-0.055
-0.0284615
-0.0140964
-0.4925
-0.0261446
-0.044054
-0.0809093
-0.0042647
-0.0379545
-0.0117308
-0.0198507
-0.19
-0.123333
-0.0100438
-0.0038636
-0.0258333
-0.069423
-0.0426315
-0.0292157
-0.0513235
-0.0046951
-0.0284615
-0.0277359
-0.0247581
-0.0525
-0.0060135
-0.02375
-0.275714
-0.0100438
-0.0769565
-0.0545161
-0.0809088
-0.0121079
-0.325834
-0.0270371
-0.0227869
-0.0129885
-0.0275
-0.0063889
-0.166471
-0.0247581
-0.0031383
-0.0566668
-0.0175
-0.005487
-0.0344445
-0.002601
-0.0700002
-0.0129082
-0.0094491
-0.0566668
-0.0103571
-0.0669231
-0.0210715
-0.1175
-0.0391803
-0.0056579
-0.0137766
-0.204286
-0.095263
-0.0325
-0.0063889
-0.39
-0.0129082
-0.0147222
-0.0137766
-0.0121079
-0.037619
-0.0258333
-0.204286
-0.0480555
-0.0250878
-0.083409
-0.0103571
-0.24
-0.02375
-0.99
-0.0455556
-0.0248837
-0.021746
-0.0097414
-0.0830233
-0.325834
-0.0121079
-0.0325
-0.008125
-0.037619
-0.055
-0.005487
-0.0091667
-0.0210715
-0.0308163
-0.656666
-0.0316666
-0.0758335
-0.0275
-0.0248837
-0.0048457
-0.0426315
-0.0125
-0.0088934
-0.0247581
-0.323334
-0.156667
-0.9925
-0.0316666
-0.0042647
-0.0480555
-0.0488235
-0.0046951
-0.0033696
-0.0733334
-0.0733334
-0.4925
-0.0100438
-0.0039942
-0.0142392
-0.095263
-0.0168903
-0.0284615
-0.0195271
-0.0359782
-0.0127273
-0.262727
-0.0029166
-0.0506061
-0.0103571
-0.0198507
-0.19
-0.0110185
-0.0639285
-0.0152273
-0.99
-0.0088934
-0.0065845
-0.040119
-0.0252941
-0.0258333
-0.0566666
-0.020303
-0.0198507
-0.143846
-0.0069928
-0.0325531
-0.0222581
-0.0925
-0.0305405
-0.0042647
-0.143846
-0.0121079
-0.0078846
-0.2425
-0.0067857
-0.0248837
-0.0309615
-0.0359782
-0.0072059
-0.0036111
-0.0044048
-0.0121079
-0.0175
-0.2425
-0.0269827
-0.0524999
-0.0425
-0.0061986
-0.132857
-0.0103571
-0.1925
-0.0091667
-0.135357
-0.0309615
-0.0614285
-1.99
-0.0925
-0.0195271
-0.0028093
-0.0039942
-0.0044048
-0.0733334
-0.0258333
-0.156667
-0.0809093
-0.0125
-0.0310959
-0.0060135
-0.0033696
-0.1175
-0.095263
-0.0042647
-0.0168903
-0.0031383
-0.0061986
-0.115
-0.275714
-0.003489
-0.055
-0.115
-0.0157558
-0.0041279
-0.0060135
-0.0354546
-0.123333
-0.0027041
-0.0566666
-0.0103571
-0.0113679
-0.0091667
-0.159166
-0.0137766
-0.018169
-0.0058333
-0.0341666
-0.0506061
-0.0244828
-0.0067857
-0.0455556
-0.0088934
-0.0347761
-0.0294736
-0.095263
-0.0143903
-0.04
-0.0344445
-0.0039942
-0.1175
-0.0210715
-0.02375
-0.0031383
-0.0309615
-0.0185714
-0.0354546
-0.0207692
-0.0041279
-0.0383871
-0.0028093
-0.49
-0.4925
-0.0207692
-0.0163095
-0.0316666
-0.0247581
-0.0056579
-0.0566668
-0.02375
-0.0042647
-0.0044048
-0.0137766
-0.0168903
-0.0316666
-0.095263
-0.0053205
-0.0133334
-0.0247581
-0.0228031
-0.0091667
-0.1775
-0.0042647
-0.0042647
-0.0142392
-0.037619
-0.0451315
-0.0758335
-0.0316666
-0.0076515
-0.135357
-0.19
-0.0188158
-0.0041279
-0.101111
-0.0051582
-0.0758335
-0.0157558
-0.0076515
-0.0195271
-0.0048457
-0.0513235
-0.0063889
-0.0227869
-0.0106818
-0.325834
-0.0168903
-0.0188158
-0.0219118
-0.0067857
-0.0359782
-0.0545161
-0.1175
-0.0097414
-0.02375
-0.0210715
-0.005487
-0.0072059
-0.0065845
-0.008629
-0.107647
-0.0513235
-0.005
-0.0325
-0.4925
-0.015641
-0.003489
-0.003489
-0.0072059
-0.055
-0.0125
-0.0451315
-0.005487
-0.0175
-0.005487
-0.008629
-0.0181411
-0.0309615
-0.0513235
-0.0039942
-0.1175
-0.0097414
-0.005487
-0.0451315
-0.0426315
-0.0053205
-0.126364
-0.180476
-0.2425
-0.037619
-0.0195271
-0.0284615
-0.0152273
-0.0115054
-0.044054
-0.003736
-0.0591665
-0.101111
-0.0041279
-0.0039942
-0.0106818
-0.0027041
-0.0027041
-0.0258333
-0.107647
-0.0733334
-0.0121079
-0.4925
-0.0078846
-0.0513235
-0.0308163
-0.0110185
-0.0094491
-1.99
-1.99
-0.0852383
-0.0341666
-0.0056579
-0.0614285
-0.115
-0.005487
-0.09
-0.0069928
-0.0614285
-0.0341666
-0.0445455
-0.0065845
-0.0250878
-0.115
-0.0354545
-0.0157558
-0.0088934
-0.0250878
-0.0056579
-0.0325
-0.0733334
-0.0194118
-0.0506061
-0.0269827
-0.143846
-0.0247581
-0.0925
-0.39
-0.0238983
-0.0258333
-0.103611
-0.103611
-0.008125
-0.24
-0.0088934
-0.0027041
-0.0185714
-0.093448
-0.120435
-0.0309615
-0.0046951
-0.0110185
-0.0175
-0.0631708
-0.0292157
-0.1175
-0.0269827
-0.0566666
-0.0074253
-0.0471429
-0.0061986
-0.0065845
-0.0033696
-0.0133334
-0.0060135
-0.0133334
-0.0282143
-0.4925
-0.008629
-0.0032527
-0.0406329
-0.325834
-0.0365116
-0.0640739
-0.0758335
-0.656666
-0.008629
-0.0334782
-0.0700002
-0.0270371
-0.003489
-0.0041279
-0.0133334
-0.0344445
-0.0258333
-0.0094491
-0.0451315
-0.0046951
-0.0157558
-0.0168903
-0.0175
-0.0325
-0.0175
-0.39
-0.0067857
-0.0175
-0.0488235
-0.0210715
-0.105385
-0.135357
-0.0733334
-0.0135294
-0.1925
-0.0036111
-0.0058333
-0.0028093
-0.171818
-0.0152273
-0.0032527
-0.0100438
-0.0181411
-0.0325
-0.0525
-0.0344445
-0.0117308
-0.0103571
-0.0067857
-0.0269827
-0.0228031
-0.002601
-0.040119
-0.9925
-0.0341666
-0.029537
-0.0088934
-0.002601
-0.0106818
-0.0244828
-0.103611
-0.0056579
-0.0097414
-0.0195271
-0.095263
-0.0591665
-0.0334782
-0.0032527
-0.0506061
-0.055
-0.0269827
-0.0506061
-0.0347761
-0.0051582
-0.0065845
-0.0639285
-0.0700002
-0.0044048
-0.0076515
-0.0031383
-0.02375
-0.159166
-0.0051582
-0.39
-0.0100438
-0.092564
-0.0056579
-0.0039942
-0.0455555
-0.0758335
-0.008125
-0.0566666
-0.0341176
-0.0129082
-0.0733334
-0.09
-0.0308163
-0.0387805
-0.017027
-0.0088934
-0.0039942
-0.0451315
-0.0163095
-0.05
-0.0067857
-0.212222
-0.0078846
-0.0137766
-0.212222
-0.0069928
-0.135357
-0.055
-0.0177778
-0.0640739
-0.0325531
-0.0060135
-0.0137766
-0.0143903
-0.0228031
-0.0506061
-0.05
-0.0137766
-0.0769565
-0.0261446
-0.0188158
-0.103611
-0.0117308
-0.0074253
-0.0076515
-0.0440541
-0.0041279
-0.0117308
-0.041282
-0.2425
-0.0279747
-0.0198507
-0.101111
-0.0649999
-0.0219118
-0.159166
-0.018169
-0.0033696
-0.0480555
-0.0325532
-0.143846
-0.0060135
-0.0074253
-0.0173972
-0.0513235
-0.0383871
-0.0219118
-0.0524999
-0.0188158
-0.0042647
-0.0451315
-0.0038636
-0.037619
-0.008629
-0.0210715
-0.0591665
-0.0379545
-0.0716327
-0.0113679
-0.0127273
-0.0426315
-0.0425
-0.040119
-0.0072059
-0.323333
-0.020303
-0.0227869
-0.0471429
-0.0088934
-0.2425
-0.0344445
-0.0058333
-0.0125
-0.4925
-0.0282143
-0.103611
-0.008125
-0.0152273
-0.0106818
-0.0048457
-0.0110185
-0.0045482
-0.0067857
-0.0451315
-0.0202778
-0.0181411
-0.0067857
-0.0513235
-0.0480555
-0.0292157
-0.0125
-0.0060135
-0.029537
-0.0046951
-0.095263
-0.101111
-0.0056579
-0.0045482
-0.0100438
-0.0038636
-0.0228031
-0.0379545
-0.0758335
-0.0545161
-0.0513235
-0.101111
-0.0106818
-0.015
-0.069423
-0.0195271
-0.0284615
-0.275714
-0.1175
-0.0056579
-0.0640739
-0.0325531
-0.0488235
-0.0852383
-0.0219118
-0.0163095
-0.0925
-0.0038636
-0.0334782
-0.2425
-0.0275
-0.0121079
-0.0053205
-0.0614285
-0.0175
-0.0045482
-0.037619
-0.0679222
-0.0188158
-0.0545161
-0.037619
-0.0157558
-0.0117308
-0.0076515
-0.0248837
-0.069423
-0.0250878
-0.0325531
-0.262727
-0.0051582
-0.0061986
-0.015641
-0.2425
-0.656666
-0.0046951
-0.0117308
-0.0065845
-0.0133334
-0.0207692
-0.0365116
-0.040119
-0.0100438
-0.0039942
-0.083409
-0.0525
-0.0506061
-0.0097414
-0.0471429
-0.99
-1.99
-0.24
-0.0639285
-0.0048457
-0.0106818
-0.0758335
-0.0506061
-0.04
-0.0513235
-0.166471
-0.0635295
-0.103611
-0.0488235
-0.99
-0.0524999
-0.008125
-0.0069928
-0.0354546
-0.0028093
-0.0344445
-0.0925
-0.0028093
-0.03
-0.0045482
-0.0113679
-0.115
-0.0078846
-0.143846
-0.103611
-0.0425
-0.99
-0.0046951
-0.4925
-0.0188158
-0.09
-0.11
-0.003736
-0.0195271
-0.0100438
-0.04
-0.0925
-0.0282143
-0.0210715
-0.0168903
-0.0361538
-0.0334782
-0.656666
-0.0163095
-0.156667
-0.323334
-0.0210715
-0.0809088
-0.003736
-0.0195271
-0.09
-0.0060135
-0.101111
-0.275714
-0.0426315
-0.323334
-0.0069928
-0.123333
-0.0417241
-0.09
-0.0088934
-0.0051582
-0.0076515
-0.0325
-0.0142392
-0.018169
-0.275714
-0.0219149
-0.0640739
-0.1925
-0.028961
-0.0277359
-0.0244828
-0.0129082
-0.0051582
-1.99
-0.0219118
-0.0177778
-0.0614285
-0.120435
-0.0053205
-0.09
-0.0041279
-0.0147222
-0.0027041
-0.0387805
-0.0228031
-0.0195271
-0.0036111
-0.04
-0.0525
-0.159166
-0.0074253
-0.135357
-0.0076515
-0.003736
-0.0125
-0.008125
-0.008125
-0.0168903
-0.0435714
-0.1925
-0.4925
-0.03
-0.0060135
-0.0188158
-0.0202778
-0.0471429
-0.0041279
-0.0689476
-0.0168903
-0.0545161
-0.275714
-0.0365116
-0.0061986
-0.0325
-1.99
-0.005487
-0.1925
-0.0067857
-0.047971
-0.0513235
-0.0669232
-0.0041279
-0.0325
-0.0513235
-0.0046951
-0.0078846
-0.0365116
-0.0157558
-0.0088934
-0.0147222
-0.0188158
-0.002601
-0.0700002
-0.02375
-0.055
-0.0027041
-0.0046951
-0.036875
-0.0033696
-0.19
-0.104286
-0.0181411
-0.036875
-0.037619
-0.0334782
-0.040119
-0.0228031
-0.040119
-0.0359782
-0.0065845
-0.0048457
-0.09
-0.0168903
-0.0210715
-0.0032527
-0.002601
-0.0195271
-0.0027041
-0.0488235
-0.0032527
-0.008125
-0.143846
-0.008373
-0.39
-0.0591665
-0.0359782
-0.99
-0.005
-0.0194118
-0.0069928
-0.14
-0.0039942
-0.0060135
-0.0476923
-0.0426315
-0.0117308
-0.0163095
-0.275714
-0.0117308
-0.212222
-0.0117308
-0.0758335
-0.0072059
-0.0163095
-0.0117308
-0.212222
-0.0545161
-0.159166
-0.0758335
-0.09
-0.0244828
-0.0513235
-0.0044048
-0.323334
-0.24
-0.24
-0.0451315
-0.0269827
-0.02375
-0.0100438
-0.0426315
-0.0039942
-0.0227869
-0.0325
-0.0053205
-0.0125
-0.0325
-0.0219118
-0.055
-0.0045482
-0.0769565
-0.095263
-0.0142392
-0.0758335
-0.037619
-0.008629
-0.055
-0.0591665
-0.055
-0.0194118
-0.0028093
-0.0635295
-0.0129082
-0.0269827
-0.0506061
-0.008629
-0.0044048
-0.19
-0.0435714
-0.0195271
-0.103611
-0.0228031
-0.018169
-0.1175
-0.123333
-0.0379545
-0.0060135
-0.0140964
-0.0513235
-0.020303
-0.0133334
-0.1925
-0.275714
-0.008629
-0.0639285
-0.0524999
-0.0031383
-0.0094491
-0.093448
-0.39
-0.0117308
-0.0063889
-0.0325531
-0.0133334
-0.0219118
-0.002601
-0.0228031
-0.0219118
-0.0322535
-0.105385
-0.0294736
-0.0316666
-0.0142392
-0.1925
-0.0058333
-0.0292157
-0.0614285
-0.0488235
-0.0488235
-0.1925
-0.0168903
-0.0168903
-0.0072059
-0.0417241
-0.0238983
-0.0069928
-0.0451315
-0.143846
-0.0137766
-0.159166
-0.0513235
-0.069423
-0.0275
-0.0041279
-0.002601
-0.103611
-0.0247581
-0.0147222
-0.0506061
-0.0455556
-0.0334782
-0.0135294
-0.39
-1.99
-0.0100438
-0.0063889
-0.0292157
-0.0110185
-0.0545161
-0.0031383
-0.0157558
-0.008373
-0.656666
-0.0219118
-0.103611
-0.029537
-0.0347761
-0.0480555
-0.0210715
-0.0029166
-0.19
-0.0325531
-0.0417241
-0.0033696
-0.0137766
-0.0341666
-0.055
-0.0044048
-0.0106818
-0.0041279
-0.0733334
-0.005487
-0.99
-0.0045482
-0.0157558
-0.0669231
-0.0137766
-0.39
-0.0228031
-0.037619
-0.09
-0.002601
-0.0506061
-0.0027041
-0.0129082
-0.39
-0.0117308
-0.0036111
-0.123333
-0.0061986
-0.0476923
-0.0758335
-0.0604223
-0.003489
-0.159166
-0.0649999
-0.0067857
-0.0152273
-0.0188158
-0.0545161
-0.0168903
-0.037619
-0.0597676
-0.1925
-0.0591665
-0.008373
-0.058182
-0.99
-0.0157558
-0.002601
-0.0110185
-0.0758335
-0.069423
-0.0042647
-0.0122222
-0.0033696
-0.1175
-0.0476923
-0.008125
-0.0639285
-0.0072059
-0.39
-0.0036111
-0.0282143
-0.0157558
-0.143846
-0.0137766
-0.0044048
-0.037619
-0.0067857
-0.0379545
-0.0269827
-0.0051582
-0.069423
-0.0341666
-0.003489
-0.24
-0.0147222
-0.0042647
-0.0925
-0.0061986
-0.0925
-0.101111
-0.325834
-0.0051582
-0.0106818
-0.323334
-0.0188158
-0.120435
-0.0106818
-0.02375
-0.0227869
-0.135357
-0.105385
-0.0069928
-0.0480555
-0.0566666
-0.0103571
-0.0038636
-0.0044048
-0.107647
-0.0152273
-0.0451315
-0.0341176
-0.1175
-0.022967
-0.003736
-0.0027041
-0.115
-0.008125
-0.0282143
-0.0097414
-0.656666
-0.055
-0.0292157
-0.156667
-0.0480555
-0.03
-0.107647
-0.0097414
-0.0506061
-0.0614284
-0.0809093
-0.0039942
-0.0325
-0.135357
-0.0513235
-0.003489
-0.171818
-0.0258333
-0.0538298
-0.0261446
-0.0325531
-0.0325
-0.0455556
-0.0053205
-0.99
-0.0426315
-0.0061986
-0.0188158
-0.11
-0.0435714
-0.02125
-0.0045482
-0.022967
-0.115
-0.044054
-0.0076515
-0.0640739
-0.0316666
-0.171818
-0.0325
-0.003489
-0.0175
-0.0769565
-0.003489
-0.0157558
-0.0488235
-0.0509756
-0.101111
-0.083409
-0.275714
-0.49
-0.0591665
-0.0103571
-0.0480555
-0.055
-0.0117308
-0.1175
-0.0341666
-0.126364
-0.0031383
-0.0074253
-0.0379545
-0.156667
-0.0091667
-0.0058333
-0.0513235
-0.0440541
-0.0142392
-0.02375
-0.0359782
-0.0106818
-0.0700002
-1.99
-0.0065845
-0.02375
-0.040119
-0.0733334
-0.0247581
-0.0041279
-0.003736
-0.075714
-0.49
-0.0051582
-0.0152273
-0.003489
-0.2425
-0.0181411
-0.0063889
-0.037619
-0.0097414
-0.19
-0.0051582
-0.0038636
-0.0044048
-0.0051582
-0.0228031
-0.0032527
-0.003736
-0.0097414
-0.0061986
-0.0758335
-0.055
-0.0045482
-0.0045482
-0.123333
-0.0039942
-0.0426316
-0.212222
-0.0056579
-0.0309615
-0.0227869
-0.0078846
-0.0538298
-0.0480555
-0.0053205
-0.0069928
-0.0063889
-0.0032527
-0.39
-0.24
-0.0195271
-0.0028093
-0.24
-0.020303
-0.0202778
-0.0228031
-0.0488235
-0.0513235
-0.003489
-0.0056579
-0.0137766
-0.0330108
-0.0488235
-0.0157558
-0.4925
-0.003489
-0.0591665
-0.132857
-0.0078846
-0.0074253
-0.0270371
-0.0513235
-0.0210715
-0.0809092
-0.0122222
-0.0202778
-0.008125
-0.0425
-0.132857
-0.0222581
-0.9925
-0.008125
-0.0129082
-0.0513235
-0.0270371
-0.0455555
-0.0074253
-0.0133334
-0.49
-0.0227869
-0.0053205
-0.0334782
-0.0121079
-0.0222581
-0.0733334
-0.0122222
-0.156667
-0.0072059
-0.123333
-0.0142392
-0.0257143
-0.0244828
-0.0127273
-0.0238983
-0.0048457
-0.0152273
-0.0181411
-0.0614285
-0.0137766
-0.0142392
-0.0325
-0.0097414
-0.0250878
-0.040119
-0.0181411
-0.0051582
-0.002601
-0.0188158
-0.055
-0.0121079
-0.156667
-0.123333
-0.9925
-0.11
-0.0094491
-0.0097414
-0.0769565
-0.0029166
-0.0056579
-0.0133334
-1.99
-0.0379545
-0.0072059
-0.0589658
-0.0265854
-0.029537
-0.212222
-0.0252941
-0.0925
-0.0758335
-0.126364
-0.99
-0.0181411
-0.325834
-0.0100438
-0.0163095
-0.0250878
-0.103611
-0.1925
-0.14
-0.0359782
-0.275714
-0.0471429
-0.159166
-0.0133334
-0.0106818
-0.0387805
-0.0032527
-0.0426315
-0.0173972
-0.0177778
-0.0061986
-0.9925
-0.037619
-0.0282143
-0.0210715
-0.0219118
-0.0257143
-0.0525
-0.19
-0.0058333
-0.0275
-0.0282143
-0.0152273
-0.49
-0.093448
-0.0577966
-0.0365116
-0.0925
-0.0525
-0.212222
-0.0447945
-0.107647
-0.49
-0.0177778
-0.159166
-0.0137766
-0.083409
-0.0094491
-0.39
-0.0031383
-0.021746
-0.115
-0.0309615
-0.0067857
-0.0284615
-0.0133334
-0.0282143
-0.0269827
-0.0031383
-0.0044048
-0.0194118
-0.0269827
-0.0837502
-0.002601
-0.39
-0.0029166
-0.0129082
-0.0173972
-0.323334
-0.0669231
-0.0545161
-0.0091667
-0.0282143
-0.0700002
-0.0103571
-0.0097414
-0.0103571
-0.02375
-0.0045482
-0.101111
-0.0188158
-0.19
-0.0252941
-0.325834
-0.0455555
-0.0067857
-0.24
-0.0152273
-0.0061986
-0.0284615
-0.418571
-0.008629
-0.212222
-0.0094491
-0.0061986
-0.0033696
-0.0103571
-0.0188158
-0.0137766
-0.0091667
-0.0640739
-0.0048457
-0.02375
-0.0181411
-0.123333
-0.0060135
-0.008629
-0.0552176
-0.0076515
-0.0524999
-0.0480555
-0.0669232
-0.0247581
-0.0700002
-0.0143903
-0.0100438
-0.0146914
-0.0247581
-0.0270371
-0.0027041
-0.0639285
-0.037619
-0.0044048
-0.0065845
-0.0100438
-1.99
-0.159166
-0.0525
-0.0227869
-0.0045482
-0.0257143
-0.4925
-0.19
-0.0513235
-0.135357
-0.0408475
-0.018169
-0.0028093
-0.49
-0.029537
-0.0125
-0.0181411
-0.0566666
-0.0046951
-0.03
-0.0117308
-0.0425
-0.156667
-0.0210715
-0.0669231
-0.0488235
-0.0152273
-0.0227869
-0.0091667
-0.0069928
-0.24
-0.0121079
-0.0175
-0.49
-0.0258333
-0.0045482
-0.0247581
-0.39
-0.0132558
-0.0195271
-0.49
-0.0316666
-0.037619
-0.0524999
-0.0045482
-0.0067857
-0.02375
-0.0365116
-0.0048457
-0.0925
-0.0282143
-0.0344445
-0.0039942
-0.0168903
-0.0125
-0.0100438
-0.0589656
-0.0048457
-0.0076515
-0.0045482
-0.0308163
-0.0471429
-0.0513235
-0.0325
-0.656666
-0.0157558
-0.1925
-0.143846
-0.0359782
-0.0455555
-0.0133334
-0.02375
-0.0852383
-0.49
-0.0157558
-0.0044048
-0.0480555
-0.0045482
-0.0038636
-0.069423
-0.0769566
-0.0063889
-0.0925
-0.0328571
-0.003489
-0.0097414
-0.0769565
-0.0110185
-0.003736
-0.1175
-0.003489
-0.0228031
-0.656666
-0.0480555
-0.0163095
-0.0121079
-0.4925
-0.003736
-0.095263
-0.0379545
-0.0387805
-0.0045482
-0.14
-0.0210715
-0.0032527
-0.0031383
-0.003736
-0.143846
-0.041282
-0.99
-0.003736
-0.0219118
-0.0041279
-0.103611
-0.0063889
-0.0163095
-0.0147222
-0.0030263
-0.0163095
-0.0359782
-0.0039942
-0.0157558
-0.0147222
-0.0309615
-0.0030263
-0.0228031
-0.0027041
-0.037619
-0.0480555
-0.0088934
-0.036875
-0.0506061
-0.0028093
-0.101111
-0.0769565
-0.0669231
-0.0063889
-0.19
-0.04
-0.143846
-0.005487
-0.0088934
-0.0305405
-0.015974
-0.029537
-0.0137766
-0.0309615
-0.0129082
-0.0097414
-0.0250878
-0.0113679
-0.0198507
-0.005
-0.005487
-0.656666
-0.0426315
-0.0925
-0.0152273
-0.0614286
-0.0325
-0.0566666
-0.4925
-0.9925
-0.0100438
-0.0181411
-0.0163095
-0.0365116
-0.0219118
-0.0758335
-0.09
-0.0258333
-0.0163095
-0.0122222
-0.0138095
-0.0045482
-0.0244828
-0.0163095
-0.0649999
-0.156667
-0.0219149
-0.0063889
-0.0769565
-0.156667
-0.0639285
-0.0074253
-0.135357
-0.0263637
-0.0056579
-0.029537
-0.0669231
-0.037619
-0.0138095
-0.029537
-0.0294736
-0.002601
-0.0308163
-0.0157558
-0.212222
-0.0247581
-0.143846
-0.002601
-0.0042647
-0.0513235
-0.0344445
-0.0733334
-0.0168903
-0.0202778
-0.24
-0.0777195
-0.04
-0.0309615
-0.0177778
-0.132857
-0.2425
-0.015974
-0.1175
-0.0545161
-0.0163095
-0.02375
-0.005487
-0.0056579
-0.0113679
-0.0195271
-0.002601
-0.0065845
-0.9925
-0.0113679
-0.0325
-0.0168903
-0.0639285
-0.0359782
-0.008373
-0.0129082
-0.0048457
-0.0056579
-0.0175
-0.005
-0.0379545
-0.0758335
-0.005487
-0.0041279
-0.055
-0.159166
-0.0669231
-0.005487
-0.055
-0.0524999
-0.0219118
-0.0669231
-0.0758335
-0.055
-0.1925
-0.0188158
-0.069423
-0.0065845
-0.002601
-0.0060135
-0.0076515
-0.1925
-0.0053205
-0.0094491
-0.0046951
-0.0591665
-0.0219118
-0.323334
-0.083409
-0.166471
-0.0153165
-0.029537
-0.132857
-0.0163095
-0.0121079
-0.0166666
-0.0072059
-0.0513235
-0.212222
-0.107647
-0.123333
-0.0202778
-0.0631708
-0.0219118
-0.123333
-0.0309615
-0.656666
-0.0270371
-0.0354546
-0.0065845
-0.0782353
-0.075714
-0.123333
-0.0263637
-0.0284615
-0.1175
-0.095263
-0.0076515
-0.0589658
-0.003736
-0.0076515
-0.0129082
-0.0316666
-0.0028093
-0.0194118
-0.0027041
-0.0044048
-0.0640739
-0.0247581
-0.0175
-0.008125
-0.0341666
-0.0069928
-0.0061986
-0.0925
-0.0061986
-0.021746
-0.0925
-0.0194118
-0.0076515
-0.0117391
-0.0121079
-0.0525
-0.0039942
-0.0100438
-0.166471
-0.1175
-0.147895
-0.0069928
-0.0341666
-0.0038636
-0.005
-0.0406329
-0.0041279
-0.0455555
-0.0195271
-0.0700002
-0.0042647
-0.0041279
-0.0094491
-0.0248837
-0.037619
-0.0513235
-0.0370588
-0.0042647
-0.008125
-0.0545161
-0.0325
-0.095263
-0.0545161
-0.0207692
-0.005
-0.0341666
-0.008373
-0.071081
-0.9925
-0.0488235
-0.0359782
-0.0039942
-0.0383871
-0.0121079
-0.0566666
-0.656666
-0.0091667
-0.040119
-0.0157558
-0.0032527
-0.0538298
-0.0524999
-0.0852383
-0.0222581
-0.022967
-0.0100438
-0.0925
-0.037619
-0.0063889
-0.0310959
-0.0480555
-0.0284615
-0.0227869
-0.115
-0.0110526
-0.0076515
-0.0305405
-0.49
-0.0228031
-0.0137766
-0.0202778
-0.0391803
-0.171818
-0.0133334
-0.0041279
-0.0417241
-0.0142392
-0.0029166
-0.0044048
-0.0206123
-0.0033696
-0.0545161
-0.0103571
-0.0048457
-0.0258333
-0.0036111
-0.0072059
-0.0091667
-0.008125
-0.036875
-0.656666
-0.0060135
-0.0354545
-0.323334
-0.0219118
-0.135357
-0.0769565
-0.0074253
-0.212222
-0.0103571
-0.0639285
-0.083409
-0.0181411
-0.0053205
-0.0639285
-0.0513235
-0.008125
-0.49
-0.0769565
-0.008629
-0.0103571
-0.0039942
-0.0033696
-0.0210715
-0.39
-0.0194118
-0.0591665
-0.101111
-0.0033696
-0.0121079
-0.0129082
-0.020303
-0.0088934
-0.0425
-0.0451315
-0.0173972
-0.0168903
-0.0091667
-0.0157558
-0.135357
-0.0117308
-0.055
-0.323334
-0.0258333
-0.0188158
-0.101111
-0.041948
-0.008373
-0.0097414
-0.9925
-0.19
-0.0354545
-0.03
-0.115
-0.002601
-0.0387805
-0.49
-0.39
-0.0202778
-0.02375
-0.0103571
-0.0072059
-0.275714
-0.029537
-0.0046951
-0.04
-0.0589658
-0.0110185
-0.0354546
-0.115
-0.0425
-0.323334
-0.0275
-0.005
-0.0046951
-0.003489
-0.0591665
-0.159166
-0.03
-0.107647
-0.0700002
-0.0202778
-0.0308163
-0.0048457
-0.0117308
-0.095263
-0.0837502
-0.132857
-0.0051582
-0.0639285
-0.029537
-0.0028093
-0.0163095
-0.0067857
-0.0284615
-0.0506061
-0.103611
-0.0455555
-0.0387805
-0.095263
-0.0589658
-0.0113679
-0.0163095
-0.0048457
-0.0506061
-0.02375
-0.0250878
-0.0282143
-0.0513235
-0.003736
-0.0100438
-0.0524999
-0.0088934
-0.0639285
-0.0425
-0.0036111
-0.09
-0.0163095
-0.0078846
-0.325834
-0.069423
-0.0091667
-0.0258333
-0.083409
-0.0137766
-0.0168903
-0.02375
-0.0152273
-0.0041279
-0.0325
-0.0072059
-0.0051582
-0.02375
-0.0033696
-0.003489
-0.008125
-0.0031383
-0.0074253
-0.115
-0.0045482
-0.0044048
-0.095263
-0.0202778
-0.0639285
-0.0181411
-0.0125
-0.0067857
-0.095263
-0.0029166
-0.103611
-0.0137766
-0.005
-0.0219118
-0.0925
-0.0733334
-0.0425
-0.0100438
-0.0195271
-0.0133334
-0.0309615
-0.0258333
-0.0053205
-0.0041279
-0.103611
-0.008629
-0.4925
-0.0088934
-0.0309615
-0.101111
-0.0354546
-0.0048457
-0.0029166
-0.02125
-0.003736
-0.0067857
-0.0058333
-0.002601
-0.0309615
-0.0244828
-0.002601
-0.0639285
-0.0088934
-0.0614285
-0.0029166
-0.0325
-0.0524999
-0.0426315
-0.0247581
-0.0195271
-0.0044048
-0.0354545
-0.0125
-0.0039942
-0.1925
-0.04
-0.0359782
-0.005
-0.0072059
-0.0061986
-0.0103571
-0.0189855
-0.058182
-0.39
-0.0129082
-0.0639285
-0.0238983
-0.0566668
-0.0258333
-1.99
-0.0591665
-0.182308
-0.0334782
-0.0053205
-0.0359782
-0.058182
-0.0925
-0.095263
-1.99
-0.24
-0.24
-0.0758335
-0.24
-0.008629
-0.101111
-0.135357
-0.0048457
-0.0341666
-0.0091667
-0.0233334
-0.0033696
-0.119032
-0.275714
-0.212222
-0.0046951
-0.0455555
-0.0065845
-0.0147222
-0.0029166
-0.0325531
-0.115
-0.0359782
-0.0041279
-0.0056579
-0.069423
-0.0125
-0.115
-0.0181411
-0.0027041
-0.0852383
-0.0354546
-0.0181411
-0.0045482
-0.4925
-0.0270371
-0.0185714
-0.0202778
-0.0265854
-0.2425
-0.0074253
-0.0168903
-0.0088934
-0.0053205
-0.120435
-0.101111
-0.0425
-0.0591665
-0.0925
-0.135357
-0.0163095
-0.0142392
-0.0074253
-0.0094491
-0.0048457
-0.0067857
-0.0168903
-0.041282
-0.120435
-0.0325
-0.24
-0.132857
-0.003489
-0.0506061
-0.0103571
-0.0063889
-0.0875608
-0.0733334
-0.0258333
-0.19
-0.0228031
-0.120435
-0.0614285
-0.9925
-0.041282
-0.99
-0.135357
-0.0325
-0.325834
-0.0142392
-0.0129082
-0.0048457
-0.132857
-0.0129082
-0.0269827
-0.003489
-0.0435714
-0.0175
-0.0146914
-0.04
-0.0091667
-0.0051582
-0.0480555
-0.0129082
-0.008629
-0.0591665
-0.0041279
-0.0614285
-0.09
-0.0076515
-0.0113679
-0.0354546
-0.0325
-0.0309615
-0.0837502
-0.9925
-0.0152273
-0.0041279
-0.14
-0.008373
-0.09
-0.0181411
-0.0425
-0.0689476
-0.0639285
-0.0058333
-0.0852383
-0.0425
-0.069423
-0.0426315
-0.0284615
-0.0051582
-0.0181411
-0.055
-0.0106818
-0.0125
-0.008125
-0.0451315
-0.0129082
-0.156667
-0.0247581
-0.0488235
-0.008373
-0.171818
-0.0284615
-0.1175
-0.0163095
-0.0103571
-0.115
-0.0700002
-0.156667
-0.083409
-0.0591665
-0.143846
-0.069423
-0.069423
-0.4925
-0.0488235
-0.0138095
-0.1925
-0.325834
-0.101111
-0.0125
-0.166471
-0.0181411
-0.103611
-0.0309615
-0.0100438
-0.132857
-0.0045482
-0.0639285
-0.0117308
-0.0733334
-0.0488235
-0.017027
-0.005487
-0.143846
-0.0379545
-0.0036111
-0.2425
-0.0029166
-0.008629
-0.0305405
-0.0103571
-0.120435
-0.003489
-0.0097414
-0.008629
-0.0033696
-0.0133334
-0.0142392
-0.041282
-0.0163095
-0.0769565
-0.156667
-0.115
-0.49
-0.069423
-0.9925
-0.0925
-0.123333
-0.0135294
-0.02375
-0.49
-0.0512245
-0.135357
-0.2425
-0.0282143
-0.0028093
-0.0041279
-0.0061986
-0.1175
-0.020303
-0.0033696
-0.9925
-0.0316666
-0.0545161
-0.0036111
-0.101111
-0.212222
-0.0032527
-0.0088934
-0.0048457
-0.0639285
-0.0058333
-0.171818
-0.0166666
-0.123333
-0.0027041
-0.0078846
-0.0425
-0.0282143
-0.0379545
-0.0166666
-0.0100438
-0.0038636
-0.02125
-0.132857
-0.008125
-0.0639285
-0.095263
-0.0103571
-0.0258333
-0.0589658
-0.008629
-0.0175
-0.0033696
-0.0328571
-0.0589658
-0.103611
-0.0072059
-0.0282143
-0.0325531
-0.0051582
-0.323333
-0.0028093
-0.0689476
-0.0506061
-0.2425
-0.095263
-0.0113679
-0.0226087
-0.0282143
-0.0032527
-0.069423
-0.0669232
-0.0228031
-0.0103571
-0.0451315
-0.003736
-0.275714
-0.003736
-0.0044048
-0.0210715
-0.0591665
-0.09
-0.0513235
-0.135357
-0.0228031
-0.0476923
-0.0769565
-0.0925
-0.037619
-0.0210715
-0.325834
-0.0325
-0.0359782
-0.123333
-0.0051582
-0.0038636
-0.008629
-0.0566666
-0.0257143
-0.0506061
-0.115
-0.0341666
-0.0072059
-0.0258333
-0.005487
-0.0733334
-0.0270371
-0.03
-0.0639285
-0.0067857
-0.021746
-0.0175
-0.0669231
-0.0506061
-0.02125
-0.0147222
-0.0830233
-0.0426315
-0.0129082
-0.0142392
-0.0097414
-0.0379545
-0.0852383
-0.0117308
-0.0393828
-0.101111
-0.0257143
-0.0142392
-0.0044048
-0.02375
-0.0039942
-0.0591665
-0.0344445
-0.0591665
-0.0322535
-0.0147222
-0.0250878
-0.0700002
-0.058182
-0.0133334
-0.0269827
-0.0125
-0.156667
-0.0649999
-0.0125
-0.008373
-0.020303
-0.123333
-0.0133334
-0.0030263
-0.156667
-0.0063889
-0.0056579
-0.044054
-0.0309615
-0.022967
-0.0282143
-1.99
-0.0334782
-0.0094491
-0.0074253
-0.0700002
-0.0308163
-0.0195271
-0.0113679
-0.0700002
-0.003489
-0.0639285
-0.0058333
-0.0207692
-0.2425
-0.2425
-0.0069928
-0.0391803
-0.095263
-0.0325531
-0.0379545
-0.041282
-0.0140964
-0.0129082
-0.09
-0.0837502
-0.0048457
-0.0488235
-0.0091667
-0.0058333
-0.0125
-0.0117391
-0.0044048
-0.0341666
-0.0228031
-0.0133334
-0.008629
-0.2425
-0.0379545
-0.0142392
-0.071081
-0.0060135
-0.0177778
-0.0028093
-0.0488235
-0.0168903
-0.04
-0.0244828
-0.0100438
-0.0094491
-0.0359782
-0.0228031
-0.002601
-0.0168903
-0.156667
-0.0379545
-0.0121079
-0.0152273
-0.0028093
-0.008373
-0.0045482
-0.0769565
-0.0426315
-0.159166
-0.0589658
-0.0506061
-0.0108333
-0.115
-0.0046951
-0.0038636
-0.0053205
-0.115
-0.0238983
-0.0258333
-0.005487
-0.0669231
-0.0046951
-0.0060135
-0.02375
-0.159166
-0.040119
-0.0117308
-0.0147222
-0.171818
-0.143846
-1.99
-0.0425
-0.0545161
-0.323334
-0.09
-0.0219118
-0.0147222
-0.0058333
-0.0036111
-0.015
-0.0051582
-0.041282
-0.0038636
-0.4925
-0.0110185
-0.0032527
-0.2425
-0.0032527
-0.071081
-0.0233333
-0.0067857
-0.0175
-0.0476923
-0.0039942
-0.0631708
-0.0147222
-0.0110185
-0.0525
-0.0344445
-0.0751066
-0.0147222
-0.0684314
-0.0106818
-0.0181411
-0.0044048
-0.0513235
-0.0027041
-0.0152273
-0.002601
-0.083409
-0.0513235
-0.0044048
-0.135357
-0.0045482
-0.0110185
-0.9925
-0.143846
-0.0097414
-0.008125
-0.069423
-0.0325
-0.0354546
-0.069423
-0.0198507
-0.0206123
-0.0053205
-0.0173972
-0.325834
-0.083409
-0.39
-0.0113679
-0.0036111
-0.0146914
-0.325834
-0.0121079
-0.0455556
-0.0168903
-0.0031383
-0.101111
-0.0157558
-0.0029166
-0.0689476
-0.1175
-0.0157558
-0.0341666
-0.147895
-0.0263637
-0.0048457
-0.0269827
-0.0168903
-0.0097414
-0.0088934
-0.0036111
-0.0219118
-0.156667
-0.0316666
-0.0284615
-0.0039942
-0.0029166
-0.0168903
-0.107647
-0.0045482
-0.0408475
-0.0198507
-0.0639285
-0.0041279
-0.0063889
-0.0051582
-0.0325
-0.02375
-0.0042647
-0.0053205
-0.0425
-0.0387805
-0.0031383
-0.0045482
-0.0292157
-0.0258333
-0.0076515
-0.49
-0.115
-0.212222
-0.0455555
-0.029537
-0.021746
-0.0194118
-0.0030263
-0.0125
-0.0181411
-0.003736
-0.0157558
-0.0103571
-0.0188158
-0.071081
-0.0031383
-0.0202778
-0.008373
-0.0091667
-0.0591665
-0.212222
-0.0269827
-0.0263637
-0.0640739
-0.0058333
-0.0669231
-0.0078846
-0.0044048
-0.0067857
-0.0074253
-0.0106818
-0.008629
-0.0250878
-0.0210715
-0.0067857
-0.171818
-0.02375
-0.0115054
-0.0181411
-0.0074253
-0.0250878
-0.0270371
-0.115
-0.0292157
-0.0060135
-0.005
-0.008629
-0.0270371
-0.0359782
-0.0758335
-0.0069928
-0.0195271
-0.0140964
-0.0867743
-0.0334782
-0.0387805
-0.0669232
-0.04
-0.0188158
-0.0039942
-0.0097414
-0.0067857
-0.0341666
-0.0292157
-0.0153165
-0.0188158
-0.49
-0.0325
-0.0782353
-0.0133334
-0.0758335
-0.0142392
-0.323334
-0.101111
-0.0036111
-0.0198507
-0.0451315
-0.156667
-0.0506061
-0.99
-0.0545161
-0.0032527
-0.0466038
-0.0157558
-0.0354545
-0.008373
-0.0524999
-0.0072059
-0.0513235
-0.220769
-0.041282
-0.0104082
-0.0140964
-0.0061986
-0.0103571
-0.0045482
-0.002601
-0.09
-0.101111
-0.0809093
-0.0076515
-0.0157558
-0.008373
-0.156667
-0.0129082
-0.0058333
-0.0488235
-0.14
-0.0045482
-0.39
-0.0142392
-0.0094491
-0.0354546
-0.0074253
-0.0100438
-0.0113679
-0.0308163
-0.0282143
-0.123333
-0.055
-0.041282
-0.103611
-0.0244828
-0.0325531
-0.0188158
-0.0359782
-0.0591665
-0.083409
-0.0142392
-0.0060135
-0.040119
-0.0316666
-0.005487
-0.017027
-0.0334782
-0.008629
-0.0925
-0.0294736
-0.0219118
-0.0308163
-0.0058333
-0.29
-0.0044048
-0.115
-0.029537
-0.0513235
-0.115
-0.0168903
-0.0244828
-0.107647
-0.0614285
-0.0113679
-0.092564
-0.0133334
-0.11
-0.0270371
-0.0127273
-0.0426315
-0.008125
-0.008629
-0.0110185
-0.4925
-0.0769565
-0.008125
-0.0030263
-0.656666
-0.003489
-0.0189855
-0.0106818
-0.003736
-0.0133334
-0.0036111
-0.069423
-0.0039942
-0.171818
-0.0142392
-0.0088934
-0.0033696
-0.0359782
-0.656666
-0.0028093
-0.132857
-0.003489
-0.0152273
-0.029537
-0.095263
-0.0069928
-0.04
-0.0163158
-0.0163095
