-0.052633
-0.030497
-0.068744
0.078749
-0.021156
-0.235062
-0.064614
-0.090063
-0.122949
0.039383
0.053043
-0.082603
0.028235
0.017007
0.00827
0.041911
-0.186696
0.037681
-0.044786
0.082235
-0.015424
-0.040986
-0.00331
-0.248611
-0.017409
0.070949
-0.104279
-0.009941
0.052869
0.139762
0.114472
0.059495
-0.065602
-0.021167
0.001454
-0.083544
-0.048027
0.062848
0.039281
-0.018284
-0.389063
-0.044739
-0.121233
-0.119246
0.078655
0.085087
-0.086339
-0.09088
0.054512
0.037722
0.045942
0.089442
-0.031187
-0.056421
-0.143841
-0.033009
-0.064587
-0.011988
0.036502
0.053496
-0.090638
-0.332833
-0.13789
-0.078638
-0.072938
-0.02538
-0.038676
-0.206331
-0.373123
-0.031101
-0.005177
0.032008
-0.048892
-0.163076
-0.21677
-0.557663
0.01048
-3.26085
-0.059688
-0.04209
0.088264
0.042642
-0.002597
0.010421
-0.202011
-0.133933
-0.040442
0.030338
0.022269
-0.058911
0.017653
0.006018
-0.23005
-0.020085
-0.025294
-0.054679
0.028751
0.023633
0.119524
-0.158925
0.019455
-0.053655
-0.010389
0.026328
-0.065709
-0.007208
-0.343843
-0.079405
-0.083629
-0.015058
-0.097367
-0.083753
-0.028619
0.052388
-0.142105
-0.040606
-0.016568
0.058966
-0.025093
0.065945
0.063311
0.07448
0.068657
-0.013309
0.0155
0.013916
-0.104177
0.076498
-0.132137
-0.240126
-9.77659
-4.26209
-0.293853
-10.0067
-2.42258
-4.01305
-5.63923
-0.640803
-6.84359
-0.612713
-6.56459
-1.82243
-11.5017
-7.89183
-14.5113
-0.583183
-0.267639
-0.318963
-7.0126
-0.653973
-0.351643
-3.19173
-8.63232
-6.25528
-8.19628
-7.67294
-0.323253
-0.328453
-3.19493
-10.6718
-0.855673
-7.04102
-8.33534
-6.02109
-0.814623
-3.17254
-0.458063
-0.690213
-7.11067
-9.81779
-0.734763
-0.159013
-0.193791
-0.277613
-3.17251
-12.1357
-7.97359
-9.13794
-0.292113
-0.285998
-0.608243
-0.697393
-10.7746
-2.6684
-9.82509
-10.1567
-7.23759
-4.54416
-0.745463
-0.622563
-0.693033
-7.13051
-3.58706
-9.24096
-9.87929
-7.6578
-8.64682
-16.3937
-0.518523
-7.43421
-8.05563
-16.1278
-0.19848
-5.61876
-0.446953
-6.26016
-0.844203
-2.55518
-4.45264
-9.13857
-0.394333
-15.3671
-0.394093
-0.587273
-8.41027
-0.718243
-10.6572
-4.91714
-7.22479
-0.203415
-6.9878
-1.64845
-0.054383
-7.63763
-0.748943
-0.405183
-7.88038
-0.410863
-8.43885
-8.45022
-9.84749
-7.8863
-7.89487
-2.19729
-7.72698
-8.97403
-7.22477
-0.143006
-0.746793
-8.73607
-4.90295
-4.78527
-6.58655
-0.825773
-4.89321
-7.4387
-0.474693
-7.79763
-8.13892
-0.340353
-2.18842
-0.519063
-8.35395
-0.756133
-0.602213
-7.84814
-9.02744
-7.62177
-7.47826
-0.332753
-0.709313
-6.78191
-7.29146
-0.899383
-0.504543
-10.3234
-0.671813
-2.08637
-3.29499
-9.09841
-0.726853
-10.5768
-9.38199
-8.27041
-6.86859
-10.3341
-0.639813
-0.622273
-9.13455
-6.94056
-0.694273
-0.874903
-6.91069
-7.5097
-0.620553
-0.316093
-12.832
-0.590373
-6.82563
-0.559293
-7.64875
-0.661533
-10.6777
-0.516003
-0.868833
-10.3252
-11.298
-5.32732
-7.71883
-7.34122
-7.76309
-2.38382
-0.547893
-0.408973
-0.522133
-7.48759
-6.26042
-0.597773
-10.563
-0.247959
-8.99639
-0.855843
-6.45108
-0.409783
-1.42699
-1.85904
-3.85057
-10.0623
-0.525333
-0.174494
-8.29547
-2.09289
-2.30242
-0.776023
-5.90613
-7.51375
-6.20578
-9.46319
-6.96659
0.040679
0.039102
-0.082652
-0.024299
0.005741
0.00173
0.005841
-0.028935
-0.07628
-0.085876
-0.023792
-0.05437
-0.003201
-0.004886
-0.067669
0.056756
-0.013016
-0.01635
-0.003524
0.021636
0.069093
0.000338
0.102546
0.003049
0.089699
0.025395
0.127774
-0.150788
-0.021176
-0.039591
0.06322
-0.010038
-0.16797
0.050718
-0.005148
-0.055469
-0.207386
0.070508
-0.054699
-0.03323
-0.095594
0.043074
-0.030822
-0.011119
0.079906
-0.04397
0.014695
-0.018199
-0.097503
-0.074271
-0.020473
0.047321
-0.00859
0.013847
-0.114298
-0.046474
-0.040085
0.028326
0.008253
-0.103148
-0.026274
0.001541
-0.183312
-0.012122
-0.050832
-0.013871
0.040739
-0.034546
0.128758
-0.115183
0.004445
-0.09698
-0.119922
-0.044473
0.071177
-0.027259
-0.051245
-0.065407
-0.016684
-0.060633
-0.120455
0.075164
0.029477
0.029462
-0.116007
-0.044518
-0.119091
0.008704
0.074027
-0.05351
-0.094408
0.005814
-0.159759
-0.039474
-0.116863
-0.007323
-0.022893
-0.051413
-0.014314
0.056451
-0.002505
-0.013671
0.002374
-0.052079
0.001325
0.022948
-0.043431
-0.114318
0.044473
-0.028582
-0.061502
0.013186
-0.082336
-0.098446
-0.06615
-0.172335
-0.047222
0.020691
-0.037503
0.035552
0.061031
-0.01235
0.060807
-0.071125
-0.005885
-0.136264
-0.077885
-0.052131
-0.03121
-0.11317
-0.027435
0.039016
-0.777633
-0.091659
-0.176233
-1.84476
-0.461673
-2.06781
-0.767873
-0.687523
-3.18833
-5.9561
-1.28635
-0.382853
-5.42587
-0.630163
-1.42713
-0.536503
-1.34149
-1.41634
-1.21148
-2.61677
-0.576003
-0.366083
-0.440953
-0.423273
-0.802903
-1.86524
-4.54665
-2.77984
-0.506843
-1.04402
-0.629413
-0.857653
-0.657413
-2.57873
-0.995783
-8.51328
-0.082332
-0.326713
-0.886063
-1.1508
-1.0823
-1.2787
-1.21147
-5.66644
-0.413883
-0.278744
-5.46789
-5.21878
-2.31145
-0.688483
-0.550393
-0.931163
-0.356553
-5.1753
-4.84295
0.031007
-3.26826
-1.34978
-0.661823
-1.76589
-1.683
-0.267999
-1.04729
-2.32376
-5.91392
-0.462093
-0.447403
-0.29176
-3.45721
-6.0248
-4.02662
-0.102841
-2.40947
-0.339503
-0.711193
-2.54733
-0.160743
-0.450843
-0.444073
-1.47266
-1.19763
-0.696463
-1.91348
-1.41879
-5.04658
-0.961733
-1.47354
-2.81832
-0.255442
-3.22185
-0.783923
-0.968673
-0.368723
-0.906693
-2.32881
-1.24338
-0.298423
-3.4425
-0.746403
-0.432603
-7.10662
-1.53228
-0.624353
-5.38334
-1.3435
-0.503403
-1.94082
-2.43237
-2.95308
-0.460793
-1.19817
-6.23971
-0.541723
-0.235624
-0.920123
-2.28147
-0.396743
-1.14507
-1.41692
-1.47142
-0.457193
-2.14345
-2.1624
-4.91475
-1.55636
-0.119627
-0.504473
-0.350333
-1.18297
-0.464363
-3.06049
-0.919733
-0.955943
-0.585893
-1.43759
-2.33239
-0.763353
-1.15
-6.33145
-3.3657
-1.06939
-1.06108
-0.864763
-0.323293
-1.07423
-10.3717
-1.97721
-0.03338
-7.10066
-1.55348
-1.18985
-0.341663
-0.983993
-1.55111
-4.44157
-1.83849
-0.410243
-0.806993
-0.529023
-1.63412
-0.811193
-2.37082
-0.557663
-1.83858
-3.01336
-1.23592
-7.6683
-1.42835
-0.442553
-0.709353
-0.232014
-0.553613
-0.918643
-1.2459
-2.86181
-0.129813
-0.580023
-0.793143
-0.968413
-3.32761
-0.265888
-3.18533
-1.75322
-2.34715
-0.633393
-0.445303
-0.357183
-4.83882
-2.8774
-0.490673
-5.05275
-7.16002
-1.24054
-10.0641
-2.03427
-0.247344
-1.78495
-0.545403
-5.68593
-7.06113
-0.657793
0.007251
-5.50811
-0.356123
-0.327343
-0.182801
-0.739773
-0.565233
-10.2925
-0.842223
-2.98396
-3.58399
-0.947073
-4.91904
-3.55981
-0.129897
-7.88901
-0.745313
-0.429453
-0.931413
-0.670133
-0.199337
-2.90734
-0.576083
-4.80966
-2.09139
-9.15797
-0.363703
-1.75655
-6.97806
-11.5985
-2.36922
0.027722
-0.466723
-1.292
-0.680573
-0.008198
-2.83393
-0.237945
-1.67793
-0.080064
-2.9887
-10.1464
-1.01463
-5.12947
-0.821853
-3.56525
-5.17589
-1.02789
-5.21223
-0.865043
-2.71153
-1.38837
-4.24701
-1.57618
-0.085769
-1.77298
-0.310973
-5.31101
-1.45886
-5.42479
-6.68732
-0.544063
-0.538083
-2.52978
-4.20975
-0.348083
-0.001427
-0.427103
-0.368423
-5.10901
-0.789033
-3.34085
-1.54325
-5.64175
-0.436883
-6.67736
-1.32483
-4.99268
-6.19054
-4.04013
-0.687513
-0.328593
-1.45017
-5.30983
-0.569843
-1.17432
-0.720513
-0.400873
-4.92581
-0.648473
-2.25079
-0.550853
-2.94878
-0.434843
-0.299083
-5.70783
-0.575163
-0.549193
-0.312293
-2.86355
-4.78181
-0.324393
-0.991703
-2.83749
-0.335523
-1.17563
-2.79463
-0.345213
-0.678113
-0.363193
-0.762163
-0.088792
-0.759683
-5.02206
-1.2963
-2.05382
-0.439603
-0.343973
-0.401603
-0.693663
-1.02939
-4.94403
-8.81005
-0.443273
-0.641573
-0.594263
-0.772573
-0.097399
-0.259769
-0.002567
-0.559803
-62.0849
-78.1766
-8.41596
-14.4299
-11.6276
-16.724
-13.8341
-65.3812
-6.56385
-13.7893
-59.8661
-13.2056
-14.331
-86.5767
-85.5347
-53.6669
-53.0043
-18.7078
-62.0285
-84.5923
-54.4536
-16.4209
-15.7982
-71.5427
-16.8245
-61.4771
-63.004
-63.9143
-20.4734
-14.6685
-71.1479
-65.1626
-56.3468
-62.3324
-71.0097
-63.5431
-53.3714
-52.9112
-9.92099
-24.7022
-18.1089
-17.8751
-13.0892
-87.9597
-22.8437
-60.652
-18.8929
-19.954
-14.1368
-10.9909
-16.9236
-64.893
-60.1694
-64.1689
-14.0226
-62.1031
-1.72956
-50.1269
-16.8309
-10.8902
-56.7871
-60.9061
-46.4036
-61.2255
-54.2744
-9.13597
-65.6735
-54.7839
-46.2861
-19.2333
-17.6699
-11.5954
-15.9075
-21.9028
-62.8752
-19.2661
-55.8362
-77.8792
-65.4999
-19.9091
-67.135
-63.107
-58.1587
-15.77
-17.7042
-7.99521
-69.4539
-12.8546
-49.5487
-12.6972
-13.4965
-11.1232
-14.7983
-57.195
-53.9144
-48.8429
-56.5193
-74.4563
-15.3815
-16.7609
-57.4957
-70.57
-15.6645
-76.488
-65.5719
-20.2464
-19.7568
-17.2392
-16.0984
-381.227
-7.33784
-70.9918
-61.8727
-66.8685
-68.2331
-10.078
-68.7975
-14.141
-61.4707
-64.79
-58.1578
-53.5803
-14.3725
-57.4265
-63.2706
-54.7076
-16.174
-15.9701
-17.7998
-62.6288
-16.4873
-83.0043
-60.0379
-18.728
-49.3232
-19.3108
-9.75149
-62.6524
-19.7038
-18.7011
-59.434
-68.2433
-63.0582
-14.0659
-14.4146
-16.8727
-11.5641
-64.52
-58.542
-50.6755
-18.242
-18.5098
-60.6552
-15.2881
-21.7962
-22.0164
-20.8142
-57.711
-45.3337
-64.6027
-10.116
-66.116
-74.1106
-18.7453
-14.0201
-10.1475
-14.7498
-14.7704
-48.5755
-56.342
-61.0711
-16.5242
-15.3064
-21.7271
-73.5737
-56.295
-71.7823
-79.2602
-86.9443
-51.2494
-18.8389
-22.416
-70.8765
-68.9914
-72.2862
-68.9633
-70.8052
-23.8155
-51.0471
-60.9867
-79.5076
-62.823
-58.934
-53.5348
-16.9611
-19.0896
-24.548
-18.1472
-17.156
-49.9357
-0.047975
-0.012762
-0.043696
-0.125011
-0.039037
0.019528
-0.054736
0.056524
-0.113873
-0.011979
-0.086401
-0.064003
0.066684
-0.1615
0.035009
-0.032734
0.046975
0.098937
-0.022584
-0.075947
-0.015164
-0.088484
0.115831
-0.016372
-0.144286
0.052302
-0.176278
-0.0086
-0.121281
-0.091219
-0.167565
-0.01373
-0.138146
0.058682
-0.175846
0.064656
-0.061336
0.000611
-0.101764
0.086846
0.087592
0.025589
-0.032308
-0.087018
-0.044116
0.041095
-0.031413
-0.163485
-0.026036
-0.104381
-0.126453
-0.220069
-0.076634
0.072211
-0.088744
-0.139103
-0.008329
-0.178917
-0.023382
-0.0578
-0.093546
0.031538
-0.115334
-0.00247
-0.018237
-0.413383
-0.028375
-0.114239
0.064782
0.067139
0.027371
0.051104
0.140036
-0.003845
-0.054707
-0.11341
0.021479
-0.095458
-0.035669
0.052807
0.008202
-0.042823
0.030336
0.114948
-0.005118
-0.009442
-0.077297
-0.038014
0.040483
-0.081641
0.016382
0.083423
-0.028653
0.017575
-0.062435
-0.01764
0.011661
0.083865
-0.144963
-0.19969
-0.035203
-0.172384
-0.069698
-0.054562
0.052224
0.044195
-0.054044
0.000299
0.031083
-0.073915
-0.23207
0.001881
-0.097858
0.012488
0.019236
-0.154236
-0.043323
-0.063264
-0.079218
0.011846
-0.142108
-0.010598
-0.013979
-0.036491
-0.053774
-0.158823
-0.058453
-0.014455
-33.0948
-2.80204
-17.4863
-7.44663
-6.55938
-54.1486
-52.162
-45.5782
-59.3651
-41.3056
-7.93588
-3.04976
-69.059
-45.1834
-5.73929
-4.29708
-35.4725
-3.81166
-10.7968
-23.3078
-20.9069
-2.56359
-5.94204
-14.3979
-2.21679
-7.35971
-31.821
-28.3852
-3.60951
-24.8893
-60.9016
-7.99213
-39.4869
-2.58829
-60.3465
-21.6308
-5.09377
-2.16194
-5.40972
-6.26112
-3.60503
-28.8477
-4.41389
-0.336353
-9.00428
-10.0732
-18.7636
-17.574
-0.533853
-8.31793
-6.98579
-17.693
-2.78834
-3.63033
-45.7979
-59.5535
-64.2519
-0.866643
-39.7782
-21.1922
-3.55759
-2.68363
-49.6763
-9.44909
-10.7378
-8.18629
-0.925863
-19.5075
-0.442843
-3.12778
-45.8936
-9.36939
-28.1315
-2.25242
-7.92635
-13.1028
-54.1876
-12.5975
-25.1796
-7.3769
-2.96918
-50.4695
-4.01096
-1.85978
-15.8823
-5.93979
-1.67898
-7.1959
-2.99683
-7.9576
-0.899143
-1.74322
-4.71699
-27.2264
-19.2759
-10.0063
-23.6662
-3.95637
-58.4527
-13.253
-6.81307
-54.2545
-1.56853
-0.324033
-5.44243
-17.7926
-9.56499
-31.351
-8.02933
-6.11303
-21.2209
-9.06379
-39.9373
-72.0909
-33.6119
-3.82437
-38.6209
-3.37707
-6.61459
-29.7758
-5.58505
-0.120237
-45.4714
-2.90611
-0.613603
-1.03795
-1.33133
-7.63972
-1.7644
-61.7798
-16.4054
-2.17835
-6.81733
-5.79187
-11.4872
-45.544
-3.08307
-0.156674
-34.3381
-5.19251
-7.73131
-8.15749
-13.6329
-4.04484
-1.65617
-3.6853
-67.4231
-17.51
-5.60225
-0.481973
-44.7952
-8.53595
-5.60238
-11.6416
-7.78184
-23.7708
-6.61332
-2.49769
-5.77154
-0.850643
-2.63385
-1.64533
-7.3434
-48.6868
-7.12948
-17.8039
-30.8818
-1.25109
-3.02274
-29.6237
-51.142
-0.385873
-45.2637
-1.63214
-7.30377
-34.0477
-25.7997
-29.0876
-7.94045
-70.3101
-6.9934
-15.5703
-3.20044
-23.1631
-17.7833
-5.38271
-10.3318
-31.7577
-11.0001
-5.39201
-18.2469
-12.6751
-44.567
-11.7856
-7.87643
-4.11952
-36.2612
-0.131527
-1.06086
-1.28632
-0.072958
-0.092207
-0.074283
-0.025443
-0.063402
-0.021095
0.126987
0.057468
0.019404
-0.009782
-0.030911
0.017386
-0.071136
-0.024816
-0.011137
-0.115323
0.017566
0.019868
-0.037776
-0.063178
-0.021136
0.115278
-0.033268
-0.014996
0.030027
0.02357
-0.037666
0.114075
0.185269
0.075431
0.050552
0.048972
-0.090001
0.081798
-0.007961
0.005094
-0.048494
-0.01633
-0.013768
-0.217585
0.062121
0.012581
-0.029479
0.063099
0.13813
-0.060935
0.004652
-0.065796
-0.075798
-0.021814
-0.253826
0.079693
-0.059008
-0.124164
-0.042476
-0.123136
0.030055
-0.031574
-0.179016
0.05732
0.117986
-0.158415
0.060942
0.045857
0.013975
-0.087805
0.007488
0.055134
0.044276
-0.035129
-0.058674
-0.076262
-0.002597
-0.065302
0.069805
0.044051
0.019053
-0.137718
0.052925
-0.032105
0.006707
-0.174107
-0.006743
-0.111565
-0.008427
-0.079258
0.089996
0.090582
-0.150718
-0.009609
0.024868
0.00862
0.003176
-0.035801
-0.019409
0.014556
-0.073826
-0.038553
-0.288526
-0.036716
-0.054074
0.156245
-0.040257
0.03067
0.016936
-0.046512
-0.133172
-0.051278
-0.016002
-0.092047
-0.001629
-0.112797
0.088175
0.055304
-0.106027
-0.029378
0.030784
-0.116887
0.002183
-0.042018
-0.02928
0.082126
-0.106019
0.025848
0.098814
-0.05383
-0.006816
-0.108166
-0.040958
0.089533
-0.711633
-8.96614
-0.590513
-3.26563
-9.11863
-0.421643
-0.283408
-0.667913
-0.409943
-1.72223
-7.06195
-0.407413
-7.71642
-0.410353
-2.38243
-0.449793
-0.191512
-0.288923
-0.378013
-0.328713
-3.1508
-8.05779
-0.746703
-0.823443
-8.08883
-0.659453
-0.509273
-2.39817
-2.24639
-6.57877
-0.634363
-0.512213
-7.50264
-0.149412
-4.3147
-6.88148
-9.55969
-8.28059
-0.645863
-0.372643
-8.12331
-8.41142
-0.584923
-0.646263
-0.562433
-6.43227
-0.490723
-7.98789
-8.61529
-5.50154
-2.02614
-9.19621
-3.64892
-0.587823
-0.593203
-8.37223
-0.763683
-0.725973
-8.68523
-0.179679
-0.593723
-2.03653
-0.426363
-0.620993
-0.825403
-0.797883
-0.410623
-0.076108
-0.451763
-0.458333
-0.648723
-0.626563
-0.515353
-0.844953
-3.50152
-0.083622
-5.09116
-7.52688
-9.37639
-2.31607
-5.98081
-7.14369
-8.34619
-6.71878
-4.92091
-4.735
-8.12091
-7.12339
-0.787803
-0.130456
-2.35101
-0.643343
-8.36126
-0.643653
-0.598873
-0.947983
-0.495863
-0.370623
-0.542663
-1.71575
-2.14072
-4.28278
-8.74255
-5.9093
-8.61577
-8.35375
-0.599613
-7.04214
-2.331
-0.542923
-5.2873
-0.235302
-0.200486
-0.447123
-0.417353
-0.236008
-3.98672
-7.0711
-8.01653
-0.659083
-0.436163
-0.630703
-0.778873
-9.14019
-8.3429
-0.555383
-2.38677
-0.441993
-7.81914
-0.502253
-0.19687
-0.507663
-0.432973
-6.42919
-0.283944
-2.49182
-0.426703
-8.10999
-8.01608
-0.401993
-9.79139
-0.442853
-7.7279
-7.24845
-7.42272
-1.82584
-8.59943
-5.55232
-0.448533
-2.40427
-0.24185
-6.0254
-0.312393
-2.77292
-0.240297
-2.0102
-1.98409
-6.96584
-0.559783
-8.82935
-1.86735
-3.42389
-0.704753
-7.49986
-5.21148
-0.660983
-10.1028
-8.5173
-5.67475
-7.90832
-5.40611
-8.81883
-1.95831
-7.2808
-9.53969
-7.46516
-0.633703
-0.461803
-0.491463
-6.04133
-0.374163
-4.02144
-4.56517
-0.448003
-0.620323
-0.728143
-7.20604
-0.905073
-0.757293
-0.942723
-2.26648
-0.370933
-2.9328
-0.482493
-0.460563
-0.452893
-0.456163
-6.65001
-7.37641
-5.59457
-0.088896
-0.050694
-0.11198
-0.016632
0.064527
-0.021178
-0.101404
0.088324
0.046468
-0.10274
0.00715
0.039439
-0.059749
-0.001251
-0.0721
-0.093584
0.027411
0.011824
0.032549
0.072889
-0.056984
-0.055175
-0.065796
-0.03845
-0.084622
0.035044
-0.097433
-0.053771
-0.150939
-0.014103
0.052619
0.020145
-0.014091
-0.040459
-0.113561
0.001931
-0.10826
0.037384
-0.044225
-0.016284
0.018453
-0.003721
0.013802
-0.059296
-0.088647
-0.04637
-0.038823
0.031528
0.114543
0.027977
-0.135087
-0.050314
-0.08533
-0.075171
0.002357
-0.006527
0.125796
-0.048978
-0.011801
0.015349
-0.019693
-0.018369
-0.034551
-0.062925
-0.064224
0.092102
-0.267832
-0.246323
-0.049658
-0.060614
-0.054014
0.029514
0.005715
0.062627
-0.05891
0.01716
-0.065874
0.050691
-0.004064
0.043777
-0.141692
-0.059166
-0.054782
-0.075953
0.029028
0.031136
0.044414
0.039252
-0.078645
-0.148919
-0.127486
-0.011342
-0.147068
-0.044226
-0.067278
-0.011706
-0.103521
0.009157
0.109586
0.054785
-0.143839
-0.008616
-0.028659
-0.06106
-0.10322
-0.100568
0.035304
0.002418
0.038019
-0.140007
-0.016717
0.150314
-0.063937
0.054996
-0.108615
0.00235
-0.129272
-0.051109
-0.016883
-0.008652
-0.101914
-0.012785
-0.121556
0.026845
-0.033914
-0.039545
-0.105108
0.110487
-0.090862
0.009665
-2.14868
-1.79654
-0.958853
-0.132642
-4.93234
-0.977563
-0.262028
-7.79283
-2.08462
-3.16749
-6.70593
-1.67297
-2.41849
-7.10387
-0.447863
-0.647613
-0.249738
-1.20311
-2.00089
-0.784423
-0.851833
-0.174214
-2.78925
-1.32107
-0.919773
-0.590743
-0.433733
-2.06779
-6.80194
-0.759873
-1.68411
-2.17641
-4.95517
-0.502463
-0.921973
-0.412133
-0.385443
-3.31083
-0.630153
-0.805193
-1.42619
-1.05009
-0.563753
-4.28411
-2.63472
-0.294873
-0.608943
-4.05422
-1.33666
-0.910063
-0.914923
-0.2695
-0.374813
-3.11785
-3.70168
-1.64683
-1.02344
-2.28459
-1.68684
-0.363723
-0.463673
-1.05495
-0.877893
-1.4166
-0.618093
-0.426813
-2.9083
-3.3827
-0.417373
-0.511343
-0.917423
-0.348973
-1.13656
-0.856533
-0.220355
-0.389643
-0.09981
-1.04509
-9.36039
-0.371003
-0.697923
-7.57105
-0.949853
-0.804373
-4.57534
-2.22373
-0.843163
-0.417173
-1.32599
-1.83818
-0.592863
-2.87329
-0.833283
-0.689913
-0.265092
-0.444113
-3.32739
-4.14659
-1.89709
-3.7075
-0.980103
-1.0179
-0.384003
-1.40031
-0.772473
-0.978843
-7.09946
-0.502083
-3.11924
-2.72335
-1.46075
-1.11551
-0.184525
-0.718503
-0.665813
-0.704133
-1.56535
-3.60078
-2.84131
-0.438543
-6.38809
-3.68901
-0.984023
-0.587293
-0.969553
-2.01066
-0.381233
-0.034279
-1.9526
-1.59188
-0.252062
-1.53496
-0.439353
-4.11401
-5.08544
-6.14532
-1.08927
-2.46423
-0.316483
-0.663023
-0.274268
-5.02951
-3.06494
-0.478373
-4.36649
-1.09141
-0.894493
-5.33754
-0.346823
-0.692103
-0.675813
-2.39893
-4.03303
-6.09083
-0.168934
-1.12464
-0.683203
-1.51536
-1.17909
-2.04038
-0.625633
-0.729473
-4.33572
-2.69874
-0.897123
-0.765763
-2.59544
-0.666913
-0.764143
-1.03502
-1.51693
-0.836073
-2.86507
-1.25627
-0.730723
-0.739743
-0.0306
-0.279073
-6.1589
-5.16198
-1.60031
-1.00615
-0.484793
-5.75513
-8.23533
-0.118431
-0.325353
-0.485923
-0.571723
-2.55872
-0.429443
-2.10259
-1.16498
-4.41644
-0.386993
-4.52167
-1.08466
-0.247982
-0.404613
-0.504833
-0.965403
-0.530303
-0.899703
-0.330763
-0.947603
-1.22676
-1.15554
-0.836763
-1.70977
-0.443923
-0.163908
-0.486343
-4.07104
-3.60854
-1.22642
-0.392323
-0.685043
-0.500533
-0.485673
-0.421633
-6.41221
-5.55265
-1.59692
-0.785363
-0.784243
-0.909083
-0.405233
-0.800003
-1.05851
-0.585723
-2.06718
-0.367713
-0.01274
-0.398713
-0.230379
-0.911293
-0.500613
-2.26779
-0.099763
-2.87501
-0.759483
-0.301933
-0.621753
-0.649623
-0.528833
-0.352503
-0.631523
-0.743283
-11.0981
-0.776343
-0.499623
-1.193
-1.08953
0.052646
-1.05052
-1.11753
-0.558493
-0.286536
-0.841653
-0.263133
-0.682213
-1.21887
-2.20148
-6.82017
-0.405063
-2.97847
-0.121127
-0.834203
-0.630763
-0.609023
-0.652283
0.006963
-0.820443
-1.33544
-0.092896
-2.71918
-1.02551
-2.23487
-1.06317
-0.430443
-0.387873
-0.948653
-1.08212
-0.991473
-0.19993
-0.499313
-2.68581
-2.65143
-4.82409
-0.028693
-0.310913
-0.413673
-3.48945
-1.22367
-0.403463
-0.464583
-0.388573
-3.95059
-4.27603
-0.655673
-0.177268
-1.65683
-0.974123
-0.293483
-4.6417
-0.839203
-0.427143
-0.198849
-0.367643
-0.860763
-0.958383
-1.42914
-1.65262
-0.439223
-0.598163
-1.00422
-4.13529
-0.512823
-0.273485
-0.510013
-0.815093
-0.275464
-4.13632
-1.0707
-0.918903
-1.36851
-15.1061
-8.3736
-15.6103
-17.6889
-64.7446
-61.4876
-13.3278
-18.6409
-54.5408
-16.68
-14.5297
-15.165
-12.7966
-48.4858
-13.6518
-16.1276
-11.8567
-16.3328
-17.4132
-12.2837
-60.5829
-16.5349
-7.86683
-48.3825
-11.1073
-52.1475
-12.1413
-52.3361
-10.4163
-53.049
-14.7176
-10.8072
-10.5873
-50.4246
-11.7808
-16.344
-64.8253
-16.1401
-20.7804
-9.60839
-51.7755
-67.9429
-16.9707
-6.95123
-62.0788
-18.4949
-16.1293
-53.3355
-63.0328
-55.8526
-60.6552
-14.424
-15.4524
-59.3673
-62.1479
-52.9013
-9.93879
-15.6573
-65.6201
-15.3273
-12.687
-59.338
-15.0595
-10.7822
-56.7491
-18.9759
-48.6848
-17.4168
-16.0399
-10.2781
-19.5883
-56.2575
-15.2761
-17.7078
-19.2382
-18.1021
-57.6985
-15.2947
-63.7702
-65.2053
-17.719
-16.8194
-16.103
-55.829
-9.92449
-65.9224
-8.71237
-76.4318
-17.3619
-21.0637
-74.5835
-10.7997
-64.9809
-51.1622
-14.6283
-14.1255
-51.9284
-6.66462
-5.84014
-52.1879
-59.15
-63.4578
-59.2283
-50.3566
-55.8836
-16.1873
-19.0417
-16.6864
-16.5573
-16.4936
-19.5351
-20.9664
-55.5332
-16.049
-17.3853
-17.6296
-13.375
-64.5889
-16.1725
-15.7699
-53.4808
-60.1579
-63.0163
-63.5571
-15.6489
-58.1485
-17.5828
-12.3394
-52.98
-14.7369
-17.6431
-11.9675
-52.7518
-51.3116
-47.0623
-11.3966
-53.7379
-13.4352
-19.259
-14.498
-19.1922
-19.0357
-12.2035
-46.5732
-14.0993
-49.8612
-14.4719
-73.7886
-66.7705
-16.6323
-57.1939
-18.156
-14.5981
-11.6901
-14.7687
-13.3343
-53.1702
-17.5517
-55.893
-16.2188
-14.2942
-6.76462
-7.33997
-11.1944
-15.4293
-19.3631
-9.72239
-47.7082
-20.2924
-14.0207
-11.268
-20.4839
-18.0434
-9.65069
-4.54371
-11.2494
-51.5368
-10.0003
-12.6255
-17.8918
-11.7603
-14.8453
-73.2973
-16.1754
-51.7533
-8.91332
-22.1937
-62.3241
-10.951
-2.51491
-21.0571
-18.8853
-16.4032
-50.054
-58.3441
-49.8243
-14.803
-13.1982
-18.4974
-52.0528
-0.048333
-0.027841
-0.152724
-0.019364
0.05641
0.04735
-0.031021
0.136314
0.039159
0.094734
-0.096023
-0.027472
-0.044273
-0.069722
-0.053792
-0.058008
-0.100937
0.054354
-0.026984
-0.020271
0.044228
-0.01725
-0.082236
-0.080158
-0.162603
0.031953
-0.021366
0.002444
0.049651
0.012451
-0.121902
-0.108455
-0.145383
-0.001532
0.031325
-0.114909
-0.087289
-0.082957
-0.071429
-0.000147
-0.038849
-0.05963
-0.002033
0.027285
0.026796
-0.0353
-0.184143
0.061804
-0.013544
0.051036
0.009441
0.05681
-0.007542
-0.043242
0.029543
-0.052209
-0.090499
-0.1111
-0.005642
0.024266
0.019528
-0.033665
-0.021692
0.002724
-0.056963
-0.010049
-0.037783
0.017641
-0.00252
0.065896
-0.015842
-0.025249
0.008574
-0.017464
0.053968
-0.026311
0.044466
-0.044878
0.042202
0.071505
-0.000913
0.05678
-0.223274
-0.011088
-0.034346
-0.085072
-0.064974
0.004244
-0.013401
0.014149
-0.062135
-0.174521
-0.040327
-0.110805
-0.061617
0.007121
-0.116096
0.013679
-0.021954
0.030112
-0.016632
-0.031442
-0.083823
-0.086078
0.041451
-0.116446
-0.123302
-0.051722
0.044547
0.079605
-0.119382
-0.001755
-0.029256
-0.004667
-0.077524
-0.03385
0.031411
0.032648
-0.080254
-0.142509
-0.192828
-0.19136
0.041165
-0.083084
0.043846
0.039627
0.018337
0.085884
-0.000907
-0.068285
-0.003855
-0.350413
-0.017247
-0.131222
0.04654
0.049397
-8.21018
-21.3847
-2.25956
-2.903
-4.70929
-4.52847
-4.13347
-58.4779
-7.06601
-7.82809
-6.74543
-3.80234
-31.1462
-5.60348
-40.2607
-4.3748
-9.62939
-1.10921
-16.3724
-33.7569
-55.6231
-4.21363
-15.9035
-38.9742
-31.2209
-0.985803
-0.950113
-0.819453
-6.06289
-7.98389
-9.68729
-2.88345
-41.8769
-2.43732
-12.8794
-8.50536
-2.1476
-24.9131
-1.70076
-3.08459
-5.82062
-5.62644
-18.2872
-9.21216
-1.85854
-6.21286
-5.27318
-2.13618
-8.84316
-13.65
-5.12579
-0.519973
-0.861723
-30.6173
-27.2812
-0.226338
-3.58599
-36.7121
-27.0475
-8.87911
-5.20728
-11.6522
-15.6212
-5.8171
-9.66319
-1.7818
-27.7753
-3.84457
-55.1496
-4.1742
-0.501073
-26.9161
-48.123
-2.07684
-1.00638
-0.416793
-14.5658
-17.8072
-27.6789
-7.45265
-7.09654
-3.32658
-1.80054
-8.67211
-0.05573
-39.108
-0.231674
-48.4066
-17.2985
-11.0575
-50.5295
-8.10576
-16.564
-2.38701
-1.9859
-2.80272
-23.3013
-84.9943
-12.9783
-1.24964
-3.03767
-9.43659
-11.5727
-3.65524
-9.30489
-5.93347
-2.94107
-3.00749
-3.28954
-1.52702
-30.7507
-0.721293
-20.1782
-8.34339
-11.5194
-7.30653
-3.81625
-6.97022
-5.09718
-4.61023
-2.16004
-8.70083
-13.5681
-23.2634
-5.76946
-32.5513
-6.48139
-7.09552
-8.68268
-0.976913
-8.55766
-26.3685
-3.61378
-3.73327
-22.2292
-3.46661
-13.9865
-17.6788
-15.2576
-5.23776
-1.28277
-24.2592
-1.03966
-32.6864
-27.3221
-22.1009
-2.18085
-1.82569
-6.01757
-4.76871
-0.577083
-0.204802
-0.005253
-3.44735
-1.3073
-7.4148
-47.4259
-3.48919
-4.73439
-0.688953
-8.37947
-4.32069
-18.0154
-3.59575
-33.6286
-0.073659
-5.7914
-11.3159
-4.14599
-64.9793
-3.35094
-1.45565
-22.7504
-0.780383
-2.51091
-68.3056
-1.24378
-42.1029
-40.0938
-4.27479
-26.588
-8.60292
-0.904203
-3.24327
-20.0827
-41.82
-13.0593
-0.882083
-19.6407
-2.99461
-7.18418
-0.688993
-1.29637
-0.658963
-20.0745
-43.3579
-6.39712
-1.54157
-45.3469
-2.76383
-0.047933
0.030928
0.039783
0.04442
0.091334
-0.014859
-0.043847
-0.089947
-0.008216
-0.034389
0.039428
-0.040209
0.07637
0.026498
-0.009682
-0.028797
0.031795
-0.004384
-0.243378
0.044876
0.035112
0.035146
-0.069202
0.1105
0.118856
-0.031304
-0.01294
-0.050146
0.002141
-0.058672
0.060842
-0.061057
-0.060903
-0.020689
-0.020605
-0.066142
-0.069954
0.015187
-0.035319
-0.007361
0.048482
-0.044808
0.057562
-0.115144
-0.064913
-0.111367
0.006719
-0.087898
0.160443
0.090359
-0.069644
0.004458
0.015905
-0.056179
-0.023093
0.106465
-0.024919
-0.000314
0.037758
0.022216
-0.172267
0.058651
0.059331
0.042802
-0.025035
0.051562
0.176495
-0.139968
-0.008509
0.062378
-0.00135
0.13083
0.046941
0.073269
-0.048898
-0.045046
-0.003339
0.021754
-0.014187
0.081717
0.03822
-0.05852
0.00378
0.049805
0.073247
0.004739
0.024408
0.041941
0.029993
0.011208
-0.078469
0.064653
0.059476
-0.087583
-0.111616
-0.039424
0.073988
-0.062426
-0.069537
-0.058504
-0.037487
-0.006421
0.026262
0.011851
0.068675
0.035252
0.014151
0.01833
-0.032242
0.043738
0.057123
-0.011654
0.063224
0.065736
-0.002077
0.006357
-0.103284
0.057903
-0.099818
-0.140131
0.032991
-0.002787
0.115742
0.005989
-0.035138
0.073005
0.047749
-0.10255
0.00451
0.085869
0.018675
-0.014111
-0.012652
0.00955
0.066728
0.069421
-0.134941
-0.070433
0.013094
0.06075
0.044108
0.078489
0.001035
0.116032
-0.16585
-0.785453
-6.08537
-0.474253
-0.377663
-0.248388
-6.63482
-0.285809
-0.492743
-0.400663
-0.530123
-7.30627
-0.632683
-0.112621
-0.457413
-0.277353
-0.327333
-9.52679
-6.62345
-0.427403
-0.430403
-2.41762
-0.622403
-0.570433
-7.99803
-0.448293
-0.230254
-0.28315
-8.55758
-0.372683
-0.206746
-0.508973
-0.031221
-8.71853
-8.15942
-0.613613
-5.24755
-0.403833
-0.142887
-0.859253
-5.8533
-6.31661
-0.734463
-0.951023
-7.90326
-6.98868
-9.10367
-1.80223
-2.02742
-0.706393
-0.485243
-0.461143
-7.94619
-3.39284
-0.304973
-3.51023
-5.06586
-6.95224
-0.555623
-0.277386
-7.83414
-0.423733
-0.594963
-0.589083
-0.092
-6.51162
-0.392903
-9.23722
-6.88237
-0.376683
-0.595953
-0.129476
-0.524313
-8.91453
-1.84761
-0.384433
-0.197686
-2.36947
-6.43429
-2.12498
-0.345693
-0.270547
-1.92211
-0.258021
-0.313073
-0.579243
-6.20077
-0.120656
-6.11024
-0.09441
-6.9211
-9.24
-0.478073
-0.652413
-8.64741
-7.01444
-0.329313
-8.08334
-0.551623
-6.67359
-8.46764
-9.33899
-0.366063
-2.08383
-0.634103
-0.381623
-2.12578
-0.752053
-0.989323
-2.92316
-2.92276
-7.10052
-0.080408
-0.523053
-0.357473
-0.258439
-0.425123
-0.653833
-7.2724
-0.219758
-0.440573
-3.21189
-0.341093
-0.397753
-7.05327
-0.553773
-0.446343
-0.695433
-7.83573
-8.6045
-0.182273
-0.461383
-0.341713
-0.458183
-0.527033
-5.23014
-3.86867
-0.977673
-2.07557
-0.173467
-1.96529
-6.21474
-7.22098
-0.624073
-4.49325
-8.78191
-0.829543
-0.245411
-2.11951
-6.29522
-0.291728
-0.539393
-3.63124
-2.65818
-7.19163
-6.90205
-9.06531
-0.279052
-0.549213
-0.453723
-0.136114
-8.91389
-0.223465
-0.667153
-7.16613
-0.100223
-0.309263
-0.285634
-0.298093
-0.228388
-2.23796
-8.39194
-0.549323
-0.443513
-0.432213
-0.23759
-0.266035
-4.85654
-2.00919
-7.61383
-8.16881
-0.222795
-2.13558
-0.136001
-0.262143
-0.519673
-6.66181
-2.63983
-6.20967
-0.093916
-0.196137
-0.492613
-2.18563
-3.57839
-6.87885
-7.70882
-7.33203
-0.403483
-5.84416
-6.77691
0.025028
-0.044497
-0.015179
0.062141
0.046341
-0.088175
-0.032377
0.026971
-0.074975
-0.146693
-0.086058
0.044971
-0.011088
-0.04902
0.051007
-0.212832
-0.038671
0.033337
0.032685
-0.00751
-0.020722
-0.052324
0.052364
0.044628
-0.147207
-0.130288
-0.00894
0.015727
0.073154
-0.021778
-0.086641
-0.077748
-0.029682
-0.074258
-0.103916
-0.044549
0.004375
-0.015406
0.056579
0.06391
-0.030056
-0.041844
-0.041353
-0.07114
-0.020492
0.009504
-0.024856
0.087585
0.018736
-0.024734
-0.014511
0.128921
-0.024141
0.040955
0.140217
-0.098802
0.023738
-0.124554
-0.057432
0.020056
-0.15609
0.012155
0.069291
0.056224
-0.128541
-0.049753
-0.042941
0.016167
0.039379
-0.132186
-0.028665
0.111697
-0.073742
-0.215053
-0.112698
0.101669
-0.018603
-0.109198
-0.004718
-0.051124
-0.002866
0.012622
-0.037454
-0.009031
-0.078273
0.001174
-0.005874
-0.044525
0.105834
-0.101587
0.125113
0.01319
-0.122427
-0.088555
-0.015727
-0.073848
0.043184
0.007347
-0.102674
0.021248
-0.144561
0.034285
-0.208211
-0.167913
-0.07948
0.089138
0.006523
0.12148
0.039363
0.04166
0.08519
-0.163278
0.00751
0.003892
0.050706
-0.065273
-0.199957
-0.097097
-0.011367
-0.011206
-0.038228
-0.02259
-0.01054
0.019759
-0.12825
0.087144
-0.07955
0.004593
-0.022864
-0.021874
-0.058355
-0.181326
0.047838
-0.018689
-0.755573
-4.63232
-0.441173
-1.38887
-4.67331
-1.10812
-0.329073
-0.341723
-3.39026
-0.284344
-0.180766
-1.78917
-2.56115
-0.660303
-0.040988
-0.808523
-0.852733
-1.63469
-4.49523
-0.339383
-0.532703
-0.440833
-1.32905
-1.46337
-0.586653
-0.881163
-0.724553
-0.601483
-0.397153
-0.477143
-0.804743
-5.29451
-0.481793
-2.26459
-0.628393
-0.214618
-4.74883
-1.00533
-0.651223
-0.956233
-0.799533
-0.833033
-0.272083
-0.910853
-1.25938
-1.94385
-0.425993
-0.873163
-0.987513
-2.45531
-0.494103
-0.084784
-1.28473
-0.413763
-1.35132
-1.38421
-3.56533
-0.664753
-1.65139
-0.349123
-0.874373
-0.642013
-2.72228
-8.60112
-1.28187
-0.848743
-3.41413
-1.83529
-3.43621
-1.13262
-0.562333
-6.67573
-0.960813
-1.39377
-4.7334
-2.98181
-2.56349
-0.590693
-0.695373
-1.46694
-0.442423
-1.19608
-0.420253
-0.504553
-1.43264
-0.434033
-2.89053
-0.764793
-3.70024
-3.29599
-0.400223
-0.556033
-0.391983
-0.548433
-0.071605
-1.87159
-1.67279
-0.839163
-0.699763
-0.863123
-0.333563
-0.245146
-1.01865
-4.98922
-0.550623
-1.36434
-0.477543
-0.799963
-0.465473
-0.338653
-1.26084
-0.459283
-0.092549
-1.03813
-0.748033
-6.60295
-4.65129
-1.01547
-0.694343
-0.376543
-0.947403
-0.345603
-0.536133
-1.03568
-1.62563
-3.14384
-1.99478
-1.08639
-4.76225
-0.177336
-0.436623
-0.589673
-5.39919
-0.246357
-0.481153
-4.52577
-0.157865
-1.04669
-0.880633
-0.158763
-5.92098
-0.484113
-1.02664
-2.25443
-0.776643
-0.729663
-0.288605
-1.90968
-0.659263
-0.131273
-0.140743
-0.374273
-6.33124
-2.31277
-0.990683
-5.12444
-2.66619
-2.00983
-3.79154
-0.201263
-0.878423
-1.37877
-0.556423
-3.25092
-0.603433
-6.15897
-0.738813
-4.25859
-1.63826
-0.371763
-1.15797
-3.13741
-0.814903
-0.732353
-0.877343
-1.00864
-0.846223
-3.17849
-1.70388
-0.278935
-0.922703
-1.40466
-2.51862
-5.56678
-0.415843
-0.528323
-0.470503
-0.610433
-0.719463
-1.86702
-2.05846
-2.39464
-0.270176
-2.44763
-0.320363
-0.458273
-2.72499
-0.215556
-0.467603
-0.639383
-0.313533
-0.653903
-0.474413
-0.477753
-0.295003
-0.370713
-0.329903
-0.712813
-0.328223
-0.198392
-0.641103
-0.510063
-0.322683
-0.262293
0.01345
-0.280144
-0.794493
0.00258
-0.656663
-0.289446
-0.801863
-0.955933
-0.279439
-0.559583
-0.854053
-0.287783
-0.601783
-0.549123
-0.821273
-0.417513
-0.493793
-0.478483
-3.05135
-2.08543
-0.268421
-0.702563
-0.996343
-0.656493
-1.49167
-0.882223
-0.665063
-0.643873
-0.585283
-3.59301
-1.51087
-0.633203
-3.60429
-0.378283
-7.45196
-0.580383
-0.256789
-0.651933
-1.18423
-0.528283
-6.12684
-0.008459
-5.50613
-0.189702
-0.401253
-0.975323
-0.608493
-0.553973
-0.621553
-0.307013
-1.31145
-0.428733
-0.706573
-0.299403
-0.854813
-1.32786
0.015738
-0.104698
-0.561383
-0.451993
-0.470713
-0.422503
-0.847063
-1.05863
-0.242261
-0.333683
-0.253187
-1.04021
-0.24979
-0.679963
-0.695783
-0.064554
-1.76701
-0.550263
-0.514963
-0.268549
-0.688683
-0.432593
-0.647313
-0.975553
-3.30812
-0.714433
-0.302803
-0.402303
-0.646923
-1.20103
-4.38817
-1.77574
-0.324873
-0.416183
-0.323253
-1.22372
-1.65588
-0.358663
-0.838023
-0.555023
-0.565553
-0.609233
-0.494723
-4.89403
-5.62055
-0.237247
-5.63518
-0.972293
-0.068211
-0.778923
-0.547813
-0.489953
-5.16777
-1.52934
-0.469273
-1.30004
-0.302493
-1.09813
-2.74667
-62.4157
-19.3755
-62.7232
-4.1732
-19.4603
-10.9369
-64.9342
-13.6004
-67.0565
-16.0263
-11.7456
-56.4898
-59.6642
-46.1723
-10.9117
-53.7805
-13.0673
-16.2825
-16.8405
-13.9373
-17.6238
-12.0168
-10.139
-55.6278
-12.2272
-10.9119
-9.88949
-17.8395
-19.1496
-12.3609
-13.3379
-17.766
-18.6781
-17.555
-18.8324
-8.23895
-18.3074
-57.6055
-13.1541
-18.3153
-10.5412
-5.81245
-59.5664
-67.6541
-12.3613
-16.3849
-12.2785
-16.0085
-54.0452
-17.6199
-11.7256
-10.7355
-14.5063
-16.3918
-65.0347
-66.3885
-18.0302
-60.6377
-13.651
-14.7592
-17.1392
-13.789
-8.34216
-16.8109
-12.3588
-13.9613
-59.1903
-16.9
-11.4528
-14.4427
-14.3989
-9.85369
-16.8471
-63.8616
-6.87076
-51.4071
-11.0228
-18.626
-13.5063
-17.7932
-18.6999
-13.992
-60.4954
-19.0306
-12.0879
-11.9299
-20.7179
-51.9726
-13.5385
-9.94509
-59.7256
-12.0611
-10.1026
-13.7339
-61.5056
-10.8338
-47.7182
-18.7844
-7.20783
-14.4175
-55.7575
-19.0323
-12.3548
-6.14449
-17.3535
-13.0565
-11.6725
-12.4199
-48.3046
-9.85589
-56.6043
-12.5517
-10.9903
-8.63534
-15.0135
-16.0261
-48.3911
-14.6809
-19.0206
-65.6896
-49.3808
-11.2723
-14.0673
-12.4628
-64.6399
-10.5349
-14.358
-8.14145
-12.904
-11.8862
-55.2082
-7.93804
-15.428
-13.0144
-53.7757
-9.60199
-52.1778
-17.6119
-51.3505
-18.8634
-11.9273
-16.2614
-14.8214
-56.0516
-18.8956
-15.6878
-19.4319
-9.16029
-18.1279
-16.2962
-10.101
-6.90074
-7.79752
-64.0119
-13.844
-6.98994
-13.5466
-13.1747
-55.7907
-4.44309
-19.2716
-17.0107
-17.1814
-7.48444
-12.4063
-17.3953
-8.11258
-49.6657
-17.1219
-53.6526
-59.4242
-10.142
-18.0398
-5.80809
-70.7851
-57.4615
-15.0299
-10.6419
-12.6607
-18.3384
-5.64548
-53.7412
-15.3579
-47.7403
-11.2626
-15.4094
-17.6872
-14.5421
-59.6417
-10.4892
-56.1278
-14.335
-52.481
-14.0792
-51.0507
-54.458
-12.3861
-18.9131
-13.9658
-48.4915
-0.103697
-0.098412
0.070281
0.037049
0.024626
0.031889
-0.014573
-0.095585
0.020077
-0.0017
0.044961
-0.04978
0.086952
-0.021196
-0.029194
-0.123757
0.061622
-0.095889
0.070025
-0.020531
-0.006891
-0.033753
-0.012698
0.068591
-0.089592
0.039959
-0.09197
-0.133144
-0.029335
-0.033926
-0.254022
0.010553
-0.074789
-0.109878
-0.2143
-0.06823
-0.072965
-0.136554
-0.086537
-0.057404
-0.12944
0.01291
-0.132773
-0.028113
-0.049368
-0.139962
-0.101226
0.00667
-0.192313
0.095601
-0.070281
-0.011346
-0.048887
-0.110275
-0.003474
-0.06005
0.014755
-0.038452
-0.025153
-0.077108
-0.166174
-0.108009
0.020278
0.082312
-0.020171
-0.069005
0.012491
-0.046816
0.068646
0.081085
-0.007962
-0.003364
-0.032726
-0.020851
-0.017969
0.010575
0.032257
-0.005528
-0.121805
0.030921
0.041621
-0.050832
0.060702
-0.018459
-0.069391
-0.064765
-0.051387
0.054229
-0.01006
-0.033373
0.033558
0.00529
0.048561
-0.034591
-0.117567
-0.032729
-0.189733
0.012583
-0.07089
-0.01245
-0.078055
-0.202045
-0.062095
-0.130444
0.065532
0.013756
0.046551
0.003926
-0.089008
-0.121397
0.034258
-0.001558
0.029908
0.094721
-0.014207
-0.046902
-0.220685
-0.047683
-0.041858
0.041185
-0.07478
-0.192531
-0.180646
-0.018575
-0.03166
-0.169426
-0.048868
-0.246742
-0.023441
-0.24027
-0.146474
-12.5178
-21.5648
-2.08356
-42.5274
-25.527
-3.42438
-7.84216
-41.0713
-4.16008
-7.65999
-7.71945
-2.47152
-23.4923
-4.90004
-4.02224
-3.55701
-0.668563
-4.1379
-5.46187
-2.4295
-1.84951
-0.808773
-10.4741
-2.74714
-2.81709
-2.03762
-5.87983
-16.1231
-10.9482
-0.835623
-26.2906
-15.768
-0.465243
-19.4228
-46.9095
-4.37688
-0.080235
-25.7271
-30.7866
-19.2562
-20.9167
-1.84989
-8.35277
-1.3248
-5.71893
-38.3363
-2.777
-36.018
-55.0864
-26.1571
-39.9627
-2.40392
-17.7415
-0.825743
-55.6837
-5.05087
-22.2823
-28.1066
-9.32149
-3.11649
-0.523573
-8.98909
-1.34195
-5.72843
-32.009
-2.19436
-1.23794
-0.763953
-5.60333
-11.8536
-2.21567
-34.4412
-25.29
-2.22198
-7.43668
-0.611863
-33.8484
-42.9214
-0.324423
-4.73513
-0.928133
-3.30758
-20.391
-5.55992
-1.26851
-8.64175
-3.27769
-35.9087
-0.25967
-0.418953
-1.81923
-1.83382
-2.87503
-3.54691
-4.45391
-1.71318
-9.40279
-0.151055
-1.27197
-15.6186
-8.02202
-2.69291
-1.89613
-4.35469
-1.62456
-18.4691
-0.799463
-29.6338
-4.15906
-3.56328
-3.79563
-7.30237
-9.00513
-5.49686
-3.8806
-0.402433
-1.67507
-23.4334
-8.43136
-40.7026
-14.371
-11.063
-1.45761
-6.99944
-6.14744
-0.974193
-1.38251
-5.98832
-5.80289
-3.39548
-4.4162
-3.79457
-42.7752
-20.0838
-6.64242
-29.9437
-8.08438
-11.3806
-9.17135
-15.1109
-37.3082
-7.04901
-9.31329
-27.4841
-3.08139
-7.31025
-4.27553
-2.5246
-2.06696
-12.9443
-0.991413
-5.05933
-0.823303
-8.96838
-3.38392
-16.0219
-4.67707
-6.47843
-27.7087
-4.58823
-0.123921
-8.18328
-0.502053
-1.30481
-3.01243
-25.813
-3.4807
-2.90631
-0.752053
-0.386523
-42.686
-3.95868
-2.27769
-32.2048
-29.2278
-0.626663
-32.7018
-5.39208
-1.99487
-3.00776
-31.3905
-21.2896
-7.07416
-6.2466
-12.5173
-13.1589
-19.5754
-0.392863
-4.72568
-30.4582
-15.8432
-2.56538
-13.1292
-28.2314
-3.54143
-5.08558
-21.7577
-1.34424
-15.022
