5.63985
-96.252
-9.2016
-53.1895
2.25995
7.71785
6.29768
-36.7418
-9.6326
3.1852
-1.4536
-4.5438
-2.8685
0.0076
-42.215
-4.3497
-17.155
-50.1174
-4.021
-1.8377
1.9004
3.21996
3.39564
-2.6352
-3.9058
4.79904
-1.0359
-21.8962
-1.8319
1.06772
-8.7063
-0.6084
-1.7741
-0.032
1.6463
-12.4229
-0.851
-1.8524
3.91318
-23.8195
2.19342
-5.8311
-15.5702
-48.3072
2.80458
-1.0058
-1.5927
-23.2154
-10.3094
6.30835
-10.794
-101.581
-5.0564
-5.0539
0.26501
-3.4144
-6.3097
-3.5347
-5.0659
7.65225
3.53646
-4.8447
-5.7466
-0.5602
-22.5926
-1.8394
-32.8494
0.19208
-5.3283
-10.5893
-1.4151
-2.6426
-1.0354
-1.5408
-24.0567
-3.0084
1.83901
-7.6784
-15.5352
-9.9872
-16.1785
0.06409
-9.2159
-3.9258
2.42578
-1.1865
1.55188
-6.7156
-34.4375
-4.5597
2.05268
6.5059
11.6084
-11.9879
5.47735
-3.8297
4.87694
-9.3517
-3.2088
-18.974
-11.1876
-4.3289
-5.3172
-8.2833
-6.0485
-8.2075
-23.2945
-3.2117
12.3208
-4.7798
4.95791
15.7603
-35.364
-13.4586
-23.8563
-2.8744
21.851
-19.2484
2.26855
0.93855
13.423
-20.2479
9.65025
11.9154
-5.5702
-0.8496
12.2384
0.267
-15.7826
-8.5178
23.1027
-19.2645
-0.8611
-4.2035
-3.5864
-5.1728
-6.7364
0.13467
17.2432
-13.6219
16.9359
-27.1223
1.8987
17.0494
7.1046
1.51105
8.3936
-1.4236
-5.8078
13.1041
-2.3258
-2.8737
4.9425
-4.5661
8.50634
14.8806
-16.2666
4.14276
-21.319
2.37195
-26.6275
-0.1153
-22.2242
-6.8487
-31.9466
-32.2728
-0.8152
-28.2529
22.2825
23.1625
-16.3698
15.1545
-17.6147
-25.5685
0.31552
17.1196
12.1183
45.957
16.6247
-0.6224
-18.2676
34.1375
-32.7701
32.6527
-16.8746
35.7402
31.6915
14.1226
36.8704
62.7328
-1.0716
15.6655
22.4174
23.5454
-9.484
-28.4033
56.9485
75.4754
-2.2062
70.7454
10.6536
64.9471
-0.6394
2.68342
21.9954
27.8306
42.7598
-0.436
60.2782
-15.7569
-1.3352
35.9864
61.8277
23.2822
-12.1857
-2.3356
-163.768
52.7074
65.1885
5.33455
-22.5495
64.2031
4.34385
9.5811
5.33332
114.034
21.9724
11.0656
-8.7387
75.6757
15.7045
26.6677
66.9343
-1.8441
-3.8708
54.5169
1.55906
52.3722
1.2925
26.9114
-8.7253
2.67648
-2.0854
-1.4227
4.2824
-10.6449
11.2073
80.7082
86.9096
26.184
54.3619
19.173
48.8279
-10.42
-34.294
-4.143
-17.4786
3.9935
-60.1025
-70.0958
-29.0662
-37.4057
-21.9513
-29.0607
-12.9151
-65.1434
-55.1965
-37.3693
-73.3933
-16.9841
-55.5988
-23.4297
-19.0749
-25.7786
-21.0295
-28.9806
-36.9974
-10.9093
-14.2516
-12.2707
-46.413
-14.0527
-4.6272
-55.6571
-121.486
-65.0137
-36.6188
-13.1338
-48.4389
-23.5206
-102.126
-36.693
-40.2908
-57.0436
-25.748
-11.7674
-9.3678
-3.3226
-25.0333
-11.956
-23.1733
-7.2904
-41.6613
-8.2577
-49.4236
-45.9766
-11.2754
-51.6462
-74.8438
-20.2773
-129.407
-123.988
-53.4607
-30.3501
-22.4365
-40.1482
-15.5647
-68.0725
-16.5275
-87.0808
-27.9985
-15.6367
-23.0038
-6.9446
-19.5203
-18.3048
-86.1935
-8.4068
-8.2407
-98.195
4.05735
-17.8786
-18.6638
-7.1565
-19.7536
-77.4818
-13.1328
-104.732
-67.8575
-37.6585
-50.7114
-9.9902
-103.645
-19.7697
-11.5033
-53.9604
-7.1433
-47.6433
-45.4083
-15.0435
-13.4112
-18.0821
-58.1214
-10.7687
-73.3294
-23.6921
-7.6024
-59.0165
-51.4387
-28.4886
-47.0268
-8.8228
-2.1429
-15.958
-17.0642
-107.405
-11.6045
-95.588
-25.4706
-5.6068
-13.841
-24.6812
-191.697
-94.012
-51.0352
-31.2784
-10.8084
-3.1874
-15.4141
-20.3464
-69.6008
-39.7574
-68.5179
-3.9957
-17.9029
-8.944
-22.5083
-100.097
-7.8804
-64.1964
-12.4177
-7.6633
-40.7437
-24.7955
-13.9137
-9.5973
-36.0456
-13.3056
-6.0519
-16.7709
-72.1242
-113.12
-99.126
-8.6526
-139.385
-20.3375
-40.4571
-34.5663
-31.8884
-27.0213
-9.9198
-94.204
-23.2634
-13.3807
-35.9878
-11.6598
-51.7657
-20.2024
-12.9132
-40.993
-11.7804
-33.4258
-25.2876
-50.8431
-72.7061
-8.6565
-15.6968
-48.1509
-15.7467
4.09525
-10.379
-92.571
-36.1631
-12.3219
-27.7709
-21.3193
-10.776
-20.6617
-20.3815
-75.6134
4.45185
-48.8814
-10.7114
-29.1529
-51.5148
-19.9637
-33.3529
-18.2182
-18.068
-253.334
-83.115
-61.6542
0.30633
-54.1923
-15.4853
-8.4099
-72.7005
-4.7613
-20.0892
-9.7174
-15.0171
-78.308
-47.1868
-10.7397
-28.3139
-11.0346
-37.8665
18.4286
32.249
23.3899
-16.9515
10.4116
-9.8291
-30.6945
-3.0575
38.6279
-79.3802
-57.7673
-43.1453
-36.3043
-17.3151
-18.7572
-94.641
-26.0481
-10.2257
-10.6055
-4.9351
-1.9776
-83.6409
-30.0633
-19.0455
-62.0644
-26.2167
3.50695
-2.4748
-62.2473
-70.1424
2.3853
-18.0392
6.8227
-20.0074
16.0282
4.6034
-24.8471
-23.1876
-10.7163
-12.2557
7.8259
-2.5213
-44.499
-42.0199
-17.1469
-14.7162
-10.7367
-10.7929
-44.2998
5.79915
-89.2621
-8.4027
-20.5342
-61.6719
24.3609
-14.1191
-27.6517
-66.6207
2.17411
-140.113
-15.1549
-7.917
24.7446
-25.5388
0.9059
45.0081
-101.819
-132.887
-5.0387
-3.8711
-13.3809
-17.1778
-18.1869
-14.0288
-61.8702
-31.0208
-13.484
-17.7796
-15.4044
1.5552
-49.8308
-40.351
3.4948
5.351
-6.6604
-73.5888
-22.2659
-59.7734
-12.7572
20.5003
-42.267
7.27205
5.05141
0.22064
3.07809
0.32995
2.89338
1.62899
5.53531
13.4785
2.89079
2.57225
3.71937
0.26961
5.01471
3.20646
5.3916
4.94026
0.3591
4.37678
1.4613
7.17753
-0.4929
7.92765
4.5908
1.44487
0.35628
10.4967
-3.6655
6.40075
2.60178
1.70487
0.34813
0.31883
2.88205
3.12804
3.96405
1.75048
1.25594
0.38103
-14.8385
4.46409
5.64389
6.49826
5.11823
0.06552
-2.1825
0.37149
0.58593
7.55107
0.52979
0.66587
0.37862
0.33416
0.64185
0.75061
7.7505
7.18057
2.53233
0.35847
-0.2095
3.02015
0.31584
0.68035
0.3466
0.38495
1.00524
3.91818
7.81608
0.35681
1.02069
5.79983
7.29294
14.2234
3.04357
1.92589
0.35839
0.38439
8.66521
0.4228
1.3392
4.69277
1.11214
5.7405
2.86418
1.938
5.25719
1.69449
0.35496
1.05302
5.43187
12.286
2.28986
8.78109
2.71326
1.89807
27.9976
4.01644
1.80834
1.07041
-0.065
2.91514
23.9282
1.14926
3.16664
17.6776
4.51526
1.15235
4.18051
2.52305
11.0084
1.25959
29.3532
21.9122
16.4107
2.98745
22.9764
1.11309
15.4299
5.57636
13.0333
1.81914
2.80206
18.3286
15.9064
4.7839
2.42837
16.9654
6.7689
12.5602
1.1291
8.72705
4.35245
10.1195
1.02915
7.06529
6.11935
9.89155
12.2351
23.4794
7.01994
7.05436
1.20308
24.3002
19.8777
13.8091
-57.5296
2.91187
3.52542
13.1698
13.2641
5.08683
6.87616
3.99259
19.9361
2.53938
13.5579
8.33162
1.08501
11.5917
13.1619
1.06734
8.1002
5.32086
9.50653
1.37107
4.77557
32.2134
7.8778
18.8838
2.0408
5.55762
15.4793
11.9172
11.7624
12.5776
5.29808
17.5887
21.5183
7.12908
7.76928
55.8164
71.738
3.54988
84.2789
40.0278
4.86622
-2.4134
41.5256
20.888
19.5287
26.7389
16.6682
3.82296
11.4196
100.665
38.1506
5.65198
85.2592
64.5265
3.62165
3.48326
3.46776
14.8097
4.03777
45.4472
35.0801
70.78
73.1295
42.855
88.8975
126.498
3.27866
70.3054
118.751
11.3949
3.68519
108.045
29.0545
28.2386
6.70005
3.30387
73.909
48.0524
9.18955
84.035
3.36242
5.10633
50.2626
74.6955
3.56789
39.2915
19.1534
19.9168
1.79317
23.6331
21.6529
46.9441
34.1955
28.8676
-2.4785
-9.7807
0.28508
-3.2081
2.95223
0.99069
-26.9372
-5.6168
-7.2629
-5.0152
2.2325
-0.4773
-8.6073
-22.7785
-0.3503
-13.35
2.26083
2.29095
-3.9685
10.0909
2.05577
-1.9611
-0.0931
1.20299
-25.0906
-26.757
-32.0889
-7.2841
-7.879
-4.7774
-2.2374
-2.7185
0.81517
1.96898
-11.7536
-49.0839
-11.9314
1.57028
-6.5415
-21.2326
-9.4738
1.47285
-1.189
-8.6531
4.5787
1.03887
-3.6618
2.68171
-5.7936
3.00328
1.77625
-3.7528
2.66967
0.41925
6.38352
-3.4294
2.3803
-14.5233
20.8002
1.79882
2.15484
-33.5134
-0.8315
-3.1659
-3.9806
-0.8815
-3.1956
-4.4334
0.01607
0.40864
4.45109
0.0561
1.12303
-6.813
2.31998
-0.272
7.7881
-1.1329
1.83478
-1.2682
-13.0948
5.1385
2.95949
4.81839
3.78905
2.30233
-3.3433
-21.02
9.13936
1.10985
7.88331
3.43609
-3.0713
3.87926
1.54744
-1.6422
1.62254
1.57488
-7.0014
-0.2269
-15.0266
14.7582
-0.6128
5.0736
2.17978
4.63511
-0.3804
0.84872
3.5646
8.78826
0.58781
-5.5625
-0.6058
5.54235
8.25566
-9.701
1.53909
-0.4247
-0.1757
14.3152
3.34531
16.0872
8.4218
2.77042
1.01055
3.41025
0.39617
19.0462
12.7035
14.3923
6.73667
1.26127
-0.0427
12.9896
-1.9518
1.9394
0.52651
3.1353
9.6478
13.5615
14.4972
-15.2704
-0.5788
4.32393
2.98791
-5.2892
-2.595
1.39221
-0.1397
16.0866
5.45539
-16.3364
12.8687
5.99432
4.38295
3.5407
15.0036
-1.2301
-16.6374
3.19748
-0.4485
5.00692
12.0947
-4.433
1.7437
-0.4746
4.3685
7.567
-10.2345
-7.6216
8.28331
-14.9084
4.12762
-23.406
10.1129
1.9137
1.75451
-0.846
6.6857
4.28306
-2.7586
-4.1881
-0.6734
11.4662
25.8985
9.63367
1.65339
8.34363
-1.5051
13.2185
2.85566
-1.4171
5.7165
-5.681
7.62904
17.0804
4.39745
0.80649
-10.932
-13.8607
34.7336
36.1688
15.8112
23.2467
21.1175
26.8887
3.78961
15.8197
0.53342
3.79102
84.4784
9.8393
-8.4505
27.2948
0.25499
62.2456
2.93142
18.6599
24.6556
13.3822
38.0662
67.8858
70.4009
4.18374
8.91125
7.02555
27.299
-13.8419
38.828
21.9838
50.0052
102.932
-8.9346
0.78045
41.0658
57.4809
24.0945
3.70068
1.48767
14.7619
27.1444
-22.318
13.6917
8.65003
-3.4466
22.5879
4.16556
-0.0544
6.46172
6.9219
16.1169
51.0937
95.3038
5.09265
6.27485
20.6002
-0.9539
30.0308
17.438
18.887
25.5645
74.7357
16.8325
2.24217
4.8104
34.7149
13.2226
-0.2324
-39.1241
51.7075
20.6837
-9.7985
11.8425
-1.8621
38.3826
20.521
-2.005
21.7154
12.8969
0.66965
4.51276
33.2921
67.0606
60.2693
-4.6769
1.36979
-23.8445
-80.9383
-1.6336
40.9215
7.15856
51.7127
49.3078
17.5895
12.6576
70.8163
22.968
38.3391
-2.6142
18.9856
-14.9637
-6.0562
-117.215
-47.0416
-21.2055
-22.7836
-22.1966
-113.945
-30.0364
-82.2357
-13.8208
-5.5349
-38.6246
-51.7252
-13.9725
-304.183
10.714
-47.8581
-110.562
-7.967
-20.4796
-4.3158
-20.4445
4.70754
-33.1604
-119.735
-415.098
-0.9511
-123.699
-20.0834
-44.9217
-29.6004
-14.3282
-149.555
-26.0055
-70.9586
-116.925
-3.6173
-115.285
-20.1455
-68.7488
-48.4021
4.61882
-7.652
-70.2819
-58.262
-4.8909
2.3217
-318.393
-34.9627
-87.2694
-3.1789
-147.762
-30.2001
-7.5713
-57.0008
-204.344
5.53916
-1.6341
-680.338
-28.9514
-23.0431
-25.6154
-18.7685
-252.599
-31.977
-84.88
-2.65
-27.4081
-687.741
-29.7338
-236.05
-36.2178
-76.5652
-18.7251
-31.8429
7.57835
-11.5965
6.01676
-86.9099
-24.7146
-12.7515
1.20324
-332.181
-89.7716
-47.6373
-9.9004
-12.6712
-79.6236
-43.3813
-20.5936
-61.1433
-2.6647
-109.543
-207.653
-36.9635
-4.3472
-0.3192
-56.3813
0.6853
-137.044
-81.9582
8.1619
-22.6972
-6.0898
-60.1887
-30.8893
-138.138
8.32745
-18.412
-36.9424
19.2129
-24.4243
-2.8406
-1159.95
-45.1914
-54.4021
-47.4821
-6.653
13.7609
-97.946
-140.683
-35.806
-72.2026
14.7168
-7.0245
0.62768
3.3134
-67.2011
10.5667
1.79281
-115.448
-31.0221
-47.0567
27.0734
-38.8871
-5.6869
-29.2018
-7.5184
-54.6262
-243.334
-36.528
-28.71
-52.1967
-72.0765
-2.1337
-340.863
-11.3467
-5.2587
10.5382
-34.0668
-90.196
-4.0289
-73.5119
-2.0043
-69.9988
-272.241
-63.4964
9.4377
-17.1494
-70.4318
-1.0993
-58.7934
-65.629
-0.7129
-110.291
-161.476
-7.9035
-8.6328
-28.458
-43.618
-14.0391
-52.2963
-77.636
-11.9362
-23.9413
-57.0935
-49.5638
-33.7843
3.5322
-24.3113
-25.6061
13.2285
-34.3993
-70.7603
-40.3394
33.0537
-18.5662
-121.766
-17.5151
-73.1864
-33.656
-33.44
10.1039
-8.7705
7.39035
8.58195
-35.2696
-37.2714
-8.3226
-141.065
-112.135
-93.398
24.9722
-3.3364
-16.297
30.2171
-29.1557
-93.287
41.7126
-105.154
-73.1207
31.4165
-83.8708
-52.1899
-75.3971
-89.1327
10.0097
-40.233
-62.6753
44.5292
-188.996
-24.2455
7.25675
-271.487
-42.4382
-83.0446
-424.457
-7.746
17.9824
-44.6409
2.16435
-4.8349
6.9556
44.008
20.2925
-347.827
-93.386
-110.058
-75.7028
36.7879
-45.8873
17.6405
-17.2097
49.3091
12.3977
-45.6045
-31.7503
-168.143
23.8567
12.252
-78.3988
-422.089
-71.062
27.0231
-68.0846
-19.9419
-9.9227
47.018
-123.647
-136.103
16.2965
-65.3385
-175.009
-55.1477
-33.3423
-79.9716
-82.2129
-56.5906
60.1315
22.581
41.3425
3.57345
-255.517
-10.7227
-226.442
-21.6925
94.0964
-0.9887
-588.58
-241.093
-78.2634
-190.982
-412.055
-84.3719
-93.451
-1897.6
-98.929
-2483.48
-244.322
-165.262
-74.4424
-566.587
-83.8399
-95.788
-76.8581
-341.294
-121.714
-28.2468
-134.441
-147.404
-139.332
-81.0842
-168.196
-52.4278
-289.015
-87.4119
-227.833
-396.353
-137.276
-686.573
-43.1593
-123.064
-462.178
-78.2091
-325.816
-515.641
-93.316
-37.6103
-447.562
-391.086
-677.781
-175.016
8.78595
-91.469
-252.284
-174.135
-43.4266
-260.305
45.1605
-49.5688
-309.935
-60.3655
-216.18
-248.841
-363.25
-478.229
-169.104
-511.745
-114.278
-248.365
14.0615
-48.7833
-72.1881
-70.29
-98.177
-276.692
-153.089
-458.7
-67.6999
-58.865
-205.623
-416.072
-208.743
-112.51
-435.881
-11.3265
-14.017
-250.865
-208.543
-246.37
-82.8911
-79.127
-59.4632
-105.553
-136.311
-111.98
-520.367
-472.665
-342.597
-46.2919
-104.127
-421.158
-621.706
-1260.64
-81.332
-14.5696
-76.2535
-292.232
-668.325
-76.1415
-531.584
-153.39
-160.461
-238.144
-600.382
-665.959
-638.632
-96.895
-161.904
-318.543
-56.8605
-53.4023
-72.9564
-50.8246
-322.483
-53.9513
-609.284
-70.1933
-25.898
-90.757
-246.42
-386.196
-124.029
-39.3261
-508.93
-654.397
-301.034
-51.799
-88.7522
-100.243
-212.152
-2315.2
-238.9
-101.957
-301.036
-121.366
-268.302
-81.7811
-188.725
-463.12
-168.171
-101.231
-520.159
-77.0271
-168.687
-42.6808
-187.063
-77.5802
-94.759
-866.489
-281.376
-89.5836
-464.004
-127.372
-46.1624
-303.962
-82.2516
-190.471
-33.714
-128.547
-421.103
-300.092
-271.233
-92.619
-820.239
-597.211
-481.145
-61.3248
-229.553
-778.092
-256.397
-55.535
-39.4006
-235.071
-311.32
-405.13
-389.229
7.0555
-96.162
-217.185
-943.373
-606.076
-496.538
-86.2565
-589.255
-190.268
-96.164
-92.45
-268.872
-469.426
-536.317
-146.79
-51.1849
-87.5914
-200.623
-65.7795
-187.605
-43.0352
-141.707
-273.243
-166.365
-107.85
-167.95
26.5666
-156.608
-360.929
-97.793
-93.269
-939.508
-110.219
-173.761
-37.7438
-101.458
-89.2774
-124.964
-454.836
-495.262
-625.844
-433.559
-134.875
-119.079
-158.213
-60.1166
-70.3556
-274.423
-258.999
-75.9118
-422.097
-80.6065
-211.132
-986.113
-39.2929
-586.582
-335.805
-196.433
-99.389
-106.3
-436.807
-109.862
-185.908
-6.818
-272.475
-645.774
-482.367
-243.018
-95.374
-130.092
-63.2297
-131.545
-375.01
-134.09
-355.899
-598.055
-836.862
-105.276
-328.031
-64.9325
-34.1057
-93.473
-191.984
7.81085
-172.117
-467.203
-263.977
-66.834
-247.211
-144.436
-238.538
-245.319
-86.5463
-45.3173
-498.103
-175.513
-97.539
-119.543
-252.141
-82.1985
-342.544
-66.7294
-50.6007
-774.115
-219.336
-188.73
-255.162
-105.051
-125.822
-1559.24
-293.895
10.2295
-84.3111
-808.248
-44.8527
-79.589
-148.391
-304.299
-286.863
-47.7296
-269.872
1.14569
2.95608
1.27923
2.13763
7.70559
1.86678
-0.2337
1.13403
9.14393
-19.4006
5.17577
2.76393
9.69946
3.34446
3.15408
6.05055
2.94158
3.59352
0.34813
0.6485
7.52015
9.10097
2.29069
-69.9677
2.34554
3.12111
6.52533
0.32833
8.6878
2.73606
1.94895
8.27606
2.65762
-13.1542
1.41328
1.69879
2.98658
2.28146
0.23616
2.59042
7.1281
2.58721
0.67675
0.3878
1.87909
0.44109
3.95296
-40.5545
4.26043
3.57084
10.2718
2.78042
2.37465
9.8836
4.19658
0.44626
0.37265
5.06931
0.17517
6.48061
2.26103
0.65212
5.78288
5.22465
2.11401
0.35967
0.3694
-131.246
3.46455
11.2316
-7.9739
4.4238
0.47512
-205.011
8.56567
5.05378
2.3314
3.09101
0.35264
-21.1148
4.69158
3.18143
2.8562
1.18887
5.71159
1.18513
1.31987
3.85643
5.61286
9.59516
-17.5775
4.70107
0.98387
0.52482
21.2907
15.4231
1.14894
8.39544
27.3059
-24.2888
-7.5359
14.4656
12.963
1.09001
3.68396
15.0282
9.30766
2.6661
6.67991
30.2703
23.2445
4.737
3.31547
1.14239
1.15281
13.5832
14.035
10.0439
20.6912
20.1271
24.5823
4.87648
1.30191
3.22976
2.37331
1.0297
11.3585
6.56257
12.5493
4.76172
8.39027
-16.8621
1.06959
11.2819
24.9801
14.1453
20.4199
24.5191
-0.0968
1.22561
3.62744
0.8498
1.07829
5.96274
7.07939
-1.7739
8.37978
5.61954
12.9239
1.0751
12.6092
17.2079
16.4266
10.0841
1.05364
3.94625
16.4241
23.4545
-0.5303
9.6437
-0.1867
5.97304
15.9284
1.0164
5.58759
1.09375
2.17134
39.7208
1.11519
11.5103
-7.5107
7.34699
12.2733
5.06462
9.323
19.6383
6.0827
4.85718
-2.8459
3.04561
10.3074
3.95616
-24.6641
1.08193
1.04358
14.8006
14.3919
62.732
70.282
24.1808
39.5147
86.2335
59.5015
37.0067
3.58681
36.8714
55.762
39.4046
34.6558
30.2017
112.26
3.54243
15.816
54.0114
9.70743
87.036
11.5633
41.798
79.447
17.4889
51.2617
73.661
116.204
65.1457
56.0015
3.52137
48.6719
25.2152
10.9291
3.94359
29.1491
40.02
3.64526
63.5825
4.28026
27.0486
3.47343
3.73535
22.6387
12.7255
27.7499
10.471
3.6923
13.1204
5.62168
21.8982
13.5563
14.8888
20.948
95.063
49.1224
84.5532
3.3756
3.9482
4.05799
39.2471
12.2766
12.1035
19.1822
49.5413
62.9162
46.6562
47.95
15.0658
62.3455
-8.3296
43.7041
-20.8376
90.17
15.7542
43.118
32.8245
5.28592
3.49155
3.74523
28.8917
3.36931
15.2074
107.391
142.033
63.8102
6.33933
24.8046
82.6236
57.4745
-5.6576
31.6216
-44.8763
-15.7782
-36.5708
-170.846
0.01114
16.5678
9.85475
-34.3306
-76.8013
-5.2812
-88.793
-8.8121
12.4793
-110.802
11.5527
-3.4601
9.0365
48.9562
-26.6833
26.2762
23.9888
-69.8379
-104.096
-37.9768
3.18452
14.7933
-21.2221
-19.6458
-14.8509
-29.9402
14.5163
-79.083
-26.6735
-34.2951
23.4389
-55.528
-142.401
-5.6232
15.3427
17.5146
-37.6039
25.7464
-6.815
-34.2865
17.9738
9.5399
25.7469
-60.4219
9.58235
-15.0527
-33.6816
38.2979
-162.489
-20.2548
-87.9294
-80.8626
4.65445
2.76782
-52.7857
5.07081
25.1516
16.5822
-44.1557
-37.6856
37.8817
0.69891
-1.2999
29.8614
-10.7382
-199.862
-7.1125
-18.8359
6.0361
-61.9452
1.51974
-29.6959
-7.853
43.4098
-32.5051
34.3284
-20.3453
10.3778
-2.8264
-26.6455
5.39145
-47.4877
5.34645
-5.7441
30.662
-94.054
-44.1235
1.40085
15.4874
-73.1127
14.7812
-24.6337
-67.5762
-2.2544
11.6519
33.1472
-26.2329
-18.6979
5.00957
6.75505
9.4135
-41.8419
-23.3195
-3.8881
-141.144
8.43435
-32.956
5.54904
-86.3611
-33.0359
-34.9061
-47.6752
-44.0049
-46.9624
29.7899
1.18096
-39.6766
27.8146
-11.5362
-52.2364
-29.3939
-15.8222
-12.9533
-11.2548
-15.2722
2.54535
8.98075
4.33415
-20.3942
-5.9349
21.6466
21.2619
-21.6458
30.4451
-7.5856
-124.809
-57.4355
-90.604
80.4524
1.40478
-43.9767
-147.947
-5.8197
1.16765
-2.4971
19.5731
-98.913
11.1419
-0.1407
3.05905
2.20225
-67.5906
35.2499
-10.1122
-52.7047
-133.714
11.1022
49.1163
7.78274
-111.043
-37.438
-8.3833
31.734
-9.0861
-35.5101
-18.2306
17.2357
-69.9072
13.904
-43.0885
8.79343
-310.63
-121.254
-71.3124
3.2986
-24.471
-43.8357
-147.917
15.3069
-49.4124
11.2231
-80.8008
-18.6555
-45.0426
18.2949
-12.2332
-38.1343
-95.163
22.8319
-83.2347
0.60532
-102.552
25.9611
-60.1063
-10.0438
-559.388
33.8118
10.5379
26.666
-9.6088
9.3582
32.0965
19.3542
-16.1942
13.4889
-42.7636
27.5053
-37.3781
2.77386
-59.5542
-162.639
-148.015
-23.7109
-42.981
3.7336
-15.4829
-179.187
-20.1736
8.3731
6.07765
-0.7211
14.1527
-44.159
41.6917
-24.4843
-19.5386
-44.1703
-14.3066
12.3842
24.4237
-44.9526
-124.817
42.8027
-22.6767
1.60188
15.021
14.1787
-10.0575
3.3787
-123.601
-46.7143
-17.8085
17.1371
23.1424
1.63175
-21.3002
4.9889
4.05245
34.2225
-127.993
4.03782
16.3811
-22.999
33.8751
-43.1411
24.1124
8.29655
27.3663
-8.9516
13.3633
-29.1404
22.6748
19.3111
-95.116
13.3307
-66.8132
-94.301
-11.8354
-6.4311
15.3372
-16.6083
-44.051
-112.009
41.1345
7.94035
14.3611
46.5891
-214.38
-1.1721
-128.811
49.8316
55.935
32.5056
24.8125
-21.3369
32.1193
-22.4339
5.3984
6.1014
-4.6442
-40.9837
-5.7781
29.446
35.2493
-37.1705
-16.0972
-14.4772
-96.41
-12.4023
7.53701
-11.6043
-8.8871
-1.6821
-4.5862
-13.4823
-0.728
-2.1989
-14.7822
-2.1716
-10.4954
-3.0211
-4.495
-0.437
-12.6607
-13.3346
-7.9878
-9.5487
-4.8286
-7.767
2.14219
-7.6601
-1.5437
-8.7999
-3.2116
-8.9757
-1.752
-9.7915
-0.6476
4.62015
-7.9963
0.17298
-2.6632
6.75701
-18.1451
1.93637
-33.0718
-8.7693
-30.7139
4.65358
1.6341
-1.3826
-9.6706
-2.8804
-15.2276
-6.3482
-13.1643
-2.3142
-5.0207
-1.1219
-28.1826
-14.3678
-2.4894
1.12646
5.35665
-9.927
-6.9451
-11.4625
-21.2208
-1.115
5.9395
-4.9007
-8.3456
3.55293
0.38132
2.42718
9.24659
1.21956
1.64555
-9.5006
0.83406
-7.8209
-10.6973
-21.4278
-10.0026
-1.2404
1.5753
15.3633
6.7773
-2.5377
-4.5672
-1.7581
-10.9514
-7.91
-12.8746
-15.3918
0.74707
-2.1579
-19.4243
4.85646
24.8368
-22.7931
-16.5556
-8.2905
9.5853
9.5654
3.39814
3.81528
-9.9061
-7.2947
-5.5422
-13.7
10.144
17.1821
9.09985
-4.4696
0.08786
5.5386
4.49686
-0.3955
-7.6422
3.05838
-5.6951
-5.1684
-7.9503
14.735
7.7709
5.13505
5.18571
6.8741
-1.6148
2.84779
-10.5211
3.13114
7.5273
-13.97
15.673
-9.2362
-7.7313
10.3105
-1.4222
-4.0069
-3.8071
0.7198
21.2974
-20.4895
0.5349
7.2957
4.39165
-14.0586
11.228
-11.4177
-38.4301
-11.5065
4.76394
-1.0585
-5.9401
5.5605
-0.7292
1.33065
18.6339
1.913
27.3838
12.0791
7.32155
-1.4441
1.67365
5.44577
-4.8243
-0.6857
-1.7501
4.87086
-16.7413
15.1174
6.34665
15.3034
-3.7325
-3.6694
-5.8944
15.9669
-17.7381
0.98979
-12.3228
16.5187
-0.4406
11.9294
1.108
-15.6213
20.8946
2.85952
85.5134
-27.7031
-11.4143
3.19951
30.9582
99.135
11.683
9.36735
-10.7829
-9.934
7.26937
134.044
13.8861
74.6025
-45.3656
-1.2228
-28.638
34.4472
2.12245
25.1153
52.8875
1.28325
37.6292
-28.6697
2.77391
30.3735
-12.3188
2.64957
24.5145
39.2768
46.9565
48.4646
-43.725
27.6733
-2.9549
71.3128
135.446
15.5382
-7.4205
-11.8033
-8.1406
109.059
-13.4355
9.798
2.38702
29.0719
56.4273
110.812
65.2952
6.7912
43.5979
57.6269
22.1016
110.932
23.8806
18.0952
-18.9615
-39.0316
-11.6168
-20.5122
-33.9669
-63.768
-13.6039
-12.3229
-6.7544
-33.8953
-44.5045
-31.2411
-11.8633
-52.9134
-29.4586
-10.3152
-87.7696
-62.8026
-81.507
-49.6464
-22.9683
-78.3494
-32.8456
-76.0094
-6.7709
-27.8715
-8.1732
-38.8652
-52.9254
-15.0481
-5.1438
-39.51
-77.5075
-26.701
-29.8733
-9.3664
-87.1366
-49.8266
-64.9348
-58.4594
-57.5403
-11.8188
-55.8009
-52.4541
-46.3841
-44.3748
-12.9954
-9.8076
-29.9531
-11.5794
-11.9526
-53.8314
-51.3081
-4.8614
-30.6528
-56.7429
-15.5487
-20.8803
-34.9885
-8.1062
-11.3102
-33.0739
-40.7592
-39.5982
-22.8369
-122.11
-7.2858
-16.2319
-45.1457
-17.7929
-120.075
-20.9389
-27.9046
-26.0126
-18.7418
-53.3829
-13.9164
-63.2111
-49.5939
-13.5844
-13.9571
-7.8342
-13.781
-10.0339
0.93473
-77.3234
-45.103
-80.4156
-22.4648
-13.6735
-11.1711
-33.8135
-111.646
-13.722
-54.7664
-30.1211
-42.2087
-115.347
-15.9611
-11.867
-51.3428
-70.7962
-4.095
-17.7373
-54.483
-42.9856
-26.3952
-36.2797
-2.5672
-33.8848
-30.048
-49.0532
-7.7168
-51.2768
-7.637
-39.6382
-0.4414
-9.7701
-19.7019
-50.2193
-0.0714
-14.7523
-20.8102
-13.3811
-70.8118
-17.2245
-27.343
-121.225
-38.4343
-58.5961
-15.133
-16.9068
-31.1809
-58.2344
-34.742
-99.058
-12.5492
-14.9438
-19.992
-8.7784
-9.1714
-3.5464
-17.1112
-82.1646
-25.3008
-4.3617
-13.15
-8.7719
-46.5971
-8.8959
-30.6012
-18.5922
-25.3357
-9.0993
-124.473
-3.6683
-22.2084
-17.8366
-22.6665
-25.4222
-12.3873
-12.2827
-31.8038
-39.7136
-47.4278
-66.2248
-12.53
-14.6093
-12.8189
-65.1112
-35.9746
-4.3423
-43.1288
-78.2112
-3.7035
-48.8032
0.8426
-2.7412
-12.2837
-20.9847
-19.4988
-13.1448
-53.5125
-8.0125
-32.6666
-12.0346
-4.437
-11.4107
-30.8449
-17.1021
-8.167
-12.6502
-58.1061
-19.4425
-13.0754
-20.4678
-35.1736
-4.0963
-2.6865
-27.136
27.0394
47.621
-2.7424
22.7573
-34.0894
-0.0343
-39.1599
9.0473
-23.0772
-14.0026
40.44
11.3863
-36.1996
-32.4832
-41.3311
-8.3939
-13.1963
11.4221
-65.387
-6.4893
-28.8122
-27.9569
-14.3855
-10.6281
-9.9006
-10.8024
-13.883
9.0338
-16.5984
-27.7878
-32.6639
26.2078
-70.3011
-24.6559
-9.1127
-45.8312
-17.5854
-73.5919
-110.874
-15.82
-28.4498
-46.1873
-11.2164
12.3446
-19.5284
-33.9569
24.9704
-10.059
-29.0171
1.73895
-41.2413
-24.2768
-9.2641
-1.1614
-20.773
18.6198
21.5992
-22.5312
15.8087
-29.2294
-3.4292
-1.0127
-58.8869
-14.8984
-79.6985
-5.4409
-14.6026
-23.5654
34.1928
-9.8825
-48.9575
-53.214
-44.455
-21.4405
-43.3527
-49.8778
-22.1848
-33.9361
12.0291
-24.7775
-23.9032
-23.4936
-1.716
3.04315
-65.6562
-12.2682
19.6733
-35.1045
-5.6151
-47.8525
-1.2548
-11.1309
24.2816
-20.8288
2.50149
6.95335
-22.2311
2.2259
-35.3514
-16.5315
3.46307
0.38608
0.35652
0.35246
0.88606
-3.4613
2.94537
0.38473
-1.0263
2.58491
1.45186
3.44716
2.59048
0.36675
11.8044
5.15493
5.54768
2.37148
2.15551
3.14987
8.18909
-12.2306
2.17507
2.60083
1.88125
5.21855
1.14999
1.35153
0.40403
6.95783
-0.3744
0.35731
1.30746
0.4017
0.33198
2.45899
5.42827
0.6143
0.29792
0.3792
2.86534
2.51693
5.2155
2.14918
0.42161
0.40212
3.45637
0.40597
-0.1297
0.72292
-1.9349
0.4515
-6.9952
2.8151
3.39906
4.71208
6.61442
5.17542
1.83076
0.35335
3.03999
8.02046
0.36972
3.47056
9.07824
2.17443
10.3621
3.68776
2.86977
0.46096
1.1816
8.45734
1.36427
1.99121
5.24727
10.8203
2.83799
0.67146
2.13831
4.44146
3.92358
2.63959
1.00219
0.35783
8.90914
6.04813
7.32506
0.83901
13.1291
8.1307
3.04907
4.12018
22.5484
-0.1175
8.9193
24.1867
2.34715
1.25967
4.82635
1.19462
10.8133
6.89442
2.31315
12.8735
28.7539
1.37981
1.01755
9.33898
4.92528
14.2005
9.48132
11.314
3.08233
33.7983
15.3372
4.39273
1.05926
4.53478
6.00968
23.5664
8.42595
12.6843
10.1733
-0.4566
28.5108
13.7667
6.8786
20.5495
4.98703
1.10032
1.0431
18.2181
17.3635
27.5931
36.1976
7.88501
2.10107
1.12882
-3.9904
2.28855
1.00035
12.1875
11.8076
11.3512
9.01651
1.05529
28.8163
0.98755
5.73152
0.84437
9.12159
-2.7492
15.0691
3.16792
8.20203
11.7708
2.88013
23.411
1.24755
4.79006
30.4217
18.8052
19.3254
1.64889
7.78539
14.5223
13.7079
5.08893
6.46728
1.15417
4.7951
2.39816
9.31672
-1.207
15.3886
0.0032
2.01576
2.02856
6.28479
13.5519
16.521
5.02006
130.719
27.9542
96.1536
4.33749
73.5715
3.56576
44.6365
3.352
142.012
3.48452
7.35343
3.9089
9.89665
3.56016
25.2183
59.762
64.5103
46.8009
21.6418
10.4133
3.40195
94.9845
30.0484
63.506
27.6492
101.412
37.733
6.05269
3.41057
79.1935
90.062
14.8453
18.8448
18.7299
3.43849
74.1275
11.8853
6.82237
63.5589
3.39045
8.35154
27.2855
54.444
125.304
40.3631
11.386
3.72757
95.8036
1.45637
-4.4451
-7.0132
3.2923
3.91263
-1.8106
4.01368
2.75533
-7.0026
3.1051
-3.2984
0.91023
-2.0474
-1.1831
-12.2778
4.31148
-8.2179
0.45406
-24.9931
-4.3907
-14.2738
0.26918
-1.324
-8.207
-6.826
1.20167
-12.0275
0.64624
1.75028
6.23091
-12.2542
4.15689
2.71717
-12.2545
0.09007
0.60844
-5.7273
6.28999
-3.9453
-3.889
1.13711
1.44745
-7.1338
0.39565
0.15317
-1.6072
4.0827
-6.6169
1.9315
3.86398
2.51207
3.88906
5.98084
-2.5081
1.29827
-9.9991
-8.7114
1.76836
0.12063
0.5396
0.98517
-6.2761
3.23628
-8.4194
3.01585
-5.8504
0.24564
-0.6032
1.8832
2.41501
4.02186
2.55879
2.66347
-1.7904
-19.269
-7.8802
-5.8531
-0.7263
0.58685
1.46206
3.50344
3.28819
-6.9783
-1.1005
-1.796
3.61663
-0.6072
2.98752
-6.8071
-0.9092
1.02637
0.99701
4.67808
0.50234
-23.6218
-1.8451
-3.5246
2.45249
-4.0737
-1.4284
-1.5826
3.12242
10.8385
6.91636
-22.4231
14.4976
-2.0214
4.17577
-1.6884
4.72222
3.68178
0.27811
-6.2125
-2.9209
17.3627
-0.99
3.04768
13.4794
-12.6037
9.23365
-2.1818
6.26471
1.0593
1.08272
-0.2374
-0.3464
3.52895
-0.5286
-4.9231
3.27489
1.82978
11.4578
3.33798
-0.8912
-2.0954
-0.1811
3.5946
-8.09
0.84005
1.61446
1.18875
6.8437
-2.4094
-0.8018
10.5734
-0.3631
1.91161
7.88076
13.2662
18.9938
0.05707
14.9991
-0.5108
9.7083
3.15196
-0.0051
1.57367
-1.1473
-3.2369
-12.8989
-0.7167
-0.0771
3.13221
-5.8285
-1.1524
1.14304
4.7035
14.045
6.84751
13.5221
7.83875
-0.8128
17.2148
0.27488
3.25751
19.0584
-5.8923
2.33708
2.40766
11.7592
10.2805
18.9918
10.0219
3.09862
3.01696
-4.8858
1.77319
-2.0162
0.57125
5.61967
-0.3469
40.2374
12.1437
-4.9465
-5.401
0.33703
-10.7848
6.6339
6.47179
6.31295
4.51769
21.2652
82.3979
69.6594
16.308
59.3291
16.6272
38.3712
49.852
1.66568
9.06385
-7.6354
10.1253
27.0494
-15.3924
47.1934
28.6816
30.9709
32.4244
17.0061
6.6596
53.542
46.2234
7.0425
52.3487
3.67342
11.2133
41.2286
43.4923
136.894
9.26045
-6.1062
43.653
3.05683
84.0727
69.8454
0.1078
45.5795
35.2349
14.3134
-8.1128
23.1664
22.8549
7.54585
-1.9354
69.751
38.8837
16.2444
21.6691
38.1773
11.2134
21.5444
14.0709
27.0568
7.9026
-1.1824
92.3215
29.3025
30.6215
-9.5611
110.166
68.0008
51.6608
8.31362
31.6965
26.0375
18.8989
23.962
25.6001
42.178
27.6997
26.2378
21.1262
4.75598
59.5187
19.2955
37.9426
22.1839
84.7853
72.9999
6.52569
33.0867
4.41512
19.7227
117.631
86.9327
65.2967
7.1389
56.3619
49.566
43.5567
13.7623
0.23279
38.8878
-6.9224
44.4374
-1.4624
2.8989
-17.3277
-11.4031
8.89473
-68.3482
-61.236
-41.889
-185.482
-75.5447
-7.7558
-3.7046
-41.6727
-31.5355
-80.4105
-110.935
-17.1594
-30.8647
-31.9835
0.87496
-28.0105
-23.4315
-39.5773
0.30917
-32.9708
-142.563
-36.5785
-177.218
-23.407
-59.2914
-11.8206
-54.4068
8.4634
0.17815
-19.8567
-6.7616
-39.0997
-24.4267
-119.025
-25.1897
8.60886
-6.0755
-44.5667
-238.707
-61.9341
-32.1655
-104.777
-53.1969
-161.502
-9.4348
-110.168
-106.978
-60.4039
-100.406
-71.5378
-21.6231
-3.1821
-24.3297
-184.132
0.36444
-26.856
-20.6859
-45.6923
-28.7833
-9.4521
-15.9915
-175.922
-60.9378
-177.07
-125.797
-32.9465
-42.8509
2.22329
-103.926
-105.693
-53.8397
-24.7844
3.32725
-43.8353
-18.3666
4.17205
3.96166
-3.7626
-309.666
-105.601
-19.6179
-0.5844
-14.2884
-58.033
1.92587
-246.139
-3.0472
-31.8972
-103.517
-32.3308
-37.7585
0.0156
7.39913
9.2443
-3.688
-10.8027
-13.5904
-22.5278
-22.4085
-46.4268
-29.6862
-12.2276
1.93265
3.622
-97.801
-28.2439
-84.3013
-44.9332
5.96289
28.2016
-42.4245
-16.0768
-79.3962
-23.6929
-60.5979
-70.1045
-57.8139
-49.459
-56.3098
-95.882
10.9474
-16.0967
-14.6883
-79.4821
7.00675
-56.2307
-124.495
-53.7922
-71.1577
2.86743
-2.1087
-48.207
18.2678
5.3315
-72.2464
-5.6566
-13.2026
-1.7532
-87.9321
-21.8657
-83.4501
-1.8943
-121.225
-70.3312
-42.8724
17.8124
-65.8974
34.3689
-61.166
-119.624
-52.592
-8.4102
-50.9898
-24.8922
19.7323
-85.2048
-177.36
-0.1528
-7.0881
-103.249
-36.9685
-41.5057
-9.7762
-44.9269
-41.452
-41.4811
-0.2076
-182.219
-13.442
-51.4088
-14.1009
-111.222
0.6748
-41.3349
2.417
-88.0794
-41.5172
4.10567
-86.2619
-64.5567
-85.7209
-8.3044
-125.579
-28.2645
-1.8957
9.8316
-139.728
-203.128
-41.0781
-1.0758
4.41725
-130.495
-219.037
-88.2172
-46.7711
-90.246
9.80415
18.9586
-31.369
-20.2658
-115.183
-137.492
-4.6894
15.6231
7.03075
-153.268
3.7621
-207.226
-37.6069
19.2392
-47.29
38.0393
-81.1765
32.5048
-63.746
-125.016
-5.7721
28.3986
-33.7066
-129.156
-22.579
-3.8811
-50.122
64.6901
81.3886
26.2899
94.5443
-1.7047
-17.2111
20.5625
-64.5795
123.999
-9.3161
12.7818
11.5906
-35.1726
-13.243
-29.4878
-67.607
-1.0098
35.4813
32.9036
-66.0559
88.3595
46.867
53.0256
-94.612
6.459
-98.883
-60.4898
-70.7729
-38.0736
32.2865
-4.1184
20.1722
93.3328
-82.6225
-12.8657
-62.1954
-31.813
-92.546
-18.1435
-51.032
-70.588
3.9479
2.07155
41.3147
40.3478
-11.5063
-136.922
-491.234
-54.6938
-21.8607
-75.7602
-205.269
-189.507
-113.965
-72.9658
-72.929
-148.45
-94.851
-318.254
-841.383
-218.293
-150.225
-97.284
-43.892
-464.611
-54.9708
-155.296
-48.8557
-78.8816
-272.928
-149.774
-332.705
-186.909
-212.9
-70.2973
-67.5789
-79.9303
-312.363
-89.0906
-260.237
-135.325
-76.1676
-135.384
-48.6662
-399.073
-11.7752
-185.463
-59.0643
-388
-34.3226
-139.897
-103.845
-307.956
-79.9914
-35.5847
-258.46
-57.9197
-422.357
-1318.03
-265.305
-141.383
-214.567
-76.4796
-83.5745
-126.043
-77.638
-76.6461
-365.192
-448.768
-341.755
-159.004
-240.089
-465.904
-81.0952
-115.841
-48.4531
-212.764
-76.809
-69.619
-238.671
-81.1876
-522.289
-114.771
-91.157
-39.5288
-87.2246
-219.914
-263.248
-80.9718
-78.4472
-316.24
-109.984
-207.934
-195.617
-86.4437
-93.27
-86.2096
-262.006
-238.608
-175.94
-609.161
-188.152
-108.598
-146.997
-490.435
-121.962
-398.235
-68.6851
-178.636
-151.94
-289.706
-141.933
-82.374
-165.108
-95.58
-289.641
-624.757
-230.811
-284.207
-88.9769
-351.93
-277.91
-64.5751
-102.123
-291.108
-602.95
-303.141
-69.9934
-120.05
-180.261
-115.537
-71.2665
-170.312
-234.046
-450.186
9.1155
-402.696
-244.809
-16.0281
-386.936
-325.944
-170.165
-181.887
-132.564
-78.0876
-93.877
-123.724
-483.319
-240.314
-242.814
-63.8509
-261.781
-332.341
-95.752
-211.425
-72.2366
-264.547
-196.812
-68.6395
-246.018
-67.3286
-154.482
-208.012
-122.504
-203.513
-104.32
-339.223
-333.668
-76.9785
-238.79
-498.572
-336.356
-262.427
-216.763
-13.5288
-136.554
-340.631
-89.8562
-93.886
-292.253
-195.774
-262.212
-198.263
-103.88
-320.808
-95.442
-313.896
-199.655
-471.58
-62.5214
-113.846
-319.846
-88.5221
-92.761
-140.037
-42.753
-85.2516
-134.092
-466.216
-194.053
-673.514
-207.88
-322.526
-96.254
-86.4074
-102.822
-183.482
-278.527
-194.454
-221.135
-560.303
-142.584
-224.98
-267.761
-289.658
-506.823
-143.115
-71.2924
-176.899
-97.712
-389.678
-418.234
-103.957
-3.9364
-316.584
-238.742
-874.075
-215.099
-119.748
-457.053
-173.885
-280.896
-183.906
-175.484
-14.8037
-813.103
-48.1451
-138.096
-522.24
-182.2
-434.073
-86.4634
-159.988
-174.154
-84.0244
-174.428
-268.198
-584.708
-91.246
-318.651
-82.7714
-52.5962
-113.51
-132.566
-174.762
-170.228
-148.402
-344.523
-263.125
-91.392
-56.5108
-457.411
-62.7319
-202.63
-392.317
-461.556
-100.632
-207.399
-102.136
-192.137
-69.5368
-83.6179
-512.801
-134.555
-232.677
-222.615
-58.3392
-322.673
-159.888
-131.163
-72.7149
-60.3276
-107.883
-90.345
-97.06
-361.288
-124.158
-137.625
-338.542
-52.1078
-159.45
5.2835
-116.559
-85.0445
-330.957
-101.093
-334.928
-67.6731
-190.737
-176.251
-67.2859
-21.8629
-75.9257
-275.734
-284.141
-93.489
6.5022
18.355
-6.0488
4.48996
0.36497
4.84142
2.71282
5.8339
3.38088
1.73391
-5.283
2.27808
0.8837
-0.8926
0.45918
-0.3921
-41.1482
1.397
2.1002
9.36546
3.62621
1.81897
5.15069
6.62422
2.53617
4.0053
3.85751
4.54534
3.84576
1.58206
1.64688
5.73033
4.32512
7.48508
3.59746
-0.0685
2.95116
2.03653
0.38686
1.48201
0.3689
2.28336
2.45915
-0.9544
2.07105
0.59681
0.61294
0.38321
3.72963
-0.5135
-1.2491
0.1935
2.75906
-1.8747
9.93401
1.26258
-15.3254
0.37887
0.92307
0.40015
2.1192
3.77248
0.83498
1.46406
3.03622
3.36437
0.39194
3.00316
3.45389
3.04162
1.65454
-38.4143
0.38181
-46.53
0.93853
1.55299
0.36533
-17.6088
3.22227
5.12645
6.86901
1.56259
3.24461
8.4072
3.00316
1.44243
-37.3628
14.3401
1.19288
4.23189
20.5775
1.11637
1.12496
8.31806
3.0961
4.03471
2.98895
1.09516
6.57323
1.15922
1.12836
-15.1228
17.1233
21.2238
13.6032
1.19125
11.138
10.4883
1.15473
33.7443
18.9024
3.06264
9.49113
4.3396
15.04
19.2898
10.1493
10.2237
13.1819
1.31116
3.16709
7.69324
1.12385
-1.8481
5.90142
13.6779
26.1238
5.58515
1.29438
19.709
6.42982
18.7369
37.2894
10.1994
34.2476
-0.1175
19.6308
11.3983
11.9108
11.6452
20.159
0.75384
-1.3139
4.57122
4.61003
40.9339
9.46156
1.09351
3.19155
6.05582
1.17802
1.18886
7.09698
1.20868
12.2871
16.3914
5.87683
12.5582
30.2937
5.12596
1.19226
7.05984
13.978
9.20462
28.5691
10.9764
9.15772
-39.6819
9.23619
12.7705
1.03336
5.06767
1.15399
21.1909
8.79699
-4.5459
16.5704
98.0628
7.53244
3.54758
96.1728
16.79
73.6034
-36.7291
130.562
47.2747
15.6002
3.79059
28.2503
-25.5381
81.1079
98.783
107.88
29.1457
64.7865
-11.1992
11.6615
27.6131
15.5457
94.7653
-6.5206
13.9138
48.1842
46.6522
4.96135
28.8755
52.9748
76.2732
21.4468
25.2255
38.9649
6.36945
34.7325
15.2586
3.94035
3.21836
42.5237
13.6605
30.4911
30.1756
14.6253
41.9316
3.9792
19.804
3.94388
3.62871
14.2858
38.9431
21.6853
72.5775
12.0348
19.4288
43.5255
61.0395
16.2501
117.121
35.1728
106.672
19.7742
120.837
69.3407
11.028
23.29
38.7334
29.6078
1.84829
12.9114
99.265
51.1569
5.76084
5.64411
0.94125
3.71634
89.0275
3.46962
30.3664
47.5795
53.3366
-20.8939
3.52812
21.9851
34.0301
14.9333
28.099
48.1425
3.8485
4.21327
-50.9313
-26.014
0.76948
-62.523
4.27204
-38.7315
2.71465
-107.236
-74.2595
13.1732
-50.1765
-3.1198
17.2968
-46.4569
-4.3381
23.1647
-97.837
-9.1112
0.34033
12.6457
-54.0765
-20.9952
25.2021
-46.5007
10.4764
14.1112
-8.6585
3.95639
-2.2753
1.8102
6.2327
-11.9482
-33.4641
14.4426
7.7081
9.61745
-0.8335
9.07375
7.72187
15.5972
12.6454
-38.7021
13.9681
-18.8279
13.8995
-1.1297
-36.994
-52.8514
-9.427
-19.6004
-93.209
-44.9861
-44.5794
-104.768
-41.8983
53.4278
-48.2048
14.8101
-14.0097
8.3194
-7.2069
15.2706
-29.926
13.6473
-24.3981
16.2764
-122.601
7.20413
-134.537
14.6399
6.75655
0.01758
0.6908
25.7696
-24.1371
21.6397
-43.3808
-13.0093
-8.4618
-16.8543
12.9315
13.4768
-14.1929
-12.4614
3.68093
-89.3428
-25.6908
11.2522
-107.129
-16.9097
27.5146
11.8728
-36.1576
19.9715
-16.249
-45.1819
-99.927
-59.8512
-56.7975
6.6161
-27.6551
-33.0774
-40.8715
4.2269
-27.946
17.6136
-2.737
17.5976
24.8733
-3.6683
-0.8155
2.82454
13.2133
-34.7467
-25.2708
5.39637
-52.2209
-56.1429
-33.1941
-51.9435
-50.3177
-70.2328
35.9239
2.2951
10.5884
-55.713
-14.6273
-51.2456
16.232
13.2146
21.7321
-27.834
-21.5326
17.3816
-22.8315
10.5495
45.307
12.268
-17.6862
-49.9773
30.8411
11.0959
-18.7066
-34.8689
1.2422
-1.2456
25.2348
16.4674
-72.9452
-8.986
-39.3906
-80.9201
11.4987
-18.0791
34.1142
-31.4762
-0.0263
-25.6692
-22.8699
-12.517
-12.5115
-2.6982
2.83075
-28.7535
4.37435
-48.2833
28.7749
-5.2888
-2.9124
5.79315
-38.5307
31.409
21.2471
-161.603
25.5049
-55.3519
30.8864
23.3541
11.5503
-17.1814
-49.72
3.20175
-46.9523
-19.8549
16.3345
5.56927
1.5581
5.42713
13.4809
3.78245
-27.6775
-77.8024
-47.2471
-17.861
-20.1099
-8.6764
15.2348
-6.8441
0.53597
-3.8686
29.6472
16.2588
-235.374
-23.2134
-41.2828
29.3216
25.6397
-128.299
0.58506
4.2225
-9.3601
17.0218
-45.3865
10.041
-34.5384
9.01825
-49.5333
39.3093
-3.5865
20.6701
-0.8317
20.2118
-0.3452
-63.8294
14.6682
31.7061
6.89635
23.67
6.5837
49.5849
-19.1374
16.8969
11.0757
-29.6433
-87.2237
23.4707
-5.7593
-18.041
24.6289
9.43345
-22.8441
-5.3425
-1.5227
20.5884
6.8738
21.9689
-83.681
-40.7771
37.306
56.24
14.1524
-21.4564
8.40325
-60.4581
19.1252
-8.4695
58.855
-5.4316
-24.612
13.1203
-53.0595
14.055
9.61765
-61.3276
29.1075
13.1382
-66.2398
61.8621
1.03545
37.8503
6.6702
57.5287
-105.447
17.3896
8.9231
-94.511
19.9868
-92.707
2.02489
64.7131
12.5532
-55.2855
-18.8829
-51.393
-39.2026
27.0827
27.298
-47.8171
-15.8273
33.1285
31.665
7.74095
-140.567
8.03614
1.7895
19.849
42.6223
10.1297
45.9807
13.6672
-2.287
-1.8788
-6.1808
0.46285
-5.6763
-4.0527
-16.2246
3.74693
-5.4305
-3.0902
-0.8414
-8.5776
-12.3727
-0.6842
-7.0507
0.05053
-2.4089
0.025
-6.3758
-4.5557
-1.413
-18.741
-14.3106
-2.0932
-8.2086
-6.9844
-16.9452
-1.3529
1.8209
-10.8563
-3.2692
2.08527
-4.2305
-6.424
4.00852
8.6756
-7.6841
-0.7386
-2.8152
-17.3299
-14.5464
-4.2501
-8.0895
-0.1337
-3.373
5.82445
-17.3629
3.74788
-13.8079
0.23085
-5.7946
-8.368
-4.8213
-6.5873
0.0598
-8.8918
-3.5871
5.66035
-9.3062
-4.9313
-6.5476
-11.645
-12.7264
-4.559
-1.1527
-10.0671
-1.7427
0.42791
-28.5131
-3.4965
-5.3639
-6.1319
-6.0852
0.79367
4.27716
-4.7146
-1.3957
11.3486
7.05284
-4.513
-10.7819
-0.1347
-4.2298
2.50815
-1.8037
-3.7832
-0.909
2.30656
8.20406
4.28074
0.23062
-1.935
-5.6307
-40.3877
-4.0467
-6.154
-8.5248
-11.7457
-16.7504
-15.2347
-1.9923
-1.9025
-21.9113
0.15397
12.9163
0.4124
0.27185
-1.1471
0.6766
1.6149
-2.6594
14.8338
23.8661
-12.5095
18.4275
-9.2703
-9.5082
-0.6694
-1.5342
4.36525
14.1669
2.1475
-0.1769
7.8502
8.66605
4.51
1.57459
-0.9338
9.9397
-4.4096
-4.3209
1.11029
-1.0861
-2.6024
8.5788
-30.9335
9.41395
-11.9092
6.32591
0.8311
-6.9299
-1.597
-1.9312
13.7596
9.89455
-2.1538
4.40042
0.01467
-4.0892
-10.8627
16.8552
1.09238
9.59955
1.29388
-6.4633
2.26739
-1.1514
22.7625
15.3331
5.64665
-12.2311
11.9713
10.556
0.47244
-48.0654
-10.2313
-3.6956
-18.357
7.83925
5.19097
-13.6119
17.7642
-2.2205
8.87695
-18.3732
-33.449
-0.0611
4.37454
4.88311
-12.4085
13.1428
-1.7246
11.0354
-4.9457
9.50195
12.9039
36.725
86.6011
6.9095
37.8655
-7.6977
42.181
72.6776
3.36573
46.3991
-12.1522
4.6773
43.4326
0.80514
121.189
56.621
92.5834
46.0962
84.4859
171.376
27.6685
69.2622
-16.6891
89.9052
-4.5335
9.8905
127.941
49.8956
27.0037
6.39704
1.70858
-31.8701
38.204
8.30375
-20.8989
-9.456
38.3046
23.6715
71.0059
-6.8494
75.3153
27.5044
37.9969
1.09196
109.293
29.3854
38.6457
128.394
116.057
43.8665
34.7793
58.2054
66.9375
-12.7699
3.81377
30.5127
95.9142
-10.3133
-35.1941
-64.2891
-15.6628
-25.748
-20.454
-6.8643
-53.8973
-28.3027
-12.415
-17.115
-24.2772
-23.9798
-51.2195
-29.0891
-36.4243
-31.0983
-29.7024
-9.1489
-11.9112
-16.151
-51.3946
-55.8649
-26.0859
-5.9964
-5.8783
-9.0083
-13.2533
-76.6715
-43.301
-13.2518
-50.3299
-12.749
-22.9631
-33.83
-6.2087
-49.4201
-7.3377
-13.5386
-30.7047
-15.1378
-51.5936
-6.8848
-13.3056
-7.6046
-13.6461
-58.9097
-47.4395
-69.5577
-22.7887
-83.932
-42.9294
-28.5014
-15.8413
-9.2584
-28.8952
-14.3849
0.24366
-19.4627
-22.8293
-11.2264
-5.3408
-43.5063
-9.0729
-36.0598
-16.9239
-27.7794
-30.1664
-32.8277
-20.5586
-28.9047
-15.6406
-63.7829
-10.7083
-17.1462
-45.547
-37.1538
-3.6867
-68.6846
-20.597
-26.2793
-15.8188
-10.6603
-12.5148
-9.3815
-12.0906
-14.1334
-35.2326
-26.141
-55.664
-21.8651
-25.6588
-13.4635
-9.3398
-12.834
-12.2889
-56.2057
-28.8945
-44.8122
-49.2536
-23.5973
-19.4515
-44.1474
-31.0592
-32.838
-16.4512
-31.3071
0.75253
-11.6244
-14.7468
-15.7868
-8.5187
-54.0393
-16.8884
-92.506
-25.5034
-33.8539
-88.7661
-4.778
-21.5646
-84.0954
-27.0817
-28.6384
-15.9761
-7.9111
13.7562
-63.5044
-4.9214
-11.4039
-105.141
-21.4705
-31.7149
-41.2207
-25.3742
-26.9366
-0.1272
-12.6719
-12.0727
-17.0735
-33.7031
-13.9763
-14.7199
-19.4806
-21.5082
-9.2411
-14.757
-6.1165
-25.8941
-42.5212
-133.738
-9.5564
-50.4518
-36.5108
-7.0081
-13.1622
-92.784
-15.1636
-11.4534
-4.5718
-91.523
-10.5694
-10.2504
-24.366
-19.7605
-14.3484
-39.2502
-5.1725
-18.8325
-11.9885
-28.6872
-52.3594
-30.8705
-11.2432
-81.5947
-11.3167
-14.3037
-32.0309
-7.4475
-11.6001
-16.8294
-19.1576
-22.2386
-42.7064
-32.5455
-93.141
-42.2394
-65.1054
-12.6052
-26.572
-56.7848
-10.8488
-0.4996
-43.1538
-48.6302
1.9331
-15.3044
-19.0245
-29.0173
-51.7362
-14.1928
-4.4672
-14.6821
-20.1592
-21.1799
-4.2537
47.8105
1.60995
16.2859
-1.8795
-19.1559
-38.1581
15.1204
12.1685
-47.3429
-23.1259
-20.7691
-22.8264
29.1258
-11.3975
-24.0691
-27.2563
-20.3596
-26.8458
-13.8153
8.8899
-23.4361
-24.0274
-20.5892
10.8597
-23.7607
-40.9563
-8.8762
-24.2948
-1.8425
-77.9207
-4.0221
-2.2392
97.7018
-24.0334
4.8073
-58.0229
-57.0312
-6.5972
-13.0637
-42.4306
-13.6048
-20.4337
22.8866
-4.9509
6.4146
78.9639
16.7514
96.4159
-27.2467
-10.8293
-4.4165
-17.2994
-8.5227
-11.4887
-13.4703
-1.8338
-13.9955
-7.3933
-7.5554
5.39805
40.0636
-17.1461
-4.1229
29.096
-14.471
-13.9298
-22.4813
-59.2759
-3.8772
-16.6361
33.1337
-14.5394
77.5971
35.8097
-39.5471
-11.0785
-26.8733
1.7096
39.6848
31.4971
-13.3675
-32.7649
30.2171
-8.3056
-7.377
-11.3734
-37.3762
-36.0425
-1.0757
9.1677
-12.1449
-11.0669
-25.0361
103.33
-15.7961
5.44726
3.38702
0.83117
10.5226
8.39521
2.54866
6.43237
-1.1182
6.86841
0.33613
4.60863
4.48883
1.71848
4.63416
0.39475
2.5214
0.35977
0.36568
-0.5927
3.10356
0.60058
1.83606
10.9628
1.91373
11.4201
1.74841
-0.6227
0.27908
3.51958
1.16783
0.36528
0.61309
1.73314
1.33534
1.1456
1.62561
2.41456
-7.4392
2.56885
5.67343
4.14619
3.70304
4.58172
0.03533
-0.0148
2.19717
1.58514
1.64674
7.48555
5.43465
0.47518
0.53472
1.50437
2.02968
3.86846
-9.1826
9.88154
0.3887
5.12737
15.5092
-0.329
0.769
0.36417
2.10018
2.20115
-7.2588
5.17337
1.6148
9.23392
5.85722
4.24876
6.52865
4.54169
12.1792
6.13826
0.34518
-0.1769
0.34892
4.87907
0.34061
3.37466
0.38467
3.60195
8.54526
-3.4809
0.62345
1.74876
1.53006
0.44349
10.6164
-5.6507
0.31903
5.15674
-0.0157
0.7851
-0.6728
12.358
10.9439
13.7748
14.0794
1.14522
2.59545
1.06565
18.3761
5.20407
1.06247
34.7612
10.8553
22.8268
26.6857
13.6545
15.2526
1.19561
8.45981
1.12003
3.87844
22.3637
9.03122
8.29314
6.02889
6.9592
1.06303
6.86501
20.5865
6.04541
17.2915
6.88635
13.7973
14.7099
1.29902
6.40199
1.31329
2.36414
8.83589
15.3668
-0.6161
4.02684
10.0963
21.7375
6.52629
16.7083
1.20204
10.5944
13.3664
7.72304
22.968
6.21768
1.04964
16.1157
17.2794
1.24528
10.1636
3.20836
7.02133
9.10076
-5.5567
10.6532
4.81742
4.62992
9.9175
4.74987
7.08772
5.94989
16.5378
23.8202
13.1056
4.42205
-2.3455
0.29738
1.48738
1.09791
28.5771
1.06927
16.2554
6.14476
1.19262
10.9505
8.3763
10.8995
24.6142
12.8429
10.1717
16.6552
46.8474
3.42889
11.9142
35.4375
86.9953
124.273
62.124
36.3608
34.315
52.5003
81.008
3.49059
3.81264
62.8186
34.2355
63.6945
103.618
93.7934
6.7165
18.6097
3.21732
16.0787
37.2364
62.6845
3.79239
6.97512
35.6187
54.5667
3.73612
2.32686
0.24327
-8.2809
-4.5595
1.98118
-3.578
-0.3587
-7.5846
1.83704
9.43925
-2.3744
2.02345
-6.6984
0.94508
5.64354
0.71987
-1.3411
-10.1447
5.5709
-2.4039
-3.7497
-3.5372
-0.5349
-0.9071
2.35039
5.60767
4.36943
1.9979
4.5493
-4.93
-2.2436
1.87754
4.12386
-4.5988
4.37168
3.60371
-9.5046
4.14733
-2.7703
-1.4408
-4.9755
0.8092
-10.4457
3.40265
-0.9973
1.88315
1.29202
-16.0845
0.04483
-0.5037
-15.0179
0.11839
-6.6828
-6.5533
6.85534
-15.9406
-0.3124
1.08381
0.18835
-1.3833
-4.2595
-1.2647
1.40863
3.30456
-2.553
2.90476
-1.4919
-9.4588
-17.6659
-5.4405
3.05654
-4.6052
2.4706
0.53863
-7.7179
0.91101
1.89254
3.61186
-5.8526
0.09878
-1.683
4.73477
-2.2602
-3.7374
2.36698
1.64118
2.0091
0.64086
-25.8899
0.79608
-17.1712
-22.3299
2.54477
5.08409
-0.6793
-5.6719
-4.617
1.24092
-5.0427
2.9634
-4.999
4.26615
7.2876
-1.9423
2.4485
-6.4439
12.1117
6.80484
15.4841
16.5921
-0.0562
1.13504
2.02581
11.8455
-9.9107
4.2374
18.4023
3.69877
-11.5945
-4.5911
-9.1868
5.01455
3.44116
1.10596
1.58803
8.37195
-2.8687
1.64479
-2.0672
-7.8804
6.22482
-3.0002
-7.9912
1.85924
1.08529
6.11712
7.59166
-6.0562
4.4107
1.75653
-26.3741
-2.2726
1.25094
1.19383
-0.8424
2.19229
0.53384
2.95759
-0.1287
8.08015
-7.0229
1.42701
14.5813
7.8728
6.4936
0.85887
-3.8393
-7.0608
0.67505
-0.1971
1.90611
2.03656
6.89401
3.16729
-17.8321
-2.401
-0.3653
7.43494
5.84938
3.86997
10.8584
3.18835
-6.3003
1.89357
-4.9156
1.76141
6.1335
-0.8659
-2.6087
17.5654
7.78135
13.2371
0.77564
5.3327
2.63657
15.3648
-2.8547
-5.8175
8.36995
-3.9901
-1.3003
7.96213
-6.9782
-4.7764
10.8801
3.90691
-3.6825
3.17295
14.2829
-1.2297
122.714
41.9858
83.9188
58.8419
23.9582
50.6798
0.79781
2.00979
4.318
18.3575
32.4845
152.607
35.9006
15.0731
4.66666
46.3599
28.3317
-4.093
30.3313
-12.2953
38.4052
28.6333
38.2424
106.08
8.74882
3.27536
21.8287
2.32674
17.4701
40.2608
38.0159
16.9976
14.6792
-8.2169
-12.8405
43.5859
39.2
72.2842
93.2609
6.16468
120.307
21.3573
4.46284
14.2517
23.8577
8.96545
14.0415
20.5943
1.04527
25.5279
14.6812
-3.9659
9.0699
34.5936
-6.6383
88.8401
7.8015
7.1375
104.855
25.5112
37.3196
10.1946
2.17115
8.2894
21.6739
14.2005
-0.2307
26.206
30.0575
20.8662
13.1195
42.3988
2.18899
5.39432
15.8686
-8.2919
56.6832
26.1862
11.5344
-10.8347
85.4497
109.262
92.4958
85.1739
26.7838
12.8432
6.97788
8.57915
51.7188
-0.9321
27.9666
28.3202
32.4349
-20.5292
-6.9602
-0.1924
-1.5611
-60.655
-41.644
-25.228
-64.2706
-16.0172
-54.2783
11.8761
-76.2078
-37.4383
-117.664
-54.1877
-34.9137
-37.8184
-100.987
-31.2764
-139.565
-77.672
-0.838
-0.5312
-36.8992
-13.508
-85.2586
-25.8356
-5.6515
-32.7243
-2.2936
-1.6455
2.28581
-25.4612
4.76633
-63.2147
-24.7929
-81.81
-102.792
-59.2512
-29.3368
-31.7138
10.0616
2.0437
-44.0164
1.11114
-63.3631
-45.2451
-71.6121
-50.7574
4.42904
-51.6726
-75.7665
-48.9631
-3.0163
-76.1817
-80.7304
-20.737
-28.8535
-71.7096
1.10828
-8.9495
-16
-53.9136
-19.5981
-7.2516
-65.4256
-73.8709
-11.6881
-97.937
-104.063
-38.6423
-55.7074
-46.5188
-32.2273
-45.8806
-52.4448
-1.3342
-162.519
-90.67
-31.7097
-40.4727
-98.524
4.73733
1.67342
-19.5692
-95.854
-169.326
-47.8066
-39.955
-6.7554
-1.5912
-5.9401
-0.8473
-3.5432
-67.3119
-34.4925
-26.5087
4.7021
-80.1254
-64.7457
-70.9498
16.1283
-14.9408
0.25468
1.46955
-6.3518
14.9298
-28.2137
14.8789
-45.1415
-34.6172
-102.159
-86.7059
-20.4044
-10.053
-72.7444
-17.431
-39.1078
-79.4904
-14.1472
-26.4492
-37.6353
-32.0391
16.3903
-20.5703
-53.2374
-106.005
24.2379
-38.232
-42.4369
-88.6117
-13.5102
-6.9162
-21.9301
-35.1088
-43.9019
-0.1461
9.05845
-0.3798
-10.1563
-17.952
-22.3041
0.36995
-13.8782
-137.244
-74.8695
-10.8001
-22.3285
-36.7268
28.9843
-0.073
-51.5148
12.2922
-51.5604
-1.564
-47.1005
-46.6435
-27.5939
-57.9298
13.1603
-139.39
-4.2969
2.1541
-35.8037
-7.0666
12.7272
-63.0738
9.7631
-47.0799
-46.1644
-125.034
-21.1074
-101.466
-60.1414
-2.0183
-65.6111
-17.0114
-80.2847
-111.026
-88.2194
-111.625
-24.8628
-33.8466
-68.5233
-46.6364
-29.2668
-29.1628
-28.8036
17.908
-12.9276
17.423
-147.117
32.2563
-166.463
-157.429
-229.063
-10.431
-12.4956
3.0867
23.0864
24.8377
-171.882
8.3896
-28.5896
66.1401
51.6822
-122.757
-109.705
-18.603
6.51965
-44.0538
-36.1798
35.1979
18.482
-43.3143
-22.2664
-61.3469
-69.1722
6.88683
-25.2928
-1.4353
26.5376
5.5171
-60.638
-18.8848
20.379
3.94155
-12.4037
83.5038
67.5074
86.8154
-23.9635
0.139
-8.6146
1.9885
27.1606
-39.3221
-147.862
-7.6441
59.3879
-23.2214
16.9271
-74.6034
-0.7923
67.4586
-6.5249
-57.298
-102.868
-9.8294
-70.1846
40.464
12.7471
6.99385
26.9759
-113.852
-31.8096
-66.0106
-80.5854
-60.3238
-25.8064
-27.2956
-16.4873
16.8981
-80.8624
-13.0308
-40.1054
-49.1286
-70.5404
-29.871
-71.0368
85.7544
-6.7218
1.32282
-87.717
7.4388
35.959
-87.4947
-46.8191
76.8434
-16.1278
-45.7173
-179.293
-308.513
-168.853
-86.8167
-77.7567
-186.543
-236.345
-95.614
-454.192
-342.272
-104.107
-128.573
-130.817
-155.528
-182.445
-116.972
-320.63
-71.4818
-309.491
-76.6282
-451.751
-210.163
-64.016
-260.576
-503.274
-121.804
-173.909
-95.822
-85.9005
-474.637
-65.1088
-186.051
-30.8412
-96.572
-383.611
-215.654
-557.061
-125.514
-579.906
-248.814
-79.0754
-491.467
-150.826
-552.341
-267.175
-133.983
-39.5412
-86.4227
-342.192
-176.06
-156.23
-196.406
-59.8825
-24.0695
-217.238
-157.499
-122.062
-326.012
-197.706
-89.1216
-335.629
-109.096
-54.4767
-118.918
-70.0974
-83.8948
-116.898
-429.463
-351.976
-57.6837
-90.532
-836.507
-658.332
-105.859
-209.001
-88.4641
-116.179
-211.077
-91.785
-74.4026
-90.562
-213.934
-60.1657
-224.816
-65.5589
-233.285
-249.745
-147.77
-320.636
-100.345
-56.7715
-92.496
-208.089
-263.258
-79.9967
-186.296
-502.578
-268.513
-61.2994
-68.4019
-88.354
-151.152
-201.989
-876.599
-277.358
-281.283
-69.3168
-26.3211
-133.817
-113.553
-88.0093
-514.322
-572.042
-83.1445
-88.44
-76.6819
-96.745
-178.032
-91.078
-111.648
-103.679
-77.5305
-88.6252
-173.452
-447.909
-124.587
-213.776
-270.261
-511.713
-363.632
-115.385
-315.207
-60.6491
-97.719
-98.72
-93.606
-391.82
-253.637
-56.4116
-209.106
-48.9749
-64.3503
-122.469
-155.769
-257.184
-12.1192
-186.673
-320.909
-179.44
-59.7489
-126.89
-181.193
-415.555
-88.3683
-49.1272
-113.077
-141.053
-92.885
-471.761
-217.957
-183.099
-170.449
-117.833
-81.8855
-58.0431
-104.858
-37.4091
-249.923
-119.666
-96.666
-82.9085
-605.455
-63.7277
-69.65
-91.825
-149.974
-136.084
-129.396
-157.587
-46.5797
-70.0412
-48.5266
-53.4943
-119.495
-75.3954
-222.633
-90.049
-235.337
-93.353
-231.93
-224.845
-325.044
-274.02
-71.2407
-25.9375
-159.42
-71.8597
-345.961
-368.809
-278.236
-116.412
-324.06
-157.097
-160.318
-106.09
-526.297
-124.193
-303.043
-208.868
-238.618
-34.4476
-61.9407
-134.643
-170.709
-73.3212
-50.3957
-103.457
8.17245
-228.812
-180.478
-63.1947
-242.321
-61.596
-271.775
-60.3945
-214.369
-345.573
-269.962
-326.99
-225.263
-463.514
-171.17
-23.5394
-58.0406
-52.6719
-93.124
-345.538
-67.4441
-181.673
-113.601
-253.831
-95.012
-381.387
-58.7768
-290.188
-302.275
-95.48
-69.1272
-72.083
-33.1123
-63.5789
-172.558
-197.16
-190.494
-104.297
-130.891
-130.008
-92.882
-119.779
-61.7169
-315.358
-76.9151
-238.594
-97.351
-68.7237
-47.2843
-280.602
-30.9542
-620.817
-193.411
-326.061
-42.2887
-90.193
-218.469
-329.464
-76.2885
-99.075
-240.788
-110.422
-157.389
-258.158
-204.957
-115.834
-243.099
-112.046
-117.261
-88.952
-175.474
-83.1025
-75.3268
-266.673
-219.6
-180.51
-197.351
-198.526
-75.6149
-27.9597
-274.512
-240.516
-84.684
0.38225
7.66674
2.13636
1.31545
0.36285
1.5298
4.02424
6.62486
11.0735
2.47862
0.96895
2.7384
1.50176
1.57845
4.53251
0.39765
2.60762
0.24113
-15.3185
1.93014
0.86729
7.27881
5.79629
0.49103
6.1209
3.90226
3.21077
0.34453
7.64114
0.34602
11.3115
3.1326
10.3971
0.38915
2.61659
7.74988
-52.1328
3.81411
7.26604
1.74917
0.37592
0.5015
7.83702
1.33401
1.58338
2.1
-14.946
2.28339
2.89977
0.37473
-2.9841
1.92877
-59.0687
0.97601
3.76284
3.21081
0.95028
5.80353
2.40654
3.44767
3.81214
2.57788
11.5192
-0.2357
8.78637
1.43435
8.39797
6.37494
0.63688
0.94304
-22.0632
3.01041
6.42335
0.42283
0.36058
3.89419
-0.1892
1.97565
5.97916
1.22224
10.0366
0.42262
4.46727
-53.4934
2.61468
0.33666
-2.2943
3.05964
0.33512
1.58561
0.81929
6.47345
3.27937
1.06476
-22.8749
1.00075
-28.1815
5.82758
2.07141
7.06657
10.3104
-67.3711
9.80958
14.1859
1.10555
9.62045
30.8422
9.17675
3.66103
3.45909
7.81006
-3.5395
0.98955
1.06494
4.05315
8.15967
6.18291
1.25857
8.83399
1.07484
17.2306
25.4195
7.45012
6.13556
7.55399
13.8784
5.30035
1.82861
1.17331
10.3479
3.62685
5.61723
3.42826
1.09753
1.13805
-1.8816
1.08315
0.91681
2.46626
17.9959
-0.913
5.35215
9.59893
7.4511
8.94158
9.04355
1.10077
12.2757
16.1347
11.7622
1.14691
7.14928
3.74808
4.74819
17.9275
5.11972
17.7645
1.09945
1.88378
15.4889
24.117
29.2842
10.737
1.14873
22.618
1.67845
21.5018
1.80903
1.1617
1.75712
30.6397
5.6463
8.7137
2.33746
3.79886
2.60595
15.3472
15.7286
1.63982
10.3362
23.3862
12.4668
3.1784
-24.0594
17.1315
53.638
3.8153
-1.4991
12.8621
17.7752
51.7178
12.3484
57.203
84.059
47.9879
32.607
14.6308
19.7512
3.51675
3.55897
34.1275
103.882
13.2407
20.0838
40.571
14.0954
45.6597
88.646
15.815
6.18293
65.0995
3.84994
3.72799
18.4708
21.1433
3.79021
97.2829
29.1314
15.0949
3.07122
18.1806
47.868
20.1669
66.13
3.32422
34.0642
-34.2081
37.2484
3.61642
19.3712
27.6196
3.8292
60.856
38.5481
45.3358
14.746
30.9797
10.434
22.8264
29.1883
3.79809
160.054
17.6382
47.2634
75.034
19.9156
0.5854
31.9123
50.8767
25.6594
3.72879
76.294
53.6384
45.6893
4.60752
-0.6182
8.24542
43.0469
14.1453
42.4449
80.547
47.6439
133.399
31.2891
7.4143
17.3977
21.9992
10.628
53.5551
79.535
29.8908
19.4175
54.2765
23.1467
-59.152
-22.5386
-27.8392
-55.449
-11.6001
-22.1089
-2.5618
-10.675
-3.766
22.8747
-0.4374
1.70568
-3.953
-10.6394
24.8682
5.07295
-63.5865
18.1248
-85.6132
7.09695
-1.8504
-6.1389
-36.9026
-22.0876
28.8052
7.21081
-33.7996
18.7349
-134.993
8.8528
-4.8446
-7.1866
19.1045
-3.5072
-127.082
-24.3283
-10.2629
-61.0031
-70.8536
-2.6191
-1.2158
-137.732
17.1591
-56.222
-4.2466
-6.727
3.94146
1.75744
-13.8753
-6.9522
1.50489
-29.6069
-1.0262
4.93798
91.7711
4.99
0.5596
41.6616
-2.1521
3.58746
-4.9326
-99.325
9.7203
-41.7121
5.6535
-13.0471
-12.0846
10.8364
-34.3619
9.45222
-34.6917
-19.7525
10.0584
-129.889
-18.2152
-97.015
-5.5527
2.66229
14.1564
-10.4629
-8.7399
-4.2725
-89.7112
-28.9017
-3.4814
4.03333
5.65196
-24.0445
18.8162
11.8417
-36.2032
-8.62
-35.644
-45.8055
-36.0436
-30.5616
-3.6931
-7.4706
3.0343
14.5157
17.0588
-0.9629
2.66908
7.79487
23.665
-6.0715
-0.9425
5.3069
-7.5224
-47.6486
-57.0681
0.52735
-37.3071
-41.814
-34.2618
-7.915
14.7164
-14.7801
-12.3657
-61.6067
-10.2925
6.2419
-11.234
-51.1387
-26.1298
-59.627
-35.368
11.1348
-34.0303
-49.6476
-152.858
36.1985
15.1609
29.5166
10.1568
-34.2964
-8.0347
-3.2655
-47.9838
-42.7362
20.3098
-43.0687
-84.3801
-16.0784
-0.6475
-4.5156
-7.5019
-90.077
-52.7161
11.1011
-33.7899
-58.699
-10.7433
12.0464
7.14035
24.9428
-65.5388
-69.106
-31.2266
23.2154
6.8472
-1.7689
25.0177
22.539
-8.5765
20.8978
-27.7587
-4.6196
-8.7603
-31.7371
-7.3171
-6.3239
-16.9557
7.66516
5.014
3.93002
10.3437
32.0031
-76.4497
20.9993
4.47121
-74.881
2.8217
-34.3935
20.1888
-11.2736
-24.2354
17.5596
-35.7187
9.8241
-3.1525
-11.9515
17.5452
-44.2047
16.9226
-31.0797
-51.4794
-168.665
-12.4669
55.7792
6.31545
-31.5269
16.5634
-25.9534
-13.5527
-2.8318
4.06924
-23.8509
-27.5508
16.9322
3.15015
16.9329
33.7898
-3.5705
3.386
22.7377
16.9527
28.6681
-104.278
7.9618
-10.7937
-44.3457
26.0589
-14.2506
4.8748
28.3011
6.98705
-30.0859
-115.725
-5.8126
20.0916
8.752
26.1168
-28.0875
-9.7062
4.64755
-58.2929
7.1033
9.18081
11.8141
26.946
51.3211
21.8654
-74.7218
-17.3235
14.2756
7.81227
-31.1853
-38.7625
-9.9798
37.6959
32.6545
-8.7492
-13.6595
-52.7395
24.7848
2.81085
5.99296
11.1998
-10.2991
9.4767
21.202
-48.5742
32.1359
-88.2322
27.6059
-2.3215
7.7774
19.0134
17.4878
1.72569
-231.653
-22.6321
-28.9093
-43.3487
13.6465
15.0278
2.3022
-7.1033
-26.5804
65.945
17.9527
-51.122
8.64697
8.8371
-73.7871
9.08464
20.7673
51.5098
-42.5921
37.8038
-33.3774
-30.0958
19.0639
15.7309
39.3316
-42.1154
6.91925
20.7668
