0.0535715
0.0250001
0.009615
0.0565068
0.0520831
-0.023148
0.020349
-0.024254
0.0292551
0.011364
-0.003205
0
0.030263
0.0739796
0.007353
0.0905173
-0.029762
0.045
0.0480769
0.0250001
-0.03125
0.005435
0
0.012324
-0.043675
-0.011986
0.0604839
0.009058
0.010246
0.020349
-0.208334
0.0316667
0.011364
-0.006579
0.009211
-0.035494
-0.031627
-0.044812
-0.061441
0.0271738
0.0454545
0.009211
0.007978
0.019737
0.027439
-0.05921
0.050926
0.011598
-0.013298
0.0322166
0.0330458
0.022436
0.0489131
0.0328946
0.004518
0.0282258
0.0583334
0.012097
0.0271738
-0.00487
-0.061047
0.021104
0.012097
-0.015845
0.017857
0.010714
-0.017857
0.0428084
0.0879629
0.0370878
0.010057
-0.05
0.0927419
0.0370878
0.003049
0.008117
0.008117
-0.013889
-0.022369
0.013889
0.0363924
0.0266395
0.0661764
0.0389783
-0.012255
0.005597
-0.009328
0.0654761
0.018617
-0.022369
0.0443547
0.007978
0.003788
0.022959
0.005435
-0.008333
0
-0.028846
-0.044492
0.009615
0.016892
0.016566
-0.011363
0.022959
0.011364
0.022436
0.0480768
0.016304
0.0565068
0.030263
0.0312502
-0.044231
-0.019928
0.021907
0.010057
-0.009328
0.003049
-0.006147
0.0271738
0.012324
0.020833
0.019737
0.0286145
0.0262347
-0.005952
-0.013298
-0.028846
0.0535714
0.021552
-0.011986
0.020349
0.001543
0.002551
-0.010416
-0.011363
-0.010416
0.025
0.023877
0.016566
-0.009831
0.0681819
0.0380436
0.0357146
0.0308825
0.0340912
-0.038636
0.0535716
-0.027778
0.01511
0
0.022436
-0.004412
0.0398937
0.016304
0.016304
-0.02993
0.0312502
-0.004032
0.011076
0.010416
-0.00487
-0.004412
-0.00176
0.0465686
-0.00176
-0.013298
0.010714
0
0.007353
0.0250001
-0.028846
0.0463484
-0.014535
0.002551
0.0351122
0.0575843
0.007353
0.011076
-0.032303
0.0552325
0.0316667
0.0304054
-0.003572
0.0250001
0.005
0.0286145
-0.030844
0.004518
0.0490504
0.01511
0.0597826
0.005435
0.002778
-0.039706
0.010057
-0.009328
0.01264
0.003049
0.021104
-0.017857
0.0396342
0.0372805
0.023305
0.0380436
0.0340907
-0.044231
0.013889
-0.008333
0.0363924
0.0535716
0.010057
-0.03125
0.0617088
0.020833
0.0425259
-0.006147
0.023305
-0.009831
0.0306601
0.0445401
0.0428084
0.027439
0.0324076
0.0768072
0.008721
0.0709459
0.016304
0.0583334
0.0472222
0.022436
0.009615
0.023551
-0.011363
-0.03373
0.0389783
0.010057
0.0328946
0.010246
0.006579
0.0385804
0.017473
0.007353
-0.008333
0.009211
0.0370878
-0.012255
-0.031863
0.016892
-0.009146
0.013889
-0.025
-0.011986
0.0425259
0.0518291
0.015909
-0.027778
0.034091
0.0406626
0.0513159
-0.013889
0.0326924
0.0632716
-0.01424
0.0480768
-0.036765
-0.010416
0.011076
0.060065
0.015411
0.017308
0.030263
0.005
0.013889
-0.05
-0.012931
0.008721
0
0.022727
0.0297619
0.0361111
0.0271738
0.027439
0.016304
0.0262347
0.010057
-0.025943
0.0328946
0.009058
-0.04784
0.022727
0.0575843
0.0706522
-0.017857
0.027439
0.022436
-0.017857
0.016566
0.0297619
0.0706522
0.0392857
0.017473
0.022727
0.016892
0.0604839
0.0472222
0.0608975
-0.036291
-0.009328
0.010416
-0.010135
0.0297619
0.0509257
0.0480768
0.023551
0.004518
0.001923
0.0277776
0.006721
0.013889
0.0330458
-0.001437
0.0583334
-0.044231
0.085
0.0319767
0.0604839
0.0375
-0.375
0.049731
0.0688202
0.0316667
-0.003205
0.0250001
0.005952
0.012755
-0.001437
0.0552325
0.0702055
0.007353
0.019118
0.0291094
0.03125
0.0597826
0
0.002778
0.0308825
0.009615
-0.013889
0.0416669
0.005952
0.0560344
0.017857
-0.030844
0.016304
0.059066
0.0632716
0.043919
0.0250001
0.01511
-0.025
0.0436046
0.0416667
0.001543
0.013889
-0.05
0.0292551
0.0611702
0.052536
0.101744
-0.031863
0.03125
0.0328946
0.007353
0.021552
0.018939
0.0460529
0.0518291
0.0316667
0.0370878
0.0694444
0.0375
-0.032303
0.0282259
0.001404
-0.010802
0.015411
0.0250001
0.0514705
0.0312502
-0.002659
0.006579
0.0643939
-0.00487
0.0574324
0.015909
-0.010593
0.0416669
-0.022727
-0.003572
0.008333
0.0604839
0.0955882
0.0500001
0.094697
0.086039
0.0372805
-0.097222
0.0661765
0.0899122
0.013889
0.0297619
0.0380434
0.0594262
0.075
0.0433673
0.0416666
-0.105769
-0.056818
0.0954729
0.0505321
0.103982
0.0694444
-0.160714
-0.032895
0.0661765
0.0652985
0.0986842
0.09375
0.0795455
0.052536
-0.075
0.016892
0.0960145
0.0819892
0.070055
-0.017857
0.104643
0.0535716
0.109167
0.107794
0.0604839
0.0702055
0.0514705
0.050926
0.009615
0.023551
0.0583332
0.0712365
0.007353
0.0509261
-0.028846
0.0714286
0.0518292
0.0865385
0.016304
0.079023
0.112191
0.017857
0.0274392
0.0768072
0.0416669
0.043919
-1.875
0.038793
0.0548247
0.013889
0.0545777
-0.097222
0.003049
0.0535713
-0.022059
-0.032895
0.0428084
0.0702055
0.0905173
0.0714286
0.016304
-0.0625
0.0433673
0.0661764
0.0592106
0.106875
0.0902419
0.0875
0.0416666
0.0592106
0.011389
0.007353
0.093254
0.0694444
0.075
0.0709459
0.0594262
0.0683962
0.0714286
0.0901163
0.038793
0.0594262
0.0879629
0.09375
0.0324076
0.0500001
0.0927419
0.0643939
0.0712365
0.0800562
-0.208334
0.0634615
0.108801
0.060065
0.0758197
0.0340907
0.0433673
0.0509261
0.0611702
0.0340907
0.0583334
0.085
0.0678571
0.0673077
0.0250002
-0.160714
-0.1275
0.0911017
0.0572034
0.0884146
0.075
0.0795454
0.0678572
-0.208333
0.0492426
0.0274392
0.106627
0.045
0.0972222
-0.375
0.0723685
0.019737
0.108214
0.050926
0.0800562
0.0406626
0.056818
0.0312498
0.0632716
0.0824469
-0.005435
0.0510715
0.0992442
0.0683962
0.112083
0.0470778
0.093421
0.0250002
0.0282257
0.043919
0.0389783
0.013889
0.0480769
-0.275
0.0911017
0.0839041
0.0661765
0.0575843
0.0758197
0.0788462
0.103269
0.108415
0.0678572
0.0716666
0.0694444
0.0833334
-0.375
0.0340912
0.0391665
0.025
0.0468748
0.045
0.045
0.0902419
0.0652985
0
0.0788462
0.0495281
0.075
0.0380434
0.0788462
0.0468748
-0.075
0.0492426
0.0611702
0.0568182
0.048077
0.0518292
0.013889
0.052536
0.0385804
0.022959
0.0389783
-0.005435
-0.003205
-0.001437
-0.014535
0.045
0.001404
0.0328946
0.0262347
-0.025685
0.004121
0.0308825
-0.00176
0.004518
0.004121
0.008721
0.01264
0.03125
0.018939
0.004518
0.0416669
-0.022727
0.0262347
-0.008333
-0.019578
-0.00487
0
0.017473
-0.014785
0.009211
-0.035
0.0416666
-0.009615
0.021104
-0.0125
0.023877
0.019118
0.002778
-0.006868
0.030263
0.021907
0.023734
0.005597
0.0361111
0.002778
-0.017857
0.009615
0.001543
0.0454545
0.0271738
0.017857
0.0326924
-0.001316
0
-0.016304
-0.03373
-0.010802
0.0668605
-0.033536
-0.02993
0.0398937
-0.005435
0.003049
0.0304054
0.016304
0.020349
0
0.0495281
-0.010802
-0.010593
-0.046052
0
0.0250001
0.016304
0.03125
0.011598
0.009211
0.022727
-0.001437
-0.048333
0.022436
0.008117
0.005952
-0.004032
0.0416669
0.012755
0.006721
0.007353
0.023551
0.0380436
-0.026163
0.007978
-0.002273
-0.004412
0.008721
0.005597
0.012097
-0.026515
-0.023148
0.0308825
0.011364
0.0375
0.016566
0.008117
-0.00176
0.0262347
-0.006579
0.0291094
0.011364
0.0260989
-0.032143
0.019118
0.023877
-0.023649
0.0380436
0.0282259
0.0428084
-0.017857
-0.008333
0.0297619
-0.00266
-0.081896
0.03125
0.0625
-0.001582
0.0480771
0
0.016892
0.001543
0.0375
-0.027174
-0.001316
0.0319767
0.020349
0.0509257
0.013889
-0.017857
0.015244
0.013889
0.016892
-0.005435
0.0545777
0.018617
0.018617
0.0456351
-0.015845
0.001543
0.0282259
0.01511
0.016304
0.010057
0.006721
-0.00487
0
-0.025685
-0.001316
0.016304
0.006721
0.0489131
-0.006868
0.004518
-0.003572
-0.010593
-0.004032
0.0460529
0.006579
0.004518
0.0330458
0.015244
0.0271738
0.034091
0.030263
-0.008333
-0.016025
-0.025
-0.009146
0.0527109
-0.010802
0.013889
0.013889
0.022959
-0.024254
0.016304
0.0375
0.01264
0.0308825
0.030263
0.0416668
-0.017857
0.0661765
-0.012931
-0.041667
0.017857
-0.011363
0.043919
0.013889
0.015625
0.0264083
0.0436046
0.015909
0.0445401
0.0286145
0.0306601
0.003378
0.0297619
0.0426472
0.0297619
0.034091
0.0398937
0.0688202
0.0490504
-0.003205
0.0404929
0.0304054
-0.025
0.0385804
0.0326924
0.01264
0.0312502
0.027439
0.0352567
0.003049
-0.020454
0.0552324
0.0901163
0.013889
0.0535715
-0.010802
0.0326924
0.0375
0.0389783
0.045
0.0637755
-0.00463
-0.003572
0.016566
0.0513159
0.0308825
0.0404929
0.0480768
-0.037791
0.022436
-0.080882
0.005597
0.0385804
-0.006579
0.018333
0.005
0.0583334
0.011364
0.0398937
0.073718
0.0661764
0.0304054
0.015411
0.0560346
0.0723685
0.0319767
0.016892
0.0552325
0.0652985
0.022436
0.022059
0.0456351
0.0271738
0.0661764
0.018617
0.0396342
0.0380436
-0.005435
0.059066
0.085
0.0463484
0.0389783
0.0250002
0.0416669
-0.007075
0.0274392
0.049731
0.0436046
0.007353
0.018617
0.0250001
0.0779412
0.0518291
0.0430328
0.010714
0.015244
0.018617
0.0702055
0.0269607
0.0824468
0.027439
0.0499998
0.0652985
-0.00487
0.0460529
-0.025943
0.0568182
0.0250002
0.0404929
0.0297619
0.075
0.006721
0.016892
0.0380437
0.0250002
0.0260989
0.0489131
0.023734
0.0802239
0.019118
0.0430328
-0.045731
0.016566
-0.003572
0.0380436
-0.015351
0.019737
0.0385804
0.015625
0.021552
-0.008333
0.007353
0.0522727
0.0592106
0.0406626
0.0274392
0.022727
0.0568182
0.0436046
0.0322166
0.0548247
0.0544117
0.0367648
0.0712365
0.048077
0.003049
0.0694444
0.0592106
0.010714
0.002193
0.0380437
0.005597
0.019737
0.003049
0.015909
0.015411
0.005
0.0499998
0.0363924
0.0316667
-0.006147
0
0.023734
0.0480768
0.0702055
0.0340912
-0.036291
0.030263
0.0535715
0.067029
0.0416669
0.019737
-0.012931
0.0389783
0.0398937
0.0363924
0.0380437
0.052536
0.0316667
-0.031863
0.0654761
0.0465686
0.0548247
0.0297619
0.0380437
-0.012931
0.0505321
0.0855264
0.0297619
0.00431
0.034091
0.0470778
0.0426472
0.022059
-0.032895
0.0668605
0.0583334
0.0380436
0.0617088
0.0518291
0.0352567
0.015411
0.0308825
-0.031863
-0.075
0.073718
0.078125
0.0961842
0.0888554
0.0465686
0.111389
0.031591
0.108415
0.112191
0.010714
0.0951493
0.0992442
0.0716666
0.0824469
0.103982
0.0694445
0.109842
-0.1275
0.0698685
-0.0625
0.0661765
0.0391665
0.0583334
0.0905172
0.0460524
-0.0775
-0.023148
-0.25
0.019737
0.0732759
0.075
0.0433673
0.0416666
0.0495281
0.102273
0.0694445
0
0.110872
0.0927419
-0.0025
0.0225
0.092033
0.108007
0.0480769
0.0560346
0.0312498
0.0833334
0.0625001
0.0879629
0.0905172
0.039286
0.0916666
0.0625
0.11163
0.104318
0.0611702
0.0552324
0.007353
0.0916667
-0.147727
0.0884146
0.0673077
0.067029
0.0704545
0.0911017
0.106627
0.0997727
0.0522727
0.0922131
0.0694445
0.0762195
0.108415
0.107575
0.109167
0.0968589
0.106875
0.0625001
0.099026
0.0604839
0.0661765
-0.541666
0.111862
0.078125
0.025
-0.025
0.06
0.108801
0.005953
0.0960145
0.050926
0.0795455
0.094697
0.009615
0.0625001
0.111006
0.11163
0.0709459
0.11
0.0729166
0.0694445
-0.056818
-0.051471
0.0961842
0.0879629
-0.8775
-0.175
0.0604839
0.077381
0.100761
0.0770455
0.0449998
-0.017857
0.111747
0.008721
-0.208334
0.110595
0.0732759
-0.075
0.0704545
0.0449998
0.0652985
0.0678572
-1.875
0.0880173
0.0732759
0.0921969
0.102892
0.0634615
0.107575
0.0879629
0.0480769
-0.041667
0.075
0.0319767
0.0583334
-0.8775
-0.056818
0.111511
-0.041667
0.102092
0.101667
0.0398934
0.0673077
0.0992442
0.0892857
-0.008333
0.111747
0.09375
0.111264
0.0741525
0.0652985
0.0678571
0.016892
0.0416668
0.108214
0.039286
0.1025
-0.541666
0.009615
0.0947222
-0.208334
0.0833334
0.0840385
0.0732759
0.077381
0.0888554
0.0942308
0.1025
0.085
-0.160714
-0.0775
0.0637755
0.0723685
0.0636765
0.0716666
0.0583332
-0.097222
-0.375
0.112191
0.092033
0.025
0.108801
0.0841837
0.0886363
0.108611
0.0611702
0.0732759
-0.003572
0.0340907
0.0385804
-0.044492
0.0445401
0.0250001
0.013889
0.010246
0.0634615
0.023877
-0.011986
0.017857
0.022436
0.0385804
0.0433673
0.0375
-0.007653
0.030263
0.005597
0.0470778
0.0351122
0.009615
-0.030556
0.0492426
0.020349
0.0583334
0.0266395
0.0406626
-0.003205
0.015244
0.0905172
0.0351122
0.016892
0.0316667
-0.041667
0.0370878
0.011076
0.0398937
0.0480771
-0.017857
-0.021342
-0.008333
-0.010802
0.0297619
-0.055556
-0.001984
0.002778
-0.016025
-0.005435
-0.020454
-0.00266
0.0385804
0.018617
0.0661765
0.0297619
0.0445401
0.0428084
0.0292551
0.0125
-0.008333
0.006721
0.015244
0
0.0372805
0.001923
0.0402543
-0.009328
-0.006579
-0.017857
-0.008333
0.016304
0.0505321
0.0480771
-0.016304
0.0367648
-0.00266
0.018617
0.0884146
-0.025943
0.0406626
0.0361111
0.0389783
0.016892
0.004121
0.007978
-0.001984
0.0308825
0.0380437
0.018333
-0.009831
-0.001582
0.0361111
-0.046875
0.0271738
0.021552
-0.026515
0.010246
0.0766129
-0.022727
0.004518
0.021907
0.0514705
-0.009021
0.013889
-0.058673
0.016304
-0.028846
0.004121
0.0729166
0.0947222
0.0380437
0.0490504
0.009615
0.0385804
0.017857
0.007353
0.0604839
0.0308825
0.001923
0.0312502
0.020349
-0.007353
0.0407897
0.0328946
0.0282258
0.010057
-0.011364
0.023734
-0.023649
0
-0.009831
0.0291094
0.020833
-0.00266
-0.005435
0.0125
-0.03629
0.015411
0.0330458
0.003049
0.011364
0.0398934
0.0328946
0.0407897
-0.00753
-0.043421
0.0260989
0.0385804
-0.020454
-0.00266
-0.026515
-0.017857
-0.019445
0.013889
-0.020161
-0.011363
-0.00487
-0.052778
-0.014535
-0.110294
0.0514705
0.049731
0.0592106
-0.027778
0.011364
0.0734536
-0.023649
0.0574324
-0.016304
0.0367648
-0.017857
-0.033536
0
-0.00266
0.0428084
0.002778
0.0460529
-0.017857
0.0463484
-0.034575
0.021552
0.023877
0.005
0.005597
-0.008333
0.081044
0.001712
0.0505321
-0.011363
0.013889
0.0396342
0.0416669
0.0370878
0
0.007353
0.007353
-0.009831
-0.016304
0.013889
0.017857
0.0575843
0.0407897
-0.007353
-0.024254
-0.008333
0.0490504
-0.022727
0.017857
-0.007075
0.013889
0.017857
0.001543
-0.01424
0.016892
0.043919
-0.006579
0.013889
0.0262347
0.0271738
-0.026515
-0.032894
0.034091
-0.015845
0.006579
0.007978
0.0282259
0.075
0.01264
-0.001582
0.0490504
0.0527109
-0.017857
0.018939
-0.041667
0.0499998
-0.041666
0.013889
0.0125
0
0.0694445
-0.060714
0.023551
0.0509257
0.008721
-0.039706
0.016304
0.010057
-0.006868
-0.022727
-0.023148
0.0282259
0.0640244
0.004121
-0.019737
0.0583334
0.025
-0.134259
0.017308
0.0340909
0.001923
0.0308825
0.003049
0.0480771
0.011076
-0.013298
-0.010802
-0.141667
-0.06903
-0.011842
0.0282258
0.045
0.0277776
0.001288
-0.019578
0.0433674
0.0518291
0.004518
0.006721
0.0402543
0.0260989
0.0264083
0.011364
0.004518
0.023734
-0.00266
0.034091
0.0833334
-0.014535
0.01264
0.001543
0.0625
0.01511
0.0363924
0.0340907
0.0380436
-0.022541
0.004121
0.0286145
-0.025685
0.0535716
0.0340912
0.0361111
0.01264
0.019118
-0.03125
0.0297619
0.01511
0.048077
0.0297619
0.0640244
0.0125
-0.043421
0.0456351
0.022436
0.103982
0.0367648
0.0291094
0.0361111
0.01264
0.005435
0.01511
0.0297619
0.0480768
-0.023649
-0.058673
-0.010802
0.018939
0.018333
0.006721
-0.001582
0.013889
0.0316667
-0.028846
0.011076
0.022436
-0.002907
0.013889
-0.050438
0.0661765
0.023734
0.0416666
-0.037791
0
0.010416
-0.009021
-0.008333
-0.009146
0.013889
-0.023148
-0.019445
-0.0125
0.005435
0.011364
0.0319767
0.009058
-0.005952
0.0380437
0.0260989
-0.001582
0.0297619
0.0319767
0
0.008117
-0.004032
0.0604839
0.017857
-0.030844
0
0.010057
0.020833
0.0291094
-0.041667
-0.020833
0.0505321
0.01511
0.018617
0.023877
0.009058
0.0352567
0.0678572
-0.010416
0.021552
0.023305
-0.024425
0.0312502
-0.06903
-0.051471
-0.011364
0.0535716
-0.0125
0
0.011364
0.0572034
-0.028846
-0.047414
-0.00463
0.064759
0.005435
-0.039706
0.011364
0.007353
0.0354476
0.001404
0.008721
-0.003572
0.0535715
-0.011363
-0.004032
0.006579
-0.010135
-0.010135
0.0552325
0.017857
0.002778
-0.017857
-0.008333
0.0340912
0.0480771
0.013889
0.0716666
-0.051471
0.009615
-0.015625
-0.009831
-0.028846
0.0389783
0
-0.00487
0.0297619
-0.020161
-0.078704
0.022727
0.002778
0.0370878
-0.00176
0.011076
0.003049
-0.023148
0.0480768
0.006721
-0.032894
0.0291094
0
0.001404
0.0297619
0.03125
0.022436
0.048077
0.023551
-0.038265
0.0509257
-0.019578
-0.006868
-0.026515
0.0548247
-0.016025
0.0328946
-0.00266
0.022436
0.0354476
0.0271738
0.030263
0.003378
0.006721
0.008117
0.0489131
-0.003205
0.0271738
0.0354476
0.018333
-0.008333
-0.022059
0.016892
0.0544117
0.003378
-0.027174
0.0527109
0.0698685
0.030263
0.009211
0.0729166
0.0555556
-0.019445
0.002778
0.004121
0.0322166
0.0389783
0.011598
-0.026163
0.045
0.0522727
-0.03125
0.022959
-0.024425
0.045
0.0380436
-0.025
0.023734
0.0489131
-0.033536
0.0324076
0.0544117
0.007353
0.059066
0.007353
-0.009328
0.012324
0.01264
0.0361111
-0.041666
0.003378
0.0480768
0.016892
-0.007353
0.0271738
0.0370878
0.049731
0.0324076
-0.00487
0.012097
-0.067308
0.0363924
-0.003205
0.0330458
0.018617
0.0361113
-0.028846
-0.008333
0.0426472
-0.00753
0.01511
-0.06903
-0.125
0.0286145
0.0308825
-1.875
0.03125
0.003049
0.01511
0.0640244
0.0304054
-0.035
0.007353
0.0125
0.0575843
0.0416667
0.008721
-0.001316
0.0260989
0.0351122
0.0640244
0.022436
0.0340909
-0.001437
0.0430328
0.0330458
-0.016177
0.030263
0.0548247
0.008117
-0.016025
0.0351122
0.011364
0.0125
0.0468748
0.001712
-0.020454
0.0380436
0.006356
-0.006147
-0.010802
0.0520831
0.027439
-0.048077
0.0282259
0.010057
0.0297619
-0.034091
0.0514705
0.020349
0.018617
0.0351122
0.009615
0.011364
0.09375
0.020523
0.0340912
0.111974
0.017473
0.018617
0.0618421
0.034091
0.0282259
-0.023936
-0.00176
0.0282259
0.0316667
-0.014535
0.007353
0
-0.027542
0.011364
-0.017857
0.011364
0.0568182
0
-0.008333
0.0380437
0.016304
0.0125
0.003378
0.010246
0.030263
0.022059
0.0328946
-0.01424
0.007978
-0.014535
-0.005952
0.017473
0.0361111
-0.019928
0.007353
0.001923
-0.024254
0.017857
0.004121
-0.022059
0.019737
0.0340912
-0.011986
0.012324
0.022727
0.023551
-0.002907
0.007353
0.0389783
0
-0.006868
0.015411
0.0125
0.0282259
0.0443547
0.01264
-0.001437
-0.0125
0.018617
0.0363924
0.019118
0.005435
-0.001316
0.0445401
-0.017857
0.0499998
0.0678572
0.0354476
0.003049
0.0416667
-0.03442
-0.020454
0.017473
0.016304
-0.005952
-0.010416
0
0.015625
0.023734
0.016566
-0.006579
0.018939
0.0319767
0.019737
0.0319767
0.005
0.002778
0.027439
-0.003572
0.01264
0.003049
0.023877
0.0269607
-0.011986
0.0331633
-0.009831
0.019118
0.010246
0.001543
-0.017857
-0.017857
0.049731
0.023734
0.015411
0.022727
0.005435
0.010057
-0.011842
-0.013889
0.0380437
0.01264
-0.002907
0.023877
0.010714
0.0505321
-0.021342
-0.005435
-0.001437
0.003049
-0.053571
0.01511
-0.001582
0.013889
-0.022059
0.0416668
0.022727
-0.001984
0.0330458
-0.038934
0.009615
0.006721
0.009211
0.009615
0.0568182
0.022727
-0.075
0.0352567
0.008333
0.027439
0.016892
0.008333
-0.039384
0
-0.011986
-0.010802
0.007353
0.016566
-0.046875
0.0354476
0.015411
0.01511
0.003049
0.009211
-0.010802
0.022727
0.011076
0.020349
0.0583334
0.019737
-0.061667
0.0575843
0.0319767
0.0352567
-0.010802
0
-0.003205
-0.004412
0.023734
0.0416667
0.011076
0.017308
0.019737
0.022727
0.011364
0.0340912
-0.041666
-0.010802
0.0282259
0.0250001
0.0352567
-0.017857
0.0331633
0.0266395
0.0291094
0.018333
-0.019737
-0.022541
-0.010416
-0.010416
0.01264
0.0274392
0.0370878
-0.060714
0.003049
0.013889
-0.016177
-0.026163
0.001543
-0.010135
0.009211
-0.001316
0.019118
-0.003205
-0.008333
-0.048333
0
0.006579
0.013889
0.0416669
0.034091
0.0322166
0.022436
0.0433674
0.009211
-0.011364
-0.027778
0.021907
0.0611702
0.002778
-0.008333
-0.035494
-0.001316
0.0470778
-0.032143
0.0472222
0.017857
-0.003205
0.0661764
0.0361111
0.006721
0.005952
0.007353
-0.019928
0.008721
0.011598
0.022436
-0.002907
0.0425259
0.017473
0.023734
0.0480771
0.0286145
-0.00266
0.0316667
0.003049
0.0340912
0.023734
0.0490504
0.016566
0.001712
0.006579
0.0416667
-0.054487
0.013889
0.006721
0.0262347
-0.015845
0.007978
-0.007653
0.0992442
-0.017857
0.0250001
0.0286145
0.015244
0.006721
0.0380436
-0.011364
0.013889
0.010416
0.013889
0.0125
0.022727
0.01511
-0.008333
0
0.011598
0.001543
0.011598
0.003049
0.010057
0.0380436
-0.029762
-0.001437
0.0888554
-0.001437
-0.054104
0.022727
-0.008333
0.0611702
0.0250001
-0.006868
0.015411
-0.008333
0.0436046
0.0125
-0.023649
0.016304
-0.016025
-0.00487
0.0489131
0.021552
0.0322166
-0.001316
-0.006868
0.0271738
0.0125
0.016304
0.002778
0.002551
0.0425259
0.0330458
0.007978
0.016892
0.006579
0.01264
-0.006579
-0.016025
0.0490504
-0.032143
-0.027174
0.023734
-0.016025
0.0282259
-0.006868
-0.010135
-0.038934
0.0271738
-0.039557
-0.010802
-0.001582
0.017473
-0.00176
-0.019737
-0.025685
0.0426472
0.023877
-0.003205
0.017473
-0.008333
0.023877
0.016566
0.011076
0.010416
0.006721
0.0472222
0.013889
0.0398937
0.008117
0.019737
0.0306601
-0.004032
0.043919
-0.004032
0.002778
0.0535716
0.019737
0.0490504
0.0608975
-0.001437
-0.008333
0.0426472
0.0597826
-0.00463
0.001712
0.013889
0.009615
0.010416
0.0282259
-0.011363
0.011364
0.018939
0.0361111
0.003049
0.01511
-0.028846
0.0286145
0.021552
-0.017857
0.0445401
0.012324
0.0361113
0.003049
0.011076
-0.172297
0.0286145
0.007353
0.004518
0.010057
-0.01933
0.0416669
0.0583334
0.0505321
-0.025
-0.016025
-0.028846
0.030263
0.020523
0.0351122
0.049731
0.0709459
0.017857
0.0125
-0.051471
0.013889
0.018617
0.027439
-0.009831
0.001404
0.001543
0.0407897
0.0367647
0.005435
0.008117
0.0454545
0.0361111
-0.017857
0.010057
0.005435
0.0250001
0.077381
0
-0.008333
-0.001582
-0.007353
0.001543
0.011364
0.0454545
0.016304
-0.006579
-0.008333
0.0282259
-0.008333
0.018617
0.0470778
-0.038265
0.013889
-0.005952
0.001288
-0.039384
0.003378
0.059066
-0.011986
0.019737
0.030263
0.001712
0.059066
0.019118
0.019737
0.006579
0.0640244
0.0328946
0.0352567
-0.027542
-0.008333
-0.017857
-0.003205
-0.00753
0.008721
0.030263
-0.009328
0.023877
-0.022059
-0.041666
-0.006147
-0.0125
0.021552
-0.026898
0.013889
0
0.0367648
0.0274392
0.0125
0.005952
0.0262347
-0.010135
0.016304
0.01264
0.01264
0.0271738
0.011076
0.030263
0.018333
0.01264
-0.002907
0.0319767
0.0535715
0.027439
0.020833
-0.01424
0.023305
0.017473
0.007978
-0.053571
-0.006579
0.017473
0.022959
0.006579
0.0560344
-0.012931
0.0319767
0.0262347
0.001543
0.019118
-0.048077
0.023877
0.013889
-0.032143
0.027439
0.0463484
0.005
-0.00753
0.0406626
-0.025
0.0363924
0
-0.044014
0.005952
0.022059
-0.035
0.004518
0.0426472
0.021104
0.010416
0.0518291
-0.017857
0.0351122
0.016892
0.003378
0.048077
0.0505321
0.010057
0.007353
0.0654761
0.0286145
0.015411
0.003788
0.013889
0.011076
0
0.011364
0.0340907
0.018617
-0.011364
0.0389783
0.0277776
0.0277776
-0.263889
-0.016025
-0.009831
0.013889
0.0509257
0.0499998
-0.016025
-0.011364
0.010714
-0.00176
-0.009328
0
0.011598
0.013889
-0.017857
0.0363924
0.0380436
0.021552
0.0297619
0.012097
-0.006868
-0.011986
0.0271738
-0.019928
0.017473
0.017857
0.003049
-0.038934
0.019737
-0.014535
0.0250001
-0.020833
0.010714
0.0331633
-0.025
-0.016025
0.0286145
0.009211
0.010246
0.022436
0.0426472
0.0330458
0
-0.008333
-0.02993
-0.016177
0
0.020833
0.0262347
0.021552
0.01511
0.009211
-0.00487
0.011364
0.0583334
0.021552
0.0316667
0.023551
-0.023148
0.0125
0.008333
0.003378
0.0304054
0.008721
0.009615
-0.052778
0.0604839
-0.009831
0.004518
0.022436
0.0351122
0.010416
-0.022369
0.034091
0.027439
-0.002273
-0.027542
0.008721
0.0271738
0.016566
0.01264
0.0575843
0.005
0.018617
0.043919
-0.00487
0.001288
-0.024425
-0.0375
0.0322166
-0.04784
0.002778
-0.002907
-0.014785
0.0308825
0
-0.008333
-0.00266
-0.005435
-0.004412
-0.00753
0.011076
-0.001437
-0.00487
0.020349
0.0282259
0.0125
-0.021067
0.005435
0.027439
-0.028846
-0.008333
-0.001582
0.0291094
-0.026163
-0.032894
0.0583334
-0.009146
-0.056818
0.023734
0.0425259
-0.011363
0.021552
0.013889
0.0470778
0
-0.010416
-0.005952
-0.010416
0.007353
-0.006868
0.013889
-0.002659
0.005952
0.0480771
-0.004412
0.001404
-0.041667
-0.023148
-0.039384
0.018333
-0.032894
0.007978
0.0490504
-0.004032
-0.013461
0.018617
0
0.0454545
-0.017857
0.006579
0.020349
-0.009146
-0.035919
0.0425259
-0.022369
-0.001437
-0.010593
0.01511
-0.041667
0.009211
-0.012931
-0.015625
-0.026515
0.012755
-0.004032
-0.024425
0
-0.023148
0.0901163
0.0308825
0.0282259
-0.053571
0.007978
-0.070122
-0.027174
0.0375
0.017308
-0.063679
-0.03373
0.0499998
-0.016177
0.018939
-0.032894
-0.030844
0
-0.0375
-0.051471
0.0269607
0.018333
-0.007653
-0.013298
-0.015845
0.010416
-0.014535
0.018939
-0.039706
-0.015625
-0.026163
0.004518
0.021907
0.017308
0.0291094
0.002193
0.017857
0.0688202
0.016892
0.023734
-0.025943
0.0555556
0
0.0297619
-0.026163
0.0319767
0.022727
0.0416669
-0.015351
0.013889
0.027439
0
-0.019737
0.020833
-0.014535
-0.01424
-0.041667
0.009211
0.004121
-0.064874
0.01511
-0.049603
-0.120614
0.020834
-0.046428
0.007978
0.0262347
-0.048333
0.020349
-0.010135
-0.028846
0.017473
0.0262347
-0.0125
-0.026163
-0.022369
-0.019737
0.006579
-0.013889
-0.016304
0.005435
-0.063889
-0.030844
0.01511
-0.021342
-0.041666
-0.026515
-0.03125
-0.001437
-0.049603
0.0416667
0.01264
-0.020833
0.019737
-0.026163
0.034091
-0.046875
0.0277776
-0.003205
-0.044014
0
0.019737
0.017857
-0.017857
-0.007353
0.005
-0.03373
0.0385804
-0.013461
0.022727
0.017857
0.009211
-0.036291
0.016304
0.0396342
0.019737
0
0.045
0.0518291
-0.014785
-0.017857
0.0292551
-0.032894
-0.003205
-0.003205
0.016304
0.005952
0.007978
0.019118
-0.029762
0.0574324
0.001543
0.0535714
-0.019737
0.0505321
0.0250001
-0.028846
0.0513159
0.0352567
0
0.049731
-0.021667
0.011598
0.008117
-0.003572
0
0.0297619
0.0363924
0.0518291
0.017857
0.002778
0.007353
0.0354476
-0.0125
-0.00753
-0.028061
-0.009146
-0.004412
0.0274392
0.0291094
-0.03373
0.0125
0.023734
0.017857
0.018939
0.025
0.016566
0.0454545
0.001923
-0.025
0.022727
0.013889
0.022436
0.009615
-0.022727
0.0389783
-0.004032
0.0443547
-0.032895
0.01511
-0.043831
0.020349
0.0292551
-0.002907
-0.026898
-0.045213
-0.003205
0.0489131
-0.00176
-0.010802
0.0352567
0.013889
-0.03373
0.005435
-0.019445
0.021552
-0.005435
0.001404
0.0250002
-0.001316
0.022059
-0.031863
-0.006579
0.023877
-0.023649
-0.008333
0.0756172
-0.030556
0.0741525
0.013889
0.022727
0.027439
0.017857
0
0.010057
-0.039557
0.0322166
0.023877
0.0286145
-0.013889
0.0316667
-0.0625
0.019737
-0.001437
-0.00266
0.007353
0.005952
0.023877
-0.035919
-0.035
0.018333
-0.056818
0.0716666
-0.00753
-0.044014
0.023551
-0.044492
-0.012931
0.002551
0.0470778
0.015909
-0.011986
-0.043675
0.013889
0.0385804
-0.03629
0.020349
0
0.030263
0.003788
0.0271738
0.0297619
-0.005952
-0.053571
0
0.017473
-0.021067
0.013889
0.0480768
0.010057
0.0544117
-0.005952
0.0939285
-0.005435
-0.003205
0.0520831
0.0548247
0.019118
0.0433674
-0.077532
0.0361111
0.0380436
-0.017857
0.019737
0.004121
0.0625
0.0292551
0.0398937
0.006356
0.004121
0.0611702
-0.05
0.0316667
-0.00266
0.023877
0.0312502
-0.016304
-0.019928
0.0385804
0.0527109
-0.013298
0.0583334
-0.00753
0.0316667
-0.015625
-0.005952
-0.004032
0.073718
0.0592106
0.0824468
0.0480768
0.0416666
0.0784884
0.0891667
-0.028846
0.0815218
0.108214
-0.097222
0.0480768
-0.8775
0
-0.541666
0.0535715
0.0698685
0.108987
0.0766129
0.110872
0.109679
-0.075
-0.3775
0.110452
0.09125
0.110872
0.077381
0.068662
0.011389
0.0888554
0.0611702
-0.011364
0.0927419
0.0714286
0.0361113
0.0380435
0.0398934
0.0416666
0.0976028
0.0768072
0.0282257
0.0884146
0.0535715
0.0986842
-0.541666
0.109842
0.025
0.0560346
0.0380435
0.0916667
-0.005435
0.0922131
0.0930882
0.0608975
0.019737
0.0643939
0.064759
0.0992442
0.111136
0.0897059
0.0802239
0.0840385
-0.011364
0.0560342
0.0225
-0.160714
0.0565068
-0.032895
0.009615
0.0704545
-0.056818
0.110154
0.0911017
0.102528
0.0947222
0.073718
0.0706522
0.111974
0.0535714
0.0274392
0.019737
0.050926
0.0855264
0.0821429
0.043919
-0.008333
0.108007
0.068662
-0.006579
0.0756172
-0.541666
0.0443547
0.017857
0.070946
-0.275
0.103269
-0.125
0.0815218
-0.044166
0.0732759
0.068662
0.0986842
0.0518292
0.0637755
-0.005435
0.0380434
-0.041667
0.0632716
0.100761
0.0340907
0.0608975
0.0905172
0.0815218
0.0535715
0.077381
0.005
0.0625
0.003788
-0.032895
0.0788462
0.0675287
-0.020357
-0.541666
0.078125
0.0433673
0.103269
0.0480769
0.0964286
0.0815218
0.0790218
0.112399
0.0361113
0.0357146
0.009615
0.039286
0.111974
0.0886363
0.064759
0.099359
0.109167
0.0480768
-0.1275
0.0954729
0.0456351
0.108007
0.0661765
0.0961842
0.110305
0.0678571
0.111006
0.0678571
0.0968589
0.065
0.0340908
0.0828948
0.0821429
0.0583334
0.0694444
0.103632
0.103982
0.111264
0.031591
-0.125
0.110872
0.0795454
0.065
0.0673077
-0.208334
0.0897059
-0.025
0.0968589
-0.032895
0.0643939
0
-0.097222
0.06
0.0402543
0.007353
0.0583334
0.0340912
0.0535715
0.106875
0.0844595
-0.075
-0.00487
0.016304
-0.015845
0.0583334
0.023877
-0.044492
0.0319767
0.056818
0.002778
0.001543
0.0495281
0.023734
-0.004032
0.043919
0.0351122
-0.008333
0.015411
-0.029762
-0.032143
-0.003205
-0.010416
0.0340912
-0.019737
-0.024425
0.0260989
-0.005952
-0.03125
-0.004032
0.0565068
0.01264
-0.035
0.009211
0.0286145
0.016892
0
0.0250001
-0.003205
0.013889
0.002778
0.015411
-0.006868
0.034091
-0.001582
-0.001582
0.0250001
0.010714
-0.001984
0.0292551
0.004518
-0.00266
-0.009146
0.0266395
0.022436
0
0.003049
-0.00266
0.011076
-0.035494
0.003049
0.0316667
0.0445401
-0.005435
0.0250001
-0.010802
0.01511
0.0286145
0.007353
-0.017857
0.021552
0.005
-0.025
0.0262347
0.008721
0.0396342
0.015244
-0.007353
0.0326924
0.010057
0.031591
0.0406626
0.011364
0.005
0.018617
-0.012931
0.027439
0.010416
0.0331633
0.017473
-0.013461
0.005435
-0.005435
-0.009146
-0.003572
0.001712
0.022959
-0.002907
0.007353
0.0308825
-0.005435
-0.019578
-0.019928
0.017857
0.027439
-0.001437
0.004518
0.001288
0.027439
0.017473
0.019118
-0.009831
0.01264
-0.001582
-0.017857
0.016304
-0.00176
-0.027174
-0.004412
-0.021342
-0.031627
0.023734
0.0520831
0.017857
0.001543
0.0328946
-0.002907
0.015244
0.006579
-0.875
0.005952
-0.008333
0.0544117
-0.00266
0.0463484
-0.013889
0.0297619
0.022959
-0.001582
-0.009146
0.001712
0.004121
0.0712365
0.017857
0.0260989
0.015625
0.0351122
0.002778
-0.001316
0.0463484
-0.044492
0.016304
0.018617
-0.025
0.008117
0.0480771
0.0743671
-0.026898
0.016566
-0.035
0.007353
-0.017857
0.009058
0.003049
-0.006579
0
0.007978
-0.007653
0.01511
0.004121
0.001712
0.023877
-0.003205
0.0352567
0.0125
-0.00487
0.034091
0.001543
0.0575843
0.0634615
0.0297619
0.0262347
-0.030844
-0.04784
0.0319767
0.0328946
0.077381
0.0392857
0
0.03125
0.018617
0.011364
0.011076
0
-0.009831
0.0389783
-0.016025
0.0363924
0
0.0277776
0.003788
0.021907
0.023551
-0.068548
0.0520831
0.018617
0.0560344
0.0357146
0.0492426
0.022959
0.0392857
0.0552325
0.0470778
0.0385804
0.0583334
0.0363924
0.0385804
0.0480768
0.019737
-0.028846
-0.028846
0.049731
0.001923
0.0445401
0.0490504
0.0406626
0.0375
0.0465686
0.0827465
0.012324
0.0673077
0.0330458
-0.009615
-0.025943
0.0319767
0.0291094
0.0406626
0.002193
0.0340912
0.0460529
-0.026515
0.0454545
0.0250001
0.011076
0.0544117
0.012324
0.060065
0.019737
0.0352567
0.016892
0.0668605
0.0406626
0.0535714
0.0361111
0.0375
0.0367648
0.0718085
0.022059
-0.008333
0.0480768
0.0443547
0.0592106
0.0271738
0.0380437
-0.006147
0.0340907
-0.075
-0.003572
0.0396342
0.0544117
-0.003205
0.0490504
0.0416667
0.018939
0.0505321
0.015909
-0.017857
0.023305
0.0572034
0.023305
0.0560344
0.0430328
0
0.0286145
0.020523
0.009615
0.0463484
0.081044
0.011076
0.0370878
0.0702055
0.0597826
0.0340909
0.0575843
0.0544117
0.0416668
0.0389783
0.0406626
0.073052
0.0352567
0.0568182
0.034091
0.0363924
0.0372805
0.010714
0.021552
0.0352567
0.025
0.0250002
0.010057
0.070055
0.011793
0.0363924
0.0436046
0.0330458
0.0470778
0.022727
0.0756172
0.022059
0.0416669
0.005597
0.027439
0.0264083
0.0319767
0.012097
-0.006147
0.0326924
0.0354476
0.0568182
0.0125
0.0304054
0.0604839
-0.008333
-0.028846
-0.030172
0.0426472
0.0681819
0.0694444
-0.020454
-0.102272
0.0560344
0.019737
0.0416669
-0.002659
0.0250001
0.0436046
0.0921969
0.0319767
0.023877
0.0454545
0.0892857
0.007353
0.064759
-0.004412
0.0319767
0.0304054
0.0460524
0.007353
0.0673077
0.0544117
0.0361111
0.0509257
0.0574324
0.0597826
0.0352567
0.064759
0.0901163
0.073718
0.0460529
0.0304054
0.0260989
0.045
0.0286145
-0.008333
0.0443547
0.0470778
0.0262347
0.0445401
0.011598
0.0575843
0.0319767
0.0568182
0.022059
0.0544117
0.012324
0.0416667
-0.009328
0.0372805
0.0351122
0.003049
-0.008333
0.0544117
0.0709459
0.020523
0.0271738
0.021104
0.0625
0.0505321
0.0572034
0.045
0.0428084
0.0821429
0.0892857
0.0661765
0.0905172
-0.041667
0.0643939
0.11
0.0380434
0.103982
0.101223
0.109842
0.0636765
0.0899122
0.0855264
0.0380435
0.031591
0.107575
0.070946
0.078125
-0.147727
0.085
0.021552
0.0558335
0.110154
0.103269
0.101223
-0.147727
0.0535714
0.073718
-1.875
-0.097222
0.094697
-1.875
0.0899122
0.105259
-0.1275
0.0698685
0.0678572
0.10061
-0.008333
0.0825
0.0340907
-0.105769
-0.008333
0.074881
0.0552324
0.102892
0.106627
0.110735
0.103495
0.0961842
0.009615
0.039286
0.0694444
0.085463
0.110735
0.110735
-0.160714
0.0661765
0.0391665
0.107115
0.107575
0.043919
0.093254
0.112191
0.0865385
0.045577
0.045
0.0714286
0.112399
0.0930882
0.107575
-0.375
0.0865385
0.0891667
0.106371
0.0770455
0.0661765
0.105833
0.11163
0.0714286
0.075
0.0297617
0.109342
-0.020357
0.0808334
0.108214
-0.056818
0.108801
-0.097222
0.0875
0.101223
-0.875
0.112296
0.0865385
0.1025
0.0766129
0.0583334
0.0975
0.112296
-0.017857
-0.044166
-0.1275
0.0636765
0.107794
0.0225
0.111136
0.0880173
0.11163
0.0560342
0.108987
0.0947222
0.110452
0.0714286
-0.075
0.107575
0.0824469
0.0930882
-0.210834
0.0723685
0.0975
0.106875
-0.044166
0.019737
0.0611702
0.107115
0.105259
0.101223
-0.041667
0.0625001
0.0367647
0.103269
0.0535715
-0.056818
-0.1275
0.074881
0.104318
-0.028846
0.0688202
-0.011986
0.017857
0.025
-0.011364
0.022059
-0.00266
-0.010802
0.013889
0.004121
0.013889
0.010714
-0.063406
0.001712
0.009058
-0.006147
-0.016304
0.005
-0.03125
0.0668605
-0.004412
-0.061441
0.008117
0.022436
-0.004032
-0.03442
-0.031627
0.0125
-0.0375
0.004121
0.0436046
-0.013298
-0.017857
0.0370878
-0.021342
0.018333
-0.032894
-0.039948
0.017857
-0.024425
0.0625
-0.152778
-0.092392
0.0520831
-0.039706
-0.019578
-0.009328
0
0.001712
0.013889
-0.058098
-0.014785
-0.003205
0.001712
0.011364
0.0604839
0.0292551
0.007353
0.013889
0.001712
-0.004032
0.003049
0.0277776
0.004518
-0.012931
-0.06903
-0.056818
0.017473
0.034091
-0.014535
0.009211
0.007978
-0.015845
-0.028846
0.01264
0.015244
-0.025685
0.021552
0.0548247
-0.020834
-0.019578
-0.028846
0.0260989
0.0340912
0.0297619
0.0361111
0.077381
0.013889
-0.086765
0.018333
0.009615
-0.113096
-0.014785
-0.016025
0.0277776
-0.075
0.0681819
-0.013461
0.021552
0.03125
-0.015625
0.0463484
-0.035
-0.015
-0.013461
-0.010416
-0.020834
-0.016304
0.007978
-0.039948
0.001404
-0.027174
-0.017857
-0.050675
0.009211
0.01511
0.0527109
0.0262347
-0.092391
-0.019737
0.027439
0.023734
-0.003572
0.0286145
-0.005435
-0.015845
0.009211
-0.027778
-0.044492
-0.013298
0.019118
0
0.0125
-0.011363
0.0292551
-0.013461
0.01264
-0.039179
0.0351122
-0.026898
-0.017857
0.006721
-0.001316
0.023877
-0.028846
-0.027941
0.0923913
0.0297619
-0.036291
-0.016177
-0.00266
-0.050438
0.030263
0.0250001
0.0426472
-0.008333
-0.022369
0.017857
0.004121
0.0370878
0.0617088
0.021552
-0.100807
0.0308825
-0.022727
0.013889
-0.045455
0.022959
-0.036291
-0.013461
0.012755
0.019737
0.017308
0.0661764
0.0250001
-0.058908
0.0396342
0.001712
0.016566
0.016566
0.011364
0.0392857
-0.037791
-0.0625
0.049731
-0.052778
0.017473
0.015244
0.045
0
-0.041667
0.0416667
-0.041666
0.013889
-0.039835
0.004121
-0.003205
-0.030556
-0.034575
0.0291094
0.023734
-0.011364
0.020833
-0.023936
0.001543
-0.046052
-0.00266
-0.016304
-0.090686
-0.017857
0.015244
0.005
-0.032303
0.0465686
-0.009831
-0.017857
0.0354476
0.005
-0.010802
0.0260989
0.002551
0.005
0.007978
0.0375
-0.023649
0.005
-0.054104
-0.005435
-0.06649
0.0416667
-0.041666
0.004121
0.0416667
-0.054104
-0.017857
-0.003572
-0.022727
0.005952
0.0340912
0.0396342
-0.039835
-0.017857
0.017308
0.03125
-0.026163
0.043919
0.005597
-0.029762
0.0436046
-0.019578
-0.028846
0.052835
-0.038044
-0.005435
0.0718085
0.011598
-0.025943
-0.009146
-0.017857
-0.004032
0.0406626
0.0416669
0.007353
0.005952
0.03125
-0.084677
0.005952
-0.00487
-0.027174
0.0125
-0.006868
0.019737
0
0.002778
-0.016304
0.0380434
0.0250001
-0.043421
0.0480771
0.017857
-0.041666
0.0370878
-0.013298
0.0385804
-0.0125
-0.875
-0.011842
-0.016177
0.0509257
-0.023936
0.043919
0
-0.075
0.025
-0.015845
-0.002907
0.0291094
-0.005435
-0.049419
-0.026898
0.002778
-0.037162
0.0308825
0.0509257
0.0490504
0.0266395
-0.00266
-0.001437
0.023877
0.045
-0.01424
0.016304
-0.01424
0.007978
0.0363924
-0.005435
-0.011842
-0.035
0.010714
0.0416667
0.0266395
-0.020834
-0.024254
-0.026515
0.019737
0.0879629
0.0319767
0.006721
-0.00753
-0.010802
-0.026163
-0.023649
-0.027542
-0.056818
-0.00266
-0.037791
0.0565068
0.023734
-0.075
0.0282259
-0.007353
0.007978
0.008721
0.0552325
0.0324076
0.005435
-0.045455
-0.055851
-0.009831
-0.008333
-0.017857
-0.054487
0.0407897
0.001543
-0.054487
-0.037791
0.017857
0.03125
-0.032143
-0.017857
0.018333
0.001543
0.016566
0.027439
-0.006868
-0.009146
-0.007653
0.013889
0.0304054
0.0433673
0.010416
-0.028846
0.008721
-0.005952
0.0712365
-0.043675
0.0363924
0.021552
0.0271738
-0.072369
0.01264
0.019737
-0.028846
-0.010802
0.0375
0.017473
-0.008333
0.0282259
0.0282259
-0.01424
0.019118
-0.009831
-0.035494
-0.004412
0.017473
0.016892
-0.032303
-0.054104
-0.017857
0.018617
-0.007353
-0.015845
-0.028846
0.0308825
-0.017857
-0.011363
0.0292551
0.0454545
0.009211
-0.009146
-0.009146
-0.024254
0.007353
-0.00266
-0.061047
-0.007353
0.002778
0.0250002
-0.017857
-0.005435
-0.027941
-0.039706
0.016892
-0.00753
-0.019737
-0.026898
-0.017857
0.003788
0
0.030263
0.0398937
-0.004412
-0.004412
0.0398937
-0.008333
-0.029762
-0.011363
-0.028846
0.022727
0.001288
0.0361111
0.011598
-0.008333
-0.028846
0.0363924
-0.039557
-0.00266
0.0262347
0.027439
-0.030844
0.003788
0.01511
0.001543
-0.001437
0.012755
0.0319767
-0.048333
0.0331633
0.005952
-0.060186
0.0416667
0.0425259
-0.010802
-0.036765
-0.107558
-0.048333
0.009058
-0.00753
-0.00753
0.049731
-0.010802
-0.028846
0
0.01264
-0.006868
0.005597
-0.051471
-0.001437
-0.019737
-0.005435
-0.009831
0
-0.027174
-0.051471
-0.00487
-0.045213
0.0340912
-0.015845
-0.003572
0.010416
0.0654761
-0.003205
-0.010416
0.021552
-0.007353
0.0470778
-0.029762
-0.004412
0.005435
0.006721
-0.017857
-0.014785
0.0572034
-0.044014
-0.009146
0.006721
-0.020833
0.027439
0
-0.004032
-0.01424
0.006721
0.017857
0.012097
-0.001437
-0.006579
0.021552
-0.019928
-0.017857
0.0340912
-0.002907
-0.006868
0.016892
0.007978
0.0330458
0.0125
0.01264
-0.001437
0.03125
0.0712365
0.013889
0.020523
-0.038044
0.0406626
0.008721
0.003049
-0.019578
-0.030556
0.017473
-0.041666
0.0264083
-0.002907
0.019737
0.013889
0.0575843
0.0260989
-0.006868
0.0352567
0.0712365
0.018617
-0.013298
-0.019928
-0.010135
0.019737
-0.017857
-0.019737
0.0291094
0.0319767
0.00431
-0.0125
0.022959
-0.041666
0.017473
0.005597
0
-0.034091
-0.021342
-0.021342
0.0292551
0.0250002
-0.06649
-0.027174
-0.025538
0.0308825
0.019118
-0.001437
-0.009831
0.0675287
-0.016304
0.0784884
-0.008333
0.018617
-0.027941
0.0499998
0.0723684
0.01264
-0.016304
0.0568182
0.0489131
-0.046052
-0.058908
0.0340907
-0.004032
-0.056818
0.0292551
0.017473
0.059066
0.019118
0.01264
-0.005952
0.01511
0.0330458
-0.017857
-0.030844
-0.005435
0.002551
0.0706522
-0.009146
0.011364
-0.005952
0.0282259
0.005435
0
0.0304054
-0.051471
-0.024425
-0.025943
-0.019737
0.0282259
0.0743671
-0.021667
-0.026898
0.0407897
0.004121
0.007353
0.0608975
0.002778
-0.017857
0.017473
-0.048913
0.0260989
0.006579
0.016304
-0.006868
-0.017857
0.023877
-0.011842
0.019737
0.0330458
-0.07839
-0.002907
-0.005952
-0.009021
0.020349
0.001404
0.009211
0.0308825
-0.063406
-0.004412
0
0.0604839
0.0316667
0.020349
-0.011363
0.023877
-0.00753
0.006721
0
-0.01424
-0.023936
-0.005952
-0.001437
-0.046052
-0.006868
0.001923
-0.002907
0.005952
0.019118
0.017473
0.0445401
-0.033536
0.0352567
-0.024254
0.0297619
0.0361111
-0.043675
0.001543
-0.00487
0.004518
-0.026163
0.0282259
0.011076
-0.058098
0.0909091
-0.008333
0.0460524
0.0480771
-0.034091
-0.016025
0.022959
0.006721
-0.005435
0.009615
-0.008333
-0.003205
-0.035
-0.160714
-0.015845
0.003049
0.016304
-0.00266
-0.023148
-0.03442
-0.052419
0.004518
0.018333
0.009615
0.01511
0.0304054
0.011076
0.009058
-0.009831
-0.023936
0.006721
0.005952
0.011364
0.013889
0.016304
0.011076
-0.005952
-0.017857
-0.009831
-0.027174
-0.004412
0.015244
-0.027941
0.005952
-0.035715
0.016566
0.01511
0.006721
0.023877
-0.044231
0.016304
0.023734
-0.038934
-0.001582
-0.014785
-0.009021
0.0361111
-0.017857
0.059066
-0.001582
0.01511
-0.016177
0.0370878
-0.030844
-0.068549
0
0.0575843
0.005
0.0527109
-0.041666
-0.00487
0
0.0668605
0.0282259
-0.009146
-0.006147
0.017473
-0.025
-0.053082
0
-0.017857
-0.0775
-0.015845
-0.017857
-0.022727
0.0827465
-0.019928
-0.065476
-0.032894
0.0489131
0.020349
0.0805555
0.03125
0.009615
0.0264083
0.01511
0
-0.016025
0.027439
0.008117
-0.026898
0.013889
-0.010802
0.0361111
-0.0125
-0.001582
0.01511
0.0505321
0.0380436
-0.022541
0.004121
0.016566
-0.008333
0.016304
0.0316667
-0.003572
0.016304
0.013889
0.004518
0.0815218
-0.030844
0.0125
0.01511
0.0385804
-0.032143
0.007978
0.007978
-0.00266
0.020349
0.010057
0.0312502
-0.041667
-0.020161
0.0286145
0.0271738
-0.048333
0.0445401
-0.010802
0.017857
0.015244
0.0260989
0.0454545
0.015244
0.002778
-0.050675
-0.041667
-0.017857
-0.075
-0.012931
0.030263
0.010416
0.0316667
0.021552
0.008721
0.008721
-0.006579
0.01264
0.0544117
-0.011363
-0.020834
0.0632716
0.0416667
-0.017857
-0.013298
0.011364
-0.002907
-0.013889
0.0407897
0.0490504
0.004518
0.017857
-0.014535
-0.017857
0.009211
-0.041666
-0.021342
-0.002907
-0.009146
-0.035
0.017473
0.019118
0.043919
0.017308
0.030263
-0.051471
0.017857
-0.025685
0.015244
0.0518291
-0.00176
-0.011363
0.0354476
0.001543
0.017473
-0.035715
-0.00487
-0.001437
0.007353
0.006579
0.0779412
-0.03125
-0.012931
-0.015625
0.0819892
0.030263
-0.00487
0.019737
0.0308825
-0.010135
-0.008333
0.003049
-0.017857
-0.00753
-0.008333
-0.031627
0.011364
0.0416669
0.004121
-0.0125
0
0.0250001
0.007353
0.034091
-0.003205
0.002551
-0.039384
0.005597
0.007353
-0.001582
0.0443547
0.008721
0.0583334
-0.025
-0.010802
0.015244
-0.006579
-0.004032
-0.009831
0.018617
0.0433674
0.0363924
0
0
-0.022727
0.003049
-0.012255
-0.019928
0.001404
0.012097
-0.011363
0.0681819
0.017473
0.0304054
0.0575843
-0.017857
0.022059
0.011076
0.0291094
0.008721
0.023877
0.013889
-0.006868
0.005435
0.0250001
-0.008333
-0.039557
-0.009831
0.013889
0.0406626
-0.00487
0.0282259
0.005
0
-0.003205
-0.041666
-0.010802
0.017473
0.001404
-0.005435
-0.006868
-0.024254
0.003788
0.0463484
-0.050438
0.003049
-0.03442
0.0370878
0.010246
0.001543
-0.004032
0.0352567
0.008721
-0.041666
0
-0.027778
-0.00266
-0.022059
0.005
0.010714
-0.011363
0.043919
0.010057
-0.013889
-0.004412
0.01511
0.0380436
-0.005952
-0.004412
0.01264
0.0361111
-0.022541
0
-0.001437
0.007353
-0.015845
-0.039179
0.021552
0.021552
-0.019578
0.023734
-0.007353
0.0286145
0.022436
-0.004412
0.005952
0
0.048077
0.019737
0.018939
0.009211
0.105551
-0.005435
0.0340907
0.0363924
0.0292551
0.0454545
0.0326924
0.017857
-0.032894
0.020349
-0.001437
0.0330458
0.0340907
0.0250001
0.013889
0.007353
0.0361111
0.015244
0.0370878
-0.010802
0.0322166
0.016304
0.018939
0.019118
0.002778
-0.002907
0.021552
0.0416667
-0.01424
0.0741525
0.0330458
0.0608975
0.023734
0.020349
-0.00266
0.008721
0.021552
0.0416669
0.021552
0.043919
-0.003572
0.0416669
0.0548247
-0.027542
0.011598
0.0250001
0.004518
-0.008333
0.010057
0.0396342
0.0351122
0.017473
0.0328946
0.01511
0.029762
0.0416667
0.01264
0.018617
0.01264
0.015625
0.017308
0.015244
0.0389783
-0.006579
0.038793
0.0297619
0.019737
-0.03442
0.027439
0.0282259
0.016304
0.0428084
0.030263
-0.017857
0.008721
0.009211
0.017857
-0.031863
0.011364
0.0766129
0.027439
0.013889
0.020349
0.0380436
0.004121
0.007353
0.0404929
0.0292551
0.004121
0.0454545
0.0396342
-0.005952
-0.013461
0.0370878
0.016304
0.021104
0.0367647
0.005435
-0.012931
-0.030556
0
0.0428084
-0.003205
0.017857
0.010057
0.017857
0.0499998
0.034091
0.111006
0.020349
-0.03373
-0.005435
-0.00266
-0.019928
0.0407897
-0.010802
0.002778
0.009615
0.03125
0.003378
0.0375
0.011364
0.0328946
0
0.0428084
0.005597
-0.001437
0.008721
-0.00487
0.017473
-0.032894
-0.022369
0.004518
-0.026898
0.019737
0.0260989
-0.010802
-0.019928
0.01511
-0.011364
0.0463484
0.013889
-0.004412
0
0.049731
0.0544117
-0.032894
-0.013298
0.0125
0.0250001
-0.035
-0.016177
-0.001582
0.0912922
-0.009328
0.003049
0.0312502
0.0330458
0.008721
-0.007353
0.022959
0.018617
-0.006579
0.003049
0.022436
0.007353
-0.013461
0.0544117
-0.009021
0.022727
0.0367648
-0.041666
0.017473
0.011076
0.030263
0.0416669
0.034091
-0.033536
0
0.008721
-0.208333
0.012755
0.019737
-0.008333
0.007353
-0.019737
0.020523
-0.052215
-0.017857
-0.048913
-0.012931
0.003378
-0.032894
0.0762195
-0.005435
-0.021067
0.002778
0.001288
-0.023148
0.0363924
-0.021667
0
-0.054104
0.0513159
-0.030844
0.0282259
-0.013889
-0.053571
0.010057
0.010416
-0.005952
-0.017857
-0.034091
0.015411
0.001543
-0.008333
0.004518
-0.0125
0.0555556
-0.025
0.005597
-0.0375
-0.022369
0.016566
0.0472222
-0.026515
-0.039384
0.020349
-0.05
-0.068549
0.023305
0.001712
0.013889
-0.010416
-0.030556
-0.019445
-0.004032
-0.011842
0.0322166
-0.033536
-0.022541
0.0282259
-0.016177
0.002778
-0.0375
-0.001984
0.006356
-0.001437
-0.055723
-0.050438
0.0262347
-0.001437
-0.001437
0.0250001
0
-0.001582
-0.011986
0.0380437
-0.037162
0.015244
0
-0.021067
0.027439
-0.017857
-0.038934
-0.014535
0.019737
0.009058
-0.021667
0.0375
-0.032894
-0.032143
-0.032894
0.0370878
-0.019737
0.023305
0.020833
0.0330458
-0.012931
-0.053947
0.045
-0.028846
-0.048333
0.0282259
-0.016304
-0.019578
0.020349
0
0.010057
-0.023936
0.007353
-0.030844
-0.013298
-0.017857
0.022727
-0.065476
-0.026898
-0.041667
0.0288462
-0.011363
0.0385804
0.027439
-0.017857
-0.010802
0.008721
0.022436
-0.016177
-0.024425
0.007353
-0.005435
-0.006579
0.01264
-0.028846
-0.001437
-0.005435
0.022436
0.0416669
-0.033536
0.010057
-0.023649
-0.002907
-0.017857
-0.010135
-0.086268
-0.037791
0.0308825
-0.010135
0.007978
-0.00266
-0.03442
0
0.0404929
-0.048913
-0.125
-0.004412
-0.05921
-0.016025
-0.015845
-0.083956
-0.00266
-0.022369
0.030263
0.0575843
0.0406626
0.012324
-0.010416
0.0668605
0.0568182
-0.025685
-0.051471
-0.021342
0.0839041
-0.017857
0.008333
0.001712
0.008117
-0.021342
0.023734
-0.039557
-0.011842
0.001923
0.0282259
-0.011364
-0.03442
0.019118
0.001712
0.0262347
0.009058
-0.001316
0.019737
0.011076
-0.016177
0.013889
-0.028846
-0.024254
-0.075
0.0406626
-0.012931
-0.019578
-0.019445
-0.017857
0.0319767
-0.023148
-0.011986
-0.016304
0.0328946
-0.031627
-0.016025
-0.023148
-0.021067
0.0304054
0.0802239
-0.03125
-0.019578
-0.030844
0.01264
0.007978
0.005952
0.0389783
-0.028846
-0.032894
0.0292551
-0.045455
0.0277776
0.023877
-0.032894
0.01511
-0.010802
0.01264
0.020833
0.0625
0.005952
0
0
-0.039948
0.0398937
0.021552
0.008333
0.023877
0.0361111
-0.005952
0.019118
-0.053082
-0.044231
0.01511
0.004518
-0.00176
0.018617
-0.012931
-0.011986
0.015244
0
-0.028846
-0.009146
0.0308825
0.005435
-0.026163
-0.006868
0.020523
-0.005435
-0.025
-0.011363
0.01511
0.006356
0.0340907
0.0535715
-0.03629
0.0319767
0.0351122
-0.015625
-0.0125
0.007353
0.007353
0.008117
-0.003205
0.023877
-0.004412
-0.00176
0.0361111
0.009211
0.0625
0.0304054
-0.011364
0.002551
-0.006579
-0.017857
0.0328946
0.023551
0
0.013889
0.004518
0.0535716
-0.064655
-0.208334
-0.032894
0.020833
0.010416
-0.081896
0.001923
0.001404
0.015244
0.0402543
0.010416
-0.038044
0.0260989
-0.044492
-0.041667
0.007353
0.0351122
-0.027941
-0.047414
-0.033536
-0.002273
0.019737
0.0304054
0.034091
-0.037791
-0.023148
-0.030172
-0.003205
0.001404
0.009615
0.0597826
-0.009146
0.019737
0.0380436
0.010057
0.0330458
0.0352567
0.0640244
0.0292551
-0.0125
0.013889
-0.009615
0.0380436
-0.005435
0.023877
0.0518292
-0.001582
0.01264
-0.019445
0.022727
0.0661765
0.001404
0
0.0404929
0.008333
0.022727
-0.027542
-0.024425
-0.0125
-0.023148
-0.009146
0.0380436
-0.012931
0.009615
0.015625
0.013889
-0.029639
0.015244
0
-0.025685
0.0844595
-0.031627
-0.067308
-0.03442
-0.011364
0.017473
0.0712365
0.004518
-0.016025
-0.021667
-0.037791
0.0380435
0.0489131
-0.010135
-0.008333
-0.017857
0.020349
-0.009021
0
0.002551
-0.014535
-0.021667
0.0250001
0.0426472
0.001404
0.01264
0.0499998
0.0428084
0.005
0
0.059066
0.0266395
0.102892
-0.023649
-0.021342
0.0306601
0.0291094
0.0286145
-0.043831
0.019737
0.011076
-0.00463
0.0316667
-0.005952
-0.005435
0.0340912
0.0911017
-0.208334
0.06
0.0634615
-0.075
0.0815218
0.0975
0.107575
0.085463
-0.017857
0.074881
0.0661765
0.0795455
0.045
0.0892857
0.0839041
0.0678571
0.102892
0.070946
-0.8775
0.0465686
-1.875
0.107575
-0.025
0.075
0.0844595
0.112399
0.0625
-0.075
0.0634615
0.0636765
0.0583334
0.0340912
0.0947222
0.0997727
0.0625001
0.11163
0.111974
-0.475
0.0500001
0.108801
0.102012
0.099359
0.108987
-0.125
-0.0775
0.100761
0.092033
0.101223
0.100278
0.109842
0.0827465
0.109513
0.0694445
0.0698685
0.0762195
0.045577
0.111264
0.0468748
0.0688202
0.0795455
-0.210834
0.0815218
0.0319767
0.0652985
0.099359
0.045
-0.541666
0.0802239
0.075
0.077381
0.0821429
0.107794
0.112083
0.0723685
0.107575
0.0723685
-0.041667
0.111511
0.107575
0.101191
0.101471
0.112083
0.100904
-0.041667
0.0297617
0.043919
0.108611
-0.008333
0.0468748
0.0535715
0.0625
0.0942308
0.0661764
-0.375
-0.208334
0.0892857
0.0698685
0.111264
-0.446429
0.0879629
0.0391665
0.107348
0.0634615
0.068662
0.0986905
0.0741525
-0.125
0.0805555
0.0449998
0.0652985
0.111511
0.0443547
0.0678572
-0.160714
0.093421
0.0857843
-0.065476
0.0824469
0.0762195
-0.208334
0.0841837
0.108007
0.110735
0.0983334
0.0509261
0.0500001
0.0939285
0.0939285
0.0340912
0.0675287
0.102892
0.0449998
0.0661765
0.0282257
0.0460524
0.0380435
0.109167
0.0560342
-0.125
0.0480769
0.111974
0.0930882
0.108007
0.0518292
0.103269
0.110305
-0.208334
0.0514705
0.110154
0.0815218
0.0604839
0.100904
0.0802239
0.0808824
0.110452
0.0604839
0.0872641
0.074881
0.107115
0.0827465
-0.3775
0.0880173
0.0510715
0.008721
0.017308
0.0250001
-0.00753
0.018333
-0.011363
0.009615
-0.070653
-0.012931
0.021552
0.0688202
0.01264
0.013889
0.002551
-0.009615
0.008721
-0.021067
0.019118
0.0340912
0.008117
0.007353
-0.020833
-0.005952
-0.008333
-0.044231
-0.017857
-0.089286
0.007978
0.021552
0.0370878
0.006721
0.0406626
0.0262347
-0.008333
0.001543
0.0291094
0.013889
-0.010802
-0.001984
0.016304
-0.001316
-0.001316
-0.007353
-0.00753
-0.012931
0.009211
0.0331633
-0.065476
-0.014785
0.004121
0.007978
0.0282258
-0.014785
0.019737
0.009211
-0.016304
0.005435
0.017473
-0.016304
0.013889
-0.036765
0.004518
-0.00487
0.0514705
-0.046052
-0.005435
-0.010802
0.005435
0.017473
0.022727
0.01511
0.0454545
-0.088115
-0.039557
0.0340912
-0.001316
-0.01424
0.002778
0.005435
-0.025
0.013889
0.011598
0.007978
-0.017857
0.010416
0.015411
-0.010802
0.008117
0.0125
-0.019578
-0.009146
-0.00753
0.0271738
0.019737
0.016892
0.007978
-0.005952
0.006721
-0.017857
-0.028846
-0.003205
0.0640244
0.004121
0.0304054
-0.011364
-0.011363
0.013889
-0.017857
0.019737
-0.026515
-0.046428
0
-0.032895
0.007978
-0.058333
0.0324076
0.0385804
-0.001316
0
0.003049
-0.035
-0.155
0.002778
-0.021667
-0.036765
0.011364
-0.004412
-0.016304
0.009615
0.025
0.0125
0.001923
0.0352567
0.0597826
-0.002907
0.0316667
0.0433674
0
0.011598
0.0520831
0.0661765
0.034091
-0.009831
-0.019737
0.001543
-0.032894
0.0328946
0
0.022436
0.0436046
0.00431
0.01264
0.0367648
-0.001437
-0.0125
-0.041667
-0.005952
-0.010416
0.0260989
0
-0.033536
0.010416
0.016304
-0.008333
0.008117
-0.041667
0.011076
0.018617
-0.027174
0.007978
-0.002907
0.013889
-0.023649
0.018617
0.011598
-0.036765
-0.028846
0.01264
-0.006868
0.0330458
0.005952
-0.021667
0.008117
0.0282258
-0.00176
0.022727
0.007353
-0.025943
0.01264
-0.016025
0.0125
0
0.0291094
-0.043675
0.019118
0.0406626
-0.016177
0.034091
0.0260989
0.020349
0.013889
0.0319767
0.0492426
0.0572034
0.0535715
0.0396342
-0.006147
0.0456351
0.0741525
0.0555556
-0.012931
0.0618421
0.019737
0.0706522
0.0370878
0.0634615
0.021552
0.0286145
0.018333
0.0632716
0.0274392
0.0625
0.0583332
0.0592106
0.021552
0.0640244
0.111264
0.0575843
0.0354476
0.0702055
0.0407897
0.0583334
0.0274392
-0.00463
0.0445401
0.0535713
0.0472222
0.0402543
0.0274392
0.03125
0.013889
0.0454545
-0.019928
0.019118
0.025
0.023734
0.0732759
0.021104
0.0416668
0.0340909
0.0544117
0.013889
0.0430328
0.017857
0.0385804
0.0443547
0.0351122
0.0513159
0.0503732
0.0712365
0.015411
0.0565068
0.0389783
0.0625
0.034091
0.0352567
0.0396342
0.009058
0.103269
0.020349
0.0340912
0.0495281
0.0380436
-0.160714
0.018939
0.0445401
0.0389783
0.049731
-0.008333
0
0.060065
0.0668605
0.0583334
0.03125
0.021552
0.0316667
0.0568182
0.0879629
0.009615
0.0480771
0.0250001
0.0404929
0.0552325
0.0552325
0.0406626
0.0604839
0.008117
0.0416668
0.0625
0.0575843
0.0406626
0.0324076
0.023305
-0.017857
0.0668605
0.011793
0.020523
0.0865385
0.0625
-0.006147
0.012097
0.0625
0.0625
0.073052
-0.020833
0.0468748
0.0518291
0.0604839
0.0406626
0
0.0594262
0.061508
0.0271738
0.0636765
0.0681819
0.0669445
0.016892
0.0326924
0.015244
0.0560346
0.0264083
0.016566
0.0490504
0.0654761
0.108214
0.0545777
0.0250002
0.006356
0.0522727
0.0271738
0.0611702
0.0436046
0.0468748
0.0288462
0.0375
0.0385804
0.0514705
0.0555556
-0.008333
0.0604839
0.0544117
0.017857
0.0312502
0.0363924
0.0560346
-0.023148
0.010714
0.0416669
0.0734536
0.0518291
0.0404929
0.0380436
-0.032895
0.0316667
0.0704545
0.0694444
0.0306601
0.0514705
0.023305
-0.017857
0.0574324
0.0527109
0.0505321
0.0604839
0.075
0.077381
0.015625
0.018617
0.0480768
-0.015
0.016892
0.0592106
0.0756172
0.0340912
0.0330458
0.0416669
0.0743671
0.048077
0.0704545
0.017857
0.0292551
0.0640244
0.005
0.020523
0.0326924
0.0509257
0.0631444
0.0815218
0.0723684
0.0805555
0.0901163
0.105833
0.107115
0.108987
0.11
0.0981097
0.105551
-0.375
0.0558335
0.0855264
0.085
0.0891667
0.085463
0.0509261
0.0992442
0.0790218
-0.541666
-0.8775
0.103632
-1.875
-0.044166
0.093254
0.09125
0.0821429
0.0795454
0.112399
0.103632
-0.160714
-0.008333
0.074881
-0.275
0.086039
0.0694445
0.0380435
0.102092
0.0480768
0.106371
-0.8775
0.075
0.0770455
0.109342
0.0723685
0.0942308
0.0857843
0.107575
0.0992442
0.013889
0.093254
-0.275
0.107115
0.109679
0.0698685
-0.8775
0.019737
0.0981097
0.1
0.111511
0.110595
0.103982
0.0500001
0.0905172
0.0416666
0.106627
-0.011364
0.0872641
0.0902419
0.111006
0.108801
0.107575
0.108007
0.111747
0.112399
0.110305
0.09375
0.0968589
-0.210834
-0.210834
0.017857
0.0840385
-0.097222
0.111862
0.111264
0.011389
0.0899122
0.0282257
-0.0625
-0.208334
0.073718
-0.056818
0.019737
0.09375
0.0741525
0.108415
0.107115
0.0964286
0.112399
0.0770455
0.0916666
0.0694445
0.075
0.007353
0.056818
0.0954729
0.0779412
0.0902419
0.101191
0.0558335
0.0795454
0.103632
0.075
0.0968589
-0.375
0.017857
0.0879629
-0.275
0.0625001
-0.375
0.0922131
0.0392857
-0.005952
0.0357146
0.0729166
-0.009328
-0.048077
0.0468748
0.0375
0.0743671
-0.077898
0.0286145
-0.034091
-0.03125
-0.019737
0.012097
-0.030844
-0.01933
-0.011363
-0.00266
-0.026163
-0.019445
0.018617
0.008333
0.0445401
-0.035
-0.053571
0.0463484
-0.029639
-0.055723
-0.028846
-0.011364
-0.050824
-0.032894
-0.065476
-0.035919
0.0282258
-0.029762
-0.012931
-0.019578
-0.030556
0.020349
0.0445401
0.019737
0.0326924
-0.034091
-0.038934
0.003049
-0.023148
0.020833
-0.032894
0.0330458
-0.002907
-0.009021
0.008721
0.0308825
0.0472222
-0.00266
-0.005435
0.013889
-0.048333
-0.041667
-0.014535
0.0330458
0
0.005
0.018617
-0.007353
-0.011364
0.0351122
-0.008333
0.01264
0.0489131
-0.041667
0.007353
0.0592106
-0.022369
0.008117
-0.017857
0
0.004121
-0.027174
-0.012931
0.0292551
-0.021342
0.001288
0.020523
-0.053082
-0.03629
-0.14527
0.0389783
0.0308825
-0.052215
0.027439
0.017857
0.007353
0
-0.034091
0.009211
0.0565068
-0.028061
-0.046428
-0.010416
0.023877
0.0396342
-0.009146
-0.001437
-0.00266
-0.003572
-0.017857
0.0308825
-0.013461
-0.011986
-0.004412
0.0250001
0.012755
0.001288
-0.058908
0.001543
-0.031627
0.027439
-0.026898
0
0.0380436
-0.027941
0.010246
0.0266395
-0.078125
-0.002907
-0.013889
-0.132143
-0.032894
0.015244
-0.014535
0.011598
-0.015845
0.0286145
-0.034575
-0.021667
0.003049
-0.017857
-0.008333
-0.016304
-0.03629
-0.087765
-0.035494
-0.030844
-0.005435
-0.010593
-0.001316
-0.034091
-0.004032
-0.063235
0.023734
0.0385804
-0.026515
0.0514705
-0.008333
-0.00753
-0.026163
-0.005435
-0.012931
0.005
-0.034091
0.0361111
0.0297619
-0.00266
-0.027542
-0.00487
-0.006579
-0.026163
0.001923
0.034091
-0.041666
0.0819892
0.0723685
0.006579
0.011598
-0.004412
-0.026515
-0.028061
-0.1
-0.03629
-0.011842
-0.032143
-0.043831
-0.017857
-0.026163
-0.0125
0.0404929
0.011598
-0.019737
-0.002907
-0.00266
0.016304
-0.026898
-0.010135
-0.005952
-0.060186
-0.021067
-0.016025
0.003049
-0.046875
0
-0.041666
0.018617
-0.046428
-0.055723
-0.041666
0.021552
0.0297619
0.0297619
-0.014785
0.0404929
0.001543
0.0340912
-0.07197
-0.039557
-0.035919
-0.0125
-0.034091
-0.032143
0.017473
0.015625
-0.012931
-0.001316
-0.009328
-0.016025
-0.002907
0.019118
0.0291094
-0.008333
-0.014785
0.027439
0.008117
0.0271738
0.0568182
-0.028846
0.0675287
-0.017857
-0.027542
0.0404929
-0.016304
-0.021067
0.013889
-0.022727
0.022959
0.019118
-0.026898
-0.005952
-0.008333
-0.029639
0.017473
-0.008333
0.0361111
0.019737
-0.006579
0.006579
-0.016304
-0.001316
0.0330458
0.0426472
-0.038044
-0.045455
0.0271738
-0.011842
0.0470778
-0.002907
0.0426472
-0.021342
-0.00753
-0.024425
-0.04354
0.01511
-0.002907
0.0361111
0.022959
0.006721
-0.017857
-0.005952
0.005952
0.0406626
-0.016177
-0.035919
-0.035
0.001404
0.0250002
-0.012931
-0.052215
-0.00266
0.018617
0.0661765
0.007353
-0.044492
-0.005435
0.0277776
-0.035494
0.005435
0.049731
0.0433674
-0.064874
0.01264
-0.022369
-0.035919
-0.025538
-0.011842
0.002778
0.03125
0.020833
-0.029639
-0.032894
0.00431
-0.017857
0.005435
0.0618421
0.005952
0.0250001
-0.009831
0.007353
0.020523
0.017857
0.017857
0.015411
0.0392857
0.005435
0.0319767
0.006579
0.018333
0.019737
0.008333
-0.017857
-0.055723
-0.025
0.015625
-0.015845
0.013889
0.019737
0.019737
-0.01933
0.0472222
-0.008333
0.0351122
-0.030844
-0.072802
-0.015351
-0.032303
-0.019737
0.005952
-0.041667
-0.020834
-0.024254
-0.052215
-0.023649
-0.008333
0.007353
-0.007075
-0.017857
-0.005952
0.0436046
0.0312498
-0.043831
-0.055556
0.003049
0.0292551
-0.006147
-0.001316
0.0361111
0.016566
-0.03125
-0.013298
-0.009021
0.010057
0.009211
-0.057926
-0.015845
-0.03629
-0.016177
0.081044
-0.00753
-0.038044
0.008721
-0.004412
-0.055723
-0.019578
-0.012931
-0.011842
0
0.0398937
-0.019445
0.027439
0.0250001
-0.035919
0.0407897
-0.043421
-0.00176
-0.045455
0.013889
0.005
-0.025
-0.051471
-0.022059
-0.031627
0.0416667
0.013889
-0.023148
0.022727
0.007353
-0.083334
-0.058098
0.0468748
0.043919
-0.00266
-0.019578
-0.034091
-0.028846
-0.030556
0.0617088
-0.030844
0.003378
0.0436046
0.0250001
-0.027174
-0.012931
-0.045732
-0.027941
-0.016025
0.020833
-0.03125
0.0407897
-0.056818
-0.028846
0.0319767
0.0392857
0.0292551
0.016304
0.008721
0
-0.002907
0.003049
0.005952
0
0.0416667
-0.0125
-0.006868
-0.032303
0.021104
-0.071078
-0.035
0.003049
0.0328946
-0.014535
-0.032894
0.008117
-0.004032
0.0380436
0.0319767
0.019737
0.016304
-0.048913
0.0739796
-0.029762
0
0.0282259
0.023734
-0.004412
-0.023649
-0.052083
0.0425259
-0.032894
0.0297619
-0.005435
-0.00487
-0.05
0.006579
0.005
0.007353
-0.006868
-0.016177
0.027439
0.011076
-0.055723
-0.00266
0.0527109
0.004518
0.017473
-0.035494
0.01511
-0.01424
-0.023936
0
-0.019578
0.0282258
-0.030844
0
-0.101415
-0.032894
-0.010135
0
0.027439
-0.017857
-0.00487
-0.011986
-0.036765
0.030263
-0.006868
-0.041666
0.005435
0.007353
-0.051471
-0.017857
-0.002907
-0.005952
0.022436
0.016304
0.021552
-0.041666
0.002551
0.0125
0.001404
0.021552
0.019118
-0.021067
-0.009146
-0.015625
0.008721
0.0406626
0.0264083
0.0456351
-0.00266
-0.029762
-0.021342
0.008117
-0.038044
-0.008333
-0.009831
0.0565068
0.016892
0.043919
-0.041666
0.005435
-0.004412
0.0125
-0.071429
-0.023148
0.023734
-0.022369
-0.043831
-0.028846
0.027439
-0.022369
0.034091
0.0352567
-0.023649
0.010714
-0.023936
-0.030844
0.021552
-0.010135
-0.02993
-0.009831
-0.009146
0.043919
-0.006868
-0.048913
0.002778
0.0291094
-0.01933
-0.041666
-0.038044
-0.038636
0.017308
-0.016177
-0.077381
-0.059615
-0.037791
0.0316667
0.002778
-0.023148
0.020833
0.0262347
-0.039384
-0.017857
-0.001437
0.002778
0.002551
-0.019737
0.0625
-0.075
0.0375
-0.001437
0.0357146
0.0322166
0.004121
-0.016304
-0.017857
-0.01424
0.0125
0.0330458
-0.011986
0.0535714
-0.041666
0.0617088
-0.017857
0.003049
0.0407897
0.015244
0.004518
-0.030844
-0.026163
0.0416669
-0.021067
-0.019578
-0.012931
0.0262347
-0.02993
-0.013889
-0.010802
-0.041666
0.011364
-0.008333
-0.001316
-0.032894
0.017857
-0.009328
-0.054104
0.017857
0.005
-0.00487
-0.001437
-0.002907
0.003049
0.0407897
-0.017857
0.002778
0.009058
-0.010802
0.0416667
0.0125
0.0808824
0.001404
-0.006579
0.001288
0.005435
0.0260989
-0.005435
0
-0.001437
0.0330458
-0.020161
0.019118
-0.025
-0.014535
0.0827465
0
-0.060714
0.025
0.025
0.011598
-0.017857
0.006721
-0.041666
-0.005952
0.0426472
-0.002907
-0.028846
-0.02993
-0.009146
0.010416
0.016892
0.0286145
0.004121
-0.011363
0.012755
-0.012931
0.006721
0.010714
-0.025685
0.021552
0.002778
0.021552
0.073718
0.005435
0.0330458
0.023877
-0.031627
0.009211
-0.008333
-0.016304
0.003049
-0.003205
0.0331633
0.0480768
0.013889
-0.004032
0.021552
-0.027941
-0.00176
-0.093182
-0.011363
0.0608975
0.011076
-0.005952
-0.01424
-0.067983
0.019118
0.010416
0.011076
-0.026898
0.0266395
0.003378
0.010057
-0.015845
0.020833
-0.012931
0.006721
0
0.019737
0.0406626
0.0250001
-0.009831
-0.032894
0.0260989
-0.078125
0.013889
0.020833
-0.009831
0.001404
-0.044812
0.030263
0.001543
-0.07839
-0.009146
-0.063406
0.012324
0.0505321
-0.017857
0.010057
-0.006868
0.002778
-0.01933
-0.001437
0.018617
0.013889
-0.022369
-0.004032
0.008721
0.01264
-0.05921
-0.019928
-0.017857
-0.026515
-0.006868
0.0277776
0.01264
0
-0.008333
-0.012931
-0.033536
-0.006579
-0.001582
0.011076
-0.005435
0.0433673
-0.002907
0.03125
0.006356
0.0308825
0.007353
-0.032143
0.0330458
-0.046875
0.0389783
0.0351122
0.017857
-0.00487
0.016566
-0.026898
0.0416669
-0.039557
-0.014535
0.0361111
0.005597
0.013889
-0.026898
-0.016177
0.016566
0.002551
0
0.001543
0.0443547
-0.017857
-0.012931
-0.014785
0.0250001
0.005952
0.006721
0.005
-0.001437
-0.008333
-0.005952
-0.00266
-0.008333
-0.046428
0.0250001
0.011076
0.0552325
-0.004412
0.01264
0.01264
-0.056818
-0.021667
-0.011363
0.006356
0
-0.011363
0.0560346
-0.046052
-0.014535
0.0480771
-0.006868
0.003378
0.045
0.003049
-0.001437
-0.019737
0.002778
0.0583334
0.030263
0.0250001
-0.00266
-0.003205
-0.017857
0.010246
0.0330458
-0.009831
-0.00487
0.017857
0.005952
-0.048333
-0.054104
-0.005435
0.001543
0.0351122
0
-0.054104
-0.023649
-0.030844
0.043919
0.010416
-0.009146
0.0250001
0.0574324
-0.119445
0.0292551
-0.010416
0.0416667
-0.025
-0.006868
-0.05921
-0.035
0.0611702
0.002551
0.010057
-0.008333
0.002778
0.008721
0.009211
-0.001316
0.01264
0.009211
0.013889
0.009211
0.001404
-0.061441
-0.013889
0
0.013889
-0.002907
-0.00266
0.001923
0.0380436
0.020833
-0.011842
0.001543
0.034091
0.015625
-0.009146
0.010416
-0.022369
-0.003205
-0.039706
0.0250001
0.017473
-0.021067
0.0361111
-0.014535
-0.004412
0
0.001543
0.007353
0.023734
-0.022727
-0.005952
0.007978
0.001404
-0.012931
0.010714
0.006579
0.0282258
0.0357146
0.0560344
0.0592106
0.015411
-0.005952
0.020523
0.004121
0.015411
0.0125
0.004121
-0.026163
-0.007353
-0.07839
0.005
0.0340912
0.017857
0.0472222
0.0654761
-0.014785
0.017857
-0.005952
0.023305
0.0340912
-0.010416
0.01264
0.0802239
0.019118
0.007978
-0.014785
-0.013461
0.005
0.0354476
-0.021342
0.059066
-0.017857
-0.001984
0.013889
0.016566
-0.02993
0
-0.004412
-0.041666
0.0416669
-0.003205
0.019118
0.009615
0
0.010714
0.0430328
-0.005952
-0.03125
-0.052419
-0.006868
0.0125
0.016566
-0.031627
-0.021667
0.005435
0.013889
0.0480771
0
0.0480771
-0.025
-0.00266
-0.039179
0.0385804
0.0266395
-0.004412
0.01511
-0.017857
0.0322166
-0.008333
-0.035919
0.0527109
0.009615
0.018333
-0.049603
-0.008333
-0.050675
-0.004412
0.0322166
0.0460529
-0.016177
0.019737
0.016566
0
0.007978
0.0460529
0.005435
-0.017857
-0.013298
-0.059615
0.0425259
0.01264
0.0351122
0.0316667
-0.012255
0.019118
0.0286145
-0.01424
0.001543
0.0654761
-0.016177
-0.004032
0
-0.00753
0.0396342
0.011364
0.009615
0.021104
0.0865385
0.0319767
0.0416669
-0.041666
-0.017857
-0.049603
-0.002273
0.0357146
-0.013461
0.0819892
0.0398937
0.0370878
0.011364
0.0463484
0.005435
0.010714
0.019737
0.004518
0.001404
0.0380436
-0.012931
-0.015625
0.019118
0.030263
0.0308825
0.0250001
-0.010802
0.023877
0.0472222
0.015411
0.021907
0.0286145
0.0396342
0.030263
0.009058
0.0361111
0.018617
0.0723684
0.022727
-0.030172
0.0352567
0.0340907
0.0351122
-0.03442
0.022959
0.003378
0.0389783
0.0583334
-0.03125
0.005435
-0.001316
0.0428084
-0.014535
0.030263
0.0370878
0.021552
0.0250002
0.019737
0.0503732
-0.026515
-0.009146
0.0282259
-0.051471
0.0640244
0.0354476
-0.017857
-0.01424
0
0.008117
0.007978
-0.010135
-0.005435
0.0262347
0.004121
0.004518
0.0503732
-0.013889
0.01264
0.0304054
-0.017857
0.009615
0.0385804
0.012324
0.019118
0.0328946
-0.005435
-0.061047
0.0480768
0.016304
0.005
0.0375
0.01264
0.0470778
0.0250001
0.020833
-0.025685
0.021552
0.005952
0.0250002
-0.155
0.005952
0.0490504
0.050926
-0.005435
0
-0.041666
0.019118
-0.035715
0.019737
0.013889
0.0351122
0.005435
0.01511
0.019118
0.0375
-0.001316
-0.00487
0.015411
0.023877
0.0443547
-0.010802
0.003049
-0.009831
-0.017857
-0.011986
0.013889
0.0250001
0.013889
0.011076
0.005952
0.007353
0.001288
0.0262347
0.005952
0.01264
0.0260989
0.0445401
0.061508
0.023877
0.001543
0.0463484
-0.017857
0.023305
0.0470778
0.018333
0.011364
0.023877
-0.025685
0.0416667
0.019737
-0.00176
0.0445401
0.013889
-0.019737
0.007353
0.034091
0.011598
-0.001582
0.0454545
-0.017857
0.0385804
0.0406626
-0.002659
0.004121
0.0389783
-0.016304
-0.010802
0.017857
0.0574324
0.013889
0.0406626
0.007353
0.0282259
-0.051471
-0.024254
0.0292551
0.001288
0.007978
-0.034091
0.0921969
0.005952
-0.005435
