-0.16872
0.14435
-0.01839
-0.00448
-0.15228
0.06762
-0.17747
-0.13239
0.08958
-0.23984
0.0999
0.10467
0.05938
0.04137
0.06117
0.03658
0.03616
-0.10846
0.12835
-0.20354
0.0267
0.02974
-0.00414
0.16783
-0.07721
0.04968
0.12352
-0.0928
0.07144
0.04113
0.08404
0.01198
-0.30013
0.22868
0.0948
-0.03383
-0.06531
-0.12334
0.04956
0.2301
-0.1151
0.02908
0.02025
0.12135
0.03975
0.10405
0.01171
-0.10227
0.03114
-0.00661
0.08365
0.10101
-0.00074
0.0266
0.08677
0.19675
0.00564
-0.0448
0.23975
0.09268
-0.01322
0.02885
-0.00886
0.19664
0.13558
-0.10067
0.1009
-0.02285
0.08469
0.14723
0.0859
-0.12075
-0.05321
-0.10463
0.23656
0.07144
-0.07236
0.11594
-0.18811
0.29739
-0.01179
-0.0379
-0.03901
0.17102
-0.04721
0.17386
0.08872
0.18255
0.22358
-0.04129
0.02246
-0.07094
-0.15381
0.06691
-0.06846
0.00534
0.09293
-0.06245
-0.1153
-0.09804
0.02884
0.11806
-0.27486
-0.00041
-0.19856
0.28244
-0.21482
0.12849
-0.10597
0.14419
0.12504
0.11515
0.03254
0.02731
0.06
0.07816
-0.0526
0.03559
-0.0018
0.08254
-0.01464
0.24036
0.0942
0.08198
-0.05408
0.09717
0.19035
0.04317
0.13698
-0.08966
0.08584
0.07902
0.0003
-0.05501
0.2673
-0.18163
0.05131
0.03135
0.07299
-0.11298
-0.02377
-0.05506
0.15547
0.03051
-0.11289
0.18444
0.01463
0.14173
0.01865
-0.57068
0.17622
0.00582
-0.00081
0.08985
-0.09201
0.00763
-0.02189
-0.15826
-0.03141
-0.02893
0.02801
-0.21298
0.2451
0.14188
-0.10367
0.13895
-0.12468
-0.26757
0.11646
0.14327
-0.04441
-0.06382
-0.06886
0.23932
-0.04616
-0.05499
0.04933
0.19373
0.16722
-0.13165
0.05721
0.14185
-0.03676
0.04322
0.01056
-7.82092
-5.35672
-5.89734
-4.19607
-3.26428
-0.87522
-5.08965
-6.35975
-6.08176
-5.40186
-4.8259
-6.61329
-5.86861
-5.56446
-8.45458
-6.96483
-3.03221
-8.12228
-5.43109
-4.95441
-5.72113
-1.99782
-6.79569
-6.80279
-10.1916
-10.0779
-7.35453
-2.92505
-5.29038
-5.65994
-0.68726
-4.09455
-3.50246
-4.67124
-3.33862
-6.98953
-2.90997
-3.35011
-10.041
-3.42758
-6.36848
-4.19698
-7.33307
-8.25358
-1.226
-7.57021
-5.53108
-5.80741
-0.52101
-4.37784
-6.3566
-6.20845
-7.11704
-0.4094
-2.95412
-1.54698
-5.08215
-1.7823
-2.97495
-1.92687
-2.87975
-3.79226
-4.43643
-4.82424
-9.85828
-3.80708
-2.96398
-3.06786
-3.29425
-4.04163
-3.95638
-4.70919
-6.50277
-7.78992
-2.40125
-3.10657
-5.35322
-4.49049
-7.11171
-2.89851
-0.91463
-5.52582
-4.32322
-5.49499
-0.98994
-7.274
-3.24111
-3.16107
-4.30487
-5.30023
-0.60905
-2.33682
-3.93692
-1.88647
-2.70005
-2.72124
-2.78073
-6.85282
-7.30518
-1.41509
-7.08943
-4.58901
-9.67868
-3.0289
-5.50285
-6.12403
-5.41913
-3.41467
-8.14058
-6.29197
-8.29168
-4.10142
-5.61953
-1.08291
-9.32568
-10.1794
-3.42126
-6.68203
-0.60759
-5.75561
-0.47269
-1.79566
-0.39018
-3.0943
-7.0003
-0.72187
-7.80698
-4.19392
-3.29263
-6.00607
-4.20042
-3.0403
-4.46777
-5.56419
-0.63072
-4.86794
-2.48642
-3.96456
-7.8248
-7.53236
-2.94298
-5.47009
-2.45926
-1.0467
-6.30482
-4.14646
-9.89888
-3.66613
-3.41477
-9.22588
-7.41621
-5.21903
-3.69703
-2.66532
-2.68128
-5.0086
-6.17893
-6.39117
-0.67806
-1.92598
-5.25415
-5.26861
-7.41923
-5.8159
-5.55137
-2.48211
-4.98201
-0.12291
0.00268
-4.66221
-3.43897
-5.09152
-3.92466
-13.3503
-8.16558
-6.20758
-3.84712
-0.87525
-5.19221
-2.71224
-2.40992
-7.78255
-4.98244
-6.06436
-1.31642
-3.45006
-7.04785
-4.99887
-7.27866
-1.84492
-6.2552
-9.67088
-6.97406
-5.78892
-5.12989
-4.70907
-10.0767
-2.4542
-3.2631
-6.11183
-0.12323
-0.03634
-0.16827
-0.11333
-0.06755
-0.00708
-0.11418
0.17797
0.09735
0.00993
0.00448
-0.11299
-0.19119
-0.22794
0.0812
0.12885
0.0332
-0.03896
0.08395
0.02477
-0.00646
-0.07612
0.11847
-0.07782
-0.09223
-0.16137
-0.06792
0.0442
-0.22194
-0.06229
-0.02904
-0.04295
0.1526
-0.23893
0.06351
0.09586
0.10938
-0.13238
-0.09124
0.08404
0.09561
0.11021
0.00737
0.06973
-0.0289
0.08264
-0.09524
-0.19515
-0.02552
-0.08894
0.05854
-0.03615
0.11676
-0.01512
-0.03005
-0.07411
0.02048
-0.08803
0.17191
0.10662
0.04514
0.09285
0.02522
-0.07525
-0.22832
-0.20221
-0.10045
-0.00286
-0.17544
-0.21255
0.04462
-0.04396
-0.10014
-0.17823
0.05195
0.11109
0.13437
-0.21455
0.04593
-0.13088
-0.01892
0.02943
-0.2536
-0.06313
0.17481
-0.13775
-0.10645
-0.08872
-0.14367
0.0681
0.03066
0.19237
-0.03035
0.1237
-0.08483
-0.1576
-0.09817
-0.30683
0.0279
-0.09522
0.11178
-0.0038
0.07795
-0.1322
-0.05943
-0.02591
-0.14879
0.11985
0.11087
-0.07665
-0.22972
-0.18935
0.1353
0.03733
-0.32224
0.1573
0.21399
0.16042
0.00881
0.16998
0.01936
-0.06581
0.20755
-0.11741
0.01033
-0.07333
-0.02505
-0.06848
0.0721
0.06666
-0.20513
-0.03565
-0.00379
-0.09348
-0.00112
-0.01365
-0.02228
0.03792
-0.24878
0.08482
-0.05278
-0.0155
-0.01387
-0.01459
-0.08085
0.09068
-0.006
-0.1398
-0.25796
-0.00199
0.21304
-0.08288
0.09076
0.08207
-0.04973
-0.1768
-0.1518
-0.03955
0.20091
-0.04145
0.07958
-0.14692
-0.09508
-0.25817
0.08669
0.08782
-0.12021
-0.18773
0.08779
0.07987
-0.07183
0.04941
-0.11739
-0.13288
-0.28765
0.08443
-0.10763
-0.00962
0.02241
0.14276
-0.14262
0.12241
0.12446
0.01704
-3.48327
-1.21729
-2.92016
-1.42064
-1.33998
-2.31427
-2.3172
-2.28718
-1.26262
-3.34889
-2.4564
-1.53217
-1.74647
-4.29774
-1.72817
-1.08468
-2.59854
-0.89265
-3.06161
-3.6562
-1.78147
-2.62587
-1.84562
-0.92811
-1.42704
-2.47106
-2.19223
-1.49972
-4.08708
-2.01053
-2.21809
-0.998
-4.56428
-1.2555
-1.84837
-2.41182
-1.17888
-1.49026
-1.9325
-2.1513
-4.66235
-4.14398
-3.12098
-2.03176
-4.06722
-2.99761
-2.85278
-1.48198
-1.12255
-3.07857
-1.36891
-4.16275
-1.74922
-2.48665
-2.05178
-2.20417
-1.24739
-2.80158
-3.91918
-2.24987
-4.74009
-1.09562
-1.34065
-3.56651
-3.29122
-2.48752
-1.31783
-4.78492
-0.83368
-2.71504
-3.68757
-2.54284
-1.517
-2.38998
-2.37433
-1.18595
-2.3926
-2.47947
-1.72993
-2.26878
-0.80933
-2.21596
-2.49932
-2.15355
-1.53114
-4.03291
-0.75944
-0.91883
-1.09084
-1.18015
-3.33881
-1.21239
-6.7195
-2.86132
-2.52073
-1.71652
-1.42391
-0.98038
-2.00248
-1.80947
-1.95385
-3.78674
-1.10159
-1.55971
-1.08675
-2.31162
-2.82147
-1.48219
-3.01452
-3.18869
-0.74893
-1.66903
-2.44763
-3.42052
-0.36784
-1.14737
-2.40033
-3.50997
-2.69779
-2.24075
-2.12148
-5.09026
-2.54664
-1.35192
-1.2999
-1.2364
-1.9585
-2.78587
-4.57146
-3.3907
-3.13476
-1.8337
-1.18375
-2.23107
-2.34262
-1.63038
-1.87585
-4.26469
-3.30454
-2.01454
-0.6052
-2.53088
-1.7692
-2.78043
-0.88196
-2.1795
-4.03972
-0.63375
-1.57178
-2.18299
-1.87355
-0.77164
-3.14616
-1.05086
-2.76591
-1.51593
-1.47189
-3.29251
-1.01112
-2.07038
-4.18318
-1.37267
-1.38804
-2.06816
-4.16301
-0.82308
-0.94879
-4.02017
-2.69637
-2.37995
-1.16859
-1.72128
-1.73222
-3.47419
-3.05235
-3.47747
-3.85583
-0.49122
-2.86116
-0.63134
-5.32419
-1.27057
-2.46851
-2.7549
-3.37516
-3.3086
-2.47677
-2.35858
-1.84438
-4.08014
-1.44149
-1.08659
-1.84107
-2.11044
-1.3099
-1.71361
-4.74261
-3.56514
-1.46144
-0.94912
-0.00551
-0.95669
-1.16047
-2.53068
-0.06496
-1.64412
-0.65275
0.07196
0.00979
-0.98125
-0.31448
-1.42677
-0.17942
-0.35591
-0.90329
-0.3516
-5.06285
-0.93773
-0.83105
-0.44974
-0.87338
-0.85935
-0.17389
-0.5438
-0.07247
-0.98837
-0.58385
-0.09203
-0.42756
-0.13012
-0.47305
-1.26231
-0.70506
-0.05932
-0.31641
-0.16379
-2.73082
-1.49716
-0.36804
-0.38794
-0.16714
-0.6037
-0.71558
-0.0569
-0.67878
-0.24796
-0.09999
-0.63778
-2.17334
-1.26459
-0.587
-1.58702
-0.93611
-0.26044
-1.05466
-0.89391
-0.14042
-0.01342
-2.63476
-1.87434
-1.39481
-0.355
0.2257
-10.4848
-0.36096
-0.42154
0.0322
-0.29115
-0.2044
-0.20106
-0.18139
-0.51454
-1.04404
-0.40574
-0.08035
-0.72241
-0.01814
-0.26424
-0.25328
-1.147
-0.04279
-0.0194
-0.52977
-0.0655
-0.41659
-0.04943
-0.44173
-0.4393
-0.16782
-0.82922
-0.72609
-0.04983
-0.23105
-0.59888
-0.55264
-0.73657
-1.27227
-0.00351
-0.1293
0.06508
-1.25496
-0.19724
-0.7102
-1.72863
0.01866
0.22273
-0.59047
-0.09221
-0.44978
-0.74026
-0.28568
-0.64581
-0.27701
-0.09537
-0.34363
-0.43316
-3.71253
-2.00192
0.03219
0.05941
-0.05088
-0.31984
-0.49658
-0.33441
-0.44507
-0.61347
-0.95306
-0.11345
-0.86119
-0.05771
-0.05561
-0.17881
-0.05289
-0.79225
-0.29774
0.00934
-0.40555
-0.21126
-0.17164
-0.07368
-0.07349
-0.41007
-0.76214
-0.21026
-0.39635
-1.07016
-0.46954
0.10669
-1.62531
0.04963
-1.13924
-0.33532
-0.51589
-0.47971
-0.15217
0.07198
-1.79513
-0.66143
-1.05971
-0.62701
-0.34227
-0.01355
-0.35163
-0.66544
-0.51793
-0.00977
-0.3549
-0.54282
-1.70389
-0.01324
-0.17595
-0.77632
-0.03695
-0.37281
-0.14707
-0.11949
-0.77015
-0.13538
-0.61385
-0.49698
-0.46427
-0.66751
0.05031
-0.27325
-0.12118
-0.53428
-0.38917
-57.821
-80.8879
-62.4251
-17.4668
-54.7075
-65.1206
-48.4179
-52.0786
-64.2606
-54.8039
-58.5815
-71.7389
-58.2303
-67.5592
-57.1014
-50.6471
-60.8097
-16.9145
-60.6353
-46.3775
-17.6768
-61.6581
-73.0269
-46.8775
-67.4826
-54.5437
-47.5081
-24.5274
-59.6729
-74.7711
-55.191
-51.3456
-60.5073
-66.0896
-61.9242
-64.4359
-16.1351
-64.9226
-86.7411
-13.5091
-61.9305
-52.8913
-62.9464
-65.1164
-53.2324
-60.1436
-70.3489
-76.7612
-59.1215
-65.9811
-67.5896
-72.8729
-43.5139
-65.6015
-54.1224
-79.18
-56.4345
-67.167
-68.4811
-62.01
-49.7202
-59.4178
-52.713
-5.08318
-46.0203
-50.6947
-51.9518
-65.8542
-64.2868
-69.0511
-58.4094
-18.0029
-52.1431
-32.0094
-63.6976
-47.5966
-72.5029
-55.168
-47.9609
-68.3839
-58.55
-76.5071
-68.102
-15.515
-58.5513
-72.9327
-60.0531
-63.2663
-12.9999
-69.7025
-59.3472
-27.6913
-57.5489
-65.7622
-58.5635
-48.7822
-60.1168
-76.7519
-68.1803
-60.8435
-66.0318
-18.4543
-69.8133
-68.1228
-57.8648
-59.5672
-54.5627
-96.6431
-64.1506
-61.7729
-80.942
-45.2599
-54.7469
-54.056
-44.6756
-44.3207
-51.7925
-41.9101
-19.6459
-56.0841
-67.5871
-74.4687
-71.5441
-55.8635
-65.8477
-46.674
-72.8672
-52.78
-67.5063
-18.1641
-50.6644
-61.7564
-64.7411
-66.6717
-50.4291
-62.2336
-74.2654
-65.5975
-16.9033
-38.3396
-62.6066
-50.3572
-76.4741
-4.87193
-72.5214
-53.8654
-58.0033
-65.8433
-47.8617
-51.7033
-64.0579
-15.5242
-58.0736
-59.2586
-61.5393
-6.96598
-24.3768
-47.6352
-50.2773
-57.1836
-52.5714
-56.7837
-57.5259
-62.7059
-61.8475
-55.8882
-65.834
-46.6817
-55.6103
-24.2059
-50.2514
-69.977
-53.9785
-7.14013
-57.3955
-64.2221
-15.5297
-54.6318
-62.1997
-62.0976
-47.3426
-65.4564
-88.8633
-61.8845
-56.711
-63.4179
-17.3664
-60.6401
-5.83348
-5.49646
-65.0524
-65.2298
-30.3455
-50.0193
-70.3691
-45.2131
-72.7985
-65.4056
-55.9925
-61.0252
-0.1949
0.11248
-0.12797
0.25881
0.04754
-0.07177
0.04494
0.16424
-0.0257
-0.12511
0.08712
-0.07383
-0.15538
0.13573
0.22552
0.15868
-0.13952
0.07644
-0.22676
-0.07366
-0.18612
0.01661
-0.06942
-0.04396
0.0176
-0.06639
-0.01888
0.04573
-0.03341
-0.18282
0.13225
-0.04572
0.00812
0.09603
-0.47225
0.04255
-0.02906
-0.11921
0.02612
-0.0832
0.02733
-0.05143
-0.15158
0.06592
-0.21657
-0.02948
0.03556
-0.03725
0.01128
-0.13722
-0.08793
-0.04478
-0.16641
-0.01089
-0.0287
0.17546
-0.12059
0.08766
0.04373
-0.14973
-0.28273
-0.29942
0.05796
-0.13299
0.13157
0.12675
-0.13715
0.08728
-0.08525
-0.03188
-0.08228
-0.04097
0.07792
-0.13652
-0.16707
0.12349
0.06651
-0.00949
-0.07921
-0.22947
0.03871
-0.00785
-0.10426
-0.14264
-0.1302
-0.06836
-0.21644
-0.11669
-0.3328
-0.04019
-0.14548
0.04778
-0.09412
0.15093
-0.03426
0.04989
-0.128
-0.1078
-0.1242
0.0113
-0.04511
-0.33365
-0.07377
-0.19789
-0.03416
-0.01031
-0.01156
-0.08462
-0.18813
-0.096
-0.0239
-0.23211
0.14337
0.13241
-0.05178
-0.21269
0.09146
-0.04933
-0.02775
-0.18021
0.17712
0.00324
-0.18907
-0.19306
-0.02564
0.04041
0.03735
-0.0281
-0.13197
0.1193
-0.06162
-0.00254
-0.19186
-0.02373
0.20194
-0.01911
0.01092
-0.14429
-0.15538
-0.06604
-0.24777
0.17044
-0.08513
0.04524
-0.03405
0.07487
0.21447
0.03577
-0.1498
0.03582
-0.0193
-0.04047
-0.20865
-0.03838
-0.02961
-0.06027
-0.03836
-0.00499
0.01183
0.00545
0.01278
-0.13941
-0.07799
0.01015
-0.00643
0.02633
0.03013
-0.1398
-0.11033
-0.01249
-0.00573
-0.11141
0.20058
0.09788
-0.16045
0.03668
-0.05965
0.01003
-0.20732
-0.0869
-0.35768
-0.155
0.09293
-0.14128
-0.0999
-0.02091
0.09399
-0.1454
-2.12391
-6.58996
-6.85817
-11.3851
-10.5699
-5.24474
-3.64941
-3.8078
-4.66364
-3.65974
-6.06444
-14.2098
-29.3044
-1.92466
-2.25136
-3.04471
-9.18288
-5.26779
-4.20523
-9.90828
-6.40217
-5.65052
-3.95125
-13.0969
-1.30425
-4.87617
-12.2792
-6.39028
-6.82111
-4.46274
-6.10694
-6.74509
-6.45214
-3.90095
-33.52
-0.97025
-22.7226
-10.317
-26.3004
-1.5179
-17.634
-3.60466
-4.02833
-1.37482
-8.54028
-7.41617
-11.797
-4.78726
-5.82761
-2.6766
-18.9938
-8.66348
-1.48876
-23.7292
-33.8877
-4.3719
-1.68133
-13.8223
-38.0711
-8.99848
-4.36556
-37.1112
-22.7093
-6.10689
-24.4152
-7.41617
-5.96429
-9.48808
-7.44103
-3.98294
-4.66239
-6.65012
-2.86234
-9.68908
-1.29105
-22.552
-5.12197
-8.44158
-1.63185
-2.45583
-7.32137
-8.57138
-5.69442
-34.095
-2.49166
-11.6277
-2.8107
-1.84381
-5.69146
-13.2173
-12.4621
-4.48858
-18.8584
-4.1741
-15.5828
-5.08451
-28.7129
-12.9756
-25.7098
-3.6463
-2.0937
-7.29065
-2.11212
-26.1551
-10.5676
-6.36296
-5.09282
-4.18167
-4.61268
-0.91024
-5.18889
-2.19253
-37.3742
-7.79749
-7.38025
-2.22726
-2.72675
-7.66748
-1.14838
-9.19438
-3.01358
-4.45774
-15.0735
-6.60841
-3.82707
-3.9854
-3.10189
-3.64947
-14.252
-4.8894
-6.028
-20.94
-15.5182
-6.26077
-22.7418
-1.9439
-12.5204
-12.5022
-7.44369
-24.989
-9.05968
-17.6301
-4.31028
-2.52624
-32.5597
-3.15822
-2.3662
-2.62363
-17.0982
-4.51569
-4.79035
-11.0424
-3.33811
-2.88873
-1.01281
-8.39248
-3.83588
-1.91141
-3.94843
-2.1964
-24.9409
-5.38628
-8.11828
-36.7888
-8.75778
-4.354
-21.6997
-27.8327
-5.38667
-2.16262
-18.4467
-14.9469
-53.7598
-0.87661
-2.21164
-9.09158
-8.57108
-12.2218
-6.68513
-3.97199
-4.06183
-40.5259
-9.07748
-3.08345
-11.6867
-7.84324
-10.4421
-7.26377
-3.33858
-10.3571
-24.1055
-22.0892
-10.4809
-5.64796
-1.31769
-51.6178
-3.34067
-10.6316
-22.7514
-9.59758
0.07759
0.10458
-0.13113
-0.02871
0.12497
0.07081
-0.03448
-0.12035
-0.15928
-0.04002
0.10993
-0.06085
0.01925
0.3356
0.13442
0.07353
-0.07799
-0.15672
0.03741
-0.12962
0.05368
0.10256
0.01169
-0.06178
-0.05691
0.07353
0.08405
-0.02779
-0.14712
-0.01364
-0.07453
-0.04264
0.04656
0.02273
0.17649
0.07267
0.0219
0.09212
-0.01586
-0.09717
-0.03695
0.0073
-0.05173
0.1
0.12499
-0.03504
0.22014
-0.04124
0.04578
0.02657
0.03993
-0.18909
-0.08994
0.07004
0.22858
0.32509
0.08608
-0.00597
-0.07889
-0.16803
0.00512
0.31702
0.07949
0.16836
-0.06301
0.17199
0.08409
0.12113
0.02011
0.02013
-0.06324
-0.02387
0.27288
-0.00371
0.02396
0.04589
-0.14775
0.01333
0.07362
-0.09654
0.20984
0.24865
0.13477
-0.07589
0.02905
0.1098
-0.00158
0.23843
0.14192
-0.10766
0.02229
0.09492
-0.03031
0.30739
-0.01098
-0.10006
0.09114
0.25306
-0.06374
-0.10271
0.17807
0.02824
-0.04909
-0.00411
0.15225
-0.01388
-0.12402
-0.05169
0.13309
0.22973
-0.09609
0.08961
0.07672
-0.07273
-0.1246
0.13111
-0.05919
0.07214
-0.13972
0.0873
0.14065
0.08109
0.20727
-0.01102
0.15988
0.12088
0.09751
0.03562
0.09105
-0.0496
0.13744
-0.05977
0.00108
-0.01195
0.09127
0.17702
0.10098
-0.06758
-0.0679
0.02204
0.0102
0.02565
-0.1283
-0.11578
-0.02441
0.22246
0.04608
-0.13616
-0.0201
0.11733
0.07922
0.03522
-0.03673
-0.0723
0.03589
-0.02448
0.10829
0.07916
-9e-05
0.13255
0.15171
-0.04648
0.03058
0.01722
0.17984
0.00779
0.10469
0.26258
0.00521
0.02972
-0.01172
0.09158
0.19684
0.15916
-0.11014
0.14139
-7.38477
-5.81437
-4.162
-2.5376
-2.80088
-5.4281
-3.96786
-1.97674
-2.75797
-1.64234
-2.03176
-4.74276
-2.01098
-3.42818
-2.13849
-0.50861
-0.39325
-1.48721
-0.10181
-5.11843
-1.10522
-2.62066
-2.58643
-3.28426
-1.33845
-3.6804
-5.63326
-1.62166
-5.94993
-1.65242
-3.4533
-0.41909
-0.19005
-1.67547
-3.61079
-3.68815
-2.74814
-3.10907
-6.7146
-5.75049
-4.63969
-2.94898
-3.56895
-4.06327
-3.39219
-3.62027
-2.9694
-0.08379
-3.50076
-1.96952
-5.17468
-5.89294
-0.74561
-3.56627
-4.74356
-2.43668
-2.81046
-1.38351
-3.27409
-3.80999
-0.05323
-0.19484
-1.41364
-7.02348
-1.61561
-3.94222
-0.90261
-0.55878
-3.73772
-2.61869
-2.26837
-6.03285
-4.49142
-1.99639
-1.53752
-0.93612
-6.34553
-2.42553
-5.01836
-2.46422
-3.64825
-3.11133
-0.04914
-1.01061
-1.10468
-2.42507
-2.20399
-2.46055
-4.51684
-5.74303
-1.28109
-7.90668
-0.58694
-0.65564
-0.12835
-3.92489
-4.54588
-1.2605
-0.10663
-2.33195
-0.73159
-3.51622
-0.4654
-4.24851
-2.10069
-2.56681
-6.05959
-5.84694
-5.47522
-0.82844
-1.15638
-1.89632
-4.75463
-5.59508
-2.96779
-3.57027
-0.38309
-0.10972
-0.08901
-4.43334
-3.99125
-2.95917
-3.24644
-2.49541
-3.43382
-0.00497
-5.48836
-6.76278
-4.56203
-6.02001
-2.76698
-5.84331
-3.8244
-0.00297
-3.85411
-1.354
-0.45307
-2.12051
-4.38051
-1.0911
-4.06627
-1.75131
-1.48864
-0.85029
-1.24235
-5.57106
-2.9115
-3.49066
-4.20953
-5.72745
-0.48378
-4.08391
-0.88773
-0.49559
-3.93737
-1.21138
-5.59349
-7.4831
-5.78899
-0.7634
-6.51166
-0.83011
-3.80809
-1.43876
-1.08526
-2.20157
-0.39587
-1.60538
-4.67581
-3.16669
-1.62893
-6.3571
0.07745
-6.3048
-0.97781
-4.09853
-1.18721
-0.10747
-4.91739
-1.6982
-3.50635
-2.29298
-0.97776
-0.81681
-2.57153
-1.77946
-0.43575
-4.2337
-5.14109
-3.86847
-7.12968
-0.21636
-6.31684
-1.26687
-2.89567
-4.05769
-3.86539
-3.60851
-0.0666
-3.50661
-0.17032
0.24866
-0.0166
-0.15911
-0.07271
0.04274
-0.06964
0.11681
-0.29471
-0.38167
-0.11381
-0.10162
0.00099
0.11324
-0.09918
-0.11969
0.0129
0.07951
0.01352
0.06316
0.15212
0.17705
-0.00901
-0.20601
-0.17072
-0.10299
-0.07169
-0.23212
0.02076
-0.04815
-0.06677
-0.12
0.06047
-0.06349
0.11963
-0.16847
-0.05099
0.02719
-0.07368
-0.17361
0.00139
0.00878
-0.16656
0.04968
-0.02895
-0.03018
0.0677
-0.29504
-0.13342
-0.03012
-0.03149
0.05613
-0.20465
-0.05271
0.1371
-0.23998
0.05507
-0.08124
-0.05858
-0.1276
-0.13778
-0.11584
-0.3077
-0.18503
-0.05047
0.04932
0.13669
0.00374
-0.08781
-0.06334
0.00962
0.01109
0.09334
-0.04516
-0.01188
-0.00744
0.0143
0.13907
0.04845
0.07332
-0.06444
-0.04531
0.02229
-0.27774
0.09483
0.03664
-0.03554
0.07577
-0.09683
-0.25718
0.09128
-0.04223
0.13555
0.01478
0.0183
-0.03559
0.01254
-0.21211
-0.0907
-0.22486
-0.10414
0.07386
-0.03681
-0.00891
0.04843
0.08666
0.10547
-0.0153
-0.06147
0.17694
-0.08947
0.07645
0.03816
0.17313
-0.17029
-0.00565
-0.02304
0.18308
-0.08303
-0.02146
0.02361
-0.15173
0.1436
0.06729
-0.10761
0.04012
0.02039
0.07763
-0.07629
0.00863
0.03428
0.00758
0.02749
-0.12075
0.04693
-0.14756
-0.06951
-0.04258
0.14754
-0.20508
0.15928
-0.03517
0.23953
-0.05365
-0.02047
0.13562
-0.01137
0.17624
0.0316
0.1815
0.02734
-0.2774
-0.21992
-0.23144
0.1214
0.09431
-0.14181
0.15977
-0.12484
0.00968
-0.1593
0.1026
-0.05374
0.01072
-0.1063
0.02323
-0.28122
-0.06841
-0.17661
-0.14001
0.01243
-0.02609
0.06652
-0.16878
-0.24371
0.11115
-0.06881
-0.15306
0.13588
-0.19221
-0.01482
-0.03062
-1.41023
-1.50557
-1.75524
-2.25277
-3.25157
-3.65758
-1.68744
-2.69507
-3.14658
-1.82368
-0.50987
-3.54385
-3.62752
-3.74177
-1.74464
-1.87697
-2.24276
-3.46258
-0.82755
-3.048
-1.33432
-0.87287
-1.7995
-1.73435
-2.92254
-3.10452
-1.82549
-1.9554
-1.23154
-1.67946
-1.14998
-2.32262
-1.99253
-1.06111
-2.6028
-0.82814
-5.18893
-2.09325
-0.56195
-2.62089
-0.76998
-2.88424
-3.0073
-1.74626
-3.21619
-2.30657
-2.20502
-3.68206
-0.93807
-0.90936
-2.34142
-0.60008
-1.66556
-2.47342
-2.67403
-0.37034
-1.08838
-2.73381
-1.59119
-1.85374
-2.67927
-0.79013
-2.7717
-1.6739
-0.54448
-2.10453
-3.23019
-3.94741
-2.51337
-1.34187
-2.87421
-2.06309
-1.48672
-1.4961
-0.82593
-1.84728
-1.17751
-1.55669
-1.40436
-3.00285
-0.5084
-2.787
-1.19283
-1.31786
-3.20437
-1.83714
-1.6581
-2.7737
-1.10913
-2.05438
-2.0508
-1.0444
-3.14474
-2.05275
-2.90518
-2.10038
-2.38576
-1.85663
-3.58201
-2.52843
-2.20249
-0.87857
-4.85799
-0.21103
-3.62601
-2.92874
-3.4568
-3.37777
-0.52786
-0.54828
-1.57264
-1.64404
-1.69934
-2.48226
-2.19294
-2.13333
-2.93339
-2.2853
-2.06246
-1.42087
-0.45786
-0.38995
-0.78406
-2.07026
-2.05521
-0.77735
-2.25968
-2.12293
-1.2758
-2.01494
-2.42775
-4.36572
-2.34283
-3.03418
-3.6653
-2.54166
-1.32767
-1.77995
-1.24439
-1.33975
-2.50794
-4.06388
-0.65274
-2.95533
-1.39736
-2.87588
-1.23914
-0.78915
-2.6996
-3.50017
-2.5727
-0.73383
-1.42881
-2.41189
-2.61122
-1.03134
-2.13536
-1.30222
-2.63621
-2.7663
-4.17454
-1.30799
-1.44848
-0.46659
-4.71696
-4.25868
-2.73544
-1.23865
-6.18071
-2.11525
-1.19708
-1.12264
-2.37217
-1.45578
-1.64282
-0.97125
-2.81648
-0.79973
-2.94095
-4.74885
-0.74406
-3.36057
-2.59454
-0.49422
-1.6856
-1.27874
-2.46567
-0.7041
-3.685
-1.73131
-2.51359
-2.63041
-2.61134
-1.49432
-1.83656
-0.73207
-0.90331
-3.01433
-3.30698
-1.33934
-0.79107
-0.19836
-0.82718
-0.10124
-0.45977
-0.47332
-0.02219
-0.25597
-0.3544
0.05439
-0.62466
-0.50963
-0.30281
-0.36599
-0.32897
-0.48453
-0.69342
0.20639
-2.49455
-0.16035
-0.87051
0.11532
-0.13044
0.08289
-0.8338
-0.41051
-0.29803
-0.37293
-0.56882
-1.73333
-0.12669
-0.22464
-1.14693
-0.49827
-0.36487
-0.74205
-1.01938
-0.47745
-0.39632
-0.36719
-1.08207
-0.47785
-0.11693
-1.29348
-0.16645
-0.83277
-0.43531
-2.04667
-0.67864
-1.98087
-0.54469
0.07698
-0.71225
-0.38986
-0.05778
-0.39609
-0.73478
-1.34111
-0.25964
0.01431
-0.15026
0.26605
-0.62098
-0.28355
-0.55283
-0.19256
-0.31591
-0.4424
0.08448
-0.34987
-0.3251
-0.06097
-1.0079
-0.28828
-0.12917
-2.3794
-0.08382
-1.16288
-1.04027
-2.62946
-0.52592
-0.96241
-0.49869
-0.00887
0.01854
-1.42891
-1.29245
-0.22491
-0.67918
-0.63182
-0.32155
-0.40212
-0.90464
0.16615
-0.39518
-0.17772
-0.07423
-0.18994
0.12441
-0.08118
-0.24597
-0.46872
-0.24333
-0.49841
-0.13802
-0.82805
-0.51115
-0.1524
-0.17184
-0.43922
-0.88583
-0.20739
-1.33619
-0.23809
-0.4647
-0.06613
-0.17818
0.10387
-0.17298
-0.38076
-1.07842
-2.24573
-0.80322
-0.9367
-0.48375
-0.17739
-0.96918
-0.37161
-0.2604
-0.85934
-0.38532
-0.3711
-0.70061
-0.17221
-0.28982
-0.24514
0.07392
-0.42663
-0.2602
-0.15574
-0.44819
-1.11273
-0.29299
-0.06694
-0.86958
-0.05112
-1.22758
0.00774
-1.08492
-0.2569
-0.12045
-0.17575
-0.6943
0.06309
0.04735
-0.23118
-0.14998
-0.56064
-0.14862
-0.26457
-0.13853
-0.29625
-0.60307
-0.69416
-0.04891
-0.36545
-0.95262
-0.16937
-0.35584
-0.04493
-0.35816
-0.55689
-0.02678
-1.38567
0.24282
-0.16746
-0.69843
-0.35702
-0.55142
-0.56065
0.03893
-0.19353
-0.06664
0.11407
-0.33225
-12.4114
-47.8627
-5.87218
-17.9254
-15.698
-5.98708
-53.4769
-48.9058
-47.8958
-47.7581
-6.66097
-16.0138
-17.2447
-5.42385
-50.1917
-61.7941
-16.3859
-64.5697
-6.69153
-58.1179
-49.3529
-54.1018
-47.7039
-60.6072
-51.647
-16.791
-17.8743
-14.7035
-53.7626
-45.522
-66.6401
-43.8246
-17.7262
-6.30378
-18.1059
-6.2314
-10.8459
-15.1162
-54.5871
-15.4175
-58.4793
-16.3748
-35.7551
-66.8468
-55.2443
-59.3644
-50.986
-45.9954
-56.6965
-47.1031
-50.7977
-53.0304
-17.3204
-5.98978
-52.6032
-5.32363
-65.5925
-16.9381
-6.69993
-53.9544
-41.653
-5.54056
-14.5195
-55.9572
-47.8289
-7.34853
-11.876
-16.4931
-67.0102
-67.4
-19.0475
-43.9768
-15.7509
-43.7139
-52.8792
-48.8729
-54.4948
-47.2609
-55.578
-50.1349
-63.9289
-50.8081
-6.13338
-50.5835
-56.9384
-5.10139
-17.2332
-58.6203
-59.9933
-71.1816
-47.7208
-17.9814
-53.6258
-53.581
-53.4011
-59.1447
-25.6331
-5.04393
-59.3607
-53.1914
-14.7302
-6.53776
-49.3581
-14.7842
-50.095
-61.1587
-66.4503
-10.4044
-49.9272
-57.2756
-13.2788
-57.614
-54.8642
-56.2219
-57.2598
-15.725
-50.5993
-42.2178
-46.7609
-51.4757
-16.0973
-46.8131
-57.1178
-52.2339
-5.91398
-16.6574
-59.1431
-15.7409
-55.0911
-63.7469
-50.4065
-51.9276
-22.7406
-58.0508
-63.7395
-41.8383
-58.5562
-53.382
-47.1412
-51.1276
-53.6211
-65.5078
-17.7509
-60.9245
-26.7403
-46.0499
-67.6245
-45.6801
-17.8453
-14.6758
-15.5801
-49.1937
-13.9653
-54.6151
-51.9667
-52.3443
-54.0603
-60.9958
-49.8744
-6.45423
-52.9606
-63.8075
-4.93474
-59.5459
-14.7976
-58.6797
-16.5878
-51.6971
-48.8227
-14.5053
-55.9811
-5.11093
-53.3241
-64.1124
-3.97868
-49.3183
-44.9989
-66.4047
-14.6112
-5.61422
-15.4535
-12.8801
-49.0289
-5.66243
-37.7446
-53.3454
-51.7398
-60.9792
-14.6439
-5.15423
-54.5426
-4.86289
-46.0658
-52.4381
-63.7188
-51.2553
-14.6855
-5.13351
-17.6798
-49.4827
0.08226
-0.10259
-0.03729
-0.29302
-0.27275
-0.15987
0.06628
0.06178
-0.10924
-0.08502
-0.24531
0.12541
0.00512
0.05338
0.20294
-0.2788
-0.21063
-0.05848
0.03367
-0.07615
-0.07592
-0.01947
-0.08193
0.23547
0.07601
-0.06731
-0.00668
-0.13068
-0.24068
-0.18811
0.07372
-0.05283
0.11453
0.02734
-0.08143
-0.16408
0.05807
0.00106
-0.16786
0.22328
-0.13141
-0.01471
0.0656
-0.003
-0.18237
-0.16221
-0.21863
0.04766
0.00181
-0.06606
-0.14104
-0.09073
-0.10902
0.05229
-0.07484
-0.06693
0.1355
-0.20313
-0.2519
0.0239
-0.1261
0.01833
-0.06346
-0.19788
0.12364
0.24976
-0.0281
0.15054
-0.12809
-0.09837
0.05707
-0.04397
-0.12629
0.12428
-0.01464
-0.02125
-0.14963
-0.0778
-0.02043
-0.00336
-0.09947
-0.207
-0.13948
-0.41289
0.01767
0.03569
-0.14318
0.08615
-0.01246
0.01582
-0.15242
-0.03405
-0.13162
-0.01562
-0.13474
0.0533
-0.05619
-0.26652
-0.13567
-0.00565
-0.08911
0.22285
-0.08233
0.10586
0.07585
-0.08612
-0.1141
-0.05936
-0.12536
-0.03836
-0.07184
-0.27973
0.1025
-0.14016
-0.11911
-0.08507
-0.21298
0.15848
0.105
-0.00983
-0.10335
-0.13596
-0.23565
-0.21798
-0.09531
0.04107
0.01442
-0.03772
-0.14952
0.0069
-0.18539
0.0184
0.07407
-0.04726
-0.08395
0.02847
0.02947
0.05401
-0.0107
-0.15453
-0.1409
-0.11048
-0.11037
0.08878
0.06953
-0.01333
-0.00918
-0.06236
0.03371
-0.03056
-0.08216
0.02789
-0.06224
-0.22283
-0.11568
-0.21497
-0.10516
-0.08488
0.01865
-0.02308
0.09563
-0.15392
-0.29232
-0.13126
0.02642
-0.10737
0.0096
-0.21459
0.14527
-0.17111
-0.16704
-0.04584
-0.04675
-0.10245
-0.12385
0.10723
-0.00725
-0.05044
-6.06353
-9.89968
-11.4047
-10.855
-3.14733
-12.8802
-29.7654
-4.10252
-21.3036
-12.7028
-23.4618
-4.12598
-7.88028
-6.79872
-11.7766
-13.8516
-3.69279
-21.5055
-14.6079
-7.18797
-24.8324
-9.69618
-43.8797
-41.9325
-4.2544
-2.62693
-18.4015
-2.39774
-11.3235
-3.49041
-12.8876
-5.79746
-2.42772
-8.50858
-4.65164
-4.05366
-2.11461
-13.6837
-12.3353
-14.1295
-2.90641
-2.2991
-10.2517
-7.25152
-33.7655
-11.7302
-9.16178
-3.67929
-8.09168
-4.75391
-5.62042
-5.7835
-10.0498
-2.85182
-3.46591
-21.2575
-25.2832
-4.62601
-10.2892
-27.8839
-2.37962
-12.1554
-7.79597
-8.07558
-1.963
-2.43945
-13.0875
-5.05584
-13.1043
-2.20889
-8.88858
-7.64248
-4.94716
-1.91738
-4.43324
-4.34187
-3.33087
-28.7945
-1.28379
-2.5761
-47.5213
-26.4626
-2.50448
-5.67232
-2.25781
-15.6983
-24.9398
-5.26784
-8.20718
-6.20726
-4.67133
-6.69345
-1.30384
-2.60703
-9.14288
-47.149
-2.7935
-9.46678
-4.42535
-2.86334
-4.31449
-3.50031
-3.56317
-4.57588
-14.5781
-13.8943
-2.35014
-5.10795
-15.5835
-5.62268
-1.15413
-3.20221
-3.66931
-16.0831
-3.21614
-1.91206
-5.54168
-2.28456
-8.36928
-7.01063
-3.29311
-8.00058
-12.5702
-3.24945
-5.03376
-2.43483
-5.32891
-4.24757
-3.28228
-14.8953
-11.105
-13.0649
-5.58016
-4.36953
-1.82336
-3.26957
-29.2404
-4.75865
-1.81598
-9.48348
-12.7319
-20.6247
-2.44709
-10.1695
-2.97685
-6.2267
-7.13
-11.064
-8.75308
-28.0303
-3.66231
-3.16797
-2.04062
-4.31021
-15.7877
-2.27217
-7.56568
-4.34146
-8.57538
-6.85607
-22.8215
-2.15792
-15.4105
-2.32955
-1.4216
-13.8991
-20.646
-2.19688
-5.48977
-4.61742
-3.1262
-35.4578
-7.70356
-3.7641
-5.1375
-2.34334
-12.7634
-5.29582
-34.6183
-10.1093
-18.1637
-16.7183
-9.54748
-3.46427
-19.7321
-2.3353
-22.8098
-1.64003
-38.0726
-10.9444
-12.094
-1.54593
-5.99507
-6.99504
-8.40968
-2.87258
-10.1788
-3.67009
-11.452
-6.2464
0.09012
0.18029
-0.11467
0.01214
0.0725
-0.01147
0.07118
0.00098
0.10655
0.21403
-0.04422
0.10283
-0.03096
0.08979
0.1223
-0.15055
0.0094
0.18929
-0.09299
0.06349
0.03218
0.15794
0.09834
-0.18899
0.0352
0.05239
-0.00401
0.09138
0.08988
0.09432
0.02508
0.16956
-0.1275
-0.06627
-0.07098
0.09054
0.11773
0.04773
-0.06144
-0.04299
-0.08328
0.22879
0.06751
0.06275
0.1876
0.0293
-0.17174
-0.05482
-0.02331
0.11326
-0.11389
0.099
-0.02231
-0.14785
0.14653
0.0245
0.16228
0.06032
0.12206
0.22357
-0.005
0.16699
0.06325
0.10844
-0.02559
0.0679
0.0699
-0.19963
0.06642
-0.01028
0.12238
0.11883
-0.13251
-0.08671
0.14815
-0.06287
-0.04522
-0.06088
-0.23571
0.06174
0.04169
-0.07421
0.09074
-0.24088
0.07511
0.02827
0.08618
0.08195
0.1075
-0.00036
-0.05261
0.07032
0.08952
-0.10498
0.12006
0.20702
0.21458
-0.12132
0.13575
0.21426
-0.02026
0.14516
0.10371
0.04079
-0.109
0.07357
-0.02479
-0.04728
0.10766
0.06365
-0.15835
0.04782
0.08045
0.10032
0.09504
0.13824
0.0288
0.05613
0.14712
0.23651
0.12093
0.1867
0.15161
-0.00045
0.0866
-0.03644
-0.11701
-0.03298
0.00206
0.04484
0.25916
-0.02573
-0.03872
0.12414
0.02848
0.08225
0.06924
0.2405
0.06986
-0.16012
0.11089
0.23352
-0.11142
0.08843
0.29329
-0.03378
-0.01215
-0.03671
0.00658
0.07986
-0.18039
-0.12849
-0.02606
-0.16222
0.04361
0.15267
0.1739
0.04194
0.01754
-0.04176
-0.05966
-0.012
-0.12239
-0.04352
0.03998
0.01941
-0.26569
-0.14631
-0.10993
0.0569
-0.00955
0.10189
-0.07214
0.07286
-0.02433
0.05394
0.0138
0.17012
-0.11494
-0.14987
0.16578
0.23824
-0.04739
0.17099
-0.00474
-0.02959
0.13876
-2.05031
-0.03081
-2.47107
-2.69866
-4.21355
-0.68429
-3.93907
-0.16394
-0.50618
-1.82405
-3.14942
-4.38043
-6.37285
-0.25717
-1.76434
-4.15296
-4.64163
-2.88624
-4.29441
-0.20279
-6.48937
-0.66325
-2.40522
-2.9664
-3.66064
-5.22354
-3.18472
-2.95406
-0.18955
-1.95074
-4.91347
-4.4634
-1.7763
-2.4113
-0.75055
-3.56574
-1.03219
-2.50775
-1.73435
-1.45666
-3.90322
-3.20818
-0.90828
-3.48824
-6.00279
-2.86753
-1.70518
-0.50045
-1.92556
-4.3689
-3.84696
-4.08873
-4.5062
-2.23551
-0.50873
-1.37497
-0.01831
-3.48881
-0.56848
-0.03054
0.08512
-1.28548
-3.80959
-1.19635
-7.35709
-1.65175
-4.31411
-3.13178
-4.06988
-2.46523
-3.42361
-3.21948
-4.95479
-4.36965
-1.11792
-4.79244
-3.23068
-3.81237
-3.33968
-1.10545
-4.05038
-5.90624
-2.58598
-5.48583
-0.38078
-4.05479
-3.53061
-4.46006
-0.28852
-3.78945
-1.65017
-2.11245
-1.64241
-0.59339
-3.70059
-5.20833
-1.11033
-1.84597
-0.92396
-0.25634
-2.71579
-2.06692
-0.19936
-4.01537
-0.4569
-0.21204
-0.0144
-3.13628
-4.77424
-0.91464
-1.47281
-1.693
-1.79496
-0.76111
-7.0046
-0.88402
-0.8465
-1.46525
-3.93625
-3.13301
-4.88636
-3.90547
-4.75935
-2.92686
-2.26082
-2.27742
-2.75434
-3.09913
-1.1874
-4.26941
-2.83629
-0.10183
-0.05983
-7.17349
-0.72948
-3.66604
-4.71192
-3.34809
-3.62085
-0.63348
-0.8155
-3.62717
-0.68859
-0.49658
-2.21623
-2.8971
-3.80978
-1.00258
-3.1124
-4.11904
-1.21904
-0.4697
0.10715
-3.5301
-0.84236
-2.86612
-0.71947
-0.7474
-4.24378
-5.35919
-0.23012
-0.08167
-1.58016
-0.32779
-2.49605
-1.62622
-2.1989
-3.48387
0.04756
-4.48929
-2.51811
-0.68099
-0.04969
-3.44826
-3.24866
-0.19573
-0.7678
-0.67488
-0.73841
-4.49353
-0.1928
-0.84003
-3.00953
-2.51072
-0.57024
-4.90517
-2.74817
-0.5669
-1.50136
-3.06213
-0.1947
-2.69312
-2.51195
-4.90688
-3.91205
-5.18136
-2.56278
-0.93089
-3.30225
-0.63845
0.02344
-0.15989
0.06852
-0.04021
0.05806
-0.00418
0.07559
0.02174
-0.0798
0.05312
-0.03843
-0.03206
-0.0713
0.16534
-0.04142
-0.32624
0.07678
-0.15197
0.09876
0.11518
0.05358
0.01984
0.04217
-0.10034
-0.3116
0.00072
0.04306
-0.44156
-0.10278
-0.12416
0.12972
-0.07068
-0.26109
0.02356
-0.15998
-0.0871
0.0686
-0.13112
0.04825
-0.10062
0.13949
0.00152
0.05556
0.07843
0.05538
-0.34124
0.0937
0.00757
0.00272
-0.25957
-0.12522
-0.04626
0.02166
-0.0735
0.13779
-0.21576
-0.36852
0.00875
-0.14308
0.31835
-0.05822
0.1075
-0.06476
0.1992
-0.06553
-0.07852
0.00213
-0.02972
0.06891
-0.09309
0.04864
0.05413
0.06506
-0.04223
-0.12178
-0.24223
-0.07134
-0.13363
-0.20964
-0.02472
0.20064
-0.28923
0.0883
-0.05124
0.24669
-0.17411
-0.12767
-0.09931
-0.18776
0.10396
-0.09259
-0.1143
-0.05201
-0.25752
-0.08519
0.00678
-0.15027
-0.06419
-0.18356
-0.15052
0.11867
0.1647
0.05143
-0.08377
0.00751
-0.00238
-0.02841
0.06726
-0.03894
-0.09135
-0.14862
-0.06477
-0.16889
0.11901
-0.18293
0.0691
0.07065
0.02126
0.03158
-0.07972
-0.19307
-0.18393
-0.0709
-0.05273
0.0906
-0.18819
0.07059
-0.13172
0.09605
-0.04443
0.07026
-0.0824
-0.10637
-0.17731
-0.18241
0.03011
-0.02556
0.01081
-0.27901
0.11466
0.08309
-0.00371
0.05089
0.07436
-0.12061
0.31373
0.18702
-0.26065
0.02583
-0.21605
-0.13825
-0.07059
-0.10266
0.06202
-0.01135
-0.0891
0.04594
-0.10353
-0.01738
-0.19739
0.14693
0.07714
-0.17544
-0.06597
-0.01302
-0.02562
-0.08734
-0.16563
0.23416
-0.0458
-0.13396
-0.0448
0.12004
-0.079
0.0303
0.09781
0.05765
-0.19963
-0.36662
-0.0021
-1.3998
-2.1757
-2.44971
-1.33713
-2.14905
-1.56646
-2.22205
-2.91066
-2.91139
-0.58828
-1.71642
-1.84576
-1.16547
-2.46056
-1.19184
-0.52646
-2.15899
-2.08325
-2.23419
-1.39896
-3.84915
-1.78525
-5.1317
-1.87905
-2.87712
-2.50982
-1.49291
-2.08879
-1.57127
-1.13634
-1.24441
-2.0163
-2.31126
-1.2229
-1.09257
-2.41973
-3.98196
-2.29227
-0.94245
-2.85468
-2.6186
-2.99031
-2.32544
-0.5707
-0.42021
-4.37353
-2.43715
-1.57204
-0.97757
-4.36762
-1.31064
-2.42621
-0.7319
-1.88476
-0.93886
-0.78423
-3.39934
-0.41921
-0.75958
-2.04787
-1.56409
-2.36472
-2.29835
-1.61717
-2.49726
-3.80669
-0.84841
-1.88094
-2.35425
-3.197
-2.62964
-1.44029
-1.25875
-1.93131
-3.25766
-2.36155
-1.39362
-2.58476
-2.13329
-1.04401
-2.213
-1.11985
-2.01063
-1.34445
-2.73693
-0.65009
-1.72775
-1.24932
-3.91718
-2.6925
-0.63794
-2.20437
-3.0113
-1.8204
-1.19376
-2.9979
-2.65352
-1.59107
-2.59146
-0.96537
-2.11136
-1.18015
-2.68367
-2.0715
-1.23615
-1.23951
-3.90662
-1.70753
-2.74347
-2.97639
-1.00739
-1.76513
-3.47155
-0.90062
-1.97306
-3.96499
-3.32562
-2.32369
-2.88694
-2.34515
-1.63466
-1.93277
-3.6611
-1.14747
-3.0049
-1.77137
-1.84375
-3.77668
-0.76074
-1.17363
-1.77991
-3.16318
-0.38143
-1.70246
-4.04542
-1.19771
-2.71723
-2.31231
-3.05988
-0.03487
-1.74518
-1.16445
-1.62927
-2.66746
-1.15554
-3.88373
-0.84711
-1.67048
-0.50788
-0.83739
-1.75565
-1.37288
-1.48329
-1.79789
-1.00282
-3.774
-4.11275
-2.36469
-2.37552
-2.44347
-1.27799
-2.61438
-1.82092
-0.92469
-2.3093
-1.79921
-2.79492
-1.45777
-2.13535
-3.25277
-3.71951
-0.71203
-2.13758
-0.66449
-3.82436
-2.99019
-0.98574
-2.48519
-0.83205
-3.49382
-4.02882
-1.22391
-0.37551
-1.71648
-3.58708
-0.78737
-1.38889
-1.42016
-3.3464
-0.93547
-3.28058
-2.22834
-2.69164
-2.66368
-2.56039
-2.08551
-1.58807
-0.62966
-2.54202
-0.86172
-0.29251
-0.02443
0.00784
-0.23378
-0.64597
-0.45338
0.111
-0.15528
-0.2745
-0.28885
-0.30874
-0.21575
-0.22479
-0.84995
-0.30169
-0.33639
0.05615
-0.22
-0.17702
0.09394
-0.20007
-0.02707
-0.35498
-0.8787
-0.44253
-0.12516
0.01273
-0.24416
-0.17724
-0.12975
0.02083
-0.21017
-0.27848
-0.03619
-0.40202
-0.05058
-0.09009
-0.5208
-0.22974
-0.39023
-0.33526
-0.6303
0.16677
-0.20356
-0.77423
-0.29789
-0.65882
-0.37838
-0.73371
-0.16319
-0.17181
-0.11925
-0.08178
0.17828
-0.03884
-0.54704
-0.25838
-0.2139
0.16151
-0.72731
-0.44136
-0.15992
-0.09563
-0.38821
-0.05378
-0.08059
-0.52068
-0.14076
-0.03082
-0.07266
-0.13291
-0.32506
-0.21138
-0.51402
-0.07769
-0.25082
-0.01174
-0.52808
-0.04277
0.07685
0.07721
-0.05967
-0.53913
-0.7766
-0.45424
-0.45937
-0.37301
-0.06851
-0.59478
-0.05053
-0.17145
-0.02395
-0.06747
0.20016
-0.57273
-0.26658
-0.16355
-0.30105
0.11504
-0.45086
-0.5792
-0.22447
0.01233
0.04739
-0.04878
0.00995
-1.02221
0.11663
-0.57533
-0.36275
-0.34187
-0.57193
-0.18887
0.03415
-0.33774
-0.31692
0.09335
-0.32082
-0.54544
-0.50485
-0.0831
-0.13447
-0.15636
-0.69067
-0.01284
-0.16406
-0.34533
-1.15723
0.01965
0.12087
-0.1057
-0.31144
-0.31047
-0.54375
-0.13335
0.05367
0.18292
0.08248
-0.71072
-0.14935
-0.09693
-0.46827
-0.04675
-0.04255
0.02744
-0.19534
0.15684
-0.53626
-0.19111
-0.04519
-0.03766
0.01184
-0.06568
-0.39083
0.05142
-0.10758
-0.24405
-1.10824
-0.61089
-0.11735
-0.32195
-0.08005
-0.40343
-0.36251
-0.30382
-0.66672
-0.11209
-1.14483
-0.97036
-0.12774
-0.48816
-0.02234
-0.45861
-0.061
-0.42643
-0.14926
-1.12911
-0.72902
-0.07261
-0.19009
-0.19
-0.12177
-1.08299
0.055
-5.05323
-15.324
-43.1865
-5.90898
-56.5544
-12.674
-12.9055
-49.4518
-5.45488
-14.3636
-3.42258
-11.3543
-11.5238
-16.1395
-45.5583
-17.7436
-5.8613
-50.5535
-49.3595
-32
-36.5056
-53.2003
-17.2577
-3.17453
-48.7271
-4.51243
-58.6235
-48.1772
-17.4689
-54.9049
-34.7352
-50.8557
-14.3883
-56.9553
-53.0067
-14.2651
-13.8112
-4.6194
-7.06571
-5.20166
-5.01484
-15.3168
-16.5325
-12.2862
-15.6478
-64.5591
-6.18367
-13.4984
-47.6339
-5.64445
-14.8397
-15.3075
-4.55025
-13.2605
-15.5802
-47.8181
-45.9464
-16.6446
-2.86096
-5.75823
-12.7298
-6.73601
-64.9341
-13.9716
-3.13918
-6.77557
-51.238
-15.0624
-16.1102
-4.96803
-54.2681
-44.7003
-12.0428
-52.8941
-5.99507
-3.06154
-15.3703
-16.1041
-5.49923
-17.8403
-57.5694
-13.0404
-12.7522
-13.4153
-12.524
-4.72278
-6.72421
-58.4832
-6.77148
-3.8578
-49.0389
-14.2567
-48.0478
-48.9868
-12.3071
-12.6005
-14.9582
-3.40007
-14.195
-54.0921
-43.3073
-55.4966
-16.8157
-60.6441
-50.9227
-13.155
-5.62378
-34.1565
-4.18483
-5.70628
-44.2127
-46.9914
-47.0691
-4.63697
-65.896
-4.25553
-9.03338
-13.9078
-5.69208
-4.94899
-15.3001
-6.55813
-4.08981
-14.7883
-46.0916
-33.9916
-55.9437
-46.0192
-17.7864
-14.3118
-4.72656
-12.8396
-5.44208
-5.41923
-5.9623
-4.48448
-18.6476
-16.5689
-3.91274
-48.4788
-40.4045
-15.4164
-3.22493
-14.529
-54.1758
-38.3509
-48.059
-16.8349
-44.5051
-53.8192
-61.7328
-51.9556
-11.7617
-4.53718
-4.59499
-3.95618
-49.3485
-4.63254
-47.8219
-14.7917
-15.9656
-53.7699
-13.6748
-6.18377
-43.2609
-15.555
-5.00438
-57.345
-15.6493
-15.0603
-44.7709
-47.0854
-38.6622
-5.47353
-10.4844
-13.6111
-15.1983
-12.4867
-58.2334
-55.8127
-5.57813
-6.23049
-45.7695
-3.41058
-44.1433
-13.1661
-5.98623
-15.0737
-2.9431
-16.984
-12.726
-16.9781
-13.1647
-4.84103
-41.9558
-14.9848
-12.8435
-13.1053
-48.0118
-14.5188
0.08409
-0.09649
0.02989
0.07174
0.14049
-0.20712
-0.08532
-0.03805
-0.0434
-0.08186
-0.1122
0.03938
0.02673
0.01664
-0.09169
-0.10792
-0.0139
0.16876
0.09273
0.0613
-0.24927
0.15022
-0.03603
-0.24496
-0.01923
-0.01122
-0.29511
-0.26389
-0.02262
-0.09941
0.05521
-0.16775
-0.09504
-0.09642
-0.00595
-0.03132
-0.08112
-0.04904
-0.28243
0.15358
-0.10532
0.03372
-0.21587
0.19385
0.19845
-0.07019
0.10147
0.03414
-0.29017
-0.1284
-0.05152
-0.13947
-0.02758
-0.10916
-0.03108
0.06481
-0.04841
-0.04815
-0.12058
-0.05366
-0.05511
-0.01853
0.10904
-0.06844
-0.08372
-0.14311
-0.27939
0.05368
-0.07735
-0.01559
-0.1831
-0.11406
-0.08427
-0.02502
-0.17532
-0.0264
-0.03741
0.10182
-0.1953
-0.07439
-0.25526
0.20366
-0.06504
-0.09745
-0.0695
-0.04288
0.06313
-0.16722
0.00855
-0.43953
-0.15614
0.03823
0.03663
-0.10857
0.11989
-0.28909
-0.0072
-0.20892
-0.30277
-0.05263
-0.09074
0.19594
-0.04564
0.11878
-0.03413
-0.05808
0.08975
0.01813
-0.04655
0.17889
-0.09288
-0.06543
0.09521
-0.02003
-0.08714
0.15465
-0.22855
-0.18842
-0.01536
-0.04671
-0.00989
-0.03852
0.1878
0.2011
-0.00416
-0.14191
0.14753
-0.27224
-0.10373
-0.08531
-0.30809
0.05432
-0.00122
-0.19148
0.08202
-0.0929
0.03243
0.16262
-0.10676
-0.02109
-0.17534
-0.16701
0.02049
-0.0165
-0.1506
-0.08498
0.10183
0.11799
0.17378
-0.19311
-0.01555
-0.05104
-0.01548
0.02981
0.00485
0.0514
-0.03704
-0.36981
0.02611
-0.01397
0.05742
-0.08411
-0.15233
-0.01467
0.06966
0.02048
-0.26966
-0.24561
-0.27985
-0.14709
-0.27505
-0.0628
0.00221
-0.20554
0.03811
-0.00417
0.1157
0.00132
-0.01398
0.23652
0.10785
-0.12641
-0.11083
0.12496
-3.99424
-2.03994
-16.0639
-4.52967
-8.23238
-5.90763
-2.41741
-3.38239
-2.55277
-10.2933
-10.9855
-29.0284
-7.51787
-9.91648
-4.72265
-7.68055
-6.93177
-2.57607
-5.56972
-4.61696
-3.49088
-3.33621
-6.59679
-2.55208
-14.0019
-17.3577
-7.58658
-17.208
-0.96908
-2.85427
-2.93768
-3.24237
-6.53172
-2.99999
-10.9482
-20.1377
-7.41349
-9.04548
-2.66121
-7.16641
-11.498
-9.11348
-12.4431
-17.6487
-1.60778
-8.56568
-2.9036
-19.6996
-6.04014
-1.88643
-7.58505
-2.37253
-2.56123
-31.9725
-2.03587
-4.06183
-5.01994
-11.0095
-5.38495
-7.27258
-24.754
-13.8883
-1.6487
-19.4082
-3.36215
-16.4588
-6.2538
-6.84052
-9.38578
-5.57165
-7.39827
-11.1066
-3.22302
-28.1402
-7.55215
-26.25
-2.10111
-21.2831
-4.77136
-2.73111
-23.1223
-2.83688
-33.0779
-18.3864
-1.33233
-7.07844
-3.26196
-12.8177
-5.69817
-8.46158
-3.00901
-14.2707
-4.39262
-5.06426
-2.56252
-12.177
-3.13023
-2.64579
-4.70883
-1.98244
-19.2325
-8.64058
-2.3724
-1.33232
-3.45098
-7.90968
-5.30508
-7.27036
-16.8825
-3.35548
-1.06997
-1.36979
-3.05771
-7.19033
-1.4614
-12.2536
-4.86507
-5.12393
-8.76188
-5.66155
-2.64454
-2.38255
-2.20146
-4.18256
-4.30984
-5.97144
-4.26382
-13.9719
-2.64277
-2.11791
-10.4366
-7.19817
-9.38948
-11.7029
-12.0028
-10.3494
-2.70927
-2.45455
-3.74939
-2.57894
-2.59454
-24.5469
-4.5204
-15.6497
-2.23801
-1.55957
-1.46457
-3.32505
-2.16145
-4.91709
-10.6102
-14.1126
-7.60065
-17.3106
-17.2825
-4.41598
-3.328
-3.92189
-7.44959
-4.53598
-15.656
-6.14501
-2.53874
-18.2087
-19.9321
-3.34008
-20.9071
-6.20135
-1.91586
-7.01047
-1.07772
-5.45541
-2.15902
-2.19108
-4.42971
-8.93318
-2.94263
-1.21641
-38.406
-1.78852
-10.5949
-11.7837
-5.85283
-2.57533
-12.4733
-25.8795
-6.14438
-1.92905
-25.071
-10.8315
-5.63783
-13.8857
-8.70958
-11.6395
-3.76767
-12.8183
-12.9394
-8.91258
-5.06944
-3.99382
