-0.001782
-0.0025945
-0.0013636
-0.0002389
-0.0022905
0.00168975
-0.0019048
-0.0014226
-0.0072202
-0.0038249
0.00202736
-0.0020805
0.00032259
-0.0008959
-0.0081818
0.00058825
-0.0057658
-0.0066976
-0.0065198
-0.0038889
0.00166667
0.00035371
0.00481865
-0.0026582
-0.0060551
-0.0124867
0.00110121
-0.0004167
0.00046319
-0.006185
-0.0032353
-0.0005758
0.00156626
-0.0035135
0.00030174
-0.0064103
-0.0030332
0.00148937
-0.0048248
-0.0104081
0.00509202
-0.0114446
-0.003267
-0.0093104
-0.0021654
-0.0025142
-0.0003397
-0.011164
-0.0027758
-0.0093705
0.00096046
-0.0067038
0.00098084
-0.0003397
-0.0044546
-0.0056658
0.00023711
-0.0005386
-0.004519
-0.0032248
-0.0104842
-0.0081405
-0.0022631
-0.0090931
-0.0103666
-0.0029534
-0.0004167
-0.0013636
-0.0059652
-0.0011248
-0.0007759
-0.0034983
-0.0015425
-0.00357
-0.0050754
-0.0036308
0.00338478
-0.004785
-0.0022512
-0.0067742
-0.0035983
-0.0020747
-0.0078572
-0.0010497
-0.0044231
-0.0078784
-0.0051515
-0.0064765
-0.0033883
-0.0032743
0.00043713
-0.0030719
-0.0060584
-0.0032053
-0.0046893
-0.0069903
-0.0051515
-0.0062721
-0.0013519
-0.00726
-0.0101258
0.00419448
-0.0011111
-0.0045379
-0.0040693
-0.0018906
0.00617347
-0.0056424
-0.0004895
0.00077279
-0.0051934
-0.0025392
-0.004966
-0.0063728
-0.0094731
-0.0062602
-0.0013379
-0.002513
-0.0009091
-0.0046291
-0.0032626
0.00019608
-0.0017021
0.00024391
-0.0029032
-8.65e-05
0.00271401
0.00204544
-0.0011358
0.00240779
-0.0031406
-0.001879
-0.0073482
-0.0007914
0.00299723
-0.0126191
-0.0039485
-0.0026437
-0.0069491
-0.0078971
-0.0050376
0.00255585
0.00031811
-0.0018153
0.00021738
0.00346406
-0.0053453
-0.0007759
-0.0044927
-0.0006809
-0.0089701
0.00194478
-0.0069286
0.00247178
-0.0064671
0.00069287
0.00231755
-0.001919
0.00087591
-0.0093799
-0.0014548
-0.0050638
-0.0058046
-0.0011483
-0.005855
-0.000274
-0.0046199
-0.0023839
-0.0037712
-0.0027907
-0.0120994
-0.0051934
-0.0028535
-0.0034146
-0.0073697
0.0025926
-0.0015875
-0.0025392
-0.002766
0.00051633
-0.0011483
-0.0048026
-0.0082025
0.00029126
0.00395771
-0.0010497
-0.0006762
-0.0001868
-0.0010294
0.00311136
-0.0039373
-0.012648
0.00168397
-0.0018407
-0.0022087
-0.0051261
-0.0038037
-0.0042631
0.00062135
-0.0046789
-0.0009756
-0.0054028
3.734e-05
0.00422799
0.00014238
-0.0051707
0.00211714
-0.0006061
-0.0023318
0.00158486
-0.0013636
-0.0042421
-0.0071233
-0.000514
-0.0018765
-0.0061638
-0.0033136
-0.0041844
0.00044205
-0.0017801
-0.0043062
0.0004306
-0.0087166
-0.0058192
-0.0044665
-0.0010254
-0.01
3.983e-05
-0.0036986
0.00136068
0.00052132
-0.0059236
0.00054624
0.00204544
-0.0003413
-0.0028
-0.0008025
-0.0025313
-0.0028957
-0.0008108
-0.0044033
-0.0023153
0.00131946
-0.0042349
-0.0045379
-0.0077112
-0.0031579
-0.0021827
-0.0013895
-0.0058013
-0.0021066
-0.0052543
-0.0027226
-0.0042303
-0.0022574
-0.0128426
-0.0057563
2e-08
-0.0003551
-0.0022222
-0.0015607
-0.0011789
-0.0021012
-0.0023181
-0.0017955
-0.001194
0.00279094
0.0003978
0.00037305
-0.0092771
-0.0045696
-0.0043646
-0.0035746
-0.006529
-0.001076
-0.0030246
-0.0038568
0.00355532
-0.0004046
0.00354145
-0.0028205
-0.008868
-0.0033333
-0.003369
-0.0100446
-0.002487
0.00136692
-0.003369
-0.0063711
-0.0027758
-0.0016822
-0.0045986
-0.0039751
0.00131381
-0.0075801
-0.0047392
-0.0010974
0.0010072
0.00130436
-0.0033511
-0.0080587
-0.0040597
-8.97e-05
-0.0007399
-0.0045455
0.00135449
-0.0013207
-0.000333
-0.002766
-0.0028023
-0.0048148
-0.0015741
-0.0004651
0.00343185
-0.0045279
-0.0035746
-0.0048063
-0.0133237
-0.0051515
-0.0015979
-0.0002041
-0.0011732
-0.0068067
0.00177801
-0.0020614
-0.0004167
-0.0063711
-0.0107852
-0.0051515
-0.0023267
-0.0122805
-0.0059314
-0.002959
-0.002926
-0.0005386
-0.0031737
-0.0029717
0.0023077
-0.0075439
0.00045801
-0.0040187
-0.0007181
0.00083501
-0.0026449
-0.0046277
-0.0065913
-0.0058312
-0.0066666
-0.0053374
-0.0023077
0.00284434
-0.0027388
-0.0010024
0.00032649
0.00012347
-0.0035318
-0.0102558
-0.0004167
-0.0020048
0.0019075
-0.0046893
-0.000101
-0.001976
0.00150142
-0.0053374
0.00090911
-0.0030719
-0.0031435
-0.0018421
-0.0046879
0.00392097
-0.0002975
0.00030174
-0.002285
-0.0089394
-0.0021803
-0.0029032
1.661e-05
-0.0018064
0.00218752
-0.0013508
-0.0001465
0.00158778
-0.0002669
-0.0010701
-0.0004167
0.00032259
-0.01019
-0.0078947
-0.0051679
-0.0084545
-0.0072764
-0.002
-0.0018483
-0.0026262
-0.0068831
-0.0022699
-0.0019177
-0.0016822
0.00130435
0.00096776
0.0010314
0.00053029
-0.006835
-0.0006101
0.00560439
0.00797571
0.00393939
0.00285715
0.00823943
0.00165674
-0.0259643
0.00335548
0.00173554
-0.0010024
0.0036575
0.00452555
0.00169631
-0.003245
0.00498746
0.00267938
-0.0025
0.00266506
0.00278848
0.00506173
-0.0017371
0.00265605
-0.0002041
-0.0569165
0.00484536
0.00502487
0.00869068
-0.0045119
0.00306358
0.00303134
0.00143837
-0.0017647
0.00226805
0.003135
0.0023077
0.00545971
-0.0001302
0.00024393
0.00151641
0.00590583
0.00338624
0.00446749
0.0059432
0.00561884
-0.0016129
0.0011894
0.00399399
0.00075503
0.00349241
0.00280575
3.322e-05
-0.0014286
0.00145301
0.00361702
0.00117647
0.00578059
0.00801989
0.00159666
-0.0005541
0.00531616
0.00511599
-0.0305405
-0.000453
0.00443672
0.00253731
0.00280575
0.00624766
-0.0196618
0.00232738
-0.0002041
0.00224804
-0.0026382
0.00530555
0.00253732
-0.0092308
0.00238579
-0.0027119
0.00411765
4.27e-05
0.00289773
0.003576
-0.0160869
0.00065418
0.00240505
0.00280574
-0.0015385
0.00515739
0.00568965
0.00046319
0.00845968
0.0049431
-0.0013475
0.00075503
-0.0112766
-0.0009649
-0.020303
0.00038459
0.00586777
-0.003294
0.00133451
-0.0006101
0.00300698
0.00198399
-0.0110526
0.00123767
0.00161426
0.00384614
0.0086511
0.0001961
0.00854518
0.0062733
0.00041532
0.00116349
0.00238304
0.00557522
-0.0007914
0.00115046
0.00284694
0.0010828
-0.0002459
0.00210822
-0.0094805
-0.058182
0.00621689
0.00573561
-0.0038889
0.0033222
0.00235475
0.00227799
-0.0032979
0.00492386
0.00481865
0.00320499
0.0053271
0.00218748
-0.0082927
0.00186993
0.00435028
0.00166667
0.00568965
0.00096046
0.00832955
0.0016318
0.00824397
0.00691358
-0.204286
0.00192465
-0.0057658
0.0026874
0.00029126
0.00100259
0.00069765
-0.0023457
-0.0024114
0.003007
0.0065338
0.00398316
0.00461642
0.00134201
0.00564586
0.00226805
0
0.00228793
0.00213485
0.00167824
0.00396135
0.00545971
0.00245281
-0.0003896
2.848e-05
0.00575822
0.00271846
0.00531066
-0.0020482
0.00449794
0.00176279
0.00105146
-0.0025448
0.0032341
-0.0037457
0.00334221
0.00221788
0.00162012
0.00390987
-0.0021212
0.0032341
0.0047644
-0.001254
0.002966
0.00553571
-0.0025786
-0.0019205
0.00312713
0.00123767
-0.0027524
-0.0042045
0.001453
-0.0011111
-0.0044168
-0.0057657
-0.0007095
-0.0016279
-0.0054242
-0.0050376
0.00012347
-1.11e-05
0.00071208
-0.0014025
-0.0027841
-3.77e-05
-0.003597
-0.004881
0.00082567
-0.0021765
-0.004
0.00078947
0.00106146
0.0015561
-0.0015075
-0.0034995
0.00043061
-0.0050943
-5.59e-05
0.00078344
-0.0046879
0.00034983
-0.0114724
0.00241605
-0.0061074
-0.0028806
0.00117973
-0.001611
-0.0060735
-0.0018279
-0.0013508
-0.001976
-0.0082584
-8.97e-05
-0.0011386
0.00312715
-0.0033333
0.00086297
-0.0047727
-0.0044231
-0.0023001
0.00241468
-0.0059575
-0.0103161
-0.0148918
-0.0019436
-0.005625
-0.0038696
-0.0003762
-0.0047239
-0.0017271
-0.002973
-0.0005634
-0.008315
-0.0064158
-0.0038568
0.00466951
-0.0017925
-0.0007239
-0.0031062
-0.0057005
-0.005942
0.00047618
0.00368687
-0.009037
-0.00373
-0.0067464
-0.0022282
-0.0033495
-4.47e-05
-0.0069231
-0.0027931
-0.0058563
-0.0046138
-0.0126461
-0.0028617
0.00166668
-0.0031894
-0.0050602
-0.0026262
0.00226519
-0.0006258
-0.0106897
-0.0017521
-0.0079258
-0.002848
-0.0079153
0.00412456
0.0011616
0.00421296
-0.0004712
-0.000627
0.00153437
-0.0055131
-0.0073054
-0.0114133
-0.0028205
-0.0076056
0.00083619
-0.0053061
0.00299065
-0.0036646
-5.03e-05
-0.0050754
-0.0037143
-0.0039335
-0.0003806
0.00048915
0.00150486
-0.0070068
-0.0008173
0.00056602
0.00029126
-0.00443
-0.0054242
0.00107145
-0.0104604
-0.0068067
-0.0016009
0.00223086
0.00130436
-0.0026316
-0.0078117
-0.0070843
-0.0056424
0.00150745
-0.0062981
-0.0038741
-0.0014286
-0.0010294
-0.00503
-0.002959
0.00306516
-0.0094611
-0.0112528
0.00072167
-0.0035952
-0.0033011
-0.004944
-0.0062413
-0.0038004
-0.0029171
-0.0038741
-0.0048026
-0.0069205
-0.0010193
-0.0007991
0.00255585
-0.0013475
-0.0046104
-0.0046893
0.00077734
-0.0044546
-0.0047059
-0.0003448
-0.0074781
-0.0102276
-0.0006383
-0.0012721
-0.0061725
-0.0121703
-0.0070395
-0.0006838
-0.0034228
-0.0115053
-0.009536
-0.003253
-0.0014796
-0.0031724
-0.0017647
0.00174529
0.00022004
0.00054624
-0.0063711
-0.0041066
-0.0043885
0.00459459
0.00316629
-0.0085873
0.00158651
-0.0018483
-0.0009439
0.00062916
-0.0029032
-0.0042232
-0.0014679
0.00056602
-0.0002987
-0.001889
-0.0015075
-0.0033186
0.00038459
0.00152541
-0.0054278
-0.0045311
-0.0008565
-0.0076545
-0.00359
-0.0003858
-0.0069876
0.00134198
-0.0063755
-0.0069082
-0.0031004
-0.0043885
-0.0055441
-0.0011266
-0.0071278
-0.000279
-0.0089959
-0.0035416
-0.0031108
-0.0046863
-0.0045631
-0.0062514
-0.0064474
-0.0072018
-0.007744
-0.0034804
-0.0046341
-0.0096078
-0.0048588
-0.002513
0.00119498
-0.0076991
-0.0022951
-0.0032075
0.00242425
-0.0022951
-0.0042303
-0.0086722
0.00055614
-0.0017146
0.00039489
-0.0076565
-0.0011224
-0.0011732
-0.0054211
-0.0023596
-0.0042421
0.00120602
0.00568965
0.00507389
-0.0022699
-0.0073697
-0.0035983
-0.00375
0.00089877
0.00344262
-0.0035558
-0.0044766
-0.0050812
-0.0040515
0.00035371
-0.0053846
-0.0026422
-0.0004167
-0.0008696
-0.0018421
0.00054054
-0.000101
-0.0021212
-0.0012486
-0.0010837
-0.0026582
0.00429387
-0.0003896
-0.0038249
-0.0013636
-0.0041921
0.00341383
0.00148028
-0.007418
0.00056602
-0.0053139
-0.0004167
0.00263159
-0.01
-0.0062381
-0.0026126
-0.0069731
-0.0003627
0.00248122
-0.0035747
-0.0119072
-0.0017925
-0.0031233
-0.0040187
-0.0007875
0.00147728
0.00244714
-0.0021816
-0.0033883
-0.0040998
-0.0069491
0.00126638
-0.0025714
0.000625
-0.0085387
-0.0026743
-0.0010585
-5.74e-05
-0.0004058
-0.003245
0.00365752
-0.0018026
0.00270073
0.00078813
0.00097065
-0.0011857
-0.0045228
0.00142553
0.00048625
-0.0007411
-0.0021145
-0.0014703
-0.0050273
-0.0014943
-0.0004408
-0.0047392
-0.0073268
0.00038462
-0.0025571
-0.0026716
-0.0010619
-0.0060692
-0.0023874
-0.006129
-0.000627
0.00041915
-0.0004895
-0.0020644
-0.0022117
-0.008847
-0.003683
-0.0040515
-0.0011111
-0.0103426
0.00118388
-0.00321
0.00294947
-0.0045103
-0.0006045
-0.0043266
-0.0016686
-0.0042077
8.675e-05
-0.0052284
-0.0063522
-0.0017188
-0.0022075
-0.0092307
-0.0086916
-0.00566
-0.0079641
-0.0083486
-0.0045089
-0.0084545
1.25e-05
0.00089877
-0.0052144
-0.0034529
-0.0001237
-0.0096078
0.00201064
-0.007647
-0.0107039
-0.0007785
0.00028076
-0.0011111
-0.002931
-0.0013754
0.00063475
9.902e-05
8.265e-05
-0.000279
-0.0029534
-0.007585
-0.0085811
-0.0050943
-0.0046628
-0.0011111
-0.0027737
-0.0005153
-0.0011111
-0.0094301
-0.0028205
-0.0060772
0.00022348
-0.0044231
0.00427262
0.00212598
-0.0012613
0.00515739
0.00270074
0.0057492
0.00477806
0.00399759
0.00288254
0.0086226
-0.0566666
9.899e-05
0.00281439
0.00051009
0.00204242
-0.0062162
0.00233716
0.00095608
0.00405941
0.00560062
0.00393204
0.00468085
-0.0669231
0.00386503
-0.00275
-0.005625
0.00127183
0.00604743
0.00172577
0.00358975
0.00317407
0.00609375
-0.0021951
0.00667036
0.00137934
0.00123904
0.00283152
-0.0048515
0.00449339
0.00475524
0.00196787
0.00686028
0.00854373
-0.0035135
0.0087148
-0.0030435
-0.0006809
0.00126638
0.00222798
0.00102133
0.00243568
0.00597642
0.00556541
0.00218747
0.005
-0.0316666
0.00864012
0.00688474
-0.0040056
0.00455041
0.00313894
-0.0002828
-0.0013852
0.00019609
0.00593496
0.00441341
-0.0021951
0.00515152
0.00365078
0.00164345
0.00437149
0.00206348
-0.0065746
-0.0081071
-0.0042857
-0.0004167
0.00552573
0.00293286
0.00462366
0.00824397
-0.0132558
-0.001782
0.00189191
0.00848097
0.00828801
0.0027536
0.00277977
0.00137933
0.00488927
-0.0007527
0.00520384
0.0041452
0.00874799
0.00514563
0.00621643
0.00393939
0.00127905
0.00369483
0.00597855
0.0047644
0.0020635
0.00561777
-0.0034995
0.00848578
0.00812662
0.0062756
-0.0041844
0.00269008
0.00136692
0.00342105
0.00726028
0.0087148
0.00323563
0.00444444
0.00395771
-0.0172727
0.00025974
-0.0233334
0.00723757
-0.0045986
0.00864503
0.00454546
0.00534884
-0.002987
-0.00025
0.00595142
0.0049431
0.00240504
-0.09
-0.0063935
0.00823714
0.00288254
0.00090912
0.00245281
0.00012347
-0.0081818
0.00384237
-0.0021951
-0.0147934
0.00272195
0.00242425
0.00312715
0.00112423
0.00361024
0.00257056
0
0.00328859
0.00642432
0.00825299
0.00226804
-0.0002564
-0.04
0.00668252
0.00477352
0.00076921
0.0014005
0
0.00214658
0.00062498
0.00513777
0.00359795
0.006633
0.0086873
0.00453552
0.00234692
0.00538461
-0.0044231
0.00427481
0.00032257
-0.007316
-0.0002339
0.00725
0.00110319
-0.0034228
0.00515152
-0.0047601
0.00475524
0.00513974
-0.0435714
0.00454298
0.00137933
0.00068901
-0.0006383
0.00565847
0.0053917
0.00437149
-0.0185714
-0.0130769
-0.0072414
-0.0005263
-0.0015607
0.00031605
0.00285715
-0.006109
0.0004963
0.00015317
-0.0007527
-0.0012219
-0.0051515
-0.0055602
-7.84e-05
0.00488054
0.00282642
0.00037305
-7.84e-05
6.209e-05
0.00378882
-0.0045808
-0.0018343
-0.0040105
-3.34e-05
-0.0028056
-0.0083908
0.00229582
-0.0058537
-0.0006724
-0.0043965
-0.0053341
-0.0034228
0.0008257
-0.0106522
-0.0025874
-0.0025427
-0.0013122
-0.0067742
-0.0060256
0.00125685
0.00054054
-0.0074673
-0.0030058
-0.0010619
-0.0030862
0.00067909
-0.0077215
-0.0055038
-0.0022399
-0.0107156
0.00133451
-0.0033495
-0.0050273
-0.0013765
-0.001236
-0.0010497
-0.0036364
0.00034336
-0.0045561
-0.0001925
-2.51e-05
0.00078813
-0.0064474
-0.0018765
-0.0009409
-0.0022282
-0.0011732
-0.0054839
-0.0007656
-0.0023181
-5.74e-05
-0.0004167
-0.0039065
-0.0004822
-0.0031108
-0.0023153
0.00076515
-0.0070213
-0.0058151
0.00029127
-0.0070279
-0.0027795
0.00454744
-0.0028655
-0.0047679
-0.0038151
-0.0116307
-0.0014286
-0.002024
-0.0004046
0.00424626
-0.0018906
-0.0053453
-0.0022905
-0.0070133
0.00337748
-0.0047965
-0.0079064
0.00178404
0.00145301
-0.0005932
0.00047619
-0.0016788
-0.0062107
-0.0016822
0.0024406
-0.0088034
-0.0011111
-0.0019826
-0.0027298
0.00194846
0.00127592
-0.0013379
-0.0007991
-0.0017057
0.00297894
-0.0010193
0.00248121
-0.0017494
0.00087221
-0.003947
-4.02e-05
0.00248122
-0.0109643
-0.0009409
-0.006279
-0.0022358
-0.0053846
-0.0036519
0.00015749
0.00038462
-0.0062162
-0.0105198
0.00252802
-0.0037858
-0.0049863
-0.0004651
-0.0006724
-0.0041066
0.00223086
-0.0027877
6.624e-05
-0.0056862
-0.0045576
0.00059927
-0.0105011
-0.0006525
-0.0042349
-0.0031005
-0.0017371
-0.0003687
-0.0019436
-0.0015681
-0.0005263
-0.0044033
-0.0071957
-0.0045279
-0.0067911
-0.0030332
0.00029126
-0.003363
9.902e-05
0.00063475
-0.0033156
-0.0034855
-0.002931
-0.0004167
0.00332592
-0.0023042
-0.0039969
-0.0046341
-0.0031579
-0.0012245
-0.0046893
-0.0114844
0.00118942
-0.0094884
0.001128
0.00085716
-0.0008814
0.00047619
-0.0018279
-0.0013452
-0.0015237
0.00219623
-0.0030797
-0.0025261
-0.0038445
0.0008257
0.0003978
0.00111901
-0.0049031
-0.0002669
0.00231755
-0.0043014
-0.005625
-0.0029032
-0.0039594
-0.0007785
-0.0060117
-0.0033333
-0.0067683
-0.0034615
-0.0030577
-0.0053122
0.00024918
-0.0001781
0.00163679
-0.0013519
-0.0004895
-0.0003245
-0.0057836
-0.0013754
-0.0031579
-0.000101
0.00142857
9.902e-05
-0.0052403
-0.0014566
-0.0008844
-0.0062932
-0.0069134
-0.0041844
-0.0042096
0.00033814
-0.0108334
-0.0004438
-0.0007858
0.00038463
-0.0024481
-0.0008254
-0.0065816
-0.0013519
0.00157897
0.00220488
-0.000158
-0.0023762
-0.0049413
0.00022004
-0.0042857
0.00357327
-0.0065913
-0.0045119
-0.0043014
-0.002987
-0.002012
-0.0065563
-0.0073796
-0.0073724
-0.000917
0.00104143
-4.47e-05
-0.0034983
-0.005873
-0.0059118
-0.0031446
-0.0023457
0.00200915
0.00110121
-0.0013169
-0.0047965
-0.0006101
-0.001976
-0.0044124
-0.0004384
-0.0056522
-0.0015473
-0.0012676
-0.0007875
-0.0035338
-0.0008173
-0.0019225
0.00179368
-0.0024294
0.00057717
-0.0032743
-0.0070032
-0.0054062
-0.0039065
-0.0034933
-0.0025427
0.00075145
-0.0060428
-0.0044445
-0.0083246
0.00211354
-0.0009289
0.00261992
-0.0020627
-0.0047727
0.00044587
-0.0040515
0.00037305
0.00064449
-0.0013872
8.675e-05
-0.003431
-0.0085471
-0.0017021
-0.0040187
-0.001976
-0.0052941
-0.0063935
0.00534342
0.00127183
-0.0022783
-0.0005263
-0.009979
-0.0011111
-0.0019177
-0.002848
0.00170125
-0.0021457
0.00273606
0.00127592
-0.0071184
0.00250935
-0.0033061
-0.005748
-0.0038593
-0.0052403
-0.0104081
0.00234692
0.00036401
-0.0018064
0.00174691
0.00153437
-0.0075782
0.004709
-0.0052403
0.00200915
-0.0080505
-0.0078572
-0.0027479
-0.0024434
0.00080458
0.00122805
-0.0004046
0.00542857
-0.0050116
0.00322034
-0.0041612
-0.0043805
-0.0077305
-0.0023711
-0.0022807
-2.23e-05
0.00212597
-0.0081598
-0.0018265
-0.0014943
-0.0024224
-0.0009356
-0.0031579
0.0004762
-0.0032979
0.00149455
-0.0034146
-0.0028068
-0.0005932
-0.00427
-0.0012475
-0.0009051
-0.0019582
-0.0017786
-0.0042518
-0.0033495
-0.0039771
-0.0039335
-0.0072839
-0.0021951
0.0040048
0.00090911
-0.0056862
-0.013426
-0.0031868
-0.0040056
0.00189461
-0.0046252
-0.0053509
-0.0021212
0.00452055
-0.0019047
-0.0079977
-3.35e-05
-0.0019047
0.00186046
-0.0070395
-0.0071429
-0.003431
-0.0034357
-0.0018577
-0.0052091
-0.0052838
-0.0010974
-0.0002041
-0.0032212
-0.0050603
-0.0004287
-0.0014068
-0.0006762
-0.002035
0.00025975
4.426e-05
-0.0027907
-0.0023609
-0.0041936
-0.0114396
-0.002474
4.976e-05
0.00385875
0.00241468
-0.0006383
-0.0024611
0.00079756
0.00103139
0.00273608
-0.0012219
-0.0014823
-0.0087431
-0.0107668
-0.0008814
0.00148936
0.00017684
-0.0037858
-0.0040086
-0.0064706
-0.0050479
-0.0111764
-0.0031233
-0.0039635
0.00354839
-0.0051844
-0.0024013
0.00127908
-0.0034378
0.00097293
-0.008412
-0.001065
-0.0002433
0.00054371
0.00149662
0.00055117
-0.0074216
-0.0028505
-0.0016414
0.00120602
0.00116998
-0.0023675
-0.0065289
0.00029126
-3.34e-05
-0.0035746
0.00413833
-0.006529
-0.0009375
-0.0064533
-0.0027931
0.00033296
-0.0050754
0.00208442
-0.0082992
-0.0028866
-0.0005422
-0.0004046
0.00374349
-0.0064474
-0.0048515
-0.0012475
-0.0002041
-0.0045252
-0.0044168
-0.0017521
-0.006109
-0.0010254
0.00246233
-0.0065746
-0.0044445
-0.0031332
-0.003986
-0.0017647
-0.0041677
0.00144386
-0.0020805
0.00217525
-0.0064513
-0.0014286
-0.0025
-0.000582
0.00054054
0.00048915
-0.0094805
0.00039999
-0.0042857
-0.0035593
-0.0062602
-0.008732
0.00244878
-0.0035841
0.00354145
0.00335548
-0.0033928
0.00219623
-0.0010011
0.00038462
-0.0035952
-0.000582
-0.002605
-0.0079894
-0.006149
0.0006542
-0.0075913
-0.0002339
-0.0018624
-0.0040187
0.00043061
-0.0026316
0.00113083
-0.0009529
-0.0058563
-0.0009409
-0.0014703
-0.0026582
0.00527745
-0.0008025
-0.0041177
-0.001889
-0.0030178
-0.0040998
-0.0044766
-0.0049254
-0.0046863
-0.0088903
-0.0029366
0.00080695
0.00100259
-0.0054185
0.0019571
-0.0038593
-0.0065484
-0.0052284
-0.0035542
-0.000977
-0.0066866
-0.0059915
-0.003253
-0.0055119
-0.0062866
0.00020673
-0.0029366
0.00026763
-0.0015304
-0.0034378
-0.0007991
-0.0038365
0.00043061
-0.0013207
-0.0039949
-0.0045834
0.00127183
-0.0006383
-0.0037825
-0.0050602
-0.0066113
-0.0050699
0.00031476
-0.0003093
-0.0030011
0.00224804
0.00437412
-0.0008401
-0.0027119
0.0026004
-0.0042349
-0.008759
-0.0043266
-0.0043415
0.00088541
0.00381188
-0.000219
0.00436936
-0.0042857
-0.0069671
-0.0009051
-0.0046843
0.0025926
-0.001378
-0.0041509
-0.0001138
-0.0027714
-0.0039276
-0.0126843
-0.0067189
0.0017184
-0.0053062
0.00033147
-0.0036986
-0.004881
0.00202129
-0.008315
-0.0043965
-0.0073697
-0.0054395
0.00058825
-0.0050812
-0.0032924
-0.0050699
-0.0038593
-0.0030293
-0.0073311
-0.0029564
-0.0072873
-0.0045985
-0.0074564
-0.0039335
-0.0036519
-0.0100308
-0.0092572
-0.0011111
-0.0098581
-0.0047895
0.00257688
-0.0014703
-0.0066898
-0.0010041
-0.0009756
-0.0035983
0.00051633
4.426e-05
-0.0017371
0.00374218
-0.0013798
-0.0039276
-0.0001781
0.00061032
-0.0025348
-0.001534
-0.0093133
-0.0022549
-0.005
-0.0038504
0.00531616
-0.003285
-0.001984
-0.0040845
-0.0028755
-0.0067539
-0.0059705
-0.0018483
-0.0062866
-0.0057728
-0.0063522
-0.004377
-0.0045138
-0.0050273
-0.00726
-0.0062866
-0.003269
-0.0047214
-0.0001695
-0.0035397
0.00067602
-0.0034831
-0.0026437
-0.0012924
-0.002605
0.00018233
-0.0029032
0.00437571
0.00231755
0.00111109
-0.0042566
-0.0036842
0.00077279
-0.0024481
-0.0065606
0.00019608
0.00126639
-0.0036674
0.00396864
-0.0059705
-0.0019048
-0.0055642
-0.0046291
0.00169261
-0.0031579
-0.0006242
-0.0104819
-0.0033333
-0.0003211
-0.003294
0.00178644
-0.0017801
-0.0078326
-0.0051844
0.0011991
0.00069767
0.00209037
9.902e-05
-0.0088903
-0.0066666
-0.0030719
-0.0046252
7.443e-05
-0.0003896
-0.008036
-0.0027168
0.00450549
0.00198166
-0.0063447
-0.0013636
-0.0041459
0.00373695
-0.0003704
4.426e-05
-0.0008578
-0.0036986
-0.0050376
-0.006129
-0.0053846
-0.0010565
0.00066391
-0.001976
-0.0010837
-0.0009091
-0.000453
-0.0046561
3.734e-05
-0.0033333
-0.0034529
-0.0037143
-0.0092555
-0.0071606
0.00075145
-0.0003762
-0.0084616
-0.0022616
-0.0051025
-0.0006383
0.00106146
-0.0067891
-0.0005485
-0.0074966
-0.0044578
-0.0003986
-0.0064975
-0.0015741
0.00345692
-0.0078571
-0.0082073
-0.0025
-0.0038675
-0.0001626
-0.0042653
-0.00221
0.00475341
-0.0014811
-0.0063398
-0.0069731
-0.0066415
0.00405647
-0.0021622
-0.0034048
0.00166668
-0.0036799
-0.0033495
-0.0025392
-0.0081582
-0.0044928
0.00133664
-0.0034159
-0.003253
0.00170125
-0.0070316
0.00039489
0.0005263
-8.65e-05
-0.00373
0.0003978
-0.0034146
-0.0043541
0.00011123
-0.0043626
-0.0062907
-0.002113
-0.0004275
0.00102567
-0.0008696
-4.47e-05
-0.0061663
-0.0098939
-0.0018026
-0.0031062
-0.0014679
0.00441341
-0.0004302
-0.0048571
-0.0007785
-0.0045889
-0.0018694
-0.0065518
-0.0757143
0.00171597
-0.000989
-0.0025628
7.443e-05
-0.0029702
0.00194478
0.00276112
-0.0102703
0.00069767
-0.0035593
-0.0044057
0.0002439
-0.0014192
-0.0054015
-0.0038445
-0.0047059
0.0001599
-0.0077215
-0.0049083
-0.0027065
-0.003597
-0.0044445
0.00128539
-0.0045503
-0.0102276
-0.0057005
-0.0045077
-0.0019617
-0.0076817
-0.006269
-0.0083487
-0.0061813
-0.0023203
-0.0036799
-0.0021506
-0.0006383
0.00084669
-0.0042672
-0.001325
0.00171597
-0.0001892
-0.0048936
-0.0029032
-0.0064706
-0.003285
-0.0021012
-0.0039373
0.00172412
-0.0014226
-0.0052778
-0.0004822
-0.0061055
0.00068901
-0.0044605
-0.0042857
0.00175826
-0.0108955
-0.0025
0.00058085
0.00051009
-0.0054162
-0.0017021
-0.0007671
-0.0047783
-0.0028068
-0.0033172
-0.0068394
0.00191685
-0.0065929
-0.0067364
0.00018406
-0.0042232
-0.0076991
0.00474238
-0.0009649
0.00094204
-0.0035135
-0.0041844
-0.0003093
0.00271592
-0.0141546
-0.0012867
-0.0042631
-0.003089
-0.0277359
-0.0133918
-0.0002857
-0.0019522
-0.0004167
-0.0007362
-0.0004058
-0.0075182
-0.0077353
-0.0069902
-0.0007034
-0.0056951
-0.0019047
-0.0055317
-0.0038249
-0.0071674
-0.003253
-0.0015942
-0.0042857
-0.0012924
-0.0067364
-0.0051515
0.00121705
-0.0014155
-0.0076545
-0.0004575
-0.0043198
-0.003544
0.00188091
-0.0108045
0.00025341
0.00231755
-0.0118879
2e-08
-0.001236
-7.2e-05
-0.0036986
-0.0027524
-0.0018846
-0.0048423
-0.0081818
-0.0089036
-0.0025571
0.00057594
-0.0086782
-0.0074165
-0.0063398
-0.0031579
-0.0017494
0.00538639
-0.0043312
-0.0068634
-0.0022905
-0.0043805
0.00124726
-0.000279
-0.0018279
-0.0009589
-0.0021066
-0.0008108
-0.0072973
0.00183195
0.00239131
-0.0019205
0.00410378
-0.0023153
-0.0037405
-0.0081582
-0.0067715
0.00013157
-0.001335
0.00203187
0.00200915
0.0035567
-0.004785
-0.0041732
-0.0072414
0.00184782
0.00172187
-0.0042349
-0.0010193
-0.0033928
-0.0015062
-0.0051363
0.00201064
-0.0015473
-0.0065289
0.00219623
0.00148937
-0.006269
0.00287748
-4.31e-05
-0.0053173
0.00034482
-0.0021012
-0.0030039
0.00474238
0.00036144
-0.0031724
-0.0002157
0.00451153
-0.0025285
-0.0045349
-0.0015207
-0.0002273
0.00271846
-0.0021951
0.00571735
-0.0019565
-0.0003093
-5.74e-05
-0.0003306
-0.0073913
-0.0035288
0.00235181
-0.0023457
-0.0004322
-0.0080467
-0.0043149
-4.47e-05
-0.0145232
-0.0034983
-0.0011662
-0.0003306
-0.0049597
-0.0101149
-0.0065876
-0.0073611
-0.0050699
0.00106001
0.00339934
-0.0027315
-0.0003448
-0.0035275
-0.0076322
0.00068682
-0.0022495
0.00179368
-0.0045455
-0.0042349
0.0018831
-0.0044231
-0.0009439
-0.004068
0.00478261
-0.0117391
0.00396864
-0.0067065
-0.0023796
-0.0064706
0.00066509
0.0009502
-0.0038408
-0.0088235
-0.0075824
-0.0047524
-0.000989
-0.0047727
0.00079756
-0.0021413
-0.0083968
0.00058577
-0.0049254
0.00222799
0.00120878
-0.0015668
-0.007403
-0.0047059
-0.0051707
-0.0059817
-0.0028068
-0.0015942
-0.0047711
0.0004762
-0.0052594
-0.0004384
-0.0080723
-0.0066469
-2.23e-05
-0.0001317
-0.0130643
0.0008616
-0.0021317
0.00038463
-0.003431
0.00168975
-0.0015607
-0.0036986
-0.0024138
-0.0026103
-0.0040306
0.00060542
-0.0072662
-0.0047895
-0.0076601
-0.0002389
-0.0075234
-0.0028342
-0.0025786
-0.0016667
-0.0077515
-0.0028205
-0.002844
-0.0066898
-0.0016883
-0.0019617
-0.003089
-0.0082481
-0.0071233
-0.0145399
0.00165509
-0.0073293
-0.0012924
-0.0096592
-0.0016279
-0.0006383
0.00334074
-0.0068421
0.00289102
-0.0020919
0.0016318
0.00156626
-0.0023288
-0.0018279
-0.001782
-0.0044928
-0.0021457
0.00052132
0.00017469
-0.0043198
-5.59e-05
0.00019605
-0.0002696
-0.0035802
0.00271846
-0.0007642
5.524e-05
-0.0063935
-0.0012108
-0.0021279
-0.0036799
-0.0094286
-0.003468
-0.0019436
-0.000158
4.426e-05
-0.006092
0.00261992
-0.0016086
0.00016391
-0.0006952
-0.0041921
-0.0061117
-0.0072414
0.00311136
0.00056602
-0.0011607
-0.0027273
-0.0072413
0.001684
0.00491353
0.000878
-0.001611
-0.0004712
0.00067909
-0.0019284
0.00620733
-0.0029171
0.00300701
-0.0043805
-0.0010294
-0.0020482
-0.0047276
-0.0080791
-0.0026874
0.00255321
-0.0004634
-0.0016883
-0.0014679
-0.0043603
0.0004762
0.00325084
-0.01
0.00272195
0.00022348
0.00069287
-0.0015911
-0.0023153
0.00075145
0.00146342
-0.0075439
-0.0014108
-0.004966
-0.0053649
-0.0095531
-0.000929
-0.0013452
-0.0024858
0.00107143
-0.0081818
-0.0042857
-0.0024294
0.00181444
-0.001583
-0.0006635
-0.0030378
-0.0072085
-0.0014548
-0.0014943
-0.0006724
-0.0090972
-0.0075246
-0.0014345
-0.004652
0.00333333
0.00117973
-0.0011675
-0.0014025
-0.0030152
-0.000989
-0.0040127
0.00033817
0.00072643
4.975e-05
-0.0018483
-0.0121187
-0.0014155
-0.0014286
0.00252935
0.00201823
-0.0084276
-0.0026316
-0.0030952
-0.0066436
0.00024918
-0.003986
-0.0017096
-0.0044508
-0.0062224
0.00280576
0.00242426
-0.0077515
-0.0022699
-0.0062823
-0.0058344
-0.0033111
-0.0041936
0.00551569
-0.0018343
0.00179368
-0.0040845
-0.0053846
0.00128539
-0.0025471
-0.0020301
-0.0003627
-0.0077453
-0.0039635
0.00364408
-0.006109
-0.0100401
-0.007316
0.00119716
-0.0065606
-0.0037157
-0.0056424
-0.002513
-0.0032802
0.00239131
-0.001325
0.0004963
0.00317872
0.00015469
-0.0057233
0.00153437
0.00222223
-0.0001596
0.00082569
1.112e-05
0.00096046
0.00217876
-0.0114008
-0.0005105
-0.0022549
-0.0059574
6.209e-05
-0.0009091
-0.0108333
-0.0005017
-0.0054494
-0.0095312
0.00081163
-0.0068196
-0.0104313
-0.0042857
-0.0005263
-0.0044766
-0.001065
0.00033296
-0.0072216
-0.0015911
-0.000596
-0.0021012
0.00011531
0.00056602
-0.0033658
-0.0020087
-0.0022358
-0.0037931
0.00140707
-0.0011857
-0.0025471
-0.0033983
-0.0084757
-0.0055844
0.00093655
-0.0024858
0.00059927
0.00025975
-0.0034021
-0.0045682
-0.0104865
0.00421965
-0.0018421
-0.0079028
-0.0052672
-0.0014823
-0.0036674
-0.0055211
-0.0018343
-0.0047214
-0.0022699
-0.0065016
-0.0019957
-0.0049626
0.00037434
-0.0010957
0.00173555
-0.0043003
0.00421966
-0.0039211
0.00089729
-0.0074263
-0.0001112
-0.0059574
-0.0024095
0.00514563
-0.0006101
-0.0039335
-0.002766
-0.002766
0.00057594
-0.0023119
-0.0051163
-0.0048741
-0.0061765
-0.0077112
-0.0077706
0.00078344
0.00036144
-0.003294
-0.000582
-0.0004012
-0.000989
-0.0036986
-0.0017035
-0.0015607
0.00337748
-0.0011483
-0.0055441
-0.0035135
-0.0006157
-0.0057767
0.00076211
-0.0049031
-0.004574
-0.0035593
-0.0002669
-0.004652
-0.0033156
-0.0078817
0.00119498
0.00062135
-0.0057576
0.00055614
-0.006835
-0.0083947
-0.0038313
-0.0007914
-0.0025945
-0.0033658
-0.0021547
-0.004218
-0.0092514
-0.0045228
-0.006911
-0.0079325
-0.0016279
0.00162302
-0.0068196
-0.0044144
-0.0055317
-0.0043738
0.00505563
0.00255321
0.00180329
-0.0060257
0.00234137
-0.0094174
-0.0041025
-0.0062224
-0.0023762
0.00227799
-5.03e-05
-0.0030933
-0.0010159
-0.0062933
-0.0016054
3.734e-05
0.00162679
-0.0107715
-0.002926
-0.0027119
-0.0029241
0.00067359
0.00015317
-0.0065681
-0.0021827
-0.0016897
0.0002439
-0.002113
0.00317406
-0.0026984
-0.0049813
-0.001465
0.00118942
-0.0038593
0.00112429
-0.0021803
-0.0018518
-0.0035135
-0.0036054
-0.0006952
-0.0124719
0.00081163
0.0001961
-0.0017845
0.00380421
6.209e-05
-0.0104708
0.00212599
-0.0043198
-0.007094
-0.0051679
-0.0028205
0.00538461
-0.0014155
-0.0064293
-0.0005485
-0.0041129
0.00093999
-0.0031313
-0.0027758
0.00302325
-0.0077824
-0.0051515
-0.0032114
-0.0001523
-0.000917
-0.000101
-0.0029564
-0.0013636
-0.0045414
-0.0038728
-0.002966
0.00122808
-0.0044181
-0.0021506
-0.0017925
-0.0046291
-0.0029534
-0.0052339
-0.0013798
-0.0092719
-0.0038741
-0.0072839
0.00460625
-0.0023584
-0.0010375
-0.006092
-0.0088679
-0.0048936
-0.0006952
-0.0024688
-0.0027021
-0.0005153
0.0001961
-0.0053846
0.00078344
-0.0053846
0.00078344
-0.0021066
-0.0007181
0.00135804
-0.0048048
-0.0067598
-0.0048148
-0.0036054
-0.0079153
-0.0017371
-0.0024481
-0.0064835
0.00165797
0.00471598
-0.0026582
-0.0155403
0.00064329
-0.0069271
-0.0025471
0.00018406
0.00050634
-0.0087354
0.0015561
-0.0009356
-0.00726
-0.0013754
-0.0072973
-0.0005263
-0.0011421
-0.0010345
-0.0015533
-0.0039211
0.00057717
0.00069287
-0.0039335
-0.0103426
-0.0049573
-0.0013285
-0.0037157
-0.0068919
0.00173554
0.00061661
-0.0032626
0.00023861
-0.0028617
0.00643281
-0.0030548
-0.0040541
0.00212599
-0.0032248
-0.0042631
-0.0011111
-0.0067866
0.00096776
0.00201064
-0.0036054
-0.0036055
-0.002848
-0.0015546
0.00489144
0.00209037
-0.0006242
-0.0034021
-0.0007181
-0.0043442
-0.0012486
-0.004068
-0.0038191
-0.0004895
-0.0010294
-0.0036842
0.00058577
-0.0078173
-0.0006007
-0.001919
-0.0005597
0.00159662
-0.0078082
0.00125685
-0.0021682
-0.0030152
-0.0082055
-0.0039535
-0.002766
-0.001544
-0.0043084
0.00089877
-0.0044404
-0.0046341
-0.0064975
-0.0031724
-0.0004322
-0.0013636
0.00257425
-0.0008565
0.0001099
-0.005674
-0.0062963
-0.0026449
0.0005263
-0.0009739
-0.0038593
-0.0047711
0.00024918
-0.0030058
0.00050201
-0.0018812
-0.0052047
0.00171269
-0.0132559
-0.0143902
-0.0035502
0.00074074
-0.0088053
-0.0085714
0.00031479
-0.0017801
-0.0050565
0.0010828
0.00029127
0.00176956
0.00210525
0.00470199
0.00209037
0.00449945
0.00433749
0.00368687
0.00682035
0.00306516
0.00372385
-0.0012782
0.00544419
0.00672668
0.00310346
0.00192465
0.00266054
-0.001655
0.00388379
0.00578059
0.00339936
0.00418605
-0.0021359
-0.002
0.00119498
0.005
0.0047644
0.00328859
0.00147121
0.00391172
0.0039302
-0.0037525
0.00372057
-0.0344445
0.00018233
0.0043899
-0.009802
0.00200915
-0.0011732
-0.0039535
-0.0043541
0.00509804
0.00274047
0.00200001
0.004614
0.00405647
0.00667036
0.00547511
0.00873374
-0.0042857
0.00493671
0.00633699
0.00226804
0.00272347
0.00462943
0.00027551
0.00621643
0.00045346
0.00566474
0.00548532
0.00272727
-0.0020068
0.00429387
0.00870178
0.005086
0.00847123
-0.0118978
0.00040767
0.0008676
0.00560439
0.00527187
0.00872541
0.00184151
0.00092972
0.00309153
0.00540229
-0.000582
0.00169437
0.00698795
0.00337017
0.00419445
0.00173555
0.00286987
0.0075522
0.00636364
0.00503302
-0.0001351
0.00183672
0.00099097
-0.0007992
0.00594595
0.00506782
0.00343185
0.00527745
-0.0052672
0.00750934
0.00100111
0.00332444
0.00393939
-0.0113904
-0.0035135
0.00494439
-0.0115827
0.00201823
-0.005748
0.00303946
0.00371069
0.00692514
0.00121264
0.00647059
0.00482535
0.00271401
0.00475065
-0.0019048
0.00859393
-0.0769565
0.00061914
0.00618321
0.00381443
-0.323584
0.00309551
0.00765795
0.0059128
0.00553059
0.00226306
-0.000661
-0.0545161
0.00575071
0.00021738
0.00402986
0.00310345
-0.0071429
9.902e-05
0.00062498
-0.0163158
0.00376948
0.0081875
0.00659864
0.0047479
0.00429224
0.00439462
0.00246233
0.00333332
0.00757609
0.00599466
0.0004988
-0.0017442
-0.0021029
0.00361022
0.0024731
0.0085
0.0053271
-0.0004167
0.003565
-0.0020482
0.00297013
0.00273608
0.00817022
-0.0018444
0.00560922
0.00293787
0.00723111
0.00266054
0.00115044
-0.0025392
0.00312715
0.00423077
0.0043074
-0.0035135
-0.133107
0.00273258
0.00107144
0.00343545
0.00503312
0.00207608
0.00525317
0.00509804
0.00338624
0.00242426
0.00546142
-0.0019048
0.00352751
0.00221792
0.00619048
0.00589322
0.0026686
0.00518459
0.00325843
0.00211047
-0.0130769
0.00351492
0.00598931
0.00345692
0.00026766
-0.0077975
-0.0061638
-0.014565
-0.0021457
0.00087355
-0.0036411
-7.2e-05
0.00351492
-0.0026422
-0.0049254
0.00071616
-0.0016279
-0.006529
0.00012076
-0.0049068
0.00175826
-0.0035685
-0.0061943
-0.0001925
-0.0075029
-0.0010565
0.0010828
-0.0023267
0.0013793
0.00036144
0.00026766
-0.0085714
-0.0068879
0.00074076
-0.0025142
-0.0028806
0.00038463
-0.0016649
-0.0043965
-0.0058103
-0.0087793
-0.0100708
-0.0039335
-0.0065975
0.00326145
9.899e-05
-0.0048402
0.0049431
0.00474376
-0.0033883
0.00282299
-0.0021528
0.00219767
-0.0071053
-0.0023839
-0.0065184
-0.0018919
0.00066391
-0.0028866
-0.0051668
-0.0112121
0.00398496
-0.0049254
0.00167532
-0.0035869
-0.0022951
-0.0015533
-0.0087032
0.00282051
-0.0019403
0.0027096
-0.0025261
-0.0036477
-0.001655
-0.0026292
-0.0075438
0.00286733
-0.0031233
-0.0023874
-0.0059292
-0.0045103
0.00275362
-0.0017271
-0.0065876
0.00074073
0.00347826
-4.47e-05
0.00318182
-0.0016129
-0.0027463
-8.97e-05
0.00263803
-0.0094805
-0.009174
0.00133664
0.00046319
-0.0027315
-0.0007143
-0.0069286
-0.0019306
-0.0023874
-0.0017371
-0.0010701
-0.0007692
-0.0003448
1.25e-05
-0.004379
-0.0031579
-0.0024575
-0.0122447
-0.0043541
-0.0055039
-0.003294
-0.0040127
2.216e-05
-0.009544
-0.011164
0.00242426
0.00142553
-0.0018343
-0.0025858
-0.0369799
-0.0031752
0.00044205
-0.0021951
0.00338478
-0.0077975
-0.0036646
0.00020977
-0.005873
-0.0120022
-0.0067911
-0.0036268
0.00094439
-0.001399
-0.0003359
0.00044584
0.00068325
0.00190285
-0.0051515
-0.0019048
-0.0103562
-0.0041844
-0.0023596
-0.0052403
0.00028076
-0.000687
-0.0023762
-0.0015425
-0.0010132
-0.0058228
-0.0046068
0.0014005
-0.0049573
0.00147728
-0.0034328
0.00331106
-0.0040351
0.000878
-0.0042653
0.00331104
0.00139783
4.975e-05
0.00086759
-0.0014226
-0.0037363
-0.0053631
-0.0043646
0.00352332
-0.0001138
-0.0047835
0.00026763
-0.0046252
0.00057594
0.00117277
-0.0048912
-0.0006762
-0.0048305
-0.00287
-0.0035135
-0.0025
0.00016395
-0.0064319
-0.0004603
0.00124726
0.00030174
-0.0033658
-0.0031737
-0.0004384
-0.0130415
-0.0023916
-0.0011386
-0.000101
-0.01
-0.0022087
-0.0038889
-0.0052478
0.0026829
-0.0022631
-0.0034953
-0.000558
-0.0012867
-0.0037931
-0.0019332
0.00210529
0.00090912
0.00129491
-0.0051188
-0.0002459
-0.0033172
-0.002069
-0.0057767
-0.0072413
-0.0041343
-0.0082927
-0.0003211
-0.0027877
0.00151516
-0.0084545
0.00117973
-0.0006952
-0.0019177
-0.0012486
-0.014917
0.00077489
-0.0035558
-0.0009489
-0.0015979
-0.001194
-0.0001123
0.00104143
-0.0019957
0.00014778
-0.0028957
-0.0071821
-0.0016773
-0.0056739
-0.0043312
-7.84e-05
0.00465955
-0.0067715
-0.0173632
-0.0023077
-0.0041388
-0.0041936
0.00131515
0.00263935
-0.0044124
0.00080158
-0.0089504
-0.0130216
-0.0041151
-0.0040086
-0.0067539
-0.0047276
-0.0054015
-0.0007527
-0.0004167
-0.005942
-0.0079641
-0.0023874
-0.0050565
-0.0079487
-0.0015385
-0.0048883
-0.0030486
-0.0021803
-0.0017899
-0.0023318
-0.0070697
0.00125685
0.0002344
-0.0074419
-0.0086782
-0.0036799
-0.0055587
0.00118388
0.00179486
-5.03e-05
-0.0058228
0.00287748
0.00225805
-0.0083968
-0.0066271
-0.0048741
0.00367089
-0.0089126
-0.0029199
-0.006129
0.00038463
-0.0041066
0.00280576
-0.0128802
-0.0052285
-0.0035635
0.0025816
-0.0039785
-0.0021951
0.00330358
0.0033687
-0.0040998
0.0011111
0.00164345
0.00143207
-0.0052941
-0.0048448
-0.0119653
-0.0083599
-0.0037552
-0.0054015
-0.0069312
-0.0031265
-0.0086916
-0.0112766
-0.0012475
-0.0083767
0.00057717
-0.0020192
-0.0014025
-0.0002389
0.00027026
-0.0002564
-0.002
-0.000101
-0.0035685
0.00282787
-0.0035318
0.00278497
0.00138991
-0.0052867
-0.0054762
-0.006269
-0.0003896
-0.0017801
-0.0003226
-0.0033333
-0.005625
-0.0034378
-0.0097531
0.00074074
-0.0063432
-0.0009356
-0.0010957
-0.0022358
0.00361022
-0.0023839
-0.0006635
-0.0026582
0.00108735
-0.0020968
-0.002766
-0.0037566
-0.0046082
-0.0034436
-0.0008303
0.00182839
-0.0041459
-0.0012994
-0.0014226
-0.0034408
-0.0046252
0.00464095
-0.0007034
-0.0027931
-0.0002041
-0.0046231
-0.0028572
-0.0036799
0.00356913
-0.0090275
-0.006129
-0.0043442
-0.0026183
-0.0034228
0.00249734
-0.0006157
0.00131381
-0.0107715
-0.0024481
-0.0028068
-0.0040024
-0.007291
0.00313501
0.00142857
-0.0033037
-0.0001911
0.00081633
-0.0038714
-0.002761
-0.0028655
0.00325084
0.00022004
-0.0049573
-0.0004773
-0.0044927
-0.0027168
-0.0070068
0.00324325
-0.0029564
-0.007115
-0.0033779
0.00082567
-0.0045834
-0.0079171
-0.0032231
0.00308758
0.00713877
0.00545816
0.00308758
0.00278847
0.00236641
-0.101111
0.00285715
0.00024391
0.00651375
0.0082619
-0.0173972
0.0036407
0.00547512
0.00629172
-0.0106186
-0.0014286
0.00463327
0.00587912
0.00130434
0.00135449
0.00760479
-0.0035135
0.008523
0.00844452
-0.0188215
0.00520454
0.0030362
-0.0030208
0.00279836
0.00171597
0.00638989
-0.0048515
0.00517491
0.00053628
0.00560439
0.00532522
0.00642857
0.00624123
0.00835335
0.00640288
0.00068323
0.00512195
0.0004042
0.00760867
-0.0019522
0.00390244
-0.0110526
0.00692308
0.00280574
-0.0334782
-0.0039535
0.00069765
0.00220781
0.00659477
0.00813188
0.0043662
0.00442896
0.00687987
0.00587403
0.00823714
0.00637162
0.00372385
0.00029127
-0.0001523
0.00408284
0.00723375
-0.0040845
0.00477807
0.00081515
0.00234302
-0.0046342
0.00183009
-5.03e-05
0.0047644
-0.0047783
-0.0076991
0.00782322
0.0027641
-0.0032743
0.0040547
0.00843248
-0.39
0.00416342
0.00251872
0.00358974
0.00527187
0.00575372
0.00462366
0.00740808
0.00534884
0.00567723
0.00547511
-0.0196618
0.00404762
-0.0134375
0.00621928
-0.01525
0.00176953
-0.0308163
-0.0038889
0.00577465
0.00725652
-0.0004439
0.00715505
0.00759946
0.00071926
0.00742981
0.00438202
0.00315069
0.0032341
0.00836304
0.00661521
0.00031605
0.00474376
0.00708455
-0.0092308
0.00516324
0.00245075
0.00161426
0.00498746
0.0086511
0.00268292
0.00738903
-0.0044928
-0.0083486
0.00388753
0.00370277
0.00619128
0.00406528
0.00575372
0.00799561
-0.0025523
-0.0015607
0.0086019
0.00530516
0.00814228
0.00322034
0.00203188
0.0032565
0.00466667
0.00239544
-0.017027
0.00437412
0.00837826
0.00431818
9.899e-05
0.00308335
-0.000582
0.00546828
0.00861363
0.00692514
0.00181444
0.00404762
-0.0022699
-0.0022699
0.004709
-0.0071991
0.00383285
-0.006129
0.00481193
0.003576
0.00498809
0.00764474
-0.0104082
0.00867473
0.00409158
0.00689286
0.00626168
0.0085845
0.00391481
-0.656666
0.00102133
-0.0038365
-0.004218
-0.0034831
-0.0002669
-0.0031965
-0.0024575
-0.0014548
-0.0015473
-0.0067464
0.00139783
-0.0037773
-0.0018421
0.00115043
-0.0066389
0.00227375
-0.0032576
0.00269184
0.00315069
-0.0006762
0.00016854
-0.002987
-0.0074966
-0.0022905
0.00268292
-0.0032053
-0.0042857
-0.0038365
-0.008952
-0.0036209
0.00026763
0.00267401
-0.0036308
0.0002558
-0.0055039
0.00059927
0.00422632
0.00248122
0.00118942
-0.0056862
-0.0026743
-0.0061943
0.00024918
-0.0096293
0.00327354
0.00143469
-0.0075631
-0.0084729
0.00210822
0.00123767
-0.0041304
0.00052776
0.00327354
0.002966
-0.003198
0.00392467
0.00032649
-0.003431
-0.002685
-0.0022783
0.00126094
-0.0019474
-0.0039186
-0.0039211
-0.0107156
-0.0055131
0.00458288
-0.0016144
0.00266506
0.00170617
-0.0039751
-0.0052566
-0.0076
-0.0025945
-0.0013519
-0.0052047
-0.0112766
-0.0119435
-0.0072786
-0.0038889
-0.0065816
-0.002285
0.00281611
-0.0033588
-0.0062272
0.00119498
0.00236643
0.00088837
3.734e-05
0.00101413
-0.0026582
-0.0003448
-0.0044284
-0.0019565
-0.0034969
-5.59e-05
-0.0014286
0.00436936
-0.0039535
-0.0005402
-0.0006952
-0.0087134
-2.86e-05
-0.0050943
0.00099098
0.00115043
-0.0005263
0.0005263
0.00094439
-0.0031195
0.00069766
-0.0019047
-0.0001351
-0.0044231
-0.0070316
-0.005625
-0.0021682
0.00339498
-0.0021803
-0.0053061
-0.0035468
-0.0053531
-0.0007181
-0.0069252
-0.005
-0.0060944
-0.0079064
-0.0004408
-0.0005597
-0.0083697
-0.0018407
0.00059141
0.00061034
-0.0071504
-0.0065631
-0.0021145
-0.0020747
0.00084248
-0.0067785
0.00328859
-0.0036519
-0.0100945
0.00176956
-0.0086263
-0.0005153
-0.0008254
-0.0038568
-0.0073116
0.00040511
-0.0140642
-0.0005882
0.00055614
-0.0037773
-0.001259
-0.0004287
-0.0110016
0.00368687
-0.0030785
-0.0026582
0.00142155
-0.004862
-0.0069491
-0.0003448
-0.0095122
-0.0001523
-0.0114286
-0.0071821
-0.003924
-0.0035746
-0.0030152
-0.0004712
-0.0039535
0.00186992
-0.001976
-0.0017271
0.00204544
-0.0010865
9.899e-05
-0.0066945
-0.0089781
-0.0046104
-0.0053005
-0.005464
-0.0020321
-0.0055688
-0.0057836
0.00219969
-0.0035416
-0.0003359
-0.0024844
-0.0056695
0.00075296
-0.001396
-0.0030152
-0.0077112
-0.0024224
-0.0126171
-0.00341
-0.0057563
-0.0022699
-0.0012613
-0.0038017
-0.0010497
-0.0073913
-0.009347
-0.0085951
-0.0024688
-0.0028535
0.001128
-0.0054015
0.00084437
0.00164053
0.00084669
-0.0057343
-0.0040306
-0.003369
-0.0003627
-0.0004166
-0.0004773
-0.0020337
-0.0047992
0.00030302
-0.0026728
-0.0012994
-0.0032653
-0.0026904
-0.0039103
-0.0066666
0.00170126
-0.0003493
0.00455536
-0.0045119
-0.0084971
-0.0003093
-0.0008992
-0.000989
-0.0008578
-0.0104082
-0.0167606
-0.0078359
-0.0027841
-0.0075439
-0.0049626
-0.0042077
0
-0.0094064
0.00030174
0.00077279
-0.008319
-0.0027298
-0.0026874
-0.0053509
-0.0019474
-0.0022951
-6.71e-05
-6.03e-05
0.00144386
0.00159666
-0.0046231
0.00182243
-0.0056438
-0.0004895
-0.0072065
-0.0014754
-0.0008933
0.0040048
-0.0077083
0.00141103
-0.0045279
0.00023711
-0.0053509
0.00261083
-0.0006258
-0.0021066
-0.0055728
0.00094439
-0.0019306
0.00011531
-0.0085186
-0.0021359
-0.002945
-0.0027021
-0.0074497
-0.0058192
-0.0091847
-0.0035558
-0.0072745
-0.0011902
-0.0042349
0.00354005
-0.0026761
-0.0051679
0.00130433
-0.0024417
0.00027026
-0.0041753
0.00097065
-0.0014464
-0.0010565
-0.0008043
-0.005625
0.00069767
-0.0026582
-0.0033136
-0.0006222
-0.0145536
-0.0051515
-0.0032013
0.0041657
-0.0015304
-0.0007671
-0.0005386
-0.009544
-0.0018694
-0.0022249
0.0036575
-0.0086335
-0.0365116
-0.0059314
0.00231755
-0.0049254
-0.0060772
-0.0002389
0.0004042
-0.0042045
-0.0043603
-0.0050943
-0.0037615
-0.0012613
-0.0020482
3.322e-05
-0.0005882
0.00198933
0.00292786
-0.0018064
-0.0045455
-0.0031233
0.00142553
0.0014712
-0.0012782
-0.0032597
-0.0042349
-0.0030548
-0.0029683
-0.0010193
-0.0052905
0.00337017
0.00261606
-0.0025
-0.0052566
0.00029126
-0.0011449
-0.0114797
-0.0063728
-0.0032626
-0.0080072
-0.0070316
-0.0065198
-0.0057563
-0.0010254
-0.0052778
-0.00375
-0.0017509
0.00207398
-0.0134742
0.00037305
-0.0007383
0.00421965
-0.0025427
0.0019571
-0.0067264
-0.0014566
-0.0025
-0.0035338
0.00069149
-0.0021951
-0.0097568
-0.0017994
-0.0067364
-0.0091638
-0.0071569
0.00102567
-0.0002041
-0.0024309
0.00176109
-0.0059901
-0.0016822
-0.0001123
0.00361702
-0.0057274
0.00258342
-0.001274
0.00048625
0.00218747
-0.0037566
-0.0002433
-0.00375
-0.0021951
-0.00125
-0.0052047
-0.006546
-0.0008992
-0.0014613
0.00356913
-0.0058982
-0.0034408
0.00128539
-0.0030152
-0.0033038
-0.0035468
0.00088837
-0.0053509
-0.0034474
0.00059927
-0.0004408
-0.0036157
0.00423964
-0.0007759
-0.01
-0.0062791
-0.0013519
-0.000989
-0.0011266
-0.0026103
0.00127592
0.00025975
-0.0073796
-0.0006635
-0.005025
0.00123767
-0.0023305
0.00311926
-0.0105762
2.216e-05
-0.0078571
0.00110319
-0.0021212
0.00028076
-0.0045631
-0.012113
-0.0038249
0.00056602
-0.0030952
0.00326145
-0.0033333
-0.0040086
0.00077279
-0.005873
-0.0030435
-0.0044124
-0.0031712
-0.0042119
0.00148936
0.0014005
-0.0070455
-0.0053677
-0.0055211
0.00017201
0.00087355
-0.0044778
-0.0072873
-0.0068539
0.0005263
-0.0023119
-0.0035841
-0.0048148
-0.0014584
-0.0002041
-0.0026728
-0.015266
-0.0008992
-0.0032451
0.00169437
-0.0007671
0.00103139
0.00031217
-0.0035135
-0.0021581
-0.0043149
0.00096046
-0.0002041
-0.0003926
-0.0053664
-0.003253
-0.0004575
-0.0050862
-0.005852
-0.0042132
-0.0037825
-0.0040024
-0.0021066
-0.0058192
-0.00849
-0.004675
-0.001658
-0.0013636
0.00379524
0.00122808
0.00117973
-0.0035416
-0.0146154
-0.0102775
0.00192733
-0.0021951
-0.0089394
-0.0042857
0.0014621
-0.0003896
-0.000274
-0.0048741
-0.002487
0.00245691
-0.0011248
-0.005873
-0.005493
0.00078813
0.00153569
-0.0040998
-0.0060366
-0.0050376
-0.0034529
0.00213485
-0.0002857
-0.0018343
-0.0029564
0.00014778
-0.0019306
0.00208442
-0.0050214
-0.0013765
-0.0060117
-0.0006724
-0.0058228
-0.0032353
-0.001655
-0.0060183
0.00176109
-0.0090311
-0.0012359
-0.0059901
0.00065422
-0.004827
0.0035567
0.00032259
-0.0026582
0.00018233
0.00285715
-0.0037844
-0.0069051
-0.000727
-0.004433
-0.0012676
-0.0052778
0.00158651
-0.006
-0.0026262
-0.003269
-0.0048699
-0.0001449
-0.0064835
-0.0078082
-0.0023675
-0.0017521
0.00318956
-0.001236
-0.002945
0.00041915
0.00184151
-0.0016822
-0.0003627
0.0002439
-0.0084697
-0.0047895
0.00020673
-0.0045576
-0.0018535
8.808e-05
-0.0001449
-0.0034159
0.00309392
0.00220488
-0.0043541
0.00021738
-0.0068954
-0.0068244
-0.0056919
0.00014238
0.0018699
0.00372647
-0.0014358
-0.0031233
-0.0037615
-0.0015703
-0.0080723
-0.0027226
-0.001325
-0.0009739
-0.0017302
0.00028076
0.00032259
-0.0040541
-0.0089504
-0.003431
-0.0063361
-0.002605
-0.0015274
0.00035371
0.0014676
-0.0069082
-0.0058344
-0.0020301
-0.0049597
-0.0007143
-0.0069683
-0.0016429
0.00190285
-0.0019565
-0.0014679
-0.0052381
-0.0104819
-0.007585
-0.000333
-0.0029534
0.00179368
-0.0097044
0.00202736
0.00068321
-0.0048741
0.00151516
-0.0009739
-0.0015425
0.00260823
-0.0018168
-0.0050565
0.00541984
-0.0005758
0.00441964
-0.0015875
-0.0016144
0.00136068
0.00283152
-0.0076871
0.00232455
-0.0006258
-0.0032548
-0.0008959
0.00060404
-0.0062703
-0.0064474
-0.0056739
0.00101122
-0.0055039
-0.0065119
-0.0048515
-0.005873
0.00063229
-0.003363
-0.0016279
-0.0041509
-0.0052009
-0.0037328
-0.0007785
-0.0034228
0.00318182
-0.0070068
-0.0030293
-0.0005708
-0.0064384
-0.0025786
0.00126638
-0.007094
-0.007316
0.00373041
0.0019725
-0.0004493
-0.0094301
-0.0015533
-0.0004031
-0.0025348
-0.0015321
0.00067359
-0.0092678
-0.0107254
-0.0010041
-1.11e-05
-0.0046444
-0.0061453
-0.0079283
-0.0055875
-0.0028342
-0.0007411
-0.0021951
0.00117973
-0.0046231
-0.0044927
-0.0036571
-0.0013636
0.00348534
-0.0086916
-0.0089874
0.00261083
-0.0040597
-0.0028056
0.00183195
-0.0032979
-0.0047601
-0.005213
-0.0019436
-0.0017647
-0.0040252
-0.0053483
0.00455337
-0.0017449
-0.0018343
-0.000627
-0.0017647
-0.0114067
0.00067909
-0.0015207
0.00681528
-0.000846
-0.0040306
-0.0005263
-0.0083697
-0.0022825
-0.0105696
-0.0024688
-0.0005263
0.00027777
0.00050635
0.00098084
0.00131515
0.00127592
-0.0012486
-0.0015183
-0.0032788
0.00136865
-0.0058537
-0.0088205
-0.003285
-0.0031233
-0.0017647
-0.0002459
-0.002012
-0.0008342
-0.0033011
-0.0016009
-0.0006258
-0.0036752
-0.0046277
-0.0064179
0.00140401
0.0027536
-0.0067464
-0.0108955
-0.0055763
0.00090912
0.00020808
-0.0021682
0.00034983
-0.0131481
-0.0020482
-0.0118488
-0.0084995
0.00075145
-0.0018765
-0.0019306
0.00121845
-0.003544
-0.0038696
-0.0044462
-0.0047783
-0.0044628
0.00156117
-0.0068454
-0.004675
-0.0011111
-0.0081612
-0.0063935
-0.001976
-0.0061663
-0.0014025
0.00342106
-0.0050987
-0.0062297
0.00159666
0.00173555
0.00136865
-0.0103252
-0.01649
0.00487179
-0.0012705
0.001121
0.00058577
-0.0038445
-0.003905
-0.0050538
-0.0059151
-0.0089099
-0.001879
-0.001325
0.00322799
-0.0066271
-0.0010701
-0.0017925
-0.0028342
-0.0046231
-0.003544
0.00409681
0.00373434
-0.0096078
-0.0049254
-0.0034228
-0.0049863
0.00046319
-0.0004167
-0.0034228
-0.0002506
0.00092972
-0.0012903
-0.0078572
-0.0088679
-0.0049893
-0.0111481
-0.0065681
-0.0053302
0.00053255
-0.0008108
-0.006149
-0.0043805
0.00134732
0.00067602
-0.0103562
-0.0001351
-0.0050812
-0.0045834
0.00170617
-0.0009622
-0.0030814
-0.0022164
-0.0042045
0.0008257
0.00415888
0.0027686
0.00453552
0.00145301
-0.0005153
0.00273102
-0.0068161
-0.0039319
-0.0094805
-0.0016732
0.00129173
-0.0039211
-0.0028505
-0.0048063
-0.0034831
-0.003369
-0.0039417
-0.00359
-0.0031108
-0.007134
-0.0035288
-0.0015875
-0.0018624
-0.0085449
-0.0059574
-0.0026422
-0.0007914
0.00088839
-0.0020482
0.00165509
-0.0036139
0.00079756
0.00226519
0.00137929
-0.0030058
0.0024906
-0.0036268
-0.0036157
-0.0048048
-0.002959
-0.0096375
-0.0028068
-0.000558
-0.0030178
0.00100111
-0.0003627
-0.0033334
-0.0035746
-0.0063766
-0.0031579
-0.0041677
0.00474238
0.00277979
0.00044205
-0.0023796
-0.0017035
-0.0067038
-0.0095599
-0.014024
0.00120878
-0.0097505
0.00098084
-0.002945
-0.0065662
-0.001274
-2.23e-05
0.00203188
0.00100259
0.00116998
-0.0090218
-0.0080941
-0.0036778
-0.0044778
-0.0051057
-0.0021359
-0.0038568
-0.0028041
-0.0102343
-0.0081405
0.00282051
0.00360614
0.00202736
0.00256112
0.00077868
0.0011616
0.00174529
-0.0003448
-1.11e-05
0.00396378
-0.0024294
-0.0013493
-0.0028068
0.00287412
-0.0057959
-0.0017494
-0.0065563
-0.0036674
-0.0006496
-0.0019957
-0.0024434
-0.0031579
-0.0023203
-0.0001394
0.00067359
-0.0058013
-0.0004302
-0.0005263
0.00175259
-0.0050215
0.00054054
-0.0106897
0.00219623
-0.0087018
-0.0059314
-0.0061987
-0.000395
0.00198166
-0.0003858
-0.0038504
-4.47e-05
-0.000274
-0.0025392
-0.0042232
-0.0026422
-0.0060715
-0.0066667
0.00085716
0.00129173
-0.0073536
-0.0039485
-0.0053218
-0.0023894
-0.0023001
-0.0090114
-0.0024827
0.00428572
-0.0038191
-0.0007383
-0.0061813
-0.0073482
-0.0002389
0.00258473
-0.0040351
-0.0019047
-0.0025786
0.00171597
0.00307159
0.00402092
-0.007301
-0.0004167
0.00034983
-0.0062242
-0.0054798
0.00369748
-0.0130643
-0.0059118
-0.0052594
-3.77e-05
-0.0030952
0.00022004
-0.0025392
0.00124089
5.524e-05
-0.0030354
-0.0068539
-0.0023153
0.00028076
-0.0021765
-0.0021506
-0.000989
-0.0084971
-0.006129
0.00050634
0.00015317
-0.0029032
-0.0099336
-0.006692
-0.004827
-0.0009589
0.00122805
-0.0015108
-0.0020773
0.00113925
-0.0030624
-0.0010254
-0.0072043
0.00367888
-0.0024827
-0.0090249
0.00014778
-0.0065803
-0.0012234
0.00384994
-0.0031724
-0.0061527
-0.0114169
-0.0067525
-0.0044928
-0.0022358
-0.0093004
-0.004433
0.00031811
-0.0002157
0.00037138
-0.0072786
0.00434229
-0.0033928
-0.016936
0.00140401
0.000625
-0.010979
-0.0035502
-0.0045531
0.0008616
-0.000917
-0.0067959
-0.0038568
-0.0014025
0.00212597
0.00092088
0.00092088
-0.0064141
0.00183674
-0.0078784
-0.0001449
-0.0075801
-0.0072973
-0.0017271
-0.0018662
0.00050634
-0.0034731
-0.0003896
-0.0109923
-0.0026227
-0.0042857
-0.0002506
-0.0044057
0.00152541
-0.0005882
0.00239545
-0.006092
-0.0064233
-0.0014108
-0.003269
0.0007312
-0.0008893
-0.0063132
0.00253732
-0.0031086
-0.0015274
-0.0038121
0.00032649
-0.0023839
0.00235668
-0.0010294
-0.0044181
-0.0018044
-0.0064948
-0.0027315
-0.005464
-0.002113
-0.0029702
-0.007452
0.00396864
-0.0057303
-0.002605
0.001453
0.00277459
-0.0043172
-0.003269
-0.007301
-1.43e-05
-0.0005017
-0.000101
-0.0062037
-0.0051324
-0.0064835
0.0016318
0.00318956
-0.0079574
-0.0007143
-0.0072786
-0.0069972
-0.0049733
-0.0030435
-0.0048048
-0.0037773
0.00258342
-0.0043084
0.00343545
0.00039617
-0.005855
0.00352052
-0.0023711
-0.0010837
-0.0046231
-0.0041304
-0.0057398
-0.0061987
-0.0027796
-0.0007759
0.00137931
-0.006317
0.00034983
-0.0042518
-0.0004493
-0.0012676
-0.0015304
0.00503106
-0.0004167
-0.0030208
0.00134732
-0.0037566
-0.0030952
-0.0033333
0.00072167
-0.0023735
-0.0015607
-0.0001237
0.00154929
-0.0006572
-0.0097369
-0.005873
-0.0085449
-0.0050987
-0.0028535
-0.0003842
0.0011991
-0.0021457
-0.0033779
0.00255585
-0.0034831
-0.0033333
-0.0014943
-0.0108078
-0.0030435
-0.0131884
-0.0036268
-0.0040449
-0.0069286
0.0001599
0.00180329
0.00334074
-0.0014286
-0.0091083
-0.0050068
-0.001022
0.00170983
-0.0076349
-0.0134375
6.624e-05
-0.0058371
-0.0002506
0.0024906
-0.0037931
-0.0013636
-0.0007527
-0.0023675
-0.0026582
0.00191101
0.00023711
0.00045602
-0.0008578
0.00012695
-0.006
-0.0060551
-0.0046666
-0.0025858
-0.010631
-0.0007143
-0.0049254
0.00138991
-0.0022905
-0.0009051
0.00148937
-0.0028755
-0.0060183
-0.0078344
-0.0076211
-0.0011732
-0.0036555
-0.0021317
-0.0010294
-0.0017096
-0.002959
-0.0022117
-0.0069902
-0.0008827
-0.0062963
-0.0090583
-0.0025786
-0.0026354
-0.0022222
0.00116998
-0.0104573
-0.0014548
0.00151516
-0.0042349
-0.0024481
-0.0096293
0.00055492
-0.0102247
0.00166667
-0.0006707
0.00130435
0.00289102
0.00245283
-0.0022075
0.00054054
2e-08
0.00151641
0.00131946
-0.0037174
-0.0046164
-0.0003093
-0.0040086
-0.0033745
0.0002558
-0.0020048
0.0034297
-0.0004166
-0.0090074
0.00103139
0.00036401
-0.0031148
-0.007316
0.00445676
-0.0038004
-0.0013122
-0.0022249
-0.0034804
-0.0034639
0.00303944
-0.0003448
-0.005625
-0.0034159
0.00092088
-0.0001596
-0.0060117
-0.0002987
-0.0009051
-0.0097585
-0.0037157
-5.59e-05
-0.005855
-0.0053846
-0.0085644
-0.000142
-0.0019306
-0.0015979
-0.0037615
-0.0059118
-0.0008696
0.00157897
-0.0028388
-0.0002145
0.00144253
-0.0018518
-0.0041767
0.00063475
-0.0093051
-0.0047783
-0.0041921
0.00353449
-0.0015062
-0.0026874
-0.0044404
0.0015254
-0.0041388
-0.0024844
-0.0011359
-0.0045119
0.00260173
-0.0041753
-0.0062337
-0.0031724
-0.0025392
-0.0010837
0.00260823
-0.0038889
-0.00649
-0.0055039
-0.001811
3.324e-05
-0.0049051
-0.0035802
0.0014163
-0.0079171
-0.008244
0.0044629
-0.0028068
-0.0022199
-0.0042405
-0.0060551
0.00170813
-0.0022631
-0.001734
-0.0042857
0.00056602
-0.0067785
-0.0009409
0.00071925
-0.003905
0.00084248
-0.0058312
0.00033147
-0.0093237
-0.002945
-0.0018044
-0.0010988
-0.0075676
0.00195401
-0.0028535
-0.0004167
-0.0003093
-0.0054712
-0.0071821
0.00019608
-0.0022512
0.00014238
-0.0018906
-0.0027877
-0.0021413
-0.0015533
-0.0069902
-0.0018483
-0.0075234
0.00041531
-0.0016822
-0.0082648
-2.23e-05
-0.0032891
0.00135445
0.00105544
-0.0060366
-0.0001138
-0.0055521
-0.0024611
-0.0060715
-0.0043369
-0.0022549
-0.0003093
0.00032259
-0.0036411
-0.0037457
-0.0042487
0.00420626
-0.00417
-0.0001892
-0.0065289
-0.0057728
-0.0033333
-0.0028677
-0.001919
-0.0098123
0.00192733
-0.0002775
0.00194846
-0.006529
0.00173555
-0.0061765
-0.0025655
-0.0017271
8.675e-05
-0.0054959
-0.0011111
-0.0031579
-0.0103644
-0.0041921
-0.0038889
-0.0045986
-0.0051133
0.00310344
-0.0028755
-0.0055119
-0.0010701
-0.0082039
0.00056602
-0.0023626
0.00118942
-0.0107254
-0.0004408
-0.0039211
-0.0045119
-0.0042077
-0.0036268
-0.0021066
-0.0032013
-0.0033333
-0.0004287
-0.0085414
0.00293286
-0.0052778
-0.0030208
-0.0042119
3.983e-05
0.00053626
-0.0094301
0.00078947
-0.0079856
0.00176956
0.00385875
0.00660441
-0.0052672
0.00130436
-0.0019826
0.00461787
-0.0050068
-0.0048248
-0.0012641
-0.0070576
-0.0004712
-8.97e-05
-0.0021682
-0.0078173
0.00139166
-0.0003519
-0.0027119
-0.0023735
-0.0036139
-0.0020482
-0.0016897
-0.0019403
-0.005444
0.00170123
0.00112423
-0.0021704
-0.0043027
0.006788
-0.0018203
-0.0029032
-0.0012867
-0.0090763
0.00424626
-0.0020482
0.00096776
-0.0129167
0.00449794
-0.005083
0.00231755
0.00251337
-0.0020192
-0.0027315
-0.0125352
-0.0047276
-0.0034146
-0.0036842
0.00554235
-0.0065289
-0.0027119
-0.0046863
-0.0050376
-0.0089574
-0.0043885
0.00018233
0.00328859
-0.0028205
0.00375781
0.00256898
0.00225662
0.00071925
-0.006129
0.00228793
-0.0035558
0.00107145
-0.0024844
0.00185337
-0.0005374
0.00236641
-0.0030152
-0.0020968
-0.0018483
-0.0020219
-0.01019
-0.0108696
0.0010828
0.00240779
-0.0033481
-0.0095599
-0.0107198
-0.0109205
-0.0085414
-0.0025
-0.0068777
-0.0069876
-0.0027758
-0.004433
0.0010814
-0.0019565
-0.009953
-0.0041343
-0.000687
-0.002945
8.265e-05
-0.005873
0.00075296
-0.0041443
-0.0064293
0.00193549
-0.0031422
-0.006538
0.00125
-0.0110379
0.00018536
0.00189813
-0.0001394
-0.0030548
-0.0039276
-0.0029683
-0.002487
-0.0025156
-0.0024294
0.00129491
0.00202736
-0.0014613
-0.0009356
-0.0022574
-0.006688
-0.0062003
0.00150486
-0.0019826
-0.005873
-0.0025174
0.00174918
-0.0013207
0.00044205
0.00102567
-0.0035288
0.00107143
-0.0046905
-0.0041921
-0.0034474
0.00176472
-0.0049943
0.00270831
-0.0047239
-0.0049254
-0.0050862
-0.0043472
-0.0043678
-0.006538
0.0010913
0.00381953
-0.0057729
-0.0059454
-0.0023874
-0.0014679
0.00095608
0.00390244
-0.001236
-0.0043003
-0.0056903
-0.0054798
-0.0001123
0.00399399
0.00194631
0.00173553
0.00284253
0.00649123
0.00053628
0.00386506
0.00762234
-0.0292157
-0.0003627
-0.0076991
0.00449339
-0.0059575
0.00297753
-0.005873
0.00346404
0.00310343
0.0025926
0.00339208
0.0064539
-0.0050943
0.00547512
-0.0105128
0.00474376
0.00434229
0.00469965
0.00426112
-0.0061943
0.00439776
-0.001194
0.00616123
0.00501247
-0.0129885
0.00480519
-0.0538298
0.00190285
0.0027928
0.00294533
-0.0809093
-0.0014796
-0.0019904
-0.0022699
0.00333334
0.00542334
-0.0003448
-0.0015607
0.00447514
0.0029078
0.001876
0.0033775
0.00872013
0.00542334
0.00384616
0.00399759
0.00823255
0.00383285
0.00577168
0.00575372
0.0030676
-0.0006952
0.00520384
0.0015254
0.00365482
0.00590723
0.00079754
0.00150741
0.00186992
0.00512195
0.00603175
0.00443207
0.00324323
0.00398798
-0.0233334
0.0042855
0.00538319
-0.0145901
-0.005544
-0.005873
-0.0238983
0.00500624
-0.0029032
0.00722222
0.00435029
0.006
-0.000582
-0.0488235
-0.0014943
0.00369085
0.00737188
-0.0017057
-0.0057068
0.00026766
-0.0047059
0.00617591
0.00673913
-0.0030705
0.00292786
0.00514563
0.00463807
0.00637024
-0.0455556
0.00371069
0.00382716
0.0047644
0.00838388
0.00527187
0.00248121
0.00235475
0.00554896
0.00040767
-0.0471429
-0.001236
0.00075503
0.00517685
-0.212222
0.00289773
0.00065419
-0.0031579
0.00450549
-0.001655
0.00565847
0.00515152
0.00358975
-0.002931
0.00664441
-0.0735835
0.00197863
-0.0003093
0.00209487
0.00446494
0.00715909
0.00243568
0.00607843
-0.000989
0.0010314
0.00307958
0.00809711
-0.0852383
-0.0062162
-0.041282
0.00314129
0.00328859
0.00859259
-0.0007992
-0.006129
0.00719898
0.00250935
0.00642004
-0.0143903
0.00791177
0.00080158
0.00506173
0.00285714
0.00542334
0.00221788
0.00831115
0
0.00567099
0.00392712
0.00041532
-0.0140964
0.00809711
0.00302325
0.00803474
-0.0198507
0.00349805
0.00313894
0.00260823
0.0075855
0.00439776
0.00514563
-0.0272871
0.0019571
0.00817271
0.00841131
-0.01525
0.00828801
0.0059128
-0.0003093
-0.0065289
0.00685983
0.00322034
0.00429658
0.00197431
0.00253731
0.00462366
0.00823024
0.00719245
-0.0112766
0.00613153
0.00476987
0.00759326
-0.0009649
0.00459459
0.00273857
-0.0025673
-0.0098019
-8.4e-05
0.00186046
0.0002558
-0.0048699
-0.0017521
-0.0020879
0.00273608
-0.0047524
-0.0030293
-0.0003093
-0.000977
-0.0017474
-0.0102952
-0.0006762
-0.0092308
-0.0008865
0.00241605
-0.0021145
-0.0006007
-0.0011662
-0.01443
0.00101798
-0.00812
-0.0105714
-0.0023711
-0.0036986
-0.0008814
-0.0081058
-0.0034831
-0.0004287
0.00081515
-0.0018064
-0.000661
-0.0033983
-0.0063599
-0.0013379
-0.0062037
-0.0037143
0.00110121
-0.001611
-0.002685
-0.0039697
-0.0023675
-0.0021145
-0.0044479
-0.0033186
0.00045801
0.00210529
0.00266245
0.00090911
-0.0044357
-0.0053061
-0.002766
-0.0009439
-0.0023916
-0.0016897
-0.0002857
-0.0026422
0.00212599
0.0015561
-0.0053061
0.0008616
0.00018536
-0.0036268
-0.0049813
-0.0052582
-0.0013052
-0.0041767
0.00175501
-0.0001695
-0.0036816
0.00452954
-0.0019826
-0.0076057
-0.0042012
-0.0012924
0.00115043
-0.0076678
-0.0010429
-0.0012867
-0.0030178
0.00442586
-0.0066271
-0.0134043
-0.0026582
-0.0079372
0.00347116
-0.0071875
-0.0027524
0.00251872
-0.008018
0.00027777
-0.0063728
-0.0040306
-0.0007143
-0.0064424
-0.0076349
0.00044584
-0.0017899
-0.0026316
-0.0041129
-0.0043149
-0.0079977
-0.0041753
-0.0010974
-0.0043712
-0.0019332
-0.0018265
-0.0094064
-0.002487
-0.0033928
-0.0057576
-0.003289
-0.0020879
0.00125685
0.00157897
-0.0025698
-0.002407
-0.0016129
0.0010913
-0.0076405
-0.0010063
0.00214662
-0.0034146
-0.0014679
-0.0015607
-0.0143013
-0.0014811
-0.0081043
-0.0049254
-0.001399
-0.0041509
-0.0001911
-0.0020805
-0.0017925
0.00114065
-0.0057127
-0.0099005
-0.0016009
-0.003245
-0.002685
-0.0053483
4.426e-05
-0.0031291
0.0008616
0.0004988
-0.0046277
-0.0034831
-6.71e-05
-7.84e-05
0.0037304
-0.0067891
-0.0028023
-0.0057657
-0.0086263
-0.0069731
-0.004652
-0.0017474
-0.0054696
-0.0009529
0.00045344
-0.0034639
-0.0055875
-0.0022549
-0.0071504
-0.0013519
-0.0074419
0.00210529
-0.0052761
0.00297424
-0.0044718
-0.0017647
-0.0082039
-0.0008548
-0.0101005
0.00084669
-0.0006707
-0.0076056
-0.0010974
-0.0068196
-0.0047601
0.00053627
-0.0087794
-0.0031579
-0.006835
-0.0041459
-0.0092744
-0.0028617
-3.77e-05
0.00185102
0.00130435
0.00136865
-0.0038568
-0.0017647
0.00029126
-0.0043172
0.00090911
-0.0055556
0.00181169
-0.0006157
-0.0095652
-0.0078572
0.00349946
0.00233715
-0.0012994
-0.0073812
0.00170983
-0.004756
-0.0019617
-0.0019582
-0.0096078
-0.0007181
-0.0018168
-0.005873
-0.0019565
-0.0028388
0.00130436
-0.0147525
-0.0038889
-0.0036286
-0.003468
-0.0033745
-0.0087845
-0.002766
-0.0048741
-0.0025
0.00118942
-0.0025655
-0.0044357
-0.0037931
0.00086759
-0.0051057
-0.0063666
-0.0031868
0.00210822
-0.0011732
-0.0121893
-0.0148963
-0.0035468
-0.0003093
0.0010486
-0.0032013
-0.005873
-0.0060117
-0.0019695
-0.0011801
-0.0059883
-0.0039594
-0.0041388
-0.0007527
-0.0019565
-0.0067464
-0.0071957
0.00354839
-0.0025786
-0.0089189
0.00071616
-0.0069902
-0.0067464
7.443e-05
-0.0038121
-0.0031579
-0.0007527
-0.0005882
-0.0009205
0.00106001
-0.0038365
-0.0038313
-0.0049083
-0.0038568
-0.0016129
0.0018699
0.00117973
-0.0056739
0.00165509
0.0026004
-0.0084276
-0.0034474
-0.0051745
0.00067602
0.0020725
-0.0017509
-0.0017253
-0.0028572
-0.0004895
-0.0016414
-0.0045161
-0.0007858
0.00031007
-0.0020482
-0.0019826
-0.0017271
-0.0073662
-0.0040306
-0.0006258
0.00582898
0.00137929
-0.0101342
0.00173553
-0.0002987
-0.0002171
-0.0047059
-0.0059509
-0.0023874
-0.0026422
2.216e-05
0.00038463
-0.0004167
-0.0022631
-0.0024858
-0.0048936
0.00022802
-0.0049597
-0.0013895
-8.83e-05
-0.0025698
-0.0018919
-0.0042543
-0.0055688
-0.001378
-0.0028068
0.00221792
-0.001919
-0.0033658
-0.0023077
-0.0018279
-0.0004275
-0.0101766
0.0013259
-0.003245
-0.0099336
-0.0005263
-0.0007527
0.0009502
-0.0139651
-0.0043415
-0.0078042
-0.0049597
-0.0051707
-0.0056816
-0.0080851
-0.0020192
-0.0025427
-0.0049626
0.00507996
-0.0054798
-0.0096319
0.00418604
-0.0081269
-0.0038169
-0.0095838
-0.0057303
-0.0045904
-0.0036308
-0.0030152
-0.0080851
0.00040308
-0.0057233
-0.0003567
0.0010814
0.00217004
-0.0022117
-0.0069852
-0.0102703
-0.0055844
0.00052132
0.00488927
0.00148937
-0.0031291
-0.0009356
0.00011531
0.0023077
-0.0016897
-0.0034228
-0.0047895
-0.0054696
-0.0028505
-0.0049254
0.00136865
-0.0064706
0.00027026
-0.0031363
5.524e-05
-0.0040086
-0.0010887
-0.0011732
-0.009432
7.72e-05
-0.0047059
-0.015
0.00236643
-0.0048148
0.00273857
-0.0019048
-0.0014379
-4.47e-05
-0.0042077
0.00516909
-0.0087685
0.00867358
0.00833357
0.0085275
0.00396965
-0.0001523
-0.0036364
0.0021164
0.0052657
0.00833558
0.00506579
-0.0227869
-0.003986
0.00585635
0.00863517
0.0053271
0.00537037
0.0027536
0.00723757
0.00740808
0.00675599
0.00365482
0.00811334
0.0082044
-0.0132558
-0.0021951
-0.0163158
0.00376946
0.00428572
0.00714583
0.007293
-0.0036986
0.00600468
0.00357715
0.00576271
0.00175
-0.000929
0.0070762
-0.0014943
-0.0008192
0.00193548
0.0021164
0.00267398
0.00574469
0.00561403
0.00540218
-0.0075438
0.00426112
0.0083514
-0.0096079
0.00486301
0.00090912
-0.0004987
0.00673203
0.00295774
0.00308758
0.00591837
-0.0084318
0.00480969
0.00480519
0.00857353
0.00719101
0.00219969
0.00090912
0.00706183
-0.0020482
0.00769585
0.00838575
0.00671052
0.00563319
0.00544938
0.00464286
0.00497487
-0.0005593
0.00059562
0.00642432
0.00130435
0.00333975
0.00690909
0.00097067
0.00679487
0.0045144
0.00670122
0.00667774
0.00396378
0.00199805
0.00809437
0.00382716
0.00506173
-0.212222
0.00377916
0.00652778
0.00479167
0.00800175
0.00391172
0.00872331
0.003007
0.00864381
-0.0118182
-0.0030719
-0.0227869
0.00862005
0.00381443
0.00724897
0.0087105
0.00759018
-0.0106186
0.00242425
0.00798633
0.00826412
0.0036575
-0.0589658
0.00675599
0.00410609
0.00288257
0.00734036
-0.0180374
0.00453552
0.00841488
0.00831938
0.00320881
0.00873167
0.00487179
0.00770379
0.00204242
0.00127905
0.00568965
0.0078903
0.00871801
0.00724518
0.00356912
0.00709043
0.00799253
-0.0328571
0.0004306
0.00415204
0.00707174
0.00442897
-0.0640739
0.00851999
0.00512987
0.00703997
0.00545454
-0.0196618
0.0035388
0.005889
-0.000351
0.0083255
0.00839682
0.00115044
0.00356912
0.00331103
0.00832143
0.00616123
-0.0087685
-0.0087793
0.00854081
0.00745115
0.00479167
0.00558333
-0.0173972
-0.0055642
-0.0097775
-0.003597
-0.0081159
-0.0011224
-0.0011336
0.00014778
0.00133664
-0.0072202
0.00282051
-0.007405
-0.0027168
-0.0062095
-0.0005597
-0.0062074
-0.0064557
-0.0045889
-0.0009649
-0.0011111
-0.0048402
-0.0023457
-0.0092926
-0.0072662
-0.0035135
-0.0026904
-0.001782
-0.0030152
0.00318956
-0.0010865
0.00121845
-0.0044578
-0.0032924
0.00086297
-0.0009756
-0.0007875
0.00509202
-0.0024481
-0.0014943
-0.0021682
-0.0025392
-0.0101342
0.00071208
-0.01
-0.0003926
-0.0026582
-0.0063044
-0.000989
-0.0069972
5.524e-05
-0.0049068
5.524e-05
-0.0030624
-0.0032743
-0.0065062
-0.002926
0.00322033
0.00527745
-0.0109424
-0.0017035
-0.0004012
-0.0053509
-0.0085414
-0.0004575
-0.0102532
-0.0030719
-0.0043678
-0.0042487
-0.0026227
-0.0026743
-0.001465
-0.0054211
-0.0034529
0.00104143
-0.0015304
-0.0044753
-0.0021547
0.00431172
-0.0024575
-0.0058925
0.00330358
-0.0012994
-0.001879
-0.0024481
-8.97e-05
0.00122808
0.00221792
0.00390244
-0.0076282
-0.0023457
-0.0044231
0.00297424
-0.001236
-0.003431
-0.0035416
-0.0064609
0.00122808
-0.0053341
-0.0013519
-0.0055039
-0.0057368
0.00178981
-0.001236
-0.0078572
-0.005213
0.00441341
-0.01
0.00105544
-0.0066113
0.00109133
-0.0097568
-0.0081818
-0.0037566
5.679e-05
0.00301513
-0.0053846
-0.0043266
0.00032259
-0.0032371
0.0020635
-0.0013852
-0.0034576
-0.0004651
0.00270073
0.00136999
-0.0006525
-0.0004167
-0.00125
-0.004245
-0.0055602
-0.0044144
-0.0058228
-0.0065413
-0.0044231
-0.0111416
-0.0045986
-0.0066453
0.00111675
0.0008257
0.00126639
-0.0017801
-0.0027253
-0.0042688
-0.0075439
-0.0024858
-0.0039936
-0.0024611
-0.0002696
-0.0083487
-0.0026582
-0.0048699
0.002966
0.00266506
-0.0025786
-0.0014613
0.00033147
-0.0053139
-0.0010497
-0.0006045
-0.0050699
-0.0034378
0.00211354
-0.0045986
-0.003382
-0.0018662
-0.0014108
-0.0024309
-0.005625
-0.0085414
-0.0020482
-0.0026743
5.524e-05
-0.0020192
-0.0068919
-0.012792
-0.0079574
-0.0024717
-0.0016732
0.00070846
-0.0012613
-0.0058899
-0.0051515
-0.0070316
-0.0076871
-0.001194
-0.0014025
-0.0002041
0.00027944
-0.0024858
0.00124726
-0.0013086
-0.0015703
-0.002945
0.00044586
-0.0055925
-0.0022399
-0.0079446
-0.0035983
0.00175501
0.0010814
-0.0076991
0.00166667
-0.0023711
-0.0033038
0.00294947
-0.00357
-0.0036139
-0.0001237
-0.0025786
0.00076922
-0.0043062
-0.0046893
0.00271592
0.00346405
-0.0038714
-0.0018662
-0.0021622
-0.0022399
-0.0014213
-0.000627
-0.0048777
-0.0047239
-0.0076405
-0.0026728
-0.0010742
-0.0012245
-0.0028617
-0.0087794
-0.0006509
-1.25e-05
-0.001811
-0.0030486
-0.0063935
-0.0051976
-0.0051163
-0.0024334
-0.0005263
0.00045344
-0.0012613
-0.0030378
-0.0008108
-0.0037131
-0.0040086
-0.0019474
-0.0071371
-0.0007143
-0.0117391
0.00319728
-0.003683
-0.0089155
-0.0021816
0.00206347
-0.0031724
-0.002035
-0.000727
-0.0086758
-0.0013493
0.00075296
-0.0073611
-0.0028205
-0.0042421
-0.0088087
9.902e-05
0.00071616
-0.0077165
-0.0076545
-0.0007015
-0.0077581
-0.0015207
-0.0009649
-0.0041844
0.00015469
-0.0174725
-0.0001833
-0.0011732
-0.0015274
0.00295774
-0.01
-0.0007759
-0.0072956
-0.0003806
-0.0044284
-0.0014155
-0.0049457
-0.0042711
-0.004944
-0.0043712
-0.003986
-0.0012108
0.00128919
-0.0019177
0.0013259
-0.0054867
-0.0028205
0.00116998
-0.0045631
-0.0070732
-0.0032212
-0.0036364
-0.0022249
-0.005894
-0.0052778
8.808e-05
-0.0058103
-0.0104778
0.00217004
-0.0022951
0.00094439
-0.0086625
-0.0014192
-0.0055383
-0.0030486
-0.0037131
0.00037305
-0.0091658
-0.0001156
-0.0030332
-0.0001123
0.00214662
-0.0029366
-0.0056495
-0.0042276
-0.0015533
-0.0048148
-0.000596
-0.0049733
-0.0066898
-0.0047059
0.0004762
-0.0019048
-0.000846
-0.0073348
-0.0062381
-0.0038298
0.00127908
-0.0048402
0.00021738
-0.002016
-0.0071359
0.00170125
-0.0072228
-0.0082584
-0.0007914
-0.003382
-0.0035952
-0.0007066
-0.0051869
-0.0016156
0.00063229
-0.0030719
-0.007405
-0.001325
-0.0036477
0.0057806
0.00105147
0.00023861
-0.0050891
-0.0003199
-0.0056816
-0.006129
-0.0001937
-0.0061117
-0.0015183
0.00515739
-0.0036519
-0.0002506
-0.0006525
-0.0026262
-6.71e-05
-0.0067364
0.00444444
-0.0112766
-0.0033928
-0.0084397
-0.0010865
-0.000453
0.00121845
-0.0025427
-0.0064671
-0.0016402
-0.0066241
-0.004885
4.426e-05
-0.0143531
0.0028401
-0.0041066
-0.0074781
-0.0091327
-0.0083206
-0.0006509
0.00138991
0.00036144
6.209e-05
-0.0031926
-0.0051692
-0.0016732
-0.0096891
0.00100111
-0.0038889
-0.000101
-0.0087266
-0.0019522
0.00275362
-0.0069852
-0.0089309
-0.0034298
-0.01
-0.0031868
0.00138991
-0.0079064
0.00299065
-0.0061117
-0.0047874
-0.0012234
-0.0025673
0.00064171
-0.005625
-0.0005263
0.00087221
-0.0116049
-0.0024153
0.00052134
-0.0027315
-0.0052566
-0.001976
-0.0010742
0.00314129
-0.0055131
-0.0023796
-0.0052174
-0.0017371
-0.0021413
0.0004357
-0.0028411
-0.0021279
-0.0011732
-0.0013754
0.0066611
0.00051009
-0.005121
0.00646018
0.0016201
-0.0023181
-0.0025
0.00024391
-0.0036209
-0.0043113
-0.0026437
0.00258342
-0.0001695
-0.0030023
-0.0038728
-0.0026404
-0.0012641
-0.007115
-0.0033333
-0.0008933
-0.0021739
-0.0010254
0.00170125
0.00088839
-0.0028342
-0.0066241
0.00092088
-0.0052009
-0.000582
0.00130433
-0.0047874
-0.0039373
-0.0036055
-0.0037773
-0.0006007
-0.008018
-0.0043229
-0.002987
-0.0027168
-0.0012108
-0.0035135
-0.0079325
-0.0016883
-0.001534
-0.0020192
-0.0051668
-0.0076796
-0.0022449
-0.0014548
0.00088837
-0.0079718
-0.0039936
-0.007115
0.00022348
-0.0017786
-0.0062932
-0.0088015
-0.0007991
-0.0004895
-0.0027524
-0.0082927
0.00189813
-0.0137798
-0.003245
-0.0074482
-0.0007692
-0.001236
-0.0085186
0.0009091
0.00228789
0.00150745
-0.0011266
-0.0053846
0.00148418
-0.002837
-0.0023457
-0.0069671
0.00430523
-0.0091972
-0.0042857
-0.0034004
0.00011531
-0.0006838
-0.0033156
-0.0006635
0.0040547
-0.0071606
-0.0038889
-0.0046843
-0.0033729
0.00046105
-0.0044928
-0.0014345
6.624e-05
0.00382716
0.0023077
0.00189191
-0.003544
-0.007094
-0.0004046
-0.0019436
-0.0033531
-0.0070524
-0.0025628
0.0003978
0.00293787
-0.0037931
-0.0043369
0.00383983
0.0009502
-0.0078117
0.00218752
-0.0026316
0.00017469
0.00102567
-0.0019048
-0.004157
-0.0012705
-0.004245
-0.0019047
0.00331104
0.00559956
-0.0068244
-0.0054799
-0.0035802
-0.0020337
-0.0036157
-0.0080723
-0.0039594
-0.0054867
-0.0020192
-0.0024013
0.00011123
-0.0023318
0.0027641
-0.0033172
-0.0026147
-0.0042602
-0.0017773
-0.0025714
-0.0025224
-0.0042012
-0.0054798
-0.0066271
-0.0038889
-0.0043646
0.00375
-0.0018343
-0.0052838
-0.0006383
-0.004433
0.00118942
-0.0017035
-0.0085567
-0.0068067
-0.0091083
0.00038463
-0.0064609
-0.0049813
0.00644549
0.00027026
-0.0042012
0.004929
-0.0047711
-0.0058537
-0.0025
-0.0007671
0.00088837
-0.0004987
0.00075025
0.00018233
-0.0044057
-0.0046396
-0.0052285
-0.0043885
-0.0022087
-0.0009439
0.00080158
-0.0063522
-0.0052144
0.00067602
-0.0051869
-0.0036308
-0.0014192
-4.47e-05
-0.0027931
0.00015469
-0.0020664
-0.0005541
-0.0029108
0.00012347
-0.005
-0.0034078
0.00062135
-0.005873
0.0008257
-0.0061105
0.00045344
-0.000568
-0.003285
-0.0011111
-0.0003359
-0.0033333
0.00062135
-0.0009141
-0.0009223
-0.0048588
-7.05e-05
0.00187819
-0.0032626
-0.0056816
0.00094569
0.00276673
-0.0017021
-0.0046561
-0.0035135
-0.0053846
-0.0070576
-0.0017187
-0.0010957
-0.0149017
-0.0014358
-0.0027298
-0.0120883
0.00353449
-0.0011449
-0.0117391
-0.0043965
-0.0017096
-0.0013872
0.00036918
-0.0008342
-0.0008814
-0.001734
0.00134732
-0.0153165
-0.0082927
0.00070247
0.00176952
-0.0012045
-0.0095652
-0.0037825
-0.0100846
-0.0052225
-0.0014007
-0.0017647
-0.0007759
0.00604221
-0.0028655
-0.0016279
-0.0053256
-0.0006496
-0.0044737
-0.0003211
-0.0131788
-0.0049068
-0.0019363
-0.0066163
-0.0041844
-0.0081818
-0.0044737
0.00173555
-0.0033172
-0.0021622
0.00164053
0.000991
0.00079756
0.00015317
-0.0041011
-0.0003896
-0.0030548
-0.0106897
-0.0048936
-0.0014464
-0.004218
-0.0028755
-0.0099751
-0.0009649
-0.0078306
0.00058577
-0.009685
-0.0009649
-0.0028
-0.0021654
-0.0055808
-0.0018026
-0.0093548
0.00534342
0.00173554
-0.0037844
-0.0045119
0.00069767
-0.0039936
0.00031476
-0.0061987
-0.0040647
-0.0004167
-0.002012
-0.0035135
-0.0018265
-0.0019826
0.0018699
-0.000568
0.00184151
0.00236641
-0.0055148
0.0024406
-0.0016959
-0.0045561
-0.0041459
0.00076922
0.00315069
0.00078344
-0.002766
-0.004785
-0.0015384
0.00149838
-0.0020919
-0.0063044
-0.0088261
-0.0024153
-0.0012924
0.00207398
0.00138991
-0.0025628
-0.000846
-0.0033333
0.00027944
0.00209486
-0.0037552
0.00253732
-0.0024688
-0.0027168
0.0008257
-0.0022905
-0.0034228
0.00030302
0.00322033
0.00378882
-0.0059067
-0.0056986
-0.0036698
-0.0033061
-0.0037672
-0.0071624
-0.0018733
-0.0061813
-0.0062162
0.00020808
-0.0035135
-0.0022905
-0.0007642
-0.0012994
-0.0042857
-0.0105066
0.0013793
-0.0044479
-0.0007692
-0.0013052
-0.0024138
-0.0072413
-0.0031265
-0.0067598
-0.0034983
0.00187934
-0.008792
0.0008257
-0.0020048
-0.0011111
-0.0060584
-0.0045833
-0.0004031
-0.0018407
-0.0054639
-0.0107183
-0.0044357
-0.0002157
-0.0020482
-0.0086722
-0.0004822
-0.0028041
-0.0020337
0.00074076
-0.0036054
-0.0082927
0.00212598
0.00025975
-0.0033333
0.0068504
-0.0015546
0.00103141
0.00119716
-0.0140384
-0.0023762
-0.0042012
-0.0051339
-0.0050376
9.902e-05
-8.65e-05
0.00064329
0.00271137
-0.0056424
-0.0010497
-0.0018662
0.00085716
-0.0035502
-0.0007143
-0.0005882
-0.0032924
-0.0018265
-0.0139362
-0.0077839
-0.0058501
-0.011875
-0.0054355
6.209e-05
-0.0040597
-0.001282
-0.0025285
-0.0052144
-0.0061638
-0.0063551
-0.0032743
-0.0065746
0.00175826
-0.0015207
0.00367089
-0.0020048
-0.0068394
-0.0009223
0.00161423
-0.0057593
-0.0070524
-0.0032371
-0.0032891
-0.0030797
-0.0010701
-0.0074538
0.00221358
-0.0069902
-0.0046561
0.00181286
-0.0023318
-0.0040086
-0.0072589
-0.0063599
-0.0026716
-0.0035542
-0.0023584
0.00218752
-0.003285
-0.0053341
0.00142857
-0.0022888
-0.0053846
0.00071925
-0.0023584
-0.0046396
-0.0022222
-0.0010565
-0.0052091
0.00029126
-0.0042232
-0.0064975
-0.0015668
0.00166667
-0.0050602
-0.006129
-0.0063935
-0.002973
-0.0002041
0.00140401
0.0016318
-0.0202419
-0.0066453
-0.0043443
0.00214364
-0.0044508
-0.0054494
-0.0011524
0.00194846
-0.0046341
-0.0031724
-0.0076991
8.808e-05
-0.0031147
-0.0046727
-0.0003306
0.00061034
-0.0020968
-0.0047601
0.00097065
-0.0056076
0.00015317
-0.0041509
-0.0054959
-0.006369
-0.0072239
-0.0019205
-0.0053374
-0.0006509
-0.0087051
-0.0049051
-0.0040449
-0.0045455
0.00030302
0.00020808
-0.0006509
-0.0035275
0.00121705
-0.0007527
-0.0040024
-0.005464
-0.0063599
-0.0086125
0.00299065
0.00019607
-0.0076768
-0.0021066
-0.0049769
0.00169631
-0.0032212
-0.0025945
-0.0036571
-0.0061074
-0.0039335
-0.0025156
-0.0020482
-0.0008578
0.00157897
-0.0021359
-0.0017188
-0.0024352
-0.0018026
0.00294783
-0.0060514
0.00288618
-0.0007411
-0.0021951
-0.0043442
0.0039759
0.00133664
-0.0093299
-0.0013754
0.00031476
-0.0063265
0.00041531
-0.001782
-0.0035558
-0.01589
-0.0010935
0.00056602
-0.0077453
0.00159664
0.0018699
-0.0043885
-0.0006952
0.00177438
-0.0024352
-0.0016822
-0.00287
-0.0028806
0.00029126
-0.0052867
-0.0036364
0.00383668
-0.0070032
-0.0047059
-0.0038191
-0.0055902
-0.0061074
-0.0076601
-0.0055902
-0.0056816
-0.0010236
0.00378109
-0.0021816
-0.0048063
0.0011991
-0.0039065
-0.0060183
-0.008215
-0.0051339
-0.0035802
-0.0084582
-0.0091873
0.00018536
-0.0021012
0.00156117
-0.005748
-0.0071278
-0.0062933
-0.0028056
-0.0015875
0.00056602
-0.0086813
-0.0054084
-0.0074673
-0.0017371
-0.0009529
-0.0065681
-0.0067664
-0.0040056
-0.0078042
0.00099098
0.00165509
0.0018831
0.0023077
0.00308756
0.00251872
-0.0029032
0.00304588
-0.0109581
-0.0021528
-0.0057398
-0.0026227
0.00278497
-0.0055979
0.00280574
-0.0012108
-0.0075438
0.0016248
-0.005299
-0.0014449
-0.0049893
-0.0087266
-0.0180899
-0.0047601
-0.0025261
-0.0095072
-0.0043885
-0.002966
-0.004377
-0.0030641
-0.0036411
-0.0086697
-0.001984
0.00280574
-0.0011607
-0.0033869
-0.0094553
-0.0041767
-0.0076601
0.00092088
0.00092284
-0.0088679
-0.0060858
-0.0007095
-0.0082025
-0.0035802
-0.004218
-0.0023916
0.00469214
-0.0068539
-0.0044928
-0.0003093
0.00106146
-0.006129
-0.0005932
-0.0006762
-0.0013379
-0.0006724
-0.0068196
-0.00826
-0.0021457
-0.0009409
0.00040308
-0.0036209
0.00080695
-0.0024481
0.00128539
-0.0076871
0.00293286
-0.0004167
-0.0020482
-0.0004167
-0.0035135
-0.0016773
-0.0063934
-0.000661
-0.0041011
-0.0064114
-0.0001925
-0.0007411
-0.0031422
-0.0085185
-0.0146306
-0.0042857
-0.0037457
-0.0011982
-0.0040625
-0.0049095
0.00072849
0.00294118
-0.0069082
0.00192465
-0.0027388
-0.0033333
-5.59e-05
-0.0021066
-0.003809
-0.0027877
-0.0005708
-0.0022495
0.00105147
-0.0014943
-0.0092894
-0.0069935
-0.0042276
-0.0033037
-0.0009409
-0.004218
-0.0044546
-0.0022117
-0.0063711
-0.0036986
0.00150486
-0.0049457
-0.000929
-0.0006194
-0.0046341
0.00086297
0.00155405
0.00094439
-0.0054374
-0.0031771
-0.0017417
-0.0039635
-0.0028894
-0.0011732
-0.0022574
-0.0001523
-0.0080645
0.00384237
-0.0006157
-0.0025571
-0.0014943
-0.0030486
-0.0034159
0.0011894
-0.0015237
-0.0031894
0.00282299
-0.0115982
0.00224804
-0.0028041
-0.0060256
-0.0015207
-0.0052582
-0.0041151
0.00019607
-0.0074165
-0.0021827
-0.0021581
-0.001194
-0.0098019
-0.0021012
-0.0057385
-0.0008254
-0.0100333
-0.0027315
-0.0003627
-0.0042653
-0.0064319
