-0.5
-0.5
-0.5
-0.5
-0.5
-0.5
-0.5
-0.5
-0.5
-0.5
-0.5
-0.5
-0.5
-0.5
-0.5
-0.5
-0.5
-0.5
-0.5
-0.5
-0.5
-0.5
-0.5
-0.5
-0.5
-0.5
-0.5
-0.5
-0.5
-0.5
-0.5
-0.5
-0.5
-0.5
-0.5
-0.5
-0.5
-0.5
-0.5
-0.5
-0.5
-0.5
-0.5
-0.5
-0.5
-0.5
-0.5
-0.5
-0.5
-0.5
-0.5
-0.5
-0.5
-0.5
-0.5
-0.5
-0.5
-0.5
-0.5
-0.5
-0.5
-0.5
-0.5
-0.5
-0.5
-0.5
-0.5
-0.5
-0.5
-0.5
-0.5
-0.5
-0.5
-0.5
-0.5
-0.5
-0.5
-0.5
-0.5
-0.5
-0.5
-0.5
-0.5
-0.5
-0.5
-0.5
-0.5
-0.5
-0.5
-0.5
-0.5
-0.5
-0.5
-0.5
-0.5
-0.5
-0.5
-0.5
-0.5
-0.5
-0.5
-0.5
-0.5
-0.5
-0.5
-0.5
-0.5
-0.5
-0.5
-0.5
-0.5
-0.5
-0.5
-0.5
-0.5
-0.5
-0.5
-0.5
-0.5
-0.5
-0.5
-0.5
-0.5
-0.5
-0.5
-0.5
-0.5
-0.5
-0.5
-0.5
-0.5
-0.5
-0.5
-0.5
-0.5
-0.5
-0.5
-0.5
-0.5
-0.5
-0.5
-0.5
-0.5
-0.5
-0.5
-0.5
-0.5
-0.5
-0.5
-0.5
-0.5
-0.5
-0.5
-0.5
-0.5
-0.5
-0.5
-0.5
-0.5
-0.5
-0.5
-0.5
-0.5
-0.5
-0.5
-0.5
-0.5
-0.5
-0.5
-0.5
-0.5
-0.5
-0.5
-0.5
-0.5
-0.5
-0.5
-0.5
-0.5
-0.5
0.29009
-0.5
-0.5
-0.5
-0.5
-0.5
-0.5
-0.5
-0.5
-0.5
-0.5
-0.5
-0.5
-0.5
-0.5
-0.5
-0.5
-0.5
-0.5
-0.5
-0.5
-0.5
-0.5
-0.5
-0.5
-0.5
-0.5
-0.5
-0.5
-0.5
-0.5
-0.5
-0.5
-0.5
-0.5
-0.5
-0.5
-0.5
-0.5
-0.5
-0.5
-0.5
-0.5
-0.5
-0.5
-0.5
-0.5
-0.5
-0.5
-0.5
-0.5
-0.5
-0.5
-0.5
-0.5
-0.5
-0.5
-0.5
-0.5
-0.5
-0.5
-0.5
-0.5
-0.5
-0.5
-0.5
-0.5
-0.5
-0.5
-0.5
-0.5
-0.5
-0.5
-0.5
-0.5
-0.5
-0.5
-0.5
-0.5
-0.5
-0.5
-0.5
-0.5
-0.5
-0.5
-0.5
-0.5
-0.5
-0.5
-0.5
-0.5
-0.5
-0.5
-0.5
-0.5
-0.5
-0.5
-0.5
-0.5
-0.5
-0.5
-0.5
-0.5
-0.5
-0.5
-0.5
-0.5
-0.5
-0.5
-0.5
-0.5
-0.5
-0.5
-0.5
-0.5
-0.5
-0.5
-0.5
-0.5
-0.5
-0.5
-0.5
-0.5
-0.5
-0.5
-0.5
-0.5
-0.5
-0.5
-0.5
-0.5
-0.5
-0.5
-0.5
-0.5
-0.5
-0.5
-0.5
-0.23611
-0.4848
-0.8172
-1.39499
-1.02313
-0.09513
-0.10808
0.32249
-0.61491
0.08304
-1.47074
-0.04776
-0.61863
0.33176
-0.81858
-0.5
-0.44206
-0.5
-0.5
0.03784
-1.18243
-1.90621
-0.32225
0.15499
-1.43818
-1.13836
-0.5
-0.43788
-0.09716
0.47899
-0.5
0.2963
-0.26008
-0.92797
-1.26216
-0.24122
-0.45224
-0.12315
-1.98533
-0.82216
-0.63943
0.18471
-1.84722
-0.53646
-0.86843
-1.32425
-0.5
0.30802
-1.81961
-1.50173
-0.71293
-0.33364
-0.98755
-0.91804
0.22154
-0.27899
-0.5
-1.87661
-0.18945
-0.00744
-1.28854
0.24002
0.07432
-1.37432
-1.39184
-0.42302
-0.88105
0.17308
-0.5
-1.03796
-1.37221
-0.83158
-0.5
-2.05172
-0.85705
-0.99543
-0.54153
0.28076
-0.94888
-0.9908
-1.9417
-1.55866
-0.5
-1.14113
0.51922
-0.54946
-0.05544
-1.81431
-0.24822
-1.09157
-0.72559
-0.36105
-1.48322
-0.84178
-0.59185
-0.18533
-1.80466
-0.94487
-1.58994
-1.15908
-0.5
-0.66121
-0.83439
-0.37545
-0.97457
0.23454
-0.44367
-0.93255
-1.7373
-0.17879
-0.1538
0.08732
-1.20772
-0.35034
-0.64967
-0.49836
-0.81005
-0.96744
-0.08483
-1.26993
-1.28374
0.1732
-1.03012
-1.53392
-0.03438
-0.67518
-1.01107
-1.28361
-1.95803
-0.6982
-0.07006
-0.08202
-1.17599
-0.44307
-0.5877
-1.31832
-1.1893
0.12684
-0.23133
-0.73926
0.60363
-0.06315
-0.1329
0.09354
-2.42065
-0.37972
-0.39949
-1.21607
0.17655
0.03321
-0.65884
-0.766
-0.77043
-0.7118
-0.55159
-1.60371
-1.31379
-0.5
0.28351
-0.19369
-1.33142
-0.38369
-1.08855
-0.5
-0.00682
0.20443
-0.01963
-1.49079
-1.38689
0.28773
-1.07517
-1.13143
-1.25388
-0.10987
-1.22962
-0.24154
0.25883
-0.75143
-1.38845
-0.49205
-0.07339
0.1782
0.05739
0.32296
-1.09512
-1.263
-1.10229
0.37142
-0.27714
-0.57995
-1.74798
-1.40462
-0.0564
-0.64576
0.05748
-0.25029
-0.51447
0.04481
-1.55965
-0.25669
-0.21931
0.21527
-1.02765
-0.83941
0.53299
-1.0791
-1.72107
-0.7221
-1.59121
0.50233
-0.02696
-0.78155
-0.97517
0.00683
-0.30238
-1.06173
-0.11951
-0.75307
-1.37835
-0.11332
-0.25642
-0.86442
-0.2548
-0.5
-0.75206
-0.5
-1.30612
-1.87611
0.2534
-1.13429
-0.20137
-1.29298
-2.23365
-1.08
-0.9525
-0.48999
-0.48372
-0.95338
-0.37977
-0.64534
-0.45799
-1.32663
-0.5
-0.53987
0.29662
0.24985
-1.08453
-0.98093
-0.1673
-0.66324
0.30878
-0.51638
-0.2907
-1.16512
-0.09349
-1.77969
-0.67989
-0.06606
-1.93389
-0.96826
-0.34076
-0.62049
-1.13017
-0.5
-1.43391
-1.28111
0.38319
0.55459
0.23291
-0.95779
-0.43331
-0.1486
-0.29053
0.47845
-0.83289
-2.11212
-1.45555
-0.58754
-1.12078
-0.09352
-0.9115
0.42993
-0.79823
0.09788
-0.66562
-0.27519
-0.42725
-0.59646
-1.03245
-1.60521
0.37232
0.44439
-1.38766
-0.05348
-0.89611
-0.30741
0.03717
-0.54521
-1.38906
0.00688
-1.08483
-2.48644
-1.47588
0.27744
-0.04307
-2.10298
-1.20308
-3.05961
-0.90313
-0.65864
-0.41387
-0.683
-0.03924
0.28066
-0.28536
-0.0278
-0.64649
-0.64406
0.61491
-1.22084
-1.34062
-0.5
0.12028
-0.5
0.21222
-0.5
-0.08217
-0.5
0.06678
0.40695
-0.27234
-1.24354
-1.76422
-0.88189
-0.37701
0.00143
0.50859
-0.5
-0.87553
-0.48088
-0.12643
-0.24856
-1.08669
-0.09752
-1.06148
-0.46075
-1.69043
-1.27914
-0.30931
-1.50649
0.10657
-1.41721
0.06356
-0.03963
-1.66083
0.52338
-0.74205
-0.86973
-0.92977
0.10637
-1.65448
-2.10975
-0.8102
-0.22508
-0.29487
0.22613
-0.21993
-3.21986
-0.5
-0.28062
-1.69267
-1.15416
0.72144
-0.85379
-2.18344
-2.06992
-1.17924
-1.70747
-0.35333
0.40673
-1.52156
-1.65705
-1.79842
-1.14294
-0.02229
-1.51066
-0.95685
-1.78014
0.18838
-1.40805
-0.75233
-0.5
-0.49453
-0.88917
-0.72188
-1.11205
0.21741
-0.91576
0.21056
0.23894
-0.5
-0.5
-0.5
-0.5
-0.5
-2.52255
-0.5
-0.5
-0.5
-0.5
-0.97977
-0.5
-0.5
-0.5
-0.5
-0.5
-0.5
-0.5
-0.5
-0.39731
-0.5
-1.70179
-0.5
-0.5
-0.5
-0.5
-0.5
-0.5
-0.5
-3.33629
-0.5
-0.5
-0.5
-0.5
-1.18628
-0.5
-0.5
-1.28829
-0.5
-0.5
-0.5
-0.5
0.18049
-0.5
-0.5
-1.49236
-0.5
-0.10452
-0.5
-0.5
-0.5
-0.5
-0.5
-0.5
-1.66642
-0.5
-0.5
-2.36256
-0.5
-0.5
-1.80005
-0.82652
-0.5
-3.19489
-0.5
-0.5
-1.98192
-0.5
-0.90695
-0.5
-2.25936
-0.5
-1.2202
-0.5
-0.5
-0.5
-3.14651
-0.5
-0.5
-0.5
0.07203
-0.5
-0.5
-0.5
-0.5
-1.60618
-0.5
-0.5
-0.5
-0.5
-0.5
-0.5
-0.5
-0.5
-0.5
-0.5
-1.38114
-0.5
-0.5
-0.5
-1.09363
-0.5
-0.5
-0.5
-2.6073
-0.5
-0.5
-0.5
-0.5
-1.31349
-0.5
-0.5
-0.5
-0.5
-0.5
-1.37443
-1.32727
-0.5
-0.5
-0.5
-1.88464
-0.5
-0.5
-0.5
-0.5
-0.5
-0.5
-0.5
-0.5
-0.5
0.41759
-0.5
-0.5
0.45888
-0.5
-0.5
-0.5
-0.5
-0.5
-0.5
-0.5
-0.84626
-0.5
-0.5
-0.95191
-0.5
-0.5
-0.5
-0.5
-0.5
-0.5
-2.55811
-0.5
-2.60366
-0.5
-2.95429
-2.38303
-0.5
-0.5
-0.5
-0.5
-0.5
-0.5
-0.88387
-0.5
-0.5
-0.5
-0.5
-0.5
-0.5
-1.16639
-0.5
-0.5
-0.5
-0.5
-0.5
-2.02453
-0.5
-2.60952
-0.5
-0.5
-0.5
-0.5
-0.5
-0.5
-0.5
-0.5
0.15609
-1.13507
-0.3923
-0.5
-1.67325
-5.67685
-0.5
-0.5
-0.5
-0.5
-0.5
-0.5
-0.5
-0.5
-0.5
-0.5
-0.5
-0.5
-0.5
-0.5
-0.5
-0.5
-0.5
-0.5
-0.5
-0.5
-0.5
-0.5
-0.5
-0.5
-0.5
-0.5
-0.5
-0.5
-0.5
-0.5
-0.5
-0.5
-0.5
-0.5
-0.5
-0.5
-0.5
-0.5
-0.5
-0.5
-0.5
-0.5
-0.5
-0.5
-0.5
-0.5
-0.5
-0.5
-0.5
-0.5
-0.5
-0.5
-0.5
-0.5
-0.5
-0.5
-0.5
-0.5
-0.5
-0.5
-0.5
-0.5
-0.5
-0.5
-0.5
-0.5
-0.5
-0.5
-0.5
-0.5
-0.5
-0.5
-0.5
-0.5
-0.5
-0.5
-0.5
-0.5
-0.5
-0.5
-0.5
-0.5
-0.5
-0.5
-0.5
-0.5
-0.5
-0.5
-0.5
-0.5
-0.5
-0.5
-0.5
-0.5
-0.5
-0.5
-0.5
-0.5
-0.5
-0.5
-0.5
-0.5
-0.5
-0.5
-0.5
-0.5
-0.5
-0.5
-0.5
-0.5
-0.5
-0.5
-0.5
-0.5
-0.5
-0.5
-0.5
-0.5
-0.5
-0.5
-0.5
-0.5
-0.5
-0.5
-0.5
-0.5
-0.5
-0.5
-0.5
-0.5
-0.5
-0.5
-0.5
-0.5
-0.5
-0.5
-0.5
-0.5
-0.5
-0.5
-0.5
-0.5
-0.5
-0.5
-0.5
-0.5
-0.5
-0.5
-0.5
-0.5
-0.5
-0.5
-0.5
-0.5
-0.5
-0.5
-0.5
-0.5
-0.5
-0.5
-0.5
-0.5
-0.5
-0.5
-0.5
-0.5
-0.5
-0.5
-0.5
-0.5
-0.5
-0.5
-0.5
-0.5
-0.5
-0.5
-0.5
-0.5
-0.5
-0.5
-0.5
-0.5
-0.5
-0.5
-0.5
-0.5
-0.5
-0.5
-0.5
-0.5
-0.5
-0.5
-0.5
-0.5
-0.5
-0.5
-0.5
-0.5
-0.5
-0.5
-0.5
-0.5
-0.5
-0.5
-0.5
-0.5
-0.5
-0.5
-0.5
-0.5
-0.5
-0.5
-0.5
-0.5
-0.5
-0.5
-0.5
-0.5
-0.5
-0.5
-0.70646
-0.5
-0.5
-0.5
-0.5
-0.5
-0.5
-0.5
-0.5
-0.5
-0.5
-0.5
-0.5
-0.5
-0.5
-0.5
-0.5
-0.5
-0.5
-0.5
-0.5
-0.5
-0.5
-0.5
-0.5
-0.5
-0.5
-0.5
-0.5
-0.5
-0.5
-0.5
-0.5
-0.5
-0.5
-0.5
-0.5
-0.5
-0.5
-0.5
-0.5
-0.5
-0.5
-0.5
-0.5
-0.5
-0.5
-0.5
-0.5
-0.5
-0.5
-0.5
-0.5
-0.5
-0.5
-0.5
-0.5
-0.5
-0.5
-0.5
-0.5
-0.5
-0.5
-0.5
-0.5
-0.5
-0.5
-0.5
-0.5
-0.5
-0.5
-0.5
-0.5
-0.5
-0.5
-0.5
-0.5
-0.5
-0.5
-0.5
-0.5
-0.5
-0.5
-0.5
-0.5
-0.5
-0.5
-0.5
-0.5
-0.5
-0.5
-0.5
-0.5
-0.5
-0.5
-0.5
-0.5
-0.5
-0.5
-0.5
-0.03722
-1.19865
-0.37297
-1.04717
-0.60395
-0.90223
-1.39468
-0.18825
-1.28981
-1.19245
-0.51406
0.30233
-0.79045
0.10068
0.15797
0.01322
-0.27302
0.14928
-0.90897
0.59884
-0.35276
-0.04563
0.4943
-0.36163
0.30485
-1.14981
0.49116
-0.18324
-0.23789
0.06021
-0.95894
-0.12932
0.6404
-1.14223
-0.53612
-0.5
-0.21417
-1.05
0.24836
-0.29556
-1.37571
0.20479
-1.02676
-0.3008
-0.52495
-0.58846
-0.01601
-0.6066
-0.63891
0.05494
-1.26293
-0.51002
0.01774
-0.15762
-1.17878
-0.96524
-0.36374
0.47656
-0.59055
0.26354
0.38429
0.90581
-1.14562
-0.40143
-0.32182
-0.11723
0.15596
-1.60665
0.57753
-0.35815
-0.14416
-0.5
-0.13321
-0.78052
-0.90497
0.39272
0.28714
-0.13003
-0.53932
0.16059
-0.45233
-0.91048
0.21059
0.1173
-0.77133
-0.13054
-0.6541
-0.37418
0.31825
-1.21088
-1.44032
-0.16612
-0.00035
-1.04465
-0.39184
-0.25722
-0.89206
0.0557
0.05184
0.03394
0.26643
-0.69009
-1.11015
-1.02668
0.93457
-0.1757
0.76019
-0.91309
-0.83433
-0.79225
-1.12981
-0.26314
-0.19766
-0.09793
0.3628
0.52861
-0.10288
0.21218
0.33921
-0.02262
-0.21643
-0.96313
0.37227
-2.18048
-1.16908
-0.92427
-0.11196
-0.49476
0.68286
-0.99239
0.92328
0.45508
-0.11814
-0.30283
-1.3102
-0.47355
-0.3342
0.53891
-0.77714
0.40287
0.0329
0.75585
-0.71931
0.94385
-0.13024
-5.4493
-0.13129
-0.4376
0.1553
0.17808
-0.52013
0.31943
-0.32957
0.61731
0.13376
0.35831
0.01774
-1.35803
-1.29277
0.15043
-0.41229
-0.0431
0.84017
-0.28129
-0.82665
-0.15927
-1.15244
-0.29765
0.74125
0.74794
-0.83817
-1.01434
0.36523
-0.54068
0.06434
-0.37364
0.09035
0.06752
-1.60754
0.58434
-0.24413
-0.1274
0.56284
-0.69111
-0.20717
-0.86778
-0.51936
-1.23571
-0.08366
-1.33815
0.23628
-0.29146
-1.11551
-0.5
-0.3555
0.2434
-0.2134
-0.82798
0.57132
-0.80861
-0.4614
-1.11659
-0.16505
-0.84193
-0.41772
-1.61481
-0.02088
-1.52025
-1.6948
-2.01159
-1.38169
-1.68206
-0.51761
-1.75934
0.10048
-0.58668
-2.1237
-1.42217
0.49992
0.3731
-1.66737
-1.20423
0.06312
-0.7286
-1.97707
-0.49032
-0.76187
-0.5
-0.5
-0.5
-1.60346
-0.26391
-1.28767
-1.41256
-1.61136
0.58892
-0.58514
-4.3709
-1.12927
-1.60221
-0.63569
-0.974
-1.59363
-0.40437
-0.29309
-0.94863
0.40016
-1.52508
0.00806
-1.43593
-1.47335
-0.75527
-2.5633
-1.38068
-0.88195
-0.5
-0.5
-0.89988
-1.52553
-0.5
-0.5
-0.66505
-2.03776
-1.27381
-0.5
0.36035
-1.18354
0.39748
-1.29236
-0.5
-1.00208
-0.99223
-0.06926
0.3095
-1.30337
-0.5
-1.71847
-0.03182
-1.58986
-0.63558
-1.3458
-0.5
-0.06265
-0.58699
-1.53792
-2.3136
-1.30582
-0.5
0.55053
0.20823
-0.70327
-0.18503
-0.29419
-0.5
-2.07276
-0.5
0.51161
0.42058
-0.5
-1.10288
0.61025
-1.63769
-1.04338
-1.5682
0.36213
-0.57475
-0.5
-0.49395
-0.40671
-2.035
0.43224
0.40364
-2.24097
-0.14668
-0.5
0.52564
-1.58089
-2.04887
-0.63863
-1.21084
-1.31316
0.31565
-0.70504
0.40835
-1.28695
-1.24021
0.13608
-0.32993
-0.5
0.56778
-1.58114
-0.5
0.48095
-1.30075
-0.44536
-0.11971
-0.5
-1.61606
0.37548
0.43443
-0.09244
-1.69413
-2.34105
0.12133
-0.80617
0.62351
-1.54209
-1.55279
0.25231
-0.45493
-0.09466
0.13101
-0.42753
-0.34204
-0.54766
-2.04356
-0.27845
0.01418
0.62254
-1.62798
-0.5
-0.18072
0.04818
-0.65867
-0.17431
-0.5
0.454
-0.43743
-0.08296
-0.0636
-1.82369
-0.57416
-0.52864
-2.16782
0.20087
-0.75387
-1.37417
-0.5
-0.5
-1.26947
0.6743
-0.83579
-0.42257
-0.5
-0.05349
-1.63305
-0.81954
0.5817
0.17093
-1.20234
-0.5
-1.11618
0.22913
-1.31908
0.19933
-1.70908
-0.40829
-0.29713
-0.35972
-0.85818
-0.5
-0.5
-0.5
-0.5
-0.5
-0.5
-0.5
-0.5
-0.5
-0.5
-0.5
-0.5
-0.5
-0.5
-0.5
-0.5
-0.5
-0.5
-0.5
-0.5
-0.5
-0.5
-0.5
-0.5
-0.5
-0.5
-0.5
-0.5
-0.5
-0.5
-0.5
-0.5
-0.5
-0.5
-0.5
-0.5
-0.5
-0.5
-0.5
-0.5
-0.5
-0.5
-0.5
-0.5
-0.5
-0.5
-0.5
-0.5
-0.5
-0.5
-0.5
-0.5
-0.5
-0.5
-0.5
-0.5
-0.5
-0.5
-0.5
-0.5
-0.5
-0.5
-0.5
-0.5
-0.5
-0.5
-0.5
-0.5
-0.5
-0.5
-0.5
-0.5
-0.5
-0.5
-0.5
-0.5
-0.5
-0.5
-0.5
-0.5
-0.5
-0.5
-0.5
-0.5
-0.5
-0.5
-0.5
-0.5
-0.69473
-0.5
-0.5
-0.5
-0.5
-0.5
-0.5
-0.5
-0.5
-0.5
-0.5
-2.80235
-0.5
-0.5
-0.5
-0.5
-0.5
-0.5
-0.5
-0.5
-0.5
-0.5
-0.5
-0.5
-0.5
-0.5
-2.04299
-0.5
-0.5
-0.5
-0.5
-0.5
-0.5
-0.5
-0.5
-0.5
-0.5
-0.5
-0.5
-0.5
-0.5
-0.5
-0.5
-0.5
-0.5
-0.5
-0.5
-0.5
-0.5
-0.5
-0.5
-0.5
-0.5
-0.5
-0.5
-0.5
-0.5
-0.5
-0.5
-0.5
-0.5
-0.5
-0.5
-0.5
-0.5
-0.5
-2.75268
-0.5
-0.5
-0.5
-0.5
-0.5
-0.5
-0.5
-0.5
-0.5
-0.5
-0.5
-0.5
-0.5
-0.5
-0.5
-0.5
-0.5
-0.5
-0.5
-0.5
-0.5
-0.5
-0.5
-0.5
-0.5
-0.5
-0.5
-0.5
-0.5
-0.5
-0.5
-0.5
-0.5
-0.5
-0.5
-0.5
-0.5
-0.5
-0.5
-0.5
-0.5
-0.5
-0.5
-0.5
-0.5
-0.5
-0.5
-0.5
-0.5
-0.5
-0.5
-0.5
-0.5
-0.5
-0.5
-0.5
-0.5
-0.5
-0.5
-0.5
-0.5
-0.5
-0.5
-2.48587
-1.19645
-0.5
-0.5
-0.5
-0.5
-0.5
-0.5
-0.5
-0.5
-0.5
-0.5
-0.5
-0.5
-0.5
-0.5
-0.5
-0.5
-0.5
-0.5
-0.5
-0.5
-0.5
-0.5
-0.5
-0.5
-0.5
-0.5
-0.5
-0.5
-0.5
-0.5
-0.5
-0.5
-0.5
-0.5
-0.5
-0.5
-0.5
-0.5
-0.5
-0.5
-0.5
-0.5
-0.5
-0.5
-0.5
-0.5
-0.5
-0.5
-0.5
-0.5
-0.5
-0.5
-0.5
-0.5
-0.5
-0.5
-0.5
-0.5
-0.5
-0.5
-0.5
-0.5
-0.5
-0.5
-0.5
-0.5
-0.5
-0.5
-0.5
-0.5
-0.5
-0.5
-0.5
-0.5
-0.5
-0.5
-0.5
-0.5
-0.5
-0.5
-0.5
-0.5
-0.5
-0.5
-0.5
-0.5
-0.5
-0.5
-0.5
-0.5
-0.5
-1.66298
-0.5
-0.5
-0.5
-0.5
-0.5
-0.5
-0.5
-0.5
-0.5
-0.5
-0.5
-0.5
-0.5
-0.5
-0.5
-0.5
-0.5
-0.5
-0.5
-0.5
-0.5
-0.5
-0.5
-0.5
-0.5
-0.5
-0.5
-0.5
-0.5
-0.5
-0.5
-0.5
-0.5
-0.5
-0.5
-0.5
-0.5
-0.5
-0.5
-0.5
-0.5
-0.5
-0.5
-0.5
-0.5
-0.5
-0.5
-0.5
-0.5
-0.5
-0.5
-0.5
-0.5
-0.5
-0.5
-0.5
-0.5
-0.5
-0.5
-0.5
-0.5
-0.5
-0.5
-0.5
-0.5
-0.5
-0.5
-0.5
-0.5
-0.5
-0.5
-0.5
-0.5
-0.5
-0.5
-0.5
-0.5
-0.5
-0.5
-0.5
-0.5
-0.5
-0.5
-0.5
-0.5
-0.5
-0.5
-0.5
-0.5
-0.5
-0.5
-0.5
-0.5
-0.5
-0.5
-0.5
-0.5
-0.5
-0.5
-0.5
-0.5
-0.5
-0.5
-0.5
-0.5
-0.5
-0.5
-0.5
-0.5
-0.5
-0.5
-0.5
-0.5
-0.5
-0.5
-0.5
-0.5
-0.5
-0.5
-0.5
-0.5
-0.5
-0.5
-0.5
-0.5
-0.5
-0.5
-0.5
-0.5
-0.5
-0.5
-0.5
-0.5
-0.88605
-0.5
-0.5
-0.5
-0.5
-0.5
-0.5
-0.5
-0.5
-0.5
-0.5
-0.5
-0.5
-0.5
-0.5
-0.5
-0.5
-0.5
-0.5
-0.5
-0.5
-0.5
-0.5
-0.5
-0.5
-0.5
-0.5
-0.5
-0.5
-0.5
-0.5
-0.5
-0.5
-0.5
-0.5
-0.5
-0.5
-0.5
-0.5
-0.5
-0.5
-0.5
-0.5
-0.5
-0.5
-0.07738
-0.5
-0.5
-0.5
-0.5
-0.5
-0.5
-0.5
-0.5
-0.5
-0.5
-0.5
-0.5
-0.5
-0.5
-0.5
-0.5
-0.5
-0.5
-0.5
-0.5
-0.5
-0.5
-0.5
-0.5
-0.5
-0.5
-0.5
-0.5
-0.5
-0.5
-0.5
-0.5
-0.5
-0.5
-0.5
-0.5
-0.5
-0.5
-0.5
-0.5
-0.5
-0.5
-0.5
-0.5
-0.5
-0.5
-0.5
-0.5
-0.5
-0.5
-0.5
-0.5
-0.5
-0.5
-0.5
0.37796
-0.5
-0.5
-0.5
-0.5
-0.5
-0.5
-0.5
-0.5
-0.5
-0.5
-1.70585
-0.9348
-1.36461
-2.06077
-3.79666
-0.27073
-0.55645
-0.65728
-0.5
-0.09153
-1.6208
-1.64704
-0.49311
0.0935
-0.5
0.43557
-1.12599
0.12813
-0.7101
-0.73293
0.36931
-2.22262
-0.51138
-0.15587
-0.05714
0.36328
-0.32888
-0.66248
0.0358
-1.48047
-0.5
-0.41698
-2.27585
-0.82661
-1.09762
-0.20518
-3.09167
-0.24399
-1.55661
0.06019
-1.23652
-0.01271
-0.21919
-0.54432
-0.89811
-2.2276
-0.30037
-1.3224
-1.75347
-1.86191
-1.18022
-1.14023
-0.77197
-0.34976
-0.60203
-1.30892
-1.69029
0.17994
0.09287
-1.57534
-1.07698
-0.50785
-0.215
0.09276
-0.21747
-1.56863
-1.27791
-0.43412
-0.25453
-1.26099
-0.14452
-0.09607
-0.1668
0.5492
-0.11362
-0.31081
-0.26387
-0.5
-1.91711
0.39001
0.185
-0.96325
-0.81049
-1.21818
0.22132
-2.88092
-1.10932
-1.02277
0.16734
-0.00779
-1.70575
-1.85543
-0.45913
-0.70368
-0.35532
-1.1578
-0.22074
-0.5
0.54628
-0.26994
-1.33679
0.14753
-0.29106
-0.446
-0.99202
0.58619
-1.47382
-1.67138
-1.29477
-0.5
-1.30878
-0.10281
-0.5786
-0.24758
-0.9222
-0.59746
-0.69177
-1.21529
-0.14528
0.47745
-1.21542
-1.18998
-1.6918
0.21719
-1.11855
-0.83199
-1.5255
-0.09349
-0.65095
-0.04524
-2.71867
-1.19005
-0.3407
-0.60123
-0.12423
-0.81507
0.25948
-1.55553
-0.35105
-1.72266
-1.0324
-0.5
-0.04245
-1.02763
-0.50539
-0.34242
-0.378
-0.11509
0.17496
-0.14329
-1.16273
-0.71371
-1.07024
-0.42739
-0.36055
0.13276
-0.37391
0.10454
0.37761
-0.5
-1.02158
-0.55044
0.25846
-0.31225
-0.1257
-0.40315
-1.38404
-0.78257
-0.43503
-0.03004
0.23988
0.20889
-0.82161
-0.53387
-1.09471
-0.49972
-0.03333
-0.5
-0.68642
-0.80463
0.40511
-1.38772
-1.04819
-1.05798
-1.16569
-0.5
-0.16497
-0.57226
-0.02453
0.17589
0.44532
0.0353
0.49358
-0.32599
-0.10173
-0.78528
-0.71496
-0.4017
-0.58744
-0.06636
-1.19934
0.31938
0.06618
0.19343
-0.31437
-1.11421
-1.12309
-1.02655
-1.3768
-1.56264
-3.25073
0.0103
-1.41677
0.21854
-1.55414
-0.27672
-1.21009
-0.93555
-0.36384
0.28237
0.04252
-0.1621
0.61908
0.05854
0.18379
0.03921
-0.5
-0.52705
-0.41817
-1.29108
-0.88799
-1.10349
0.38607
-0.39424
-1.03428
-0.27916
-1.0484
-0.81616
-0.66308
-0.5
0.02886
0.00278
0.13586
0.2519
-1.15552
-0.82381
-0.91681
-1.62339
0.33373
0.44157
-0.77137
-1.38258
0.06453
-0.46626
-0.52367
-1.06628
-0.2061
-1.65621
0.16912
-0.96182
-0.35224
-0.97731
0.02947
-1.32184
-0.09173
-0.44304
-0.5
-1.68159
-0.12974
-0.35681
0.41601
0.12993
-1.30185
-1.22194
-0.80258
-1.13021
-0.58498
-0.08383
0.08054
0.20591
0.12269
-1.713
-0.73817
-0.02751
-1.3149
-0.23615
-0.5
-0.82388
-0.21047
-0.44553
-0.5
-0.11929
0.3196
-0.06509
0.21252
-1.11208
-0.19165
-2.64119
-0.27907
-0.49654
-1.372
-0.69332
-0.92613
-0.27236
-0.73362
-2.26507
-0.09527
-0.86488
0.49859
0.18828
-2.15937
-1.72301
-1.52023
-2.58839
-0.5
0.2426
-0.36222
-0.04571
0.37337
0.17083
-0.68222
-0.36281
-0.5
0.13878
-1.28735
0.10078
-1.57424
-1.29263
-0.91735
-0.49169
-2.4262
0.2764
0.73726
-1.03072
-1.28251
-0.46611
-0.00152
0.5662
0.12154
-1.24338
-0.5
-1.19554
-0.19383
-0.12589
0.19628
-1.17509
-0.35412
-1.30255
-1.09455
-0.227
-1.5857
-0.81659
-1.1086
-0.33965
-1.46533
-1.24019
-0.88804
-0.60952
-1.17177
-1.61637
-1.44555
0.23294
-1.21735
-0.60865
-1.05042
-0.30706
-0.35499
0.32195
-0.65065
-0.96037
-0.89335
-0.5
-1.68405
-0.4409
-1.81252
-1.84848
-1.24437
-2.55045
-0.21133
-0.5
-0.86867
-0.44028
-0.79587
-0.70863
-4.22204
0.47552
-0.68295
-0.7203
-1.02203
0.01364
-0.67763
-0.07326
-0.5
-0.1325
-1.09943
0.06098
-2.56994
0.05369
-1.40611
-1.15471
-0.72171
-1.12403
-0.08271
-1.05074
0.09861
-0.92324
-0.00662
0.12948
0.56063
0.10216
0.01731
0.52428
-1.14696
-0.78133
-0.18904
-1.12289
0.87492
-2.08376
-1.24254
-0.5
-0.4718
-1.1776
-1.06573
-1.25358
-0.2073
-0.21998
0.25808
-0.39876
0.00448
-0.11693
0.32188
-0.07655
0.053
-1.04228
-0.5234
-2.0139
0.0533
-1.67774
-0.5
-0.09719
-0.35297
-0.18468
-0.36472
-0.10483
-0.73416
0.49164
0.11895
0.18017
0.0579
-0.37861
0.44631
-1.7312
-0.72814
-0.82958
-0.5
-0.378
-1.64945
0.01737
-0.86059
-0.87976
0.16857
-0.07975
0.04262
-1.15854
0.10065
0.20786
-0.22372
0.02002
-0.45718
-1.99926
-0.78888
-1.05321
-0.14486
-1.22332
-0.93517
-0.68884
-2.07147
-0.5
0.18328
-0.75059
0.13693
-0.2309
-1.9519
-0.16222
-0.58011
-1.62565
0.02456
0.09922
-1.55218
-0.26818
-0.5
-1.81103
0.3643
0.03446
0.16324
-0.24682
0.42203
-0.81574
-0.12498
-0.02692
-1.26257
-0.57496
-0.34775
-0.31578
-0.36605
-0.76927
-0.0448
-0.37196
0.36907
-0.13127
-0.40254
0.44282
-1.28531
-1.27043
-0.08901
-1.76004
0.22328
-0.18878
-0.53127
-0.28802
-0.54779
0.28563
-0.2149
-0.98752
-1.21795
-0.5
-0.58027
-0.56733
-0.03123
-0.52143
-0.45349
-0.05181
-0.59585
-0.63145
-0.62201
-0.5
-0.84512
0.07465
0.31994
0.14411
0.20247
-1.6486
-0.13147
0.05462
0.29549
-0.93649
-1.42579
-0.65454
-0.25863
-0.35428
0.17827
-0.33128
0.06482
0.0139
-0.92895
0.26525
-0.46169
-0.45993
-0.5
-0.6727
-1.50107
-0.48677
-2.0842
-0.98554
-0.69593
-0.31703
-1.40714
0.25612
-0.51043
-0.87203
0.42352
-0.79859
-1.30896
-0.01872
-0.56749
-1.02085
-0.81548
-1.01574
-0.80791
-0.67599
-0.94693
-0.29619
-0.1926
-0.67488
-0.5
-2.25934
-0.60666
-0.5
0.10598
-0.89055
-0.89766
-0.72944
-0.64131
-0.44393
0.24655
0.0548
-0.73474
-0.35928
-0.23498
-0.5
-0.5
-0.5
-0.5
-0.5
-0.5
-0.5
-0.5
-0.5
-0.5
-0.5
-0.5
-0.5
-0.5
-0.5
-0.5
-0.5
-0.5
-0.5
-0.5
-0.5
-0.5
-0.5
-0.5
-0.5
-0.5
-0.5
-0.5
-0.5
-0.5
-0.5
-0.5
-0.5
-0.5
-0.5
-0.5
-0.5
-0.5
-0.5
-0.5
-0.5
-0.5
-0.5
-0.5
-0.5
-0.5
-0.5
-0.5
-0.5
-0.5
-0.5
-0.5
-0.5
-0.5
-0.5
-0.5
-0.5
-0.5
-0.5
-0.5
-0.5
-0.5
-0.5
-0.5
-0.5
-0.5
-0.5
-0.5
-0.5
-0.5
-0.5
-0.5
-0.5
-0.5
-0.5
-0.5
-0.5
-0.5
-0.5
-0.5
-0.5
-0.5
-0.5
-0.5
-0.5
-0.5
-0.5
-0.5
-0.5
-0.5
-0.5
-0.5
-0.5
-0.5
-0.5
-0.5
-0.5
-0.5
-0.5
-0.5
-0.5
-0.5
-0.5
-0.5
-0.5
-0.5
-0.5
-0.5
-0.5
-0.5
-0.5
-0.5
-0.5
-0.5
-0.5
-0.5
-0.5
-0.5
-0.5
-0.5
-0.5
-0.5
-0.5
-0.5
-0.5
-0.5
-0.5
-0.5
-0.5
-0.5
-0.5
-0.5
-0.5
-0.5
-0.5
-0.5
-0.5
-0.5
-0.5
-0.5
-0.5
-0.5
-0.5
-0.5
-0.5
-0.5
-0.5
-0.5
-0.5
-0.5
-0.5
-0.5
-0.5
-0.5
-0.5
-0.5
-0.5
-0.5
-0.5
-0.5
-0.5
-0.5
-0.5
-0.5
-0.5
-0.5
-0.5
-0.5
-0.5
-0.5
-0.5
-0.5
-0.5
-0.5
-0.5
-0.5
-0.5
-0.5
-0.5
-0.5
-0.5
-0.5
-0.5
-0.5
-0.5
-0.5
-0.5
-0.5
-0.5
-0.5
-0.5
-0.5
-0.5
-0.5
-0.5
-0.5
-0.5
-0.5
-0.5
-0.5
-0.5
-0.5
-0.5
-0.5
-0.5
-0.5
-0.5
-0.5
-0.5
-0.5
-0.5
-0.5
-0.5
-0.5
-0.5
-0.5
-0.5
-0.5
-0.5
-0.5
-0.5
-0.5
-0.5
-0.5
-0.5
-0.5
-0.5
-0.5
-0.5
-0.5
-0.5
-0.5
-0.5
-0.5
-0.5
-0.5
-0.5
-0.5
-0.5
-0.5
-0.5
-0.5
-0.5
-0.5
-0.5
-0.5
-0.5
-0.5
-0.5
-0.5
-0.5
-0.5
-0.5
-0.5
-0.5
-0.5
-0.5
-0.5
-0.5
-0.5
-0.5
-0.5
-0.5
-0.5
-0.5
-0.5
-0.5
-0.5
-0.5
-0.5
-0.5
-0.5
-0.5
-0.5
-0.5
-0.5
-0.5
-0.5
-0.5
-0.5
-0.5
-0.5
-0.5
-0.5
-0.5
-0.5
-0.5
-0.5
-0.5
-0.5
-0.5
-0.5
-0.5
-0.5
-0.5
-0.5
-0.5
-0.5
-0.5
-0.5
-0.5
-0.5
-0.5
-0.5
-0.5
-0.5
-0.5
-0.5
-0.5
-0.5
-0.5
-0.5
-0.5
-0.5
-0.5
-0.5
-0.5
-0.5
-0.5
-0.5
-0.5
-0.5
-0.5
-0.5
-0.5
-0.5
-0.5
-0.5
-0.5
-0.5
-0.5
-0.5
-0.5
-0.5
-0.5
-0.5
-0.5
-0.5
-0.5
-0.5
-0.5
-0.5
-0.5
-0.5
-0.5
-0.5
-0.5
-0.5
-0.5
-0.5
-0.5
-0.5
-0.5
-0.5
-0.5
-0.5
-0.5
-0.5
-0.5
-0.5
-0.5
-0.5
-0.5
-0.5
-0.5
-0.5
-0.5
-0.5
-0.5
-0.5
-0.5
-0.5
-0.5
-0.5
-0.5
-0.5
-0.5
-0.68527
-0.97692
0.32387
-0.98097
-1.18269
0.06783
-0.394
-1.88591
-0.42053
-0.85723
-1.23741
0.03
-0.57168
-0.29117
0.81485
-0.21851
-0.05129
-0.0998
-0.1186
-0.65735
0.42293
0.3996
0.31368
0.3674
-1.6242
-0.70443
-0.95711
-0.16606
-0.92642
0.41609
-1.86318
-0.31402
-0.46039
-0.30792
-0.9988
-0.88282
-1.20599
-0.17426
-0.94848
-1.15691
-0.64238
-0.283
-1.25636
0.11497
0.04535
-0.57385
-0.36011
0.01636
-0.37021
0.16625
0.04135
0.81387
0.33884
-0.34933
-1.39448
-0.5
0.65507
0.29285
0.65869
-1.32694
-0.39694
0.02514
-0.17718
-1.02373
0.26626
0.61715
-0.80483
0.26158
0.69642
-0.73114
-0.74747
0.00154
0.09715
0.3163
0.32499
-0.20017
-1.38352
-0.50935
-0.93797
0.31496
-0.02794
0.33993
-0.46957
-1.08239
-0.30906
-0.1864
-0.17074
0.14521
-0.81804
0.29246
-0.36559
-0.93701
-0.25962
0.44331
-1.07592
0.71646
-0.05644
0.59234
0.15681
0.37648
-0.73181
-0.66268
-1.18996
0.44915
-0.36295
-0.65182
-0.37283
-1.49849
0.47192
-0.41505
-0.50587
-0.79948
-1.15724
-2.08474
-0.08562
-1.80755
-1.27042
0.55283
-0.43598
-0.46053
-1.13162
0.12366
-1.1666
-0.54404
-0.55675
0.37418
0.17697
0.13986
0.39161
-2.26142
-1.30309
-0.5509
-0.75014
-0.44317
0.45845
-0.31886
-0.63304
-0.0621
0.46548
0.47907
-1.02226
0.04644
-0.32371
-0.72756
0.06792
0.02273
-0.72246
0.1764
0.28728
-0.59999
-0.46174
0.73792
-1.17302
0.34844
-0.50213
-0.38932
-0.12709
-0.69571
0.02088
-1.9444
-0.02863
0.53312
0.22567
-0.99067
-0.61738
-0.91864
-0.96075
-0.8717
-0.54364
-0.86467
0.07658
-0.15657
-1.47727
-0.43278
-1.36088
-0.34376
-1.01936
-1.80202
-1.46249
-0.5
0.41988
-0.90557
-0.90418
0.34885
-0.1797
-0.32579
-0.87404
-0.24546
-0.01736
-0.96891
0.46663
0.27383
0.72696
-0.4323
-0.67195
0.06416
0.19071
0.58535
-0.82501
0.062
-1.01452
0.14094
0.59864
-1.9976
0.4928
0.48281
-0.5
-0.95076
-0.04731
-1.02857
0.09087
0.04746
-0.34961
0.24596
-2.25872
-1.4725
-0.5
0.1713
0.31965
0.17295
-0.40846
-0.24636
-0.37028
0.23513
-0.05188
-0.02759
0.4929
0.16269
0.29209
-0.42418
-1.17035
-1.17673
-0.77651
0.2032
0.55706
-2.35261
0.84295
-0.42814
0.40435
-0.46061
0.23652
-1.86601
-1.63788
0.39513
0.33799
-1.48944
0.1362
-0.85665
-0.5
0.71745
-0.71445
-0.12565
0.22681
0.15997
0.20419
0.37133
-1.479
-0.31443
-0.89853
-0.91751
-0.87116
-0.72284
0.08038
0.18049
0.12358
0.06458
0.17737
-1.12941
-1.73658
-0.33819
-0.4508
-1.27599
-0.5
-0.81543
-0.10791
-0.19598
0.21772
-2.06449
0.39838
0.22681
-0.69292
-0.20049
-0.97809
0.19187
0.44979
-1.05111
-0.26896
-0.85864
0.0792
-0.00207
0.41421
0.5086
-0.72891
-1.07908
-0.0673
0.54283
-0.4248
-0.49665
-0.55592
0.42522
-0.00291
-1.56842
-1.09481
-1.05253
0.26428
-0.45709
-1.0581
-1.20179
0.73774
-0.71175
-0.21027
-1.67335
-1.20861
-0.60065
-1.20196
-2.06811
0.00537
-0.75664
0.10208
-0.48428
-1.65102
0.12181
-0.17863
-0.07106
0.14799
-0.57537
0.06127
0.2572
0.1869
-0.96985
-0.83485
-0.51316
-0.82805
-0.19857
0.24991
-0.1021
0.26864
-3.23336
-1.17917
-0.54608
-1.05497
-0.18632
-0.1219
-1.46368
0.17849
-0.60396
-1.26378
-0.93305
-1.75091
-1.25543
-1.39079
-1.85023
-0.18715
-2.63927
0.14895
-1.09478
-0.85309
-0.65864
0.09862
0.20938
0.00325
-1.28876
0.14109
-0.57479
-1.34788
-0.30654
-0.43834
-1.07258
-0.26803
-0.5
-0.7657
0.03286
0.32694
-0.57457
-0.68253
0.66939
-0.30828
-0.82063
-0.64691
-1.27687
-1.23137
-0.06461
0.17172
-0.33757
-1.22065
-1.26458
-0.86353
0.16182
-0.5
-0.94166
0.49675
-0.76744
-1.32647
0.04383
-1.00683
0.1355
-0.40493
-0.18112
-1.25901
-0.5
-0.87169
-0.44956
-1.20439
-0.7519
0.57546
-0.55748
0.25975
-1.86566
-0.5
-0.99169
0.29308
-0.30182
-0.17661
-1.16866
-1.35691
0.31289
-0.4249
-0.57845
-1.20828
0.07002
0.38905
-0.759
-1.24988
-0.83669
-0.6246
-1.22937
-0.27798
0.45727
0.4243
-1.24241
-0.25681
0.53645
0.74572
-0.2491
-0.77144
-0.93706
0.33165
-0.0327
0.20061
-0.74524
0.3203
0.51011
-1.34185
-0.10693
0.32908
0.36005
-1.05701
-0.16229
0.52839
0.4814
0.01632
-0.16316
0.60427
-0.68741
0.08788
0.04249
-0.24493
-0.75277
0.04583
-0.5
0.19832
-0.84425
0.03391
-0.30017
-1.78714
0.08878
-0.15631
-1.28346
-1.08222
-0.4159
-0.46749
-0.14459
-1.22435
0.14717
0.62251
-0.623
-0.793
-1.08457
0.63301
0.21163
-0.39966
0.16921
-0.47508
-0.0106
0.04683
-0.48716
-0.70016
0.04649
-0.41648
-1.53577
-0.16812
0.33553
-0.05239
0.54138
-0.91701
-0.57835
-1.2521
-0.12137
-0.32413
-0.14608
-1.30192
-1.41138
-0.54465
-0.30544
-1.39387
-1.78451
-0.58674
-0.34109
-0.58481
-0.47409
-1.295
-0.58524
-2.05492
0.39974
-1.10732
-0.90205
-1.96211
-0.90782
-0.38166
-0.65381
-2.80884
-0.65751
0.4247
-0.45939
-1.39513
0.11509
-1.06851
0.44693
-0.69637
-1.34019
-1.48616
-0.21263
-1.16569
-0.63337
-2.59405
-0.82915
-0.12502
0.37157
-1.28946
0.77607
-2.03033
-0.45751
-0.65686
0.60841
-1.19085
0.07682
-1.10581
0.28903
-0.406
0.14759
-0.17006
-0.04482
0.2352
0.19362
-0.07582
-1.21708
-0.2248
-1.33274
-0.95977
-0.22416
-0.14979
0.13631
-1.33692
0.29958
-1.02732
-1.37563
-0.01504
-0.42856
-0.64428
0.22764
-1.67143
-0.76454
-0.12932
-0.26429
-1.28547
0.06631
0.31506
-1.02828
-0.5
-2.00878
-0.72503
-1.35569
-0.34624
-0.104
0.28966
-0.02982
-0.44064
0.07794
0.45753
-0.72102
-0.34496
-1.32
0.21469
-0.45756
-0.20972
-1.44609
0.54869
0.41166
-0.39684
-1.04164
