-0.10435
-0.01065
0.07516
-0.13905
0.0308
0.01892
0.05776
0.01997
-0.0855
0.05579
0.0766
0.02047
-0.04093
0.09461
0.14023
-0.00315
-0.00721
0.00454
-0.07888
0.09972
0.03748
0.08515
0.05601
-0.07605
0.05383
-0.03141
0.03226
0.17228
0.17652
-0.0769
0.01095
-0.02548
-0.03277
0.07786
0.09727
0.03094
-0.0117
-0.04734
-0.02278
0.07257
0.01185
0.02287
-0.04626
-0.07909
0.02344
-0.00805
0.06672
-0.04388
-0.09867
0.07074
0.02276
0.02275
0.0407
0.06013
0.07995
-0.03771
-0.01006
-0.07352
-0.03278
0.03321
0.04545
0.06459
0.0419
0.08003
-0.03655
0.0606
-0.00652
0.13865
0.09717
-0.03708
0.00315
0.05378
0.01796
0.04515
0.08968
0.07808
0.11815
0.01204
0.05367
-0.05218
0.026
0.02647
0.05666
0.01982
0.02025
-0.05734
-0.07315
0.00878
-0.04369
0.05121
-0.02576
0.01621
-0.03545
0.081
0.03274
0.07548
0.09066
0.00502
-0.07228
-0.08068
0.14105
-0.01237
0.03544
0.04174
0.07122
-0.04775
0.08786
-0.06696
-0.03601
0.05203
-0.03528
0.07021
0.00601
-0.0113
-0.01956
0.08691
0.00195
-0.0464
0.0533
0.03439
0.03234
0.06755
0.00654
0.14156
0.04234
-0.05191
-0.00501
-0.08663
0.03189
0.09007
-0.07847
0.07547
-0.01831
-0.00693
0.10611
0.03986
0.0212
-0.08024
0.00277
0.06443
-0.11885
-0.01623
0.07739
0.13363
0.0507
-0.0252
0.04003
-0.01263
0.01295
0.04792
0.04118
0.00902
0.04364
0.10239
0.04127
0.07648
-0.02793
0.00303
-0.05183
0.03234
0.09719
-0.04945
0.07985
-0.01015
-0.01961
0.01446
-0.07698
0.0394
-0.06144
0.02614
0.03903
0.04828
-0.00097
0.03686
0.06742
0.03761
0.00055
-0.04067
-0.03005
-0.00091
-0.06654
-0.09625
0.05592
0.07614
0.05677
-0.01156
0.04579
-0.11207
0.04827
0.05913
0.08119
-0.02602
-0.03108
0.01606
0.03069
-0.0088
0.15201
-0.02748
0.03695
-0.03509
-5.84001
-6.12075
-4.6585
-5.70423
-1.63112
-4.77227
-3.7563
-6.00357
-5.58699
-5.42837
-5.57975
-6.70831
-4.61618
-4.86302
-5.74338
-6.33827
-5.55218
-4.28594
-5.20115
-7.26286
-4.87
-6.34064
-7.56198
-5.4709
-5.43496
-7.31912
-3.6752
-5.10152
-6.17274
-5.21757
-5.65895
-4.56477
-8.20208
-6.00887
-5.8941
-5.79445
-8.36688
-6.46059
-4.80637
-6.03437
-5.60686
-3.40827
-6.01535
-4.70007
-4.45893
-3.86076
-4.15965
-5.82979
-5.18767
-6.67687
-6.53142
-5.36284
-6.19655
-4.21401
-4.46905
-2.45906
-5.99109
-6.22128
-6.28509
-4.28154
-5.24416
-4.93025
-5.91009
-4.30162
-3.11953
-6.42578
-5.86354
-5.35217
-5.76445
-6.36204
-5.69059
-4.36355
-4.82903
-4.33837
-4.61426
-5.53934
-7.73475
-5.47492
-7.08452
-6.64954
-4.94577
-6.71661
-3.45341
-5.61181
-6.51457
-6.45267
-5.39142
-6.20094
-8.01238
-5.20726
-7.33048
-6.20249
-3.30578
-5.14902
-2.25225
-5.36271
-7.5566
-4.50565
-5.27267
-5.44599
-6.69788
-6.71108
-5.01684
-7.47244
-7.88958
-5.5224
-5.73915
-4.42307
-4.17963
-6.56273
-5.03441
-4.67224
-6.0815
-4.15288
-7.77972
-5.19927
-5.3694
-5.70892
-7.78287
-6.7735
-4.42726
-5.35635
-7.33631
-6.09018
-6.5666
-6.79546
-5.11256
-5.07903
-4.04445
-6.47331
-5.04836
-4.08886
-5.77944
-6.59771
-7.69933
-6.8438
-4.66508
-5.20983
-7.54837
-7.65425
-5.05253
-4.29767
-5.20444
-6.27032
-6.29369
-6.4635
-5.94095
-3.46459
-6.37827
-4.50026
-7.51039
-5.66709
-7.22243
-6.01934
-6.59142
-6.11726
-6.35593
-5.14499
-2.28106
-4.50369
-3.93898
-5.62936
-3.91349
-4.98247
-6.01449
-7.09938
-6.62176
-5.60727
-5.3923
-5.36818
-6.41742
-5.33917
-6.17923
-2.32404
-6.07229
-5.44848
-6.55434
-6.12038
-5.51102
-5.46877
-5.50143
-5.04717
-5.69148
-7.0155
-5.31996
-6.37053
-5.6021
-7.56528
-4.54043
-5.67155
-5.84486
-6.84683
-5.56977
-3.13117
-4.87481
-5.50011
-5.85283
-5.46007
-4.81238
-5.75749
-0.08727
0.03771
-0.04117
-0.03495
-0.04819
-0.12577
0.07061
-0.01593
-0.01903
0.03928
-0.01243
-0.00748
-0.01885
-0.0246
0.0134
0.07576
0.03904
-0.05421
0.07003
0.10039
-0.07038
-0.01909
-0.01934
-0.01658
-0.09028
-0.03762
-0.04518
-0.15783
-0.00951
-0.22351
0.02429
-0.04107
0.00804
-0.08669
-0.06239
-0.05534
0.02849
-0.02814
-0.0011
0.00214
-0.0522
0.00164
-0.0193
-0.05856
0.02233
0.0322
0.01455
-0.04122
-0.01252
-0.05066
-0.15845
0.05317
0.01741
-0.10917
-0.1323
-0.06931
-0.00756
0.07219
-0.01659
0.05405
-0.13971
-0.0495
-0.08177
-0.03974
-0.04978
0.04232
-0.07201
0.00637
-0.02863
0.11803
-0.0035
-0.08165
-0.07063
-0.06816
-0.08567
-0.01796
0.09813
-0.14222
-0.06519
0.11563
-0.00293
0.01821
0.07883
0.05946
0.0024
-0.10061
0.03251
-0.09916
0.01518
0.04061
0.0278
-0.05694
-0.03444
-0.02362
0.06556
-0.05494
-0.1109
-0.06157
-0.03828
-0.04641
-0.10739
0.07948
-0.04017
0.0326
-0.06596
-0.04049
-0.00222
0.0077
-0.12534
0.0753
0.0743
-0.00983
-0.01655
-0.03837
-0.11344
-0.04426
-0.09881
0.02986
-0.1116
0.03313
-0.01664
-0.04321
-0.00813
-0.01501
-0.05575
0.0254
-0.11362
-0.05022
0.06116
-0.07837
0.02741
-0.02287
-0.01717
-0.03799
-0.08997
-0.05538
-0.05
-0.09007
-0.06503
0.00524
-0.0411
0.05439
0.02692
-0.10853
-0.05074
-0.0365
-0.08246
0.06249
-0.14799
-0.08578
-0.01668
0.03675
-0.10386
-0.12003
-0.09964
0.00027
-0.08988
-0.04449
-0.06358
0.11562
0.08142
0.02468
0.00904
-0.02543
-0.14491
-0.09595
0.0231
0.05002
-0.03044
0.01149
-0.04877
-0.07958
0.04573
0.03876
-0.06914
-0.01053
0.03186
-0.06969
-0.08169
-0.04027
0.00345
-0.0145
0.01023
-0.10642
-0.02173
-0.00196
0.09861
-0.08922
0.03246
-0.0331
-0.04169
-0.03733
-0.06732
-0.03585
-0.15648
0.04078
-0.04492
0.00912
-0.05684
-0.05878
-2.46075
-2.94301
-1.21545
-2.01396
-2.08738
-2.83777
-1.94071
-1.68507
-1.50525
-3.11182
-1.50857
-3.00966
-2.01062
-1.97149
-2.43647
-2.71098
-1.60884
-2.42006
-2.77235
-1.72971
-2.59381
-2.49884
-2.40318
-2.09073
-2.19175
-1.23751
-1.48013
-1.87079
-1.57455
-2.72456
-2.73105
-2.3097
-2.43812
-1.95942
-2.52917
-2.57118
-1.25429
-2.73554
-1.76374
-2.70352
-2.53889
-2.38351
-1.50642
-2.09881
-1.31918
-2.19084
-2.82017
-2.04899
-3.50157
-2.21872
-1.76397
-1.96616
-3.89942
-2.49931
-2.48838
-2.49338
-2.50785
-2.02336
-3.56348
-2.34285
-1.90267
-2.88114
-2.66615
-3.12185
-2.21502
-3.2355
-2.66622
-1.6247
-2.37716
-3.00624
-2.05121
-2.02551
-2.13234
-1.74365
-2.87194
-2.97934
-1.64257
-2.33685
-2.45467
-2.63591
-1.83321
-1.18022
-1.89872
-0.9457
-3.22416
-2.0357
-2.12493
-2.43226
-3.01869
-2.91115
-2.15804
-1.63969
-1.98582
-1.59591
-2.17432
-2.06893
-2.10559
-2.32372
-2.26129
-2.47294
-2.28597
-1.67979
-2.56466
-2.16701
-1.81662
-1.554
-2.36092
-2.77526
-2.28611
-2.29187
-2.29641
-1.92027
-2.49383
-1.54591
-2.21692
-1.85087
-3.42798
-2.15663
-2.12016
-2.3959
-2.44587
-2.66228
-1.91711
-1.85847
-1.79385
-1.89829
-1.88998
-3.01311
-1.81476
-3.25304
-2.11161
-2.23045
-2.60376
-1.98966
-2.13558
-2.50551
-1.62001
-1.81376
-3.27427
-1.72991
-2.18447
-3.10191
-2.98889
-3.25931
-2.092
-1.58907
-2.09802
-2.09043
-1.88304
-2.68966
-1.50917
-1.93738
-1.5434
-1.45906
-2.78213
-2.33611
-2.41195
-2.34018
-1.29684
-2.30634
-1.99468
-1.14626
-2.277
-2.2481
-1.92586
-1.85687
-1.56721
-1.49884
-2.1888
-2.20066
-2.60091
-1.87234
-2.83981
-1.00335
-2.56771
-2.93218
-2.61359
-2.62449
-1.85993
-2.19043
-2.07563
-2.46185
-2.99394
-1.1469
-1.9224
-2.80544
-1.45556
-1.49646
-2.64194
-2.7279
-2.1338
-4.19228
-2.42739
-2.33616
-2.72983
-2.51214
-2.34214
-1.45458
-1.5363
-1.99246
-0.63157
-0.52766
-0.13551
-0.80037
-0.31202
-0.28272
-0.82432
-0.45472
-0.31233
-0.28871
-0.274
-0.24298
-0.62598
-0.66469
-0.37017
-0.16863
-0.48979
-0.54287
-0.32416
-0.40162
-0.88645
-0.28597
-0.27518
-0.31977
-0.99629
-0.38599
-0.92096
-0.26638
-0.26203
-0.24484
-0.53753
-0.27221
-0.69301
-0.32273
-0.61165
-0.06855
-0.93808
-0.56698
-0.75762
-0.2676
-0.25783
-0.76024
-0.54467
-1.26843
-0.47605
-0.53101
-0.2185
-0.30386
-0.35673
-0.3757
-0.39409
-0.482
-0.33467
-0.26758
-0.36775
-0.56821
-0.25319
-0.42269
-0.66297
-0.6023
-0.30771
-0.30104
-0.29303
-0.24067
-0.15391
-0.36947
-0.36859
-0.22376
-0.75369
-0.33437
-0.8608
-0.75882
-0.25016
-0.65373
-0.4159
-0.50618
-0.5491
-0.85992
-0.8319
-0.42259
-0.36865
-0.37737
-0.19763
-0.56699
-0.64205
-0.01928
-0.83505
-0.64767
-0.15616
-0.7406
-0.15284
-0.5581
-0.8183
-0.15899
-0.55287
-0.28132
-0.72747
-0.93325
-0.14297
-0.36135
-0.33826
-0.37006
-1.45378
-0.20967
-0.46597
-0.41783
-0.06569
-0.4671
-0.00781
-0.23844
-0.55434
-0.30114
-0.62924
-0.16001
-1.01518
-0.49098
-0.61553
-0.17196
-0.37619
-0.62612
-0.262
-0.38562
-0.38692
-0.17924
-1.01256
-0.68896
-1.1051
-0.80633
-0.65943
-0.36178
-0.28368
-0.19099
-0.55864
-0.24335
-0.45136
-0.18313
-0.64216
-0.44596
-0.38823
-0.1975
-0.44214
-0.09558
-0.1807
-0.9496
-0.50483
-0.46729
-0.46072
-0.37708
-0.69898
-0.60137
-0.64477
-0.33846
-0.65076
-0.9386
-0.04859
-0.59201
-0.62854
-0.55057
-0.22046
-0.40052
-0.56211
-0.44114
-0.71929
-1.6094
-0.87706
-0.28494
-0.20613
-0.44641
-0.42761
-0.50729
-0.49648
-0.51771
-0.0217
-0.31391
-0.48585
-0.59797
-0.2491
-0.72391
-0.62776
-0.14972
-0.47998
-0.27783
-1.06375
-0.74253
-0.80324
-0.17738
-0.48721
-0.1657
-0.62311
-0.30239
-0.24705
-0.43255
-0.15062
-0.39648
-0.37363
-0.42696
-0.40044
-0.25852
-0.28242
-0.36538
-52.1777
-63.2138
-59.5435
-61.3632
-65.4467
-66.9151
-55.4046
-51.8139
-68.333
-64.6743
-70.6727
-53.6225
-67.6394
-69.8661
-56.1008
-59.8775
-59.0143
-66.7884
-63.6113
-62.9453
-55.9666
-67.0744
-66.1491
-61.4289
-69.2634
-62.0661
-68.9838
-60.5776
-66.3409
-65.1896
-47.6039
-70.2188
-52.7957
-74.3554
-57.9099
-61.6042
-64.0133
-68.1795
-50.8902
-64.0757
-61.8854
-62.6456
-48.4571
-61.5999
-58.8692
-62.649
-53.3493
-65.8521
-68.848
-58.3658
-58.7934
-62.2966
-53.242
-66.8297
-58.5181
-53.069
-62.2894
-59.7602
-63.459
-62.5364
-62.6314
-64.158
-73.1028
-56.422
-67.6969
-50.2548
-53.4889
-49.73
-62.3691
-61.177
-58.9782
-53.4841
-48.3154
-62.9405
-56.8729
-55.8105
-62.0882
-64.0408
-62.9558
-58.9895
-49.5333
-69.8239
-70.1328
-62.4097
-59.9795
-63.4022
-61.396
-57.4146
-62.555
-57.0544
-61.0651
-64.3291
-52.4148
-65.5692
-59.6715
-50.1146
-60.0293
-59.4621
-70.2757
-59.3457
-64.7111
-63.2339
-66.1724
-53.0289
-65.836
-63.9474
-62.9946
-64.7143
-63.677
-67.6281
-55.266
-62.1834
-57.0722
-55.2436
-53.8047
-65.4734
-64.7955
-64.8778
-54.3093
-50.8448
-62.1595
-53.6155
-62.9533
-63.9304
-54.0986
-58.0577
-58.8771
-59.9845
-63.4957
-62.5444
-57.7826
-55.7588
-61.1553
-67.8589
-62.7666
-55.3458
-64.6889
-67.9447
-65.5536
-59.0624
-56.797
-61.5299
-57.4274
-58.8922
-63.6275
-61.2793
-63.8207
-63.6815
-60.9234
-58.8806
-66.446
-59.8617
-59.8162
-57.3981
-59.5041
-74.8782
-52.9344
-60.8054
-56.7058
-55.3727
-64.3054
-59.4995
-67.195
-55.5901
-52.6345
-62.0477
-61.5118
-61.7689
-63.151
-55.2178
-58.4719
-58.9907
-63.2523
-74.0844
-57.2427
-58.7347
-64.6233
-75.3613
-59.285
-60.0894
-63.1892
-58.9163
-63.7767
-60.0313
-60.7321
-56.2782
-64.0224
-59.0418
-61.7835
-61.1566
-61.1851
-64.7332
-53.6343
-56.4982
-60.7672
-66.4182
-63.2501
-60.6929
-62.2714
-54.4066
-0.04356
-0.0422
-0.04076
-0.01325
-0.09131
-0.0945
0.10715
-0.03489
-0.04014
-0.07689
-0.03963
-0.16366
-0.12289
-0.07852
-0.14899
-0.09734
-0.01006
-0.03772
-0.0235
0.05551
-0.07183
-0.0058
-0.08718
-0.00025
-0.01665
-0.03838
-0.05803
-0.11575
0.04073
0.04532
-0.04576
0.09007
-0.02876
-0.11279
-0.08086
-0.02397
-0.02121
-0.1309
-0.13725
-0.1229
-0.09886
-0.09928
-0.03562
-0.02545
-0.00494
-0.13341
-0.15873
-0.04665
-0.1123
0.02196
-0.09859
-0.00966
-0.03907
-0.0568
-0.0564
-0.07656
-0.04595
-0.10364
-0.06724
-0.0758
-0.06353
-0.10287
-0.06708
-0.0406
-0.03169
-0.17197
-0.19131
-0.1167
-0.06034
0.01986
-0.07106
0.00769
-0.04938
-0.02302
-0.08019
-0.11371
-0.10378
0.08067
-0.12933
-0.05091
0.04546
-0.07845
0.02773
0.00662
-0.13241
-0.02547
0.05054
-0.07958
0.10375
-0.07901
-0.0632
-0.02885
0.0218
-0.02786
-0.0285
-0.04159
-0.06041
-0.10785
-0.07289
0.07014
-0.05729
-0.00559
-0.0545
0.05067
-0.03967
-0.03907
-0.03396
-0.08487
-0.04368
-0.00258
-0.07382
0.03952
0.09334
-0.01593
0.02567
-0.0886
0.04153
-0.04168
-0.10648
-0.05236
-0.03329
-0.26037
-0.11908
-0.04829
0.03546
-0.0623
-0.05663
0.01645
0.01605
-0.02445
-0.00654
-0.08776
-0.08746
-0.02736
-0.05936
0.02547
-0.08086
-0.03743
-0.0608
-0.07944
-0.00823
-0.04236
-0.07812
-0.07512
-0.03195
-0.05555
-0.03359
-0.07973
-0.06984
-0.14004
-0.0411
0.0613
0.04111
-0.10126
-0.00115
0.0102
-0.12676
-0.05731
0.00899
-0.02034
-0.03522
-0.07653
-0.01891
0.00128
-0.16367
-0.07963
-0.05822
-0.00176
0.00552
-0.00321
-0.10292
0.01931
-0.02823
-0.1711
-0.02688
-0.1893
-0.09268
0.03079
-0.07318
-0.03416
0.13248
-0.09914
-0.18352
-0.10266
-0.15674
-0.00049
-0.06918
-0.02594
-0.08195
0.04718
-0.00967
-0.0385
-0.14596
-0.0686
-0.08443
0.09508
0.02851
-0.10328
-0.02969
-0.04792
-5.52937
-9.15998
-10.6917
-6.74808
-33.5036
-8.28948
-18.4261
-8.74258
-11.0667
-2.3349
-9.13368
-5.30623
-10.8132
-6.69536
-14.9775
-20.7302
-12.5899
-4.43411
-10.3753
-6.77999
-10.5467
-3.21214
-8.78138
-6.21119
-8.18508
-3.03784
-11.2639
-9.10628
-4.00122
-4.89363
-7.90358
-4.49951
-6.35684
-3.65153
-7.44123
-4.72885
-5.42057
-11.7655
-4.66555
-7.56016
-4.29222
-6.59897
-6.33313
-6.38979
-6.33134
-6.19449
-6.25635
-7.32465
-7.04917
-3.37619
-1.68218
-7.83486
-8.67338
-3.91467
-5.49852
-6.9012
-10.782
-6.43165
-9.94918
-5.04346
-6.93713
-17.1718
-5.2638
-12.3444
-11.9693
-5.43083
-5.78702
-7.61031
-3.10226
-5.47429
-12.1905
-10.1118
-9.09578
-4.86905
-8.32998
-10.1351
-11.6235
-8.47898
-11.3775
-16.868
-13.28
-8.57198
-15.0194
-7.24794
-7.78032
-20.6907
-6.40241
-9.12648
-6.72481
-6.72815
-7.47639
-4.79612
-5.38855
-10.4392
-13.7602
-11.2016
-7.88438
-7.65405
-7.69689
-8.54078
-8.83608
-1.70019
-6.45891
-4.0465
-11.6374
-9.75778
-12.4775
-6.80413
-17.5188
-7.73689
-4.92437
-11.7598
-2.68096
-20.6078
-7.0443
-6.37276
-6.77417
-6.79278
-16.4342
-5.44727
-8.91308
-8.54948
-5.55652
-1.82488
-1.66737
-11.3199
-9.34428
-9.87378
-8.14318
-10.978
-8.23258
-9.32818
-8.77018
-6.97163
-7.48164
-7.88998
-6.80328
-5.92621
-2.79721
-6.27248
-7.11067
-8.19778
-7.88608
-14.6819
-9.14928
-8.81168
-13.474
-9.06008
-14.1203
-8.37138
-9.07838
-6.50876
-10.6634
-6.85879
-6.80999
-12.1167
-8.56988
-8.40078
-9.95608
-5.27798
-6.01001
-10.6601
-7.11306
-8.04718
-5.4032
-8.59888
-4.63952
-15.1
-3.92584
-9.21278
-7.7437
-10.1883
-7.28549
-8.73358
-12.0249
-6.61286
-11.254
-6.55877
-6.08681
-9.00368
-5.7832
-13.109
-9.56828
-12.7759
-8.94628
-8.25888
-3.92893
-15.0598
-7.19271
-6.84283
-9.47248
-5.1458
-5.36431
-6.08149
-8.00528
-9.65338
-8.78098
-8.85798
-9.05968
-12.8403
-0.0338
0.03902
0.05634
0.10191
-0.02179
0.01719
-0.06801
0.01309
0.0645
0.03724
0.02863
-0.01791
0.06505
-0.00077
0.00373
0.09906
0.13614
0.10481
0.04562
0.10557
0.12694
-0.03842
-0.03362
-0.04713
0.02471
0.02813
0.04314
-0.01356
0.02669
0.04338
0.10379
0.06795
0.00494
0.11203
-0.02033
0.00875
0.11041
0.10826
-0.07162
0.04846
0.01159
-0.08107
0.02511
0.03723
-0.0924
0.07778
0.05334
0.1189
0.03716
-0.01145
-0.03471
-0.02824
0.01828
0.03609
0.09568
0.02209
0.0203
0.00888
0.14934
0.09782
0.13852
-0.05704
-0.02673
-0.05841
-0.0205
0.02021
0.06039
0.04619
-0.03479
0.07189
0.00814
0.03166
-0.05942
-0.07233
0.03302
-0.02487
-0.03992
0.07494
0.03824
0.12253
0.02171
0.00531
0.07909
-0.0609
-0.06458
-0.00476
0.02342
-0.03038
0.02156
0.10454
0.01074
-0.04624
0.01811
-0.08563
-0.02634
0.05821
0.13515
0.03583
0.02115
0.01361
0.03971
0.03688
0.00325
0.0684
0.01413
-0.06794
-0.04877
0.02444
0.07699
0.05631
-0.04659
0.04732
-0.01365
0.05843
0.03754
0.0658
0.03107
-0.01478
0.10227
0.10606
0.09224
0.11097
0.10975
0.01647
0.01027
0.10519
0.00331
0.05124
0.0318
-0.00537
0.11398
0.05274
0.00478
0.02909
0.00257
0.04176
-0.07875
-0.04417
0.10137
0.09284
-0.00969
0.07019
-0.05817
0.04213
0.10685
0.04355
0.05774
-0.00306
-0.01257
0.00027
0.10543
-0.04369
0.02371
0.03017
0.04236
-0.00136
-0.01262
-0.11722
0.04144
0.07069
0.05947
-0.01135
-0.02564
-0.00298
0.0647
0.07597
0.03299
0.0237
0.12926
0.07954
-0.02105
-0.00098
0.08643
0.01894
-0.03882
0.05563
0.01953
0.03986
-0.10299
0.00517
-0.01346
-0.01994
0.11818
0.13128
0.04515
0.07274
-0.012
0.04886
0.06128
-0.061
0.10345
-0.0171
0.07046
-0.00199
0.02625
0.01004
0.04372
0.02146
0.02874
0.01809
-5.72923
-4.215
-3.13595
-4.69146
-2.19609
-4.636
-3.19486
-3.07008
-5.74575
-3.76108
-3.63537
-3.60393
-4.86077
-4.33518
-4.83346
-3.75412
-3.97149
-3.78915
-6.07748
-5.60425
-1.67366
-3.66668
-5.81727
-3.80894
-5.31066
-3.28073
-3.48983
-4.05922
-3.79368
-1.85992
-1.52493
-2.04117
-4.00111
-5.78321
-2.67735
-3.87447
-5.17851
-5.23664
-4.15909
-2.25183
-4.15222
-3.71071
-4.96751
-4.42471
-5.42758
-3.03201
-4.64385
-3.96155
-5.52994
-3.60658
-5.80833
-3.24515
-3.28189
-3.87798
-3.48134
-2.37657
-2.7316
-2.47065
-4.23838
-5.51863
-2.14897
-1.21187
-4.40287
-2.6067
-3.53599
-4.76395
-3.04126
-3.75139
-1.06081
-3.54625
-3.18993
-5.88403
-1.60662
-6.27184
-2.46109
-4.4717
-3.94736
-4.14461
-3.09347
-4.24233
-3.58561
-2.62178
-3.82721
-3.27217
-3.9936
-3.72272
-3.22992
-3.92941
-3.10067
-5.08335
-5.04755
-3.54394
-3.26244
-4.07397
-2.79818
-4.3061
-4.67556
-4.07437
-3.26281
-5.10949
-2.48742
-3.20459
-3.24438
-3.67462
-1.69891
-4.37432
-5.28764
-3.98514
-3.84703
-3.25558
-5.28687
-4.05859
-2.78045
-2.52111
-4.2228
-4.79821
-3.52933
-4.96138
-1.27069
-4.72208
-4.43481
-3.74558
-4.5804
-5.5142
-3.46676
-3.87358
-4.5194
-3.02926
-3.11023
-3.22319
-3.21671
-3.48821
-3.96902
-3.3192
-4.73912
-4.22177
-2.31804
-0.94743
-1.25387
-2.10747
-2.82877
-3.12633
-6.48552
-3.42127
-1.26441
-4.7604
-3.84372
-2.2485
-3.4848
-4.20684
-4.99545
-3.23591
-4.91067
-4.32599
-4.99531
-3.37196
-3.31192
-3.52552
-5.86685
-1.99441
-3.59527
-3.05543
-3.13332
-4.79159
-4.02252
-3.37094
-1.66377
-1.51642
-3.50494
-4.90525
-3.52315
-3.35423
-3.17324
-3.87807
-3.93877
-3.64967
-3.78281
-4.43166
-0.85624
-5.10105
-2.7271
-5.49412
-4.70589
-2.53242
-5.01975
-2.68475
-4.00166
-4.22032
-2.22724
-5.89438
-4.82162
-4.80964
-1.49431
-4.39306
-3.89816
-4.82455
-4.72958
-3.93002
-4.14456
-3.70429
-0.11711
0.06912
0.01232
-0.01094
-0.09274
0.04921
-0.041
0.00396
-0.07813
-0.0773
-0.05438
0.03327
0.00257
-0.12414
-0.04802
-0.03387
0.00404
-0.00105
-0.10947
-0.01093
-0.04812
0.03274
-0.04164
0.02926
-0.09517
-0.02684
-0.13501
-0.15136
-0.15466
-0.12677
0.05583
0.00779
-0.03009
-0.06231
-0.10965
-0.09839
-0.06732
-0.06644
-0.1084
0.03
-0.02782
0.06464
-0.0057
0.03678
-0.05147
-0.08537
-0.12542
-0.02578
-0.02437
-0.1002
0.03091
-0.06668
-0.01548
-0.05562
-7e-05
-0.07584
-0.0047
-0.02869
-0.03844
-0.01603
-0.10585
-0.02843
-0.07458
-0.01728
-0.07744
0.04542
-0.00071
-0.05737
-0.10585
-0.10294
-0.01172
0.11252
-0.10629
-0.03551
0.03429
0.02065
-0.00278
-0.06863
0.00493
-0.15892
-0.09119
-0.10199
-0.07235
-0.04392
-0.02134
-0.07378
-0.01807
0.03334
0.06497
0.01294
0.08376
0.11682
0.01964
-0.0193
-0.01504
-0.15128
-0.0481
-0.0032
-0.08214
-0.01343
-0.09217
-0.01156
-0.02538
-0.09865
-0.06953
-0.07631
0.04768
-0.08781
-0.07019
-0.14463
-0.09076
-0.00696
-0.13147
0.02022
-0.07261
-0.06693
-0.1215
-0.02668
-0.03601
-0.00918
-0.05536
-0.06063
0.03921
-0.07995
-0.02684
0.05987
-0.13786
-0.16791
0.05002
-0.00932
-0.10515
-0.08138
0.04857
-0.05572
-0.07168
-0.07948
-0.00447
0.05558
-0.12891
-0.01434
-0.09276
-0.04132
-0.06726
0.03391
-0.01895
-0.03425
0.0311
0.01232
-0.04553
-0.08127
-0.01893
-0.05701
-0.00692
0.05292
0.02972
-0.0573
-0.00553
-0.1142
-0.01243
-0.06971
-0.12059
-0.08885
0.03447
-0.08854
-0.06126
-0.09403
-0.0306
-0.12568
0.03057
0.12271
-0.04741
-0.07271
-0.0697
-0.12386
-0.0763
-0.09426
0.00608
-0.03325
-0.02473
-0.09768
-0.03378
-0.18748
-0.06209
0.03073
-0.0977
-0.05283
-0.07378
0.05687
-0.00424
-0.02421
0.07225
-0.04995
-0.1022
0.065
-0.05816
-0.02085
-0.03917
-0.04153
-0.03494
-0.05288
-3.3754
-1.83021
-2.60372
-2.02552
-2.00105
-2.0403
-1.56621
-1.97977
-1.52029
-1.96509
-1.85371
-2.1617
-2.09104
-3.21229
-2.03432
-2.29961
-1.5984
-2.19246
-1.2048
-1.55511
-2.02088
-1.58082
-2.16427
-2.23669
-2.69784
-2.12787
-1.89392
-1.66349
-1.55142
-1.36098
-2.45543
-1.7198
-2.66806
-2.32912
-2.02658
-1.86183
-2.08353
-2.56693
-2.66036
-1.73137
-1.88917
-1.78694
-2.63511
-2.65852
-1.93883
-2.75004
-2.13165
-1.74363
-1.78194
-2.23317
-1.81346
-2.25719
-1.97808
-2.77723
-2.66586
-2.00207
-1.96778
-2.06608
-2.2294
-2.08896
-1.73714
-2.00464
-2.19764
-1.79178
-2.37805
-1.66989
-2.23557
-1.68874
-2.12119
-3.00628
-2.25171
-1.86055
-1.81688
-1.73749
-2.25686
-2.03643
-2.00047
-1.90711
-1.70479
-1.66603
-1.4831
-1.58805
-1.41066
-1.12914
-1.75566
-1.57396
-1.05508
-2.21158
-1.53899
-2.48543
-2.67337
-2.11416
-2.10698
-2.34473
-1.30015
-1.65703
-2.1334
-2.14052
-2.27728
-2.09591
-2.35759
-3.17674
-1.97452
-2.0063
-2.24706
-2.40859
-1.83203
-1.25416
-1.62219
-2.47184
-1.37073
-2.27846
-1.86245
-2.14009
-2.57109
-1.62683
-2.45882
-1.22227
-1.5675
-2.86598
-1.4134
-2.31548
-2.87856
-1.69854
-2.44895
-1.86934
-2.36858
-1.99763
-1.5918
-1.67896
-2.19676
-2.34548
-1.21156
-2.94646
-2.36039
-1.33222
-1.70726
-2.31841
-2.45287
-2.36583
-2.06001
-1.63905
-1.97637
-1.78798
-2.06224
-1.54926
-1.88959
-1.7849
-2.05863
-1.89486
-1.73318
-1.41615
-1.02053
-2.30327
-1.56218
-2.22075
-2.44161
-1.56882
-2.03811
-2.03043
-2.90728
-2.26962
-1.60711
-1.9873
-2.69212
-2.99507
-3.08609
-2.01984
-2.92179
-1.72171
-2.49974
-2.47399
-1.77313
-1.70011
-1.80851
-1.58032
-2.12749
-2.67396
-1.54572
-1.20413
-1.57151
-1.81831
-1.93822
-2.16458
-1.7454
-2.98491
-1.96844
-1.94918
-1.13932
-2.08881
-2.83038
-2.88799
-2.33176
-2.28343
-2.10472
-1.64656
-2.00482
-2.10325
-1.22844
-1.81786
-0.32336
-0.24506
-0.30026
-0.67162
-0.74138
-0.38867
-0.29451
-0.21844
-0.14495
-0.84773
-0.43497
-0.08632
-0.21653
-0.25115
-0.42425
-0.3167
-0.31314
-0.21403
-0.15337
-0.2843
-0.59576
-0.61901
-0.15235
-0.31042
-0.39943
-0.39562
-0.41177
-0.43474
-0.06794
-0.18271
-0.03515
-0.34424
-0.74964
-0.27014
-0.15242
-0.15573
-0.311
-0.93916
-0.95296
-0.58139
-0.29881
-0.47183
-0.43464
-0.40385
-0.04327
-0.71922
-0.20388
-0.28276
-0.70618
-0.21234
-0.19614
-0.26075
-0.61512
-0.52427
-0.36627
-0.23133
-0.04884
-0.31367
-0.67877
-0.18479
-0.39712
-0.1084
-0.63151
-0.11213
-0.39194
-0.1299
-0.77395
-0.05725
-0.50352
-0.13971
-0.61688
-0.25069
-0.26704
-0.43405
-0.38248
-0.22876
-0.24263
-0.15882
-0.42456
-0.39236
-0.48543
-0.4943
-0.53049
-0.6302
-0.37775
-0.47119
-0.64195
-0.27055
-0.17226
-0.15462
-0.26634
-0.45264
-0.1195
-0.15853
-0.35392
-0.45641
-0.30807
-0.41068
-0.18881
-0.1171
-0.43161
-0.09709
-0.31238
-0.44658
-0.34729
-0.81339
-0.68476
-0.17866
-0.11313
-0.33772
-0.24563
-0.36275
-0.80577
-0.36126
-0.32077
-0.32917
-0.69918
-0.29682
-0.66821
-0.04341
-0.61775
-0.4466
-0.23595
-0.07152
-0.04082
-0.47386
-0.14433
-0.45021
-0.28425
-0.34617
-0.09663
-0.08713
-0.16734
-0.02868
-0.23292
-0.24465
-0.13634
-0.3682
-0.57173
-0.31548
-0.53079
-0.47909
-0.39507
-0.46652
-0.05532
-0.06374
-0.04766
-0.09508
-0.3281
-0.34398
-0.30748
-0.18647
-0.77898
-0.76416
-0.31245
-0.6018
-0.61397
-0.46479
-1.00316
-0.28202
-0.43251
-0.48481
-0.43302
-0.51897
-0.22725
-0.28324
-0.25523
-0.19303
-0.23786
-0.19933
-0.58238
-0.17161
-0.37038
-0.25791
-0.04273
-0.18197
-0.42212
-0.2038
-0.48581
-0.71623
-0.7047
-0.11188
-0.2753
-0.3045
-0.23125
-0.36565
-0.34649
-0.2244
-0.10067
-0.30683
-0.07392
-0.53769
-0.20934
-0.16436
-0.28813
-0.37441
-0.25742
-0.52794
-0.35386
-0.82488
-57.7208
-57.2146
-49.2654
-45.5032
-53.7467
-56.2947
-43.9878
-5.96674
-59.6646
-46.1747
-52.5138
-45.3274
-52.7407
-55.759
-47.0429
-48.5359
-56.4374
-60.4923
-53.8314
-59.6135
-60.914
-48.2862
-39.8073
-50.868
-52.4604
-43.5847
-54.5706
-58.6292
-58.5045
-55.5263
-40.2337
-44.0524
-54.259
-45.2291
-55.3079
-52.4026
-46.0418
-49.5024
-55.925
-55.6411
-54.3172
-57.849
-53.9201
-53.3466
-48.76
-58.4193
-45.1682
-47.8688
-56.1737
-44.7326
-45.4953
-50.3314
-61.8849
-46.4143
-56.5059
-48.9578
-56.0792
-6.30581
-57.2779
-54.0459
-51.0556
-55.5141
-54.3953
-55.5217
-44.348
-57.5201
-48.9172
-52.7292
-39.2598
-54.7057
-48.2857
-59.4105
-54.0008
-49.908
-54.7965
-27.9184
-60.6864
-57.0674
-55.0037
-60.9463
-48.342
-55.2549
-47.4687
-53.7226
-52.7519
-56.6867
-55.0319
-32.7354
-55.9405
-47.6007
-5.92134
-57.5964
-48.8658
-46.6925
-56.385
-58.2893
-55.0661
-54.1867
-48.7121
-58.9176
-50.6149
-57.7016
-53.0674
-49.7312
-49.8204
-58.74
-41.0905
-52.936
-27.2266
-17.0133
-53.3005
-58.602
-51.4326
-56.129
-16.6304
-52.2523
-55.913
-50.6165
-54.538
-54.5761
-47.7429
-50.7131
-52.7873
-51.4971
-47.5771
-54.5853
-51.4693
-52.1252
-41.2488
-56.3384
-43.6361
-53.598
-49.1944
-56.0586
-45.8734
-45.3328
-53.6661
-53.0804
-55.638
-44.5885
-50.4736
-55.697
-55.8069
-35.5221
-37.7677
-57.4716
-47.4314
-57.7464
-54.0887
-49.7338
-51.407
-62.4008
-17.4147
-56.0938
-61.7833
-59.3714
-52.2275
-60.827
-46.9248
-57.7169
-52.6495
-42.8944
-56.559
-62.5181
-51.0007
-42.7196
-58.5834
-51.9561
-6.05318
-45.7753
-51.6506
-50.79
-54.7579
-33.5577
-49.6461
-47.096
-20.3148
-59.0015
-48.6589
-35.3281
-55.3429
-43.5843
-48.0912
-56.3345
-46.5093
-44.7336
-55.7973
-54.1646
-46.8797
-50.7446
-42.8358
-50.5608
-51.1241
-51.0616
-59.5022
-45.2642
-56.9756
-48.848
-45.9122
-54.5367
0.04958
-0.00813
-0.07721
-0.00784
0.02849
-0.05452
-0.06941
-0.06768
-0.00504
-0.07219
-0.14152
0.02868
-0.00498
-0.14089
-0.08983
-0.08748
-0.00753
-0.05172
-0.05811
0.01064
-0.11935
-0.11696
-0.09735
-0.05292
-0.08913
-0.08356
-0.09689
0.01264
-0.05963
-0.0372
-0.04017
0.03235
-0.0629
-0.15133
-0.03113
0.00256
-0.04286
-0.06761
0.01891
-0.0239
0.00326
0.0087
-0.01261
0.02417
0.02251
-0.07805
0.07601
-0.00753
-0.104
-0.0316
-0.02736
-0.07241
0.03121
-0.09074
-0.08837
-0.0276
-0.12479
-0.11783
-0.04817
-0.07737
0.01915
0.01795
-0.05868
0.0156
-0.028
-0.03468
-0.15192
0.01211
-0.09632
0.03272
-0.05499
0.02572
-0.03859
-0.02987
-0.01278
-0.05277
-0.04544
-0.05216
-0.07456
-0.04281
0.05937
-0.02442
0.03498
-0.11645
0.01572
-0.03614
-0.00377
0.03189
-0.03264
-0.06485
-0.02009
-0.04685
0.03962
-0.01046
-0.00706
0.00881
-0.08183
-0.01942
-0.10698
-0.05592
-0.05874
0.03526
-0.17698
-0.12145
-0.09084
-0.06318
-0.07233
-0.02395
-0.0548
-0.08836
-0.08312
-0.08541
-0.10245
-0.1576
-0.13927
-0.13973
-0.12506
-0.06414
0.02376
-0.07932
-0.10107
0.06496
-0.1089
-0.0225
-0.03064
0.02834
0.01448
-0.0117
0.04751
-0.00943
-0.05118
-0.08059
-0.02838
-0.14005
-0.0643
-0.0951
-0.12603
-0.07401
-0.09359
0.04342
-0.09628
-0.07839
0.02566
-0.06557
-0.00223
-0.15191
0.0215
-0.02297
-0.16469
-0.03369
-0.01522
0.0198
-0.09178
-0.0242
-0.17827
-0.18539
-0.06606
-0.02623
0.05521
0.01563
-0.16
-0.07965
-0.00732
-0.00614
0.035
-0.02875
-0.0632
0.00271
0.01541
0.06475
-0.08014
-0.04663
-0.11756
-0.04483
-0.11515
-0.04239
0.01797
-0.04313
-0.10123
-0.02901
-0.12821
-0.15694
-0.05508
0.08136
-0.11149
-0.07348
-0.05098
-0.07066
0.03281
-0.03434
-0.08882
0.01688
-0.00433
0.07867
-0.02483
-0.04513
-0.05527
-0.05863
-0.02907
-0.14853
-8.83048
-8.75838
-6.65023
-6.14774
-6.10461
-2.58556
-11.3068
-3.20725
-5.00822
-2.37356
-5.90408
-5.5183
-11.4638
-12.1834
-6.58856
-11.6294
-6.53195
-5.67883
-9.83858
-11.9627
-4.7119
-4.46387
-2.20408
-6.78849
-5.48117
-3.25906
-6.01649
-8.44968
-9.92558
-5.7939
-4.17785
-7.53462
-11.1751
-14.181
-6.5051
-5.72445
-7.38218
-2.99311
-5.21954
-3.98271
-6.57936
-12.8659
-3.4769
-7.46477
-3.54321
-3.67884
-6.53299
-19.2914
-2.96687
-9.55568
-3.2151
-5.08723
-8.80048
-3.20845
-3.10717
-5.5745
-3.19273
-3.84024
-4.19544
-13.6032
-6.67966
-6.50464
-6.26391
-9.56768
-7.00072
-4.36036
-3.85617
-5.04887
-9.37708
-6.38337
-3.11308
-6.94799
-4.77993
-9.43538
-7.5465
-4.07982
-4.53639
-4.74533
-5.80036
-4.93336
-4.75058
-4.31434
-1.61123
-5.03265
-4.18499
-18.1356
-5.5051
-6.04984
-9.59208
-6.70446
-10.8782
-4.75133
-4.38068
-6.1888
-8.80808
-11.2012
-6.40909
-5.58055
-7.35725
-5.12505
-3.0568
-3.42644
-7.18613
-6.81971
-6.29662
-4.27032
-3.6811
-5.2252
-9.91208
-3.90234
-13.6773
-5.45418
-14.9408
-10.1828
-2.46263
-6.23109
-7.26959
-5.54515
-6.27879
-8.57368
-4.15661
-3.70586
-4.50592
-3.67584
-9.89588
-5.65729
-7.3893
-7.07261
-4.14137
-9.48878
-6.01205
-10.3348
-4.0243
-7.35671
-6.9086
-2.36287
-2.58792
-6.04587
-7.13483
-4.5209
-3.17463
-14.351
-6.64158
-8.34458
-7.70464
-4.59646
-10.4839
-8.93228
-8.40738
-2.48095
-9.42018
-11.8098
-6.74162
-11.7144
-4.47094
-6.17446
-4.0529
-10.9306
-6.65909
-6.18082
-11.7408
-7.91628
-5.93775
-7.77242
-7.4843
-6.2855
-11.3373
-3.6997
-7.81709
-3.54054
-9.83608
-8.84828
-7.77686
-5.59683
-3.90637
-8.19778
-4.26606
-2.92055
-9.96198
-9.82338
-12.7953
-11.8795
-15.0005
-11.4129
-7.77053
-3.28466
-10.6048
-3.23491
-3.87054
-5.82724
-6.366
-3.05412
-15.6688
-5.41649
-11.1622
-5.30238
-3.70172
-4.48817
-7.41064
-3.27664
0.04345
0.021
0.0569
0.01865
-0.01513
0.00648
0.12706
0.03
0.08412
0.06085
0.02996
0.0332
-0.1268
0.04897
0.03975
-0.02745
0.03984
-0.04967
0.0259
-0.0038
0.01715
0.03576
-0.01116
0.05042
0.11686
-0.04138
-0.04098
-0.03397
-0.04946
-0.00476
0.17076
0.08933
0.01518
-0.01959
0.00027
-0.00661
-0.02116
0.10928
0.06168
0.05193
0.04961
0.00835
0.00221
-0.01429
0.0031
0.00756
0.02696
0.05251
0.03489
-0.00214
0.02941
-0.04163
0.0374
0.05162
-0.00592
-0.03989
0.07984
0.04353
0.02886
0.0642
0.06821
0.0799
-0.00842
-0.01886
-0.03404
0.04111
-0.01295
-0.01887
-0.00108
-0.02104
0.02224
0.0795
-0.06532
0.00359
0.04125
-0.02163
0.05849
0.09723
0.07794
-0.08678
0.01858
0.08846
0.06626
0.0472
0.08378
-0.02686
0.0294
0.08454
0.13503
0.01744
0.07117
-0.00598
0.11643
-0.04459
0.02245
0.02043
0.06217
0.02675
-0.00457
0.06386
-0.01528
-0.01567
0.05571
0.10409
-0.0428
0.09961
0.04527
0.04838
0.02328
-0.03537
0.01198
-0.03554
-0.00539
0.05623
0.03083
0.03043
-0.0503
-0.04343
0.02169
0.01819
0.04262
0.0492
-0.02599
0.01099
-0.06498
-0.03379
-0.04319
0.15476
0.01857
-0.01145
-0.01027
0.06686
0.09747
0.04622
0.10729
0.05968
-0.05356
0.02661
-0.05404
0.00421
-0.01731
0.03114
0.03235
-0.01638
0.08863
0.11126
0.01173
0.04553
0.09591
-0.11064
0.04
0.00043
0.09804
-0.01684
0.09068
0.06717
0.07941
-0.01254
0.04445
-0.03927
0.06683
0.03189
0.06287
0.12319
0.07271
0.10646
0.15302
0.04188
0.1237
0.06964
0.02836
0.01807
-0.00898
-0.0749
0.05407
-0.01069
-0.00189
0.03179
0.02623
0.00716
-0.03705
0.09723
0.17015
-0.00875
-0.056
0.06352
-0.02496
0.01722
0.018
0.04961
-0.00092
0.12693
0.02555
0.01577
0.05987
-0.05781
-0.02686
-0.02612
0.07415
0.04916
-3.47161
-4.77609
-0.82437
-3.65848
-2.42965
-3.23684
-2.55837
-1.50957
-3.99386
-4.89075
-1.00074
-5.04764
-2.63469
-5.2358
-2.38136
-2.7459
-1.96037
-2.66026
-3.6442
-3.35803
-1.38389
-2.97477
-3.32945
-1.31543
-1.19537
-2.39075
-0.42327
-2.67246
-3.77668
-4.41819
-1.69818
-1.79082
-2.59206
-2.41598
-3.42865
-1.80176
-4.52449
-2.54546
-4.33299
-2.65416
-2.28465
-1.91328
-2.28588
-4.03497
-3.03873
-2.0665
-4.18825
-2.64606
-1.23613
-2.8466
-3.42312
-2.01065
-5.1802
-4.36281
-3.07304
-4.10493
-1.92191
-4.33408
-4.24786
-3.63738
-0.88667
-1.62399
-1.50878
-2.2111
-2.58269
-1.24066
-4.17448
-4.45201
-2.13201
-2.25614
-3.36769
-5.46731
-0.68697
-2.87108
-4.40304
-3.8574
-3.46641
-2.74985
-0.72604
-3.08141
-4.13935
-4.22523
-1.00557
-2.68937
-1.67835
-2.55716
-3.98783
-3.66039
-1.84385
-3.19308
-3.54957
-4.21205
-1.96326
-3.48387
-2.52169
-1.98918
-2.90831
-4.88138
-4.51952
-2.61289
-1.17893
-4.42842
-1.49274
-4.10874
-2.82641
-4.52443
-3.61821
-2.35486
-4.1204
-2.13644
-4.19141
-3.24648
-3.34457
-1.75965
-3.04792
-0.79877
-2.20258
-3.58139
-5.36566
-3.12329
-2.56055
-0.87991
-3.18653
-1.87574
-3.01673
-2.93432
-3.50011
-4.95994
-2.3368
-2.21581
-1.50959
-0.77145
-3.76499
-2.35747
-1.7645
-0.85433
-1.57019
-2.89273
-3.44232
-2.66594
-0.17843
-3.55677
-2.00234
-2.24259
-1.33735
-1.94153
-3.37726
-3.61508
-0.72073
-4.58251
-3.2784
-3.24674
-3.0187
-3.57067
-1.18669
-2.42933
-2.63222
-2.70961
-3.44618
-2.42403
-3.95445
-3.55684
-1.87626
-2.81708
-3.74884
-4.516
-3.13269
-4.87512
-3.20696
-3.39053
-3.72271
-3.08976
-3.64667
-4.17375
-0.78654
-2.6095
-0.81224
-3.30833
-4.63569
-0.4786
-1.92747
-1.95234
-2.55407
-3.68667
-1.16889
-0.62881
-5.18861
-4.97516
-4.646
-3.42365
-1.8997
-1.45853
-2.93789
-1.60809
-1.1452
-2.65909
-4.10574
-4.1024
-3.70354
-2.82247
0.01791
0.034
0.11475
-0.16467
0.01507
-0.0216
0.09464
-0.03865
-0.02629
-0.03202
-0.01016
-0.01346
0.00389
-0.14143
0.04686
0.00676
-0.09182
-0.13729
-0.00136
-0.02897
-0.08871
0.02804
0.00174
-0.05842
0.03101
-0.12389
-0.05058
-0.16094
-0.05632
-0.03932
-0.03145
-0.03823
0.017
-0.00589
-0.18662
-0.02186
0.04619
0.10247
-0.0038
0.0496
0.02675
-0.10094
-0.01884
0.0164
-0.1464
-0.06732
-0.04005
-0.05783
-0.01746
-0.09705
-0.00531
-0.06953
-0.03076
-0.09321
0.02834
-0.0727
0.00529
-0.12389
-0.14851
0.00932
0.00855
-0.06783
-0.00234
0.00353
-0.0354
-0.01088
0.09982
-0.0803
-0.06902
-0.02865
0.05995
0.11036
0.02169
0.04172
0.04437
-0.08089
0.03497
-0.06223
-0.11658
-0.08073
-0.07554
-0.00565
-0.00504
-0.05519
-0.10731
-0.03267
-0.1021
-0.09611
-0.07158
-0.004
-0.11643
-0.07493
-0.03419
-0.00756
-0.01752
-0.06717
0.02824
0.0489
-0.0316
-0.08173
-0.11411
0.02871
-0.09031
-0.04082
-0.18143
0.11332
-0.10277
-0.04123
-0.0992
-0.07129
0.09366
-0.07613
0.07041
-0.14893
-0.04634
-0.06609
-0.04928
0.02431
0.05981
-0.0549
0.01798
-0.0734
-0.06752
-0.01782
-0.01393
-0.1001
0.01232
-0.09377
-0.03643
-0.01278
-0.0502
0.0452
-0.07393
-0.02654
-0.00519
-0.02277
0.08291
-0.07409
-0.04678
-0.10866
0.03142
-0.05609
-0.07008
0.00624
0.01652
-0.02848
-0.13592
-0.10872
0.12458
-0.23283
-0.04341
-0.14293
-0.0228
-0.02771
-0.01256
-0.10463
0.01007
-0.00723
-0.03977
-0.01265
-0.09429
-0.04428
0.04465
-0.0451
-0.02192
-0.00496
-0.03702
-0.04673
0.02949
-0.03728
-0.0262
-0.11212
-0.0067
0.04015
-0.00645
-0.0439
-0.08324
-0.02967
-0.08199
-0.02784
0.00277
-0.03921
-0.09131
-0.05942
-0.03113
-0.09744
0.0261
-0.03858
-0.04036
-0.02939
-0.0188
-0.00867
-0.12174
-0.03486
-0.03652
0.11574
-0.02062
0.04504
-0.00485
0.03975
-2.6498
-2.22432
-2.63399
-1.81346
-1.79267
-2.00795
-1.73944
-1.2045
-1.55639
-1.85177
-1.88286
-1.94653
-1.46436
-1.62911
-1.06492
-2.00821
-2.07804
-2.03389
-2.3563
-1.7805
-2.2585
-1.34771
-1.79082
-1.05856
-3.05031
-2.07322
-1.71138
-1.27146
-1.89613
-1.66021
-1.50185
-2.09948
-1.97834
-1.54437
-0.94623
-2.52763
-1.86231
-2.37732
-1.85873
-1.9413
-2.10795
-1.97875
-1.4281
-2.51667
-1.9903
-1.49519
-1.9612
-1.64466
-1.87884
-2.16017
-2.27059
-1.55616
-2.14609
-1.91648
-2.51741
-2.32402
-1.16808
-3.01372
-1.67261
-2.51507
-2.05411
-2.38799
-1.98373
-1.11373
-2.29219
-2.97594
-2.18857
-1.84544
-2.30039
-1.27442
-1.85259
-2.61373
-1.43581
-1.30561
-2.22768
-2.51001
-1.53027
-2.02266
-1.27258
-2.36639
-1.79358
-1.67767
-2.11146
-2.0415
-1.1943
-1.99254
-1.63801
-2.56833
-1.65284
-1.95514
-2.51728
-2.04519
-2.43267
-2.39219
-2.34447
-2.54931
-1.72558
-1.59999
-1.69782
-2.17429
-2.29286
-2.37037
-1.75142
-1.88536
-2.26208
-2.22266
-2.16523
-2.61443
-1.77196
-2.72114
-1.75546
-2.15562
-2.62384
-2.13317
-2.22791
-2.08033
-2.83706
-2.24251
-2.12213
-1.29938
-1.90925
-2.19795
-1.4859
-2.11829
-1.82373
-2.3369
-1.78299
-2.44864
-2.22812
-2.07719
-2.26546
-2.26557
-2.29312
-1.89534
-1.87882
-1.87887
-1.64992
-1.63196
-2.61314
-1.80179
-1.61554
-1.58207
-1.50851
-2.08019
-1.55645
-2.23235
-2.27851
-2.30729
-2.13581
-2.32542
-1.85259
-2.38757
-2.15824
-2.21784
-2.86111
-1.55424
-1.72844
-3.18542
-1.22581
-1.64369
-1.89475
-1.53616
-2.06423
-2.32308
-2.40444
-1.12373
-3.3677
-1.08821
-2.11784
-1.78149
-1.55188
-2.11442
-1.53559
-1.64479
-1.64131
-1.0697
-2.58004
-1.82397
-2.01716
-0.86568
-2.01128
-2.15419
-2.16674
-2.24425
-2.0004
-1.84818
-2.2527
-3.02805
-2.10621
-3.86067
-1.77824
-2.48193
-2.16904
-1.26647
-1.63666
-2.65572
-1.38027
-2.04795
-1.84634
-2.03211
-0.13208
-0.23515
-0.05306
-0.00459
-0.33394
-0.18733
-0.27392
-0.46545
-0.13478
-0.37455
-0.34325
-0.09168
-0.15262
-0.35294
-0.37557
-0.05839
-0.43425
-0.20704
-0.25423
-0.59036
-0.34249
-0.17859
-0.2807
-0.22258
-0.17637
-0.18983
-0.33443
-0.13606
-0.16565
-0.18824
-0.27928
-0.50723
-0.22009
-0.37667
-0.22079
-0.2649
-0.17397
-0.14934
-0.28599
-0.29547
-0.29496
-0.49789
-0.13551
-0.58393
-0.30229
-0.84013
-0.0937
-0.44351
-0.38656
-0.30151
-0.10446
-0.39734
-0.14421
-0.15952
-0.38173
-0.33869
-0.23393
-0.25064
-0.23208
-0.3118
-0.72324
-0.21984
-0.32613
-0.29901
-0.56759
-0.20313
-0.45243
-0.34687
-0.36202
-0.31047
-0.10208
-0.29408
-0.10835
-0.04409
-0.24112
-0.11938
-0.33502
-0.22787
-0.38524
-0.18576
-0.32806
-0.29415
-0.30151
-0.57589
-0.206
-0.28752
-0.32399
-0.11885
-0.0347
-0.29661
-0.14703
-0.51791
-0.33817
-0.22218
-0.34596
-0.52383
-0.44088
-0.20621
-0.09412
-0.29326
-0.29814
-0.21439
-0.46321
-0.5963
-0.09057
-0.09587
-0.39086
-0.29053
-0.19377
-0.33883
-0.24487
-0.48602
-0.2812
-0.79667
-0.16312
-0.23305
-0.20505
-0.1719
-0.21218
-0.19419
-0.2149
-0.18386
-0.44483
-0.36707
-0.50033
-0.384
-0.19007
-0.15987
-0.38459
-0.23613
-0.46586
-0.38042
-0.44515
-0.21044
-0.4889
-0.22724
-0.26724
-0.47173
-0.22471
-0.44854
-0.49696
-0.11286
-0.1765
-0.20809
-0.35116
-0.49117
-0.29738
-0.09022
-0.03655
-0.5479
-0.3362
-0.06527
-0.17084
-0.07955
-0.26736
-0.25946
-0.24117
-0.37162
-0.69656
-0.32044
-0.32777
-0.2705
-0.05072
-0.43366
-0.03678
-0.2643
-0.36824
-0.24873
-0.21088
-0.11528
-0.3589
-0.41284
-0.57921
-0.37232
-0.23348
-0.12637
-0.27991
-0.68785
-0.2134
-0.41121
-0.47682
-0.11785
-0.54528
-0.13544
-0.41543
-0.44761
-0.47716
-0.3206
-0.31302
-0.11874
-0.16758
-0.08579
-0.13604
-0.59086
-0.11351
-0.8529
-0.2061
-0.25972
-0.29929
-0.76497
-55.2095
-45.9557
-42.6144
-51.3905
-15.7342
-50.5271
-5.36757
-47.8623
-16.1028
-49.0577
-56.0075
-37.4277
-5.44548
-46.1043
-51.9254
-42.6895
-43.9944
-50.1051
-39.2721
-36.8245
-52.9264
-48.5693
-45.0668
-44.2477
-50.2437
-51.2207
-42.3655
-38.6579
-38.2913
-44.4613
-50.0635
-42.4838
-6.39067
-48.9908
-48.0768
-51.985
-16.8062
-45.8624
-16.7697
-49.9655
-47.2345
-30.8597
-46.7657
-57.2787
-38.8285
-33.2753
-44.074
-52.1905
-52.8795
-50.8636
-52.492
-45.0986
-48.5304
-30.9612
-45.6934
-52.387
-39.1459
-29.0705
-48.7339
-51.0404
-45.4775
-5.69396
-15.884
-46.149
-47.6767
-45.7988
-52.9891
-17.0535
-46.0848
-52.7757
-44.4243
-45.3666
-52.8596
-44.1733
-47.6406
-45.0389
-51.6001
-6.03421
-57.22
-45.9922
-48.2648
-53.1251
-48.2204
-56.6541
-48.3656
-52.0036
-33.7076
-49.3108
-15.7426
-26.541
-42.0445
-56.6233
-53.1514
-46.5162
-47.8883
-50.1358
-54.4963
-48.5293
-51.3319
-35.4424
-34.0818
-45.4202
-39.8274
-6.23608
-5.61433
-50.1705
-49.1
-52.3246
-45.3816
-45.1356
-15.3368
-4.69363
-47.9341
-55.0511
-56.4869
-49.9431
-50.6199
-6.1305
-5.51886
-45.9236
-16.4472
-50.6218
-53.2228
-41.0527
-55.5644
-27.3299
-48.0008
-49.2925
-45.9389
-51.9945
-40.6694
-45.7511
-52.2045
-48.4903
-53.3984
-6.26593
-36.8651
-59.8426
-59.7136
-53.9103
-44.3037
-48.3995
-50.4878
-56.0566
-50.3244
-46.4137
-47.3295
-5.35078
-46.9993
-49.384
-43.8021
-41.632
-48.544
-48.3949
-52.9109
-42.6659
-46.7641
-49.5998
-5.91664
-43.5571
-43.8414
-33.6211
-49.2181
-56.0901
-35.894
-45.0697
-16.7868
-31.1732
-48.0997
-16.9115
-44.9343
-22.4484
-47.5281
-6.67085
-55.2028
-48.0438
-49.7348
-40.9291
-52.2234
-47.7252
-53.4318
-46.9495
-51.9316
-47.9605
-40.4099
-53.4622
-52.1939
-15.7714
-48.0402
-50.5924
-16.887
-49.6937
-55.8639
-39.6664
-48.3341
-33.2176
-42.8658
-5.61557
-47.376
-47.5493
-0.07042
-0.03558
-0.03339
-0.00896
-0.0098
-0.04428
-0.0886
-0.01788
-0.0587
0.09365
0.0039
-0.08988
-0.0073
-0.0446
-0.01447
0.04904
-0.07566
0.01164
-0.01673
-0.07683
-0.12542
0.06383
0.06562
-0.10717
0.05666
-0.08422
-0.05933
-0.05494
0.0148
-0.09108
0.00318
-0.08655
0.04635
-0.10067
-0.13568
-0.0689
-0.06902
-0.1266
-0.03504
0.02734
0.03911
-0.09173
-0.00893
-0.05967
-0.00436
0.05632
-0.11474
0.00591
-0.12086
-0.04335
-0.08969
0.00669
0.06034
-0.1287
-0.02015
-0.0537
-0.15114
-0.12148
-0.02376
-0.0041
0.0231
-0.01183
0.03311
-0.09928
-0.10106
-0.06241
-0.07522
0.01728
-0.00794
-0.03941
0.03288
-0.11993
0.03069
-0.04856
-0.09949
-0.02978
0.00242
-0.01236
-0.03118
0.0302
-0.23036
-0.18651
-0.06935
-0.05789
-0.07296
0.04194
-0.09359
-0.0491
0.02607
0.07491
0.00911
-0.0255
-0.02917
0.00934
0.02634
-0.01491
-0.03344
0.0153
-0.12631
-0.00535
-0.07495
-0.05128
-0.02483
-0.03771
-0.2187
-0.02794
-0.11669
-0.02315
-0.08083
0.10593
-0.1232
-0.12945
-0.11153
-0.02186
-0.09193
-0.0314
0.08962
-0.09782
-0.00227
-0.06433
-0.07626
-0.01365
-0.08278
-0.19859
-0.11001
-0.04179
0.05135
-0.0866
-0.03604
-0.15972
-0.05696
-0.0662
0.10958
-0.03248
-0.04396
0.04685
-0.11786
-0.07125
-0.03253
-0.10783
-0.01146
-0.04226
-0.06156
0.01914
0.01112
-0.00858
0.02967
-0.07697
0.02237
-0.05979
-0.12698
-0.01222
-0.07693
-0.19965
-0.01909
-0.02217
-0.15364
0.04542
-0.07911
-0.04517
-0.03507
-0.02752
0.00593
0.04185
-0.01265
-0.08281
-0.05694
0.01131
-0.07176
0.11027
0.0039
-0.0771
0.01835
-0.08695
0.03065
-0.11641
-0.01015
0.06953
-0.09584
-0.01095
-0.00438
-0.08604
0.02258
-0.05578
-0.07981
0.00507
0.06133
0.06262
-0.15679
-0.06944
-0.02337
-0.08241
0.03461
-0.09319
0.04322
0.04296
-0.01204
-0.06217
0.03083
-0.14654
-6.73595
-4.0575
-6.73895
-6.75551
-9.16848
-7.48272
-10.1617
-6.04236
-4.25356
-5.14979
-8.99248
-3.34759
-6.30539
-4.70247
-4.68977
-7.23381
-10.1761
-5.29441
-6.37737
-6.05568
-7.11502
-6.52209
-3.28404
-8.68428
-3.41086
-4.59907
-9.32358
-5.21314
-4.70488
-4.66174
-9.10868
-6.84425
-3.59616
-7.77236
-6.26301
-5.83511
-2.8383
-7.12375
-3.13628
-10.3012
-4.6833
-1.38896
-6.02797
-4.74009
-3.86055
-4.30249
-7.73703
-3.16246
-6.15514
-7.95258
-10.8117
-6.77395
-4.29497
-4.57523
-4.3395
-3.88499
-3.747
-10.9664
-10.3022
-3.77915
-3.77888
-3.49509
-5.3012
-2.51
-7.94468
-3.38483
-7.91608
-3.94308
-4.33698
-2.58241
-12.3444
-2.55754
-9.16488
-3.94422
-5.04225
-3.59248
-5.73441
-4.61686
-5.25275
-7.52077
-6.1624
-7.39791
-4.83842
-3.95878
-8.48998
-5.28236
-4.09844
-8.11398
-5.65153
-7.77171
-6.01724
-2.17538
-5.33669
-3.229
-4.99817
-7.82097
-7.97128
-6.42368
-6.79347
-8.07718
-5.59012
-4.32841
-5.94036
-5.4279
-3.72398
-3.78228
-2.28247
-5.86311
-4.70499
-3.23815
-8.06218
-5.8667
-5.07297
-1.8851
-5.77088
-5.1869
-5.46583
-9.49158
-5.26839
-5.5473
-7.35566
-6.52485
-7.5369
-8.14428
-3.48388
-3.15636
-5.40546
-3.46086
-5.32433
-8.26748
-4.57273
-5.06934
-3.4087
-2.55217
-4.31323
-7.24637
-3.42261
-9.30838
-3.61106
-6.63089
-2.72221
-7.67574
-4.99862
-4.91589
-9.57508
-5.74838
-10.8077
-4.13293
-1.76196
-7.49865
-5.04425
-7.92058
-5.07256
-10.4033
-3.22956
-3.68266
-2.9049
-2.09036
-6.85353
-5.48015
-7.85261
-3.50121
-5.11548
-4.76063
-9.11798
-2.75875
-5.79286
-2.61019
-4.98347
-4.03672
-4.3741
-3.88447
-10.5992
-3.45428
-4.26859
-8.62518
-5.83733
-5.57972
-9.35478
-3.98326
-8.67018
-4.85353
-4.83675
-6.81579
-8.32748
-7.53454
-3.10363
-5.24353
-10.2986
-5.90734
-6.80244
-9.97908
-3.77653
-4.60376
-4.8357
-13.9603
-4.05802
-5.89561
-3.67921
-8.86018
