1.5
1.5
1.5
1.5
1.5
1.5
1.5
1.5
1.5
1.5
1.5
1.5
1.5
1.5
1.5
1.5
1.5
1.5
1.5
1.5
1.5
1.5
1.5
1.5
1.5
1.5
1.5
1.5
1.5
1.5
1.5
1.5
1.5
1.5
1.5
1.5
1.5
1.5
1.5
1.5
1.5
1.5
1.5
1.5
1.5
1.5
1.5
1.5
1.5
1.5
1.5
1.5
1.5
1.5
1.5
1.5
1.5
1.5
1.5
1.5
1.5
1.5
1.5
1.5
1.5
1.5
1.5
1.5
1.5
1.5
1.5
1.5
1.5
1.5
1.5
1.5
1.5
1.5
1.5
1.5
1.5
1.5
1.5
1.5
1.5
1.5
1.5
1.5
1.5
1.5
1.5
1.5
1.5
1.5
1.5
1.5
1.5
1.5
1.5
1.5
1.5
1.5
1.5
1.5
1.5
1.5
1.5
1.5
1.5
1.5
1.5
1.5
1.5
-1.32476
1.5
1.5
1.5
1.5
1.5
1.5
1.5
1.5
1.5
1.5
1.5
1.5
1.5
1.5
1.5
1.5
1.5
1.5
1.5
1.5
1.5
1.5
1.5
1.5
1.5
1.5
1.5
1.5
1.5
1.5
1.5
1.5
1.5
1.5
1.5
1.5
1.5
1.5
1.5
1.5
1.5
1.5
1.5
1.5
1.5
1.5
1.5
1.5
1.5
1.5
1.5
1.5
1.5
1.5
1.5
1.5
1.5
1.5
1.5
1.5
1.5
1.5
1.5
1.5
1.5
1.5
1.5
1.5
1.5
1.5
1.5
1.5
1.5
1.5
1.5
1.5
1.5
1.5
1.5
1.5
1.5
1.5
1.5
1.5
1.5
1.5
1.5
1.5
1.5
1.5
1.5
1.5
1.5
1.5
1.5
1.5
1.5
1.5
1.5
1.5
1.5
1.5
1.5
1.5
1.5
1.5
1.5
1.5
1.5
1.5
1.5
1.5
1.5
1.5
1.5
1.5
1.5
1.5
1.5
1.5
1.5
1.5
1.5
1.5
1.5
1.5
1.5
1.5
1.5
1.5
1.5
1.5
1.5
1.5
1.5
1.5
1.5
1.5
1.5
1.5
1.5
1.5
1.5
1.5
1.5
1.5
1.5
1.5
1.5
1.5
1.5
-1.85438
1.5
1.5
1.5
1.5
1.5
1.5
1.5
1.5
1.5
1.5
1.5
1.5
1.5
1.5
1.5
1.5
1.5
1.5
1.5
1.5
1.5
1.5
1.5
1.5
1.5
1.5
1.5
1.5
1.5
1.5
1.5
1.5
1.5
1.5
1.5
1.5
1.5
1.5
1.5
1.5
1.5
1.5
1.5
1.5
1.5
1.5
1.5
1.5
1.5
1.5
1.5
1.5
1.5
1.5
1.5
-0.7563
0.4559
-0.29421
0.30783
-0.30817
0.24016
-0.04498
1.5
1.0575
0.68962
1.6042
0.02902
0.65665
-0.41519
0.72298
0.38917
0.01062
0.62479
-2.44663
1.05365
-0.03517
-0.0989
0.25645
1.56567
0.52739
-0.16881
1.22037
0.23286
1.04122
0.73043
0.69451
1.15304
0.47927
1.5
0.64957
1.28091
0.89295
0.40559
1.05496
2.11307
1.41134
1.42925
0.40409
0.67309
1.46818
0.93559
0.64105
-0.50393
-0.26722
1.36001
0.42849
-0.02441
0.34051
0.42961
-0.68131
1.70379
0.76771
0.4601
0.04272
0.09208
0.78829
1.72596
0.16608
0.32115
0.71212
1.2305
0.16546
0.17908
0.76809
-0.1515
0.49864
0.50723
1.03344
0.35199
1.39827
0.12396
-0.00049
-0.02911
1.46516
1.82012
0.77579
-0.08134
0.43019
1.0027
-0.0403
0.44548
-0.19362
0.59062
0.37197
-0.61181
1.99352
1.58162
0.03713
-0.14031
0.4186
-0.10003
-1.14595
1.85488
1.51427
0.54872
0.31115
1.5
-0.08301
0.89509
0.987
0.44074
0.93007
0.73046
-1.71348
0.15401
0.97187
0.74149
-0.43351
0.45451
1.67121
0.26281
0.2246
0.32561
0.8781
0.78615
0.33814
0.8556
0.52284
1.38785
0.29153
0.65453
1.96002
0.29946
0.38353
1.5
1.0446
0.67441
0.26039
0.6441
0.32783
1.18611
1.2439
0.83085
1.24268
-0.1943
0.6957
1.35211
0.64756
0.95221
1.92723
1.19925
1.67896
2.37677
0.43982
0.57552
0.59995
0.0327
0.94216
1.35165
0.34217
1.59553
0.88038
1.97836
0.90755
-0.44677
-0.43367
1.02391
0.65787
0.23529
0.06492
1.5
0.59146
0.81482
-0.21717
0.62286
1.01623
0.84858
0.84234
0.85428
0.54625
0.50853
0.39002
0.17399
2.05826
0.33668
0.56656
0.68111
0.019
0.46103
0.33315
0.75059
1.0036
1.37656
0.68634
0.09211
1.58228
0.88577
0.61497
0.12118
0.64229
1.37052
1.31356
-0.55931
1.65648
1.64938
0.70257
1.41426
-1.13441
0.81623
0.24114
1.5
0.96716
-0.13279
0.47032
0.36149
0.88064
0.37769
0.75488
0.72822
0.12349
2.09603
0.27602
1.4851
1.39879
0.82611
0.69133
-0.0044
0.07506
1.8915
-0.19998
1.16262
1.94749
0.60264
0.6122
1.42368
0.29405
1.92052
0.8555
0.0938
0.50644
0.64627
0.55229
0.36406
-0.20833
1.63531
1.21539
-1.21277
-0.00508
-0.08392
-0.66298
2.04684
1.11335
0.42603
-0.13628
0.282
1.02258
0.0865
0.72688
-3.17275
1.5
0.51795
1.46727
0.45303
0.71869
0.13731
0.25214
-0.08627
-0.34725
1.84203
0.15087
2.28645
0.59899
1.25386
-0.19661
0.11391
0.3664
0.03128
-0.70265
1.01137
0.97706
0.60694
0.51999
-0.19282
1.69999
-0.35208
0.4935
-0.40573
0.801
0.0759
-0.38299
0.75847
0.52568
1.5
0.66368
0.09789
0.90333
0.7809
-0.76947
0.87071
1.05874
0.87376
0.2873
0.84348
0.45683
1.61218
0.31168
0.01202
0.11311
1.00861
0.41582
1.06559
0.94418
-0.82432
2.37669
0.37328
0.50602
0.69058
1.20244
0.51563
0.69
1.5
-2.42281
0.29113
0.90144
1.69175
0.60384
-0.77328
-0.07719
-0.45477
1.41506
0.69481
1.60325
1.02841
0.87236
0.22039
0.40022
1.5
0.6208
1.08223
-0.23253
-0.30745
1.83046
0.66515
0.16995
0.97926
1.06942
0.13615
0.13887
-0.33423
0.35034
0.11118
0.17267
0.30642
-0.76196
1.55655
-0.31536
0.39495
0.93206
1.8055
0.97039
0.83268
1.5
-0.26896
0.72835
0.39921
1.16298
0.44837
-9.0495
0.30665
0.33706
0.4989
0.92283
1.5
0.72846
0.4932
0.28883
0.0503
0.29701
1.27934
-0.52053
1.09438
0.64143
0.45673
0.10308
0.07452
0.60837
-0.06466
0.9299
1.07052
-0.18371
1.42511
0.63901
0.4584
1.5
0.49922
0.41808
-0.07415
-0.71082
0.22971
0.26283
0.49681
-0.18443
-0.01246
0.82172
-0.40089
1.5
1.5
1.5
1.5
1.5
1.5
1.5
1.5
1.5
1.5
1.5
1.5
1.5
1.5
1.5
1.5
1.5
1.5
1.5
1.5
1.5
1.5
1.5
1.5
1.5
1.5
1.5
1.5
1.5
1.5
1.5
1.5
1.5
1.5
0.63621
1.5
1.5
1.5
1.5
1.5
1.5
1.5
1.5
1.5
1.5
1.5
1.5
1.5
1.5
1.5
1.5
1.5
1.5
1.5
1.5
1.5
1.5
1.5
1.5
1.5
-0.07709
-3.1889
1.5
1.5
1.5
1.5
1.5
1.5
1.5
1.5
1.5
1.5
1.5
1.5
1.5
1.5
1.5
1.5
1.5
1.5
1.5
1.5
1.5
1.5
1.5
1.5
1.5
1.5
1.5
1.5
1.5
-1.21665
1.5
1.5
1.5
1.5
1.5
1.5
1.5
1.5
1.5
1.5
1.5
1.5
1.5
1.5
1.5
1.5
1.5
1.5
1.5
1.5
1.5
1.5
-3.0235
1.5
1.5
1.5
1.5
1.5
1.5
1.5
1.5
1.5
1.5
1.5
1.5
1.5
1.5
1.5
1.5
1.5
-0.82936
1.5
1.5
1.5
1.5
1.5
1.5
1.5
1.5
1.5
1.5
1.5
1.5
1.5
1.5
1.5
1.5
1.5
-0.3747
1.5
1.5
1.5
1.5
1.5
1.5
1.5
1.5
1.5
1.5
1.5
1.5
1.5
1.5
1.5
1.5
1.5
1.5
1.5
1.5
1.5
1.5
1.5
1.5
1.5
1.5
1.5
1.5
1.5
1.5
1.5
1.5
1.5
1.5
1.5
1.5
1.5
1.5
1.5
1.5
1.5
1.5
1.5
1.5
1.5
1.5
1.5
1.5
1.5
1.5
1.5
1.5
1.5
1.5
1.5
1.5
1.5
1.5
1.5
1.5
1.5
1.5
1.5
1.5
1.5
1.5
1.5
1.5
1.5
1.5
1.5
1.5
1.5
1.5
1.5
1.5
1.5
1.5
1.5
1.5
1.5
1.5
1.5
1.5
1.5
1.5
1.5
1.5
1.5
1.5
1.5
1.5
1.5
1.5
1.5
1.5
1.5
1.5
1.5
1.5
1.5
1.5
1.5
1.5
1.5
1.5
1.5
1.5
1.5
1.5
1.5
1.5
1.5
1.5
1.5
1.5
1.5
1.5
1.5
1.5
1.5
1.5
1.5
1.5
1.5
1.5
1.5
1.5
1.5
1.5
1.5
1.5
1.5
1.5
1.5
1.5
1.5
1.5
1.5
1.5
1.5
1.5
1.5
1.5
1.5
1.5
1.5
1.5
1.5
1.5
1.5
1.5
1.5
1.5
1.5
1.5
1.5
1.5
1.5
1.5
1.5
1.5
1.5
1.5
1.5
1.5
1.5
1.5
1.5
1.5
1.5
1.5
1.5
1.5
1.5
1.5
1.5
1.5
1.5
1.5
1.5
1.5
1.5
1.5
1.5
1.5
1.5
1.5
1.5
1.5
1.5
1.5
1.5
1.5
1.5
1.5
1.5
1.5
1.5
1.5
1.5
1.5
1.5
1.5
1.5
1.5
1.5
1.5
1.5
1.5
1.5
1.5
1.5
1.5
1.5
1.5
1.5
1.5
1.5
1.5
1.5
1.5
1.5
1.5
1.5
1.5
1.5
1.5
1.5
1.5
1.5
1.5
1.5
1.5
1.5
1.5
1.5
1.5
1.5
1.5
1.5
1.5
1.5
1.5
1.5
1.5
1.5
1.5
1.5
1.5
1.5
1.5
1.5
1.5
1.5
1.5
1.5
1.5
1.5
1.5
1.5
1.5
1.5
1.5
1.5
1.5
1.5
1.5
1.5
1.5
1.5
1.5
1.5
1.5
1.5
1.5
1.5
1.5
1.5
1.5
1.5
1.5
1.5
1.5
1.5
1.5
1.5
1.5
1.5
1.5
1.5
1.5
1.5
1.5
1.5
1.5
1.5
1.5
1.5
1.5
1.5
1.5
1.5
1.5
1.5
1.5
1.5
1.5
1.5
1.5
1.5
1.5
1.5
1.5
1.5
1.5
1.5
1.10945
0.81094
0.62121
0.6637
0.57622
1.53354
0.46649
1.46045
1.38316
-0.19252
-0.52433
0.60344
0.43722
1.00605
1.44613
-0.58049
1.97231
1.08298
1.46144
1.3255
1.09736
0.02231
-0.05393
0.02921
0.54253
0.97185
1.64704
2.00127
1.58609
0.67228
1.41704
0.63257
-0.1993
0.43579
0.24299
1.02581
-1.0982
1.07002
1.61154
0.75899
1.80964
1.04319
1.80977
1.20076
0.63811
0.42455
0.33244
1.63401
1.0758
0.7199
0.74805
0.08411
0.4686
0.88502
1.45026
1.47131
1.51968
0.04736
1.35403
1.13511
1.24464
0.22799
1.84139
-0.95135
0.32777
0.61123
0.57505
1.7867
0.98652
0.60326
1.05154
-10.1258
0.22442
0.01923
-0.06829
0.93328
0.21036
1.13469
0.56508
0.53085
1.58149
0.63534
1.22684
1.74974
0.73163
0.36406
1.54314
1.96868
-0.07586
-0.74515
1.44547
1.70764
2.28673
0.92768
1.5
0.90417
0.2101
0.58093
1.85576
0.64551
1.31921
0.31811
0.457
0.21508
1.54418
0.74175
1.47487
2.3568
0.55498
0.59877
0.85756
1.79078
0.31116
0.24801
1.03693
0.42125
1.62481
0.92098
1.7936
-0.92562
0.68349
2.05248
0.77352
0.69571
0.81973
0.18304
0.85839
0.52578
1.12541
1.36379
1.29755
1.25612
0.52196
1.04563
0.98705
0.94094
1.7881
1.06876
0.90291
-0.1798
1.5
0.39911
0.91986
2.04175
0.60694
1.32078
1.61359
1.81624
1.27861
0.68275
0.15184
1.89222
0.59388
0.46497
0.76164
-0.17314
0.66711
1.68859
0.83871
0.03588
0.79383
1.7502
1.07871
0.85221
0.82522
0.82703
-0.39497
0.88411
-0.21578
0.32461
0.61151
0.03233
0.91978
-0.22949
1.32095
0.68149
1.75966
-0.7762
1.21774
1.4312
1.19103
1.38373
1.37194
1.35194
1.63496
0.42261
0.48954
1.12692
0.95706
0.67944
1.25404
1.868
1.20531
0.2508
-0.45478
-0.12715
1.02637
0.95508
0.93075
0.82604
-0.15897
1.5
0.45434
1.5
1.5
0.55545
-0.00889
-1.2763
1.5
-1.63682
-0.6557
0.73747
0.88718
-2.06681
-0.47553
1.5
-0.96327
-0.23501
0.56733
0.44627
1.5
1.5
1.5
0.39726
-0.74607
-0.4157
1.5
0.00072
0.44415
1.5
-0.34668
0.37791
1.5
-0.3849
0.72477
1.5
-0.40353
-0.92427
1.5
0.35443
0.50666
-0.95337
-1.01666
-0.49721
0.8761
-0.02832
1.5
-0.53233
0.6033
0.12985
0.15219
-0.49257
-0.17572
0.06581
-0.60079
0.82692
0.38838
1.57187
1.07394
0.33141
0.90766
0.70849
0.55828
1.68507
0.41284
0.75568
-0.40475
0.27316
1.5
0.71948
1.5
1.5
0.22302
1.5
0.79097
1.78184
2.09518
1.12136
1.81266
1.15107
0.01209
0.08488
0.58708
-0.5569
0.24812
0.5482
1.90933
1.5
0.58966
-0.93448
0.3239
-2.33664
1.26964
-0.40428
1.01063
1.5
0.30919
0.36707
1.5
0.99124
0.80956
-11.9686
0.33873
-1.00265
-1.5899
-0.43432
1.41717
1.5
1.5
0.43573
1.36326
-0.06047
0.16568
1.5
-0.19007
-0.53864
0.05275
1.5
0.08061
0.33331
1.5
1.5
0.4924
1.5
1.79116
1.5
-0.74681
0.31271
0.03383
1.5
0.32979
0.47557
1.31605
0.46574
1.5
0.84825
-0.98089
0.48483
1.5
-0.403
0.03592
-0.52446
-0.27676
0.5439
0.33821
-0.13445
-2.25253
0.2166
0.54718
0.80503
0.31533
-3.83785
-0.20737
1.38763
1.5
1.5
1.5
1.19895
-0.1135
1.86903
-0.5689
-0.17213
1.14356
0.03118
1.5
0.96957
-0.04682
0.27679
1.15612
1.5
-2.30091
0.32834
0.50683
-0.38312
1.5
1.5
0.43152
-0.47113
-0.13919
-0.08024
0.92281
1.16765
1.5
-0.48097
1.29992
-1.00614
1.5
-0.5642
1.5
-0.18806
1.5312
0.29014
1.5
-0.18239
0.85487
-0.22762
1.70532
1.5
1.5
1.5
1.5
1.5
1.5
1.5
1.5
1.5
1.5
1.5
1.5
1.5
1.5
1.5
1.5
1.5
1.5
1.5
1.5
1.5
1.5
1.5
1.5
1.5
1.5
1.5
1.5
1.5
1.5
1.5
1.5
1.5
1.5
1.5
1.5
1.5
1.5
1.5
1.5
1.5
1.5
1.5
1.5
1.5
1.5
1.5
1.5
1.5
1.5
1.5
1.5
1.5
1.5
1.5
1.5
1.5
1.5
1.5
1.5
1.5
1.5
1.5
1.5
1.5
1.5
1.5
1.5
1.5
1.5
1.5
1.5
1.5
1.5
1.5
1.5
1.5
1.5
1.5
1.5
1.5
1.5
1.5
1.5
1.5
1.5
1.5
1.5
1.5
1.5
1.5
1.5
1.5
1.5
1.5
1.5
1.5
1.5
1.5
1.5
1.5
1.5
1.5
1.5
1.5
1.5
1.5
1.5
1.5
1.5
1.5
1.5
1.5
1.5
1.5
1.5
1.5
1.5
1.5
1.5
1.5
1.5
1.5
1.5
1.5
1.5
1.5
1.5
1.5
1.5
1.5
1.5
1.5
1.5
1.5
1.5
1.5
1.5
1.5
1.5
1.5
1.5
1.5
1.5
1.5
1.5
1.5
1.5
1.5
1.5
1.5
1.5
1.5
1.5
1.5
1.5
1.5
1.5
1.5
1.5
1.5
1.5
1.5
1.5
1.5
1.5
1.5
1.5
1.5
-0.51719
1.5
1.5
1.5
1.5
1.5
1.5
1.5
1.5
1.5
1.5
1.5
1.5
1.5
1.5
1.5
1.5
1.5
1.5
1.5
1.5
1.5
1.5
1.5
1.5
1.5
1.5
1.5
1.5
1.5
1.5
1.5
1.5
1.5
1.5
1.5
1.5
1.5
1.5
1.5
1.5
1.5
1.5
1.5
1.5
1.5
1.5
1.5
1.5
1.5
1.5
1.5
1.5
1.5
1.5
1.5
1.5
1.5
1.5
1.5
1.5
1.5
1.5
1.5
1.5
1.5
1.5
1.5
1.5
1.5
1.5
1.5
1.5
1.5
1.5
1.5
1.5
1.5
1.5
1.5
1.5
1.5
1.5
1.5
1.5
1.5
1.5
1.5
1.5
1.5
1.5
1.5
1.5
1.5
1.5
1.5
1.5
1.5
1.5
1.5
1.5
1.5
1.5
1.5
1.5
1.5
1.5
1.5
1.5
1.5
1.5
1.5
1.5
1.5
1.5
1.5
1.5
1.5
1.5
1.5
1.5
1.5
1.5
1.5
1.5
1.5
1.5
1.5
1.5
1.5
1.5
1.5
1.5
1.5
1.5
1.5
1.5
1.5
1.5
1.5
1.5
1.5
1.5
1.5
1.5
1.5
1.5
1.5
1.5
1.5
1.5
1.5
1.5
1.5
1.5
1.5
1.5
1.5
1.5
1.5
1.5
1.5
1.5
1.5
1.5
1.5
1.5
1.5
1.5
1.5
1.5
1.5
1.5
1.5
1.5
1.5
1.5
1.5
1.5
1.5
1.5
1.5
1.5
1.5
1.5
1.5
1.5
1.5
1.5
1.5
1.5
1.5
1.5
1.5
1.5
1.5
1.5
1.5
1.5
1.5
1.5
1.5
1.5
1.5
1.5
1.5
1.5
1.5
1.5
1.5
1.5
1.5
1.5
1.5
1.5
1.5
1.5
1.5
1.5
1.5
1.5
1.5
1.5
1.5
1.5
1.5
1.5
1.5
1.5
1.5
1.5
1.5
1.5
1.5
1.5
1.5
1.5
1.5
1.5
1.5
1.5
1.5
1.5
1.5
1.5
1.5
1.5
1.5
1.5
1.5
1.5
1.5
1.5
1.5
1.5
1.5
1.5
1.5
1.5
1.5
1.5
1.5
1.5
1.5
1.5
1.5
1.5
1.5
1.5
1.5
1.5
1.5
1.5
1.5
1.5
1.5
1.5
1.5
1.5
1.5
1.5
1.5
1.5
1.5
1.5
1.5
1.5
1.5
1.5
1.5
1.5
1.5
1.5
1.5
1.5
1.5
1.5
1.5
1.5
1.5
1.5
1.5
1.5
1.5
1.5
1.5
1.5
1.5
1.5
1.5
1.5
1.5
1.5
1.5
1.5
1.5
1.5
1.5
1.5
1.5
1.5
1.5
1.5
1.5
1.5
1.5
1.5
1.5
1.5
1.5
1.5
1.5
1.5
1.5
1.5
1.76721
1.58257
1.37063
-1.00948
2.2148
0.86993
0.56876
-0.06006
1.5
0.79651
-0.30097
2.03851
0.9247
1.37733
1.221
0.55593
0.08576
0.5427
0.21541
-0.82556
0.11364
0.62644
0.06431
0.93093
0.21277
-0.85577
0.4421
0.64143
-0.3547
0.35808
0.62607
1.0324
0.11286
2.26857
1.94755
0.64356
0.55605
-0.47896
-0.56069
0.26524
0.0522
-0.74599
1.18504
0.80783
-0.25662
0.47532
0.32883
1.00407
1.56408
-0.72715
-0.25262
0.32784
0.93959
0.81582
1.2579
0.34162
1.09257
1.23876
0.29136
1.28272
-1.1167
-0.38318
-0.65385
1.08438
0.87135
-0.17179
1.41213
1.4451
0.52762
0.2529
1.56806
-0.71788
0.88583
0.48201
-1.40756
0.14513
-0.07184
0.52464
-0.12883
1.21852
0.60548
1.54593
1.25469
-1.22333
0.14561
1.79419
0.92225
-0.15125
-1.71357
-0.75083
0.83116
0.34394
-0.58902
0.9447
-0.00841
0.67297
0.71259
1.84052
-0.25495
0.22451
0.90602
1.86104
-0.2137
-3.08535
0.81475
0.97363
-1.60927
0.93378
0.86627
1.21007
-0.39135
0.17122
-0.08871
0.22201
-0.43156
1.16219
-0.02493
-0.03502
0.15325
1.07371
1.58234
-0.89471
-0.00244
-0.60371
0.83608
1.57899
1.87162
-0.6862
-0.92232
-0.53963
0.68968
-2.09399
-0.32443
0.85095
0.66012
0.27419
-0.49494
-0.10772
1.76307
0.86971
0.0591
-0.19337
-0.83627
-0.0263
1.1978
0.49632
2.24522
0.31698
1.4762
-0.23397
0.048
-0.00549
0.71938
1.89376
0.61277
0.19062
1.30638
-0.39051
0.02164
0.28615
1.51409
1.80364
0.28175
-1.51347
0.94236
0.78834
0.31001
1.52073
1.27131
1.44013
1.54638
0.53475
-0.00132
1.5
1.5
0.78119
0.33488
-0.05495
0.4353
-0.00601
0.91687
0.20193
0.86802
0.57461
0.34773
1.01983
-0.80743
0.18412
0.955
-0.46124
-0.17986
0.31896
0.63551
-0.90221
0.44822
1.3137
0.09955
0.01877
-0.07865
0.33441
1.50604
0.04307
0.59124
0.99054
-0.2307
1.35659
-0.23251
0.59455
0.99401
0.82118
0.70457
0.97768
-0.29998
-0.35096
0.31792
0.2969
0.40376
0.75041
-0.12658
1.68626
-0.15133
1.14799
1.24593
1.22202
0.29358
0.18849
1.42985
0.21632
0.18667
1.03488
1.02482
0.36624
0.74114
0.91178
-1.03046
0.85303
-0.19668
0.87174
0.07382
0.29575
1.407
0.26923
1.87462
0.85884
-0.09176
0.63876
-0.55931
0.37061
1.60464
0.21155
-0.19206
0.73536
-0.16404
-0.10022
1.62566
-0.01767
-1.18816
1.06691
1.06576
0.61669
-0.47339
0.58421
-0.66681
0.80502
1.36308
-1.76154
-0.64873
1.7972
0.71544
-0.00969
1.43318
0.09905
1.17599
0.41587
0.12837
1.25659
-0.57879
0.65271
1.59417
1.18739
0.24434
-0.02503
0.77518
-1.55203
1.19323
-1.57044
0.89576
1.18628
0.82911
1.74939
2.04401
1.53402
0.64806
-0.25235
0.24823
1.73958
0.53869
1.02944
0.40906
-0.13962
0.53684
1.0456
0.65505
0.66723
0.95637
1.43412
-0.02325
0.51342
0.36029
0.62588
-0.39729
0.03803
0.92103
-1.67015
1.06563
0.30276
1.75428
0.81557
2.22308
1.08181
0.82893
-0.14805
-4.2631
0.62751
0.00031
0.76717
0.303
1.76016
-1.48311
-1.1841
-0.43904
0.32463
0.51592
-0.31327
0.2766
0.42367
1.5
1.43539
0.16657
0.33272
-0.0504
1.6293
-0.43499
0.11563
0.25923
0.14443
1.54624
0.09945
0.77144
1.52842
0.03716
-0.25154
-0.56876
0.38849
2.29912
0.57934
-0.47237
0.58988
1.5
0.24402
0.74512
0.41905
0.329
1.12484
1.15116
0.23908
-0.22443
-0.02818
0.28823
0.30061
0.70479
-0.95495
-0.95564
0.49344
-0.54588
0.92771
1.5
-1.7697
0.55248
1.94795
0.05934
0.64801
0.35392
0.85877
0.18689
0.22691
-0.13483
0.63474
0.88399
1.75068
-0.17424
0.30394
0.5417
1.27248
1.12074
0.11967
1.5
0.47595
1.50649
0.74521
-0.37002
1.04381
1.32099
0.26777
0.84199
0.5235
1.61362
0.60634
-0.58749
-0.28782
1.72691
0.58556
0.61119
0.42136
0.07197
-0.01704
0.14454
0.63895
0.98604
0.27665
0.34215
0.67548
-0.13837
1.15162
0.49074
0.72737
1.14439
0.65241
0.71599
0.10675
1.55596
0.36499
0.14135
0.61268
0.18541
-0.05021
0.78526
1.66861
-0.05383
0.31367
2.05735
1.7276
0.15098
0.79133
1.52804
0.60982
1.37972
-0.619
-0.40513
0.92742
1.04334
1.23365
0.62478
0.90841
1.14177
0.31126
1.35996
0.33289
-1.08434
0.24195
0.75692
0.02472
-0.16945
-0.00347
0.84144
0.70235
-0.80814
0.16429
1.69474
1.50589
-0.69796
-0.03512
0.86299
1.20414
-0.72617
-0.24316
0.16254
0.32099
0.57391
0.47515
1.30357
0.35692
0.2359
0.37901
0.65662
0.95927
2.21039
0.4109
0.9997
0.75406
0.17794
1.49746
0.013
0.15951
0.17033
0.58303
-0.82567
1.38092
0.52863
1.61796
0.51168
0.72782
-0.10628
1.65582
0.82784
0.15989
-0.46347
0.7061
1.46197
0.35161
1.23334
0.61226
0.17155
1.89921
-0.4915
1.5457
-0.13969
0.53205
1.31759
-0.69498
1.36466
1.11857
1.04277
0.40978
2.12732
1.54183
0.32349
-0.28165
-0.5424
1.14936
-0.0137
1.4527
0.49424
0.82181
0.27989
1.89231
-0.84431
0.99186
0.09255
0.15383
1.69226
0.01603
-0.53708
0.33359
0.9859
0.83912
1.17622
1.36273
1.01406
-0.24308
-0.20669
0.2409
0.28083
-1.1139
1.33433
1.5
0.22349
-0.3527
0.00865
8e-05
1.5
0.6388
1.19489
0.3624
-0.64073
0.78188
0.26035
-0.7689
-0.18008
-0.21559
0.05733
0.07218
0.52677
0.01187
1.41408
0.99949
1.60817
0.50615
-0.10014
-0.37612
1.10633
-0.91838
1.04609
0.69518
-0.33155
-3.10385
-0.35118
1.43829
1.58091
1.09503
-3.1561
1.44322
0.6197
0.26679
0.26476
0.34699
0.59868
0.00387
0.76201
0.03829
1.5
1.5
1.5
1.5
1.5
1.5
1.5
1.5
1.5
1.5
1.5
1.5
1.5
1.5
1.5
1.5
1.5
1.5
1.5
1.5
1.5
1.5
1.5
1.5
1.5
1.5
1.5
1.5
1.5
1.5
1.5
1.5
1.5
1.5
1.5
1.5
1.5
1.5
1.5
1.5
1.5
1.5
1.5
1.5
1.5
1.5
1.5
1.5
1.5
1.5
1.5
1.5
1.5
1.5
1.5
1.5
1.5
1.5
1.5
1.5
1.5
1.5
1.5
1.5
1.5
1.5
1.5
1.5
1.5
1.5
1.5
1.5
1.5
1.5
1.5
1.5
1.5
1.5
1.5
1.5
1.5
1.5
1.5
1.5
1.5
1.5
1.5
1.5
1.5
1.5
1.5
1.5
1.5
1.5
1.5
1.5
1.5
1.5
1.5
1.5
1.5
1.5
1.5
1.5
1.5
1.5
1.5
1.5
1.5
1.5
1.5
1.5
1.5
1.5
1.5
1.5
1.5
1.5
1.5
1.5
1.5
1.5
1.5
1.5
1.5
1.5
1.5
1.5
1.5
1.5
1.5
1.5
1.5
1.5
1.5
1.5
1.5
1.5
1.5
1.5
1.5
1.5
1.5
1.5
1.5
1.5
1.5
1.5
1.5
1.5
1.5
1.5
1.5
1.5
1.5
1.5
1.5
1.5
1.5
1.5
1.5
1.5
1.5
1.5
1.5
1.5
1.5
1.5
1.5
1.5
1.5
1.5
1.5
1.5
1.5
1.5
1.5
1.5
1.5
1.5
1.5
1.5
1.5
1.5
1.5
1.5
1.5
1.5
1.5
1.5
1.5
1.5
1.5
1.5
1.5
1.5
1.5
1.5
1.5
1.5
1.5
1.5
1.5
1.5
1.5
1.5
1.5
1.5
1.5
1.5
1.5
1.5
1.5
1.5
1.5
1.5
1.5
1.5
1.5
1.5
1.5
1.5
1.5
1.5
1.5
1.5
1.5
1.5
1.5
1.5
1.5
1.5
1.5
1.5
1.5
1.5
1.5
1.5
1.5
1.5
1.5
1.5
1.5
1.5
1.5
1.5
1.5
1.5
1.5
1.5
1.5
1.5
1.5
1.5
1.5
1.5
1.5
1.5
1.5
1.5
1.5
1.5
1.5
1.5
1.5
1.5
1.5
1.5
1.5
1.5
1.5
1.5
1.5
1.5
1.5
1.5
1.5
1.5
1.5
1.5
1.5
1.5
1.5
1.5
1.5
1.5
1.5
1.5
1.5
1.5
1.5
1.5
1.5
1.5
1.5
1.5
1.5
1.5
1.5
1.5
1.5
1.5
1.5
1.5
1.5
1.5
1.5
1.5
1.5
1.5
1.5
1.5
1.5
1.5
1.5
1.5
1.5
1.5
1.5
1.5
1.5
1.5
1.5
1.5
1.5
1.5
1.5
1.5
1.5
1.5
1.5
1.5
1.5
1.5
1.5
1.5
1.5
1.5
1.5
1.5
1.5
1.5
1.5
1.5
1.5
1.5
1.5
1.5
1.5
1.5
1.5
1.5
1.5
1.5
1.5
1.5
1.5
1.5
1.5
1.5
1.5
1.5
1.5
1.5
1.5
1.5
1.5
1.5
1.5
1.5
1.5
1.5
1.5
1.5
1.5
1.5
1.5
1.5
1.5
1.5
1.5
1.5
1.5
1.5
1.5
1.5
1.5
1.5
1.5
1.5
1.5
1.5
1.5
1.5
1.5
1.5
1.5
-1.75555
1.02771
0.82822
1.0983
0.53716
1.05963
1.16467
0.66127
0.24544
1.01496
1.2726
1.45857
0.85432
0.50389
1.38651
0.914
1.11589
1.55971
0.96427
0.90541
1.77619
1.67078
-0.22358
0.57143
1.64636
0.14195
1.46425
0.96033
0.62419
0.32455
0.68236
-0.04243
1.34078
2.29963
1.50359
-3.4683
1.97715
1.5
-0.13326
2.18649
0.85803
1.41268
0.11334
1.03737
1.08426
1.39316
1.69713
0.48027
0.6301
1.5
0.63798
1.5
1.77299
1.52892
1.63288
0.44346
1.06044
2.07984
1.23757
0.31932
1.02363
1.13971
0.39149
-0.25479
0.74611
-0.62956
1.33094
0.98492
0.52727
0.86142
1.49493
0.61596
-0.08433
0.51991
-2.59818
0.88925
0.39943
-0.22696
0.87123
1.5
1.70454
1.39945
1.78372
0.71921
0.53979
1.08433
1.14843
1.42101
0.61639
1.05117
0.95704
-1.79129
0.57488
1.06485
0.98117
0.88106
1.58337
1.45296
-0.34289
0.68258
1.77736
1.22261
1.04596
0.70111
1.85302
0.96785
-0.23388
2.44396
1.20862
1.09719
1.46802
0.28256
0.94386
1.32825
0.87594
0.24365
1.20505
0.33352
1.21611
0.09189
1.59858
0.7236
1.21237
1.32719
1.19578
0.56107
2.07189
-0.57918
0.21135
0.99361
1.40143
0.96629
-0.27156
-0.60558
0.6322
1.13033
0.53397
0.77136
0.56757
0.86343
0.93797
0.45406
0.25108
0.65915
0.21281
0.80553
1.50922
1.25387
0.91902
2.1323
1.85042
1.65015
-0.97586
1.41724
1.02925
1.54824
0.20287
-0.33503
1.00345
1.577
1.49423
1.5
1.86932
1.12793
0.21811
0.74337
1.79906
1.4758
1.70767
1.12138
-1.96605
1.12378
-0.91608
1.31109
1.3391
0.2733
1.5693
1.70921
1.99125
0.78291
1.36822
1.45258
0.31672
2.02204
-0.04927
1.21793
1.2353
0.58659
-0.64419
1.31403
1.62153
0.43105
1.85027
2.08972
1.21287
0.72084
1.63812
0.63596
1.92311
1.64518
1.59263
0.59113
2.08509
0.12169
1.00686
0.73303
1.65585
1.03868
0.17596
0.79209
1.15241
0.46045
1.32159
0.85346
1.5
1.05274
1.47157
0.23393
1.83881
0.30821
1.5
1.55882
0.71481
1.19986
0.79483
0.09192
0.24015
0.52626
2.03903
1.54652
0.79144
0.84605
-1.27981
2.03378
0.3332
-1.01102
1.47157
0.83097
1.7095
0.26769
1.02309
0.87195
1.44937
1.4365
1.8135
1.47843
0.7542
0.40238
0.04549
0.39203
0.83119
1.44298
1.6447
0.50936
0.92729
0.8311
-0.47154
-0.54085
1.02079
0.12908
1.67218
0.9871
0.97987
1.07429
1.90067
1.6681
-0.30074
0.1887
1.00299
0.73778
0.62939
0.00065
0.17301
1.62436
-0.09192
1.06878
1.33061
0.5011
-0.1343
0.74693
0.99786
0.7608
1.30868
1.63614
1.53245
0.89387
2.16996
1.50156
1.09848
0.56562
0.79619
0.66916
0.30835
0.42561
0.71209
0.66103
0.04348
1.24516
0.79261
0.39649
-0.02367
1.56288
0.27398
1.27461
1.91492
0.58647
0.47565
0.67576
0.86697
0.05346
1.0484
0.71618
1.18309
0.38451
0.8219
1.56567
1.11774
1.8114
1.62268
1.3008
1.33404
1.04009
2.07938
0.1932
1.29654
-0.92082
1.8449
1.65065
1.21516
0.97173
0.54427
1.19507
0.50774
1.5
0.86273
1.17315
0.69405
1.48091
0.21118
1.24927
0.3503
0.86067
0.96901
0.74758
1.00899
2.40719
1.3651
1.02242
0.77264
1.33652
0.41624
1.52914
-0.18707
1.42197
-0.16464
1.10459
-1.55034
1.64924
0.83289
0.89925
1.99645
0.97882
1.47621
1.67169
1.56121
1.63035
1.07709
1.44146
1.2971
1.13318
0.94165
0.28932
1.3255
1.41231
0.3849
0.17983
0.85515
0.54611
0.62543
1.79356
0.76772
-2.09673
1.85005
0.33192
1.1089
1.3037
1.91471
1.12642
1.15123
0.4316
0.66369
1.08564
1.06694
1.50232
1.37528
0.01499
1.02073
0.78991
0.92731
1.05926
2.24035
0.12321
0.67694
-1.71583
0.87526
1.76619
1.94191
0.20328
0.88129
0.37925
1.49742
1.0998
0.55687
1.28106
0.44111
-0.13469
1.03341
0.23545
1.5
0.05892
1.21755
1.58659
0.94363
0.64365
2.00247
1.23593
1.3895
1.5
0.5554
-0.06449
-0.30279
0.241
0.41566
1.5
0.3359
1.07578
1.43928
0.89158
0.98407
0.53865
1.15114
1.08338
0.34489
1.04133
0.49374
0.63551
0.5361
1.49631
1.44113
0.62064
0.2708
0.8301
1.09023
0.80247
0.95225
1.5
1.24168
1.48522
2.22429
0.62495
0.56761
0.74721
-0.36431
0.76283
0.48369
1.39631
0.76161
0.3569
0.98062
1.82671
0.89905
1.5842
1.65914
0.84365
0.63776
0.26809
0.46982
1.24033
0.7974
0.665
0.82642
-1.24676
0.85854
0.60079
1.42016
-0.3659
1.48062
0.67953
0.07574
0.50619
0.75994
0.84286
2.0262
0.51485
0.79432
0.47351
0.70349
0.42438
-0.19123
0.27767
1.65339
1.6312
0.55879
0.2376
0.19686
1.5
1.90014
0.40515
-0.43668
0.67366
0.70708
1.72992
0.57096
1.27979
0.87578
0.92901
2.02203
1.16903
1.98685
1.96332
1.5
0.87911
0.94935
1.11923
0.89883
1.69202
1.20332
0.73874
0.38169
1.78378
1.3797
1.65077
-0.01668
0.35388
-0.26805
-1.39198
1.33275
-1.74569
1.03167
0.20012
0.64204
0.63878
0.6444
2.40867
0.87549
1.3628
0.66908
1.15698
1.07883
0.89776
0.78322
1.69506
0.79763
1.33202
0.79382
1.5
1.00612
1.62235
-0.06433
-0.04918
1.79261
0.73775
1.36261
-1.839
-0.00455
1.49433
0.69387
0.4611
1.38108
0.19703
0.3714
0.65097
0.82387
2.31021
1.71853
0.65191
0.56844
0.29287
0.88089
0.49821
-0.28012
0.40642
1.21023
0.81729
0.92401
-0.06438
0.88326
0.7998
0.17641
0.61232
-1.87873
1.19306
1.73372
1.50236
0.62554
0.84354
0.62113
1.5
0.71085
0.81677
