0.014555
-0.031388
-0.011876
0.013102
-0.016337
0.005136
-0.035002
-0.006693
-0.080107
-0.012089
0.009554
0.019625
-0.010018
-0.006764
-0.028801
-0.015852
0.001653
-0.051643
-0.038832
-0.076846
-0.015498
0.005667
-0.003565
-0.122783
-0.019446
-0.090551
-0.009338
-0.003539
-0.005689
-0.072035
0.017189
-0.067745
-0.016871
-0.067009
-0.009083
-0.04158
-0.045213
-0.045696
-0.079415
-0.069298
0.006302
-0.042283
-0.064008
-0.022
-0.011936
-0.050185
-0.013314
-0.043956
-0.070568
-0.037213
-0.016539
-0.037466
-0.021279
-0.002759
-0.026724
-0.009836
-0.007388
-0.082663
-0.013534
-0.050314
-0.018044
-0.010462
-0.012705
-0.027825
-0.038538
-0.077243
-0.043502
-0.097626
-0.037937
0.007997
0.014762
-0.036086
-0.009999
-0.052676
-0.033522
-0.01218
-0.003685
-0.091676
-0.015288
-0.015414
-0.019517
-0.022279
-0.13693
-0.02385
-0.057336
-0.03418
-0.015552
-0.08112
-0.035637
-0.030953
-0.012516
-0.015428
-0.0145
-0.026904
-0.110911
-0.06846
-0.060226
-0.038212
-0.05907
-0.006632
-0.123962
0.009628
-0.064396
-0.074317
-0.02868
-0.005723
-0.012014
-0.039163
-0.050463
0.008067
-0.092885
-0.031257
-0.016203
-0.056555
-0.065792
-0.063123
0.020351
-0.039275
-0.039584
-0.022883
-0.044475
-0.035943
-0.01681
-0.006078
-0.016041
-0.03339
-0.000548
-0.012786
0.017447
-0.01116
-0.030226
-0.009946
-0.074417
-0.019792
0.019936
-0.054334
-0.021719
-0.076263
-0.040031
-0.092024
-0.037016
0.025106
0.006515
-0.070764
-0.011952
-0.00863
0.001194
-0.072463
-0.160067
-0.026006
-0.015847
0.00557
-0.022079
-0.051167
-0.009431
-0.057421
0.029893
-0.085064
0.015479
-0.023088
-0.019631
-0.029636
-0.060801
-0.043144
-0.116559
-0.008465
0.012566
-0.041342
-0.059261
-0.035434
-0.036684
-0.079587
-0.042103
-0.051239
-0.189299
-0.005016
0.01014
-0.02001
0.01618
-0.03584
-0.03174
-0.038909
-0.086809
0.002445
0.010485
-0.035796
-0.039678
-0.0192
0.004111
0.013668
-0.061659
-0.037484
-0.069977
-0.015177
-0.010901
-0.042012
-0.011617
-0.044104
-0.010835
-0.004179
-9.27801
-10.7581
-8.27968
-8.69122
-7.16076
-8.88071
-9.19235
-8.79706
-7.28951
-8.01122
-8.73364
-6.60928
-7.84512
-8.98018
-9.22749
-7.16557
-10.0009
-9.67149
-9.55969
-7.56555
-8.35501
-8.80176
-9.64739
-8.57644
-9.51569
-9.17408
-8.40846
-8.94921
-9.39299
-7.43561
-9.06853
-9.91359
-9.46309
-8.51042
-8.52706
-9.44359
-7.72963
-8.21434
-9.63759
-9.28275
-9.16022
-8.67167
-7.27401
-7.80109
-9.87289
-8.87693
-8.98506
-9.64129
-7.26686
-8.3909
-8.51802
-10.1213
-8.34803
-9.23694
-9.32669
-8.04975
-5.91878
-8.89114
-8.63845
-9.33009
-8.821
-8.11039
-9.45789
-9.70549
-8.82169
-5.95137
-7.37007
-9.54759
-9.92179
-8.75038
-8.14861
-9.13476
-9.17349
-8.6942
-7.68124
-8.50067
-6.04373
-9.48259
-7.96425
-8.72373
-8.01043
-9.05565
-7.04973
-9.0953
-7.70508
-7.1701
-8.15237
-9.62069
-7.3806
-7.72143
-9.77329
-9.65809
-9.51159
-9.39799
-8.00579
-8.21366
-8.48946
-9.01142
-8.83938
-8.5626
-9.50269
-7.9161
-9.11806
-8.13188
-8.68756
-9.83429
-6.53062
-8.54402
-8.67374
-8.45524
-9.35929
-10.2273
-8.93009
-7.91595
-7.4177
-10.0407
-8.91189
-8.19702
-7.87937
-8.41887
-8.07245
-9.49789
-8.54764
-8.37676
-9.41629
-7.94475
-8.40424
-8.38842
-8.02356
-9.62809
-9.52019
-9.10589
-8.9802
-9.2267
-10.0519
-7.70914
-9.14529
-8.81759
-7.60368
-8.85065
-7.33818
-8.46962
-9.48929
-9.66319
-9.76719
-8.52295
-8.59455
-7.83995
-7.97501
-8.06624
-8.87045
-6.76087
-6.59394
-9.08506
-8.146
-6.69806
-8.47457
-8.39608
-8.50443
-5.77602
-9.07254
-7.48996
-8.98323
-8.08196
-7.99203
-9.37639
-8.6647
-10.0999
-10.1445
-7.52495
-7.78742
-8.37974
-8.69994
-8.92769
-8.56434
-9.14235
-8.74147
-9.96539
-9.91869
-8.07423
-9.03399
-7.90393
-6.88939
-8.00712
-8.59031
-7.25448
-9.35229
-9.12312
-6.27271
-8.51582
-8.60949
-8.03707
-9.56039
-6.79685
-8.48028
-8.81656
-8.5791
-8.28665
-8.89263
-9.36439
-0.020761
-0.006513
0.009888
-0.007183
-0.004063
-0.033402
-0.038078
-0.032829
-0.015297
-0.036347
-0.027558
-0.006389
-0.039043
-0.005167
-0.000585
-0.004951
0.032327
-0.013888
0.020033
0.001659
-0.015821
0.027896
-0.018399
0.013264
-0.022495
-0.0294
-0.023328
-0.009025
-0.024195
-0.023873
-0.007767
-0.000418
-0.014835
-0.018029
-0.069343
-0.012437
-0.036576
0.005466
-0.035348
0.004208
-0.032707
0.017002
-0.028051
-0.017958
0.005961
0.007525
-0.0097
-0.013788
-0.015521
-0.004236
0.00414
-0.021302
0.020013
-0.026848
0.000965
-0.026671
0.008555
-0.030255
-0.004673
0.009976
-0.028596
-0.01026
-0.014695
-0.019567
-0.030318
-0.013661
-0.042769
-0.032247
-0.021452
-0.01647
-0.004729
-0.068606
-0.005604
-0.002233
-0.009455
-0.04477
-0.036666
-0.02249
-0.021003
-0.044985
-0.02826
-0.016896
-0.03687
-0.059713
-0.043205
-0.020288
0.003717
-0.003255
-0.064641
0.000695
0.004929
-0.035298
-0.009671
0.003107
-0.031067
-0.023088
-0.035418
-0.02303
0.002289
-0.018032
-0.016407
-0.003364
-0.031011
0.042599
0.011986
-0.020266
-0.031339
-0.027291
-0.007143
0.03225
0.028888
-0.03038
-0.001525
-0.010984
-0.032702
-0.000717
-0.02473
-0.025075
-0.003848
0.010329
-0.014736
0.007346
0.006944
0.000931
0.015863
-0.004038
0.001958
-0.011248
-0.025779
-0.022797
-0.024413
0.027818
0.005992
-0.047631
-0.045474
0.010192
0.005792
-0.032589
-0.027288
-0.01647
-0.036179
-0.025466
-0.024403
-0.018598
-0.008921
-0.042301
-0.011731
-0.028418
-0.029225
-0.030627
0.016973
-0.03107
0.004269
-0.049982
-0.024981
-0.021109
-0.030955
-0.023118
-0.011473
-0.004028
-0.031451
-0.017826
-0.014983
0.000769
-0.014105
-0.004184
-0.017359
0.003581
-0.004059
0.006142
0.008269
-0.060428
-0.031251
0.00105
-0.013493
-0.039064
-0.006992
-0.036014
-0.018599
-0.033356
-0.015818
0.005009
-0.023338
-0.004542
0.001775
-0.013883
0.005864
0.021636
-0.003706
-0.056963
0.041413
0.022901
0.00343
0.005608
-0.028952
-0.009346
-0.022935
0.012275
-0.028789
-0.021838
-1.87313
-1.53566
-1.1039
-1.5824
-1.3206
-1.69885
-1.40131
-1.92874
-0.820913
-1.4249
-2.26516
-0.861993
-0.977643
-0.622513
-0.964453
-1.08629
-0.707013
-1.08708
-1.0098
-1.91465
-1.77008
-1.2645
-0.974783
-0.910713
-2.62686
-0.745283
-1.07662
-0.799643
-1.01109
-0.655973
-0.664373
-1.17105
-1.06077
-1.35134
-1.70733
-1.37266
-1.09854
-1.28294
-1.79181
-0.806193
-2.90283
-1.83026
-0.861473
-0.753233
-0.820973
-1.79123
-0.773003
-0.756803
-0.680783
-1.80882
-0.606883
-1.26905
-1.84672
-1.17775
-0.581233
-1.8089
-1.74769
-1.46873
-1.23682
-1.20163
-1.0447
-0.618583
-0.827773
-1.28936
-1.51094
-0.909023
-0.679083
-1.04605
-0.795873
-0.891223
-1.022
-0.797603
-1.33326
-0.806563
-1.73574
-1.24861
-0.977393
-0.776613
-0.788553
-1.14452
-1.35091
-1.16492
-1.77456
-1.23857
-0.974823
-0.647153
-0.777943
-0.556913
-0.574113
-1.33721
-1.21317
-0.885303
-0.950463
-0.626933
-0.910883
-0.960723
-1.15677
-0.963593
-1.45567
-0.957063
-0.876863
-1.25426
-0.919343
-0.819953
-1.24549
-1.30518
-1.49539
-2.09368
-1.05369
-0.640503
-1.55082
-0.727313
-1.29228
-0.571523
-0.992993
-0.870523
-0.976743
-1.15507
-0.852693
-2.68421
-1.20425
-1.3158
-0.701843
-1.36259
-0.908883
-0.740583
-0.991433
-1.31629
-0.842633
-1.06951
-0.882283
-0.545193
-0.559043
-1.11435
-1.48104
-1.23024
-0.862483
-0.539303
-1.09114
-1.39898
-0.815593
-0.661693
-0.996423
-1.33977
-1.58142
-0.585463
-0.737733
-1.18326
-0.988313
-1.21039
-1.01252
-1.8334
-1.11082
-1.20123
-1.70999
-2.43172
-1.03321
-0.780673
-1.78516
-0.730923
-1.57179
-1.9783
-1.87444
-2.08557
-0.830343
-1.46641
-0.991493
-0.843123
-1.58708
-0.725163
-2.94567
-1.44433
-0.599113
-1.69166
-1.21003
-1.8796
-0.733053
-1.90002
-1.20986
-0.839393
-1.58625
-0.517023
-0.732093
-0.735073
-1.44574
-2.73799
-1.60905
-1.87621
-1.96186
-1.57
-1.32258
-0.792253
-1.18037
-1.04
-1.25116
-1.06065
-1.08001
-0.790543
-2.31652
-1.2376
-0.384283
-0.858433
-0.412443
-0.839133
-0.422093
-0.445093
-0.180065
-1.21605
-0.903003
-0.095586
-0.339173
-0.465883
-0.599983
-0.538403
-0.338553
-0.878443
-0.473993
-0.359853
-0.456373
-0.715173
-1.44192
-0.349103
-1.10927
-0.900773
-0.842673
-1.40503
-0.783573
-0.430643
-1.65097
-0.609383
-0.856473
-0.883853
-0.859983
-1.00918
-0.539503
-0.505223
-1.31596
-0.812933
-0.657033
-0.929353
-0.316523
-0.26738
-0.536603
-0.564393
-0.810483
-0.312653
-1.12926
-0.717633
-0.778103
-0.299233
-0.247902
-0.522243
-0.401513
-0.781733
-0.442373
-0.716183
-0.575173
-1.14985
-1.06499
-0.749173
-0.801363
-0.732693
-0.877723
-0.871633
-0.731273
-0.401683
-0.801603
-0.852923
-0.648883
-0.765913
-1.25477
-0.324853
-0.531903
-0.719363
-0.250213
-0.655483
-0.490783
-0.2163
-0.717123
-1.30979
-1.53053
-0.851533
-0.803423
-0.902293
-0.490353
-0.213233
-0.308163
-0.637613
-0.638493
-0.605603
-0.393193
-0.902763
-1.52391
-0.274402
-0.484473
-0.638483
-0.918763
-0.601063
-1.06184
-0.658013
-0.539843
-1.06568
-0.264235
-1.16548
-0.232597
-0.199501
-0.450603
-0.780223
-0.790333
-0.378693
-0.324413
-0.515083
-0.294703
-0.768573
-0.376473
-0.894083
-0.229879
-0.332493
-1.8741
-0.757333
-1.07837
-0.860623
-1.09527
-0.562513
-0.300153
-0.612673
-1.0308
-1.03099
-0.18265
-1.08683
-1.10105
-0.633143
-0.841293
-1.11818
-0.310533
-0.558473
-0.656373
-0.638533
-0.910583
-0.504183
-2.49328
-0.502243
-0.548423
-0.359273
-1.09623
-0.709623
-0.859303
-0.447593
-0.354823
-0.916253
-1.08082
-0.975533
-0.386143
-0.576223
-0.580913
-1.43434
-0.417183
-0.591443
-0.870983
-0.780943
-1.03619
-0.722883
-0.335313
-0.611593
-0.482973
-0.866583
-0.837893
-1.03968
-0.573853
-0.945983
-0.412613
-1.3806
-0.380833
-0.565213
-0.653263
-0.518203
-0.767473
-0.473323
-0.645873
-0.473913
-0.911043
-0.817343
-0.549133
-0.275655
-0.566433
-0.360663
-0.659153
-0.620493
-0.385653
-0.871403
-0.895093
-0.934193
-0.575883
-0.644153
-1.19638
-0.866203
-0.377663
-0.390353
-1.14916
-1.05752
-64.7126
-61.8513
-62.9937
-57.7494
-64.5268
-61.0276
-65.3425
-59.5209
-60.8895
-52.3745
-62.6189
-63.0838
-57.2584
-54.0491
-59.31
-65.5646
-55.3684
-65.8915
-67.6273
-58.2819
-64.7509
-58.4208
-55.353
-66.2864
-63.4392
-65.2862
-64.2542
-61.912
-64.7019
-65.1042
-63.7039
-59.9643
-51.8587
-67.4221
-58.9438
-66.7115
-55.1639
-64.9563
-55.5294
-61.3592
-61.4129
-54.7755
-52.518
-59.4224
-65.0762
-60.5437
-72.2869
-61.1832
-62.2481
-66.1723
-60.5191
-66.4178
-63.4203
-64.1779
-60.4639
-66.6504
-63.9105
-69.7397
-58.7823
-66.9329
-63.4504
-56.1532
-60.943
-65.2358
-57.3292
-60.7452
-66.2205
-52.6743
-64.7919
-64.6698
-67.657
-58.5907
-61.1029
-57.3296
-61.8281
-62.9604
-61.8732
-62.4146
-60.1417
-58.1304
-60.5907
-51.4383
-63.6907
-59.9203
-65.9052
-67.3254
-59.7609
-58.4606
-56.6368
-49.9935
-57.2757
-60.2767
-60.8146
-62.0366
-51.0076
-56.8741
-67.4515
-65.8949
-62.9415
-69.0722
-63.2441
-49.9414
-68.2252
-58.633
-66.134
-66.5472
-60.8013
-50.9667
-64.0815
-73.571
-67.4542
-61.6176
-61.0832
-63.4742
-60.2312
-60.4649
-60.5982
-65.9249
-54.1672
-56.183
-59.9139
-70.5122
-64.6102
-62.0315
-63.506
-52.9319
-59.2112
-57.2449
-65.9297
-67.5749
-58.3032
-61.6725
-68.3279
-61.08
-67.8193
-59.5755
-63.153
-67.7427
-62.7698
-77.4958
-63.2832
-65.6935
-69.4853
-57.1095
-63.7015
-60.6791
-72.4694
-64.4029
-57.1166
-63.1473
-55.1511
-71.1489
-56.9103
-59.9424
-59.345
-57.4189
-53.1252
-66.4001
-62.6665
-68.2268
-55.3453
-52.8898
-56.2311
-56.8535
-61.4359
-65.5034
-68.8621
-61.6309
-63.1324
-45.3
-56.1485
-55.2496
-62.8502
-72.3051
-60.9294
-57.7231
-58.5457
-67.1786
-59.9131
-48.6202
-64.4009
-56.6203
-60.632
-67.0811
-67.5338
-60.2444
-62.3785
-61.4858
-62.7008
-70.7538
-65.1686
-58.3905
-66.3711
-68.1672
-62.1083
-61.0764
-66.1066
-65.1778
-67.9231
-60.151
-0.018577
0.009646
-0.042608
-0.00155
-0.018962
-0.003326
-0.020473
0.002523
-0.042767
-0.028608
-0.027178
-0.052735
-0.025071
-0.00329
-0.040985
-0.036414
0.025685
-0.017059
-0.031533
-0.049621
-0.039396
-0.016373
0.009579
-0.012171
-0.041478
0.008901
-0.006389
-0.011765
-0.018358
-0.019377
0.013707
-0.006292
-0.005944
-0.033647
-0.024687
-0.02886
-0.011164
-0.028514
0.017843
-0.036074
0.00403
-0.042919
-0.033987
-0.023134
-0.039677
-0.011747
-0.014383
-0.009976
-0.051984
-0.017794
-0.03297
-0.029852
0.0065
-0.01069
-0.014018
-0.016549
-0.034371
0.011759
-0.035199
-0.032088
0.023917
-0.010952
0.034826
-0.002902
-0.022229
0.001466
-0.051976
-0.038384
-0.032474
-0.026895
-0.019488
-1e-05
-0.017615
-0.009398
-0.023568
-0.034701
0.009739
-0.044334
-0.012006
-0.030851
-0.029797
0.002425
-0.043267
-0.03995
0.035913
-0.029397
-0.045082
-0.014695
0.003748
-0.032591
-0.02319
-0.014071
-0.001231
0.018533
-0.03436
-0.026427
0.001924
0.003603
0.00451
-0.018488
0.008302
0.001753
-0.01491
-0.005171
-0.030889
-0.002459
-0.016192
-0.003554
-0.021754
-0.020206
-0.016886
-0.019671
-0.034998
-0.016268
-0.010403
0.005485
-0.032515
-0.033027
0.007647
-0.002268
-0.037161
-0.020964
-0.002777
-0.01204
-0.014495
0.023635
-0.04697
-0.019671
-0.032891
-0.020759
-0.009488
-0.004114
-0.012489
-0.010305
-0.048943
-0.056228
-0.03846
-0.017423
-0.03148
-0.012114
-0.004373
-0.025394
-0.013649
-0.044326
-0.038743
0.004266
-0.020943
0.010059
-0.030071
-0.017769
0.012737
-0.021175
-0.042187
-0.016462
-0.030948
-0.008073
-0.018824
-0.051445
-0.00593
-0.026175
0.007569
-0.015604
-0.019346
-0.024225
-0.016947
-0.026692
-0.040113
-0.030664
-0.054787
0.002929
-0.009351
-0.015743
-0.002574
-0.036397
0.011287
0.012585
-0.028314
-0.025364
-0.023606
-0.028282
0.013932
-0.01481
-0.030572
-0.016044
-0.020121
-0.030805
-0.038869
-0.019265
0.021924
-0.013221
-0.011166
-0.041653
0.001906
-0.028155
-0.032387
-0.048076
0.013469
-0.006208
-0.027356
0.000977
-6.15142
-12.9408
-15.7545
-5.98978
-4.53763
-10.1496
-7.27691
-12.2863
-17.0505
-7.05288
-24.0029
-18.5623
-14.6803
-10.7377
-11.2717
-4.12856
-13.4183
-4.88563
-15.7998
-4.38387
-16.6059
-11.3677
-13.8241
-10.3312
-7.209
-7.56278
-15.8607
-7.94419
-5.51415
-18.3756
-8.09183
-9.14982
-5.83463
-7.43081
-10.1945
-1.04895
-6.63345
-12.3761
-6.94722
-6.47891
-6.91334
-8.83026
-11.182
-11.8932
-24.805
-7.42892
-8.70771
-5.77666
-8.75577
-8.97419
-2.13572
-15.5409
-6.54183
-10.5424
-8.35418
-4.51377
-7.96846
-18.7001
-14.0323
-18.5497
-8.74042
-11.9141
-7.91761
-11.2597
-14.6408
-16.6483
-7.95693
-12.044
-6.68584
-5.07713
-6.06088
-11.0786
-15.2847
-11.9119
-5.84345
-11.8259
-4.40005
-9.87079
-8.29591
-12.0445
-5.08101
-4.74172
-14.6438
-9.35809
-10.056
-8.54989
-8.64213
-2.43259
-6.5876
-8.1108
-19.0451
-10.2758
-3.9324
-6.52806
-4.03145
-13.9029
-7.04561
-12.8812
-5.77144
-4.06156
-11.4866
-4.42504
-13.4248
-3.40064
-7.291
-6.30944
-10.1355
-15.6088
-6.54663
-9.73049
-9.35669
-16.6064
-10.0545
-8.95245
-5.31289
-7.39538
-8.18947
-10.1491
-7.02459
-3.93949
-6.34789
-9.58229
-8.98212
-18.2339
-3.47816
-11.1263
-19.4029
-12.0963
-8.00922
-8.68068
-9.2493
-4.56579
-7.32893
-8.61122
-3.89646
-4.8612
-14.4969
-5.23887
-16.4415
-7.15972
-2.96561
-8.12019
-7.51211
-7.76925
-7.38248
-8.15267
-13.8247
-10.5145
-12.6128
-5.3254
-8.67669
-13.2151
-11.7955
-6.23265
-23.007
-4.96496
-6.12138
-13.8734
-7.22407
-3.44231
-16.2917
-12.3681
-1.00994
-8.41989
-3.24388
-6.54137
-5.08728
-4.6311
-7.62145
-19.1915
-11.7824
-2.68433
-10.0938
-8.194
-8.10185
-14.7703
-11.4902
-4.94492
-16.2164
-2.73478
-7.41173
-4.03206
-8.15588
-13.0252
-3.76121
-9.54879
-3.80556
-23.1695
-7.27153
-7.52705
-5.65368
-4.15856
-5.82478
-10.2781
-21.5468
-6.38774
-12.9136
-11.3486
-6.61771
-12.0304
-0.035159
-0.100633
0.026018
-0.007113
-0.008138
0.030039
-0.007917
0.0342
0.010587
-0.05002
-0.01484
-0.078645
-0.006034
-0.010324
0.02015
-0.026844
-0.029804
-0.046473
-0.045359
-0.054592
0.009716
-0.006574
0.023103
-0.022057
-0.056289
-0.070169
0.012611
-0.04378
0.004123
0.019965
-0.00159
-0.022981
-0.036235
-0.001952
-0.02812
-0.02028
0.008226
-0.036839
0.026497
-6.8e-05
0.037815
-0.002473
-0.063397
0.008712
-0.036588
-0.021692
-0.042668
-0.011032
0.015095
-0.021216
0.003211
-0.053872
0.012814
-0.008045
-0.043186
0.000259
0.028959
0.014552
0.012476
-0.005874
-0.022338
-0.028678
-0.023723
-0.002126
-0.028035
-0.023878
0.006194
-0.027804
-5.1e-05
0.002876
0.03217
-0.040854
-0.014879
-0.001845
-0.032712
-0.029806
-0.042031
-0.041539
-0.045027
0.008804
-0.030527
-0.022006
-0.004071
0.011423
0.030336
-0.013621
0.003759
-0.012483
-0.025606
-0.018642
-0.020568
0.049003
-0.015318
-0.021836
-0.011017
-0.011655
-0.014902
0.003437
0.009041
-0.047472
-0.061542
-0.050936
-0.035139
-0.013765
0.010738
-0.005359
0.007387
-0.045381
-0.025307
0.012804
0.022753
-0.006862
-0.002983
-0.014161
-0.008642
-0.024894
-0.01541
-0.002262
-0.034412
0.011203
0.002808
-0.025939
-0.042533
0.001228
-0.024232
0.03665
-0.008632
0.033216
0.02536
-0.056614
-0.081516
-0.007953
-0.005518
0.004785
-0.021112
-0.011045
-0.015683
-0.004581
-0.009582
0.012414
0.012564
0.036051
-0.049348
-0.024848
0.004131
0.024805
-0.003282
-0.019255
0.02039
-0.015324
-0.044469
0.017616
-0.035452
0.021281
-0.016557
-0.009058
-0.055144
-0.049139
-0.020477
0.002305
0.013759
-0.024182
-0.016808
0.015241
0.036447
-0.035597
-0.010112
0.015587
0.008129
-0.006096
0.013454
0.029888
0.001678
0.006371
-0.035317
-0.034921
-0.056609
-0.025435
-0.038391
0.027446
-0.002161
0.002864
-0.014903
-0.036763
-0.015135
0.007889
-0.015072
0.006974
-0.011647
-0.132972
-0.022962
0.018402
-0.021234
0.001327
-0.012715
0.012248
-0.03494
-0.033577
-0.015694
0.011548
-7.06747
-4.98344
-5.57832
-6.58838
-7.09214
-6.95941
-8.42588
-3.52006
-6.15411
-6.7068
-6.15444
-6.33691
-7.78544
-2.56863
-8.88974
-7.45369
-7.78327
-7.23105
-6.74482
-4.80995
-7.97654
-8.88329
-5.49111
-6.16826
-5.21256
-3.99118
-4.91583
-6.95518
-7.61463
-8.4744
-4.77535
-6.97282
-4.86569
-6.96051
-4.19037
-8.63224
-8.02876
-7.03024
-8.65365
-7.28985
-5.83617
-6.13572
-6.57235
-7.31217
-7.30556
-7.56504
-5.56952
-8.06191
-6.20946
-5.64131
-6.77856
-8.33192
-7.9545
-7.71509
-6.40902
-3.52829
-4.37328
-5.43575
-7.24287
-5.43878
-8.44149
-6.55105
-4.99943
-3.28153
-7.83343
-6.63961
-7.58893
-2.86873
-8.63445
-6.61581
-3.71134
-7.71916
-6.66414
-5.55904
-7.07085
-0.581003
-5.65461
-7.99352
-8.41296
-7.29368
-8.72016
-8.4262
-7.32266
-7.44764
-7.51564
-8.51943
-7.95847
-2.83077
-5.48881
-5.72032
-3.44097
-6.24918
-7.96457
-6.08195
-8.45857
-8.22509
-7.95794
-7.32543
-4.35546
-4.45468
-5.73527
-4.68831
-3.63856
-5.63565
-5.75263
-8.07216
-8.8962
-6.26751
-8.21433
-5.67829
-8.47983
-7.01867
-5.9973
-6.09807
-3.4081
-7.50652
-6.78754
-4.08964
-7.09585
-8.01017
-4.66611
-6.91184
-7.95608
-5.80665
-5.85791
-0.752163
-6.24595
-6.801
-6.97137
-7.5341
-7.55186
-6.73012
-6.87078
-7.57759
-7.60328
-2.58856
-8.01812
-5.04702
-3.26602
-7.5077
-7.50071
-7.20843
-7.58164
-7.99687
-5.93145
-7.66841
-7.22457
-6.04765
-7.7005
-7.66017
-7.62066
-7.79965
-8.29685
-7.30824
-7.84583
-7.99023
-5.34642
-7.91871
-6.51154
-8.30908
-3.31499
-5.3789
-5.49855
-6.07245
-7.31616
-7.22235
-7.92425
-1.72959
-6.80812
-6.64217
-1.85858
-5.16945
-7.75061
-7.63975
-0.808383
-9.0971
-8.28928
-5.9383
-8.10019
-2.98814
-7.59074
-7.35127
-7.63145
-6.05696
-8.15986
-7.8515
-8.25639
-5.94187
-7.94098
-8.55754
-3.51226
-5.61365
-7.4601
-5.07424
-7.3573
-4.97072
-4.54843
-8.72163
-7.42159
-4.71582
-0.04847
-0.0228
-0.042435
-0.009916
-0.017574
-0.058179
-0.050026
-0.006053
-0.010759
-0.019836
0.009403
0.040278
-0.010094
0.001206
-0.019545
-0.001382
-0.040797
-0.038848
-0.033874
-0.020391
0.003475
-0.001585
-0.007708
0.002436
-0.038236
0.007076
-0.040958
0.003792
-0.008536
0.011064
-0.013352
-0.00359
-0.018296
-0.037892
-0.016162
-0.032217
-0.02165
-0.027684
0.008367
-0.006519
-0.010255
-0.046914
-0.018354
-0.020019
-0.02811
-0.007498
0.014063
0.026766
-0.034835
-0.003666
0.00131
0.012732
-0.022099
0.033962
-0.040987
-0.035719
0.011692
-0.009961
0.013581
-0.008198
-0.001791
-0.016683
-0.029696
-0.014557
-0.004056
-0.004764
-0.0064
-0.008893
0.001343
-0.029342
-0.011473
-0.026956
0.010901
-0.001354
0.011343
0.007706
0.008734
-0.003338
-0.020665
-0.023018
-0.017158
-0.002911
-0.024813
-0.012246
-0.0367
-0.001137
-0.018061
-0.007667
-0.03695
-0.012193
-0.027484
-0.029985
0.014434
-0.037757
-0.046836
-0.018935
-0.038789
0.001222
0.001973
-0.036114
0.01182
0.005336
0.025521
-0.010699
-0.01025
0.024623
-0.00536
-0.020694
-0.019569
-0.033083
-0.040776
-0.030506
-0.036833
-0.021596
-0.015776
0.029472
-0.005729
0.011098
-0.024854
-0.017
-0.010036
0.007078
-0.020646
-0.012497
0.00632
-0.030231
-0.021138
-0.013474
-0.00663
-0.013052
-0.001145
-0.017144
-0.04633
0.003308
-0.029647
-0.010903
-0.032287
-0.024113
-0.003439
0.000629
-0.008682
-0.015329
0.039217
-0.02963
-0.007145
0.011045
-0.019373
-0.004862
-0.036332
0.003503
0.000909
-0.012872
-0.059575
-0.039277
0.006391
-0.044738
-0.004517
-0.011539
0.010581
0.000113
-0.010065
0.013619
-0.005234
-0.025688
0.003951
-0.034891
0.001734
0.004668
-0.01455
0.014414
-0.009878
-0.008338
-0.028271
-0.017211
-0.028076
-0.049746
-0.007282
-0.052561
-0.01028
-0.0002
0.020637
-0.041763
-0.012913
-0.019026
0.021426
-0.021895
-0.011607
-0.022624
-0.034165
-0.035189
-0.020827
-0.017001
-0.018345
0.000858
-0.030281
0.00098
-0.003615
-0.027108
0.003033
-0.007245
-1.23959
-0.808863
-0.975933
-0.832773
-1.6301
-0.736313
-0.574293
-0.767813
-0.865243
-0.573123
-1.09033
-0.960773
-0.971573
-0.687873
-0.690203
-1.14474
-1.05871
-0.911953
-0.668523
-0.760213
-1.52676
-0.866513
-0.773693
-0.653473
-0.977403
-0.981053
-2.34582
-0.809963
-1.47268
-1.11239
-0.659513
-1.29788
-1.49756
-1.29144
-1.21312
-0.958773
-0.986043
-0.948803
-0.461923
-0.624983
-1.04868
-1.31305
-0.902353
-1.25009
-1.07646
-0.846473
-1.5022
-0.741993
-1.46264
-0.963253
-0.970093
-0.789193
-1.0254
-0.761753
-1.31908
-0.683333
-1.37066
-1.26878
-0.946483
-1.85591
-1.1891
-0.490133
-1.80989
-1.02202
-0.798113
-0.618193
-1.01769
-1.51823
-0.569343
-0.800683
-0.513353
-1.04327
-1.34686
-0.946773
-0.818853
-0.910443
-1.07124
-2.30906
-1.10166
-0.959453
-1.62206
-1.95072
-0.930383
-1.33676
-0.982173
-0.640523
-0.669113
-0.824343
-1.90014
-0.725893
-1.17136
-1.13578
-1.1628
-1.51054
-1.18743
-1.06032
-1.56081
-0.285162
-1.38704
-1.47336
-0.599643
-1.19727
-1.12388
-1.2653
-0.687133
-1.66083
-1.02649
-1.06004
-1.25918
-0.844223
-1.16416
-0.805773
-0.835393
-1.11372
-1.04114
-1.18168
-0.719923
-0.937733
-1.12098
-0.977743
-1.14845
-1.48534
-0.590743
-0.742773
-0.957633
-0.563723
-0.666793
-0.692433
-1.36083
-1.2597
-1.19556
-1.05851
-1.01399
-0.790613
-1.04596
-0.765863
-0.722733
-1.21712
-0.736133
-1.07728
-1.26379
-0.734993
-1.1637
-1.10066
-1.2328
-2.15533
-0.831993
-1.08738
-1.20698
-1.87547
-0.787183
-0.920733
-1.04409
-1.77922
-1.14245
-0.971183
-1.72068
-0.759883
-0.945413
-1.29405
-0.844103
-0.888553
-1.04551
-0.923083
-1.83884
-1.47633
-0.737893
-1.42064
-1.06021
-1.116
-0.709163
-1.03507
-1.56634
-0.717793
-0.692883
-1.8265
-0.908283
-0.455403
-0.582633
-1.00884
-1.0831
-1.13588
-1.57726
-2.36552
-1.10038
-0.852843
-1.57091
-0.632883
-1.20034
-0.696633
-1.82647
-1.01561
-1.09641
-1.1574
-1.10609
-0.903923
-1.18851
-0.939333
-1.03514
-0.827433
-0.530183
-0.762283
-0.691843
-0.553563
-0.572363
-0.463933
-0.609053
-0.439473
-0.810793
-1.13602
-0.339483
-0.966203
-0.658403
-0.392273
-0.529683
-0.310253
-0.246284
-0.266027
-0.333973
-0.475183
-0.302833
-0.780633
-0.721563
-0.728703
-0.09062
-0.690113
-0.708303
-0.720923
-1.0265
-0.884773
-0.478263
-0.211531
-0.767893
-0.534903
-0.686613
-0.577733
-0.28811
-0.337763
-0.476293
-0.855943
-0.508053
-0.871453
-0.543833
-1.34977
-0.309303
-0.278832
-0.964653
-0.924783
-0.323913
-0.355693
-1.18269
-0.302343
-0.257185
-0.267027
-0.759323
-0.206185
-0.412883
-0.754783
-0.415733
-0.589863
-0.363413
-0.649603
-0.860163
-0.899043
-0.668673
-0.740363
-0.295063
-0.603823
-0.219597
-0.251073
-0.476823
-0.531763
-0.718053
-0.533063
-0.675303
-0.780853
-1.536
-0.941613
-1.02898
-0.558313
-0.586503
-0.574223
-0.211069
-0.399453
-1.36484
-0.378683
-0.207697
-0.442703
-0.449543
-0.431473
-0.401943
-0.483533
-0.759433
-0.610583
-0.820933
-0.399463
-0.458053
-0.14713
-0.785403
-0.571413
-0.515743
-1.04377
-0.389873
-0.662453
-0.513263
-0.328693
-0.449813
-0.419693
-0.263284
-0.655663
-0.262203
-0.476613
-0.440713
-0.864733
-0.994283
-0.773303
-0.521703
-0.25067
-0.562523
-0.814333
-0.734553
-1.01705
-0.436763
-0.702873
-0.939333
-0.940053
-0.850143
-0.627483
-0.606993
-1.28302
-0.798593
-0.430733
-0.406433
-0.898073
-1.02147
-0.602623
-0.873853
-0.189016
-0.566513
-0.241989
-0.692943
-0.760783
-0.246632
-0.843793
-0.555813
-0.467443
-0.827763
-0.846483
-0.502963
-0.481123
-0.390493
-0.414273
-0.822103
-0.587163
-0.636093
-0.764863
-0.239786
-0.774033
-0.494583
-0.271285
-0.784533
-0.596493
-0.668043
-0.489293
-0.482373
-0.139918
-1.08087
-0.822303
-0.988683
-0.591413
-0.631783
-0.233022
-0.294113
-0.559893
-0.882633
-0.301193
-0.525783
-0.439583
-0.470433
-0.692593
-0.516003
-0.928383
-0.671303
-0.542313
-0.750893
-0.890673
-0.179017
-0.811903
-0.236878
-0.501353
-1.01434
-0.363133
-0.398303
-0.496813
-0.691233
-0.249253
-1.32591
-0.325713
-0.978333
-0.582153
-65.2588
-53.2995
-56.6763
-16.3097
-52.66
-58.2224
-51.9463
-60.5214
-47.0332
-56.8061
-46.4143
-57.4408
-48.3626
-51.9016
-56.9919
-53.0743
-52.4065
-51.4055
-57.5584
-62.9886
-55.2486
-57.1498
-61.806
-49.8555
-49.6001
-54.9199
-52.0542
-41.7455
-57.8465
-17.5674
-53.9647
-48.8517
-56.8227
-51.405
-54.0761
-48.1609
-51.217
-61.672
-50.7759
-51.0854
-55.2919
-18.2593
-53.762
-50.4943
-54.7365
-47.5519
-55.186
-48.5047
-53.2968
-55.2727
-56.0934
-60.0084
-54.9508
-54.6364
-54.5897
-19.1141
-55.2945
-46.9138
-51.2584
-50.3912
-57.403
-53.4573
-49.5616
-43.7558
-57.3086
-52.2517
-53.3459
-46.6792
-58.6834
-56.3882
-56.0485
-18.3375
-56.5865
-55.4968
-52.7373
-18.4148
-56.9533
-60.6883
-48.7686
-55.46
-48.4507
-56.6468
-51.6351
-47.9996
-18.8143
-49.7264
-56.3691
-57.2085
-55.3924
-53.5969
-54.1603
-55.0709
-55.6968
-47.8157
-55.4445
-45.7207
-58.9216
-54.4893
-47.0149
-54.5828
-59.1677
-52.3404
-61.2086
-53.4216
-60.4822
-50.6662
-56.2341
-54.9378
-51.292
-54.0543
-53.2875
-55.4421
-60.5016
-56.36
-60.7534
-58.8158
-47.5297
-60.8363
-18.8387
-50.216
-50.9566
-60.8974
-60.242
-61.3974
-55.7965
-56.4153
-46.7957
-56.2956
-53.6732
-62.0068
-19.0308
-61.4306
-16.5317
-53.7228
-48.229
-58.9567
-49.9951
-57.8456
-52.1241
-53.7367
-57.2805
-51.1898
-47.0463
-57.4916
-57.1562
-54.184
-55.0237
-58.7765
-46.727
-56.2414
-48.2243
-49.6209
-17.6425
-60.5159
-57.7267
-52.0383
-58.5055
-56.9116
-59.4435
-49.9327
-54.3217
-54.0267
-49.2812
-62.2661
-65.9739
-57.0867
-49.9079
-51.8454
-59.4981
-59.907
-56.238
-41.4909
-53.246
-57.3603
-53.1145
-53.4382
-60.7025
-49.4416
-54.4902
-51.7455
-59.8107
-51.7205
-52.1858
-52.0815
-58.5177
-53.708
-57.5638
-57.9383
-52.8182
-51.3812
-48.1392
-43.2876
-57.5326
-18.5545
-64.7742
-55.0234
-45.8464
-47.4957
-57.5298
-56.7215
-0.050071
-0.016527
-0.016598
-0.006224
-0.014122
-0.023877
0.001574
0.0303
-0.045637
0.02719
-0.011752
-0.027499
-0.039335
-0.043075
-0.003809
-0.012763
-0.025503
-0.020466
-0.025328
-0.063003
-0.035469
-0.013032
-0.047003
0.024116
-0.064451
0.001371
-0.022904
-0.09205
-0.005756
-0.035777
-0.029345
-0.000532
0.030628
-0.026273
0.00788
-0.019818
-0.01487
-0.0187
-0.02507
-0.002076
0.010315
0.004226
-0.001979
0.011686
0.009097
-0.013658
-0.005685
-0.013802
-0.014518
-0.00816
-0.021962
-0.046705
-0.004958
-0.048463
-0.029713
-0.009373
-0.025298
-0.008163
-0.005708
-0.033706
-0.038745
-0.056193
-0.032103
-0.040295
-0.04727
-0.035754
-0.001776
-0.022222
-0.008964
-0.030001
-0.038923
-0.033259
-0.006629
0.020488
-0.002459
-0.043286
-0.053445
-0.035229
-0.024314
-0.00993
0.003861
-0.040306
-0.009408
0.002278
-0.036468
-0.039828
-0.042546
-0.023949
-0.01194
-0.0217
-0.051479
-0.032098
-0.014758
-0.005917
-0.001049
-0.011457
0.035059
0.009572
-0.039869
-0.056803
-0.016033
-0.025063
-0.060226
0.019513
-0.034703
-0.016128
-0.047674
-0.019632
-0.031411
-0.00643
-0.006637
0.009201
-0.031178
0.010127
-0.047437
-0.001914
-0.035078
-0.001763
-0.04186
0.029505
0.008028
-0.040917
-0.020635
-0.058312
0.000247
-0.004154
-0.001829
-0.006805
-0.005656
-0.038073
-0.022553
-0.0031
0.003957
-0.029196
-0.022275
-0.058325
-0.003504
-0.021817
-0.065106
-0.056186
-0.001194
-0.005335
-0.028843
-0.023665
0.013919
-0.024404
-0.041213
0.003735
0.000116
-0.019487
-0.056044
-0.012606
0.012425
0.006405
-0.021148
-0.021866
-0.016442
-0.019164
-0.053687
-0.004466
-0.041777
-0.038038
-0.002325
-0.065543
0.021658
-0.009422
-0.017337
0.012589
0.000942
-0.018968
0.003616
-0.021465
-0.066004
-0.004316
-0.053052
-0.048661
-0.019511
-0.068217
-0.021889
0.00383
-0.031747
0.001533
-0.005511
-0.033287
-0.02062
0.016672
-0.018044
0.007794
-0.049469
-0.002902
-0.007955
-0.009051
-0.006029
0.0027
0.033931
-0.052233
-0.074262
-0.027352
-0.024349
-0.014099
-11.864
-4.25139
-6.12615
-3.01668
-5.93837
-6.07707
-4.12153
-7.20745
-9.04948
-3.45832
-8.6167
-2.9135
-11.1932
-15.2249
-3.13387
-10.5949
-8.79744
-3.82702
-3.60369
-13.2791
-9.96769
-25.7604
-4.82086
-3.4749
-5.07897
-22.3672
-16.7076
-5.63973
-5.2689
-3.37641
-5.30685
-6.70145
-13.0767
-8.30804
-2.92306
-10.8113
-10.1903
-6.67161
-11.3215
-6.9544
-6.62198
-3.42949
-7.64772
-7.37198
-8.59388
-4.3483
-7.07551
-7.72121
-12.9557
-1.7741
-6.84423
-2.66575
-9.97729
-8.84334
-5.71221
-8.14568
-4.68863
-6.09371
-6.7633
-5.75923
-5.9469
-3.31091
-11.8781
-5.88484
-2.41917
-4.04705
-12.4901
-6.86309
-8.68666
-8.72957
-10.2902
-8.41537
-9.49889
-11.7769
-4.50674
-12.5661
-4.84647
-2.14652
-6.00456
-11.673
-8.07841
-4.18803
-5.29929
-7.40806
-5.06
-8.99292
-8.30572
-2.66416
-8.45078
-4.06121
-7.36395
-4.10418
-13.0219
-4.26977
-12.0604
-3.4551
-6.70093
-7.12524
-3.38359
-11.5597
-9.17906
-13.3571
-3.84002
-13.5339
-5.9489
-8.27923
-4.77135
-5.84325
-4.04373
-7.97527
-18.0051
-9.92349
-4.98367
-11.7014
-3.37055
-12.2268
-7.83115
-14.0098
-12.144
-9.94659
-5.78003
-4.58409
-4.89476
-8.35847
-5.79478
-7.69099
-18.4202
-6.0961
-12.2575
-6.83699
-6.96136
-11.5193
-8.73877
-10.61
-6.53928
-4.47408
-2.81637
-9.89879
-4.80624
-10.3151
-7.64907
-10.2549
-5.14489
-7.00032
-6.05111
-7.63106
-11.4317
-8.5414
-17.9332
-13.7529
-9.57389
-6.80127
-5.80475
-2.54638
-10.8333
-6.86955
-5.18677
-4.44381
-6.56162
-4.58162
-9.53889
-5.88655
-6.21181
-13.7757
-5.47174
-10.6613
-3.51089
-11.7893
-7.35093
-9.06855
-3.29625
-8.29651
-7.56109
-6.6136
-7.71837
-5.98525
-3.60619
-8.39711
-8.31519
-13.3285
-2.47112
-4.54729
-9.75719
-9.06383
-9.33129
-7.83601
-7.00472
-7.87152
-9.23072
-2.96163
-7.07459
-7.87139
-8.71287
-10.9759
-15.8114
-4.28355
-21.5499
-6.39974
-2.43781
-6.86477
-0.005493
-0.014031
-0.000146
0.013798
0.007562
0.002942
-0.031578
0.010725
-0.005041
0.016052
-0.030835
0.006302
-0.007975
-0.007901
0.009557
0.002312
-0.013556
0.003813
-0.020238
-0.047375
-0.019284
0.019619
-0.003587
-0.011849
0.019052
0.012882
-0.030897
-0.008308
-0.010367
0.028059
-0.036133
-0.035536
-0.020363
0.003678
-0.015785
0.015282
-0.012937
-0.007118
-0.008373
-0.017006
0.01151
-0.009501
-0.026239
-0.020992
-0.010388
-0.022558
0.013683
-0.037813
-0.001204
-0.024636
-0.000799
-0.006205
-0.022555
0.029185
-0.050028
-0.058776
0.019595
-0.028956
-0.000195
0.018629
0.001581
-0.02002
-0.003773
-0.03226
0.020535
-0.02465
0.01553
-0.013973
-0.021037
-0.000292
-0.028052
0.00731
0.003517
-0.026501
0.032579
-0.027744
-0.043944
-0.014873
-0.016182
0.021241
-0.025107
0.00936
0.005171
-0.003418
-0.014563
0.028122
0.000292
-0.012059
0.012832
0.000731
-0.046419
0.025071
-0.002141
-0.002907
0.018996
0.00607
-0.011693
0.03261
-0.007209
0.015481
0.000293
0.023309
-0.008453
0.011234
-0.00193
0.017616
-0.022738
-0.01054
-0.046378
-0.002902
0.021792
-0.004989
0.030952
-0.00586
-0.028181
-0.016061
-0.002706
0.014302
-0.00327
-0.015132
0.003025
0.018496
-0.00382
-0.062188
0.006477
0.001341
-0.010231
-0.02208
0.024629
-0.030682
-0.004411
-5.7e-05
-0.014156
0.026965
-0.014492
-0.02612
0.011441
-0.022198
0.015501
-0.053664
0.001821
-0.060459
0.014647
-0.006121
-0.000985
-0.016812
0.021579
0.030897
-0.0348
-0.022032
-0.024003
-0.002685
-0.003766
0.023938
0.00751
0.000331
-0.040067
-0.017157
-0.031416
-0.018489
0.021228
-0.000446
-0.023704
-0.002736
-0.015133
0.021681
-0.077886
-0.019597
-0.031036
-0.031182
-0.008403
0.008989
-0.015172
0.006644
0.028828
0.036761
-0.00965
-0.0232
-0.023925
-0.01047
-0.019997
-0.012448
0.00757
-0.002672
-0.003005
-0.029643
-0.002652
-0.007705
-0.005069
0.027425
-0.009372
-0.001821
0.004074
-0.017309
0.010721
-0.014241
-0.040364
0.042634
0.006787
0.014874
-2.94564
-7.66842
-4.54809
-7.98327
-0.611133
-7.76887
-0.599123
-5.0348
-6.47154
-2.2564
-6.9462
-6.64602
-3.18703
-6.9426
-7.13242
-3.73328
-3.21674
-2.64432
-8.56377
-3.10703
-4.01316
-5.10271
-4.3672
-2.40524
-6.51727
-5.84198
-2.13739
-6.97814
-5.30377
-1.83602
-8.07084
-0.755683
-8.12866
-4.99044
-7.52677
-1.7249
-6.49763
-5.81686
-5.40056
-6.78414
-7.09923
-6.36425
-6.23115
-6.6737
-6.84845
-7.70111
-4.85099
-6.91215
-7.46247
-8.03791
-5.54039
-0.620263
-1.77904
-7.19393
-6.63697
-5.00327
-4.55821
-7.17942
-7.35532
-0.755653
-6.86168
-2.93184
-6.36775
-1.72039
-7.72985
-7.06948
-5.30652
-0.739843
-4.28482
-6.59175
-5.94001
-6.66537
-6.54917
-2.83012
-5.25737
-2.03902
-4.73659
-4.7398
-6.48766
-5.84354
-0.656323
-3.59368
-7.24148
-6.39131
-6.21619
-4.10849
-4.84607
-3.50434
-7.83562
-4.5115
-2.73501
-7.91737
-7.68501
-4.46718
-5.69711
-2.50768
-2.71842
-7.11017
-4.12946
-3.77854
-7.08587
-4.96102
-6.75856
-6.22224
-4.66328
-3.58219
-4.78588
-1.5568
-2.83666
-2.15447
-0.629963
-4.26414
-3.60285
-2.95496
-4.41105
-8.25195
-6.42169
-3.67326
-1.9546
-7.71408
-4.02429
-5.68884
-4.1334
-7.73058
-6.61344
-4.5672
-0.565513
-5.17111
-6.04968
-1.65313
-0.614933
-7.29904
-6.21266
-6.43066
-0.729533
-1.86813
-7.42142
-4.69959
-6.81315
-3.61367
-5.62976
-6.45489
-0.786033
-6.32398
-6.11233
-6.96588
-5.69061
-7.27513
-0.622163
-0.602583
-1.73752
-6.57928
-8.07048
-7.50251
-6.48864
-6.9451
-2.96067
-7.98014
-1.60265
-6.64728
-5.77886
-2.25953
-6.84616
-6.86568
-6.74376
-7.61488
-5.84175
-2.58425
-7.64696
-6.37064
-4.37808
-5.5961
-0.761683
-3.40114
-4.56695
-7.04023
-4.6843
-7.08395
-5.44762
-0.692783
-4.66791
-5.94925
-3.90399
-3.46888
-0.600203
-5.1571
-7.35603
-7.34507
-2.88014
-3.09694
-3.05454
-4.74875
-7.28723
-4.11029
-6.89548
-7.49954
-7.2592
-4.06728
-8.00454
-4.86956
-0.012319
-0.026875
-0.046012
0.015878
-0.045626
0.018281
-0.019334
-0.017376
-0.023713
-0.017999
-0.029394
-0.018362
-0.001898
-0.00213
0.018022
-0.023601
-0.017921
-0.030243
-0.038878
0.017676
-0.037126
-0.0011
0.01987
-0.043291
-0.018523
-0.002458
-0.027336
0.008429
-0.040745
-0.025057
-0.01816
0.019277
0.007168
0.022878
0.008535
0.01762
0.001425
0.005876
-0.010681
-0.010065
-0.030433
-0.018526
0.005415
-0.023842
0.004471
-0.031366
0.009737
-0.047091
-0.021998
-0.002416
-0.012824
-0.003339
0.007041
-0.007237
-0.010102
-0.029742
-0.008154
0.0001
-0.028062
-0.005906
0.000697
-0.031918
0.011197
-0.012549
-0.029754
-0.016394
0.012696
0.016396
-0.016442
0.025442
0.000204
-0.003983
-0.028242
0.012411
-0.050912
-0.044086
0.005858
-0.013401
0.006413
-0.050039
-0.018252
0.015622
-0.007555
-0.000299
0.013157
-0.012168
-0.055758
-0.018154
0.017905
0.018176
0.010894
-0.054803
-0.016072
0.007852
0.005605
-0.014656
-0.004505
0.023468
0.00521
-0.017404
-0.045173
-0.013221
0.006545
-0.062144
-0.069456
-0.001918
0.021607
-0.013244
-0.018008
-0.014364
0.018509
-0.018647
-0.002492
-0.021772
-0.035039
-0.008614
-0.051318
-0.007092
-0.023802
0.007645
-0.047947
-0.014044
0.003072
-0.031815
-0.004459
-0.043722
0.007525
-0.0325
-0.040449
-0.013403
0.017674
-0.029517
-0.039256
-0.02384
-0.032079
0.000316
-0.007658
-0.025323
-0.024634
-0.039301
-0.016348
-0.007511
-0.023852
-0.03161
-0.010365
-0.003481
0.017779
-0.002262
0.006618
-0.049083
-0.068119
-0.010773
-0.021665
0.024394
-0.019188
-0.004081
-0.025482
-0.011481
-0.012191
0.001776
-0.025687
-0.001543
-0.000708
-0.010491
-0.011515
-0.040622
-0.00152
-0.040357
-0.023098
-0.026134
0.005735
-0.024121
0.009653
-0.044101
-0.000463
-0.046236
-0.004205
-0.028225
-0.022767
0.005407
0.01218
-0.031639
0.010851
0.008034
-0.036133
-0.036391
-0.008608
-0.018137
0.002749
-0.021589
0.002986
-0.019697
0.015039
0.023787
-0.020867
0.013679
-0.027225
-0.022916
-0.02242
-0.011744
-0.954113
-1.06717
-0.574153
-0.789073
-0.763423
-0.732003
-0.672533
-1.20569
-0.707353
-0.633403
-1.09342
-1.2536
-0.897293
-0.617493
-0.641693
-0.950713
-0.703753
-1.12357
-0.630883
-0.789143
-1.13982
-1.16608
-0.955793
-1.13977
-0.791173
-1.13684
-1.13845
-0.800473
-1.05481
-0.819733
-1.63136
-0.877263
-1.23758
-0.791693
-1.01741
-1.48921
-2.05338
-0.440593
-0.701513
-1.09908
-1.09373
-0.615353
-0.649783
-1.06656
-1.08381
-0.970903
-1.28855
-1.06646
-0.797803
-1.61305
-0.897273
-0.644943
-1.18889
-0.892563
-1.20787
-0.603853
-0.885763
-0.737863
-0.810193
-0.874613
-0.650763
-0.921663
-0.979873
-1.43251
-0.765013
-1.13347
-0.724503
-0.999713
-1.21434
-0.829183
-0.685933
-0.776433
-0.400223
-0.993933
-1.20526
-1.23229
-0.980843
-0.554263
-1.1863
-1.28944
-0.823963
-1.34139
-1.10208
-1.36319
-0.556973
-1.04889
-0.936253
-0.737243
-0.922353
-1.29926
-0.832303
-0.923803
-0.860573
-0.586923
-0.981873
-0.676113
-1.34636
-1.23936
-0.869943
-1.37528
-0.608883
-0.597503
-0.941583
-0.950823
-1.563
-1.34671
-1.0983
-1.15878
-1.84303
-1.20242
-1.07627
-0.654213
-1.04085
-0.627373
-1.43066
-1.07207
-0.514003
-0.981773
-1.23564
-0.728233
-1.49827
-0.981913
-0.948933
-0.790503
-1.04949
-0.752083
-0.847163
-0.845093
-1.04765
-0.423663
-0.969223
-1.05718
-1.08601
-0.897593
-0.797903
-0.918953
-1.50618
-0.668363
-1.01019
-1.11596
-1.83021
-0.620203
-0.517463
-1.43857
-0.742373
-2.12636
-0.720933
-0.971803
-1.0334
-0.867743
-1.36945
-0.867573
-2.41802
-0.812873
-0.798753
-1.23807
-1.0189
-0.889473
-1.22047
-1.18696
-1.30523
-1.41114
-1.02394
-0.797203
-0.951223
-0.780023
-0.658963
-0.958213
-1.46853
-0.976273
-1.5301
-0.826183
-0.977503
-1.43558
-0.911263
-1.2695
-0.564063
-0.739803
-0.991453
-1.12569
-0.815233
-0.839103
-1.03597
-0.928003
-0.772063
-0.957953
-0.792123
-0.749923
-0.891133
-0.919593
-0.911473
-1.12445
-0.874343
-1.8725
-1.09697
-1.3166
-0.759383
-0.501663
-0.581313
-1.45684
-1.02336
-0.917403
-0.646663
-0.848783
-0.510563
-0.619133
-0.348583
-0.352623
-0.820293
-0.242959
-0.605053
-0.679543
-0.954353
-0.612533
-0.550693
-0.614223
-0.591353
-0.493013
-0.355533
-0.774243
-0.512963
-1.19866
-0.748993
-0.705523
-0.764033
-0.294693
-0.643913
-0.306233
-0.500053
-0.456843
-0.697263
-0.782213
-0.401403
-0.472123
-0.665453
-0.196733
-0.788293
-0.252068
-0.690673
-0.665333
-0.935873
-0.324433
-0.578993
-0.372893
-0.166353
-0.875513
-0.458663
-0.821093
-0.419953
-0.805693
-0.602643
-0.434103
-0.719393
-0.676153
-0.491253
-0.222876
-0.102161
-0.15739
-0.360423
-0.241242
-0.297333
-0.856383
-0.344333
-1.23569
-0.541123
-0.434893
-0.431303
-0.458603
-0.571453
-0.528993
-0.779583
-0.476893
-0.380593
-0.694233
-0.815943
-0.538783
-0.2816
-0.865373
-1.07184
-0.282106
-0.612743
-0.470983
-0.313213
-0.374263
-0.382523
-0.192929
-0.244035
-0.672003
-0.598363
-0.422893
-0.189325
-0.429083
-0.667663
-0.662083
-0.369823
-0.355883
-0.848423
-0.593143
-0.697023
-0.585253
-0.23102
-0.325433
-0.080058
-0.970963
-0.302673
-0.564283
-0.262505
-0.585343
-0.186733
-0.443913
-0.979293
-0.737123
-0.279628
-0.358273
-1.16395
-0.497633
-0.259947
-0.481243
-0.253569
-0.303363
-0.756283
-0.380073
-0.184832
-0.328043
-0.248769
-0.294253
-0.467433
-0.540993
-0.713573
-0.517843
-0.868313
-0.688973
-0.393773
-0.529913
-0.828293
-0.747823
-0.408093
-0.524543
-0.326073
-0.506883
-0.650913
-0.815613
-0.834043
-0.567963
-0.921843
-0.209769
-0.602353
-1.05838
-0.636893
-0.626393
-0.333313
-0.388953
-0.757583
-0.321133
-0.309373
-0.342293
-0.467293
-0.532073
-0.800563
-0.723063
-0.24323
-0.830893
-0.780703
-0.696993
-0.612673
-0.627243
-0.506363
-1.03324
-0.506593
-0.697173
-0.380253
-0.278618
-0.886693
-1.00116
-0.914553
-0.439753
-0.624133
-0.425483
-0.471363
-1.02523
-0.615823
-0.887263
-0.626953
-0.418093
-0.552343
-0.451603
-0.373423
-0.759463
-0.299843
-0.406343
-0.321483
-0.730833
-0.160618
-0.596333
-0.629183
-0.550353
-0.915733
-0.362493
-0.476153
-1.18375
-16.6715
-51.4864
-41.9172
-16.931
-55.6218
-49.9658
-18.0001
-44.8242
-16.5715
-52.4784
-14.587
-49.202
-46.4381
-44.5156
-49.3343
-51.3349
-48.7794
-18.1583
-17.4272
-52.3327
-45.175
-46.3945
-46.563
-18.0049
-52.2516
-51.6293
-53.9257
-45.3423
-47.5413
-47.3272
-47.0824
-44.0182
-50.5317
-16.3797
-47.8404
-44.7928
-46.5074
-53.7042
-45.3831
-45.2539
-18.143
-45.1344
-17.3725
-51.5173
-57.9388
-45.8292
-45.5551
-49.2917
-54.0876
-53.6684
-58.9021
-47.7936
-47.8217
-16.4123
-51.1267
-54.8158
-50.2292
-52.5556
-15.8994
-46.995
-53.9451
-18.7639
-50.4828
-47.8535
-42.6818
-47.0342
-48.4773
-17.5046
-50.2374
-44.2679
-47.9645
-49.8713
-16.4417
-47.1697
-54.5217
-43.1627
-49.2254
-58.3913
-47.2129
-55.5571
-46.2132
-36.3918
-19.0959
-17.9998
-41.9208
-53.3457
-48.0647
-50.6202
-47.724
-45.1474
-47.7412
-48.8896
-55.0175
-45.3714
-46.655
-49.6567
-48.5086
-17.1447
-18.2033
-16.3309
-53.8904
-18.7046
-51.2519
-17.6687
-51.0036
-50.865
-16.8381
-17.933
-48.358
-17.7004
-45.8966
-18.3489
-48.8494
-16.7839
-57.1219
-19.1051
-57.027
-52.8968
-17.7833
-46.6947
-46.2432
-49.2072
-51.0804
-18.2658
-49.2632
-47.2243
-48.9009
-53.127
-51.3455
-17.8133
-56.1246
-18.411
-49.1975
-18.2434
-57.6889
-18.535
-53.5074
-44.6152
-56.1028
-54.9516
-50.412
-49.3421
-57.7421
-18.1894
-6.68239
-17.0791
-18.7048
-50.0949
-51.2939
-18.173
-16.4612
-15.8199
-18.2985
-48.2669
-46.8964
-47.5642
-53.193
-46.0805
-53.5131
-7.42619
-52.1342
-18.1033
-52.5801
-57.9593
-55.9217
-47.286
-47.3273
-16.4548
-43.0144
-51.7852
-47.6822
-51.2858
-59.4161
-56.474
-48.5711
-57.1244
-15.2626
-50.7487
-54.0944
-47.6417
-45.3889
-53.5417
-46.3167
-15.2163
-17.2301
-16.5741
-18.7504
-17.3285
-41.4114
-17.7984
-58.5732
-43.4217
-19.0369
-45.9716
-57.4314
-46.0892
-48.9763
-47.3433
-6.55764
-46.492
-0.012803
-0.00593
-0.030674
-0.017393
-0.017877
-0.040283
-0.012031
-0.025836
-0.040331
-0.015482
0.002552
-0.013458
0.018985
-0.004743
-0.025632
-0.026685
-0.003142
-0.055783
-0.039699
-0.020754
-0.027539
-0.030241
-0.016136
0.016358
-0.022438
-0.025473
-0.023747
-0.03036
-0.033524
-0.002739
-0.013199
-0.010068
-0.053718
-0.043237
0.0201
-0.035243
0.004108
-0.012519
-0.019355
-0.026017
0.005345
0.003196
-0.026302
-0.019911
-0.025998
-0.034053
-0.035027
-0.023855
-0.006485
-0.013824
-0.013747
-0.010951
-0.056723
-0.02957
-0.019307
-0.004092
-0.069345
-0.037883
-0.033898
-0.060886
0.020731
0.005566
-0.024738
-0.012752
-0.007799
0.005119
0.030318
-0.043613
-0.021211
-0.039301
-0.000795
-0.036009
-0.031377
-0.018667
-0.011175
-0.027189
-0.031526
-0.014527
-0.064648
-0.006605
-0.009458
-0.0118
0.021606
-0.004106
-0.013089
-0.029462
0.033692
0.001601
0.007699
-0.008422
-0.015194
-0.008427
-0.013101
-0.010176
-0.037431
-0.058547
-0.017438
0.008523
-0.013226
-0.012342
-0.034558
-0.034163
-0.004176
-0.019647
-0.001107
-0.010051
-0.019993
-0.022256
-0.035731
-0.018684
-0.005063
-0.019042
-0.034315
-0.033216
0.003249
-0.058499
-0.014829
-0.013454
-0.026349
0.00343
-0.012458
-0.028389
-0.021847
0.002433
-0.023943
-0.000795
-0.016335
-0.017544
-0.020622
-0.020601
-0.042148
0.006787
-0.016141
-0.024633
-0.008634
-0.012931
9.9e-05
-0.010854
-0.002089
-0.00762
-0.044114
-0.006538
-0.005096
-0.003111
-0.020214
-0.030476
-0.023744
-0.013567
-0.001602
-0.024201
-0.016429
-0.007782
-0.002661
-0.059432
-0.014566
-0.037757
-0.020851
-0.041536
-0.022226
-0.040748
-0.008023
-0.006527
-0.009831
0.014794
-0.01498
-0.05972
0.016865
-0.026597
-0.003203
-0.030333
-0.027215
-0.011665
-0.014
0.001589
-0.012893
-0.047355
-0.020069
-0.023227
-0.043934
-0.016671
0.023274
-0.01274
-0.032673
-0.034031
0.011204
-0.047816
-0.022204
-0.027645
-0.036676
-0.000676
-0.021852
0.012209
0.018909
-0.054568
-0.064744
-0.01138
-0.03509
-0.007965
-0.002067
-0.027002
-4.9762
-5.70451
-9.76849
-3.43876
-3.87274
-12.7654
-10.7681
-7.01809
-6.162
-2.82125
-10.4665
-3.0921
-4.19151
-22.4728
-7.02049
-4.63748
-7.86116
-5.18992
-9.41269
-13.3964
-13.1053
-6.68164
-14.3596
-7.45626
-14.8293
-8.84983
-3.31966
-3.50788
-3.04932
-10.9081
-5.12959
-13.6069
-2.08694
-17.0286
-5.95474
-6.82911
-5.58757
-9.38989
-3.16016
-4.52775
-2.31606
-2.13381
-5.44585
-2.49123
-7.67565
-3.96036
-3.82075
-4.59655
-5.20759
-14.4879
-5.23328
-3.61363
-8.14091
-6.77978
-1.55286
-8.19929
-4.59212
-7.44638
-4.25732
-4.20741
-10.7143
-5.55663
-29.3735
-2.52346
-3.47239
-7.84295
-3.52152
-6.54103
-4.19489
-5.97936
-4.92873
-5.66902
-3.14949
-14.0856
-6.59087
-13.5401
-11.2962
-1.93714
-4.00246
-12.8852
-5.96868
-9.44729
-3.93394
-2.44621
-8.69081
-14.0373
-2.38537
-5.75908
-7.25823
-10.2396
-6.5194
-7.6845
-3.02451
-14.4288
-1.61477
-3.89441
-1.88318
-6.57148
-6.30835
-2.99542
-7.19961
-1.77705
-3.96234
-6.4564
-6.15316
-10.2394
-9.15641
-6.31221
-5.50564
-14.9126
-3.82174
-5.15654
-3.2748
-1.35442
-5.66884
-7.11566
-4.36034
-2.40827
-5.14212
-5.69163
-11.2714
-9.76429
-4.67318
-3.42944
-6.60024
-9.22052
-5.68998
-4.11661
-2.618
-12.064
-6.07271
-5.54784
-11.5776
-7.81868
-3.85959
-9.51149
-8.58264
-2.43316
-7.2204
-8.45554
-11.7531
-5.91454
-6.84083
-5.50786
-4.01197
-5.34095
-7.11293
-5.67844
-14.5117
-6.25741
-9.57649
-7.29053
-3.77467
-6.65447
-6.15268
-9.03342
-8.85521
-5.24235
-13.2832
-9.05677
-11.6617
-9.27722
-3.82554
-5.67228
-4.73371
-7.32265
-5.35977
-4.92907
-8.03131
-7.6165
-2.12035
-7.99179
-9.12135
-14.7779
-4.23928
-7.63645
-2.07528
-2.63816
-7.15541
-4.94252
-4.25675
-4.5926
-5.82064
-6.54524
-7.67857
-7.69213
-9.62739
-7.97189
-6.53105
-12.5085
-4.70486
-5.70542
-4.02694
-2.82017
-6.30804
-5.13232
-11.4882
-5.90901
-4.87644
-5.29812
