-0.0060428
-0.0050753
-0.0044231
-0.212222
-0.0098679
-0.016087
-0.0086335
-0.0296039
-0.0117391
-0.0106078
-0.038
-0.03
-0.0614285
-0.041
-0.0041579
-0.0006383
-0.39
-0.0060428
0.0040495
-0.0041579
-0.0075438
-0.0053061
-0.0365116
-0.0115827
-0.0132558
-0.0205344
-0.0036986
-0.017972
-0.0037931
-0.021579
-0.019197
-0.0097368
0.00246405
-0.031
-0.0147525
-0.0084049
-0.0045135
-0.0176243
-0.0135294
-0.0053061
-0.0081818
0.0027888
-0.0545161
-0.0243333
-0.0063044
-0.037619
-0.0187778
-0.0094175
0.00066665
-0.0455555
-0.0342478
-0.0733334
-0.107647
-0.0083486
-0.0005263
-0.0096079
-0.0270371
-0.0218472
0.00368085
-0.0077515
-0.006625
-0.0270371
-0.0084332
-0.0113675
-0.0014286
-0.0051515
-0.0163158
-0.0091387
-0.0023636
-0.0129008
-0.0185714
-0.0096079
-0.020303
0.00455555
-0.022258
-0.0195858
-0.0071429
-0.0426315
-0.0243333
-0.0130769
0.0044955
0.0011875
-0.101111
-0.0076991
-0.0045135
-0.0172727
0.0013664
-0.0073913
-0.02
-0.0506061
0.00412195
0.00047617
-0.0112766
0.00384535
-0.0207692
-0.0145098
-0.0112766
-0.011978
-0.0488235
-0.0545161
-0.0125564
-0.156667
-0.0277359
0.00347515
-0.0334782
0.0011111
-0.0579612
-0.0143903
-0.0515385
-0.0084049
-0.0257143
-0.015974
-0.0091818
-0.132857
-0.0094805
-0.0129008
-0.0435714
-0.0077515
-0.0257143
-0.0035135
0.00024391
-0.0230578
-0.017972
-0.0108333
-0.0222581
0.00488477
-0.019703
-0.0088679
-0.99
-0.002987
-0.03
-0.0347761
-0.02125
-0.0145901
-0.0111865
-0.0001523
-0.0159067
-0.002987
-0.027594
-0.007129
-0.0076991
-0.0091818
0.0035946
-0.01
-0.0525
-0.005873
-0.0294615
-0.0007088
-0.0086335
-0.0277359
-0.0147525
0.00347515
-0.0589658
-0.0038205
-0.04
-0.0153164
-0.0098676
-0.0096079
-0.0050845
-0.0188461
-0.027594
-0.0108334
0.00434884
-0.0083486
-0.027037
-0.0136967
-0.101111
-0.002236
-0.0145902
-0.0079491
-0.0044927
-0.0176498
-0.0132222
-0.0455555
-0.0133645
0.00024391
-0.0187778
-0.0684314
-0.000929
-0.0700002
-0.0123464
0.00275
-0.09
-0.0408475
0.0035055
-0.0381928
-0.0043541
-0.0117391
-0.0393828
-0.0035135
-0.132857
0.00381865
-0.02125
-0.015974
-0.0436315
-0.0067598
-0.015641
0.00164705
-0.0614285
-0.0040187
-0.0038249
-0.0108334
-0.0167858
0.001126
0.0010635
-0.0247222
-0.0147934
-0.0417241
0.00233335
-0.003987
-0.132857
0.00430517
-0.014
-0.0198508
-0.1775
-0.0094175
-0.0031579
-0.0244827
-0.0597676
-0.0116216
-0.0160869
-0.0082414
-0.0316666
-0.0105128
-0.0127273
-0.0088679
0.0004306
-0.0535
-0.0132558
-0.102111
-0.0046986
0.000453
-0.101111
-0.0263636
-0.005873
-0.0014166
-0.017027
0.0004306
0.00414563
-0.0042857
-0.0143903
-0.19
-0.09
-0.0177778
-0.0065289
-0.015862
-0.0341176
-0.0237078
-0.017523
0.00373685
0.0014812
-0.041282
-0.101111
0.00432711
-0.656666
-0.0167858
-0.0248837
-0.013952
-0.0057059
-0.0199401
-0.0196296
-0.0140964
-0.010202
-0.0021951
-0.0177778
-0.0032158
-0.0062601
-0.0067598
-0.0140964
-0.039505
-0.0153165
-0.99
-0.0005263
-0.037619
-0.0145901
0.00432711
-0.0115054
-0.09
0.0033503
-0.0018343
0.00318605
-0.02
-0.0284615
-0.0314202
-0.0095122
-0.0104081
-0.0284615
-0.0033333
-0.091
-0.04
-0.0143902
-0.0308164
-0.0078572
-0.0233334
-0.0019761
-0.0094175
-0.018777
-0.116
-0.02225
-0.0198507
-0.0074418
-0.0203031
-0.0809093
-0.0148447
-0.101111
-0.015862
-0.0073913
0.0027888
-0.0006154
-0.0809093
-0.0132558
-0.0322535
-0.0134375
-0.003245
-0.0320168
-0.0200752
-0.0095185
-0.0103046
0.003382
-0.02
-0.0265854
-0.0232581
0.0037644
-0.0023457
-0.0019761
0.0015926
-0.0263637
-0.0163158
-0.220769
-0.0189855
-0.020303
-0.0138095
-0.115
-0.0013636
-0.015
-0.003986
-0.0069491
0.00258975
-0.081909
0.002007
-0.0185714
-0.015974
-0.0017647
-0.0471428
-0.0047059
-0.0105479
-0.0057895
-0.0207692
-0.0257143
-0.0039535
-0.020303
-0.0614285
-0.0048148
-0.0066667
-0.0062162
0.00170075
-0.0589658
0.00368085
-0.0106186
0.0008033
0.00491836
-0.0782353
-0.0044927
-0.021746
-0.095263
0.004
-0.0094175
-0.022258
-0.0270371
0.00479832
-0.0035
0.00185715
0.00490164
-0.03
-0.0085439
0.00470816
0.00381865
0.00233335
-0.0028205
-0.0238983
-0.041282
0.00124805
-0.0002592
0.0038718
0.00428302
0.00205555
-0.0248837
-0.0138095
0.00282715
-0.0018343
-0.0117391
0.00185715
-0.0177778
-0.0455555
-0.0769565
-0.0047783
-0.0076991
-0.0069491
-0.009802
-0.037619
-0.171818
-0.116
-0.0426315
-0.0308163
0.0003793
-0.0034529
-0.0045135
0.00381865
-0.275714
-0.0809093
0.004
-0.0095185
-0.0260361
-0.015974
-0.0257143
-0.0597676
-0.0164317
-0.0096079
-0.0194118
0.00392385
0.0013664
-0.0104081
0.00246405
0.00491836
-0.015641
0.0022886
-0.0084049
-0.0250878
0.00483334
0.00488477
-0.0016279
-0.03
-0.0354546
-0.0041579
-0.0086335
-0.0207692
-0.04
-0.0092308
-0.015
-0.0044928
-0.491
-0.116
-0.0045135
0.00246405
-0.010979
-0.0187778
-0.0589658
0.00210345
0.00368085
-0.0280952
0.0008033
-0.010979
-0.0001743
-1.99
-0.0180374
-0.107647
0.00423809
-0.0067598
0.0025484
0.00493496
-0.0096079
-0.0106186
-0.0048515
0.00308285
-0.0088571
-0.0488235
-0.115
-0.006625
0.002007
-0.0566668
-0.0024224
0.0032857
-0.0204118
-0.0034228
-0.0506061
-0.0066667
0.0015926
-0.99
0.003012
-0.0163158
0.00286505
-0.001989
0.00423809
-0.0033333
-0.0488235
-0.0047059
-0.0183688
-0.0014286
0.00015045
0.00423809
-0.0257143
-0.0640739
-0.39
0.0037644
-0.0433334
-0.0125564
-0.0038205
0.00368085
0.0037644
-0.0308163
-0.0118334
-0.0284615
0.0035055
0.00210345
-0.0166666
-0.0498235
0.00384535
-0.0054928
-0.01
-0.0079491
0.0029394
-0.0018343
-0.0326667
-0.115
-0.0021111
-0.0003627
-0.0089573
-0.0250877
0.00416908
-0.0354545
-0.0152525
-0.0207692
-0.157666
-0.0054639
-0.041282
-0.0037615
-0.0129008
-0.418571
-0.0072414
-0.0218472
-0.0326667
-0.0047059
-0.0094805
-0.015641
-0.0026279
-0.0253982
-0.0183019
0.0011111
0.00421531
-0.0426315
0.00065419
-0.0322535
-0.0008039
-0.0387805
-0.0309836
0.00059665
-0.0050845
0.00416908
-0.0733334
-0.0057895
-0.0153807
0.0027107
-0.0068067
-0.0117391
-0.0118334
-0.0138095
-0.001236
-0.0257143
-0.0226087
-0.0455556
-0.0273832
-0.01
-0.0277359
-0.0057895
-0.0084049
-0.132857
-0.0066667
-0.015974
-0.005873
-0.0153164
-0.0048515
-0.022967
0.00470816
-0.0138095
-0.0094175
-0.0108334
-0.0247826
-0.0146306
-0.0365116
-0.024091
0.00185715
-0.133857
-0.0005238
-0.017027
-0.025533
-0.000901
-0.0226087
-0.017523
-0.015
0.00074076
-0.0219149
-0.0207692
-0.01
-0.0127272
-0.0143903
-0.028961
-0.003987
-0.0125225
-0.0054639
-0.041282
-0.0471429
-0.006873
-0.0017647
0.00185715
-0.02125
-0.0167858
-0.002987
-0.0261446
0.0038718
-0.0127272
-0.0138095
-0.028961
-0.0137272
-0.0172727
-0.0247826
0.00457522
0.00373685
-0.021579
-0.028674
-0.0096078
-0.0138095
-0.011
-0.027037
-0.0316666
-0.0743335
-0.0334782
-0.0334782
-0.020303
0.0035355
-0.0052672
-0.0733334
-0.0115827
-0.0044231
-0.0250878
-0.0078571
-0.0250878
-0.0134742
-0.0099005
-0.0062601
-0.0053846
-0.0105128
-0.0079641
-0.0105128
-0.0506061
-0.0109424
-0.0002564
-0.041948
9.903e-05
0.0037644
0.00470816
-0.0044927
-0.02125
-0.0435714
-0.0240909
-0.0257143
-0.0306504
-0.19
0.0021973
-0.0094805
-0.0141936
-0.0086916
-0.0122766
-0.0387805
0.00282715
-0.0057068
-0.02125
-0.0733334
-0.0426315
-0.021746
-0.0125564
-0.0053846
-0.010979
-0.018169
-0.0194118
-0.0173224
-0.0809093
-0.0050376
-0.0094175
-0.0354545
-0.0631708
-0.0185714
-0.0115054
-0.0226087
-0.0051515
-0.001989
-0.041
-0.008018
-0.003245
-0.095263
-0.0308164
-0.0130769
-0.0769565
0.00015045
-0.0131481
-0.0185714
-0.02125
-0.0017647
-0.0270371
-0.0316667
-0.017027
0.0010635
-0.0769565
-0.0079491
-0.017027
0.00308285
-0.0566666
-0.0244827
-0.0185714
-0.0066667
-0.0079641
-0.0142424
-0.0236135
-0.0030482
-0.019197
-0.0086335
0.00468965
-0.017027
-0.0035135
-0.09
-0.101111
-0.0415464
-0.0081818
-0.0216456
-0.0340529
-0.0163158
-0.0106186
-0.0105128
-0.000101
-0.0084332
-0.006625
-0.0073913
0.0035652
-0.0216456
-0.143846
-0.0219149
-0.0488235
-0.0051515
-0.0033333
-0.0129008
-0.0069491
-0.03
-0.0226087
-0.0097045
0.0005254
-0.016
0.0048159
-0.0129008
0.0036524
-0.0265854
-0.022258
-0.0296825
-0.0769565
-0.0243333
-0.030404
-0.0088679
-0.0305405
-0.0867743
-0.0127272
-0.0123464
-0.003986
-0.0057059
0.0035946
-0.0117391
-0.013622
-0.011978
-0.0140385
-0.0046986
-0.0669232
-0.0210559
-0.0506061
0.00347515
-0.0316666
-0.0124719
0.00086759
-0.0003093
-0.0134375
-0.0391803
-0.095263
-0.0381928
-0.0120588
0.00107144
-0.0465555
-0.0127273
-0.0004712
-0.044054
0.00485062
0.00465218
-0.0038889
0.00397485
-0.0021111
-0.0001523
-0.0261446
-0.0172727
-0.0106078
-0.044054
-0.0104082
-0.0132558
-0.0077515
-0.0141936
-0.0034529
-0.0426315
-0.0218472
-0.02125
-0.0023636
-0.001989
-0.0020482
-0.0084049
-0.0037615
-0.0127273
-0.02125
-0.0852383
-0.0277359
-0.0209278
-0.24
-0.0031951
-0.0244828
-0.0076991
-0.03
0.00412195
-0.027594
-0.0207692
0.00029124
-0.0669231
0.00038461
-0.0566666
-0.0252941
-0.39
0.00389795
-0.0158621
-0.0031579
-0.0205344
-0.0141546
-0.0122222
-0.0236135
-0.0060428
-9.09e-05
-0.0033333
-0.0387805
-0.008018
-0.0257143
-0.02
-0.0296039
-0.0042857
-0.037619
-0.0127273
-0.0136967
-0.0123464
-0.0143903
-0.0106896
-0.0048889
-0.0102703
-0.0235571
0.00362365
-0.0177778
-0.0096079
-0.0111268
-0.0112766
-0.0194118
-0.0170271
-0.015641
-0.008018
-0.0809093
-0.0669231
-0.0063935
-0.0084049
-0.126364
-0.0041844
-0.0125988
-0.02125
-0.005
0.00258975
-0.0545161
-0.0110526
-0.013952
-0.01
-0.071081
0.00479832
-0.0614285
-0.0004712
-0.000901
0.0044955
-0.001989
0.00461403
-9.09e-05
-0.0014166
-0.007129
0.00195775
-0.0018696
-0.0014942
0.00467099
-0.009802
0.0022886
0.00180575
0.00286505
-0.991
-0.0002592
-0.0102703
-0.0095185
-0.02225
-0.0852383
-0.015641
0.0040495
-0.0250878
-0.0488235
-0.0006383
-0.018027
-0.115
-0.0083486
0.00412195
-0.212222
-0.0189855
0.00451569
0.0013077
-0.0142558
-0.0243333
-0.241
-0.0057059
0.00470816
-0.0137272
0.00432711
-0.011
-0.001989
-0.0326667
0.0035652
0.00493496
-0.0233333
0.0035055
-0.067923
0.00459471
0.00275
-0.275714
-0.0038205
-0.0050376
-0.0132222
-0.0043885
-0.021303
-0.0080995
-0.19
-9e-06
0.00195775
0.00478059
-0.191
0.00414563
0.0032857
-0.0614285
-0.0127273
-0.0250878
0.00457522
-0.0204118
-0.0254828
-0.49
0.00496774
-0.0086047
-0.0354545
0.00397485
-0.0033333
-0.0334782
0.00124805
0.0015373
-0.0059253
-0.0044928
-0.021746
-0.0341176
-0.0310959
-0.0023636
-0.0033457
-0.01521
0.00485062
-0.0106896
0.00451569
-0.991
0.0015373
0.00195775
0.00443379
-0.0207692
-0.0614285
-0.095263
-0.0837502
-0.021746
-0.101111
-0.156667
-0.0852383
-0.0061515
0.00290245
-0.0166666
-0.0012994
-0.0194118
0.00467099
-0.0344783
-0.0033457
-0.0624285
-0.0294615
0.00015045
-0.132857
-0.241
-0.0187778
-0.0455555
0.00472649
-0.0284615
0.004
-0.0512245
-0.0208642
-0.028835
-0.0147525
-0.0165487
-0.0052672
0.0038718
-0.0265854
-0.0084049
-0.0057068
-0.0066667
-0.0163158
-0.0114082
-0.00875
-0.0115054
-0.0194118
-0.01
-0.132857
-0.0173972
-0.156667
-0.053492
-0.0006952
0.0032857
0.00233335
0.00185715
-0.0140964
-0.0147525
-0.0082414
-0.0316667
-0.166471
-0.0108334
-0.0354545
0.0040495
-0.0445455
-0.0354546
-0.027594
-0.0198507
0.00428302
-0.022258
-0.0226798
-0.171818
0.00397485
-0.0344445
-0.0273832
-0.000929
-0.0138095
-0.0108334
-0.133857
-0.0248837
-0.0033928
-0.0035
-0.0127273
-0.018169
-0.0461798
-0.0205344
-0.0136686
-0.0035
0.0037644
-0.008018
-0.006873
-0.0390196
-0.0426315
-0.0498235
0.00490164
-0.0614286
0.00409804
-0.0809093
-0.0118341
0.00205555
-0.0118334
-0.0053846
-0.0250878
-0.0153165
-0.116
-0.0128571
-0.491
-0.0038249
-0.0386191
-0.0244828
-0.0138095
-0.116
-0.0257143
0.00022805
-0.0054639
-0.0240909
-0.002766
-0.0047783
-0.0035747
-0.0325531
-0.0465555
-0.0089873
-0.0069492
-0.0148095
-0.0227869
0.0008699
-0.0096079
-0.0104081
-0.015641
-0.0048515
-0.031
-0.0096079
-0.0085439
-0.0034228
0.00124805
-0.003245
-0.0077515
-0.0222581
-0.0180899
0.00282715
-0.0222581
-0.0488235
-0.0294736
0.00414563
0.00142425
-0.015
-0.02125
-0.024188
0.00344445
-0.0132222
-0.0120588
-0.021496
-0.0316667
-0.0733334
-0.0135294
-0.0129885
-0.0044927
-0.0391803
-0.0012994
-0.0809093
-0.191
-0.0098679
0.00498393
-0.275714
-0.132857
-0.0589658
-0.0166667
-0.0052857
-0.0365116
-0.025533
-0.0070455
0.00447511
4.977e-05
-0.0435714
-0.0135849
-0.0014166
-0.156667
0.00069765
-0.0250878
-0.041
-0.04
-0.0143902
-0.123333
-0.0016959
-0.044054
-0.028961
-0.0700002
-0.0045631
-0.0426315
-0.0122222
-0.0068067
-0.0465555
-0.0125988
-0.0028755
0.0036524
0.0004306
0.00463319
0.0021973
-0.656666
-0.0387805
-0.044054
-0.020303
-0.0270371
-0.0163158
-0.0076471
-0.0185714
0.0022886
-0.0068777
4.977e-05
0.00210345
-0.0071429
0.00015045
-0.0187357
-0.006
-0.0431915
-0.0025786
-0.05
-0.0134375
-0.0506061
-0.0040187
-0.0238983
0.003382
-0.015641
0.00476271
-0.0127273
-0.009802
-0.323334
-0.0644679
-0.0408475
-0.0083486
-0.0085185
-0.656666
-0.0148447
-0.000989
-0.0151256
0.00321965
-0.0292157
-0.0127273
-0.006129
-0.0576665
0.00434884
-0.0334782
-0.039505
-0.0123881
-0.020303
-0.0053061
-0.005625
-0.0328571
-0.022
-0.115
-0.0122222
0.00465218
-0.0052284
-0.0488235
-0.0019761
-0.107647
-0.010202
-0.0852383
-0.021579
-0.0145098
-0.0108334
0.00362365
-0.0265854
-0.0236135
-0.015
-0.0308163
-0.0330108
-0.0026582
0.00066665
-0.0123881
-0.03
-0.0204569
-0.0488235
-0.0044927
-0.0078571
-0.020303
-0.0387805
0.0029394
-0.0426315
-0.011978
-0.0387805
-0.037619
-0.015641
-0.0086047
-0.005748
-0.095263
-0.0354545
-0.0132558
-0.066923
0.00409804
-0.0195567
-0.0127391
0.0034134
-0.0024224
-0.0038205
-0.005873
0.00459471
-0.05
-0.0053846
-0.000989
-0.005544
-0.058182
-0.115
-0.0194118
-0.0067598
-0.0248837
-0.0014286
-0.03
-0.009802
-0.0036054
0.00491836
-0.0026051
-0.095263
-0.093448
-0.0081818
-0.0017647
-0.017027
-0.0476923
-0.009802
-0.0210559
-0.0070213
-0.0037615
-0.0174725
-0.0163158
0.00467099
0.00426067
-0.006129
-0.007094
-0.022967
0.00478059
-0.001236
-0.003986
-0.020303
-0.0051515
0.0015926
-0.0065289
-0.0168456
-0.0347761
-0.39
-0.0090476
0.0029394
0.0021507
-0.0525
-0.0017647
-0.0251759
-0.0026582
0.00470816
-0.0244828
-0.0016279
-0.0086916
-0.0130769
-0.0038889
0.00282715
-0.0082927
-0.0292157
-0.0122222
-0.0242466
-0.0101342
0.0022886
-0.0267647
-9e-06
-0.0198508
-0.0196296
-0.0075439
0.00205555
-0.0117391
-0.016641
-0.046338
-0.0123881
-0.0125988
-0.0163158
0.0029759
-0.0083486
-0.00875
-0.03
-0.019197
-0.0118334
-0.0088679
-0.0185714
-0.0079641
0.00472649
-0.102111
-0.99
-0.0006154
-0.0148095
-0.0031579
-0.0052284
-0.0198508
0.0033503
-0.0111268
-0.0158621
-0.99
-0.0114286
0.001
0.00453571
0.000453
-1.99
-0.0038889
-0.0194118
-0.0153902
-0.04
-0.0163158
-0.0319161
-0.0075439
0.00483334
-0.0089573
-0.0094175
-0.033956
-0.006854
-0.0141936
-0.0265854
-0.0334782
-0.212222
-0.0189855
-0.011978
-0.021579
0.00086759
-0.123333
-0.0265854
-0.0088571
-0.0093549
-0.0090476
0.003709
-0.0106896
-0.02
0.00180575
-0.0035747
-0.020303
-0.018436
-0.015974
-0.037619
-0.0129008
-0.0105128
-0.0112766
-0.0001743
-0.0077515
-0.0062601
-0.0041579
-0.0038205
-0.0038889
-0.0127272
-0.0004167
-0.0122222
-0.0129885
-0.0141936
-0.0175862
-0.0497015
0.0005254
-0.046338
-0.047971
-0.0236135
-0.15
-0.006873
0.00483334
0.0021973
0.00118942
-0.0091387
-0.0322535
-0.0334782
-0.0130769
-0.0129008
-0.0229218
-0.0238983
0.00498393
-0.006129
-0.0033333
-0.0545161
-0.0052857
-0.0069491
0.00474468
-0.0014166
-0.0054928
-0.0166666
-0.0354546
-0.0068067
-0.0084049
0.00488477
-0.053492
-0.0524999
-0.0098679
0.00246405
-0.0264584
-0.0135849
-0.0011111
-0.0142424
-0.019197
-0.000901
-0.0053846
-0.028835
0.00195775
-0.013952
-0.020303
-0.018169
-0.0566668
-0.007341
0.00052133
-0.0238983
-0.0142424
-0.0088679
-0.0081818
-0.0082414
0.0035652
0.0008699
0.00476271
-0.02
-0.0206123
-0.0076471
-0.0064835
-0.24
-0.0200752
-0.275714
-0.0435715
-0.0142558
-0.0365116
-0.0189855
-0.0091387
-0.0132558
-0.0142558
-0.0125988
0.0013664
-0.0234928
-0.0837502
-0.0110526
-0.0067364
0.00115046
-0.0344783
-0.0074673
0.0034134
-0.0145901
-0.0154778
-0.0545161
-0.0130769
-0.0109205
-0.0325531
-0.0364546
-0.0069491
-0.0114082
-0.0021951
-0.0019761
-0.0125564
-0.0063934
0.00432711
-0.021579
-0.0210559
-0.0419481
-0.0063846
-0.0070213
-0.0127391
-0.0125564
-0.006129
-0.0006154
-0.0316666
0.00233335
-0.0259281
-0.0065289
0.0023775
-0.020303
-0.143846
-0.0016279
-0.0086916
-0.013952
-0.0455555
-0.0027389
-0.0151572
-0.005544
-0.01521
-0.005625
-0.0535
-0.0344445
-0.0089873
-0.49
-0.01
-0.041282
-0.021579
-0.0173158
0.00491836
-0.0073913
-0.0222581
-0.0809093
-0.0280371
-0.0118978
-0.0316666
-0.0147934
-0.0030719
-0.0506061
-0.0153165
-0.0047059
-0.0074673
-0.0071429
-0.0471428
-0.0118978
0.004
-0.0132558
-0.0207692
-0.015974
-0.0070455
-0.0471429
-0.0524999
0.00392385
-0.24
-0.0026279
-0.115
-0.14
-0.0164317
-0.0041509
0.00421531
-0.0654719
-0.0455555
0.003012
0.0025065
-0.0294615
-0.0135294
-0.0164551
-0.0094805
-0.132857
-0.0218472
-0.0305405
-0.0108334
0.0026709
-0.0238983
-0.0782353
0.00493496
0.0021973
-0.0077515
0.00479832
-0.0153165
0.00022805
-0.0074418
0.0035946
-0.0095122
-0.0769565
-0.01
-0.0180374
-0.0018696
0.0017536
-0.0745071
-0.0072414
-0.0316666
-0.0130769
-0.0112766
0.00107144
-0.0132558
0.0035055
-0.0294615
-0.015
-0.0012041
-0.0455555
0.00437037
-0.0021951
-0.0118334
-0.0275
-0.24
-0.02125
-0.0052857
-0.0113904
0.0035652
-0.0151256
-0.0053846
-0.0334782
-0.0199401
-0.0106078
-0.0158621
-0.0041844
-0.085238
-0.0230578
0.0034134
-0.0131481
-0.0185714
-0.212222
-0.0038889
-0.0105479
-0.0115054
0.00290245
0.0036524
-0.0132558
0.00065419
-0.991
0.00124805
-0.005625
0.00392385
-0.038077
-0.102111
-0.0366102
-0.0246821
0.00170075
-0.0163158
-0.011164
-0.0086916
-0.04
-0.0284615
-0.024965
-0.0455556
-0.0631708
0.0034134
-0.0085185
-0.0170271
-0.0287597
-0.0322535
-0.0347761
-0.0092308
-0.0237078
-0.0809088
-0.0257143
-0.0541025
-0.0334782
-0.0025
-0.0076666
-0.0062601
-0.0003093
0.00124805
-0.0132558
-0.0023457
-0.0545161
-0.0236135
-0.021579
-0.0215789
-0.102111
0.00073555
-0.0277359
-0.0545161
-0.0198507
-0.0117391
-0.0124719
-0.0225204
-0.015
-0.017027
-0.011858
-0.0036986
0.00451569
-0.0092308
-0.0240136
-0.0244828
-0.0222581
-0.323334
-0.0018696
-0.0057068
0.00453571
-0.0020482
-0.0079641
-0.0099005
-0.0030482
-0.0207692
-0.0123881
-0.015974
0.0023775
-0.0166666
0.00183672
-0.009802
0.00412195
-0.0104082
-0.0614286
-0.027594
-0.0769565
-0.0435714
-0.0142558
0.00170075
-0.0062601
-0.031
-0.0203031
0.00078341
-0.0194118
-0.143846
-0.095263
-0.0187778
-0.012831
-0.011164
-0.0194118
-0.006129
-0.0102307
-0.0222581
0.00488477
-0.024965
-0.0118341
-0.102111
-0.018436
0.0011875
-0.0148095
0.00453571
-0.24
-0.0072414
0.00030435
-0.0177778
-0.0207692
-0.0122222
-0.0222581
0.00373685
0.00457522
0.00474468
-0.0236135
0.0013077
-0.49
-0.0089873
-0.0205344
-0.0316666
-0.0110084
-0.0354545
-0.323334
0.0011875
-0.007316
-0.0280371
-0.0066667
-0.0316666
-0.0240909
0.0038718
0.00124805
-0.99
-0.0365116
-0.0088571
-0.0127391
-0.007341
-0.19
-0.017972
9.903e-05
-0.0106186
-0.0074673
-0.0014942
-0.107647
-0.0026582
-0.0189018
-0.01
-0.0545161
-0.028674
-0.0227869
-0.0498235
-0.0194118
0.00486777
-0.0525
-0.0018343
-0.02125
-0.0292157
-0.007094
-0.02125
-0.0436315
-0.0244827
0.00419231
0.00412195
-0.001101
-0.0279747
-0.0426315
0.0034134
-0.0053846
-0.0064835
-0.005625
-0.0134742
-0.0123464
-0.0143903
-0.0036582
-0.0053061
-0.0227869
-0.0104081
0.00423809
-0.007341
0.0034134
0.00407389
-0.0081818
-0.0027119
0.00397485
-0.0316666
-0.0769565
-0.0649999
-0.0273134
0.0025065
0.0036524
-0.0047059
0.0035055
-0.156667
-0.0146914
-0.0177778
-0.0247826
-0.0257143
-0.0154778
0.00205555
-0.0123881
-0.0182485
-0.0347761
-0.0292157
-0.0545161
-0.0769565
0.00315205
-0.0321052
-0.0214137
-0.019703
0.00392385
-0.0365116
-0.031
-0.0074418
-0.0138095
0.00465218
0.0004306
-0.0065746
-0.0769565
-0.028961
-0.037619
0.00242105
-0.0124719
-0.0216742
-0.0117391
-0.324334
-0.0436315
-0.0250878
-0.0243333
-0.019703
-0.006854
-0.0143903
-0.006873
0.0048159
-0.010979
-0.0115054
-0.03
-0.0524999
-0.0331654
0.0017536
-0.0184091
-0.0079491
-0.0067364
-0.0205344
0.00432711
-0.0132558
-0.0033457
-0.0125988
-0.0038889
-0.0076666
-0.0809093
0.0033182
0.00453571
-0.14
-0.0230578
-0.0566666
0.00488477
-0.49
0.00461403
0.00465218
-0.0104081
-0.0016959
0.0015926
0.00467099
0.00286505
-0.010202
-0.107647
-0.0091083
0.0044955
-0.0198507
-0.0265854
-0.0062601
-0.010202
-0.0108333
-0.0097368
-0.0552176
-0.0322535
-0.0325531
-0.01
-0.0076471
-0.0075439
0.00437037
-0.0219149
-0.0101006
-0.0334782
0.00434884
-0.0316666
-0.0464516
-0.019197
-0.0037615
-0.0292157
-0.0089873
-0.0627273
-0.0266973
-0.0050845
-0.39
-0.0036364
-0.0093549
-0.0106185
-0.0025786
-0.0143903
-0.0075439
-0.0154237
-0.0172109
-0.005873
-0.0090476
-0.101111
0.00459471
-0.0334782
-0.0031579
-0.0111268
-0.0090476
-0.0222581
-0.0025786
-0.0361538
-0.0292157
0.0033503
-0.041948
0.00459471
-0.0028755
-0.0214466
-0.0183688
-0.0555738
-0.0322535
-0.09
-0.0263637
-0.0092308
-0.0357516
0.0005254
0.0040495
0.00286505
-0.020303
-0.0130769
-0.0189855
0.0010635
-0.0008108
0.00078341
-0.015
-0.115
-0.0177778
-0.02
-0.0210559
-0.0143903
-0.0308163
-0.0476923
0.00205555
-0.491
-0.0160869
-0.0108334
-0.0354546
-0.0321052
-0.0081818
-0.0132558
0.00407389
-0.004218
-0.0198507
-0.0177778
0.00086759
-0.017027
-0.006854
-0.017027
-0.0733334
0.00373685
0.00470816
-0.143846
-0.0417241
-0.0122222
-0.0200752
-0.0187778
-0.006
0.00308285
-1.99
-0.013952
-0.171818
0.0040495
-1.99
-0.02125
-0.0370588
-0.0003458
-0.0163158
-0.0594444
-0.0235571
-0.009802
-0.0233333
0.00432711
-0.0224324
-0.0168456
-0.0524999
-0.0148756
-0.323334
-0.0039535
-0.0076666
-0.0132558
-0.021579
-0.0157732
0.0005254
-0.0091083
-0.0045631
-0.0075438
-0.002987
-0.0045631
0.00478059
-0.021746
-0.0085439
0.0003793
-0.0148095
-0.091695
-0.0110526
0.001
-0.0354546
-0.0027389
0.00476271
-0.0204118
-0.021496
-0.0111865
-0.0080995
-0.0104081
-0.0131214
-0.0088679
-0.0082927
0.00047617
0.00344445
0.00242105
-0.0614285
-0.0700002
-0.0244827
-0.0085185
-0.019197
-0.0052284
-0.01
-0.0057068
-0.09
-0.022
-0.0108334
-0.0117391
0.00474468
-0.04
-0.021746
0.0013077
-0.009802
-0.015
-0.0014166
-0.0107254
-0.0576665
-0.0204118
-0.0198507
0.00426067
-0.0029032
-0.0108334
-0.0120994
-0.0227869
-0.021746
-0.0198507
0.00459471
-0.0025
0.0001961
-0.0072414
-0.067923
-0.0138095
-0.0027389
-0.0233333
-0.024188
-0.0163158
-0.0064835
-0.0104082
-0.0194118
-0.037619
-0.0052284
-0.0151572
0.00325285
-0.0488235
-0.0102703
0.00373685
-0.0127273
-0.0098676
-0.0047059
0.00242105
-0.0524999
0.00381865
0.0032857
-0.0308163
-0.04
-0.0063044
-0.0047059
-0.0277359
0.00311765
-0.0080723
-0.0257143
-0.0076991
-0.0589654
-0.0226087
-0.0154237
-0.0125564
-0.0488236
-0.0079641
-0.0361538
0.00224325
-0.0227869
-0.0029048
-0.0145901
-0.0344445
-0.0576665
-0.0293701
-0.0095185
-0.022258
-0.0043333
-0.0273832
-0.0052284
-0.0062162
-0.0166666
-0.0053061
-0.0035
-0.0030719
0.00441285
-0.095263
0.00315205
-0.0700002
-0.02225
-0.0123464
-0.0124719
-0.009802
-0.0166666
0.0004306
-0.0524999
-0.0123881
-0.0089573
-0.19
0.0040495
-0.0700002
-0.0263637
-0.021496
-0.0021951
-0.0852383
-0.0852383
0.003382
-0.212222
-0.0769563
-0.0075438
-0.0081818
-0.0069491
-0.0098679
-0.0034529
0.0036524
-0.0141936
-0.115
-0.036729
-0.0194118
-0.020303
-0.0308164
-0.0146306
-0.0252941
0.00033816
-0.0070455
-0.0471429
0.0035946
-0.0287597
-0.020303
-0.0270371
-0.0104081
-0.0306977
-0.018169
-0.0042857
-0.0153165
-0.0341176
-0.0354545
0.00430517
-0.0191262
-0.0118978
-0.0391803
-0.0047783
0.0039495
-0.0545161
-0.0252941
-0.006854
0.00170075
-0.0080723
-0.0118334
0.00483334
-0.0185714
-0.000582
-0.0129008
-0.036729
-0.0116216
-0.0442636
-0.0334782
-0.0122222
0.0035946
-0.0141936
-0.0455555
-0.0247826
-0.0244828
-0.0096079
-0.0120588
-0.0273832
-0.0008696
-0.19
0.00445454
0.0017536
-0.0408475
-0.019197
-0.0321052
-0.0177778
-0.0214137
0.0030476
-0.0102703
0.0025484
-0.0263637
-0.0016383
-0.0566668
-0.0117391
-0.0006952
-0.0081818
-0.0362963
-0.0108334
-0.0059253
-0.0033333
-0.0138095
-0.0189855
-0.0099005
-0.0185714
-0.171818
-0.0512245
-0.0669231
-0.0080995
-0.0124719
-0.0185714
-0.006129
-0.0177778
-0.212222
-0.0589658
-0.0177778
-0.0129885
-0.005873
0.00059665
0.00455555
0.00392385
-0.0316666
-0.0081818
-0.0172727
-0.0253982
-0.001236
-0.0091387
-0.0163158
-0.0038889
-0.0233333
0.00498393
-0.0640739
-0.05
-0.0189855
-0.0055039
-0.0118978
-0.03
-1.99
-0.0250878
-0.004218
-0.132857
-0.02
0.0036524
-0.0146306
-0.0809092
-0.0110526
-0.0036986
-0.0232581
-0.0294736
-0.0506061
-0.0689476
-0.0026051
-0.02125
0.00282715
-0.017523
-0.0207692
-0.0124719
-0.115
-0.013622
0.00325285
-0.0733334
-0.0488236
-0.0060428
0.0048159
-0.0131214
-0.0112766
0.0009355
-0.0265854
-0.0408475
-0.0589658
-0.0032158
0.003382
-0.010979
-0.0072414
0.001
-0.0143903
-0.041948
-0.0096079
-0.0078571
-0.0566668
-0.0143903
-0.067923
-0.0334782
-0.039505
-0.0092308
-0.008018
0.00038461
0.00392385
-0.0259712
0.00056603
0.00059665
-0.008018
0.00470816
-0.01
-0.0034529
-0.0024943
-0.0316666
-0.0277359
0.00170075
-0.0004339
-0.0082414
-0.0084049
-0.0151572
0.00290245
-0.0247826
-0.0089873
-0.0135294
0.00308285
-0.0207692
-0.0275
-0.0305405
-0.0268098
-0.020303
-0.0026279
-0.102111
0.00491836
-0.0068067
-0.0114082
-0.0387805
-0.0309836
-0.0137272
-0.0525
0.00073555
-0.0073913
-0.0022699
-0.0103046
0.00468965
-0.0114286
-0.0163158
-0.0067598
-0.107647
-0.0065746
-0.0117391
-0.0051515
-0.0445455
-0.0455556
-0.0270371
-0.021303
-0.0083486
-0.009802
-0.0138095
-0.0071429
-0.275714
0.00407389
-0.0045986
-0.0189855
-0.0025786
-0.0266973
-0.0189855
-0.0047059
-0.015641
-0.0280952
-0.0083486
-0.0164901
-0.0052857
-0.0294736
-0.0072414
-0.02125
-0.018027
-0.0154237
-0.0455555
-0.0225204
-0.019661
-0.0106186
0.00392385
-0.0074673
-0.0275
-0.0140385
-0.005873
-0.0614286
-0.0220513
-0.0050845
-0.0033333
-0.0021212
-0.0026279
-0.000929
-0.002931
-0.0075438
0.00205555
-0.006129
-0.0265854
0.00233335
-0.0061515
-0.0011732
-0.0163158
-0.191
0.0019078
-0.0631708
-0.037619
-0.0135294
0.00275
-0.0021951
0.00344445
-0.0036582
-0.0092308
-0.0068777
0.0029394
-0.0284615
-0.0130769
-0.0022699
0.00474468
-0.0124719
-0.0447945
-0.0003458
-0.001101
-0.0079641
-0.0068067
-0.041
-0.0232581
0.00463319
-0.0099005
-0.0072414
-0.017907
-0.00875
-0.0080995
0.0008699
-0.0160869
-0.036729
-0.0232581
-0.0185714
0.0011875
0.00392385
-0.0365116
0.004
-0.0043885
-0.0051515
0.00362365
0.00124805
0.001126
0.00038461
0.00263055
-0.0097045
-0.0098679
-0.0154778
0.00479832
0.0011875
0.00205555
-0.0108333
0.0048159
0.00389795
-0.04
-0.0243333
0.00409804
0.00402487
0.00321965
0.00478059
-0.0204118
-0.041
-0.0148095
-0.0147934
-0.171818
-0.0132222
-0.491
0.0044955
0.00498393
-0.0465555
-0.0082414
-0.0015263
0.00282715
0.0019078
-0.0085439
-0.0280371
-0.0173972
-0.0243333
-0.0062601
0.00447511
-0.0294615
-0.0143903
0.00414563
-0.0036582
0.00486777
-0.0007088
0.00495141
-0.0207692
0.00059665
-0.017027
-0.0007088
0.00164705
0.00416908
0.00030435
-0.491
0.00030435
-0.0041579
-0.0005263
-0.0088571
-0.0154237
-0.0233334
-0.0222581
-0.0391803
-0.0030482
0.003709
-0.0189855
0.00412195
-0.0007088
0.0015373
0.00030435
0.0003793
0.0026709
-0.101111
-0.0624285
0.00315205
0.0044955
-0.0118334
0.00419231
0.003709
0.00059665
-0.656666
-0.09
-0.02225
-0.0488235
0.00180575
0.0021507
0.00311765
-0.147895
-0.095263
-0.0086916
-0.656666
0.00457522
0.00030435
-0.991
0.0021973
-0.0173158
0.00290245
0.00384535
0.00428302
-0.0004339
0.00451569
-0.0146914
0.00486777
0.0037644
-0.0132558
0.0013077
-0.0076666
-0.0053846
0.00397485
-0.0386191
-0.0465555
-0.656666
-0.0127273
-0.014
-0.0196296
-0.0108334
0.00224325
0.00373685
0.004
-0.0041579
-0.0063846
-0.030404
-0.0076991
-0.015641
-0.0122222
-0.0279747
-0.991
-0.010202
-0.49
-0.0004339
-0.0092308
-0.39
0.0008699
-0.0190698
-0.0066667
-0.03
-0.0008039
-0.0025
-0.0071674
-0.0408475
-0.0047059
0.0022886
-0.0445455
-0.0426315
-0.0073913
-0.0129358
-0.0073934
-0.275714
-0.0036054
-0.0036054
-0.0244827
-0.0017647
-0.0240909
-0.005873
-0.0066667
-0.0002592
-0.0110526
-0.0177778
-0.005748
-0.107647
-0.0029048
-0.0077515
-0.0033333
-0.0073913
-0.0108334
-0.0334782
-0.04
0.00409804
0.0039495
-0.0037931
-0.0238983
-0.191
0.00286505
-0.0166666
-0.0047783
-0.0076991
-0.0284615
-0.003245
-0.0002592
-0.0088679
-0.0045135
-0.0275
-0.0047783
-0.0155102
-0.02125
-0.0361538
-0.0163158
-0.0233334
-0.0157511
-0.0054928
-0.015641
-0.0391803
-0.0228948
-0.0233334
-0.0123464
-0.0166666
-0.0331654
-0.0093549
-0.204286
0.00362365
0.00426067
-0.0210559
-1.99
-0.0248258
-0.0082649
-0.0123881
-0.0219149
-0.0151256
-0.126364
-0.0471428
-0.095263
-0.0195714
0.00457522
-0.0194118
-0.0001743
-0.0063934
-0.0238983
-0.0177778
-0.0455555
-0.020303
-0.0183688
-0.0044927
-0.0165487
-0.0365116
-0.0440541
-0.0120265
-0.0088571
-0.0222581
-0.028961
-0.015641
-0.0296039
-0.0092308
-0.0127273
-0.0284615
-0.0140964
-0.49
-0.0161438
0.00074076
-0.0040845
0.00195775
-0.035977
-0.0042857
-0.005544
-0.0130769
-0.0769565
-0.275714
-0.0316666
-0.0089873
-0.0084049
-0.0081818
-0.0180374
0.00325285
-0.0146914
-0.0047059
0.003709
-0.0091083
-0.143846
-0.0062601
-0.0037615
0.00470816
0.00496774
-0.126364
0.0037644
-0.0004339
-0.0114286
0.002007
0.00407389
-0.0092308
-0.0047783
0.00426067
-0.0312372
-0.0127273
-0.0447945
-0.005544
-0.0138095
-0.0293258
-0.0035135
-0.0095185
-0.0189855
-0.0038889
-0.002236
-0.022967
-0.0088679
-0.0053061
0.00024391
-0.0004712
-0.0132558
-0.02
-0.0334782
-0.019703
0.00476271
-0.0104082
-0.0054928
0.00022805
-0.02125
-0.0204118
-0.991
-0.0122222
-0.0005263
0.003012
0.00437037
0.003709
-0.0165487
-0.0112766
-0.0084332
-0.0308163
-0.0233334
-0.0471429
0.0034134
-0.020303
0.0025484
0.00468965
-0.011978
-0.0146914
0.0040495
-0.0035
-0.0238983
-0.0476923
-0.0218472
-0.044054
-0.0083486
-0.0170271
-0.0015607
-0.0106185
-0.0049254
-0.0112766
0.00447511
-0.0349438
-0.0545161
-0.0265854
-0.0003458
0.00392385
-0.05
-0.0090476
0.00069765
-0.0145901
-0.007129
-0.0343038
-0.007341
-0.0207692
-0.0002041
-0.0210078
-0.0455555
-0.0257143
0.00426067
-0.0769565
-0.656666
-0.0080723
-0.0022699
-0.0015607
-0.0344783
0.0029759
-0.0236135
-0.0106186
-0.0127273
-0.0344783
-0.0098676
-0.0084332
-0.01
-0.0031579
-0.0232581
0.00457522
-0.0308163
-0.0191262
-0.0053846
-0.0133645
-0.171818
-9e-06
-0.0006383
-0.0078572
-0.0092308
-0.036729
-0.0006952
-0.0257143
-0.0135294
0.0022886
-0.0013636
-0.028835
-0.001101
-0.0308163
-0.39
-0.0057059
-0.0252112
-0.0194118
-0.0233334
-0.0191667
-0.0538298
-0.0334782
-0.0093549
-0.0330108
-0.0187778
-0.031958
-0.0194118
-0.0260361
-0.0506061
-0.0057068
-0.0096079
-0.015
-0.0733334
-0.0097045
-0.0154237
-0.0267647
-0.0012041
0.0035652
-0.0238983
-0.0354546
-0.0019048
0.0034134
-0.011978
-0.0024224
-0.041
-0.0852383
-0.0035135
-0.022
-0.0161438
-0.0172109
-0.0060428
-0.0344445
-0.0733334
-0.0247222
-0.011978
0.00437037
-0.01
-0.0030435
-0.0038249
-0.0328571
-0.020303
0.0035652
-0.0325531
-0.0137272
-0.0215789
-0.0043541
0.00468965
-0.04
-0.053492
-0.0433334
-0.0129885
-0.132857
-0.0103046
-0.0074418
-0.0082927
-0.007094
0.00015045
-0.0386191
-0.0103046
-0.0038889
-0.0466038
-0.02125
-0.0086916
-0.09
-0.0092308
-0.0161438
-0.116
-0.0168456
-0.132857
-0.0035135
-0.015
-0.016087
-0.0138095
-0.0079491
-0.0476923
-0.008018
-0.013622
-0.005748
-0.0334782
-0.0027389
-0.0092308
-0.0769565
0.00491836
-0.123333
-0.241
-0.036875
-0.275714
-0.0061515
-0.0408475
-0.0347761
0.00195775
-0.0054928
-0.0386191
-0.0063934
-0.0325531
-0.041
0.0026709
0.00315205
0.00486777
-0.0114286
-0.0669231
-0.0050845
0.00073555
0.0035355
-0.0050845
0.0037644
-0.0292157
0.00483334
-0.0082414
-0.0624285
0.00164705
-0.0222581
0.0010635
-0.0204118
-0.011978
-0.0270371
0.00030435
-0.0132558
-0.0566666
-0.0137272
-9.09e-05
-0.0141936
0.00392385
-0.0143903
-0.006625
0.0025065
0.00290245
-0.0488235
0.0032857
-0.0041579
0.00419231
0.00290245
-0.0004339
-0.0033333
0.0011875
0.00275
0.0030476
0.00224325
-0.0127391
0.00059665
-0.0166666
-0.0185714
-0.0344783
0.00246405
-0.001989
-0.006625
0.0043917
0.002007
0.00468965
0.0015926
-0.0127273
-0.0125564
0.00368085
-0.0012041
-9e-06
-0.0111268
-0.0222581
0.00423809
0.00205555
-0.0063846
-0.016641
0.00286505
-0.009802
-0.0012041
-0.133857
-0.0029048
-0.011978
-0.0743335
0.00432711
0.00459471
0.00465218
0.00474468
-0.0043333
-0.0042857
-0.991
0.00467099
-0.0120588
-0.0060428
-0.0445455
-0.0007527
-0.0038889
-0.0021212
-0.0250878
-0.04
-0.0086916
-0.0080723
-0.0125564
-0.0689476
0.0008033
-0.0867743
-0.0257143
0.0029394
-0.212222
-0.0189855
-0.005
-0.0033333
-0.0173224
-0.0018696
-0.081909
-0.0233333
-0.018169
-0.0106186
-0.0122766
-0.0195714
-0.0135294
-0.0435714
-0.0138095
-0.101111
-0.0110084
-0.0225204
-0.095263
-0.0244828
-0.0077515
-0.0112766
0.001126
0.001126
0.00445454
-0.0114286
-0.0157732
-0.0007527
-0.0081818
0.00496774
-0.0545161
-0.0320168
-0.0002041
-0.0263637
-0.0153164
0.00384535
-0.0021111
-0.0210078
-0.0387805
-0.0205677
-0.0053061
0.0023775
-0.071081
-0.0042857
-0.0344444
-0.0165958
-0.03
-0.0175862
-0.656666
-0.011858
0.0021973
-0.0140385
-0.0228948
-0.017027
-0.006129
-0.0349438
-0.0044231
-0.0040845
-0.0104081
-0.0488235
0.0037644
-0.0092308
-0.0091818
-0.0292157
-0.005544
-0.0207692
-0.0180899
-0.006625
-0.015641
-0.0154778
-0.0218182
-0.0219149
-0.015974
0.003382
-0.0259712
-0.09
0.00152542
-0.0408475
-0.0028205
-0.0088679
-0.013622
-0.0204118
-0.0284615
-0.0172109
-0.0313793
-0.0455555
-0.0188461
-0.0506061
-0.0052284
-0.656666
-0.0038889
-0.0129885
-0.0227869
-0.0466038
-0.0189855
-0.0046342
-0.0250878
-0.015974
-0.0226087
0.0015373
-0.0038205
-0.0053061
-0.0287597
-0.0192397
-0.0365116
-0.0004167
-0.0257143
-0.0334782
-0.0525
-0.132857
-0.0163158
-0.03
-0.0226087
-0.0001523
-0.0096078
-1.99
-0.0090476
-0.0206123
-0.0053846
-0.133857
-0.0047783
-0.0102703
0.0011875
-0.0025
-0.0072414
-0.0185714
-0.0054639
0.00183672
-0.0468181
-0.0309836
-0.0194118
0.00082571
-0.0041579
-0.0316666
-0.157666
0.00397485
0.00414563
-0.0017527
-0.0250878
-0.0008696
-0.0016279
-0.0050376
-0.0194118
-0.0222581
-0.0002041
-0.0194118
0.0027888
-0.0138095
-0.041282
-0.0048889
-0.0078571
-0.0545161
-0.0312372
-0.0250878
-0.0201205
-0.143846
-0.0525
-0.002236
-0.0263636
-0.0004167
-0.0138095
-0.0183688
-0.0194118
-0.015641
-0.0700002
0.00066665
-0.0476923
-0.01
-0.0130414
-0.0036986
-0.0195858
-0.0125988
-0.0198508
-0.0097368
-0.005873
-0.0192397
0.00258975
0.00463319
-0.0194118
-0.0084332
-0.0177778
-0.0045631
-0.0083486
-0.024188
-0.0040845
-0.0038205
-0.0095122
-0.0008696
-0.0146914
-0.067923
-0.0465555
-0.0809093
-0.0199401
-0.0050376
-0.0104081
-0.0117391
-0.017972
-0.0235571
-0.0185714
-0.0244827
-0.0852383
-0.0205344
-0.0417241
-0.0205344
-0.0235571
-0.0120588
-0.0284615
-0.0157732
-0.0466038
-0.0053061
-0.02
-0.0261445
-0.0113904
-0.0083486
-0.0488235
-0.028168
-0.041282
-0.0260361
-0.126364
-0.0007527
-0.019703
-0.0095122
0.003012
-0.0284615
-0.0455555
-0.0614284
-0.0066667
-0.0002592
-0.0227869
-0.0277359
-0.107647
-0.0769565
-0.0184091
-0.0076991
-0.0094175
-0.0188461
0.0034134
-0.0015263
0.00059665
-0.0034228
-0.0094175
-0.00875
-0.0079641
-0.0597675
-0.0040845
-0.0476923
-0.0201205
-0.0235571
-0.0257143
-0.028168
-0.0266973
-0.007094
-0.0173158
-0.0224675
-0.0296825
-0.0471429
-0.0111865
-0.0293701
-0.0143903
-0.010979
-0.0614287
-0.0036582
0.00476271
-0.0021111
-0.0257143
0.0021507
0.0019078
0.00498393
-0.0082927
-0.0261446
0.00258975
-0.0210078
-0.0328571
-0.0238983
-0.0209734
0.0013664
-0.123333
-0.0365116
-0.0322535
-0.017972
-0.0173972
-0.0015607
-0.0545161
-9.09e-05
-0.0233333
-0.002236
-0.0060428
-0.015
-0.106279
-0.0242857
-0.116
-0.0390196
-0.0163158
-0.0042857
-0.0233333
-0.0132558
-0.0050753
-0.0163158
-0.01
-0.0260361
-0.0168456
-0.0063935
0.002007
-0.0060428
-0.0257143
-0.0054639
-0.0219149
-0.095263
-0.0426315
-0.0440541
-0.03
0.00384535
-0.015974
0.0033503
-0.0194118
-0.0003458
-0.0148756
-0.0018696
-0.0257143
-0.041282
-0.0160417
0.00242105
-0.0244827
-0.0102307
-0.0071429
-0.0177778
-0.0074418
-0.0207692
-0.0177778
-0.0129886
-0.0115054
-0.0426315
-0.0059575
-0.656666
-0.0133918
-0.0204118
-0.037619
-0.005625
0.00368085
-0.132857
0.00381865
-0.0233333
-0.0095185
0.0035946
-0.022
-0.0111268
-0.0524999
-0.0180899
0.00030435
-0.0250878
-0.0094175
-0.0035135
-0.0267143
-0.123333
-0.0092308
-0.0187778
-0.011
-0.0436315
-0.0316666
-0.0041579
0.00419231
-0.0236135
-0.0014286
-0.0132558
-0.0185714
-0.0344445
0.00483334
-0.0133918
-0.0029032
-0.035977
-0.011858
0.00180575
-0.156667
-0.021496
-0.019703
-0.0115054
-0.0180374
-0.0076991
-0.04
0.00455555
-0.0053846
-0.0233333
-0.0669231
-0.0465555
0.003709
-0.0159067
-0.0172727
-0.0175229
-0.0238983
-0.0041509
-0.0174725
-0.0180374
-0.0034529
0.00470816
-0.143846
-0.0138095
-0.001989
-0.0138095
-0.0197619
-0.0244827
-0.0334782
-0.0132558
0.00485062
-0.0129885
-0.0175862
0.0010635
-0.03
-0.0387805
-0.0279747
-0.0538298
0.00432711
-0.0096079
0.002007
-0.081909
-0.0035
-0.0081818
-0.0426316
-0.0175229
-0.0043333
-0.0048515
-0.0332099
-0.006129
-0.24
-0.0029048
-0.09
-0.0036986
-0.0140964
-0.39
-0.0008039
-0.0346428
0.00397485
0.00485062
-0.0391803
0.002007
-0.24
-0.0045135
-0.0057059
-0.0597676
-0.0008696
-0.0166666
-0.0045631
-0.0077515
-0.0189855
-0.0073913
0.00479832
-0.19
-0.0088679
-0.0344783
-0.0003458
0.0015373
-0.0077515
-0.0191667
-0.000929
-0.0023457
0.00472649
-0.0045631
-0.016
-0.0189018
-0.323334
-0.0843399
-0.0624285
-0.0194118
-0.0326667
-0.0163158
-0.0177778
-0.0093549
-0.016641
-0.005873
-0.0362963
-0.015974
-0.006873
-0.0014942
-0.0435714
-0.091
0.0008033
-0.0138095
-0.0061515
-0.0164901
-0.0166667
-0.006129
-0.0082414
-0.0177778
0.001126
-0.0322535
-0.0219149
-0.0488235
-0.0113904
-0.0312372
-0.0038889
0.00432711
-0.0316666
-0.0614286
-0.0132222
-0.019703
-0.0016383
0.00384535
-0.0354545
0.0032857
-0.0204118
-0.0512245
-0.0233334
-0.0170271
0.0005254
-0.0092308
-0.0145098
-0.0047059
-0.0334782
-0.0154237
-0.0050376
-0.0094175
-0.0043885
-0.0257143
-0.0082927
-0.0284615
-0.0325531
-0.0350451
-0.0135294
-0.02
0.00311765
-0.0101613
-0.0098679
0.0016318
-0.0354545
-0.275714
-0.0063044
-0.0127391
-0.0471429
0.00015045
-0.0122222
-0.0140964
-0.0122222
-0.0039535
-0.0222581
0.00468965
-0.018169
-0.017027
-0.0063044
0.0025065
-0.0733334
-0.0173972
-0.0173972
-0.0649999
0.00384535
-0.018169
-0.028835
-0.0308163
-0.0112766
-0.0769566
-0.0118334
-0.0292157
-0.0127273
-0.007094
-0.0206748
-0.0266973
0.00402487
-0.0181691
-0.0078571
-0.0095122
-0.008018
-0.0114082
-0.0426315
-0.010979
-0.0046986
0.00437037
-0.0809093
-0.0115054
-0.0082414
0.00461403
-0.275714
-0.006129
-0.0362963
-0.0257143
-0.0275
-0.0354546
0.00483334
-0.0115054
-0.39
-0.0026582
-0.0220513
-0.0328571
-0.123333
-0.0257143
-0.0079641
-0.0035
-0.0129358
-0.022
-0.0206123
-0.037619
-0.0294736
-0.0074418
-0.0028205
-0.0222581
-0.013952
-0.037619
-0.323334
-0.03
-0.0081818
-0.0033333
-0.017027
-0.0010497
-0.0436315
0.00479832
0.00180575
-0.001101
-0.0228948
-0.014
0.00407389
-0.0263636
-0.0069492
-0.0113904
-0.0354546
-0.01521
-0.0417241
-0.0006383
-0.0075438
-0.0198508
-0.0294615
-0.0139234
-0.0115054
-0.115
-0.0488235
-0.021303
0.00315205
-0.044054
-0.0208642
-0.0153165
-0.0138095
-0.02125
-0.0063846
-0.0123464
-0.0228948
0.00467099
-0.0035135
-0.0064835
-0.0172727
-0.0433334
-0.0214466
-0.0073913
0.00490164
-0.0078571
-0.0476923
-0.0506061
-0.0316666
-0.0183688
0.00315205
-0.0331654
0.00290245
-0.024632
0.0004306
0.00195775
-0.0079491
0.0017536
0.0034134
-0.0115827
-0.0275
-0.018027
-0.0188462
0.003382
-0.0117391
-0.0041509
-0.005873
-0.0328571
0.00246405
-0.0147934
-0.0088679
-0.0446448
0.004
-0.0201205
-0.0387805
-0.0177778
0.0036524
-0.0126244
-0.006129
-0.0116216
-0.0054928
-0.0102307
-0.0163158
-0.0531579
-0.0294615
0.00461403
-0.0372441
-0.046338
-0.0094175
-0.0208642
-0.0589658
-0.044054
-0.0436315
-0.017933
-0.0109424
-0.0088679
0.00282715
-0.0325531
-0.0159067
-0.49
-0.0809088
0.00142425
-0.0177778
-0.022
-0.0244828
-0.031
-0.0387805
-0.081909
-0.0284615
-0.0207692
-0.0063934
-0.0036986
-0.0007088
-0.0646268
-0.0066667
-0.0177778
-0.0265854
-0.0198508
-0.0276344
-0.0433334
0.00426067
-0.0019048
-0.0089873
0.0037644
-0.007129
0.00233335
-0.0154237
-0.0209734
-0.0257143
-0.0020482
0.00451569
0.0032857
-0.0263637
-0.016641
-0.0273832
-0.0733334
-0.0040845
-0.02125
-0.0354546
-0.0367836
-0.0545161
-0.0066667
-0.0057059
-0.101111
-0.071081
-0.107647
-0.0005263
-0.212222
-0.0080995
-0.0365116
-0.324334
-0.058182
-0.0044927
-0.0068777
-0.0131214
-0.03
-0.0047059
-0.0010497
-0.0238983
-0.0614285
0.0015926
-0.006625
-0.0072414
0.00491836
0.00047617
-0.0045135
0.000453
-0.0038889
-0.115
-0.0238983
-0.0127273
-0.156667
-0.0525
-0.0576665
-0.133857
-0.0294615
-0.0092308
-0.0207692
-0.0265854
-0.0096079
-0.0021212
-0.0066667
-0.036729
-0.0115054
-0.006873
-0.157666
-0.0183019
-0.006854
-0.0116216
-0.0354546
0.00015045
0.0009355
-0.0071429
-0.019703
-0.0219149
-0.058182
-0.0222581
-0.19
-0.0068067
-0.041282
-0.002931
-0.0264963
-0.0008039
-0.011978
-0.0106186
-0.0082414
-0.0185714
-0.0146306
-0.0194118
-0.0132558
0.0011875
-0.0631708
-0.0129008
-0.0091387
-0.0277359
-0.0232581
-0.011978
-0.008018
-0.046338
-0.0386191
-0.0073934
-0.037619
-0.03
-0.0003458
-0.0053846
-0.0067364
-0.03
-0.0044928
-0.0118334
-0.0166666
-0.02
-0.0133918
-0.0174725
-0.0025786
-0.0020482
0.00286505
-0.0358715
-0.0132222
-0.0108333
-0.0243333
0.0039495
0.0030476
-0.0062601
-0.0050845
-0.0177778
-0.0226087
-0.004218
-0.0347761
-0.0146914
-0.0153165
-0.0177778
-0.019703
-0.0050753
-0.015641
0.00066665
-0.0194118
-0.0158621
0.00397485
0.001126
-0.323334
-0.0733334
-0.016641
-0.11
-0.0222581
-0.0059253
-0.0142558
-0.0290625
-0.0222581
-0.0108333
-0.0027389
-0.0104081
-0.09
-0.0040845
-0.0436315
0.00485062
-0.0219149
-0.030404
-0.02125
-0.0110526
-0.0157732
-0.0341176
-0.0196296
0
-0.0040845
-0.0700002
-0.005873
-0.157666
-0.0084332
-0.0164901
-0.007129
-0.0316666
-0.0305405
-0.0326667
-0.0189855
-0.0455556
-0.156667
-0.0266973
-0.0344445
0.00423809
-0.015
0.00015045
-0.0091818
-0.0488236
-0.0261446
0.00488477
-0.044054
-0.0060428
-0.0135294
0.00402487
-0.0082927
0.00483334
-0.0321687
-0.0011732
-0.0263637
-0.0308164
-0.0062601
-0.0008039
0.00224325
-0.0094175
-0.0098676
-0.006129
-0.0066667
-0.0098676
-0.0342478
-0.0092308
-0.0406329
-0.132857
-0.0455556
-0.0233333
-0.126364
-0.0079491
-0.0330108
-0.0130769
-0.0492592
-0.0143902
-0.0138095
-0.0034228
-0.0219149
-0.021579
-0.0194118
-0.0108334
-0.022
0.001
-0.0013093
-0.0159067
0.00210345
-0.013622
-0.0227869
-0.012831
-0.022967
-0.0060428
-0.0334782
-0.024188
-0.013622
-0.0861538
-0.0233334
-0.0112766
0.00205555
-0.017027
-9e-06
-0.0238983
-0.0210078
-0.0047059
-0.0028755
-0.0063935
-0.0177778
-0.0062162
-0.010979
-0.0153902
-0.0344445
-0.0350451
-0.0173972
0.00282715
-0.0185714
0.0001961
-0.0230578
-0.0232581
-0.0280371
-0.014
-0.0122222
-0.0669231
-0.0681252
-0.022
-0.0042857
-0.39
0.00384535
-0.0129008
-0.0189855
-0.107647
-0.0488236
-0.0077515
-0.0028205
-0.0151572
0.0003793
-0.0143903
-0.013622
-0.0090476
-0.0045135
-0.0172727
-0.0036986
-0.0305405
0.00205555
-0.0069491
-0.007094
-0.0471428
-0.0072414
-0.0104081
-0.132857
0.0035355
-0.0226087
-0.0167858
-0.0057068
-5.03e-05
-0.021746
-0.0280371
-0.0166666
0.00118942
-0.091
-0.0008039
-0.0078572
-0.0163158
-0.0151572
0.0010635
-0.024188
-0.0085185
-0.0291061
-0.0581818
-0.0060428
-0.0098679
-0.0120265
-0.0305405
0.002007
-0.0096079
-0.0045135
-0.0012041
-0.49
-0.028168
-0.006129
-0.0166666
-0.0163158
-0.0334782
-0.0067364
-0.0075439
0.00022805
-0.0158065
-0.0163158
-0.011978
-0.0525
0.00170075
-0.0055039
-0.0072414
0.00397485
-0.017027
-0.0248837
-0.0124719
-0.0050845
0.00073555
-0.241
-0.143846
-0.0038205
-0.0063044
-0.044054
-0.005748
-0.0066667
-0.0027647
-0.035977
-0.021746
-0.0105479
-0.0669231
0.00468965
-0.0152525
-0.0043885
-0.0146914
0.00470816
-0.0252941
-0.0244827
0.00124805
-0.0057068
-0.0063044
-0.0033333
-0.0127273
-0.021746
-0.0809093
0.00468965
-0.0120588
0.00459471
-0.0040845
0.00414563
-0.323334
-0.015
-0.0224675
-0.0231492
-0.0018343
-0.001236
-0.0180899
0.00379165
-0.0043333
-0.0334782
0.0021973
-0.0325532
-0.007129
-0.0107254
-0.0244828
-0.11
-0.0105479
-0.0031579
0.00445454
-0.0072414
0.0017536
0.00142425
-0.0238983
-0.006129
-0.001101
-0.0365116
-0.0219149
-0.02
-0.0344444
-0.092564
-0.0167858
-0.0038205
-0.006625
-0.01
-0.09
-0.0036986
-0.0071429
0.0013664
-0.0145398
-0.171818
-0.09
-0.0132558
-0.0769565
-0.0132558
0.00478059
-0.006854
-0.0045986
-0.0325532
-0.0262319
-0.0007088
-0.0036986
-0.0096078
-0.0027389
-0.24
-0.044945
0.00443379
-0.0316666
-0.0194118
-0.275714
-0.031
-0.0386191
0.0013664
-0.0238983
-0.0268421
-0.0471429
0.00347515
-0.0044231
-0.018777
-0.0280952
-0.115
-0.0134375
-0.0325532
-0.0809093
0.00483334
-0.0640739
-0.0081818
-0.0305405
-0.0073913
-0.0220513
0.00430517
-0.0042857
-0.0194118
-0.017027
-0.0105762
-0.0028205
-0.0237078
-0.0114286
-0.020303
-0.0488235
-0.275714
-0.39
-0.0308163
-0.0347761
-0.006854
-0.0140964
-0.0086335
-0.0092308
-0.0700002
-0.028674
0.0039495
-0.0354546
-0.0093549
-0.0205344
-0.0116216
-0.00875
-0.115
0.00419231
-0.0025
0.003709
-0.0047059
-0.0294736
-0.0043541
0.00347515
-0.036875
0.00205555
-0.09
-0.0624285
0.00233335
0.0026709
0.0014812
-0.0092308
-0.0227103
-0.0142424
-0.0059253
-0.0106186
-0.0325532
-0.0102307
-0.0195858
-0.0097045
-0.0365116
-0.0344445
-0.0322535
-0.0196296
-0.0284615
-0.019197
-0.0325531
-0.0189018
-0.03
-0.0292157
-0.0063934
-0.04
-0.0138095
-0.016
-0.0030719
-0.0743335
-0.0027647
0.00069765
-0.0002564
-0.0488235
-0.0275
-0.018027
-0.0017527
-0.0076666
-0.0129885
0.0048159
0.0032857
-0.0076471
-0.0116216
-0.0237078
-0.0046342
-0.0114082
0.00465218
-0.0426315
-0.046338
-0.107647
-0.0143903
-0.0524999
-0.0026279
-0.0252941
-0.0247826
0.0025484
-0.0188461
-0.04
-0.0248837
0.00459471
-0.0020482
-0.0063934
-0.0033928
-0.009802
-0.0227869
-0.0131214
-0.0132558
-0.656666
-0.0068067
0.0015373
-0.005748
-0.0088679
-0.0114286
0.00073555
-0.0070455
-0.0306977
-0.0270371
0.00455555
-0.0067364
-0.0365116
-0.204286
-0.0096078
0.0035652
-0.0348718
-0.0163158
-0.0237078
-0.0199401
-0.0224324
0.00379165
-0.047971
-0.0188462
-0.0440541
-0.107647
-0.323334
-0.0114286
-0.0073913
-0.0640739
-0.0173972
-0.0257143
-0.0247826
-0.0189855
-0.0270371
0.00467099
-0.0172727
-0.0280952
-0.0471429
-0.011164
-0.0273134
0.00022805
-0.0313793
-0.0088679
0.00373685
-0.0260361
0.00344445
-0.0125988
-0.008018
-0.0769565
-0.0158621
-0.0233334
-0.123333
0.00457522
-0.0079491
-0.030404
-0.018777
0.0009355
-0.02225
-0.0466038
-0.09
-0.0270371
-0.0145901
-0.0157732
-0.0233334
-0.0153165
-0.212222
-0.0063934
-0.0649999
-0.0022449
-0.0194118
-0.0238983
0.003012
-0.0055039
-0.0360527
0.0014812
-0.020303
-0.0204878
-0.01521
-0.132857
-0.0209278
-0.0365116
-0.041282
-0.0059575
-0.0083486
-0.0391803
-0.143846
-0.0021951
-0.0068067
-0.0136967
-0.01
-0.0114286
-0.0102703
-0.0183688
-0.03
-0.0030435
-0.0185714
-0.0326667
-0.0118341
-0.0173972
0.0021973
-0.0095185
-0.0182485
-0.0105479
0.0029759
-0.038
-0.0175862
-0.0238983
0.00441285
-0.123333
-0.0066667
0.00463319
-0.0233333
-0.0003458
-0.0466038
-0.0045631
-0.041
-0.0005238
-0.115
-0.09
0.00368085
0.00059665
-0.0030482
-0.0007527
-0.0538298
-0.015
-0.0191262
-0.008018
-0.0081818
-0.0098676
-0.0237078
-0.0034228
-0.991
0.0035946
-0.0138095
0.00205555
-0.0185714
-0.0076991
-0.0093549
-0.0263637
-0.0063935
-0.0177778
-0.006854
-0.0455555
-0.04
-0.0082649
0.00463319
-0.0095185
0.0026709
-0.0007088
-0.017027
0.00205555
-0.0192397
-0.013622
0.00311765
-0.0393828
-0.0177778
-0.0222581
-0.0204118
-0.156667
-0.0014166
-0.0198507
-0.0506061
-0.0364546
-0.0008039
0.00308285
-0.115
-0.0614287
-0.0104082
-0.0073913
-0.0225204
-0.0131214
-0.123333
-0.016641
-0.006873
-0.0367836
-0.0096078
-0.03
-0.007094
-0.0525
-0.132857
-0.0230578
-0.0041509
0.00409804
-0.0122222
0.00246405
-0.037619
-0.0488235
0.00443379
0.00282715
0.00290245
-0.0006154
-0.044054
-0.0535
-9.09e-05
-0.095263
-0.0809093
0.0033182
-0.0114082
0.00461403
-0.0076666
0.00368085
0.00457522
0.00407389
-0.0576665
-0.0386191
0.0009355
-0.0007088
-0.0852383
-0.0142558
-0.021746
0.003012
0.00318605
0.00455555
-0.006873
-0.0325531
-0.0017647
-0.0035135
-0.013622
0.00441285
0.00282715
0.00015045
-0.0003458
-0.01
-0.123333
0.00493496
-0.0088571
-0.0153902
-0.0033333
0.00282715
-0.0118978
0.0014812
-0.0063846
-0.0148095
-0.0031951
-0.0364546
-0.0059253
-0.0204118
-0.0277359
-0.0003458
-0.0129885
0.0043917
-0.003987
-0.0177778
-0.0146914
0.00325285
-0.0614285
0.0025065
0.003709
-0.324334
-0.0127273
-0.0055039
-0.0050845
0.00459471
0.00321965
-0.0243333
-0.041
-0.102111
0.00467099
-0.0046986
0.0015373
-0.0029048
-0.0063934
-0.0041579
-0.018169
-0.0132558
0.00290245
0.0015373
-0.018169
-0.0104082
-0.0006154
-0.0004339
-0.0118334
-0.0092308
0.003382
-0.212222
0.00347515
-0.0220513
-0.0455556
-0.0118334
-0.0465555
-0.0194118
0.00467099
-0.0308163
-0.011858
-0.0250877
0.0025065
-0.0566666
0.00275
-0.0019048
-0.016738
-0.0054639
-0.0328571
-0.0292157
-0.021579
-0.0166667
0.00490164
-0.105385
0.00465218
-0.0277359
-0.0143903
-0.0065289
-0.0161438
-0.0044231
-0.0180374
-0.0053061
0.00486777
-0.0044927
0.00180575
-0.171818
-0.0080995
-0.0091387
-0.0065289
-0.0123214
-0.0669231
-0.0104081
-0.0088679
-0.0118334
-0.0027647
0.00472649
-0.0042857
0.00467099
-0.39
-0.0226798
-0.0069492
-0.0455555
-0.010979
-0.0180374
0.0036524
-0.0078571
-0.025461
-0.0153164
-0.0043541
-0.018777
-0.0114286
0.00414563
-0.0005263
-0.016
-0.0498235
-0.0136686
-0.0733334
-0.0325532
-0.0077515
-0.0172109
-0.0566666
-0.017523
-0.0118978
-0.0122222
-0.0408475
-0.0042857
-0.0054928
-0.0254828
-0.262727
-0.0194118
-0.022
-0.0030435
-0.0243333
-0.0468181
-0.0488235
0.00373685
-0.0095185
-0.0305405
-0.0185714
-0.0090476
-0.0020482
-0.0166666
-0.0004339
-0.0172109
-0.000901
-0.008018
-0.0071429
-0.0153165
0.00412195
-0.0240136
-0.0302684
-0.0177778
-0.09
-0.0344783
-0.0328571
-0.020303
-0.0426315
-0.0098676
-0.212222
-0.0654719
0.0044955
-0.105385
-0.016178
-0.0083486
-0.0294736
0.00455555
-0.0066667
0.00379165
-0.0023636
-0.0219149
-0.0237838
-0.0147934
0.00465218
-0.0226798
0.0015373
-0.015532
0.00124805
-0.0163158
-0.132857
-0.024188
-0.0093549
-0.015974
-0.0088679
-0.0173972
-0.01521
-0.0102703
0.00476271
-0.0145398
-0.016
0.00086759
-0.0257143
-0.0050753
-0.012831
-9.09e-05
-0.015974
-0.0222581
-0.0135849
-0.0008108
-0.0181691
-0.0111268
0.0017536
-0.0227869
-0.09
-0.0092308
-0.0028205
-0.0344783
-0.156667
-0.0004712
-0.008018
0.00069765
-0.0252941
0.00451569
0.00455555
-0.014
-0.0123214
-0.0136967
-0.0206748
-0.0328571
-0.0733334
-0.0081818
-0.001101
0.0003793
-0.0334782
0.00470816
-0.0512245
-0.0112766
-0.0124719
-0.0096078
-0.0253982
-0.0065289
0.00474468
-0.0129885
-0.0147934
-0.0112766
-0.0230189
-0.0177778
-0.0237078
-0.0163158
-0.0123464
-0.0042857
-0.0075439
-0.0005238
-0.0083486
-0.0079491
-0.0108334
-0.005
-0.0025
-0.0361538
-0.0280371
-0.0108334
0.0033503
-0.020303
-0.0152525
-0.0079372
-0.0017647
0.0005254
-0.01
-0.002987
-0.0263637
-0.0093549
-0.02125
-0.0733334
-0.0589658
-0.0354546
-0.0248258
-0.0233334
0.0023775
-0.0177778
-0.0076991
-0.0313223
-0.0098676
-0.0237078
-0.0196296
-0.005544
-0.0743335
-0.0126244
-0.0037931
-0.0525
-0.0085185
-0.0035747
-0.024965
-0.021746
-0.0088571
-0.0733334
-0.0063934
0.00368085
-0.037619
0.00321965
-0.0809093
-0.0081818
0.00478059
-0.0059253
0.00224325
-0.0597676
-0.0038249
-0.0123464
-0.0120588
-0.0328571
-0.0033457
-0.09
0.0021973
-0.0064835
0.00437037
-0.022967
-0.0008696
-0.0123881
-0.0125225
-0.0112766
-0.020303
-0.010979
-0.0134742
-0.0108333
0.0008699
-0.0153165
0.0013664
-0.0153165
-0.0142558
-0.04
-0.0237078
-0.24
-0.0033457
-0.0512245
-0.006854
-0.0097368
-0.017523
-0.0036986
-0.0136967
-0.0029048
-0.0098676
-0.0279147
-0.0175862
-0.03
-0.0118978
-0.0128571
-0.016178
-0.0005263
-0.0044231
-0.0334782
-0.0052284
-0.0254828
-0.04
-0.0187778
-0.0082414
-0.0165958
-0.092564
-0.0383871
-0.0039535
-0.0614285
-0.0206123
-0.0038249
-0.0138095
-0.0440541
-0.009802
-0.015
-0.010202
-0.015
-0.0063934
-0.0251759
-0.0172109
-0.0052284
-0.0700002
-0.24
-0.0426315
-0.0096078
-0.0177778
-0.0071429
-0.0233333
-0.0081818
0.00432711
-0.0376191
-0.0361538
-0.212222
-0.041282
-0.0106186
-0.0026279
9.903e-05
-0.016
-0.0173972
-0.0194118
-0.0365116
-0.0023967
-0.171818
-0.0066667
-0.0098676
-0.0153164
-0.006873
-0.0081818
-0.09
-0.0057895
-0.0188461
-0.010979
-0.0052672
-0.013952
-0.0120588
-0.04
-0.0175862
-0.02
-0.0082649
-0.0111268
-0.0072414
-0.017027
-0.017523
-0.0036582
-0.0129885
-0.006129
-0.02125
-0.0051515
-0.0270371
0.00495141
-0.0524999
-0.0141936
-0.0769565
-0.0247826
0.00142425
-0.0247826
0.00282715
-0.0233334
-0.0104081
-0.0242857
-0.0023636
-0.0062601
-0.047971
-0.0096078
0.00074076
-0.024965
-0.0123881
-0.0411363
-0.000989
-0.0027647
-0.0059253
-0.006129
-0.010202
0.003382
0.0011875
0.000453
-0.006
-0.0498235
-0.0091818
-0.0023636
-0.0008039
-0.0043333
-0.0153165
-0.157666
0.00362365
0.00275
0.00445454
0.00465218
0.00290245
-0.007129
0.0014812
-0.011978
-0.0243333
0.00368085
-0.0029048
0.00478059
0.0003793
-0.021303
-0.0624285
-0.0185714
0.00495141
0.00233335
-0.000901
0.0027107
-0.0096079
-0.0118334
-0.0232581
0.00347515
-0.0036986
0.0033503
-0.003986
0.0033503
0.0009355
-0.0083486
-0.0204118
0.00185715
-0.0033457
0.0022886
0.0025484
-0.0018696
-0.09
-0.001101
-0.0488235
0.0035652
-0.157666
-0.0043333
-0.0270371
-0.0084049
0.0026709
0.00437037
-0.006873
0.000453
-0.0124719
-0.0043333
0.0039495
-0.39
-0.0498235
-0.0123464
-0.0277359
-0.0068067
-0.0132558
-0.0131214
-0.0250878
-0.0244827
-0.036729
-0.017027
-0.0468181
-0.0244827
-0.001989
-0.0852383
-0.011164
-0.0733334
-0.0110526
-0.0422388
-0.0199401
0.0029759
-0.0538298
-0.0194118
-0.0012994
-0.191
-0.0185714
-0.0226087
-0.0081818
0.00392385
-0.0038889
-0.0248837
-0.0228948
-0.0321052
-0.010202
-0.003987
-0.015641
0.0010635
-0.027234
-0.0118978
-0.0236135
-0.018027
-0.0053846
-0.037619
-0.0001523
0.0022886
0.0033182
-0.0120994
-0.0024224
-0.0195858
-0.015641
-0.075714
-0.0153902
-0.0488235
-0.0018696
-0.010979
0.00205555
-0.0408475
-0.011
-0.02
-0.020303
0.00441285
-0.0046986
-0.0192397
-0.191
0.0008033
-0.0184091
-0.275714
-0.0118334
-0.0240136
-0.0198507
-0.0005263
-0.0154237
-0.107647
-0.007129
-0.132857
-0.0589658
-0.0094175
-0.0147934
-0.0426315
-0.0108334
-0.0113904
-0.0566666
-0.0443478
-0.0045631
-0.0075438
-0.0296039
-0.212222
-0.0204118
-0.0525
-0.0296039
-0.0080995
-0.015974
-0.0045986
-0.0053846
-0.00875
-0.0145901
-0.0036054
-0.002987
-0.0669231
-0.0204118
-0.036875
-0.0316666
-0.0172727
-0.0260361
-0.0191262
-0.0435714
-0.0261446
-0.021746
-0.0041579
-0.0191262
-0.0062162
-0.010202
-0.132857
-0.0204878
-0.101111
0.00205555
-0.0405051
-0.097143
-0.143846
-0.0102703
0.00233335
-0.0182485
0.0034134
0.0035055
-0.0614287
-0.0230578
-0.000989
0.00263055
-0.0280371
-0.004218
-0.0135294
-0.0238983
-0.0004167
-0.0566666
-0.0328571
-0.0349438
-0.656666
-0.0088679
-0.0105479
0.00498393
0.00282715
-0.102111
0.00056603
-0.0305405
-0.013622
-0.019197
0.00195775
-0.0111268
-0.0386191
0.00443379
0.00457522
-0.0215789
0.00347515
-0.02125
-0.101111
-0.028168
-0.0837502
-0.0354546
-0.0119298
-0.028835
-0.0332099
-0.04
-0.003245
-0.097143
0.00373685
-0.015641
-0.024188
0.00073555
-0.0098676
-0.0069491
-0.0198508
-0.0090476
-0.0649999
-0.107647
-0.0252941
-0.0138095
-0.021088
-0.0088679
-0.035977
-0.0206123
-0.0219149
-0.0062162
-0.0219149
0.00344445
0.00451569
-0.0097045
-0.0130769
-0.0118978
-0.0224675
-0.0006952
-0.0294736
-0.0110526
0.00470816
-0.020303
-0.0153164
-0.0163158
-0.0069492
-0.0059253
-0.0129008
-0.0257143
-0.0022699
-0.0166666
-0.0129008
-0.0426315
-0.0057895
-0.0138095
0.0008033
-0.0023457
-0.0072414
-0.0189855
-0.0122222
0.00022805
-0.0094175
-0.0243138
-0.0134375
-0.0091083
0.00472649
-0.0101342
-0.132857
-0.005625
-0.0050376
0.00495141
-0.0187357
-0.0132222
-0.0247826
-0.0048148
-0.0112766
-0.015974
-0.0455556
-0.0062601
-0.0115827
-0.0026582
0.0035652
-0.0426315
-0.0248258
-0.0044231
-0.0152525
-0.015
-0.0450459
-0.0143903
-0.0028205
-0.0669231
-0.0003458
0.00491836
-0.0039535
-0.0086335
-0.0043885
0.0026709
0.0032857
-0.0197619
-0.0074418
-0.0257143
-0.0436315
-0.021579
-0.115
-0.24
-0.037619
-0.006
0.0040495
-0.020303
-0.002987
-0.0071674
-0.0614285
-0.0545161
-0.0070455
-0.0387805
0.00491836
-0.0455556
-0.0365116
0.00246405
-0.0040187
-0.067923
-0.0157732
-0.323334
-0.0145901
-0.0365116
-0.0121239
-0.0102703
-0.0242857
-0.0074418
-0.0131214
-0.0002041
-0.0153165
0.00030435
-0.0361538
-0.005873
0.00142425
-0.0158065
0.0039495
-0.0200429
-0.0238983
-0.011978
-0.0244828
0.00409804
-0.020303
0.00412195
-0.0291061
0.0015373
-0.020303
0.00152542
-0.0267143
-0.0349438
-0.0640739
0.0033182
-0.0265854
-0.0426315
-0.015641
-0.0129885
-0.0282166
-0.017027
-1.99
-0.0173158
-0.0207692
-0.0190456
-0.010202
-0.0488235
-0.0244827
-0.0112766
-0.0204118
0.00069765
-0.0122222
-0.0248837
-0.0408475
-0.0086916
-0.0015607
-0.018027
-0.0127391
0.0008033
-0.0158621
-0.0132558
-0.0471429
-0.0068067
-0.016
0.0032857
-0.011
-0.0028205
0.00325285
-0.013952
-0.0010497
0.0029759
-0.143846
-0.0135294
-0.014
-0.0164901
0.00498393
-0.0031951
-0.015
-0.0099005
-0.0131214
-0.0146914
-0.0201205
-0.0054928
-0.020303
-0.020303
0.00381865
-0.0084332
-0.0081818
-0.0182485
-0.0189855
-0.000989
-0.017027
-0.021579
-0.0063935
0.00038461
-0.021579
-0.005
-0.0177778
-0.0146914
-0.0020482
-0.0047059
-0.0072414
-0.005748
-0.0309836
-0.0025
-0.0225204
-0.0072414
-0.0154778
-0.021746
0.00491836
0.0048159
0.00490164
-0.0252941
-0.0123214
-0.018027
-0.0051515
-0.0238164
-0.07
-0.0277359
-0.011978
-0.0316666
-0.0426315
-0.017174
0.0021507
-0.011978
-0.0640739
-0.02125
-0.0145098
-0.0120994
0.00242105
-0.19
-0.0049254
-0.24
0.00486777
-0.0277359
-0.0130769
-0.0068067
-0.0152525
-0.008018
-0.0614285
-0.0026582
-0.009802
-0.0040845
0.00321965
0.0027888
-0.081909
-0.0106185
-0.0689476
-0.0198507
-0.0334782
-0.0566668
-0.0021212
-0.0166666
0.0044955
-0.0120994
-0.0124719
-0.0097368
-0.037619
-0.0132222
-0.0135294
-0.0090476
-0.0241463
-0.0341176
-0.0387805
-0.0102703
-0.0436315
-0.0127273
0.00065419
-0.0347761
-0.0086047
-0.0308163
-0.028961
-0.0110526
-0.0015607
-0.018169
-0.0117391
-0.0326667
-0.0576665
-0.0183019
-0.991
0.00434884
-0.0589658
-0.0250877
-0.0081818
-0.041282
-0.0435714
-0.015641
-0.0471429
-0.0085185
7.145e-05
-0.143846
-0.0006383
-0.107647
-0.017523
0.00465218
-0.01521
-0.0185714
-0.005748
0.003382
-0.0134375
-0.0220855
-0.0185714
0.00258975
-0.0141936
-0.006
0.00443379
0.00416908
-0.0465555
-0.0700002
-0.0032158
-0.0033457
-0.0063044
-0.0189855
-0.018777
-0.0129886
-0.0206748
-0.0071429
-0.071081
-0.02125
-0.007341
-0.000929
-0.016178
-0.0183688
-0.0293701
-0.0094175
-0.0280371
-0.01521
-0.0091083
0.0025484
-0.0094175
-0.0047059
-0.0025
-0.0086047
-0.0031951
-0.0031951
-0.0011732
-0.0117391
-0.0312372
0.00258975
-0.0316666
-0.0021951
-0.0166666
-0.0106186
-0.0130769
-0.0098679
-0.0646268
-0.01
-0.0092308
-0.006
-0.0110526
-0.006129
-0.0733334
-0.171818
-0.0238983
-0.171818
-0.016738
-0.0354546
-0.0127273
-0.0325531
-0.0265854
-0.0284615
-0.02
0.00263055
-0.0238164
-0.0086335
-0.013622
-0.010979
-0.0124215
-0.0030435
-0.0028205
-0.0041509
-0.0163158
-0.005544
0.00126639
-0.0052284
-0.005748
-0.0437635
-0.0122766
0.0026709
-0.0185714
-0.0057895
-0.0195359
-0.0165487
-0.0222581
-0.0237078
-0.0476923
-0.0073913
-0.0158621
-0.0098679
-0.0086916
0.00210345
-0.02
-0.0095122
-0.0278788
0.00498393
-0.0109424
-0.016
-0.015
-0.0275
-0.0002564
-0.0124719
-0.001236
-0.021496
-0.0279747
-0.01
-0.0071429
-0.017523
-0.0233333
-0.0164551
0.0035652
-0.0013636
-0.0173972
-0.0344445
-0.0381928
-0.0036582
9.903e-05
-0.0117391
-0.0069492
-0.0284615
-0.0284615
-0.0068067
-0.046338
-0.0136686
-0.0021951
-0.0066667
-0.0048515
-0.05
-0.0192397
-0.0782353
-1.99
-0.0106896
-0.021579
-0.0046986
0.00344445
-0.0101342
-0.0270371
0.00321965
-0.0130769
-0.0109205
-0.0106078
-0.0024224
-1.99
-9.09e-05
-0.0006154
-0.0135294
-0.011858
-0.0004167
-0.0038205
-0.0267647
-0.0102703
-0.03
0.00318605
-0.0035135
-0.0118978
-0.037619
-0.0054639
-0.0039535
-0.133857
-0.0535
-0.0233333
-0.0354545
-0.0261446
-0.030404
-0.0322535
-0.0222581
-0.0248837
-0.0038249
-0.010979
-0.0013636
-0.39
-0.011164
-0.24
0.00242105
-0.02
-0.0062601
-0.0220855
-0.0075438
-0.0129008
-0.0120588
-0.0127272
-0.0057059
-0.0087793
-0.0041509
0.00409804
-0.036729
-0.09
-0.0124215
-0.0252941
-0.0168456
-0.0354546
0.00479832
-0.0233333
-0.001989
-0.022967
-0.0030435
-0.656666
-0.0233334
-0.0091387
-0.0092308
0.0023775
-0.0091387
-0.0106186
-0.0160869
-0.0133645
-0.011858
-0.0270371
-0.0138095
-0.021496
-0.0016959
-0.015974
-0.0192397
-0.008018
-0.0372441
-0.0185714
-0.037619
-0.0108334
0.0044955
-0.018169
0.00164705
-0.0045135
0.0035355
-0.0158621
-0.0351128
0.00347515
-0.0141936
-0.0092308
-0.005625
-0.005873
-0.0344445
-0.0084049
0.00437037
-0.0222581
-0.0128571
-0.0028205
-0.035977
-0.0267143
-0.0063044
-0.0135294
-0.0032743
0.00033816
-0.0130414
0.00478059
0.0037644
-0.0238983
-0.0252941
-0.107647
-0.037619
-0.015
-0.0132222
-0.0110526
0.00455555
-0.0047059
-0.0118978
-0.0025
-0.0284615
0.003709
-0.0064835
-0.0158065
-0.0152101
-0.0177778
-0.0173972
-0.005544
-0.0112766
-0.0104081
-0.036875
0.00419231
-0.0017527
0.0026709
-0.0046986
-0.0524999
-0.0809093
-0.656666
0.00118942
-0.324334
-0.0114082
-0.0094175
-0.0129885
-0.0334782
-0.0127273
-0.0030435
-0.0125225
-0.156667
-0.0114286
-0.0566666
-0.39
0.00152542
0.00451569
0.0027888
-0.0194118
-0.0125988
-0.0047059
-0.016
-0.0263637
0.00170075
-0.0083486
-0.0108334
-0.0145901
-0.0131214
-0.0051515
-0.0096079
-0.0110526
-0.0118334
-0.03
0.00457522
-0.0122222
-0.0200429
-0.020303
-0.0024224
-0.0512245
-0.0036582
-0.0465555
-0.0393828
0.0008699
-0.0195714
-0.0426316
-0.0194118
0.00455555
-0.0089873
-0.0006952
-0.014
-0.0073934
-0.0163158
-0.0243333
-0.0048889
0.003012
-0.0044928
-0.0163158
-0.0640739
-0.021746
-0.041948
-0.0134375
-0.0112766
-0.0165487
-0.0631708
-0.015974
-0.0103046
-0.0001743
-0.0476923
-0.0265854
-0.0334782
-0.0296825
-0.0875608
-0.132857
-0.0113904
-0.0027389
-0.0250878
-0.081909
-0.0506061
-0.0018696
-0.0012041
-0.0030719
-0.0153164
-0.0488235
-0.0365116
-0.03
-0.324334
-0.0012994
-0.0322535
0.00164705
-0.0062162
-0.0025
-0.0053846
0.00468965
-0.0240909
-0.0189018
-0.005873
-0.012831
-0.0123881
-0.0362963
-0.01521
-0.0124215
9.903e-05
-0.0146914
-0.015641
-0.0025786
-0.104286
-0.0078571
-0.0316667
-0.005873
-0.0426315
-0.0237078
-0.02225
-0.0043885
-0.0101006
0.0011875
-0.0148756
-0.0021111
-0.0094175
-0.041282
-0.01
-0.031
0.00156116
-0.39
-0.0002041
-0.0014286
-0.0097045
-0.0140964
-0.0852383
0.00463319
0.0027888
-0.0277359
-0.0220855
-0.0055039
-0.0048889
-0.0557894
-0.0089873
-0.0254828
-0.0614287
-0.0084332
-0.0419481
-0.0225204
-0.0173972
-0.0048148
-0.0050376
0.004
-0.007129
-0.007129
0.00286505
-0.115
-0.0075439
-0.0240909
-0.0293701
-0.016
-0.0198508
-0.000929
-0.0108333
-0.0048889
-0.0589654
-0.0118334
-0.0194118
-0.0631708
-0.0091083
-0.0027389
-0.0194118
0.00170075
-0.0059575
-0.0270371
-0.0545161
-0.0733334
-0.0124719
-0.0103046
-0.02
-0.021746
-0.0073913
-0.0124719
-0.0043333
-0.003245
-0.0445455
0.001
-0.0252941
-0.021746
-0.013622
-0.0163158
-0.0183688
-0.0003093
-0.0140964
-0.037619
-0.0066667
-0.022
-0.0153902
-0.015641
-0.0065746
0.00495141
-0.0265854
-0.0538298
-0.015974
-0.0421739
-0.491
-0.0349439
-0.0131214
-0.0194118
-0.212222
-0.015641
-0.0078571
-0.156667
-0.0226087
-0.102111
-0.0310959
-0.0035
-0.0110526
-0.0143903
-0.24
-0.0138095
-0.0163158
0.00246405
-0.0034529
-0.0545161
-0.0114082
-0.015
-0.0733334
-0.0131214
0.00490164
-0.018169
-0.013622
-0.0053846
-0.0284615
-0.24
-0.0018696
-0.018169
-0.016
-0.0046986
-0.0014942
-0.0044231
-0.102111
-0.0105128
-0.016641
-0.0334783
-0.0132558
-0.041282
-0.0048148
-0.0268098
-0.01
-0.241
-0.0138095
-0.031958
-0.0395868
-0.0224075
-0.009802
-0.015974
-0.0045135
-0.010202
0.0019078
-0.0316666
-0.0055039
0.0009355
-0.0088679
-0.0017647
-0.0154237
-0.011645
-0.0160869
-0.0086335
0.00308285
-0.0143903
-0.491
-0.0365116
-0.0733334
-0.006
-0.0020482
-0.0158621
-0.0852383
-0.0782353
-0.0047059
-0.0050845
-0.0084049
-0.0244827
-0.0085185
-0.0085185
0.0008699
-0.0101006
-0.0132558
-0.0270371
-0.0120994
-0.0127273
-0.115
-0.006
-0.0555738
-0.0498235
-0.115
-0.0062162
-0.0095122
-0.0035135
-0.0294736
-0.0237078
-0.0222581
-0.0185714
-0.0133918
-0.0131481
-0.0361538
-0.0069491
-0.095263
-0.0263637
-0.0049254
-0.0266973
-0.0244828
-0.004218
-0.0466038
-0.0247222
-0.0035135
-0.99
0.0033503
-0.037619
-0.0566666
-0.0027389
-0.0292157
-0.0170271
0.0023775
-0.0387805
-0.0040845
-0.0196296
0.003709
-0.058182
-0.0125564
-0.0248837
-0.0070455
0.00263055
-0.0525
-0.323334
-0.05
-0.0243333
-0.0227869
-0.0257143
-0.02125
-0.0091818
0.00437037
-0.0769565
-0.0065746
0.00483334
-0.010202
0.00402487
0.00344445
-0.006129
-0.0013636
-0.0182485
-0.0125564
-0.39
-0.0075439
-0.0208642
-0.0185714
-0.0083486
-0.0021111
7.145e-05
-0.0086916
0.00086759
-0.656666
-0.0203031
-0.0090476
-0.064074
-0.0273832
-0.0005238
-0.0227869
-0.0455556
0.00491836
-0.0136686
-0.0173972
-0.0204569
-0.0681252
-5.03e-05
-0.0115054
-0.010202
0.00052133
-0.021746
-0.0226798
