-33.466
-13.463
-12.118
-19.525
-11.992
-3.376
-28.159
-22.156
-38.18
-28.808
-20.585
-32.248
-32.344
-11.749
-30.442
-15.111
-16.534
-28.478
-12.577
-35.567
-27.417
-48.679
-21.064
-56.73
-10.602
-33.438
-27.037
-50.075
-23.82
-13.032
-13.639
-26.995
-6.57
-14.956
-27.898
-58.196
-11.405
-21.756
-23.263
-46.927
-5.765
-16.701
-35.147
-10.837
-10.624
-46.882
-51.433
-30.04
-22.805
-34.812
-54.827
-31.346
-7.089
-44.314
-22.73
-83.687
-26.456
-60.985
-37.987
-45.536
-10.174
-21.509
-27.47
-20.522
-18.819
-29.488
-21.278
-26.191
-32.224
-12.171
-48.626
-0.1
-21.115
-19.658
-17.543
-17
-20.033
-57.091
-11.602
-28.479
-54.836
-10.04
-16.136
-37.908
-16.513
-26.499
-1.666
-4.627
-27.525
-11.287
-40.971
-42.2
-20.507
-4.627
-25.52
-0.034
-73.87
-14.725
-14.38
-23.991
-26.25
-21.872
-18.357
-30.082
-43.022
-1.032
-44.443
-26.291
-14.369
-20.444
-57.463
-10.966
-22.564
-29.328
-13.841
-41.602
-14.679
-26.426
-13.407
-23.8
-27.587
-14.329
-5.703
-8.185
-24.306
-3.259
-48.449
-22.069
-11.354
-31.741
-16.31
-20.42
-73.251
-32.44
-48.94
-21.023
-41.618
-9.981
-24.581
-20.281
-18.293
-5.434
-3.802
-38.907
-9.384
-42.746
-10.984
-5.62
-15.367
-12.885
-18.999
-34.024
-24.369
-6.285
-30.695
-56.245
-16.933
-18.964
-33.479
-20.828
-18.455
-40.663
-51.913
-8.381
0.2405
-12.404
-43.509
-38.149
-13.726
-34.12
-5.212
-29.01
-15.285
-18.204
-13.16
-30.897
-16.182
-18.405
-22.22
-41.921
-21.645
-21.671
-20.356
-17.691
-26.413
-45.294
-10.441
-39.997
-23.407
-6.315
-8.295
-12.743
-3.473
-8.335
-37.642
-29.109
-5.584
-23.242
-30.859
-31.077
-66.878
-15.868
-10.817
-48.328
-23.897
-48.676
-29.337
-8.611
-18.715
-14.902
-43.083
-13.405
-7.241
-37.474
-13.457
-3.643
-23.988
-12.376
-15.085
-47.371
-6.784
-29.445
-33.176
-21.45
-26.008
-31.013
-14.243
-7.946
-11.249
-28.519
-2.847
-20.433
-19.142
-10.691
-14.683
-17.475
-7.657
-26.181
-53.275
-16.509
-30.764
-21.698
-10.922
-22.496
-78.257
-82.095
-24.102
-9.98
-20.995
-5.346
-6.804
-42.878
-21.049
-24.095
-34.48
-28.825
-26.889
-13.671
-24.778
-60.231
-4.034
-16.281
-28.756
-25.894
-4.059
-23.152
-47.753
-23.532
-18.043
-28.928
-22.182
-24.634
-3.284
-21.102
-23.951
-26.163
-27.905
-3.921
-16.02
-13.338
-62.422
-26.515
-33.691
-23.508
-24.27
0.6476
-22.311
-14.695
-23.349
-21.815
-24.356
-26.543
-18.391
-15.601
-13.715
-56.072
-7.939
-11.078
-44.198
-47.566
-0.153
-17.247
-38.036
-58.804
-0.803
-12.655
-29.42
-39.285
-5.438
-31.907
-26.174
-8.898
-21.485
-3.626
-19.483
-16.239
-14.532
33.406
-21.054
-48.541
-58.315
-45.634
-14.98
-29.604
-19.17
-40.202
-13.688
-21.74
-27.413
-11.625
-26.803
-31.423
-37.185
-24.949
-19.452
-16.608
-16.961
-23.081
-3.266
-17.889
-20.082
-9.926
-16.11
-25.12
-38.394
-10.244
-41.846
-16.123
-11.016
-24.814
-20.73
-26.521
-34.288
-47.824
-6.918
-26.771
-11.249
-29.312
-16.402
-6.207
-29.825
-10.053
-14.434
-49.096
-3.559
-10.321
-38.022
-23.668
-16.086
-10.094
-29.49
-36.653
-11.682
-35.197
-22.489
-23.446
-58.007
-177.795
-16.987
-6.948
-52.345
-15.739
-38.335
-11.162
-30.166
-16.654
-14.78
-41.498
-10.005
-24.07
-9.485
-8.303
-16.351
-17.427
-10.803
-32.68
-15.365
-21.418
-16.994
-19.249
5.1592
-22.01
-20.15
2.9515
-29.393
-10.056
-68.474
-18.185
-13.421
-11.513
-5.096
-35.295
-19.273
-14.514
26.7435
-12.559
-22.835
-67.313
-34.189
-12.675
-11.371
-5.659
-2
-4.356
-36.811
-33.445
-30.204
-23.401
-6.386
-23.868
-14.824
14.1535
-15.046
-18.733
-32.731
-59.62
-3.56
-31.157
-22.779
-19.171
22.4585
-2.275
-24.344
-34.681
13.9135
-1.493
-37.528
-15.847
-47.436
14.9596
-1.444
-45.482
-16.505
-24.797
-25.191
-39.952
-12.714
-25.644
-8.248
-15.848
-37.388
-10.273
-67.793
-14.159
-38.87
-17.406
-33.74
-47.417
-5.44
-20.695
-68.01
-16.811
-37.142
-44.589
-52.786
-65.721
-39.532
20.0829
-13.417
-15.918
-46.346
-16.309
-5.787
-72.197
-29.618
-21.16
19.1532
20.6012
-7.638
-22.293
-28.595
-41.654
-76.41
-13.238
-29.718
-25.57
-33.539
-37.859
-17.834
-9.27
-33.529
-12.787
-43.771
-25.474
-22.284
-38.056
-20.718
-45.79
-38.743
-10.708
-9.183
-4.932
-24.524
-17.846
-16.161
-30.656
-9.553
-16.152
34.7439
-44.13
-50.526
-20.911
-11.968
-30.172
-24.037
-12.783
-10.445
-18.478
-22.772
-29.081
-33.769
-11.576
5.3614
-13.011
9.025
-24.272
-0.006
-17.151
-2.034
-14.81
-18.896
-20.905
-22.248
-22.115
-36.453
-4.972
-5.194
16.3439
-20.429
-26.264
-33.453
-25.507
-15.384
-27.899
-0.593
-62.119
-41.178
-40.798
-22.84
-8.105
-1.797
-20.959
-11.353
33.1527
-36.617
-11.385
-28.192
-52.465
-18.159
30.462
-51.736
-39.489
-6.58
3.582
-12.169
-43.68
-10.561
-13.081
-28.587
-29.791
23.9457
-15.765
-31.039
-23.388
28.9871
-35.662
-8.071
-7.768
29.1962
-3.162
-32.044
-18.446
-46.573
-63.096
-11.537
-27.65
-14.635
-23.237
14.2165
-13.736
-84.98
-55.113
-65.79
-37.989
-68.85
-36.472
-86.57
-44.619
-45.395
-18.269
-49.125
-53.585
-40.924
-8.275
-41.954
-59.254
-24.066
-63.169
-71.459
-43.175
-51.591
-41.844
-31.632
-50.276
-63.87
-73.93
-58.443
-60.816
-80.155
-64.971
-55.726
-59.462
-19.629
-65.76
-42.137
-70.352
-20.106
-74.134
-28.143
-72.627
-50.045
-25.102
-12.309
-47.281
-75.74
-44.454
-97.529
-44.956
-92.087
-68.55
-48.327
-81.614
-47.794
-64.082
-48.268
-94.149
-61.746
-108.735
-42.255
-56.838
-41.22
-31.513
-41.438
-57.015
-39.486
-37.709
-75.29
-12.775
-62.035
-76.746
-66.978
-29.85
-45.779
-27.746
-60.205
-55.61
-53.702
-46.137
-49.22
-22.373
-42.877
-15.264
-64.893
-53.166
-85.54
-110.945
-38.339
-40.205
-32.249
-28.648
-30.029
-45.943
-83.692
-51.256
-32.691
-24.166
-82.898
-73.681
-63.519
-86.517
-55.085
-7.281
-92.493
-51.568
-81.653
-94.584
-70.208
-11.174
-57.921
-107.938
-61.32
-53.101
-43.081
-60.395
-30.171
-42.713
-50.486
-71.52
-15.647
-19.311
-29.529
-91.139
-69.289
-41.705
-44.775
-18.499
-23.849
-24.131
-57.566
-91.456
-53.081
-67.505
-121.235
-39.981
-79.377
-29.701
-71.174
-75.702
-49.072
-132.437
-48.543
-66.611
-98.325
-35.487
-53.225
-42.935
-77.799
-59.625
-35.237
-50.534
-22.564
-96.356
-47.264
-36.556
-42.691
-29.246
-14.875
-80.125
-55.34
-54.885
-19.774
-15.609
-28.791
-30.865
-43.328
-65.649
-95.308
-47.053
-66.135
-4.299
-16.502
-27.633
-59.998
-101.196
-36.322
-38.549
-35.5
-57.621
-51.857
-4.475
-48.733
-27.841
-33.924
-81.976
-56.674
-35.569
-48.241
-56.142
-49.082
-116.497
-48.524
-47.835
-60.961
-78.407
-40.894
-57.126
-65.113
-65.95
-86.113
-40.306
-23.572
-89.799
-49.282
-55.557
-62.34
-69.407
-25.454
-32.423
-90.073
-74.975
-103.648
-24.657
-92.55
-91.255
-42.791
-41.662
-42.472
-75.306
-68.709
-38.415
-28.86
-99.015
-89.233
-56.012
-76.34
-59.916
-74.92
-45.213
-61.306
-45.88
-8.999
-104.845
-28.712
-101.995
-46.129
-67.037
-82.634
-92.319
-19.132
-62.485
-57.831
-79.024
-12.19
-57.24
-58.887
-73.858
-20.242
-69.137
-84.995
-53.905
-53.5
-60.659
-51.452
-70.112
-39.957
-14.507
-55.049
-52.16
-93.976
-50.29
-62.869
-61.249
-110.085
-38.247
-93.105
-12.914
-29.419
-37.333
-52.351
-50.345
-54.502
-23.005
-11.407
-65.63
-33.567
-19.328
-54.892
-68.131
-64.713
-30.409
-34.218
-88.405
-94.606
-68.66
-46.432
-76.095
-60.833
-43.782
-68.991
-34.215
-44.354
-59.396
-18.93
-84.678
-37.149
-18.736
-56.058
-43.865
-99.188
-57.508
-70.755
-56.902
-66.225
-25.547
-59.207
-79.422
-47.234
-74.091
-61.179
-62.269
-27.558
-68.026
-31.255
-42.732
-24.653
-81.148
-83.923
-78.701
-20.735
-7.626
-70.956
-39.801
-72.042
-77.621
-33.434
-35.844
-47.585
-41.709
-53.543
-54.41
-40.397
-41.988
-42.343
-93.017
-64.029
-21.61
-61.703
-69.986
-90.588
-47.665
-26.286
-35.294
-39.529
-53.596
-66.823
-60.47
-80.857
-73.509
-56.343
-31.268
-52.231
-48.2
-51.488
-51.195
-56.043
-112.904
-26.237
-47.212
-31.57
-26.296
-78.825
-55.012
-98.856
-47.162
-62.868
-65.51
-60.471
-66.018
-54.251
-22.466
-36.472
-32.161
-73.043
-100.675
-44.305
-52.255
-77.31
-118.895
-44.878
-57.319
-76.26
-48.014
-57.517
-55.313
-58.682
-26.685
-64.469
-38.291
-68.885
-38.36
-42.423
-58.351
-34.179
-37.174
-44.957
-86.436
-66.648
-57.215
-37.774
-30.69
-75.955
-72.431
-58.624
-53.375
-80.507
-42.448
-103.887
-58.584
-11.753
-44.088
-72.58
-21.392
-44.676
-99.451
-23.908
-66.34
-66.933
-61.145
-19.08
-45.632
-15.433
-42.654
-28.981
-84.587
-52.858
-39.563
-70.326
-82.99
-49.326
-28.466
-39.875
-33.967
-57.752
-78.457
-61.46
-90.411
-24.331
-85.887
-63.25
-95.091
-57.136
-73.877
-87.688
-64.596
-44.495
-27.298
-26.366
-46.755
-51.356
-41.102
-65.042
-66.284
-77.133
-29.471
-21.92
-76.596
-62.323
-58.801
-122.334
-105.243
-49.013
-48.996
-40.481
-57.177
-72.594
-71.044
-96.51
-87.227
-49.635
-131.6
-43.6
-109.725
-9.41
-54.704
-36.818
-45.906
-39.125
-37.21
-71.107
-99.075
-51.63
-28.498
-80.585
-23.039
-64.061
-34.16
-88.835
-74.376
-95.162
-44.7
-60.885
-30.694
-55.153
-81.428
-74.265
-20.129
-57.493
-67.484
-45.7
-42.714
-56.617
-76.96
-45.388
-42.883
-94.92
-98.178
-60.68
-57.72
-45.538
-63.57
-41.88
-45.351
-129.39
-36.606
-53.216
-60.385
-62.315
-59.175
-106.957
-61.491
-61.355
-113.534
-52.011
-79.5
-78.776
-65.695
-47.332
-53.079
-27.969
-43.504
-71.593
-45.585
-46.876
-67.189
-90.625
-74.589
-4.309
-75.569
-69.06
-68.145
-60.704
-25.657
-75.681
-64.385
-42.172
-139.319
-87.614
-46.75
-66.938
-36.712
-77.665
-54.846
-38.396
-54.963
-33.995
-13.025
-74.183
-50.444
-66.639
-64.029
-64.061
-78.464
-64.968
-25.948
-57.501
-87.029
-96.245
-45.418
-58.933
-62.285
-64.608
-77.412
-79.081
-117.235
-52.913
-60.113
-37.225
-67.114
-141.985
-72.264
-94.129
-50.539
-56.8
-78.952
-73.605
-100.326
-53.688
-25.706
-59.181
-46.05
-99.245
-77.66
-37.662
-61.94
-40.925
-9.671
-34.476
-71.817
-74.894
-66.955
7.9671
36.8255
12.7117
-10.408
13.5545
-10.826
4.3039
5.3843
-31.902
23.6531
14.0029
0.409
23.0999
-5.702
-4.925
1.7047
15.8081
-0.142
17.8961
-75.229
10.8723
-2.91
-46.902
8.2545
-54.572
-2.875
10.5936
-5.038
-13.35
-1.667
6.5202
6.8655
20.7724
1.8289
41.6898
-5.16
6.5445
9.1364
1.6641
14.5027
1.0485
0.1925
12.4874
6.6435
-17.613
1.956
1.7985
1.8182
34.9597
-15.928
18.2359
50.5217
13.306
15.8452
19.5037
31.3345
6.1381
12.5455
13.6364
17.1021
0.7434
0.3945
-2.11
-7.799
-50.489
-21.522
17.043
6.5837
5.6064
24.2315
8.9714
-23.092
-64.206
-10.129
25.1328
17.4562
30.1535
32.512
10.5665
-3.473
-18.444
6.1953
30.239
-3.072
31.0632
17.6728
-7.599
11.1671
13.0102
5.367
34.9832
19.2214
4.055
15.6624
11.9488
10.3128
2.2086
46.9522
6.1764
-0.649
48.5305
37.5269
-15.962
-3.01
-6.83
9.8569
13.312
19.9837
6.6495
7.4294
-10.661
51.4857
1.5384
4.5114
6.648
18.2542
2.0417
-3.114
14.2998
15.9461
-11.382
-4.826
-16.372
-8.043
16.2455
37.9194
3.2916
-4.031
14.8605
14.276
6.2648
-23.131
11.7029
-23.035
-3.155
15.6728
14.8887
28.8025
17.431
-14.925
11.6113
-19.834
-22.794
-6.723
1.1394
23.7784
-15.703
-26.314
15.6068
-2.129
40.8075
-10.545
20.6015
18.3645
5.49
52.6837
-1.45
-10.34
5.8712
7.9931
-1.911
15.3151
8.1958
-6.506
22.0293
14.4701
-7.191
8.3511
23.3303
12.0156
12.9261
-0.909
-2.748
-1.649
33.014
10.2996
52.847
-40.58
13.7551
5.9413
4.043
-35.639
-19.441
36.535
15.3837
12.366
27.3893
11.6387
-21.489
-14.832
36.859
31.478
-4.341
13.3995
-0.696
13.0007
-49.843
10.0857
-14.823
-2.614
4.7099
11.2856
-0.431
25.0943
14.2743
21.4094
-31.246
-4.258
-41.269
-11.364
39.0485
-1.272
9.3718
6.5469
0.1858
9.9546
-0.424
45.9643
14.3196
21.3136
7.5591
13.8584
6.9555
4.7482
-7.899
12.4635
14.2888
8.0038
20.3955
-4.252
50.7146
-6.61
15.6396
7.746
5.3334
10.6012
-3.265
-11.243
21.224
-2.657
2.0911
1.5249
-16.202
-2.53
2.2112
8.9683
19.3135
15.3745
-1.916
-79.143
39.81
-3.898
8.7218
19.8798
19.4135
1.4359
-23.315
8.9055
6.3043
-6.821
-0.497
-3.476
15.6337
17.2056
9.2337
12.1795
6.9194
28.2594
10.5476
20.4189
-38.052
4.8659
-11.091
46.6601
-2.268
5.804
21.5209
-13
13.6918
12.2245
-0.828
-33.91
35.6718
20.398
7.7846
-5.642
5.2782
17.2994
20.1527
-3.794
-1.809
5.3367
17.3181
-20.533
0.4486
-9.235
-0.924
2.4059
-22.667
11.2925
2.5805
12.5984
0.7135
13.2924
-3.167
22.8542
-16.498
3.1542
-3.622
53.3044
13.5143
6.4927
6.3836
15.2695
9.5597
9.6135
-28.07
13.7738
11.6771
-0.48
-4.318
10.049
-15.294
-31.985
34.5172
13.8457
12.6519
-18.881
20.3782
11.3187
11.0844
0.7264
-4.848
6.259
-11.817
7.0292
20.7787
13.4934
1.1352
-19.752
9.0125
1.158
16.2413
18.1901
6.3335
-25.592
-8.791
11.1146
4.2596
11.6642
9.3401
4.8471
9.925
17.327
-19.594
10.182
-12.388
12.3039
2.6786
10.7339
-14.917
11.5079
-52.511
11.4942
15.945
7.326
7.9826
-64.108
6.7571
1.3922
14.1865
2.6838
-24.298
7.8595
50.839
35.9658
-1.757
-17.58
8.0746
-41.261
38.6751
10.9111
-3.231
-0.79
16.2837
8.2405
-10.801
7.6524
-91.697
13.8437
22.6663
18.3965
-0.922
27.0717
3.0847
3.8329
-3.343
12.1757
19.1743
13.6128
26.1908
2.1438
-2.747
11.1275
3.3205
-2.521
11.384
-34.183
-1.968
9.2923
32.0521
-67.833
-9.849
4.7335
0.2557
9.684
7.813
23.1985
43.5672
-110.461
1.2925
7.0014
5.6353
11.5325
11.0751
-56.096
9.3111
37.7636
3.2788
5.4515
18.2107
40.182
36.7365
9.2925
14.285
24.1285
13.1867
14.2156
12.7002
-24.173
18.2108
12.1325
6.4794
8.0243
12.882
8.7339
3.9308
28.1605
15.1591
13.9288
21.3374
8.7895
20.3122
7.9171
-17.866
1.529
4.3896
-1.658
-8.731
6.2817
-4.82
40.1547
-1.402
14.444
-4.244
0.4245
9.7403
-16.883
23.1752
16.4345
10.901
31.7772
31.0985
10.1668
16.023
-6.086
-3.369
38.3944
14.8088
11.4639
17.7455
-3.744
-4.63
-58.63
-27.304
-2.6
8.0695
14.5675
20.2688
16.9305
-11.24
-0.389
15.32
5.7646
19.3516
9.1959
10.2435
-9.227
3.3135
-14.942
12.2336
3.9836
19.8123
13.8272
-33.01
3.9329
18.4015
16.2727
-11.794
10.68
17.5245
25.886
18.9605
4.5987
-12.487
-17.395
21.3295
-2.734
-13.482
4.6501
13.1925
11.624
11.3369
1.7685
6.219
-25.955
16.7722
-3.351
5.4117
0.5622
32.7765
-23.369
-31.458
33.3068
-3.634
24.8631
34.5622
16.3795
-43.311
11.4465
-45.298
-22.937
3.108
2.9658
-10.615
4.072
-4.602
21.6135
16.921
5.6019
29.6115
14.851
-47.324
21.258
3.5226
15.8335
16.1375
-9.258
-23.555
4.0818
-6.345
-8.817
-5.423
10.2035
-58.269
40.6619
4.1275
-15.863
-29.762
37.4227
6.2842
24.9185
7.765
9.2679
-7.171
11.069
3.5675
39.0449
0.0095
18.9805
42.001
10.0457
7.0944
16.945
-0.278
1.3336
9.428
10.4618
9.8926
5.9355
-8.519
5.6893
38.664
-35.839
-3.054
-1.804
13.3737
10.4485
1.0691
2.8137
29.5426
20.875
7.7848
22.8795
35.057
22.472
26.4699
16.3377
15.7062
22.7336
1.0555
10.007
13.363
14.0536
20.455
27.9043
17.0994
26.4745
9.1303
29.6267
16.831
17.3435
16.5845
24.4248
23.4315
19.6515
13.2218
26.338
25.9617
15.0326
24.1525
26.509
32.4377
24.4565
20.4639
32.413
20.557
14.6375
26.8054
24.7825
24.097
17.891
24.2482
19.192
7.9841
25.588
24.5783
28.5125
24.5995
24.036
30.2846
12.1556
23.602
16.0687
24.4755
26.2339
25.0579
15.016
21.264
13.4636
23.551
18.522
24.6496
14.2709
15.4244
15.7212
26.881
8.1431
26.91
34.7508
27.1
18.5461
13.3845
22.5559
23.9389
18.7261
24.879
18.581
23.195
15.7078
28.3561
28.0135
14.5015
22.588
18.6722
27.105
21.958
32.4165
31.398
27.8338
7.3681
25.3495
33.807
28.5585
32.788
14.8445
29.0831
20.9734
33.813
29.6845
25.4029
26.905
19.9745
35.0656
25.001
23.2735
24.2884
19.205
26.0575
16.113
23.2106
17.7624
21.2529
22.3975
32.804
25.025
21.7365
25.4488
28.8865
36.9354
19.801
17.874
26.0349
5.5353
36.6805
24.5216
11.5205
16.1255
20.966
17.937
22.8928
32.737
23.787
22.354
34.406
26.8575
19.594
22.8805
9.5142
20.616
35.183
28.8955
26.3635
24.018
22.824
18.28
12.5705
21.4445
21.4
27.0575
21.318
13.0475
22.771
32.9045
8.602
29.0652
29.302
20.7445
29.0585
34.3925
19.4245
24.583
38.648
20.952
31.0155
31.444
25.8315
27.1353
23.204
3.9314
11.8253
34.489
24.8263
19.9663
28.9265
10.155
17.574
34.208
17.2267
34.338
24.76
27.938
24.6912
13.7325
23.5837
29.065
30.5505
3.7609
24.586
22.697
31.1435
27.647
28.3665
21.5318
10.3508
27.628
19.7444
23.096
21.669
16.6285
29.894
12.7408
19.5205
22.9011
-7.946
25.1085
3.2113
22.5435
16.2849
37.7993
22.0895
23.1705
20.748
20.807
15.98
-5.902
14.8325
34.3067
15.2788
18.6195
18.3972
24.0915
26.4829
26.618
21.79
30.0615
24.2738
20.0315
30.723
28.7705
28.0775
31.6715
22.7067
33.3365
19.8058
21.769
29.9516
24.6556
25.7085
19.5942
23.3695
26.3555
28.7125
15.9255
23.5397
23.4873
28.4585
20.731
21.8105
32.2015
33.0295
24.6909
17.542
34.886
30.028
20.981
19.3335
24.5865
19.1837
31.22
17.151
5.5095
22.711
12.338
17.7725
24.1455
27.7682
25.2995
39.4664
22.7215
20.509
19.8855
23.6886
20.873
20.607
16.7087
18.754
21.8135
21.5722
12.2744
20.3174
11.4655
12.2921
23.2841
18.3781
4.248
28.1115
24.838
29.392
25.5895
20.5663
26.5205
24.579
20.448
6.377
13.953
20.4284
18.043
23.1258
24.5548
21.6571
37.0285
24.4205
28.8361
18.683
19.4663
13.624
26.6671
15.4925
23.195
28.2982
24.1996
27.684
4.2095
17.957
22.6925
24.8085
26.2705
6.082
27.91
21.205
22.6961
28.3085
35.6075
40.4151
23.0823
24.3747
21.2699
21.3883
17.0913
21.173
20.9213
21.4559
24.747
24.477
26.583
26.7595
28.715
38.566
27.5345
28.323
13.2615
9.5965
13.1924
21.4345
23.5945
14.2103
28.4737
18.6015
27.466
23.4935
18.765
23.0475
22.1369
27.6345
9.7344
12.9663
24.923
13.9045
27.0445
23.022
17.2905
20.6045
21.793
23.39
18.2095
30.647
11.51
25.4315
18.7725
21.469
19.49
15.4645
27.2367
23.3273
25.921
16.2372
18.777
26.6051
16.1845
29.035
14.907
18.9835
16.8855
18.228
29.4989
28.996
12.4483
21.668
9.9342
23.3126
30.3709
33.0065
27.8779
22.3455
17.9775
18.637
19.406
23.792
15.8085
8.322
11.5395
12.8024
4.6775
13.3445
0.471
4.3291
14.2687
6.1695
9.696
1.9945
-5.517
6.7235
18.21
17.51
19.456
17.0685
13.8106
12.4574
-6.37
15.6964
16.1534
18.775
13.9615
8.232
12.525
9.9938
11.0305
8.1379
10.622
10.312
20.2642
23.258
20.3155
7.8902
2.1905
-3.653
17.583
15.005
20.4229
8.213
-15.647
9.552
19.1162
15.936
11.3965
22.3845
3.9975
7.892
9.4266
15.5705
1.89
10.5815
12.9776
14.648
-1.234
5.8355
6.2433
9.3145
9.685
9.898
23.6125
6.1275
-9.822
3.361
17.1916
14.18
1.0138
8.225
15.57
9.2952
21.2955
13.1185
8.1147
6.4107
11.925
6.3735
15.6685
17.776
6.4665
18.299
5.174
13.8638
9.5359
7.7917
16.8355
15.0867
6.8385
12.1266
9.3653
14.6022
12.3565
12.993
16.0795
7.5245
18.066
12.861
14.456
7.028
6.8491
16.538
6.7591
17.247
13.889
5.0338
9.9537
19.0355
5.5918
21.373
-2.438
10.1325
11.025
7.458
10.0942
6.6735
20.8195
21.6406
18.2499
11.2252
8.0519
7.2981
9.0263
20.6763
19.5547
7.3627
5.4395
12.2173
21.3295
4.7969
11.2545
15.298
14.818
19.0755
10.7055
17.7171
14.6115
9.5774
6.2
18.1285
4.1111
3.5229
13.3648
9.418
11.0024
8.107
21.987
4.9303
9.5904
6.521
18.6365
13.0085
11.313
7.8258
14.022
21.3005
21.799
18.2845
8.787
15.4985
-7.464
6.506
6.5175
12.6475
16.5815
15.566
-9.318
2.8805
9.4797
18.3375
5.5461
1.0302
17.038
21.0515
17.58
2.8545
17.3715
14.5237
15.5252
8.2725
9.487
5.884
5.218
10.7564
9.9979
9.6113
-5.33
11.2225
13.3933
3.1635
13.68
11.0271
14.0755
5.466
13.4595
14.0031
12.7015
8.4575
13.4045
16.094
16.0955
-15.636
-15.26
-22.014
-5.555
-16.969
-12.389
-8.927
-5.106
-16.255
-23.361
-7.283
-30.171
-9.287
-6.254
-14.837
-11.767
-5.028
-17.922
-14.026
-9.898
-0.773
-28.176
-4.918
-19.236
-13.305
-6.24
-11.153
-20.107
-3.961
-14.803
-14.959
-2.93
-10.69
-14.52
-3.299
-18.346
-10.056
-12.369
-13.284
-26.804
-16.71
-21.797
-15.902
-16.316
-23.581
-12.411
-13.043
-12.843
-11.566
-8.381
-3.999
-9.478
-8.699
-2.222
-7.495
-20.258
-4.52
-36.528
-5.908
-22.809
-11.373
-20.008
-21.334
-11.842
-6.552
-10.059
-17.974
-11.196
-13.305
-12.742
-16.49
0.7335
-8.585
-11.775
-11.75
-4.959
-9.001
-9.872
-10.479
-7.264
-12.776
-15.501
-47.661
-28.007
-20.096
-10.948
-8.136
-3.638
-24.002
-5.723
-7.434
-21.986
-18.075
-9.358
-7.692
-14.01
-13.678
-3.258
-6.004
-13.593
-15.413
-7.556
-12.065
-12.129
-23.236
-18.435
-10.445
-14.025
-6.959
-23.997
-18.407
-29.488
-3.248
-11.646
-12.223
-31.238
-10
-8.359
-13.575
-17.151
-15.054
-18.273
-12.262
-9.853
-26.238
-3.7
-16.168
-11.528
-23.39
-18.643
-11.876
-29.195
-34.033
-22.35
-13.281
-7.531
-15.482
-19.277
-24.11
-10.732
-7.331
-4.244
-8.004
-0.59
-11.891
-21.036
-25.46
-5.279
-5.032
-10.114
-3.272
-7.606
-29.984
-20.317
-6.176
-11.682
-23.745
-9.785
-13.256
-32.533
-7.705
-17.31
-15.596
-31.247
-26.601
-13.061
-21.669
-16.295
-9.681
-18.655
-35.715
-9.356
-8.213
-14.934
-16.732
-11.559
-14.204
-13.546
-10.225
-10.096
-15.55
-3.475
-14.048
-12.537
-8.603
-12.176
-35.107
-6.152
-85.638
-14.157
-13.601
-20.404
-15.831
-3.196
-1.184
-7.373
-22.7
-13.111
-5.618
-14.86
-36.913
-19.577
-19.875
-8.184
-18.046
-14.018
-4.841
-16.084
-15.194
-16.135
-14.39
-21.481
-11.81
-15.404
-21.577
-8.611
-10.572
-20.49
-0.265
-18.531
-18.506
-46.746
-12.535
-20.533
-15.323
-21.187
-7.518
-16.254
-11.122
-10.605
-7.389
-7.023
-12.504
-38.697
-8.482
-19.649
-13.139
-13.155
-9.113
-10.994
-5.025
-12.993
-14.679
-4.852
-41.214
-4.697
-9.972
-12.449
-23.758
-4.358
-19.036
-7.598
-49.317
-7.906
-7.173
-19.407
-11.558
-45.535
-11.608
-10.066
-7.961
-13.843
-8.099
-28.8
-20.23
-18.227
-8.618
-12.689
-8.727
-12.513
-26.061
-37.2
-18.789
-1.506
-5.165
-17.617
-6.367
-12.115
-0.285
-17.389
-9.881
-22.315
-8.103
-9.797
-19.805
-14.639
-42.342
-14.034
-8.516
-16.303
-13.968
-25.26
-7.569
-11.976
-9.562
-20.847
-19.579
-7.376
-8.346
-12.069
-9.702
41.0176
-7.66
-9.95
-7.952
-5.752
-7.287
0.833
-41.788
-12.747
-27.826
-28.802
-43.968
-34.325
-15.659
-52.725
-12.947
-14.992
-24.171
-7.352
-13.02
-3.529
-30.855
35.6856
-1.418
-10.422
-3.854
-37.666
-15.913
-19.177
-23.284
-4.138
-27.921
-8.546
-10.2
-8.097
-8.468
-22.758
-28.204
-30.188
-27.212
-28.69
-33.979
-12.668
-10.043
-4.976
-6.596
-18.066
-3.501
-18.693
-19.647
-9.189
-1.546
-20.206
-7.074
-7.954
-25.189
-5.775
-28.717
-12.907
-17.792
-7.192
-10.796
-29.61
-31.867
-11.197
-11.007
-6.265
-9.417
-11.106
-16.265
-12.189
-17.4
-19.556
-5.889
-7.905
-4.835
-27.498
-4.567
-7.365
-16.901
-18.309
-15.065
-11.179
-31.082
-21.261
-27.141
-11.987
-7.954
-16.215
-8.891
-5.691
-21.685
-22.916
-1.165
-18.022
-9.276
-14.222
-10.585
-25.872
-14.011
-42.911
-18.796
-39.761
31.0735
-19.079
-17.532
-1.392
-25.513
21.2095
-26.602
-8.564
-10.229
27.3114
-11.346
-22.806
-23.605
-23.726
-1.483
0.2025
-1.361
-13.695
-23.159
-9.108
-5.383
-13.586
-13.923
-18.956
-3.311
-10.263
21.0835
0.8065
4.0606
-27.971
-6.689
-15.626
-20.577
-10.023
-11.138
34.0023
-5.352
31.9235
-3.123
-3.895
-21.526
-10.308
17.0059
-26.926
-19.444
26.903
-14.692
-7.925
-21.159
-3.058
-30.091
-7.938
-23.809
-14.117
-36.894
-16.405
-9
-15.027
-8.676
-8.356
-6.22
-21.157
-11.532
24.4641
-4.998
-2.079
-23.013
-13.618
-29.457
28.6511
-20.105
-14.551
1.9
-12.627
-20.76
-11.119
-17.416
-26.667
26.4055
-24.923
-18.367
-2.26
-16.067
-2.434
17.9745
-19.334
-25.43
24.9218
-5.239
-16.369
-10.125
-27.324
-21.636
-27.047
-5.982
-17.457
-19.995
-7.464
-23.404
-13.46
-4.141
-8.681
0.7826
-13.656
-4.308
-5.382
-17.289
28.6259
-8.784
-9.545
-4.162
-4.642
-25.056
-25.554
-18.966
-5.589
-6.589
-31.354
-16.716
-32.517
-6.776
-4.797
-14.912
-2.055
-2.974
-20.017
-16.04
-14.347
-19.682
-12.409
-10.466
-11.41
22.369
-14.701
-22.463
-2.293
-21.299
-6.053
-6.061
-64.718
-15.779
-12.805
-13.343
-11.243
-1.016
-8.48
23.4826
-22.062
-3.205
30.8205
-8.791
-17.843
-9.243
-17.895
-11.019
-6.319
-2.763
-19.989
-16.989
-0.62
19.2434
-17.228
-16.921
-29.597
-18.05
-5.348
-5.989
-7.11
-12.187
-15.587
-14.058
24.463
-3.297
-27.768
1.051
-0.498
-14.484
-13.489
-12.857
-18.789
-3.36
-3.338
-24.552
-13.643
27.8907
16.6208
-23.841
-26.498
-13.436
-17.883
-22.901
-14.826
-10.589
-21.165
-24.256
-17.264
-50.394
-5.693
-12.803
9.2555
-9.051
-18.939
-12.745
-20.035
-0.065
-21.638
5.634
-28.195
1.758
-5.267
-27.287
-13.681
-6.581
-3.674
-17.83
-49.56
-6.148
-19.397
-28.486
-2.275
-0.858
-13.207
-12.322
5.8005
-31.118
7.222
-10.288
-0.659
-14.228
-2.7
-12.492
-4.147
-3.612
-29.694
-8.822
-1.242
-15.236
5.7715
-9.46
-2.298
-15.238
2.279
-11.343
0.507
-8.306
-11.975
-8.578
-32.806
-12.255
-17.52
-6.947
4.341
-14.807
-2.257
-4.703
-3.37
-9.919
-12.37
-3.198
0.3315
-35.669
-6.254
-8.956
-1.223
-20.097
-25.115
-14.26
8.926
-18.754
-12.633
-6.556
1.9915
-17.915
-32.585
2.412
-15.156
0.157
-17.045
-5.083
-3.95
5.11
-1.681
-24.956
-18.939
-6.519
-8.447
-7.916
-4.393
-9.785
2.694
-16.83
5.8735
-37.656
-12.218
4.7215
-12.26
-18.486
-8.459
-31.133
-11.817
-29.001
-3.331
-19.886
-11.834
-7.147
-10.581
-10.328
-17.105
-20.691
-18.213
-23.474
-23.701
-0.266
-30.735
-1.303
2.6765
-4.618
-33.366
-30.803
-23.497
-25.186
-10.963
1.7365
-16.994
-8.144
-42.57
7.0695
-39.047
10.0835
-6.32
1.0805
-22.377
-5.758
-26.053
-5.16
-14.811
-20.494
-4.468
0.6835
-16.974
-19.124
-7.865
-18.856
-31.68
3.8715
-16.678
3.5295
-2.907
2.739
-27.912
-18.54
-3.812
-26.218
-13.014
-22.326
-6.695
-8.612
-20.412
-5.516
-49.539
-66.539
-17.006
0.861
-12.465
-27.912
-25.033
-12.059
5.482
-6.772
-19.297
-8.373
-2.886
-56.292
-4.01
-12.624
-6.062
-31.875
-8.066
-6.429
-3.925
-14.584
-10.465
-18.426
-23.82
-4.024
-6.791
5.026
3.2905
-15.334
2.108
-51.314
-10.653
3.103
-2.148
-19.467
-22.456
-31.532
-20.159
-1.054
2.627
-18.21
-24.272
-1.586
-3.581
-31.658
2.5095
-13.886
1.819
-10.968
-24.903
-5.78
0.575
-19.72
-32.557
-11.733
-31.383
-29.938
-6.042
5.6415
-5.203
-9.151
3.2955
-19.678
-30.197
-25.885
-20.301
2.67
5.9735
-20.909
4.1955
-12.463
-9.259
-0.08
-8.774
-14.077
-21.23
-21.906
-22.56
-9.147
-7.65
-3.68
-27.882
0.2155
-0.857
-24.762
3.0205
1.341
-5.456
-38.583
0.347
-18.294
-2.431
-23.076
0.5895
-20.337
-11.377
-11.227
-16.642
-11.6
-20.06
3.5835
-23.633
-2.54
-19.925
5.31
-31.633
-2.34
-40.839
-17.776
-6.112
-12.88
6.37
-33.707
-20.782
-21.142
-36.585
-2.486
-19.615
1.86
-18.332
-10.809
-19.797
-16.782
0.6835
-18.63
-4.791
2.3455
-28.224
-3.241
-3.652
-19.031
-30.202
-17.101
-23.555
-1.939
-35.353
-2.669
-34.759
-12.915
-7.742
-5.65
-21.809
3.3985
-13.84
6.9265
8.7285
-5.996
-25.483
-3.694
-23.419
0.6195
-9.904
-28.04
-11.453
-12.981
-17.934
0.399
-13.969
-6.611
-7.354
-2.503
-17.814
-22.05
-5.695
-0.614
-12.745
-1.638
-8.438
-2.099
-21.212
-5.922
0.514
-14.174
-7.851
-20.185
3.9195
-13.403
-18.03
-13.145
8.4225
-1.38
-29.222
-2.221
-30.118
-9.636
-7.372
-10.988
-61.898
3.066
-17.831
-47.225
-29.972
-8.431
-41.781
2.005
-33.934
-13.435
4.149
-20.603
-48.171
-3.644
-0.217
-31.007
-9.544
6.1015
0.889
-7.921
-8.911
-20.704
4.9615
-8.411
1.0155
6.438
-30.02
-0.813
2.404
-10.737
0.8355
-3.47
-21.625
0.9205
3.884
-22.802
-19.705
-10.703
-5.565
1.4025
-6.415
-4.071
-12.924
-36.558
2.823
-19.117
-4.466
0.579
-8.767
-9.18
-15.896
-7.423
-8.119
-39.146
-30.592
0.6945
-25.468
-5.835
-23.681
-10.289
-40.84
-33.575
-19.975
-14.61
-3.824
3.781
-23.691
-13.166
-10.985
-5.657
-1.958
-12.166
-45.109
-26.218
-21.005
-8.779
-8.973
-8.933
-19.352
-21.156
0.093
-9.287
-31.344
-34.451
-4.365
-3.656
-15.001
-26.38
-5.877
-5.921
-37.598
-12.981
-21.515
-10.677
1.32
-18.481
-53.902
1.0285
-15.807
-25.344
0.441
-7.079
-13.922
-44.053
-13.674
-40.035
-3.706
-8.952
-5.404
-43.228
-2.252
-26.92
-3.112
-6.413
-5.617
-17.467
0.2935
-4.804
-5.626
-36.263
-5.899
-0.953
-34.704
-9.611
-9.375
-28.357
-16.888
-24.513
-33.962
-45.876
-5.961
-33.89
-21.862
4.3095
-4.401
-20.754
-16.651
-2.079
-15.242
-18.805
-13.418
-18.267
2.375
-10.873
-35.497
2.247
-31.559
-16.441
0.4715
-19.995
-18.075
-43.904
-22.107
-6.276
-8.552
-19.388
-3.88
-1.553
-40.702
-9.78
-12.096
-14.547
-24.68
-40.651
-17.59
-14.475
1.7465
-26.099
-44.32
-31.575
-5.169
3.3435
0.7425
-36.549
-17.555
-12.743
-43.015
-15.538
-13.29
-52.74
-2.287
-7.163
-0.092
-21.87
-67.952
-20.31
-32.49
-28.454
-41.732
-16.134
-36.912
-9.536
-13.543
-36.99
-4.859
-28.737
0.189
-8.106
1.493
-17.591
-22.091
-2.994
-12.767
-3.367
-10.52
-11.815
-2.839
-21.119
-15.415
-14.593
0.456
-3.624
-14.844
-24.684
-32.536
-21.694
-19.701
-17.208
2.198
-5.628
-30.576
-6.297
-8.638
-22.189
-14.25
-55.681
-34.346
-25.925
-19.03
-26.986
-13.421
-21.525
-12.877
2.7125
-9.84
-4.058
5.245
5.749
-26.375
-32.336
-20.35
-11.394
-7.111
-10.713
-11.35
-5.494
-10.835
-17.201
-26.489
19.4153
11.9492
9.8683
8.6686
10.2907
10.3136
14.2957
30.3729
16.8599
17.2895
5.0472
-0.149
14.6021
16.3143
11.2446
-1.123
14.7903
9.9279
6.7513
15.9647
29.2994
26.2959
-5.186
-6.455
12.2042
5.5307
14.3646
9.8975
7.4557
9.222
17.055
14.3899
45.1457
32.451
30.872
6.5323
6.7113
-2.132
17.8493
11.5821
-16.919
24.3492
15.6644
51.4657
-7.598
35.3256
18.7552
15.2447
19.8835
15.248
-1.432
14.8276
23.8449
7.523
15.8457
13.0123
6.9187
9.9284
18.8797
18.1405
15.5687
6.1626
3.9282
15.7535
7.4014
14.7464
9.1947
23.6539
-4.399
-32.195
19.4364
47.5194
14.8548
52.973
21.3705
21.6772
10.255
3.0844
8.0154
6.8563
7.2357
13.52
23.5915
20.7956
-0.571
-3.949
9.8407
10.8834
21.4724
6.3286
-9.778
15.6197
18.4778
13.6947
10.5384
21.3243
-10.425
16.7801
14.1307
15.8648
7.3504
17.5014
12.3155
15.9207
8.4782
18.2873
41.1153
16.6038
-0.033
24.2996
10.5934
15.1806
17.2772
24.9447
8.2486
16.5219
6.4299
17.0042
12.827
8.5636
12.5199
14.8792
5.7886
7.2704
15.5215
25.8942
11.8882
23.0543
57.1547
-3.069
15.6075
7.6553
5.4571
19.3642
49.7446
27.0581
14.5713
15.5678
18.6688
17.0628
16.3565
9.6415
28.8359
14.3909
10.0355
44.3748
4.4909
53.1807
15.6598
21.6829
50.2937
-23.694
-67.288
14.352
12.9795
28.0566
15.69
20.6093
7.4736
-1.954
18.1328
31.0359
5.2595
4.7029
2.7419
18.5226
11.9749
9.0702
14.5957
8.19
5.1632
32.989
26.2249
19.5825
23.33
7.2498
9.968
29.257
17.2723
-5.351
14.065
8.1634
-8.86
41.4275
22.0015
8.1304
-23.05
26.4874
21.459
7.5221
-6.816
15.9547
52.9189
47.7794
12.304
15.6998
12.9221
29.5965
44.3185
25.0722
45.8165
-8.427
14.3564
24.7023
11.0916
18.6178
24.0378
19.4256
3.5177
13.7296
9.5994
-4.573
21.1217
20.1405
3.5667
18.4964
20.6107
19.1189
14.5147
32.8602
20.8483
12.3877
7.9635
-7.245
4.1284
20.285
15.2748
15.1295
29.8961
24.5634
19.8331
20.0574
15.164
25.2395
2.2614
5.3145
11.9042
12.1441
24.3673
-14.595
32.9485
-4.256
7.3217
8.7662
23.4582
20.0498
13.9308
13.199
19.16
14.6631
3.659
5.1907
6.0533
15.4574
10.4096
25.6851
7.541
20.146
11.7723
1.0169
7.4424
7.38
9.9425
45.1153
-3.986
15.3966
21.3596
3.519
-2.295
51.9663
6.5831
44.2303
2.3268
16.6564
16.3701
16.7422
27.046
-12.135
8.7326
22.6821
9.4888
7.915
20.7339
22.1125
60.5799
12.4617
-2.574
-1.497
4.8614
18.7678
18.0324
18.0406
-1.638
58.1282
12.414
43.8593
9.8269
11.4396
20.735
6.6985
-0.54
12.4798
32.6355
12.3367
10.5071
14.136
16.733
13.5127
-4.581
1.5096
49.5992
11.8182
19.3378
-4.237
8.6005
18.7658
26.0811
1.4959
16.4113
28.5485
14.7391
-1.378
15.4581
14.522
-25.824
7.1879
4.0381
11.2332
3.8139
2.5036
-6.494
7.0923
17.808
14.939
24.3426
3.7942
14.301
3.4615
20.5166
15.5503
17.6124
50.5736
28.8279
3.0513
21.3297
2.4206
37.6621
13.9271
16.4249
20.6303
31.12
51.1556
8.6881
46.6212
20.4022
18.4314
24.8791
13.1403
-14.534
2.95
22.3213
50.2679
-19.952
-6.25
15.6719
4.7174
25.1929
21.2472
18.5346
-2.323
45.6982
10.4904
19.6136
-10.92
14.2154
39.487
14.8244
36.8144
19.3424
-4.162
11.4302
7.5049
10.1653
21.8753
16.3998
9.0406
5.8999
5.1274
12.6714
22.3565
39.9426
-0.481
11.638
14.2581
0.813
20.4896
13.0871
52.9972
45.1495
-26.026
18.7527
10.3349
27.0168
-3.873
15.3341
17.2329
37.3694
16.925
42.3488
27.7295
20.6467
0.976
28.163
14.939
20.2152
26.1372
41.8097
17.704
22.6459
3.9139
0.4188
1.5805
39.3558
22.6587
-11.106
19.7745
16.188
14.5445
12.181
20.2976
17.1534
12.3518
-6.283
34.2373
18.0709
21.488
12.5187
38.0444
25.299
33.5675
9.2545
20.662
20.6205
15.1421
18.4525
18.0028
-0.019
-11.104
41.0264
31.7041
5.9145
18.7993
25.326
16.0567
13.7535
7.9009
14.3414
20.187
22.8177
8.7415
0.9666
15.0136
3.6216
5.306
13.8038
2.9044
38.8149
14.9975
27.147
7.736
15.286
13.5985
-2.095
12.106
37.7958
-0.855
12.2911
8.9825
21.2211
6.601
3.811
28.5124
27.2347
22.9305
17.9681
5.655
8.0585
28.2945
19.7405
11.3531
18.5136
19.9569
3.6208
19.1647
22.5463
-13.403
33.9062
7.3735
10.6728
29.933
22.5437
40.5216
16.3465
18.0109
9.4424
15.8472
16.5605
18.2786
-1.298
16.5904
11.7833
18.3345
16.985
28.715
-6.434
17.5625
38.2038
18.918
18.174
4.1225
9.8415
2.5215
-4.434
16.8987
31.7589
43.7529
24.5199
29.7135
12.7285
-18.953
15.029
4.4764
14.2896
10.3645
48.9956
22.1321
9.2935
-7.026
36.3952
36.3036
14.2845
21.799
19.0866
13.4895
33.108
-0.678
35.0452
27.1812
15.471
33.9926
23.4518
3.5495
16.016
19.392
13.5743
12.72
8.7125
22.2564
2.0905
15.9507
11.092
-4.646
19.1312
5.822
7.3053
11.4741
8.7707
19.2919
14.9274
41.0219
28.2875
15.2973
10.0442
12.856
29.5543
14.6986
16.4554
10.7625
18.4699
14.0716
5.5075
12.5295
4.802
18.4069
-16.17
-3.874
15.96
30.9766
33.0252
16.58
28.0765
2.7555
20.7078
19.3055
25.9906
9.9065
14.4065
19.502
8.7815
21.5959
31.0885
38.4575
31.41
41.7289
30.1344
38.8969
44.7661
30.559
22.4757
38.6036
31.4355
40.0549
27.7965
23.511
35.6557
28.4644
30.2338
35.5522
34.4202
25.8495
33.0969
13.3477
32.9361
37.9138
37.5489
15.7422
19.4628
37.87
34.2088
39.8873
34.6467
35.1674
22.6407
33.3795
42.3317
30.3405
30.2283
33.0695
27.0861
32.581
32.9972
32.7213
35.7176
33.2424
28.2067
39.4129
34.0897
35.9903
24.169
39.5592
29.5468
42.0506
29.5855
30.2338
40.3043
27.897
29.0925
32.7095
33.7913
35.129
33.5608
37.9186
28.6034
28.1077
41.7789
41.1924
30.7198
29.5635
31.7596
26.7935
29.5431
31.4987
34.1138
24.0141
38.5191
27.7783
35.697
44.2847
35.995
25.3135
32.6713
37.4941
38.6262
28.902
39.6485
31.9893
22.6793
33.71
28.7046
35.8517
24.5405
36.7492
23.7923
31.8015
26.5657
39.5955
36.9583
33.753
41.9593
27.6116
26.4125
22.8879
38.5804
26.5793
33.5888
31.9583
35.0542
41.9037
38.7176
33.0703
20.4315
30.4158
32.3007
23.8931
35.6568
27.8308
32.0195
27.9745
22.2125
31.7679
38.5328
38.6089
37.9297
33.3544
33.4731
33.139
23.0228
37.187
24.9236
33.5349
37.855
28.1073
27.491
29.3601
33.8364
34.2651
36.8005
30.4079
39.5917
31.5102
24.307
27.2707
28.5655
28.705
30.7923
30.9254
31.5888
31.9241
23.7651
24.1914
29.0825
35.6274
32.8761
44.3756
24.198
30.2387
33.9777
33.8505
32.8436
31.4909
27.1121
32.5152
37.5108
23.535
32.9874
27.3272
35.8306
27.9971
35.9601
24.9266
36.0946
31.827
31.2694
27.509
32.1806
36.1295
36.7039
29.4385
31.4738
29.2237
30.89
37.7192
28.451
34.4233
31.7984
24.8703
36.1685
33.3141
29.9919
40.5672
29.2508
34.6921
27.6171
27.2277
22.1401
30.6203
15.107
29.565
31.638
31.326
28.6443
27.2584
28.3993
32.483
36.5456
41.1743
24.4845
32.6872
34.465
41.0403
35.3401
32.1849
21.8304
25.1313
34.542
29.3139
33.0843
27.4
26.4492
26.0183
32.4253
40.1253
35.8288
31.1703
37.1372
32.6368
27.2538
27.9579
24.6514
32.1051
28.2769
31.5126
24.2565
21.0373
36.033
36.4904
30.971
40.048
35.1871
34.2058
29.5641
21.2635
35.1609
31.5175
35.3935
37.018
29.72
14.3615
36.2277
27.7373
38.9715
33.1525
26.3015
36.0244
35.4487
32.3972
39.3398
38.0688
37.405
21.3475
27.722
36.5485
35.6116
27.4733
31.3062
34.7994
33.6355
32.0186
33.1542
33.308
34.64
33.9214
26.9461
26.7144
32.2526
35.4496
32.4249
27.8819
36.9928
32.1748
27.1314
32.3837
39.4517
33.6215
31.0424
14.0235
35.2784
33.875
25.8335
29.2285
25.1264
33.5178
35.7352
28.888
33.1009
26.7199
33.3656
33.5453
27.2821
32.2705
38.6655
40.2198
27.6689
30.7009
37.5259
34.5919
27.2175
28.8637
26.9032
36.3425
26.6163
35.3871
24.6344
24.7866
40.4906
35.6985
27.9507
36.332
33.0745
25.54
34.2648
36.283
33.784
35.87
27.8458
25.313
32.1804
27.438
31.7255
33.1798
33.4046
28.6518
31.7807
35.1754
28.452
39.0256
28.5069
33.547
26.7055
33.4546
34.3775
16.9976
22.8503
29.243
27.582
37.3653
22.8008
29.8668
31.5181
41.9356
27.213
28.376
29.247
29.0328
34.1933
34.6118
30.871
19.6431
32.0226
33.4106
21.0754
31.8577
33.12
28.5904
26.3414
35.0811
30.4709
35.5074
30.9651
30.1188
25.6352
31.009
30.1664
33.3855
34.0015
28.6522
31.758
34.199
29.5422
25.5855
24.51
25.3088
21.1574
27.678
31.3262
37.2561
22.9172
33.0799
40.7828
32.0365
27.638
37.7005
19.308
35.1745
24.2147
37.6707
44.511
35.5015
31.4951
36.2179
23.3938
21.594
18.0829
23.5697
23.0888
22.3167
17.7965
21.2223
25.8348
20.3628
15.2301
28.4061
21.9582
19.0797
21.6045
22.0165
20.679
18.0525
26.3648
25.0791
21.9405
22.564
18.429
15.711
16.0855
15.599
27.6346
21.161
19.0888
18.96
30.5114
20.9183
24.3563
19.2552
28.7591
17.9105
15.0418
25.9391
17.1514
12.8526
16.478
22.2445
18.935
20.5576
24.6492
13.76
23.5918
16.6702
16.025
23.4434
20.6955
20.192
7.5805
15.1821
21.9233
26.6672
19.4836
19.2325
25.862
24.6817
13.0613
20.9455
24.664
20.4946
26.9278
16.7597
19.2087
17.4892
11.321
18.6951
22.9345
17.6888
19.895
19.1235
18.8585
13.6417
17.2656
18.0831
29.1131
21.9348
15.6493
18.4635
28.3425
22.7134
16.638
21.145
21.6474
17.9873
18.4155
16.521
26.8273
26.3772
25.3425
20.0202
26.6921
18.112
25.2398
28.9864
15.6775
21.718
18.9142
27.7497
13.102
22.9825
24.168
25.0321
21.286
23.8655
21.3042
25.3829
17.3261
12.7568
21.7804
27.362
24.6385
20.1995
29.324
18.4065
19.1312
11.498
23.2528
22.8721
21.1004
17.936
21.7285
25.3479
23.4665
22.329
6.889
26.0581
19.5662
21.7155
24.9372
13.87
18.5241
15.484
27.1471
28.49
16.54
18.8073
23.2963
19.2976
20.1422
18.122
21.0358
16.8815
14.7035
22.9497
20.0336
17.376
29.4293
18.2374
28.3653
21.3629
19.7353
22.589
19.7315
20.245
13.9465
19.2956
18.1516
25.703
23.1607
20.3341
24.1095
20.1903
20.5446
22.0978
19.3545
17.6385
19.7055
17.4106
23.085
22.545
18.7352
21.9274
19.5991
23.763
23.442
16.081
21.9532
3.364
10.936
30.6333
20.3485
20.4954
22.0438
21.5999
11.8281
26.376
19.0858
19.968
16.3315
26.1011
20.3286
25.356
21.9005
24.5246
13.8474
20.0611
-28.9
-3.349
-4.169
-12.852
-8.625
-10.572
-10.275
-16.059
-6.059
-1.525
-8.289
-10.297
-3.804
-4.978
-8.671
-3.11
-4.291
-2.224
-10.507
-5.277
-5.922
-13.112
-17.358
-8.551
-23.796
-4.599
-12.317
-2.619
-18.382
-12.499
-20.106
-10.077
-15.349
-9.078
-11.407
-12.38
-11.43
-4.508
-15.213
-16.233
-8.534
-23.323
-20.934
-3.79
-16.018
-3.779
-10.147
-15.404
-12.966
-8.088
-8.837
-6.843
-14.9
-8.757
-3.31
-6.765
-0.981
-14.669
-5.912
-8.337
-7.374
-6.675
-9.102
-20.802
-7.382
-6.089
-1.683
-13.631
-9.742
-12.708
-15.013
-8.463
-13.647
-19.552
-9.893
-2.538
-8.74
-17.743
-14.74
-16.05
-12.823
-9.106
-13.833
-5.977
-5.886
-15.26
-13.684
-7.787
-8.793
-6.665
-6.615
-6.521
-10.541
-3.455
-6.643
-14.404
-5.409
-15.316
-5.174
-3.849
-27.812
-15.725
-11.17
-12.784
-42.249
-8.626
-8.136
-15.22
-10.522
-6.99
-10.815
-8.972
-8.715
-34.268
-17.785
-10.48
-6.313
-2.941
-6.451
-36.427
-1.995
-12
-40.52
-6.795
-0.541
-7.002
-11.025
-2.863
1.4175
-11.394
-10.765
-14.073
-1.189
-6.328
-12.676
-13.928
-5.649
-12.833
-11.164
-6.781
-22.767
-7.489
-5.624
-9.728
-10.325
-16.851
-9.498
-10.183
-7.247
-5.276
-21.252
-8.389
-5.741
-17.29
-7.544
-8.814
-11.255
-16.581
-10.814
-20.735
-21.27
-9.434
-1.661
-22.579
-8.285
-22.133
-1.313
-11.415
-4.906
-31.087
-3.934
-5.849
-3.663
-6.855
-12.159
-7.705
-16.265
-12.908
-9.353
-12.145
-7.818
-13.25
0.575
-2.184
-20.096
-12.024
-2.13
-8.29
-4.871
-15.817
-4.046
-21.28
-6.084
-2.636
-21.52
-6.231
-11.365
-13.802
-5.719
-7.498
-13.999
-10.352
-8.177
-16.806
-6.982
-16.174
-12.065
-13.941
-5.917
-7.739
-8.525
-2.888
-6.662
-7.954
-3.577
-11.849
-4.26
-10.971
-11.519
-4.489
-6.383
-6.617
-22.54
-7.097
-11.314
-17.032
-15.988
-12.612
-10.145
-4.413
-1.412
-1.746
-11.169
-2.77
-7.799
-3.346
-34.927
-6.383
-11.097
-8.792
-0.88
-22.411
-4.551
-7.968
-8.617
-3.994
-2.78
-4.988
-3.003
-0.16
-1.695
-10.332
-14.294
45.5414
-2.537
-10.568
-17.968
-5.724
-2.142
-4.985
-6.282
-5.602
-3.431
-8.026
-18.449
-26.418
-1.353
-15.716
-1.036
-7.784
-6.933
-1.695
-21.403
-5.251
-8.184
-13.466
-2.91
-11.527
-12.741
-8.602
-15.01
-19.546
-1.081
-10.014
-5.886
-10.96
-7.083
-1.834
-4.619
-9.869
-1.802
-14.204
-7.884
-11.968
-9.272
-9.054
-19.686
-5.032
-25.25
-0.457
-6.513
-7.126
-9.997
-7.561
-11.211
-4.541
-30.769
-7.098
-5.951
-11.147
-7.876
-13.029
-17.659
-12.507
-6.088
-3.828
-0.258
-17.701
-23.881
-10.029
-8.238
0.3702
-18.047
-12.249
-2.951
-7.584
-2.554
-6.787
-14.856
-16.774
-6.106
-13.623
-0.155
-4.423
-6.292
-5.291
-12.934
-5.543
-5.108
-7.365
-5.94
-9.601
-2.826
-4.642
-13.201
-12.083
-15.531
-8.204
-16.62
-13.292
-7.066
-6.585
0.8205
-13.071
-19.159
-13.572
-7.64
-6.753
-21.434
-18.591
-4.918
-17.555
-18.465
-6.414
-13.569
-21.429
-13.7
-12.043
-4.131
-11.484
-3.603
-14.035
-15.806
-19.217
-6.866
-13.847
-10.025
1.2825
-8.737
-9.941
-5.716
-13.483
-6.303
-26.693
-3.448
-7.9
-4.446
-11.165
-22.251
2.315
-14.495
-9.053
-7.128
-12.632
-2.937
-8.735
-1.725
-8.195
-5.469
-9.808
30.9751
-25.065
33.2953
-6.409
-5.427
-3.739
-9.92
-17.126
-2.277
1.7532
-4.283
-18.61
-23.855
-4.839
-4.876
0.9894
-7.127
-9.839
22.197
-7.6
-6.485
-16.259
-29.118
-10.261
-4.303
-4.93
-10.287
26.6383
-16.244
-12.388
-0.779
-3.649
-19.857
-0.536
-6.432
30.164
-52.275
-8.515
-7.55
-24.689
-6.368
0.6933
-7.293
29.5285
-7.912
19.9772
-5.928
-5.707
-12.92
-10.405
-15.7
-8.999
35.8272
-5.949
-16.221
30.739
-10.888
-5.707
-9.285
-13.729
-9.356
-5.489
-16.106
28.7499
-16.931
-3.848
-21.275
-13.304
-8.311
-6.693
-3.316
-10.376
-7.472
-15.491
-11.737
-4.977
-10.963
0.3185
30.582
29.8483
-10.67
-1.331
-1.351
21.1515
-14.77
-8.574
-17.885
-11.655
-5.984
-11.814
-12.542
-7.941
-0.673
-10.745
-7.513
-17.884
-7.718
-9.586
0.39
-9.349
31.1105
-9.678
-24.53
26.2635
29.2395
-5.703
-13.042
-9.921
29.3474
-3.566
-6.077
0.561
-5.374
-10.916
-0.653
28.3958
-11.102
24.0582
-13.852
-9.804
-7.826
1.6058
-5.547
-9.037
-2.707
-3.186
-8.63
-15.39
-4.898
-7.524
-18.969
-11.078
-9.689
-7.288
-8.012
-9.365
-8.352
-6.548
-1.106
1.748
4.748
-13.744
0.0513
-0.921
30.733
-17.063
-4.922
-1.032
-1.368
-9.791
2.7979
31.8282
-3.229
-7.02
-6.674
1.7647
-22.603
-3.198
-3.541
-9.389
-11.564
-3.869
-0.826
-2.346
-6.103
0.6872
-1.792
-0.74
-10.568
-5.672
-9.291
-2.495
-20.379
-7.082
-7.361
-3.986
-15.141
-21.601
-31.055
-4.038
-1.512
-17.332
-18.834
-6.432
-11.203
-26.502
-10.679
-16.662
1.3865
-6.177
-15.138
-13.205
-6.13
-19.162
-5.034
3.2008
-10.513
-7.097
-10.338
-9.154
9.3915
0.2905
9.4605
5.2115
-10.728
4.4025
9.966
4.9055
7.909
0.55
2.2885
3.1525
9.543
6.505
6.3325
0.1435
5.358
8.1175
10.3845
-4.615
11.3395
6.8255
7.038
9.427
0.915
-1.486
-4.186
6.602
2.5255
2.1845
6.404
10.89
-1.246
10.82
3.556
8.0865
7.4615
-2.291
8.0315
5.9425
8.7465
7.079
10.496
3.1515
-12.3
6.5675
6.6825
2.942
-4.117
-3.062
-17.874
4.449
3.9245
5.2585
2.432
-5.831
1.7275
0.1085
9.5765
6.3785
-5.24
7.2445
4.686
7.298
10.394
7.875
3.1115
6.689
3.6555
8.394
1.213
0.9495
9.9735
5.6215
-6.4
6.374
1.283
-14.111
7.7305
-9.281
8.674
9.1675
9.887
6.772
7.165
-6.697
6.2895
0.5595
5.674
10.9095
6.6605
0.826
-6.252
3.1945
5.418
4.86
7.041
12.005
8.6035
5.724
-7.666
7.4915
1.884
5.4755
-2.931
-1.287
6.2865
9.141
5.881
10.7395
5.741
5.4575
5.1295
6.5125
-9.383
5.449
-15.483
-9.6
10.7275
5.708
7.2015
3.531
-1.721
10.2075
3.042
3.866
5.167
-0.967
1.772
11.44
-11.684
10.2905
2.035
9.172
-16.694
11.008
-6.767
2.371
-6.293
-9.745
5.2615
-0.304
-13.131
7.8295
11.2235
8.511
8.67
-1.33
0.7125
8.8985
10.3075
9.0515
9.109
4.2665
7.096
5.8075
-0.149
5.3725
-1.45
10.93
1.034
8.4565
-3.232
-12.766
-3.34
7.6035
6.8525
9.4135
11.1415
3.0275
7.2955
-2.942
-18.639
-10.806
4.637
-20.418
4.299
3.547
-4.792
5.4995
5.3205
-9.233
4.9995
7.781
9.2175
11.619
9.522
10.8255
6.1675
8.6365
-9.169
7.585
7.973
7.081
-7.605
6.6515
1.7695
4.9215
9.8495
7.612
-11.117
0.301
8.465
-4.243
8.1035
0.771
4.609
7.0065
8.2925
-1.001
-8.105
6.001
8.749
-0.243
-5.479
6.0595
9.1325
1.678
3.6395
7.3395
-1.76
0.005
8.14
8.9085
-0.945
-6.988
4.135
2.168
6.7515
2.0855
1.19
8.953
9.057
1.0895
3.365
-7.282
9.765
1.3775
11.678
1.889
2.765
4.3105
8.455
-16.88
12.527
5.3665
10.2085
-4.364
-7.114
2.7645
-1.992
5.9705
1.0185
8.5575
3.8975
-12.673
6.7225
11.2525
-3.498
-2.213
4.452
8.259
10.5465
5.129
5.805
5.7855
-1.874
8.9585
8.488
-7.962
4.904
3.611
-3.483
10.665
1.658
8.2355
-1.315
4.7445
-26.044
-0.974
1.0905
-5.716
4.2345
-13.913
2.2095
-3.259
4.957
2.5985
8.5805
7.8615
3.589
-22.062
-4.694
6.273
5.5655
-1.644
-6.475
2.9415
-3.998
9.875
7.88
6.943
5.011
9.089
10.8615
-3.765
-2.568
-4.328
4.2815
7.5405
9.1005
3.804
-3.346
-10.545
-18.68
0.631
-2.033
7.6665
2.0985
4.2545
4.474
1.7585
-5.617
7.1805
-10.749
7.498
4.0615
2.8125
6.7595
-3.508
5.6515
4.143
-4.749
4.987
-7.296
6.7195
3.236
-21.453
-23.04
-5.566
8.224
2.4285
-1.928
-16.033
-5.499
3.6625
1.6035
10.314
0.944
-2.666
6.8005
7.585
4.4245
2.617
-6.445
9.2505
5.799
-0.084
5.7495
0.5295
5.4125
4.59
2.252
-16.965
9.083
5.0245
9.5405
8.861
-3.378
3.421
8.706
0.9735
1.8235
7.601
-19.623
6.2275
-0.18
7.166
-4.418
5.1525
-2.953
3.304
-1.906
-0.839
9.526
-10.761
-0.32
4.6355
-1.365
-6.557
7.465
0.4185
-21.535
5.802
4.662
4.507
9.2145
7.388
3.057
3.6825
-2.724
6.6475
-4.676
-10.04
4.335
2.0165
-4.598
-1.946
6.763
0.806
1.9965
-3.193
-2.923
2.017
-8.819
-31.139
1.4455
5.3425
9.6655
-4.011
-3.858
5.508
2.865
-5.374
-0.58
-10.892
0.2955
0.6105
-3.392
2.978
-0.767
4.169
-8.431
-6.905
3.9005
7.535
8.8605
-0.523
2.932
-9.649
7.1215
2.1915
10.911
6.5125
5.371
-15.169
-8.897
-2.024
0.01
7.229
0.45
7.7585
-17.319
-13.579
-7.677
3.4375
2.381
-7.725
-1.922
7.0445
-13.976
-7.69
-2.27
6.921
-8.974
5.7985
7.0885
8.898
-11.819
2.3365
-1.345
-8.103
5.1405
5.527
5.689
6.2875
3.8765
-3.688
-5.279
2.15
7.499
-19.883
-3.91
2.529
-13.044
2.133
6.803
2.6315
-0.169
4.3895
-3.302
-10.643
-4.204
-12.996
-0.044
0.21
4.898
2.897
-0.981
5.575
6.71
1.3735
-0.052
-4.931
9.306
7.3945
7.6075
5.495
-4.007
-4.969
-4.523
-17.867
9.76
5.6025
1.592
2.065
-4.048
-2.667
-8.066
10
3.6325
0.48
-1.487
9.0805
-1.957
1.243
2.4075
-12.496
-3.999
1.217
6.8135
2.264
8.889
5.108
5.328
0.1075
-4.249
0.8325
4.1245
-3.427
-21.517
-11.002
4.55
3.86
-6.576
-1.192
-10.459
-26.476
-3.974
8.28
5.6985
-8.31
-6.739
0.7365
-3.16
7.9
4.7915
1.992
1.565
3.9805
7.8565
5.3265
4.6825
3.945
12.9515
2.4555
-10.594
-12.52
3.392
1.8635
-12.191
2.109
10.8705
7.1215
6.4675
-0.983
-12.77
-7.076
5.183
2.3725
5.473
-10.978
5.2655
-2.501
-6.977
1.7805
-1.531
-5.567
10.2175
2.205
-4.336
-5.858
3.9525
5.783
-12.422
-3.742
-21.407
-2.487
-13.153
13.544
14.3974
16.9101
15.4262
16.8547
29.0944
20.6981
16.1449
18.5358
22.2328
5.7622
9.3684
24.0587
18.2487
7.1418
23.6002
51.6128
16.7978
54.7886
16.0058
15.1864
14.6377
23.2902
11.5499
14.51
21.8847
5.8094
3.4711
18.6153
19.439
19.3077
18.9695
12.0822
26.196
16.5975
14.7758
25.0453
-1.317
6.5415
9.2144
8.7619
16.8937
10.1219
35.2492
24.5562
14.8428
14.1628
18.2533
10.3937
-0.157
6.1512
20.4507
21.0948
26.7507
25.9577
14.8379
17.3495
11.9589
17.3914
29.0085
9.5269
57.3538
51.6281
17.8478
20.5228
19.4465
19.742
17.9528
17.3455
10.2054
13.8875
23.7124
10.2999
16.6381
17.4091
16.2514
2.7985
19.3829
12.8739
35.1267
8.8905
25.1592
25.2923
52.7788
7.4443
9.8204
22.8241
1.1119
10.8954
19.7659
22.3553
21.2859
13.4565
18.1204
13.4915
14.1029
36.5427
14.6879
18.0897
25.8986
11.9534
16.3264
9.8196
32.4517
7.7563
58.1861
12.6001
18.7071
12.0108
18.616
24.2049
14.4054
23.2828
46.4425
10.98
23.1199
18.8194
4.5771
12.1055
13.1848
19.9049
18.6047
8.1133
3.8933
57.3538
7.0166
18.5062
15.243
17.2516
14.504
26.046
23.3719
12.4845
11.7096
18.1007
8.6874
34.9714
12.7749
53.6192
55.0884
16.9531
23.9891
23.9754
15.6244
10.6155
3.1238
9.8889
6.9751
14.0384
2.7741
37.2223
16.5512
37.0631
15.7464
-12.771
28.2636
19.6497
18.0208
15.2715
15.6962
18.7116
14.1197
22.7098
15.6996
19.1258
-5.628
17.3939
8.9161
60.4562
26.0576
21.7103
26.838
54.1891
20.0998
17.6174
4.617
18.094
14.8168
24.1746
30.0419
10.7475
18.864
15.5826
12.2639
14.2801
18.739
21.8262
52.001
12.3753
19.7987
12.8487
50.9665
5.2917
13.5416
17.9763
14.8447
27.1615
21.1506
24.5662
20.7153
19.3935
0.8193
24.8904
13.7754
19.6884
21.5108
16.4522
32.8279
10.1395
12.0489
10.7269
11.7873
15.5795
13.8542
54.2463
48.2674
7.447
18.7886
14.9955
20.1136
17.6719
15.8649
7.9575
23.8979
13.0629
7.2678
20.2287
42.4048
12.9026
7.2975
21.9859
14.3606
22.2793
47.3882
17.047
19.538
30.0397
16.1379
14.2615
18.3826
21.5948
51.5089
19.8845
23.0136
18.2882
16.6294
31.3139
21.0806
23.1772
7.0451
21.3029
15.2644
14.8988
19.964
18.583
10.8998
27.9098
23.531
20.4265
16.4492
10.0551
10.8606
26.9116
10.3423
14.6006
18.3435
2.1911
22.6526
19.1492
32.5918
50.2112
-5.969
22.2947
17.4795
15.2463
17.9984
9.8485
9.1803
18.765
23.6035
16.2393
26.6431
16.487
26.1568
18.0413
27.8558
14.8134
27.1848
19.0935
46.9335
18.8398
55.1208
55.0326
21.3645
28.1062
15.6409
12.0299
10.5507
6.2856
17.5035
20.9817
24.6931
19.2738
14.9151
21.659
27.7738
34.555
22.6709
21.5054
21.4958
20.1695
15.7048
21.7249
10.6282
12.9537
25.0277
8.2535
6.3354
47.12
18.401
24.9764
22.72
8.3638
18.9841
15.8145
53.283
25.3975
22.3563
18.4474
14.8897
15.5777
8.5549
21.7911
47.5795
24.2255
51.9254
52.0855
24.948
25.4793
15.1873
12.7668
23.8297
21.2081
13.6548
29.3487
20.1661
32.5892
2.1248
21.1244
19.5422
19.6801
17.5012
14.0347
17.6174
16.5596
10.3353
23.345
45.9233
24.4655
18.2022
19.6769
15.955
19.1966
18.9365
21.9695
8.6971
0.0769
10.684
14.2456
40.7763
34.8884
14.7275
8.213
52.3082
27.5195
42.7982
28.9321
18.6315
9.203
17.7768
14.8438
5.2193
10.9778
14.8962
17.7508
9.0783
15.4607
14.3868
46.4049
17.266
10.2797
24.1112
22.778
23.0135
13.2155
20.9873
17.552
27.9603
28.5297
20.4874
17.0208
6.696
5.7644
21.3828
15.9296
13.5415
26.784
15.621
20.7986
8.4825
34.2145
38.3878
18.5655
24.4489
38.9205
13.5133
30.3953
27.1517
43.3365
28.3555
15.4125
7.1685
24.2435
21.8515
33.245
15.2459
10.4021
6.0993
36.7907
1.5811
40.8514
23.0491
18.7905
19.5601
21.4708
14.4935
4.9332
25.1763
10.2154
5.2234
22.9
19.2493
24.5453
12.721
2.5985
15.5895
31.111
23.6995
19.7852
10.3264
50.8632
25.971
20.9333
40.7186
43.815
9.2799
19.5525
36.2644
6.7343
9.3025
17.0276
21.5384
34.0435
2.0384
24.5052
9.9952
41.4849
22.2983
21.6185
19.4758
14.6775
20.9616
39.6466
16.6091
5.885
12.5347
6.001
9.77
14.45
26.815
28.519
17.8295
13.675
26.047
18.66
23.6675
19.9954
20.165
27.5505
48.5425
18.4437
27.5695
19.8672
18.3691
33.79
15.086
2.1298
11.1815
5.4458
28.5283
27.8115
2.946
23.7055
36.4348
9.724
27.042
24.064
14.418
26.7135
-1.531
22.3255
14.451
-0.284
9.3094
24.379
-2.92
19.7893
38.862
24.8238
24.1991
20.3261
19.2504
23.72
-1.257
22.2135
43.9372
17.0154
16.2323
14.1706
1.3406
25.9751
16.6716
38.8866
17.4627
13.2097
19.4294
6.152
15.0859
11.5775
39.2021
17.923
43.1776
23.7176
22.6951
27.4335
16.7971
25.5765
31.2197
17.0624
19.5724
28.291
20.947
8.539
35.631
23.7885
9.999
14.0529
25.2337
20.398
12.4115
18.2086
50.1506
20.5849
14.452
20.2964
24.606
49.8233
17.478
31.0572
16.2223
18.356
20.7891
28.903
18.468
19.5761
24.6758
13.2938
19.8555
19.5119
15.1851
6.436
12.3337
18.1431
17.8245
19.4312
34.0821
27.2995
17.7943
19.989
39.4971
25.8805
25.7192
23.0251
26.4305
17.0096
20.298
27.5815
36.4326
17.8148
10.6905
31.247
40.2715
41.4356
34.4209
38.3387
45.6373
25.7578
28.1687
38.8381
38.6482
38.6071
32.8678
40.7169
40.5301
17.7179
36.8924
37.5222
35.3217
40.5014
33.7708
31.2993
31.0304
38.4621
26.9323
38.7004
27.0855
34.0564
39.2227
41.2571
31.5032
31.7622
33.1132
29.4891
36.9448
25.2083
32.4435
36.5165
38.6793
33.0083
40.7891
40.9513
44.5858
44.1085
37.0177
43.1787
38.0857
40.1416
38.0866
39.9467
37.0467
27.9236
35.8062
41.2366
36.5411
36.5923
42.9856
34.6779
41.7942
36.1688
32.4365
44.7074
31.3064
33.0129
9.8942
39.1135
42.5014
35.4167
33.1169
33.8772
43.4916
40.9831
37.4031
37.0817
28.0934
30.9176
38.0994
27.7896
28.128
41.0108
34.4045
30.2788
37.3698
35.1356
41.759
39.2353
36.9442
30.6696
44.4308
32.8997
37.4523
35.0736
38.9622
36.2216
41.2063
28.2482
42.5765
38.154
47.909
34.5019
42.4052
39.7091
38.2133
42.4246
42.8404
37.513
36.9931
31.8007
34.3732
38.4809
37.1142
24.9089
39.0756
45.2647
37.3629
43.8668
36.2777
37.8165
41.6911
40.2108
43.0989
38.2473
32.3372
31.2815
38.738
38.9597
39.5675
30.998
29.2652
44.8311
41.9778
29.9507
37.5246
34.7331
28.8821
36.5873
39.2335
31.3447
35.2575
43.3681
36.9174
33.6223
31.6162
39.2164
36.2476
38.7459
36.7566
39.1468
36.1319
39.0106
27.9133
35.1491
33.8674
36.581
43.154
36.7957
40.4646
34.1095
31.9997
40.3388
27.9601
36.6836
35.0284
38.6693
42.0759
34.6435
42.1121
37.5793
41.3436
43.624
34.9383
36.5161
47.2
35.4492
35.0585
27.1572
44.257
35.2796
46.6117
44.6209
37.7514
44.0663
42.9125
39.5476
39.5568
35.2236
38.6875
34.6315
31.4443
32.2426
35.6609
32.1709
43.0004
34.3635
41.737
36.418
37.2927
40.0571
31.9472
36.0795
39.4998
37.566
32.5196
37.2591
35.9471
32.2446
32.3986
31.7627
32.4057
29.5474
34.0348
37.904
35.0496
37.1366
34.5891
41.3615
34.3422
37.8979
30.5558
39.4472
33.6852
37.6664
32.9989
33.5879
41.2961
31.4212
38.8383
37.1684
30.3661
36.8708
35.0061
37.0408
30.516
36.6551
37.5486
32.6713
33.119
37.1844
40.8281
32.284
41.8829
30.3686
39.9352
31.4597
36.0784
37.422
41.7828
41.0369
31.4533
37.9245
35.1398
35.3058
30.7326
33.3318
37.9934
38.8592
38.4295
40.4891
35.1912
29.3726
28.4496
39.4635
41.0641
38.1538
34.722
33.5634
36.473
37.8497
33.1904
37.7374
37.0806
37.6882
29.5908
35.7155
30.3719
39.4625
38.9155
37.2205
32.4398
36.2475
35.2849
35.7935
37.7332
31.3808
37.6457
39.8785
28.0519
38.3282
36.6522
33.3393
36.5143
33.5062
38.2811
43.9605
37.1053
42.7648
35.5704
35.3293
32.678
38.7231
34.589
31.6525
36.0747
39.6777
30.4373
36.4044
38.4855
37.46
39.0509
37.6316
39.1234
43.1313
33.7193
32.126
36.8311
42.4768
38.5493
33.5051
41.1804
29.4725
31.3925
37.8645
38.0947
35.8906
38.2792
36.5754
37.5349
41.3247
38.6354
40.8177
33.3718
34.2459
34.9571
39.5738
33.9115
38.3847
37.9561
34.6223
38.9553
28.8581
36.5699
33.5938
39.6582
33.3879
40.6846
32.3272
33.9185
35.5371
31.62
37.471
39.9963
35.8692
39.6159
31.0436
36.5929
30.697
40.4425
42.3783
44.1329
42.6702
35.0131
36.1064
37.3849
40.7167
37.6761
33.0097
27.0786
38.2775
38.0701
44.6735
31.2417
33.4135
39.9293
33.1727
29.8351
43.2264
37.5766
26.6415
32.0427
38.9353
32.5504
37.8685
33.6949
34.2448
38.7336
39.0512
29.0061
33.1976
45.4123
36.9295
24.7772
36.777
36.061
32.6038
40.3682
32.3901
35.9777
25.8851
37.1485
34.6919
40.3769
33.781
26.3713
27.9571
21.9428
25.8365
27.726
27.6055
19.3805
28.2559
27.4301
30.816
31.1216
31.702
24.231
29.5066
23.6557
23.3418
22.1655
27.5602
20.3937
27.8059
27.595
27.2599
25.461
24.9359
20.5104
26.7157
22.6063
22.7067
31.6526
24.9831
21.327
24.6818
27.9257
24.7435
29.5922
31.8452
20.0255
24.9605
20.2534
19.8332
22.6671
26.4085
23.6664
20.98
11.5255
25.1551
26.4939
21.148
23.5814
27.316
27.7872
21.9309
26.6535
26.871
27.779
21.6856
28.7632
28.4398
30.1341
20.6012
27.4605
26.9251
25.9578
21.4533
23.3615
13.6045
27.0661
21.1325
27.5195
22.2325
32.277
28.9189
25.9695
24.3244
33.1671
23.5913
21.2958
30.2443
26.3525
29.153
22.5041
23.661
14.6735
17.6574
21.0708
26.7542
21.5918
24.1993
24.5345
22.4532
27.2036
29.0974
23.9933
25.0057
23.0144
28.054
27.1625
25.3477
24.4974
31.838
30.2815
22.5488
22.4475
27.512
28.183
25.259
26.8316
23.8572
29.815
25.7195
33.1921
20.0252
29.2515
25.1908
25.7111
26.3306
26.6414
24.5655
31.515
26.1645
24.1589
27.18
29.9197
30.1864
20.6022
23.2189
24.6381
28.2501
21.842
24.8911
20.83
24.4047
25.5554
27.1998
30.6825
29.462
25.6037
28.0462
29.2623
29.8255
26.662
28.471
27.4322
21.1493
33.449
26.7944
25.686
25.5526
24.005
25.4254
29.9044
21.3298
29.58
28.133
27.507
26.4486
23.3389
20.6906
24.9405
29.7028
30.0439
20.8662
22.4445
11.601
26.054
27.1689
30.6306
26.5358
28.073
23.0118
25.0916
24.11
29.9175
28.145
28.5251
24.2554
28.5628
32.3749
28.045
24.215
29.3709
30.6736
23.488
29.9873
29.0232
29.9053
22.7503
30.3719
14.7207
24.2741
32.2766
30.3409
20.8459
19.5513
27.2843
29.9753
22.7975
31.0828
22.3613
30.114
