-0.95613
1.04433
0.11475
-1.43473
-0.21346
0.44896
0.68798
-0.47331
0.67094
-0.51
-0.57312
0.77126
-0.21457
-0.61074
-0.27887
1.60856
0.42993
-0.32549
-1.07208
0.25071
-1.20131
-1.26037
0.36101
-0.00189
-0.28099
0.646
1.23131
1.9325
1.01837
0.21962
-0.167
-0.51158
1.02698
0.37773
-0.45157
0.1408
-0.15153
0.00449
-0.13017
0.1969
0.38233
-0.80444
1.4044
-1.15916
0.39966
-0.96934
-0.15041
-0.17695
-0.76595
0.00266
-0.29206
0.76862
-0.12972
-0.40453
-0.08699
-0.04027
0.56882
-0.30838
0.33539
0.0852
-0.93643
0.0383
0.48703
0.75603
0.21504
0.89373
-0.05799
-0.90336
-4.20873
-1.14863
-1.20192
-5.47343
-2.11753
0.50402
-1.17649
-2.45996
-3.63493
-1.58138
-4.38963
-3.33713
-0.36058
0.44606
-3.62253
-0.38863
-0.77723
-7.02493
-0.74181
-2.09985
-0.52502
-2.44776
-2.00564
-2.8473
-2.52192
-2.28627
-2.38384
-1.18972
-3.03033
-3.60933
-2.03524
-3.11313
0.45528
-0.4049
-5.47843
-4.66653
-5.09483
-5.14183
-3.33073
-3.73383
-2.72583
-1.50954
-3.17083
-6.00533
-0.06251
-3.30773
-4.99453
-2.16442
-2.61413
-0.54368
-1.33036
-2.74233
-1.7311
-3.80963
-0.49359
-3.05293
-3.25453
-2.52104
-1.96366
-1.56824
-2.31141
-2.09144
-2.58222
-0.53379
-2.30328
-3.28123
-1.59631
-0.89625
-2.74859
-4.08473
-3.01303
-2.1393
-3.45133
-4.67073
-1.10786
0.23003
-4.48133
-5.46573
-1.9031
-1.24966
-4.50193
-4.39543
-2.05868
-3.30603
-0.10118
-2.62258
-0.33695
-2.09649
-3.91933
-2.49883
-3.45903
-1.6456
-0.90065
-2.14266
0.2619
-0.63243
-1.69128
-1.90185
-3.76663
-1.28944
-0.2365
-3.70173
-1.62794
-1.22231
-1.48865
-6.57443
-2.06205
-5.60183
-3.69303
-2.30076
-2.40797
-1.6088
-1.7646
-2.78355
-1.7945
-2.79896
-0.27331
-0.97031
-4.70763
-3.25243
-1.53218
-1.16781
-4.25333
-2.5661
-4.87733
-3.73383
-3.09223
-1.26828
-1.90857
-2.40247
-1.93169
-1.86359
-2.0285
-1.78538
0.23459
0.1033
-1.89868
-2.13808
-3.17863
-1.19182
-0.42583
-4.26543
-3.87273
-3.61153
-1.72266
-2.39349
-2.4447
-3.86853
-2.18859
-4.80423
-4.45103
-1.89137
-0.55562
-3.49193
-2.56995
-0.81179
-3.21203
-2.22431
-2.68719
-3.50163
-1.64109
-2.03427
-1.50919
-2.27451
-1.61557
-2.53008
-4.11243
-1.0582
-0.91985
-1.30586
-2.31542
-2.36573
-1.47289
-1.68966
-3.13503
-1.16869
-5.02823
-2.0384
-5.26273
-1.98861
-2.53808
-2.06497
-3.72713
-2.23493
-1.73737
-3.23123
-1.63118
-0.82659
-1.07215
-4.37083
-2.8216
-1.5671
-4.25833
0.06495
0.74131
-0.51914
-0.83265
0.44557
-0.45375
-0.47728
0.6277
0.28804
-1.37534
0.495
0.45391
-0.32335
-0.35525
0.09177
-0.31417
0.26543
-0.1075
0.34134
-1.24713
-0.82009
-0.86378
1.11226
-0.51653
-0.44173
0.50181
0.18998
0.55387
-1.93985
1.01814
0.74778
-0.64606
0.31872
-0.84385
0.64966
0.25293
0.93386
0.27129
0.6781
0.06737
0.31959
-0.09794
0.87663
0.05587
-0.28132
1.28923
-0.29629
-0.12744
0.13513
-0.09181
-0.00352
0.15605
0.31529
0.73483
0.2331
0.61941
-1.24173
0.19016
-1.36349
-2.54842
-2.35553
-1.6502
-2.84724
-2.35701
-3.13563
-1.91949
-5.55853
-0.58474
-5.10613
-3.35043
-3.72823
-3.24583
-1.26435
-1.90027
-0.30559
-0.60206
-2.03896
-4.60413
-2.29193
-4.10673
-1.69139
-4.16393
-2.50359
-2.27036
-4.14533
-4.76243
-3.39163
-2.07181
-1.87883
-2.97573
-3.41693
-0.30318
-3.19323
-3.19263
-1.22436
-1.11625
-3.20333
-5.23333
-2.00865
-1.79645
-2.1932
-3.09393
-1.67029
-1.72926
-0.12753
-3.08723
-1.07486
-1.45606
-2.60417
-1.02277
-0.87699
-4.83413
-4.61413
-3.67383
-0.99753
-0.78947
-3.06493
-1.7742
-1.73679
-2.77615
-1.61378
-4.61503
-2.05463
-1.1698
-2.89488
-5.42293
-2.45353
-3.01923
-1.32041
-0.10808
-1.25992
-3.65603
-3.71923
-2.92322
-4.24193
-2.871
-5.95123
-1.23669
-4.18043
-2.48801
-3.60643
-6.05153
-2.20484
-1.65011
-3.72043
-2.38999
-1.98722
-2.36131
-3.49463
0.18813
-0.4873
-4.38073
-1.62548
-3.63333
-5.22943
-1.82496
-1.00341
-3.67453
-0.26249
-3.26033
-0.54368
-2.62109
-0.78433
-3.80823
-2.32316
-1.01339
-1.56041
-3.09923
-5.39623
-4.52623
-3.87523
-5.48843
-4.22633
-2.59817
-1.18455
-2.11821
-4.44723
-1.08487
-0.3115
-2.87285
-3.02663
-2.27423
-4.06053
-1.43302
-0.6288
-2.63124
-4.23403
-3.68223
-4.29463
-2.82971
-4.16633
-4.46573
-5.32143
-5.76723
-2.40576
-4.85473
-2.60315
-7.99383
-0.24844
-3.39303
-3.19143
-0.7491
-2.17554
-4.66723
-3.76563
-2.26235
-3.44683
-1.67771
-6.82413
-3.46783
-2.03628
-2.6238
-3.92133
0.14477
-2.08102
-3.72063
-2.5404
-0.55041
-2.02826
-3.65763
-3.68803
-3.35643
-2.7887
-1.51713
-2.13348
-1.55004
-2.41582
-4.26863
-3.79383
-3.50863
-2.60948
-2.8083
-1.24478
-2.00754
-3.97623
-3.39393
-0.73889
-1.42193
-1.33684
-5.33633
-2.28939
-2.4583
-3.60483
-1.10011
-2.5869
-3.48993
-2.34461
-0.39809
-1.42897
-2.93513
0.4661
-2.17579
1.20723
0.58164
-0.17598
0.47441
0.7879
0.36175
0.65018
0.30987
0.54209
0.86141
-0.24468
-2.24128
0.72645
-0.17877
-2.01781
-0.35372
-0.85596
0.55586
-0.64636
0.28241
-0.2959
0.55373
0.259
0.64381
0.25001
0.70181
-3.55693
0.53512
1.19098
-0.04205
0.44842
0.94914
-0.31873
0.47535
0.08135
0.61873
0.70093
0.46415
0.90628
-0.17055
-0.11962
-2.10715
-1.25121
0.71894
1.1775
1.49147
0.00507
-0.40458
0.3085
-0.33189
0.97634
-0.99302
-0.49044
0.16256
-0.00021
0.85745
0.62724
0.72126
1.43418
-0.08508
1.19098
-0.19577
0.58431
-0.12095
1.37662
-0.09139
0.12317
0.733
0.36097
-1.12925
-0.22834
-0.57248
0.22582
-0.14158
-0.60667
-0.37183
-0.37694
1.1434
0.64282
-0.79938
-0.14566
-4.04063
-0.23355
0.40941
0.32478
-1.44206
-0.54474
-0.21478
-0.92015
-0.51961
1.0032
-0.33044
-0.25572
1.01092
1.67156
0.20039
0.35439
-2.80286
-0.60499
-2.45782
0.44932
0.67439
0.2853
-0.01767
-1.26851
0.67521
0.51176
0.17385
-2.54512
-56.8565
-15.9199
-2.46038
-28.96
-2.95783
-7.13193
-19.8652
-60.2274
-3.61563
-27.0107
-36.7685
-28.1481
-30.6829
-59.2885
-50.0289
-71.1219
-51.0613
-50.21
0.63024
-49.9822
-42.6655
-3.08053
-15.5257
-93.6919
-38.3535
-3.44963
-31.3008
-41.1942
-3.49163
-3.78073
-64.4001
-28.3609
-66.0197
-2.33313
-56.9169
-58.5842
-4.38923
-65.398
-27.1343
-4.36273
-42.4701
-55.231
-5.46873
-39.8774
-53.9706
-52.1486
-77.5173
-1.15345
-1.77563
-30.9463
-1.35226
-3.07573
-2.37201
-79.1439
-28.5739
-58.043
-6.50773
-23.2008
-37.6803
-24.5498
-3.92873
-2.20132
-33.6612
-16.1568
-56.4494
-17.6547
-1.84721
-58.1617
-2.95663
-3.47533
-4.65203
-2.3253
-53.5084
-55.3527
-33.7732
-70.7886
-92.2661
-3.71903
-20.12
-59.7862
-47.7071
-2.82497
-1.2746
-5.38613
-1.80117
-49.825
-22.383
-22.2433
-60.7556
-61.5328
-1.73078
-60.7374
-28.4343
-4.08903
-2.15792
-41.8212
-37.262
-14.7274
-34.1421
-0.47792
-1.33624
-38.1679
-53.4937
-23.9053
-3.35783
-58.2892
-37.6059
-29.9837
-3.66743
-30.7516
-35.7455
-1.82168
-3.20633
-30.0084
1.00836
-50.3546
-59.8844
-4.23173
-0.9058
-20.6317
-48.149
-3.69773
-54.8416
-2.49498
-73.6474
-2.71664
-4.48343
-53.679
-30.0246
-2.66714
-5.31093
-1.63647
-42.433
-2.73364
-79.6914
-57.348
-15.0543
-28.1681
-56.5683
-46.2383
-32.3096
-1.81562
-51.6296
-53.1118
-48.3054
-0.38247
-2.06918
-62.2055
-1.35998
-61.3459
-49.1427
-55.4329
-15.6217
-0.18571
-36.4406
-4.00783
-38.4053
-56.0477
-2.21004
-1.81712
-5.74313
-0.99654
-39.5346
-52.8571
-22.3302
-2.00691
-69.9632
-3.59263
-52.6028
-30.7179
-56.1267
-45.0333
-2.3158
-4.78983
-60.302
-0.97707
-18.3738
-45.9638
-55.435
-4.22313
-1.97229
-1.33626
-4.01063
-81.9863
-56.7961
-2.58635
-78.7691
-28.2682
-45.4319
-52.9475
-45.2194
-54.8947
-14.996
-4.21813
-3.85563
-50.8919
-18.152
-3.41873
-0.18016
-1.09888
-0.18436
1.10521
-0.34874
-0.23226
-0.43713
-0.51185
0.30934
-0.7635
0.24538
0.1211
0.29641
-0.46182
-0.99435
-0.60796
-0.50732
-0.98622
-0.94321
0.11949
-0.37066
1.0218
-0.48087
-0.01398
-1.43395
-1.66038
-0.72355
-0.33586
0.69448
-0.93242
0.97215
-0.46755
-0.22724
0.91374
-1.08604
-1.19154
-0.28726
0.09594
-1.12993
-0.26398
-0.53425
-0.46871
-0.79812
-0.15707
-0.52043
0.19948
-0.9
0.13312
-0.04463
-0.38468
-1.05249
0.67534
0.20244
0.05595
-0.04341
0.38503
0.35254
0.03209
-1.23357
0.02211
-0.29553
-0.25035
0.39462
0.30696
-0.12572
-0.12743
-0.59836
0.07377
-0.16635
-0.77564
-0.23929
-0.43597
-0.99651
0.20201
-0.3179
-0.52831
0.19498
0.01214
0.51512
0.40136
0.20331
0.12199
-0.83292
0.40274
0.67633
-1.00984
0.35688
0.11204
0.03792
-0.52739
0.0737
-0.10642
-0.61819
-1.36765
-0.3916
-0.11094
-0.72182
-0.20748
-0.3762
-0.37863
-0.81823
-0.49575
-0.71713
-0.77054
-0.23777
-0.17283
-0.05928
-0.81358
0.48308
-0.02425
-0.17124
0.51354
0.8487
0.09015
0.23073
0.50068
-0.94462
-0.7403
0.16919
0.38984
-1.43277
0.69273
-3.76823
-4.08943
-39.4305
-3.01553
-5.59323
-5.20493
-4.18773
-25.2944
-56.0189
-9.45743
-14.2511
-21.6547
-3.42453
-3.40513
-2.51503
-4.95273
-18.3939
-10.1772
-16.4054
-21.8535
-9.32743
-5.23903
-0.90878
-2.81245
-4.57523
-7.03183
-8.79073
-13.5727
-4.35553
-47.5849
-6.76343
-9.90303
-18.5575
-26.078
-4.89143
-2.80887
-7.03003
-2.73294
-5.22613
-3.73413
-10.4603
-12.4243
-18.1437
-2.52808
-4.36893
-12.4952
-8.85973
-22.3143
-1.53407
-20.932
-1.87203
-5.03463
-0.63239
-12.5981
-11.7964
-8.68733
-28.1985
-3.71043
-32.1413
-0.47153
-11.6479
-5.42953
-18.7837
-18.7056
-25.0313
-5.84153
-5.28813
-34.0602
-24.1217
-12.9312
-22.3344
-33.4714
-13.9453
-20.7434
-52.1974
-21.7793
-17.3274
-19.8159
-29.3176
-8.01743
-18.1996
-7.72373
-27.4585
-10.1448
-25.4023
-18.4913
-45.9367
-7.26503
-4.67653
-22.499
-4.72553
-8.82613
-4.40063
-12.1343
-12.5951
-3.18853
-38.7798
-3.30053
-8.90493
-1.55363
-0.54434
-13.4501
-31.6607
-4.97943
-14.7118
-31.1328
-28.8318
-3.39063
-5.47733
-1.13014
-9.60223
-19.8449
-47.9138
-4.53903
-10.3036
-7.32423
-29.2918
-0.23095
-3.76723
-27.0998
-34.5502
-2.26426
-28.9478
-7.48883
-32.9258
-11.8382
-8.34733
-3.38243
-4.71523
-41.7525
-14.55
-21.0588
-36.7518
-5.68353
-46.7759
-1.1281
-12.35
-15.0414
-11.2741
-46.0387
-2.10609
-20.3649
-11.2683
-6.22303
-6.64783
-29.2327
-5.93713
-14.161
-6.53493
-3.32843
-2.90788
-3.45393
-5.45533
-1.92599
-38.0317
-15.6165
-21.533
-17.0799
-3.81433
-7.42853
-23.2683
-8.82313
-4.71883
-4.29483
-2.70477
-19.7796
-23.0501
-22.636
-35.6852
-5.47743
-6.98463
-5.62983
-12.9476
-0.74246
-31.3112
-25.9842
-21.399
-5.10973
-38.3666
-4.86893
-10.1777
-5.05383
-21.6467
-10.3721
-2.27333
-10.2673
-17.8676
-13.1468
-17.0115
0.20728
-4.44633
-38.228
-20.0434
-22.8094
-4.83793
-2.75861
-13.0335
-41.3025
-19.1835
-13.9423
0.29531
0.09235
-0.33902
-0.14725
0.57403
0.32904
0.23797
-0.19559
0.16427
-0.02959
-1.6666
0.9056
0.56342
-0.86558
0.61346
0.22877
1.8043
1.48562
0.14754
1.11887
-0.00672
1.04273
1.37532
1.6183
0.57309
0.23726
0.89068
-1.70352
0.5782
0.00942
1.25509
0.5361
0.02335
0.09124
-0.39529
-0.6182
0.167
-0.60491
0.07032
-0.38647
0.75134
-0.81287
0.31136
0.06622
-0.00358
-0.054
0.46491
-0.41542
-0.40058
-1.21562
-0.52017
0.44899
0.22933
-0.73514
0.15017
0.28393
-0.05099
-0.86365
-0.06758
0.2474
0.1171
0.39102
-0.01766
0.42885
-0.38534
-0.69414
0.79629
-0.85873
0.4946
-1.36594
-1.76253
-1.6166
-2.85507
-3.35723
-3.64433
-3.93903
-3.30843
-1.49931
-4.49053
-1.44014
-1.60485
-1.5362
-0.5324
-1.37275
-2.36419
-3.16053
-2.43394
-0.85353
-2.69271
-4.62863
-1.28691
-1.46863
-3.38413
-5.78353
-3.92393
-1.35335
-3.63073
-1.36854
-1.59487
-1.64794
-2.64793
-3.26203
-4.11533
-3.35003
0.76741
-2.41296
-3.99843
-2.17933
-2.98293
-2.88101
-0.13293
-2.22216
-1.52124
-2.43827
-0.7171
-2.54107
-2.28792
-0.99675
-0.7812
-0.33646
-3.13013
-1.23634
-1.62814
-2.1811
-2.36859
-1.07814
-5.04933
-2.48208
-3.50553
-2.13283
-2.99393
-1.71303
-3.24923
-3.58753
-2.50874
-0.3898
-1.30978
-0.04613
-1.47244
-3.02983
-2.91452
-4.17193
-3.16463
-3.38603
-2.47604
-1.54414
-3.11133
-0.68275
-0.3329
-2.42005
-0.80379
-5.32283
-2.36376
-0.42952
-1.18323
-5.98793
-1.2487
-1.32319
-1.93339
-0.83505
-3.19423
-1.48232
-2.16459
-1.81614
-6.35293
-2.85222
-1.6259
-1.61427
-1.59639
-3.63903
-2.5134
-0.26559
-0.41827
-2.01224
-1.47286
-0.01748
-1.99569
-2.72234
-1.2348
-1.20376
-2.18662
-2.01949
-2.54084
-5.56153
-2.69127
0.01806
-1.91041
-0.8491
-0.13252
-1.22847
-2.36571
-2.59537
-0.94982
-2.96323
-2.54467
-1.45108
-1.11527
-2.56174
-1.68764
-1.07918
-2.13224
-0.79779
-3.29523
-1.68768
-3.66653
-2.2197
0.30885
-2.03985
-2.53172
-2.54583
-6.92973
-1.8227
-0.82662
-1.53559
-2.72707
-4.76803
-3.05973
-3.88803
-1.37623
-2.21205
-2.3546
-4.15353
-5.17703
-3.57643
-3.96213
-1.13261
-0.14777
-2.43512
-4.72183
-2.17902
-2.27515
-2.8018
-6.90453
-0.93645
-1.09089
-3.80383
-1.54555
-2.6883
-1.23138
-1.66881
-1.76013
-3.06183
-4.07093
-1.78413
-3.52803
-0.09521
-0.37557
-1.75385
-2.94173
-1.85545
-2.207
-3.04703
-1.76889
-0.05764
-0.72866
-0.56759
1.42028
0.08976
0.52194
0.13732
-0.13145
0.56947
0.6765
0.40543
-0.67283
-0.22632
1.3027
0.23325
1.34551
0.4037
1.36973
0.65127
-0.73668
-0.39215
0.24792
0.15384
-0.1539
0.6892
0.16134
-0.65313
-0.41951
-0.03934
0.45505
0.83697
0.38884
-0.27796
0.70075
-1.22008
-0.07504
0.20041
1.2353
-2.44272
-1.86082
-1.28343
-1.80795
-1.89147
-4.03583
-1.10915
-1.78958
-1.72222
-2.06528
-1.71272
-2.24346
-0.96499
-2.61373
-4.25393
-0.73425
-2.08238
-2.8908
-2.14332
-1.13351
-1.76051
-2.22284
-0.23516
-2.03598
0.03556
-2.30383
-1.80953
-2.61028
-3.19063
-0.754
-1.23097
-2.55351
-2.91541
-3.19093
-1.48697
-3.41733
-1.92482
-1.59765
-1.54385
-2.56121
-2.72816
-0.43855
-2.51515
-4.07453
-1.73321
-1.00601
-1.75022
-4.04913
-2.08105
-0.56431
-1.45898
-2.98063
-1.70467
-2.20768
-3.58543
-2.79245
0.34462
-1.48218
-2.36477
-2.09351
-3.82613
-3.61523
-1.86525
-2.71504
-0.97435
-1.45322
-1.06625
-2.25166
-3.09323
-4.42523
-3.26863
-1.7708
-1.38419
-1.03331
-5.56993
-2.18386
-0.00492
-4.00353
-1.06082
-0.38829
-1.66893
-2.30983
-2.06037
-3.63703
-2.03085
-1.95316
-1.65839
-1.92911
-2.29469
-1.33364
-5.55413
-3.08923
-1.57278
-1.97245
-4.62693
-0.05961
-0.61906
-4.44343
-2.59124
-0.28101
-2.60514
-2.31214
-3.36793
-1.33165
-2.32809
-2.86739
0.21321
-2.93543
-2.4614
-5.83133
-2.95463
-4.18463
-0.02619
-2.54789
-2.63149
-1.40495
-3.05803
-3.65503
-1.22613
-1.56711
-1.9197
-1.81925
-2.06331
-1.14904
-5.47253
-1.45925
-2.81811
-1.23035
-0.92117
-1.19648
-1.53814
-4.72203
-1.94729
-2.35883
-3.59773
-2.24378
-0.49565
-0.06983
0.47248
0.61611
0.46929
-0.36134
0.0459
-0.13486
0.01878
1.37142
-0.55601
-0.35821
0.22793
-0.30429
-0.4645
0.31443
0.02323
-0.19342
-0.7527
0.69243
0.03262
0.29365
0.16566
-0.35685
0.657
-0.83665
0.94856
0.49225
0.02392
-0.90978
0.79461
0.87336
-2.74131
0.87017
0.91719
-0.16309
0.10957
0.39034
1.16449
0.53037
-0.24812
0.4066
-1.02245
-0.1802
0.30275
0.67486
-0.49363
1.08401
0.90992
0.49188
0.16144
0.53606
0.1768
0.19131
0.63738
1.03814
-0.34044
-1.57905
0.61697
-0.30551
-0.26948
0.3847
0.88403
0.01416
-0.61434
0.84884
-0.95753
0.89112
-0.66532
0.08925
-0.52505
0.35963
-0.33862
0.16599
0.79668
-0.01471
1.39999
0.95477
0.10633
0.68176
0.31265
-0.68893
0.14478
-0.01097
-0.10512
1.39794
0.1196
-0.16291
0.81384
0.43529
-0.50704
-0.38239
-0.28508
0.77748
-0.50711
-0.94484
-0.7016
0.14496
0.89861
-0.2463
0.24731
-0.42973
0.35741
-0.40007
-1.17052
-0.28468
0.0682
0.69927
-0.14647
-1.74351
0.35577
0.05623
0.32442
0.21759
0.87158
1.11763
0.99012
1.19849
-0.30612
-0.39199
-0.30106
-64.9019
-1.87372
-2.21078
-4.08143
-1.97693
-31.2527
-3.95853
-1.70545
-0.54797
-1.81153
-1.97589
-27.4203
-26.0318
-0.51551
-3.60313
-5.54133
-40.0067
-47.7408
-2.17312
-4.19603
-45.9102
-1.56146
-2.16835
-2.07347
-2.67296
-26.8503
-28.4534
-2.6433
-1.30425
-1.50874
-1.46853
-0.69892
-3.09143
-1.30619
-44.4766
-25.7557
-32.0223
-19.2876
-3.19883
-0.27193
-2.47146
-1.29938
-2.98763
-2.88446
-7.06503
-60.6011
-3.17643
-30.0594
-59.1046
-1.48834
-3.40143
-1.54038
-1.32627
-39.9602
-3.63393
-28.7887
-2.25329
-3.88663
-0.58405
-2.50238
-2.01346
-0.75636
-2.3074
-19.9346
-2.68496
-2.1397
-2.60023
-1.54227
-4.70453
-0.42459
-47.4122
-1.48668
-0.2958
-17.2413
-1.7566
-43.1499
0.33026
-2.0114
-1.4414
-13.8227
-2.58573
-3.13123
-54.3954
-2.13836
-2.07321
-5.16163
-38.1426
-1.76578
-35.9177
-37.9639
-1.24427
-62.3171
-2.77031
-2.48384
-0.98285
-42.3168
-1.79369
-25.3943
-48.804
-0.78186
-4.98473
-34.3519
-1.63883
0.07476
-2.39038
-13.5398
-0.94503
-45.5842
-40.0237
-41.1043
-40.9295
-3.94523
-32.9885
-3.01143
-43.7154
-3.26903
-31.0097
-59.3187
-51.5902
-51.7795
-58.6923
-27.5399
-35.6009
-57.7352
-23.8781
-1.59434
-42.4733
-34.6724
-17.6689
-3.14963
-58.9766
-31.7301
-50.772
-2.61252
-31.3281
-4.02663
-25.4652
-4.33123
-2.90111
-2.8247
-16.3215
-53.1787
-1.35441
-2.54469
-3.21733
-0.5708
-1.9487
-20.9548
-1.63393
-0.7492
-58.9465
-23.4284
-20.8039
-0.99679
-1.90331
-38.9996
-2.04861
-1.22196
-1.56323
-2.60442
-33.7683
-1.61289
-1.07303
-26.0872
-1.80712
-3.05643
-0.87646
-17.9587
-17.7133
-2.53249
-66.6339
-1.99114
-15.5509
-15.5807
-2.42308
-43.1446
-4.33793
-30.3397
-0.2394
-20.2563
-48.5502
-4.83673
-46.8036
-2.76785
-1.43536
-1.42479
-3.07453
-41.6069
-1.08279
-1.66964
-2.0208
-4.78433
-0.52492
-3.13423
-31.956
-0.79115
-0.62405
-0.5465
-35.8977
-2.62437
-0.80533
-0.21465
-1.00556
-1.08732
-1.82434
-0.46831
0.00921
-0.8387
-0.35826
-0.17163
-0.87272
0.86422
-0.14892
-0.4485
-0.22961
-0.08227
0.08063
0.39559
-0.16479
-0.12626
0.28281
-0.89067
-0.15707
-0.95207
0.12789
-0.67471
-0.0468
0.0621
0.65751
0.0713
0.31013
-0.89993
-0.32637
-0.98004
-1.66406
0.15426
-0.58498
0.17613
0.17765
0.0919
0.67582
0.22278
0.7519
0.33414
-0.44509
-1.90931
0.32229
-0.25944
-0.60416
-0.55743
0.78054
-1.51425
-1.06364
-0.01494
-0.62828
0.31201
-0.00987
-0.2822
0.28704
0.21787
-1.36539
-0.54112
0.06352
-0.28522
0.25301
0.44177
0.79765
-0.92304
0.02679
-2.56946
-0.98242
0.45895
0.54125
0.52732
-0.92381
-0.34895
0.26626
-1.40279
0.1338
-0.65577
-1.34499
0.9322
0.72313
0.71439
0.30879
-2.01513
-0.23957
-1.01734
-0.74425
0.11142
-1.03854
-0.37969
-0.21935
0.44901
0.28109
-1.91734
-0.16865
0.35675
0.7248
-0.96281
-0.69863
-0.38843
-0.79608
-0.57386
-0.62524
0.74855
-3.59923
0.47942
-0.52711
0.05168
-0.31845
0.03396
-0.72575
-0.12896
1.55777
0.53147
-0.96674
1.0339
0.00576
0.01101
-5.20823
-2.86535
-9.59563
-4.13533
-2.46868
-32.3986
-31.8495
-11.1589
-10.7283
-4.51273
-41.153
-4.32873
-39.4042
-9.13973
-75.3058
-8.41483
-1.88393
-28.0546
-23.5908
-3.08663
-2.8532
-42.0384
-12.2643
-9.83563
-10.0607
-4.43663
-31.9963
-27.4716
-3.54813
-10.3016
-0.98136
-3.41123
-6.27713
-5.91933
-6.93913
-12.4706
-2.50751
-15.9669
-23.4098
-9.32583
-1.76971
-5.16383
-4.08673
-43.1223
-5.95953
-36.3729
-2.82883
-1.96839
-11.0786
-6.40943
-21.0416
-34.0343
-20.2599
-33.4145
-8.32243
-3.82503
-52.7055
-3.39623
-5.84083
-3.20813
-22.6142
-14.9418
-7.90763
-1.22315
-2.4868
-8.79383
-28.9354
-9.10813
-0.33879
-16.3595
-21.8605
-5.27673
-13.9784
-1.47092
-3.27273
-20.73
-2.25604
-7.94673
-2.82609
-7.93233
-9.25763
-6.88153
-6.77183
-10.3264
-16.8374
-1.27833
-13.6183
-9.65783
-4.42523
-12.5872
-2.98903
-2.76405
-20.8414
-51.1004
-7.57853
-6.97033
-8.40043
-6.04793
-12.9508
-22.4193
-32.8217
-4.44643
-8.71153
-26.2866
-4.02023
-11.4369
-16.6297
-35.4282
-9.10383
-19.1101
-43.2206
-5.46463
-11.822
-20.8179
-3.33613
-46.0975
-9.68263
-3.37223
-8.89843
-4.82423
-0.52864
-30.9214
-45.2858
-11.8424
-1.08405
-5.04743
-14.9171
-19.599
-2.11197
-24.9641
-10.4403
-4.33863
-19.9179
-9.16253
-3.83473
-3.40813
-4.01223
-7.08223
-42.8682
-5.61183
-9.66753
-7.79303
-4.97223
-21.0514
-11.8482
-8.95713
-12.4537
-7.25873
-5.15883
-13.8076
-5.34903
-5.97153
-14.047
-4.80653
-29.2728
-0.50918
-9.30813
-5.54323
-21.0681
-3.30813
-11.0225
-10.2818
-15.5287
-4.30653
-18.5274
-14.9573
-16.0133
-57.283
-9.96873
-16.9707
-4.13903
-14.6709
-6.01833
-5.76763
-5.66173
-10.6094
-4.52643
-15.5347
-10.44
-11.0183
-14.2296
-1.07841
-7.18183
-4.15933
-36.5039
-26.9532
-3.69563
-6.15743
-22.4565
-4.43643
-5.29223
-13.6745
-4.43243
-12.6133
-44.3499
-23.146
-23.4925
-17.1264
-34.6918
-13.819
-0.01321
0.58424
-0.73805
-0.46047
-0.10662
-0.82316
0.76906
-0.43198
0.65326
0.17607
-0.46561
-0.02201
0.4601
-0.31878
0.05642
-0.14011
-0.01321
0.30376
-0.52775
0.65318
-1.89738
1.41369
-0.07797
-0.31362
-0.29248
-0.44827
0.35539
-0.48817
0.49854
-0.10326
0.94672
-0.32135
0.5806
0.66021
-0.05466
0.96109
0.21578
-0.19264
-0.69637
-0.0647
0.69484
0.56599
0.45635
-0.48266
-1.00445
-0.38248
0.68049
-2.90325
-0.96242
-1.82077
-2.48226
-1.76295
-1.64504
-2.21712
-1.51469
-1.68959
-3.08683
-4.04563
-0.58686
-2.07194
-1.7335
-1.99039
-2.49551
-2.38539
-1.80444
-1.52798
-2.76351
-3.49673
-3.24553
-3.19043
-1.89024
-4.58663
-3.27353
-2.24576
-2.19584
-3.50443
-1.37931
-1.94219
-1.62964
-4.13473
-0.93687
0.58147
-3.35943
-3.27373
-1.55357
-2.37291
-1.53267
-4.08693
-2.19173
-1.98445
-2.12315
-0.7693
-2.42382
-2.05342
-3.12213
-2.46389
-2.22922
-3.26393
-2.65364
-1.63297
-0.28918
-1.17915
-1.50009
-5.65333
-1.28239
-1.72517
-3.45793
-1.24978
-4.48313
-1.08851
-2.71002
-4.52553
-1.43861
-2.07282
-1.38667
-1.69895
-1.40106
-3.31333
-0.59595
-1.14406
-3.29603
-2.17467
-1.90452
-1.36433
-1.86939
-3.27223
-2.1968
-1.52315
-1.47939
-0.81953
-1.04836
-1.88716
-2.87525
-1.08006
-3.08133
-1.18327
-2.64702
-1.1153
-0.79244
-1.83714
-0.79812
-2.10629
-1.72464
-0.35917
-2.06702
-1.25602
-2.40458
-4.91363
-2.08957
-2.21015
-3.02883
-1.64374
-1.79759
-0.88721
-3.40873
-0.85432
-2.45683
-1.35669
-0.92104
-2.0752
-3.32423
-1.43103
-1.82314
-2.28351
-0.5512
-1.38397
-1.19508
-2.74316
0.04995
-2.51
-1.50992
-3.11503
-1.88234
-3.27993
-0.42133
-1.63536
-2.73646
-2.92983
-3.94473
-2.15634
-1.34252
-2.31083
-1.00216
-2.89922
-1.51295
-1.59488
-3.96323
-1.96388
-2.29281
-4.87803
-2.19853
-3.35373
-1.06502
-2.67436
-3.21573
-3.35473
-4.10413
-2.00967
-0.77039
-2.8205
-2.87662
-1.14741
-2.12094
-0.49141
-1.95379
-1.44804
-0.27374
-1.75132
-4.44913
-1.37916
0.38127
-2.45788
-3.50893
-0.25406
1.30871
0.03724
0.00995
0.18096
0.24364
0.3069
-0.72317
-0.74776
-1.23004
0.80845
0.75941
0.06957
-1.03573
0.87627
0.65919
0.98788
0.72098
0.03115
0.51115
0.85968
0.68694
-0.33334
0.20866
-0.02701
-0.23601
1.19923
-0.06392
0.08264
-0.52179
-0.51196
1.28175
0.3325
0.04664
0.10298
0.78427
-0.32733
-1.12489
0.13902
1.13209
-0.08476
-0.75833
0.3804
0.71371
1.13844
-0.76618
-0.48428
-1.43487
-1.8991
-0.57517
-1.14035
-1.58366
-0.87711
-3.39003
-1.94497
-1.69775
-1.11828
-1.40195
-2.1548
-3.33513
-2.31262
-1.10415
-1.81205
-0.65569
-1.28219
-0.83294
-1.4649
-1.29396
-3.53403
-1.55229
-2.30489
-0.5553
-1.57376
-1.09346
-1.45129
-1.17648
-1.05599
-0.38361
-0.50138
-0.87988
-2.45328
-0.83655
-0.65303
-1.97561
-1.74012
-3.16823
-2.40559
-2.06827
-1.34337
-1.77546
-2.14823
-2.63905
-2.31387
-3.32433
-2.14329
-2.72307
-0.70142
-2.88645
-1.5224
-3.02683
-3.89593
-0.82795
-1.57471
-1.312
-1.98255
-1.57781
-0.15678
-1.00931
-2.08185
-0.34264
-2.33608
-1.7443
-0.65618
-1.39499
-4.50403
-3.30403
-3.40313
-0.42665
-0.47694
-4.18663
-1.91657
-0.86918
-2.70131
-3.61133
-2.68204
-0.67248
-1.89425
-0.91931
-1.60936
-2.19361
1.26422
-1.38212
-4.18033
-0.36615
-1.60529
-1.20182
-1.48541
-0.96748
-1.59019
-1.36353
-1.75079
0.1667
-1.23223
-0.9546
-1.63339
-3.15833
0.2043
-2.30825
-0.3435
-0.58356
-0.6511
-1.33669
-3.27043
-1.33718
-1.28284
-1.76898
0.6798
-1.66953
-4.00213
-1.57892
-2.2779
-0.52692
-1.81375
-3.45633
-0.75961
-1.75748
-0.76925
0.6849
-0.02275
0.64365
-0.69344
-0.05872
0.88022
0.69953
-0.25151
0.15032
0.19152
-0.20231
0.55029
0.14273
0.04909
0.44826
1.25505
-0.62642
1.46863
1.02565
1.19418
0.49261
-0.57181
-0.87009
-0.15921
1.02823
0.96456
0.10529
0.20735
1.01678
-0.75335
0.40113
0.46973
0.25168
0.00083
0.11452
0.20129
0.19714
-0.00129
-0.09264
0.83582
0.4795
0.65004
-0.66781
-0.30253
0.61063
-0.04525
-0.62609
0.24875
0.92851
-0.16776
0.79601
0.25491
0.51006
0.65783
0.43005
0.15788
0.44293
0.95735
0.18605
0.71873
1.65518
-1.00273
0.36721
0.63293
0.7217
0.5939
0.17467
0.02043
0.38594
1.47141
-0.28563
-0.28079
0.42331
-0.22627
0.01276
-0.44326
0.33245
1.14929
-0.05264
1.04009
-0.16216
0.18593
0.73722
-0.1082
0.37801
-0.00116
-0.38097
-0.1967
1.54827
1.12503
-0.00676
-0.51738
0.51817
0.00631
0.25451
1.71452
0.34017
0.84369
0.76319
-0.3486
0.55131
0.68053
-0.4346
-0.00532
0.35495
-0.15235
1.2956
0.28746
-0.05036
0.85522
0.64357
-0.95893
-0.21253
0.15502
-0.42089
-0.11439
0.37613
1.31406
0.32064
-0.19947
-1.01958
0.37308
0.45581
0.33491
-0.67666
-0.21764
0.74947
0.88322
0.10292
-2.77248
-0.75099
-3.91653
-31.3667
-1.67377
-1.38602
-19.5659
-2.59614
-0.64036
-1.00122
-17.1108
-0.43057
-43.5646
-1.15028
-2.19257
-63.0014
-35.9131
-2.54507
-1.5972
-0.88458
-2.31022
-2.8768
-2.11638
-1.5996
-2.51818
-1.89595
-3.37813
-0.20999
-0.85387
-2.79801
-1.81395
-51.8661
-0.8386
-0.61746
-45.2212
-50.3387
-3.09763
-18.5107
-1.26362
-1.26184
-45.9873
-3.45593
-2.99083
-15.3336
-0.68367
-2.15103
-24.729
-45.487
-47.5187
-1.66636
-2.68616
-3.14903
-21.0088
-0.5166
-3.03273
-1.17735
-2.28787
-14.054
-2.08017
-1.95788
-2.42853
-2.66126
0.23046
-40.4511
-36.5654
-1.97531
-55.2269
-6.85553
-1.41588
-1.49888
-1.20295
-2.97053
-40.0977
-1.3768
-1.09093
-0.96663
-3.21563
-1.33014
-0.4176
-2.85438
-48.3392
-0.42063
-1.04734
-2.15313
-2.67259
-2.46395
-3.64143
-4.71683
-2.81732
-1.36157
-1.09039
-27.1412
-2.42711
-24.167
-14.765
-3.29333
-0.9726
-58.3799
-30.6988
-2.40925
-2.38086
-2.42494
-1.8368
-2.30096
-5.16243
-0.82353
-1.2232
-3.47913
-3.05613
-45.9044
-52.0405
-2.6538
-1.80847
-44.1974
-43.5984
-14.5412
-1.53641
-2.25617
-40.8765
-1.15435
-3.21853
-2.68162
-1.69223
0.19743
-42.2753
-50.9026
-0.48702
-46.2671
-0.70402
-4.25443
-1.80084
-17.798
-3.34913
-2.48518
-0.48009
-52.6459
-0.81871
-18.6293
-50.668
-41.6619
-0.86421
-1.2494
-37.608
0.20992
-3.95183
-1.16623
-45.6022
-47.0143
-42.1594
-0.79186
-2.20045
-3.37643
-0.5662
-1.25695
-27.3466
-59.631
-2.74711
-42.227
-2.74922
-0.93519
1.09875
-4.02913
-3.49823
-2.41477
-0.01869
-3.02653
-1.34102
-2.96293
-2.0011
-0.39946
-38.079
-3.09603
-1.27348
-44.0428
-2.94073
-1.95784
-5.55383
-1.98214
0.20408
-2.2936
-15.7214
-1.92387
-2.3185
-2.53152
-2.28029
0.49675
-2.42553
-1.74368
-2.13684
0.0965
-0.40349
-3.89903
-1.41202
-35.0571
-2.24783
-55.8472
-59.8402
-15.3325
-0.09756
-17.5619
-0.23613
-0.39694
-1.78669
-1.85557
0.61454
-1.05585
-0.74012
-0.72461
-1.15091
0.4289
0.75397
-1.50124
-0.64802
-0.33821
0.48513
0.01411
-1.55384
1.9716
0.24751
-0.47301
-0.73267
-0.46822
-0.0857
-0.15035
-0.09949
-1.81039
0.13388
-0.15598
-1.5461
-0.8966
0.83632
0.26734
0.22775
-0.10964
-0.09
-0.83345
0.23557
-0.60162
-0.43695
-0.66705
-0.42717
-0.94713
-0.23693
-1.3983
-0.19416
-0.59982
-1.38562
0.43144
-0.06681
-1.25957
0.8323
-0.35758
-0.12406
-1.39597
0.29164
-0.26564
-0.02393
-0.39124
0.94652
0.32224
0.27216
-0.43313
-0.93246
-0.63092
0.25045
-1.19026
0.19562
-1.35395
0.69434
-0.93838
-1.1142
0.82426
-0.12602
0.04461
0.002
0.24159
-0.49026
-0.72378
-0.41067
-0.34955
-0.39765
0.35033
-0.01415
-0.67468
-0.95811
-0.96319
-0.72013
-0.75823
-0.30339
-1.03983
-0.71703
-0.91621
-1.29397
-1.21268
-1.3632
0.14541
-0.22541
-0.25095
-1.0158
-0.14508
0.09416
0.62343
-0.98688
0.3978
-1.02902
0.63137
-0.47862
0.18115
0.28311
-0.29548
-0.53967
0.42771
-0.7579
0.73246
0.12181
-1.22479
-0.71689
0.50551
-0.12404
-1.171
0.0882
-0.67733
-1.01906
-0.13741
-0.27756
0.15091
-0.76677
-1.2587
0.00631
-0.30088
-27.8907
-4.96133
-29.7631
-29.4505
-3.25993
-4.00343
-9.97673
-5.63003
-1.68359
-9.14033
-27.3568
-5.90193
-12.7174
-24.4496
-24.8336
-24.4607
-1.28431
-38.7918
-4.68253
-5.15913
-4.65023
-4.76613
-4.68293
-6.25573
-1.32416
-6.74323
-3.02283
-2.0486
-2.90307
-3.32453
-0.18657
-7.47253
-1.59352
-9.27473
-5.13453
-3.48563
-5.39093
-9.39783
-22.9926
-28.3688
-3.50083
-1.9532
-13.2329
-5.84303
-6.79873
-1.90061
-11.1048
-2.35
-4.30093
-1.48286
-4.38773
-2.421
-24.9316
-4.35013
-34.0102
-16.7723
-7.68383
-23.5487
-39.1865
-5.68513
-4.89143
-18.3108
-3.53593
-3.00203
-2.12987
-5.89283
-16.478
-5.99703
-0.37687
-10.0894
-12.9537
-20.5776
-7.70823
-0.24334
-26.4039
-40.841
-4.13573
-4.01423
-4.92603
-6.72313
-43.9607
-2.6528
-4.16563
-14.8432
-35.2077
-6.97713
-13.8434
-5.70973
-27.8106
-17.66
-6.58933
-9.62643
-2.21548
-20.5261
-12.8603
0.08506
-8.27713
-24.9799
-2.684
-22.874
-17.8966
-1.20427
-12.8643
-1.89152
-52.626
-9.53993
-11.3999
-3.51073
-9.20023
-1.98642
-3.15063
-4.59323
-13.7345
-7.40833
-4.04363
-3.82753
-1.91035
-11.3224
-2.66695
-34.6458
-9.95693
-5.78113
-1.16768
-12.5921
-14.0465
-4.77033
-13.4592
-2.57956
-5.76343
-3.01063
-10.5736
-26.5244
-5.65373
-25.2168
-3.62823
-11.4687
-34.7766
-4.54343
-5.50083
-7.53033
-16.9211
-20.4099
-2.3643
-3.79823
-4.45613
-3.36993
-16.2426
-4.67553
-8.87373
-6.46933
-3.20763
-6.72313
-17.9533
-1.55298
-32.9028
-4.77453
-7.68803
-6.71983
-14.301
-1.50742
-7.90763
-27.9277
-23.971
-20.6172
-7.99603
-3.81483
-3.89133
-6.14063
-3.15183
-7.80833
-12.9883
-3.63763
-5.77183
-2.4748
-12.7636
-33.6694
-8.07863
-1.3729
-32.8183
-1.7168
-12.1685
-5.71063
-4.70463
-7.08083
-4.73173
-38.8151
-4.30723
-2.88993
-25.9164
-22.3757
-10.7286
-1.85583
-4.44943
-7.02643
-8.48283
-4.97673
-53.6541
-6.89913
-2.50916
