-4.6747
-8.2509
-2.0769
-14.8711
5.30556
-2.9904
-3.7509
-1.8622
-5.9598
3.1306
-3.8567
-6.6798
-7.2741
-16.4393
5.97001
-6.5919
-10.3458
-4.0102
-64.3681
0.5634
-11.4869
-8.8828
-3.1859
-5.1628
-4.7573
-1.1822
-30.3274
-2.2088
-19.1037
-6.7842
-28.453
-1.3346
-3.9512
3.7853
-3.6744
-3.1804
-0.4464
-4.4234
-14.7157
5.85094
-20.4008
4.4322
-18.771
-56.0288
-7.5783
-8.0439
-4.5208
-4.0868
-0.2243
-28.9168
-1.7614
5.63069
-9.7193
-7.2227
-31.3487
-3.295
-7.9621
-0.7597
-2.265
-3.9123
-10.7492
-9.3206
-5.7041
-5.8809
-5.3024
-5.9292
-1.099
-1.2963
4.9596
-1.5515
-10.9847
-6.9825
-1.7457
-7.4293
-6.7216
-11.2255
-8.3455
-3.0772
4.4202
-2.9331
2.5471
6.03375
-1.2772
-2.6515
-0.1524
-3.1419
-79.6656
-5.1899
1.2403
-1.3801
-4.9164
0.13
-5.7545
3.8031
-7.7642
-3.3734
-3.3641
-26.7689
-3.0014
5.58872
-2.662
-3.2007
-12.7202
0.2332
-20.7109
-38.2271
-1.9785
-4.3117
-20.0659
-5.9721
-1.4406
-13.742
2.8394
-8.4761
-7.6374
-3.3762
-3.6668
-1.9663
-0.7851
-3.8888
-37.0214
-1.8121
-6.3043
2.419
-3.2782
-8.0728
-1.3328
-14.4104
-1.5797
-0.8777
-1.9716
-1.6079
-5.0282
-1.7189
-1.5747
-51.1441
-2.2829
-12.5863
-5.2408
13.5475
-12.5911
6.40668
13.3846
-3.2501
-33.1172
-6.1692
3.6911
-11.9117
-2.9323
-10.5587
-3.9138
5.08181
-2.2709
3.1907
3.7835
-6.1405
-6.5842
-13.0678
3.9208
-0.1984
-1.4002
-8.6947
13.4778
-12.0777
-5.205
-7.0287
-2.8791
0.9562
-3.6459
4.8663
-4.7497
-1.5145
5.25431
-9.4663
-4.2187
-11.4049
3.5482
-19.0157
3.4655
-20.6579
-1.6648
-6.7316
-9.3932
-4.4017
3.5046
-6.8028
-1.1374
-6.2492
-4.4953
-16.3592
-2.3844
4.5577
-0.6591
-4.6717
-90.018
-2.6838
-8.2829
-1.8157
-2.6463
-3.1837
-5.099
-5.0137
-3.5571
5.016
-15.3644
-6.8457
-3.4273
2.0063
-5.4012
-0.8549
-23.2418
1.4538
-7.8731
-1.5869
-2.3614
-17.9612
-5.2831
-3.3916
-0.8458
-22.0042
-6.6095
-10.222
1.7519
-10.0158
-2.2412
-1.9924
-10.7818
-11.3941
-13.6868
-23.6395
-2.8183
-5.7871
-35.7802
-4.1322
-11.5433
2.5801
0.0099
-13.1917
3.7863
-2.5167
-10.0846
-6.1322
-20.3443
-1.9592
-13.2587
-6.2243
-13.1339
-5.1523
-7.3073
1.1502
5.83406
-10.1749
-0.8089
3.5684
-29.7344
-8.4374
-9.1443
-4.1654
10.5719
2.6516
-2.0116
-8.2313
-12.1971
-0.5923
-4.8241
1.3023
-6.8341
-18.7768
-14.8655
-7.2467
-2.0155
-1.6233
-6.2901
-4.9933
-0.9027
-22.2096
-0.3688
-4.9514
3.5338
-3.9534
-16.7707
-4.1587
-4.5914
-4.5403
1.8194
-0.3049
-12.0014
-10.9072
3.8758
-38.9012
-2.664
-6.8332
-0.6696
-13.9399
-7.9108
-24.3312
-2.094
-2.9159
1.1176
-29.0488
0.9473
-3.2437
-19.8495
-2.0573
-7.6962
-7.5023
-0.4334
-1.3409
2.1021
2.7504
-16.1108
-7.3546
-2.0168
-4.9868
-3.607
1.1487
-4.895
-6.0097
3.1201
2.5033
-2.4514
1.9718
0.6368
-9.2682
-6.2313
1.1728
-7.4194
-13.173
-1.7807
-4.0258
-1.1901
-9.0735
-3.2406
-2.4326
-9.548
-2.8187
-6.0479
-0.437
-23.4604
-2.0576
-3.6463
-31.9664
-38.5389
-2.3851
-7.1293
-5.5741
0.0585
-3.3866
2.8016
-0.1389
-5.4286
-51.5461
-5.3148
-18.0341
1.6237
5.24244
-5.1176
7.33531
-5.4688
-14.7222
-6.9798
-0.1684
-8.316
-63.6432
-0.211
3.2289
-21.3207
-16.6951
-0.3811
-12.1431
-8.5498
-6.8626
-6.1677
-16.5944
-39.565
-1.3097
-41.3769
-15.2881
-8.971
-23.171
-11.4023
-36.2279
-15.5445
-5.1186
-19.2543
-17.7756
-26.3189
-27.6273
-1.5253
-15.4594
-27.8854
-11.9428
-326.636
-12.858
-27.4595
-15.7353
-23.835
-28.9481
-20.5694
-21.2536
-40.1178
-30.2097
-12.7691
-39.3725
-0.0594
-16.0616
-4.0626
-7.7725
-23.9008
-34.799
-1.1788
-11.6813
-10.9365
-22.5542
-30.6043
-5.6451
-14.8668
-9.5186
-74.3649
-9.8387
-5.7983
-13.1689
-24.5206
-20.2602
-15.485
-0.9619
-17.2289
-17.2091
-9.9831
-5.9281
-28.5565
-16.8703
-27.7553
-18.3216
-44.0779
-26.9746
-21.1459
-16.4096
-76.9289
-11.806
-1.4999
-15.2146
-6.4972
-4.989
-7.3533
-18.5143
-15.6789
-21.901
-8.5248
-15.8565
-4.7301
-29.3508
-20.4663
-41.4665
-16.181
-12.4588
2.2047
-12.8663
-0.2227
-2.5705
-24.1289
-20.8041
-11.5089
-10.0038
-7.9687
-35.1494
-20.5122
-12.8472
-27.14
-11.5602
-18.5127
-6.4701
-9.5311
-14.9222
-23.5995
-23.4628
-0.0744
-26.4982
-0.7274
-8.7931
-3.4508
-4.7329
-2.2205
-92.246
-25.1705
-7.6228
-16.8024
-100.074
-13.7441
-1.0306
-19.8037
-13.4927
-38.9392
-3.5944
-20.6568
-17.5548
-27.506
-46.2922
-1.0096
-21.3525
-1.9191
-16.0335
-0.7006
-1.4476
-44.0519
-59.1588
-3.2775
-3.2973
-24.2664
-3729.18
-5.8875
-15.2497
-4.2019
-15.9883
-13.3449
-20.4866
-12.3313
-14.077
-2.4179
-19.3329
-4.7125
-17.0785
-12.7908
-3.7095
-14.1254
-10.202
-5.621
-8.1388
-4.9126
-9.6332
-11.4328
-4.105
-4.0705
-10.939
-18.9648
-8.2242
-5.9746
0.8662
-21.103
-10.79
-0.1055
-2.5144
-14.0224
-21.634
-10.135
-20.5782
-13.959
-12.7621
-6.1226
-9.9765
-12.3805
-18.0355
-3.7304
-0.3708
-1.2211
-3.6761
-23.5578
-20.159
-1.3435
-8.6002
-0.824
-2.879
-5.7163
-11.0865
-10.6185
-36.2946
-0.8105
-4.8425
-1.9718
-8.0973
-1.6007
-0.8418
-5.152
-13.9215
-4.1058
-6.6855
-7.1255
-22.0065
-14.6276
-3.3833
-5.4524
-7.6235
-11.4354
-1.3558
-4.067
-18.9195
-12.5125
1.2223
-22.8419
-5.2305
-1.377
-11.789
-10.922
-3.4549
-8.4335
-4.3049
-7.4542
-7.133
-14.6906
-18.73
-24.3612
0.669
-3.1015
-2.5949
-8.9682
-4.6968
-4.1613
-10.7808
0.7465
-11.1985
-9.5453
-9.8295
-3.8045
-8.3391
-5.1864
-13.1882
-9.8048
-9.768
-31.3194
-3.9877
-0.361
-13.3744
-13.6395
-1.2254
-12.697
-2.1405
-2.9892
-6.9561
-4.3188
-15.55
-1.1964
-0.9655
-9.178
-0.1575
-4.6413
0.3605
-10.5835
-12.4796
-8.512
-3.5086
-0.6853
-8.6159
-13.8385
-10.9385
-8.623
-2.1846
0.0191
-9.5015
-3.8979
-2.1335
-6.8024
-8.232
-15.2621
-41.7446
-0.0601
-8.3145
-30.723
-5.82
-0.8379
-4.051
-7.5369
-2.4596
-4.1457
-2.1365
-3.6194
-5.1985
-24.357
-4.553
-23.0154
-14.7245
-13.6258
-18.4175
-5.9119
-1.2229
-10.7456
-13.6461
-12.93
-3.3314
-9.6475
-1.1528
-3.1529
-3.3236
-14.6
-5.7309
-5.7145
-7.668
-5.3168
-1.2719
-11.2915
-33.005
-3.3023
-4.5754
-11.8158
-35.8275
-12.9355
-20.099
-9.426
-13.0484
-3.4742
-0.9309
-5.31
-1.8901
-4.9406
-11.674
-17.434
-5.6945
-1.1884
-10.2828
-16.4338
-1.4241
-14.398
-21.401
-5.446
-3.056
-3.7651
-1.1221
-0.8661
-18.794
-8.675
-8.7034
-5.5215
-4.877
-1.4395
-10.5736
-11.2987
-17.4886
-8.8977
-11.8245
-10.9555
-12.7906
-17.4285
-16.903
-28.16
-1.5811
-16.3605
-7.5532
-10.7855
-11.1354
-4.218
-16.468
-17.3869
-22.5722
-16.247
-21.65
-4.7695
-9.354
-7.2587
0.0425
-8.246
-5.254
-9.2525
-7.6584
-13.654
-2.0843
-7.0136
-30.7805
-6.5788
-12.925
-10.7175
-14.9258
-18.8921
-4.2453
-13.5223
-13.0539
-15.932
-2.3594
-10.2757
-9.4545
-10.6055
-11.5322
-0.0361
-6.7405
-2.255
-13.9564
-3.2495
-6.7142
-0.9541
-2.2052
-5.8404
-7.5455
-10.5525
-17.395
-10.089
-3.8015
-2.6105
-4.0161
-6.2215
-8.822
-8.5455
-8.5573
-23.665
-3.193
-4.0576
-23.389
-7.1494
-15.9119
-3.501
-3.432
-6.4675
-8.9576
-7.8905
-1.684
-28.775
-6.9776
-7.403
-7.2725
-9.9363
-1.1865
-1.7304
-13.0566
-2.4565
-4.6414
-4.1369
-4.5175
-17.6029
-14.7524
-3.0786
-14.773
-8.0565
-23.067
-3.71
-13.2947
-13.1105
-8.0945
-4.2263
-16.1011
-8.948
-47.1825
-11.902
-11.5605
-0.0445
-15.805
-34.6375
-5.9706
-10.5745
-2.5969
-16.7775
-1.236
-2.505
-2.5429
-6.0808
-25.4644
-1.3631
-18.88
-5.1491
-5.1555
-8.754
-9.2248
-5.8302
-10.7057
-10.9834
-0.5007
-6.1878
-3.3915
-7.1614
-29.3275
-12.6665
-3.4115
-9.2715
-3.1366
-0.6326
-18.422
-9.3345
-23.2165
-5.066
-4.5601
-18.5085
-15.5938
-5.442
-4.0112
-2.7495
-3.179
-4.5325
-11.5489
-20.0835
-0.237
-1.8652
-10.2794
-11.9723
-14.5112
-12.2295
-19.8135
-4.1167
-9.9185
-0.5356
0.3092
-13.0982
-9.9494
-6.0836
-3.398
-36.9705
-36.177
-21.04
-6.7581
-0.6289
-12.6265
-3.2207
-4.6482
-9.3265
-8.6861
-18.1495
-3.9768
-12.657
-11.0625
-7.0889
-26.7065
-2.806
-8.932
-38.5755
-9.203
-13.0444
-9.8194
-11.0483
-22.1505
-3.987
-2.4635
-13.5915
-180.784
-17.5083
-20.9112
-32.0553
-22.199
-30.4539
-28.3009
-35.6435
-21.0029
-32.2135
-16.8866
-30.8595
-26.475
-23.574
-17.4574
-23.3122
-29.7793
-17.2157
-24.2745
-20.2415
-28.2016
-26.205
-39.4057
-16.8522
-39.542
-21.5516
-21.3163
-20.6605
-27.1924
-45.301
-30.8681
-24.0241
-19.9995
-30.837
-17.191
-18.2884
-22.267
-20.9275
-28.5325
-28.301
-18.2165
-28.569
-23.0177
-24.3669
-23.3225
-21.3372
-33.8178
-24.3889
-26.9492
-16.8265
-16.5622
-41.7658
-20.266
-41.1502
-34.8435
-40.3942
-18.8436
-36.2761
-19.871
-54.666
-21.8475
-15.3255
-24.8304
-21.906
-24.5945
-19.4075
-13.6437
-37.313
-33.3943
-34.6665
-32.526
-14.6655
-38.43
-24.1489
-17.6584
-36.5648
-27.6184
-33.4582
-23.9239
-25.9511
-16.5753
-18.9019
-30.27
-18.0823
-19.38
-35.558
-47.669
-28.055
-24.7987
-27.6655
-28.288
-29.2735
-27.792
-25.3525
-20.1984
-21.9415
-17.361
-20.4
-34.2202
-19.7375
-29.6084
-23.0715
-22.83
-22.57
-27.2635
-20.232
-26.3582
-40.9059
-34.222
-20.2898
-19.194
-32.9363
-15.3805
-29.6125
-22.695
-29.9755
-40.6495
-21.6436
-18.4234
-24.3575
-32.9245
-16.0945
-57.4899
-29.9511
-17.8235
-25.3395
-27.7848
-17.637
-24.1175
-17.6288
-20.235
-27.5755
-30.616
-16.8081
-24.439
-22.8135
-29.2324
-18.02
-28.5615
-27.162
-17.9701
-21.2743
-22.5863
-25.1382
-33.0855
-28.9815
-22.4175
-27.1205
-23.8275
-16.4443
-42.1417
-23.2094
-20.3174
-24.6452
-22.3707
-672.112
-23.8264
-21.108
-26.0773
-36.6735
-24.2335
-14.6675
-15.3686
-39.6285
-47.741
-24.32
-26.205
-45.5811
-25.7945
-56.1925
-21.3923
-19.9789
-18.5244
-16.913
-15.4959
-29.272
-22.681
-20.3191
-18.7105
-22.4957
-21.039
-19.8361
-28.4398
-41.0363
-44.6884
-28.5679
-16.0225
-15.1073
-22.8918
-127.683
-14.8798
-28.362
-25.447
-50.7284
-14.733
-43.282
-21.6095
-32.4105
-23.5435
-22.7105
1.2836
-6.7692
-1.3478
1.4159
-2.3844
8.47344
2.4831
-3.8467
-2.9128
1.4889
1.8704
-5.6621
-0.3948
-7.4525
12.7392
1.5245
-12.4449
4.7005
-2.0821
-1.4802
-6.4428
-10.68
3.0092
-0.9816
1.3282
-2.83
-13.6461
2.0189
1.5106
3.7899
3.2245
1.6714
3.8905
2.4859
-26.3284
0.7457
-23.9002
4.9102
-22.6923
-2.4685
2.2135
1.618
1.2569
1.1799
2.3796
-3.0174
-6.6152
-2.5283
-2.7989
-0.7911
-10.666
7.54395
-3.822
-0.6011
-14.3329
5.21874
-1.2826
-246.829
-1.2688
-2.1316
4.5387
8.19652
-5.6371
7.79725
1.3008
2.4472
-2.554
2.6857
8.08481
-0.2925
-2.452
3.9588
1.6352
0.6279
-0.0585
-1.5765
0.2605
0.3226
-15.8132
5.19726
-0.739
2.8471
1.6009
-0.5655
5.73893
-2.9643
-43.664
0.6398
-3.1445
-0.3147
-0.6325
4.9424
1.3408
0.1648
3.0785
4.3689
2.0318
-1.893
-313.312
2.4709
1.5961
-2.3162
3.8325
-30.0389
-0.6804
-3.8505
8.65544
8.05713
-7.4836
4.2484
2.3089
3.9257
-32.9674
1.8704
3.1719
-2.1568
-0.2894
-146.258
-41.882
4.203
-6.2531
-14.7465
-6.9614
3.91
-6.6994
-11.1416
-13.5652
-5.4144
-31.0189
-4.0022
-0.0703
5.22607
0.9955
3.8606
1.4457
-1.8374
1.3645
-8.263
-0.2472
1.6637
0.0369
-6.3611
-0.5793
-8.7207
-6.1683
-3.8929
13.3951
-1.6438
-0.9298
7.73069
-1.3691
1.9548
-1.0595
3.5925
-1.8298
-1.0503
-0.6632
-2.4507
-20.0627
-7.1523
-4.2072
3.0098
0.3988
-3.4057
-36.0718
3.286
-6.3708
6.76269
5.61082
1.936
2.6444
-4.9501
2.9165
0.5206
5.3175
7.02937
1.1919
-5.4124
-25.5139
2.7053
-8.7058
2.5295
-10.498
6.71057
0.681
-1.0463
-10.7576
2.31
-1.8128
0.5154
-45.0596
-3.3247
5.30627
3.9689
-3.6507
7.76931
-4.8817
2.9875
8.16231
-22.81
-2.3505
1.9279
-7.594
1.2616
1.147
0.9136
-4.8357
-3.5582
-3.5762
-12.2432
-3.6588
0.1776
9.84244
-5.5836
6.45519
-4.3601
1.6546
-9.9819
-14.3434
3.1352
-0.7574
0.8243
-54.2027
-1.8281
-7.0068
-3.0183
8.50838
5.75257
4.0365
4.7875
2.9482
-5.9787
-4.667
0.725
-2.4091
6.94694
2.2579
-3.578
3.071
-7.7824
4.2301
1.0136
-13.1872
2.5839
-12.1935
-0.8269
-1.039
0.5945
1.1385
8.107
2.5071
1.4027
0.5348
6.49788
-9.9168
2.4492
-5.03
-8.7381
2.2515
-4.774
-32.5795
0.2848
-1.0629
4.1604
7.25181
-15.9125
-15.5033
-14.4589
5.58488
4.949
-28.8174
4.243
2.4024
-6.3128
-3.3434
-7.4819
2.1465
-1.4032
-5.7614
-0.9914
4.2779
4.3385
-8.9615
-39.7537
-0.355
3.9895
10.7839
1.6822
-9.727
3.7835
7.56856
1.0098
1.7143
-15.8057
0.2606
5.2836
-4.392
-14.2382
-6.6981
2.8046
5.2203
7.149
0.8872
-0.0619
-3.7197
-2.7881
2.3977
-4.9171
-1.0545
0.128
-5.8965
-3.2893
-6.1256
-3.88
1.1747
-2.6071
3.2663
-9.4414
7.43569
1.3448
-22.1159
4.4833
0.3846
3.3437
-0.369
-1.7146
-10.7621
0.7721
7.12614
-5.0336
-13.8449
0.2027
5.53363
0.6931
0.506
6.08688
-5.9451
-19.6924
4.2066
0.8648
0.3624
1.0522
1.3814
-3.8427
4.0355
-0.7227
-3.2327
-1.6713
2.0702
-2.9171
-8.5752
2.3793
0.7618
3.6958
1.2115
0.7339
-10.4667
-37.3007
1.4771
4.8103
-9.9497
6.1862
-8.1337
-1.3944
-0.8282
-1.2723
-3.5646
-1.2764
-18.7901
0.3134
-1.1329
-36.5955
-28.3451
-10.1107
-17.38
-0.369
-2.8829
-2.2596
-2.3534
-12.2595
-4.8447
-8.9807
-29.1029
-11.2445
-5.9472
-17.1471
-24.0991
-10.6691
-10.628
-10.5783
-22.6649
-2.4606
-13.1553
-9.6172
-17.7106
-2.483
-2.2849
-50.4644
-2.4385
-2.2882
-0.1641
-6.6069
-42.1498
-3.0212
-4.2219
-11.0981
-27.8295
-2.3337
-8.2597
-0.8806
-1.2859
-11.5535
-8.8953
-10.4579
-31.1487
-36.0664
-1.0206
-16.8807
-13.7603
-15.1585
-13.7161
-3.9619
-119.713
-3.4304
-6.8573
-6.1933
-6.3084
-19.0437
-42.6645
-7.179
-3.7339
-31.1303
-2.7453
-31.5983
-1.7544
-13.3004
-10.8517
-5.1309
-14.8847
-10.6531
-3.0228
-3.4994
-1.9804
-21.2537
-34.2777
-14.1669
-12.7937
-8.9479
-10.9048
-14.7796
0.6614
-22.2421
-5.1155
-4.1292
-5.5468
-0.3381
-4.0974
-16.261
-21.5666
-13.246
-15.7221
-17.0212
-15.3655
-17.6469
-19.5929
1.5879
-12.2925
-32.1252
-20.8308
-10.1214
-0.7004
-11.3835
-4.5522
-5.0237
-6.3818
-2.4232
-40.361
-3.4327
-3.6589
-54.8564
-1.0946
2.2326
2.7619
-1.7337
-0.341
2.5851
3.7146
-14.0421
0.0708
2.9844
3.0506
2.185
1.8503
0.755
3.8039
2.2765
3.5849
2.5151
2.8935
1.5241
3.8529
2.4756
2.0637
-5.1136
2.4485
2.4802
3.7703
1.7212
0.9514
1.6426
1.1882
-2.0013
3.8793
1.9471
2.0768
3.116
-0.5572
-0.6527
-1.1343
2.665
2.3069
3.5187
1.1946
1.1337
3.8523
0.0257
3.8808
1.6672
1.9259
2.9197
1.3354
0.8712
3.0073
2.2483
-10.9974
2.0213
-0.3455
1.7907
3.7414
0.3427
1.4017
-1.5508
1.8974
2.7436
3.0739
1.4071
1.7577
2.3656
2.2343
-11.6622
1.7202
2.435
5.42655
3.5533
2.5547
0.0821
-2.0221
-1.994
3.1361
4.8186
4.1872
-0.5587
2.2688
0.8662
-1.9605
-2.9119
1.9435
0.8345
3.9052
-0.2202
3.7955
5.5998
3.7321
1.4343
1.8443
2.5666
-1.1213
2.2168
3.1576
0.8288
0.9494
4.103
2.617
-2.7747
0.5717
2.2513
0.4159
3.6346
4.2709
1.9014
3.4085
1.4462
1.5866
3.3972
-0.9993
3.5218
2.8271
2.5841
3.4551
0.7097
-6.545
1.6529
2.1839
3.4606
3.4696
2.612
-2.0952
2.7557
1.1014
0.4017
1.4123
2.2598
2.0604
3.9413
2.1938
0.3727
1.56
-0.6274
-2.5491
4.2577
1.879
3.3413
4.0737
-2.3434
4.6786
-6.5642
2.487
2.6231
2.4255
1.7322
-8.4123
2.1283
2.4676
0.0999
2.7337
1.5873
2.3709
2.5931
0.3225
-12.2325
1.9878
-2.9822
1.2022
2.6742
-0.3231
-1.5331
1.9149
0.4608
4.0441
-1.955
1.141
0.9128
0.859
1.5571
2.2559
1.5998
2.765
-1.2162
-0.4013
-1.0697
0.8179
-3.2013
-2.4446
-0.0502
0.9151
2.0081
3.0468
4.0682
-0.4296
-4.2608
-0.6374
-0.0807
2.9781
1.4986
4.7445
0.3145
3.0581
-0.4045
3.7865
5.2437
-0.4011
-4.6087
-0.1938
-3.8513
-4.8488
-1.9308
-5.4886
-2.0573
-2.3306
-2.6638
-4.2683
-4.0095
1.3285
-1.8408
-8.0514
-1.5533
0.6458
-7.7385
0.2504
-3.453
-5.8385
0.397
-6.0706
-5.7404
0.3459
-5.2397
-4.691
-1.6806
-0.9896
-4.6316
-2.827
-1.695
-0.1174
-10.9892
-4.3274
-3.1889
-4.0695
-1.5773
1.1185
-2.4688
-3.0304
-8.0463
-10.0945
-3.4451
-5.6164
-4.7061
-7.6679
-5.7439
-0.0433
-1.2274
-7.3356
-4.8998
-8.9401
-3.1504
-2.7329
-3.877
-2.796
-4.3062
-8.2629
-5.8935
-4.3888
-8.336
-4.2434
-2.2993
-5.0185
-2.7429
-2.5098
0.7279
-8.0689
1.5718
-2.8878
-5.069
-9.6206
-0.9036
-3.3154
-3.8563
-3.2034
-0.4218
-4.6582
-1.7683
-3.9953
-0.6514
-2.098
-4.829
-3.5613
-2.4255
-6.0451
-1.9388
-1.8326
0.0573
-1.0157
-7.0548
-1.4918
-18.3463
-2.7656
-3.2828
-2.1033
0.3186
0.8124
-1.7582
-4.3843
-1.1481
-6.0932
-1.2922
-0.4899
-1.6422
-1.0726
-6.3731
-3.6146
-3.5022
-8.971
-0.7393
0.0793
-5.8613
-6.919
1.652
-0.511
-2.6847
-4.1131
0.3767
-3.3235
-0.7184
-9.6125
-4.8497
-4.0218
1.0006
0.2601
-1.9427
-7.3329
-11.7777
-5.1047
-1.8221
-0.9863
-2.542
-0.8142
-4.2416
-0.4978
-1.3925
-4.8743
-5.0435
-0.0694
0.3075
-4.869
-3.5521
-7.3398
-1.1627
-0.3685
-8.788
0.8989
-0.8009
-2.066
-3.3002
-0.5848
-3.7828
-1.4389
-4.9403
-1.8786
-3.4456
-4.5771
-5.9359
-1.6584
-15.2651
-1.1766
-2.7226
-2.0347
-6.6114
0.8148
-0.6961
-5.8261
-4.3756
-0.8175
1.6407
-6.059
0.2768
-5.0826
-2.6182
-7.9858
-5.7915
0.0004
-4.167
-1.4392
-11.4902
-0.2261
-3.3698
-2.9414
-4.9381
-6.9575
-5.4491
-1.4303
-1.535
-6.5761
0.7706
0.5211
-3.5801
-0.746
-2.0518
-3.3906
-10.4817
-4.2761
-2.9019
-0.3801
-35.6075
-17.4636
-29.1812
-31.2683
-26.2396
-14.9092
-37.827
-25.7837
-24.5049
-21.828
-30.7473
-29.1195
-32.0973
-24.1047
-39.4577
-49.3584
-20.7811
-28.9484
-53.2124
-22.7862
-20.0213
-23.7642
-20.6906
-32.1565
-39.2598
-24.4973
-32.358
-17.9299
-22.002
-20.4111
-23.0175
-29.8596
-57.766
-43.6878
-37.3869
-18.1023
-21.9501
-31.5353
-18.2171
-27.5919
-22.9713
-24.8635
-24.3542
-19.9207
-23.3925
-27.2537
-17.4686
-21.8783
-22.8141
-49.1465
-47.6691
-46.455
-24.4578
-22.3293
-18.8537
-23.6586
-48.0583
-20.8329
-20.1678
-47.052
-20.2345
-35.7201
-34.446
-39.2546
-26.0735
-46.0262
-29.7013
-19.7798
-19.8075
-19.8965
-33.684
-21.8239
-16.6309
-31.7461
-21.1193
-26.4179
-46.2901
-17.9048
-17.514
-44.4477
-26.2275
-29.0307
-21.4707
-25.6709
-28.4982
-23.507
-30.5154
-29.6624
-20.2172
-22.0007
-18.4663
-34.7055
-33.5101
-17.1708
-19.4143
-21.4278
-21.9749
-36.2855
-19.2987
-30.6641
-23.4527
-24.0761
-26.7803
-24.227
-24.8751
-35.4143
-54.6386
-41.4318
-33.7764
-28.8942
-24.3742
-18.2923
-38.0551
-27.1472
-26.3276
-44.5557
-22.4515
-19.9761
-22.0793
-16.4252
-39.6124
-23.0905
-24.3907
-66.7427
-26.8312
-18.8547
-15.4606
-15.6337
-25.1857
-16.0757
-18.9954
-7.6446
-13.106
-26.5238
-33.761
-24.7056
-26.5348
-18.7706
-22.8868
-10.6795
-24.1522
-17.2493
-15.6288
-54.2725
-32.0365
-21.5995
-24.651
-34.9186
-28.5371
-23.3025
-54.7423
-23.111
-21.821
-15.1683
-26.6964
-42.6771
-19.2254
-19.6261
-28.2927
-28.7151
-33.8702
-32.3728
-166.154
-23.8341
-51.6891
-23.1912
-25.0544
-17.4176
-29.7246
-58.3851
-26.8122
-31.2251
-23.358
-20.8795
-29.3319
-28.3372
-41.1221
-20.6424
-26.1609
-21.6841
-28.0498
-30.6424
-29.1401
-29.113
-19.7757
-20.102
-25.5795
-33.288
-38.7607
-39.7832
-35.2653
-27.0189
-28.1578
-27.4164
-11.8013
-24.3578
-20.5648
-22.4081
-33.5002
-17.3127
-5.5729
-0.1148
0.9262
-2.671
5.84244
3.499
-6.9862
-2.341
-0.0982
-6.9207
-4.1186
4.1297
-6.7329
-18.6969
-1.3956
-2.4952
-3.7464
-3.3404
-4.3433
0.3906
-5.3127
-1.6551
-6.5566
-3.6675
-2.3829
-0.1858
-25.437
0.8541
0.3734
5.17668
-6.9753
5.30162
-10.9548
-0.6811
-5.6342
-3.114
-3.5111
4.3388
5.16655
3.4136
-8.468
3.8622
-2.5964
2.734
-6.2863
-1.3084
-2.0056
-0.1523
2.2752
-9.3522
-3.2011
2.3786
-3.8137
3.4653
0.1246
-8.5752
-0.7169
0.1192
-1.7062
-2.6077
0.4057
-5.1066
-0.6518
-6.138
-3.356
-8.0283
3.0894
-2.0128
-44.5406
-4.2385
-4.0791
0.2878
4.4085
-1.7055
-2.9288
-1.7897
-3.0959
-2.748
-6.4442
-56.9637
3.6633
-0.7217
-3.974
0.1089
-0.8495
-0.821
-6.6397
0.8864
-0.6954
-1.4579
-4.4515
-0.1586
-0.4078
-2.2998
-0.7722
-3.6406
-1.1969
-16.2908
-1.3714
-4.281
2.6295
-2.5177
6.2625
3.3016
-3.3839
-12.8858
-0.9527
-1.0597
-0.8713
-0.0501
0.1985
-3.0607
3.4361
-8.6034
-12.2509
-1.4507
-5.992
-2.411
-2.0414
-2.3678
-9.2492
-3.1033
1.2596
2.9546
-5.8422
-5.3996
-6.4888
-11.2718
-2.2052
3.3537
-6.4337
5.62318
-0.5483
-7.9776
-3.4448
-3.0663
-8.1071
-12.1907
-3.0168
-0.9115
4.6395
-15.9384
-5.3783
-0.9996
-1.6818
-2.3833
-12.7664
-0.0894
-24.4718
-11.5748
-3.6395
-3.3557
-8.6024
-13.8154
-2.9727
-3.5701
-5.3601
-3.3681
0.0842
5.01163
1.7718
-0.5819
-3.0271
-3.8689
-7.2901
-1.0774
-0.8854
-2.1279
-8.0153
-8.7904
-1.4157
5.76187
-9.3223
-1.6337
-1.2444
-6.0123
-0.5152
-5.8242
-2.2473
-17.1718
-9.1521
-8.6249
-3.0079
-2.7049
0.4557
-1.1567
3.2073
-5.0731
3.9151
-1.8471
-2.917
-4.5236
-5.29
-0.5798
5.07813
-0.214
3.7966
-2.0197
-6.6019
-8.2773
0.7011
-1.434
-1.2012
-1.027
2.8929
-6.0378
-6.0095
4.8676
-11.0516
-3.1244
-9.5333
-0.2656
-20.5723
-1.7757
-0.928
3.2892
-3.1195
-1.8211
-3.2662
-5.55
1.8372
-2.17
5.34444
-11.5099
0.7375
-4.9365
-3.3256
-19.5889
-5.8338
-0.5988
-19.4246
1.3906
3.2404
2.1919
-16.1557
-1.7233
6.94881
-6.0895
5.4616
-4.4405
7.20375
0.3146
-3.4396
-3.4877
4.6669
1.5378
-1.8421
-5.6097
4.6129
0.8843
-0.1945
-2.6008
0.8007
-4.5292
-0.4894
1.1817
-2.9673
-3.51
-2.2011
-5.822
-1.449
-25.4642
-26.2277
5.6265
-8.5785
-13.6368
-3.5481
-0.9481
-2.7061
0.8115
-1.851
-3.1055
0.923
1.4031
-1.4601
-7.7867
-4.0414
-2.4226
4.3624
-3.9585
-15.2279
-3.346
-4.053
-8.6222
-16.7478
-5.1533
1.2635
-5.581
-1.242
-3.3491
-13.3867
-13.3766
-2.1128
-2.9436
-0.7678
5.7175
-8.6917
-3.796
-1.0345
-0.7169
-2.8333
-5.2785
-2.6641
-0.9132
-22.4804
4.8422
-2.0423
-1.3961
-2.3002
-7.6628
-3.4274
3.1308
3.8406
-8.1331
-20.7921
7.18888
-6.3547
-14.1027
-12.3758
2.6239
1.2788
-5.7326
4.4824
2.9981
-10.0663
-2.0109
4.9788
4.5167
-1.968
-1.4347
-2.9134
1.4315
-2.5805
1.1994
5.96975
-9.9479
-0.699
-1.9656
-5.3319
-2.2499
-9.2017
5.17443
-2.164
-2.7993
1.1369
1.2651
-3.4083
-36.1634
6.5425
5.42757
4.8984
-4.2049
-4.2627
-2.6679
-3.5468
-1.5162
7.84193
-4.9942
-0.8988
-1.5056
-19.5016
-7.5415
-5.9453
-52.677
-9.2906
-8.0102
-13.6176
-6.9533
0.1759
-18.1039
-24.1166
-1.2516
-17.478
-2.8506
-13.1754
-5.7975
-3.7807
-1.7351
-18.7472
-0.1905
-3.434
-7.8527
-6.7847
-0.6131
0.416
0.195
-3.2944
-18.6971
-11.3066
-3.7341
-21.5532
-14.4747
-5.6281
-4.7175
-1.9559
-18.9381
-8.3638
-14.1296
-25.5115
-2.0539
-2.6444
-5.9244
-1.3408
-12.151
-4.3463
-8.7101
-0.9738
-0.4356
-18.7573
-0.3617
-8.9317
-11.4994
-2.8253
-7.2106
-10.1953
-5.9147
-19.0225
-0.905
-1.9683
-42.4498
0.9977
-2.4936
-4.7636
-3.6837
-14.7364
-8.3019
-11.7948
-11.1247
-14.5857
-16.2715
-4.57
-6.1844
-15.6822
-4.9131
-2.7372
-3.0563
-2.9269
-0.4736
-11.435
-17.6733
-0.1196
-7.5972
-0.6527
-45.4775
-5.5736
-2.5806
-12.175
-26.3781
-7.2555
-32.0028
-15.5688
-6.1603
-0.0042
-25.8885
-9.93
-10.4906
-24.1425
-17.1773
-10.1925
-10.2122
-6.8373
-5.33
0.2837
-3.2913
-2.6919
-4.6163
-5.6238
-2.5002
-17.8354
-32.9251
-14.6287
-17.6499
-0.2212
-20.6035
-14.4827
-9.9432
-6.1113
0.4464
-0.3845
0.7291
-0.1572
-0.4884
-0.0094
-2.9606
0.6624
-0.237
0.1162
-2.1581
-0.1305
-2.3319
-1.9629
0.9821
-2.6308
-0.2015
-1.3308
-2.9915
1.2466
-5.122
-8.4103
0.3718
-0.9647
-1.1027
-0.866
0.4679
-3.6204
0.6769
0.0107
-1.9787
-2.0561
-3.321
-7.305
0.0808
-0.3625
-1.9079
-0.4961
-2.3674
1.5508
-1.4935
-0.1298
-0.2992
-0.367
-2.924
-0.6502
0.8319
-2.8896
0.0635
-0.2899
-10.304
-7.3916
0.1205
0.2594
-1.7204
-0.7691
-0.3265
-1.7643
-0.4771
0.9698
-0.8239
-0.2075
0.5943
-2.0476
-1.5603
-4.2377
-5.533
0.087
-1.2075
-2.3782
1.4625
-4.9549
-2.5421
-8.467
0.3513
-4.1516
-0.2285
-0.664
-5.2985
-13.02
-3.1145
-10.6456
-0.1718
-4.819
-3.5898
-0.4043
-2.265
-0.371
0.4479
-2.2815
-6.265
-12.3901
0.3488
-5.0801
0.3666
-4.0225
-18.9465
0.9918
0.1275
-7.1392
-0.7815
-4.901
-3.9173
-3.7439
1.0045
-3.3701
0.9058
-0.0053
-1.4104
-7.7985
-5.2835
-0.6585
-0.2336
-1.107
-9.7815
-2.6241
-2.249
-1.562
-0.769
-4.0935
-8.6935
1.5903
-4.5078
-3.5902
-0.7928
-3.446
1.2428
-5.5222
-1.2382
-0.7868
-0.2485
-7.1296
0.8767
-9.8325
-1.524
-0.063
-3.1468
-0.7884
0.7655
-1.2896
-0.6016
-10.0471
0.3685
-0.2575
-0.654
0.1218
-0.3726
-4.588
0.3445
-0.4836
0.8025
-3.5575
1.3007
-0.9619
0.7737
0.0095
-0.11
0.9627
-2.188
-0.4737
0.705
0.8915
-0.0971
-2.7976
-0.9745
-0.249
-2.7835
-4.5735
-2.582
-11.644
-1.8301
0.2731
0.0118
-5.067
-0.08
-2.7398
-4.857
1.3328
-0.516
-13.1605
0.1786
-0.3765
-4.8464
-6.1755
0.8703
-2.5033
-7.4705
-0.7592
-0.1856
0.837
-1.0455
0.0205
0.4838
0.9779
-3.1104
-1.4123
-2.5957
1.8331
-5.7235
-2.1654
-2.217
-11.6254
-8.2035
-3.4587
-2.3167
-3.4015
-6.4584
-5.1025
-0.2123
-2.6249
-0.1075
-0.9321
-6.2315
-0.7778
-3.3202
-1.5147
-0.8758
-1.0822
-1.7539
1.6274
-4.1041
-0.0502
-1.4757
-2.0695
-3.1188
-0.8994
-4.577
-12.3285
-3.9735
-4.602
-0.4281
-3.2503
-0.3941
1.1421
-1.2949
-3.749
-2.8658
-0.6824
-1.5356
-11.7997
-7.0729
-7.8601
-3.5358
-4.1025
-8.8756
-2.6286
-3.6841
-3.1779
-0.7027
-9.2285
-2.5533
-3.716
-5.096
-0.5865
-6.6968
-6.1127
-3.4115
-0.9366
-1.6728
-2.4669
-2.8095
-0.1485
-0.4796
-1.1219
-8.2003
-1.7771
-5.0538
-0.324
-0.7996
-3.2733
-2.6822
-0.8307
-5.7001
-3.3744
-3.5058
0.8432
-2.5554
-10.5205
-2.2752
-7.311
-1.9206
-2.1411
-1.7787
-0.2661
-1.975
-0.0511
-2.178
-2.5274
-3.636
-3.1896
-6.687
-1.29
-10.1913
-1.2903
-1.5511
0.3813
-6.4389
-3.9159
-1.7961
0.1369
-2.7092
-1.2304
-3.062
-0.8995
-5.0793
-0.9856
-1.1109
-7.4835
-5.6977
-11.3185
0.5112
-1.4055
-3.0893
-3.7468
-3.3926
-2.226
-3.7813
1.302
-1.807
0.3863
-6.4739
-3.2294
-4.0549
-1.8714
-3.5418
-2.0335
1.1077
-8.103
-9.6027
-3.6152
-5.5786
-1.5925
-7.9123
-4.665
0.6787
-8.2752
0.335
1.2135
-3.216
-2.481
-1.4942
-3.3161
-0.3595
-2.1977
-0.9579
-1.844
-6.3955
-2.507
-4.3354
-2.3192
-8.901
1.1947
-2.6508
0.0887
0.2336
-3.3965
-1.1294
-6.104
-13.7495
-7.258
-2.8527
-12.6388
0.3173
-4.5405
-0.4292
-0.1397
-1.606
-1.9683
-2.8925
-5.6155
-2.995
-3.3436
-7.1856
-0.2745
-6.5436
-0.9465
-3.7382
-1.3313
-0.2781
-7.9495
-1.0155
-3.1934
-0.8674
-1.107
-1.8899
-1.6171
-1.161
0.8747
-4.8575
-5.775
-9.0514
-11.4695
-0.2975
-7.9667
-0.1675
-1.1467
-1.9157
-4.2726
-7.9318
0.6214
-6.1467
-29.7788
-22.4736
-13.9101
-26.5368
-20.6627
-17.6082
-29.3512
-23.2506
-13.4999
-18.2397
-20.6686
-21.1534
-20.422
-20.6838
-11.5986
-13.1968
-20.6
-17.7495
-18.0919
-18.1912
-27.031
-12.4428
-19.612
-16.6242
-15.3568
-24.599
-13.0145
-18.291
-19.9692
-18.9643
-34.4165
-15.7899
-16.5491
-32.3869
-12.1934
-12.1015
-19.3408
-21.8598
-23.362
-17.3323
-17.5117
-27.3554
-18.0876
-15.0974
-16.7884
-21.5305
-19.8846
-17.424
-27.182
-19.8858
-20.8894
-22.175
-25.9551
-24.864
-17.4484
-17.2005
-22.419
-18.3695
-15.7499
-16.9765
-14.2365
-26.3041
-11.1007
-19.6842
-15.11
-19.494
-14.7369
-15.568
-20.7302
-15.3259
-56.301
-17.025
-15.4835
-16.3824
-32.8472
-29.9728
-18.7275
-17.099
-15.8674
-26.9708
-18.7686
-20.2923
-19.1829
-24.0605
-15.9495
-20.0993
-22.0234
-23.8935
-20.4811
-19.1214
-20.8735
-28.3091
-19.0167
-23.7632
-20.7902
-16.9398
-18.9192
-18.6394
-22.7801
-15.865
-13.049
-19.2779
-24.8944
-18.0133
-26.584
-14.262
-22.6222
-16.9487
-16.669
-16.4783
-29.5353
-16.8517
-19.9586
-14.4025
-16.2927
-34.1523
-21.586
-19.0962
-17.727
-23.951
-13.358
-20.0873
-19.0438
-14.6517
-20.3879
-25.0575
-30.8191
-21.8593
-19.7897
-71.9323
-24.8594
-39.0005
-18.426
-19.6163
-28.5652
-19.604
-15.79
-20.865
-26.4125
-14.651
-22.553
-25.2715
-10.7623
-19.966
-33.5055
-36.9856
-17.3505
-36.1822
-15.7987
-17.5174
-17.9044
-14.4797
-23.0375
-16.8352
-16.311
-16.6792
-14.6207
-28.541
-19.3755
-22.3965
-19.4078
-23.989
-18.139
-15.8995
-17.2725
-25.2555
-22.76
-17.4977
-18.7405
-17.5047
-18.8392
-17.394
-22.4695
-19.8815
-23.4415
-20.3117
-21.1971
-19.4001
-22.6047
-19.326
-17.3635
-32.533
-18.3135
-20.9556
-38.5403
-32.3524
-16.5629
-23.969
-21.9594
-19.9329
-21.9408
-13.9134
-21.7623
-19.3356
-18.3561
-19.4368
-17.995
-16.3639
-14.9757
-18.7062
-9.1797
-0.281
-9.2265
0.9604
2.0305
7.58957
-4.5887
5.80582
5.32443
7.37425
3.0115
7.66009
1.2972
-0.5297
7.32305
5.45737
0.1307
-4.1675
8.04987
-35.0787
3.9824
5.06968
0.6544
1.6547
2.4376
8.68544
-1.0168
1.2728
2.8552
1.7173
7.36293
-0.1633
-11.0276
2.1716
2.3364
13.3463
-4.3843
-5.1168
0.266
3.8439
-6.5985
0.6724
8.31807
-0.086
6.28794
-0.0475
-1.1921
-0.2337
1.8273
6.55544
-0.6
2.5978
-4.5967
0.598
1.8204
-14.5773
6.79563
5.97819
2.5588
0.9641
1.4255
-2.2694
-0.3277
1.6374
-2.7312
0.3109
-4.5724
8.96118
0.8468
-4.2598
-2.9437
1.2265
2.5161
0.8189
12.4597
-6.0016
-5.0401
2.7878
4.5554
3.4947
3.6213
2.4631
-4.1499
-0.321
1.8402
0.889
0.3541
-0.2926
-8.3164
-17.8244
0.3246
3.4346
2.8892
1.9835
1.479
-0.1748
0.0546
-2.3809
2.3803
2.8977
13.5637
3.9605
1.3553
9.85238
-0.5533
-3.992
0.039
3.6791
-0.4607
-0.0926
1.0278
3.4066
2.2255
0.7853
-0.0915
4.7418
-4.8915
4.8126
5.33295
0.8749
-10.8543
-7.5888
-14.2569
2.7032
2.2393
0.2489
-1.186
1.86
6.48219
6.84925
-23.5769
0.6357
-0.4319
-1.2309
0.7658
2.2995
0.1357
2.2324
-10.9836
2.7714
3.8098
1.7094
-0.6987
-1.8295
1.6161
-34.025
-0.4036
2.1838
3.1927
13.3593
6.11585
3.7154
6.099
-3.8535
6.76194
6.497
-8.1912
7.59125
6.66637
3.6238
3.7569
2.3712
4.9751
1.9957
3.4578
-4.1213
7.16594
1.1498
-1.9039
1.0926
0.186
-15.2981
5.9017
0.7404
-2.4061
6.92135
2.2823
-0.0839
0.2515
5.14706
2.3266
7.62657
7.21812
3.7107
5.49275
5.22762
1.9672
-0.4246
3.6282
2.0489
2.0957
0.3285
3.1682
3.4059
0.9068
0.9719
1.742
8.01532
2.0256
-1.5314
10.6952
-4.0948
2.0161
7.7295
2.2188
-3.4571
0.0115
4.502
2.2444
-0.6498
3.2651
1.4172
-0.8257
2.4615
0.1928
5.01269
3.5403
3.0243
2.4617
6.011
8.12175
0.9575
3.3674
-3.1398
1.0671
2.4451
3.2513
-3.1407
3.5442
-1.0089
-1.1397
-2.5316
3.66
7.30837
-3.6437
0.0046
2.2669
1.8246
0.8443
4.3672
5.96131
2.919
0.4343
1.4911
8.08694
-2.4565
-4.0892
0.5514
1.0755
1.5122
5.09606
4.5541
-3.4616
-4.1027
2.8978
-4.534
3.1691
-3.6755
-0.8957
0.3604
4.0378
-29.9829
2.2247
-0.4923
6.93831
-3.5727
-1.1842
-4.7489
1.2412
0.1433
-1.8603
1.9162
-4.3273
5.12345
3.1687
1.7061
1.8826
3.1136
2.1466
-88.59
-0.9125
-6.5638
1.0513
-12.7805
-2.013
2.5534
1.6929
-0.0574
-0.6327
3.5028
-1.9859
8.07325
7.09132
-6.1175
4.1047
0.9996
7.50831
-8.2355
-2.5398
6.85888
-2.6328
5.13945
0.4712
1.4026
0.4073
3.7558
-0.6395
-7.5027
4.7736
-5.3997
8.19462
-1.8698
3.3144
3.4238
-18.3159
-1.0251
6.32193
-0.0073
-2.6004
0.8137
1.8316
6.60837
-0.9622
0.1934
-4.2154
-1.7891
5.23885
2.1319
1.9196
3.1595
7.6831
5.06987
4.6652
1.9935
3.5891
0.5328
2.1646
0.362
2.7749
-1.0036
3.2409
6.70362
-5.4456
-11.6763
-6.3571
-4.5916
0.6851
1.6564
7.79207
-0.4625
-1.9165
-1.6951
-2.5554
0.8721
0.4468
4.8265
3.293
4.8442
0.3601
6.50937
3.5884
1.4399
5.35026
4.8851
4.5709
1.2581
-5.4016
-2.4925
-11.3052
-19.7853
-3.858
-0.9109
-37.5061
-0.5086
-8.3239
-16.7975
-3.9174
-3.2012
-16.6229
-1.8846
-0.8393
-15.5346
1.1606
-20.241
-1.4543
-2.4136
-5.7302
-3.0712
-26.3613
-12.5602
-11.0305
-0.1891
-14.4659
-20.9765
-10.7523
-0.7381
-9.4264
-6.5621
-18.8631
-3.2918
-1.1858
-1.9789
-22.9689
0.3956
-2.6241
-4.1761
-4.9139
-1.7459
-10.4564
-1.8966
0.7144
-20.495
-1.6794
-2.0064
-4.395
-10.2763
-15.5519
-0.2941
-5.4749
-4.9821
-9.8122
-6.5737
-4.6825
-7.8413
-5.8654
-9.4208
-9.3982
-6.8791
-2.1209
-42.9728
-16.788
-12.068
-21.7905
-2.6539
-2.4937
-2.7817
-5.3185
-9.7335
-8.6655
-14.2658
-4.1469
-22.0588
-13.8098
-4.1369
-13.1973
-7.2024
-3.6387
-0.4091
-27.2192
-5.1051
-0.2099
3.1779
2.9975
0.722
2.7148
3.9335
3.3346
3.5844
-0.5758
4.4257
3.2323
4.6171
5.23454
2.4095
3.3863
2.2607
1.7082
2.6703
3.6373
2.4282
4.016
2.8511
3.3544
1.9629
3.7161
4.495
4.8769
3.5871
2.8803
3.4924
-0.4393
1.9785
2.8303
2.314
3.8944
4.9579
3.0462
2.6313
5.45018
1.6014
3.2055
1.6522
4.704
1.4939
3.4506
3.4392
3.2597
5.49852
3.3527
2.9172
4.1386
2.5015
3.6321
-0.0426
5.10068
4.0197
2.2334
2.8636
4.1349
3.533
3.4324
2.7834
4.189
4.0311
3.8117
2.6796
4.4091
5.17715
2.9979
2.6109
3.3908
3.9066
2.6913
5.16548
4.0992
4.6702
4.7538
3.6659
1.5437
4.2476
3.1057
6.2523
4.7305
3.8316
3.54
4.0086
3.8745
2.7964
3.3993
2.439
2.3285
2.508
3.5971
3.9597
4.6105
3.0009
2.6154
3.091
3.819
3.6861
0.94
1.8659
5.55935
3.4671
3.1918
4.5115
2.6314
2.7144
3.0366
0.93
4.2659
3.8436
3.0439
4.0493
4.3677
0.511
3.7673
3.5323
4.0196
-2.5489
1.5875
4.9234
4.3689
5.93485
1.3868
3.8827
5.12165
3.3485
4.9649
4.1898
-3.9372
2.3348
3.5577
2.6263
3.9395
5.50805
2.651
1.4585
2.8215
1.7058
4.8022
3.1128
4.5529
3.701
3.2386
4.5621
3.7659
4.1346
4.6935
-4.6928
4.4745
2.5723
3.4525
2.8869
2.7186
3.0781
4.2873
3.6619
2.06
-0.0067
4.99
2.5641
0.7202
3.8133
2.2186
3.623
3.4253
3.8657
5.7714
4.28
2.4614
3.3227
3.9743
3.4498
2.9716
4.5461
1.5759
2.961
2.1407
5.54155
1.9851
3.9756
3.2326
2.8628
3.2548
2.7726
3.9557
2.7877
1.9579
3.7248
3.9809
2.9473
2.2278
3.8685
3.0556
1.6153
1.2577
3.2652
5.3625
1.7278
1.1686
-1.0049
0.7068
-2.3326
-0.9863
-1.4373
-6.1027
-1.6244
-2.5822
-2.0968
-0.306
2.41
-2.3545
-6.0453
-4.782
-0.2995
0.1362
-1.4933
-3.001
1.7969
-2.5329
1.3657
2.5069
-0.9196
-0.0467
-1.506
-3.9919
-3.5013
-0.2068
0.7575
-0.3471
0.0824
-0.5176
-1.6134
2.2435
-2.7252
0.8679
-5.2167
0.4345
1.8952
-3.2697
0.6041
-2.9758
-2.8134
-1.151
-2.8053
1.2239
-1.7034
-5.0342
1.5049
1.9425
-1.755
2.1204
1.1807
-0.7768
0.0965
2.3614
2.0353
-1.1447
-0.0912
-1.674
-1.1262
1.3102
-1.6291
-1.1638
1.0002
-1.455
-2.48
-6.0014
0.1737
0.8653
-2.1249
0.3142
0.6738
-1.4578
0.9836
-1.8932
1.0737
1.2108
0.6572
-0.792
1.2148
-2.9961
1.4884
-2.1934
-3.5898
0.4077
0.9383
-1.3808
2.4151
0.2654
-0.3508
1.5661
-0.9512
0.0365
-1.029
0.2271
0.296
-2.5602
-3.3287
-1.7691
-0.8851
0.397
-4.2643
1.7824
-4.3361
-1.984
-5.431
-2.97
2.7222
2.3866
-0.2708
0.5029
-0.0516
-1.4764
-3.1192
-0.7169
-1.565
-2.6005
-1.7046
-0.8706
1.0451
1.9854
0.4049
-0.7353
-2.4297
1.6054
-1.9229
-0.1048
0.0068
-3.56
-0.9985
-4.7916
-2.5276
-1.1893
-1.6735
-2.3094
-0.9548
-0.748
-0.1022
0.8102
-0.8852
-7.1816
0.6749
-1.4764
1.1532
-3.2237
1.7929
0.4821
-1.9024
-1.559
-2.4254
0.7213
-1.7261
-1.725
0.3761
-0.3005
-2.6305
-1.0683
0.1495
-2.8789
-4.2929
0.4501
0.9748
1.4524
-11.5854
-6.4772
-0.9922
1.3143
-9.6348
0.3012
1.3739
1.7766
0.1321
-1.1598
0.5921
0.896
-2.0094
0.0653
-2.2912
-7.4713
0.9385
-2.597
-3.4641
0.7913
2.2484
1.122
-0.0567
1.2688
-1.4318
-3.8428
-0.8943
-0.8693
-1.6319
1.8513
-0.7499
1.5683
0.1198
-5.5164
-2.6286
0.0716
-17.3858
-16.4948
-29.531
-23.3205
-27.8676
-16.4162
-23.3105
-24.6892
-23.5754
-13.232
-15.5894
-19.9995
-18.7013
-13.5005
-15.7651
-20.1766
-23.2523
-6.4679
-34.1202
-19.2203
-25.9316
-16.5549
-19.9068
-51.3586
-22.6397
-18.3448
-18.6285
-24.2592
-23.8264
-17.553
-18.8125
-15.7939
-17.0717
-19.9039
-18.0457
-15.922
-45.6683
-23.4065
-14.846
-8.4759
-19.549
-22.069
-25.9224
-15.2618
-22.6596
-34.2301
-15.9028
-17.601
-17.6479
-39.4701
-17.6651
-10.4427
-15.749
-21.563
-8.7719
-20.6003
-26.025
-30.2981
-18.5382
-24.2698
-29.8122
-25.1509
-29.8779
-28.06
-22.359
-25.2845
-20.5985
-19.8899
-19.3843
-18.275
-20.7108
-14.952
-34.0446
-16.7096
-19.7062
-21.8654
-20.2335
-13.8225
-17.013
-19.2237
-35.249
-20.776
-17.8765
-16.7242
-23.1838
-31.3384
-26.1254
-18.6414
-31.7412
-18.9853
-14.6611
-24.8029
-17.1715
-21.1658
-13.9223
-31.117
-22.1999
-16.8931
-22.7224
-27.3534
-37.929
-24.6309
-45.0658
-17.9689
-16.1981
-16.7291
-17.3002
-23.1039
-14.5945
-18.5643
-19.092
-21.1437
-17.2592
-31.5325
-17.2514
-17.5286
-23.4955
-15.632
-16.9906
-18.115
-14.0487
-14.6529
-18.5144
-20.021
-4.6657
-32.3779
-16.9117
-19.5266
-28.0057
-18.5211
-17.0947
-19.1432
-17.7536
-19.829
-23.5635
-20.1055
-12.8565
-26.2149
-22.117
-22.8165
-20.4237
-18.5883
-18.5037
-15.2591
-13.0054
-4.3867
-21.4266
-23.6099
-11.3111
-14.8468
-22.8603
-25.8513
-16.6511
-18.3748
-29.6287
-20.7555
-19.8283
-20.9186
-10.4123
-21.2277
-25.117
-23.6204
-25.9802
-20.3346
-17.7662
-18.2339
-16.3794
-19.8957
-18.2211
-22.1557
-27.3081
-29.0754
-20.8352
-16.5176
-29.5322
-12.3923
-21.7922
-13.3787
-12.1794
-31.2105
-35.3705
-76.5115
-20.0083
-19.1098
-26.6475
-30.4946
-17.049
-24.6013
-16.4943
-35.0247
-5.5587
-60.1192
2.8285
-0.9579
1.1032
-3.6791
5.76925
-4.1937
5.96921
-0.8429
-2.7144
-20.928
-9.6248
-0.8123
5.15301
5.65013
-4.2829
13.4116
-0.9197
3.7246
-2.6123
-6.5253
-1.1065
-0.5195
4.7685
-6.6231
-0.8169
2.3621
2.0469
-8.4688
-0.1602
5.52637
0.5332
-2.3608
-0.4264
-7.0832
-0.0831
-3.6033
2.7588
2.7716
-8.5183
-0.4381
-3.1331
-5.0705
3.7547
-7.1734
-0.6308
0.4328
-0.2431
-3.667
-6.0618
1.2016
-0.8426
-0.5023
-2.1662
-2.0426
3.7446
-6.5906
-4.4432
-2.8017
-2.045
-1.328
4.3413
-0.9603
-5.1867
-14.9832
3.0785
1.6797
5.08312
4.7921
-1.0459
-10.6684
4.2632
-3.7933
-3.1547
-2.8383
-0.4826
-4.9791
-0.3533
-0.9843
3.8978
-8.4112
-10.0264
-1.0272
-1.655
-2.5079
3.8276
-4.523
-4.8124
-0.1565
-1.8013
-4.0008
-2.4215
-2.855
-0.3793
-6.1316
-3.1473
-6.8294
-5.784
-2.4591
-0.9271
-0.3177
-2.2167
-14.3201
-8.9516
-1.2435
5.6645
-3.8189
-1.9326
-0.8068
-3.6353
-13.2636
-4.5722
4.5693
-4.898
5.25913
-1.9862
-3.7956
-0.828
4.1071
-3.2178
1.3829
-1.0258
2.809
13.5704
4.6118
5.41201
-0.2329
0.2942
-0.066
2.9416
-3.6863
-4.3859
-1.7231
-1.3579
-1.1505
-9.0224
-0.7795
-0.9073
-1.8002
4.3916
-0.6112
-1.6002
-0.5144
-1.8655
-1.1991
-1.2163
-0.9095
-5.6803
0.1134
-11.9986
-2.0067
5.19693
-11.5721
-3.9459
-1.7385
-0.9449
4.8144
-7.2695
5.08075
-1.6695
-8.1994
4.0203
-1.0755
-5.3486
-1.0715
-2.0178
4.8361
4.6144
-3.2657
-6.1987
-3.3707
0.1556
-6.6829
4.6964
-1.8912
-1.5808
4.6465
-1.7319
-2.094
-0.4386
4.1809
-10.9169
-1.4827
-0.4558
-9.995
-2.7407
-2.5975
-1.3254
-3.5375
-0.293
5.40893
-0.374
-7.6379
4.8436
-4.1377
-6.7178
0.0993
-3.2112
-0.501
-0.8981
-1.834
-3.5242
-6.0723
4.0841
-1.9479
-6.2551
-2.4686
-0.1911
-1.7681
-1.7988
-0.4243
-2.1749
0.5235
-4.6448
-13.7414
-1.8149
-4.3595
-2.8972
-0.774
-1.475
-3.1078
0.0772
-4.2398
0.8893
0.9137
-0.713
-0.4382
-1.604
-2.373
2.3919
-2.0376
-6.2051
6.16981
-1.6098
-0.5402
-2.2129
-0.5827
-3.5615
0.5367
-16.5009
-5.9957
3.2591
-1.0082
-4.9607
2.1791
6.59088
4.1867
-2.3892
-4.1096
1.0767
-1.8298
0.9774
-2.7041
-2.4263
2.0853
-5.3364
-5.8994
1.6497
-2.9516
-4.1476
3.1672
3.6355
0.521
2.6571
-3.593
-0.543
-2.0531
-1.8837
-3.2304
-0.5716
-4.4295
2.3107
-8.4265
-3.8854
2.3564
-5.5498
-1.6607
-3.6695
1.4051
-1.3113
3.9138
-0.1772
-3.2186
-5.141
-3.4675
6.76157
-0.6414
-6.7397
2.1352
-16.2023
-1.4866
-4.0308
10.6323
-2.2688
0.2203
-5.4964
3.1053
-3.4047
-1.868
2.7728
-2.0116
8.16725
-7.5378
-3.2475
5.72525
-1.3756
-3.7621
-2.9888
5.76687
6.63319
9.66221
-3.5093
-4.4374
-2.109
1.6362
-2.5869
-7.593
0.545
-1.15
-8.4425
7.28575
3.4124
-2.1115
0.4727
-2.9722
-3.0775
-1.3392
-1.3697
-0.0387
-9.0391
-4.6943
-5.0055
-3.8162
-2.6041
2.8194
4.6873
2.1131
2.9969
2.3352
-2.9326
0.0946
1.7141
4.3923
0.5396
0.9868
0.2196
3.6377
-6.3505
6.33925
-3.1681
-30.4708
-16.7119
5.57225
1.8044
-3.909
-2.9793
-2.7793
-2.1043
-0.6262
-3.7014
-1.6169
5.75187
2.2742
-1.5465
0.6297
3.7021
-1.9972
-6.2569
-4.3105
-1.7098
-2.6592
-12.2548
-13.8511
-2.875
-15.6363
-12.7178
0.9894
-2.7803
-1.1911
-5.0172
-24.501
-3.2648
-0.3806
-21.752
-18.0461
-6.7168
-3.1721
0.2775
0.6431
-0.475
1.52
-5.6823
-3.8798
-11.8767
-1.0637
-1.8172
-17.2364
-0.8888
-15.0917
0.8556
-0.8777
-0.228
-0.6048
-22.1469
-16.665
-9.9127
-10.0678
-1.8156
-3.9989
-4.7411
-1.3388
-14.239
-38.321
-3.6425
-1.8927
-2.3605
-14.4693
-2.1217
-7.375
-2.7987
-1.7173
-0.3707
-1.7918
-2.2549
-0.5096
-3.4178
-14.0712
-2.9864
-36.9407
-9.8746
-17.7298
-15.1645
-11.2797
-7.8437
-7.2685
-3.3462
-2.276
-4.2244
-15.7468
-12.2642
-2.3409
-0.005
-1.6391
-0.8894
-1.9826
-2.7606
-5.4519
-3.2352
-5.7486
0.0152
-14.6519
-0.4943
-15.8471
-13.7078
-1.4725
0.6834
-11.1304
-19.6172
-4.4199
-1.18
-7.7866
-11.4182
-18.2293
-16.2108
-5.0989
-10.1985
-9.471
-4.2521
-0.5179
-15.4971
-8.4267
-13.3396
-0.4765
1.2605
1.0608
0.1878
-2.5652
1.4788
-1.2326
0.4088
-1.2374
1.7896
1.0672
-1.755
1.2358
1.0372
-1.5833
1.3684
-6.796
0.9806
-0.165
1.658
1.0804
-1.9462
-0.7825
-2.823
-5.4892
0.268
0.641
1.1837
0.0647
-0.7345
1.8392
-1.1095
-2.4024
1.3272
0.4589
1.6694
0.5332
-3.7557
1.0521
0.7647
-2.636
0.0508
1.0918
0.0056
-1.2248
0.6388
-0.147
0.3238
1.702
0.747
0.4479
-3.5057
-0.7556
-8.157
-3.9854
1.1428
-4.4611
0.1141
-0.2992
-0.5477
-0.6772
-5.0583
1.3043
0.5146
0.8133
1.6
0.5942
0.3871
0.7745
-0.1393
2.0322
0.723
0.0371
0.4508
-0.874
0.1177
-0.2636
0.3619
-5.2755
-4.7512
0.6944
-0.0365
0.2137
1.001
-0.5358
-2.144
-4.2304
0.1733
-6.8545
-1.5021
-0.9501
-3.366
-5.197
1.0172
0.0098
0.9037
1.1305
-0.5755
1.0476
-0.1883
-0.6449
-1.7974
0.693
0.7385
0.6601
-1.2185
-2.425
1.1028
1.2827
-1.5369
-2.7175
0.6901
-1.2261
0.5225
0.4593
0.6332
0.1695
0.9296
-2.6441
-1.1435
-0.126
-0.0346
-0.7825
-0.2167
-5.9126
-11.2867
0.5873
1.8306
-0.7477
0.397
-1.763
-1.2445
0.4753
0.5055
1.1081
0.8134
1.6775
-0.472
0.2564
1.4655
0.2188
-4.4915
0.0275
0.0485
-0.5815
1.1095
0.3818
0.3534
-1.2711
-1.9504
-2.3805
1.1303
1.2915
0.6199
-0.6407
-2.5855
0.6555
-0.94
0.9332
0.3685
-0.4501
1.0186
-1.2505
-0.6114
-4.4142
1.8634
-2.6871
1.4822
-0.4281
-1.5941
0.8837
-2.9332
-1.4155
-0.2811
-0.6955
0.372
-1.6741
0.1155
-0.8365
1.4588
0.8609
0.6661
-3.2445
-1.229
0.8696
0.1311
1.6884
0.964
0.5829
1.1125
0.0894
1.3845
-0.0834
-0.3817
0.8381
0.5798
-1.5328
-1.6192
0.6718
0.7396
-5.3025
0.4553
-2.2646
-1.5158
-10.8466
-1.478
-2.3233
0.925
0.6847
-1.4214
-1.5701
-2.9824
-13.9278
1.2614
-0.6038
-3.0153
-2.1645
-2.0102
-1.2733
0.726
-5.4871
0.4072
-1.2914
-1.8315
-1.679
-6.0361
-1.9087
-0.8825
0.0202
0.0101
-6.4455
-3.1465
0.0205
-1.2058
0.1315
-3.4076
-0.0785
-1.1016
0.174
-1.3353
-7.1981
-1.3226
0.168
-2.9574
-8.8596
-1.1974
-0.5281
-0.2228
-1.9779
-1.979
-2.2171
-2.8937
-3.6165
-1.3592
-0.1381
-0.0223
0.844
-1.2914
0.2447
0.0537
-0.2563
-0.9783
-4.03
-0.8491
-13.3817
-0.4394
-4.1296
-2.3132
-3.6831
-1.19
-2.4119
-1.797
-5.2742
-3.1787
-0.2028
-4.3914
-1.481
-4.5903
-2.2197
-0.7499
-7.6917
-7.5964
-0.7492
-5.2906
0.8366
-2.1947
-1.254
-5.4843
0.4054
-2.1346
0.0308
-0.5328
-0.1633
-0.2484
-1.7914
-5.1088
0.7567
-0.3405
-0.2952
0.2238
-0.394
0.7256
0.9737
-2.6974
0.753
0.529
1.005
-1.6972
-4.2018
0.7961
-1.1022
-0.362
-0.611
0.0709
-5.6165
1.049
0.3706
-0.1297
-2.7675
-1.4705
-3.2275
-3.442
-9.849
-1.7955
-1.801
-3.1846
-2.1321
-2.591
1.056
-1.267
-1.2259
1.1055
0.5308
-9.3305
-0.0817
-2.6235
-2.5235
-0.7389
-5.3633
0.4331
0.6939
-1.2584
0.9295
-0.1613
-2.3125
-3.1804
-1.187
-1.2775
-2.38
-2.3105
0.6014
0.89
1.0489
-1.6166
1.0584
-1.765
1.187
0.41
-2.2022
-5.424
-0.1448
1.0844
0.584
-0.2169
-3.4347
-1.4662
-2.4743
-1.7175
-1.3165
-2.6581
-1.5232
0.8234
1.3119
-0.9564
-2.3515
1.4314
0.6044
0.0733
0.2503
-5.1035
1.8164
-0.5459
-2.655
-1.4331
0.0762
-5.8694
-1.555
0.3718
0.3591
-1.182
1.0016
-1.1148
-1.9535
-6.2158
-2.531
-4.2086
-0.7748
0.6155
-0.0924
0.7385
-14.7855
-17.9901
-17.412
-16.3813
-17.692
-12.5725
-16.6931
-17.6795
-15.9915
-27.6028
-20.4075
-20.6723
-24.7013
-1.1356
-37.4774
-19.6981
-18.7562
-24.4425
-16.8409
-14.7112
-19.4079
-18.011
-20.0998
-15.0291
-18.2468
-14.9877
-28.2869
-18.3965
-20.8165
-20.34
-21.7388
-22.5963
-15.5325
-15.74
-3.7356
-18.8308
-20.6266
-18.2655
-16.5841
-14.6103
-12.446
-20.9364
-38.1412
-14.449
-14.4912
-26.0804
-17.4135
-6.1739
-20.7404
-21.4192
-18.6075
-14.3964
-28.6548
-11.0745
-20.5525
-16.0308
-16.678
-41.3706
-11.0537
-15.2092
-6.5
-14.2506
-17.2966
-14.4253
-21.9338
-20.4965
-24.573
-23.598
-19.1684
-28.1607
-24.1249
-18.8455
-16.2919
-12.5886
-17.5861
-20.9393
-16.2953
-9.53
-18.823
-24.2131
-20.3237
-31.0478
-18.758
-23.9665
-11.4736
-13.4888
-21.7431
-27.4232
-11.8365
-18.0557
-22.2733
-17.4359
-18.392
-14.6869
-11.8235
-19.2662
-16.932
-26.973
-25.1213
-14.2097
-5.9413
-16.3201
-24.138
-16.9746
-27.8645
-18.1527
-20.2741
-18.9583
-15.2237
-15.6525
-15.5053
-13.183
-20.521
-29.5529
-22.3685
-26.3795
-26.4068
-21.8513
-14.2628
-16.633
-14.4299
-15.9879
-16.6672
-14.6521
-18.169
-27.1834
-14.382
-20.7505
-17.623
-16.1941
-19.5246
-24.6624
-16.9665
-14.199
-15.6363
-13.643
-20.2873
-18.665
-16.3012
-13.2265
-23.0046
-31.9625
-11.6542
-14.6886
-21.3338
-18.1104
-23.0772
-22.169
-22.6285
-12.2451
-24.7613
-21.3978
-22.857
-9.5216
-26.1372
-21.6735
-17.3694
-24.7862
-15.136
-16.3603
-13.4168
-25.4258
-13.93
-18.0233
-19.454
-16.2035
-28.9725
-19.3567
-16.9448
-18.4558
-17.4335
-19.9064
-22.5645
-16.4764
-13.4455
-15.9181
-17.5525
-30.678
-30.4637
-17.7735
-15.1671
-18.5787
-18.7117
-21.3065
-18.235
-23.1232
-17.2856
-14.2443
-3.3811
-15.2028
-22.6495
-15.0287
-18.3633
-20.207
2.1814
2.1604
5.85093
-3.4501
5.28781
0.134
2.5088
-1.31
3.2268
4.3409
8.65205
2.6974
1.0765
5.63765
5.90593
1.3339
-16.6833
1.1549
3.6696
3.0316
2.6762
0.408
6.32225
3.0677
7.44888
2.1064
0.7824
-1.4498
-0.5429
0.9806
-2.6281
3.1514
2.1769
4.4875
3.2961
7.17075
1.6826
4.5491
0.6761
4.3431
4.2619
1.7319
3.8567
1.1536
4.9586
-0.6802
3.093
0.6432
2.7267
0.5465
-0.0735
6.87318
1.5484
-10.8833
13.4002
2.4888
-0.6313
3.3909
3.3345
0.2841
2.8755
2.5412
0.4451
0.2515
3.9138
1.9223
7.56637
4.1061
3.587
3.2713
4.1151
3.6872
8.402
4.2292
0.9101
2.3931
7.49632
-2.3023
1.1766
-0.9372
-2.7936
2.2905
4.2745
0.5446
13.3137
-6.7611
3.9799
1.721
7.73313
1.8651
2.5528
0.1545
0.5905
5.77981
2.1963
2.1409
4.2958
0.7534
1.2344
0.6125
8.64832
-0.3968
3.3513
-2.0849
2.5779
5.50932
4.843
7.95481
0.6357
4.0841
0.3695
0.0079
8.23519
7.56705
6.19306
3.9988
5.76794
0.3572
2.84
-0.1582
2.7748
-4.2765
0.9199
2.8811
3.5775
-2.0443
8.8845
2.9847
7.71356
3.696
1.3496
1.8306
3.174
4.6297
-2.886
3.7608
1.1021
1.8468
2.8096
1.3323
6.18463
-2.1262
-1.0511
1.3817
3.6574
6.04987
-3.3879
-4.2789
1.5869
3.9493
3.6365
8.97706
5.82944
0.8788
2.0179
2.4568
2.7714
0.3256
2.8646
0.4764
3.1339
8.8232
4.4388
7.17807
4.9031
-3.4525
2.9595
8.04185
-1.7775
-0.2898
7.38394
-0.8022
-1.1719
0.9849
3.9991
1.0316
0.6319
2.0877
-0.7732
4.2214
2.5982
4.7252
2.0552
5.355
3.2787
-1.6262
-1.476
1.6831
3.5385
-1.005
7.68875
-0.039
2.1495
1.954
2.1496
4.6156
1.0468
-8.3423
-3.7892
0.7512
0.2378
-0.6035
1.6306
-6.9947
3.4857
2.0484
8.50219
2.3608
1.5189
2.3931
2.9325
0.0305
-1.0421
-1.0273
6.30149
2.3711
-2.4402
4.0459
-0.5733
0.9743
1.642
0.7112
0.0987
3.7209
0.383
1.4434
0.0315
5.27325
-3.7683
5.49678
2.0628
5.51518
5.51525
2.4909
3.4831
-0.5312
2.413
2.8687
10.1393
2.3288
9.43649
0.8212
6.86706
-3.7742
-10.9854
0.3584
0.9496
-8.9556
0.7868
7.29565
3.7358
1.502
8.40969
1.3738
3.4341
2.6578
8.811
3.4036
0.8766
-4.3182
4.3147
3.4336
-2.2957
2.2269
2.2195
0.5746
3.6422
7.95307
3.494
2.5641
-2.2604
1.7734
-0.2056
-0.6669
2.5904
0.4714
1.9864
-2.2855
4.073
5.52925
2.9081
5.66431
2.3249
1.3669
3.9229
3.0351
0.4794
-1.6136
4.7323
-1.0553
0.3917
2.5338
3.3221
3.4362
1.5718
2.0788
-1.0523
1.0228
3.5331
-0.1889
-8.0321
0.0026
-5.5336
3.4243
1.0811
1.1757
-0.7443
0.7534
6.14531
4.2522
1.9524
2.4245
0.4466
-0.0896
3.8814
-2.6277
10.0841
3.6105
0.2996
-0.4316
2.9229
-7.7324
-32.0697
2.5685
1.2732
10.2316
3.6537
-3.1747
4.7848
-2.057
3.4443
2.2843
0.9875
4.2358
6.21743
2.6154
0.086
-0.135
0.8483
-1.3201
-4.4306
5.84011
6.203
0.3168
-0.0458
3.0738
4.8023
-2.2135
10.516
1.4547
2.8319
2.721
2.8721
3.9809
-2.638
5.50031
5.40415
-1.5516
2.2813
9.20682
-0.1153
-1.0317
0.7673
1.3888
3.9686
1.7445
2.0386
3.9979
-4.3498
-8.6367
-14.139
-10.73
-2.0358
-24.9984
-2.2367
-17.02
-2.6894
-4.6057
-3.0225
-2.1544
-13.087
-18.4167
0.3101
-3.8619
-5.7406
-2.8069
-6.9463
-2.2753
-1.1402
0.6956
-22.5566
-16.3883
0.6527
-7.3464
-0.5343
-2.293
0.4616
2.4155
-18.6462
-2.0825
-2.3978
-9.1487
-24.1016
-11.8563
-8.8766
-4.6337
0.3616
-13.3021
-8.4093
-12.4552
-8.8106
-11.3225
-9.3271
-20.1907
0.2176
-1.9756
0.2909
-4.125
-11.1044
-11.187
-0.8589
-9.209
0.4772
-2.6755
-4.7771
-8.0485
-9.71
-0.8412
-4.6218
-1.5838
0.1623
-17.7084
0.3804
-3.5925
4.5572
3.27
4.6773
3.0466
4.6751
3.8206
2.7334
3.7753
1.596
2.9269
4.7066
4.7712
3.6135
3.1208
4.1875
0.1323
4.2762
4.529
1.6209
4.1654
3.9637
4.9462
3.4725
3.4131
3.0662
3.9105
3.4773
3.2616
4.9024
3.909
4.6468
3.607
4.331
3.2112
3.8071
5.546
3.503
3.1243
3.6653
3.062
4.1544
4.3509
4.0886
6.84772
3.6638
3.6692
2.9656
5.16285
2.7394
1.4093
3.5142
4.5504
2.6749
4.7514
5.8067
3.1961
3.584
3.6321
2.6411
3.059
2.2051
4.1463
3.0939
4.2934
2.6265
2.4119
5.96125
2.8034
4.2416
4.7939
3.0847
3.2445
3.5062
3.8319
2.8311
4.5457
3.2373
1.8387
4.5563
3.588
3.9993
4.4578
3.2871
4.6645
2.1512
3.0962
4.2085
1.8828
5.04251
3.5045
4.71
5.21639
3.6844
4.9117
4.0867
3.2238
4.8424
2.6753
4.132
5.25114
4.038
4.7908
4.4292
5.3646
3.4515
4.5534
2.6158
4.0862
3.593
-1.2456
5.13845
4.8938
3.8517
0.4329
4.0495
4.2627
4.1014
4.8982
4.5067
4.7862
4.2999
4.4415
5.39485
5.59712
3.33
3.7382
3.5189
4.4226
4.2315
0.9794
3.8551
4.2395
1.6652
4.4095
2.9509
3.9678
3.6217
-1.2617
2.8741
5.3098
3.461
5.2814
4.3914
4.4872
4.487
2.4052
5.10725
4.6989
5.16065
4.1103
3.7892
5.20065
4.8833
4.8263
-0.2181
5.03395
4.4466
5.04425
5.09255
3.4914
1.9823
2.7191
5.1343
5.1406
5.8518
5.6919
3.1949
3.5334
4.104
2.6245
5.99005
3.3361
3.3664
1.234
4.8075
4.0856
4.4581
3.7686
-0.3577
3.1
3.9112
0.519
4.4794
5.2422
3.4071
5.49775
2.5953
3.049
-0.8381
4.2477
3.8779
4.7938
4.1106
4.282
3.994
1.1771
5.1255
3.5203
4.3166
4.1849
2.0158
-1.587
-0.7722
0.8868
-1.4339
-0.5916
-2.8394
-1.0222
0.0516
2.387
0.9383
0.9608
0.7808
0.9513
2.9222
1.7459
0.3369
0.745
-0.4924
-0.4439
-4.3471
0.43
-13.4361
-3.4598
-0.7342
-0.2821
1.2381
-0.5914
0.4676
-0.3929
1.5812
-0.5517
-1.1555
1.6665
-0.9345
1.5297
-3.2276
0.8141
1.3002
-1.3923
-0.2444
-3.5519
-0.1199
3.1702
2.5722
-3.4408
0.0337
0.6188
-0.1971
-5.2469
0.858
-0.7826
1.2467
1.1924
1.6379
1.6955
-2.4687
2.169
1.578
-1.2805
0.434
-0.2782
-2.2843
1.8899
-1.498
-1.4834
1.9265
-1.0108
0.1398
-1.2011
0.0966
0.766
1.9237
-0.6641
-1.2905
-0.3875
1.3678
-0.1111
0.1384
2.4325
1.2518
0.2994
1.2487
0.0913
1.0833
2.4677
0.6675
1.6433
-1.3466
-0.1085
1.9
-0.0926
-1.9929
0.4836
1.5107
-1.2784
-2.7951
0.9792
-2.6145
2.1082
0.3154
1.1726
0.1232
0.7601
0.7874
0.4937
-2.26
-0.3116
-2.3764
-1.8567
0.5616
0.8134
-1.4862
1.3149
1.0096
-3.6373
-3.9342
-0.1672
-0.9612
-0.2188
1.2079
-0.1091
-2.2486
0.1934
-2.6234
1.4329
-0.0314
-5.0368
1.9428
1.4462
0.8413
-0.9425
2.4231
1.0432
-5.8726
1.4668
-1.6978
-1.3405
-0.4564
3.578
0.7186
1.6445
-0.7688
-4.2994
1.1108
-1.2284
1.2731
-1.2318
1.6565
1.1964
0.0936
1.2982
0.2835
1.3619
-0.388
-3.6569
-6.0009
-3.2754
-2.6256
-1.0406
1.8527
0.6814
0.011
2.0009
0.377
2.3072
-0.6929
1.3657
-0.2791
-3.5493
-2.0883
1.5595
-1.2087
3.2081
-2.4152
-0.6961
1.8858
0.3864
1.6425
-3.8726
-4.9245
1.5008
3.7723
2.119
-2.8813
1.86
0.3049
0.6866
-1.0808
1.5392
-4.8916
1.441
-2.4445
-1.9382
0.7741
1.1465
0.9479
2.2262
0.3568
2.5866
-17.0306
-4.2919
-20.1541
-13.3278
-13.3638
-18.2366
-18.1007
-18.2379
-26.9155
-21.9661
-31.9295
-18.0326
-19.6169
-15.5505
-20.2294
-1.9969
-12.1684
-23.4994
-28.5639
-6.8111
-13.402
-21.6315
-13.3503
-17.0143
-22.8563
-16.7554
-26.3008
-4.641
-22.8997
-13.9718
-2.8304
-6.5597
-22.3076
-20.5419
-14.212
-23.6538
-15.7143
-16.2491
-17.7092
-16.5451
-16.7433
-23.2943
-17.9352
-17.4917
-20.0079
-21.6953
-20.718
-16.886
-23.9742
-24.0446
-15.9104
-13.8363
-19.4782
-13.5759
-15.1776
-16.0362
-23.9861
-19.9053
-10.2555
-19.1092
-20.4273
-45.3841
-20.7073
-3.8794
-5.26
-17.5711
-23.4603
-5.9051
-4.4736
-1.9435
-11.0679
-15.9359
-5.5952
-27.3187
-23.0637
-21.1772
-22.7606
-14.2404
-12.4891
-3.3043
-14.7639
-4.1263
-20.1544
-22.35
-7.3709
-6.5669
-16.7825
-6.4458
-17.5986
-13.787
-21.1375
-16.6522
-13.6602
-22.236
-33.1286
-16.3145
-22.4335
-17.5031
-19.6313
-21.3285
-16.3076
-25.6862
-10.0906
-15.2624
-19.9265
-3.6469
-14.197
-14.589
-5.6243
-21.2847
-34.2608
-13.9143
-31.8089
-21.1518
-15.8089
-38.2591
-12.1652
-14.2279
-10.388
-10.5687
-19.1858
-15.3646
-15.3486
-23.1128
-14.322
-32.2822
-6.0456
-17.5575
-18.1266
-15.3408
-4.4964
-14.7398
-4.3462
-14.0431
-4.2121
-19.414
-21.4828
-14.8576
-15.7937
-15.066
-15.5395
-4.5849
-10.255
-4.1482
-21.8211
-13.145
-17.7054
-20.8931
-20.6726
-29.7597
-20.8539
-17.876
-7.2134
-16.558
-14.9201
-21.4509
-17.9183
-18.7246
-15.5463
-31.4406
-14.1055
-25.8089
-15.326
-9.3827
-15.8201
-19.8326
-5.2397
-12.2348
-25.4845
-18.5875
-11.4367
-9.5862
-26.0695
-23.4618
-23.9473
-23.2169
-14.6007
-85.228
-10.522
-19.042
-9.0061
-15.5271
-6.4842
-13.2841
-15.2227
-4.9615
-16.0262
