0.5
0.5
0.5
0.5
0.5
0.5
0.5
0.5
0.5
0.5
-0.45738
0.5
0.5
0.5
0.5
0.5
0.5
0.5
0.5
0.5
0.5
0.5
0.5
0.5
0.5
0.5
0.5
0.5
-0.94061
0.5
-0.51218
0.5
0.5
0.5
0.5
0.5
0.5
0.5
0.5
0.5
0.5
0.5
0.5
0.5
0.5
0.5
0.5
0.5
0.5
0.5
0.5
0.5
0.5
0.5
0.5
0.5
0.5
0.5
0.5
0.5
0.5
0.5
-1.52707
0.5
0.5
0.5
0.5
0.5
0.5
0.5
0.5
0.4721
0.5
0.5
0.5
0.72696
0.5
0.5
0.5
0.5
0.5
0.74363
0.5
-1.80359
0.5
-1.30944
0.5
0.5
0.5
0.5
0.5
0.5
0.5
0.5
0.5
0.5
0.5
0.5
-0.8126
0.5
0.5
0.5
0.5
0.5
0.5
0.5
0.5
-0.69958
0.5
0.14324
0.5
0.5
0.5
0.5
0.5
0.5
0.5
0.5
0.5
0.5
0.5
0.5
0.5
0.5
0.5
0.5
0.5
0.5
1.34786
0.5
0.5
0.5
0.5
0.5
0.5
0.5
0.5
0.5
0.32784
-0.70687
0.5
0.5
0.5
0.5
0.5
0.5
0.5
0.5
0.5
0.5
0.5
-0.50321
0.5
0.5
0.5
0.5
0.45061
0.5
0.5
0.5
0.5
0.5
0.5
0.5
0.5
0.5
0.5
0.5
0.5
0.5
0.5
0.5
0.5
0.5
0.5
0.5
0.5
0.5
0.5
0.5
0.5
0.5
0.5
0.5
-1.53765
0.5
0.5
0.5
0.5
0.5
-1.33146
0.5
0.5
0.5
0.5
0.5
0.46418
0.5
0.5
0.5
0.5
0.5
0.5
0.5
0.5
0.5
0.5
0.5
0.5
0.5
0.5
0.5
0.5
0.5
0.5
0.5
0.5
0.5
0.5
0.5
0.5
0.5
0.5
0.5
-1.91614
0.5
0.5
0.5
0.5
-1.25087
0.5
0.5
0.5
0.5
0.5
0.5
0.5
0.5
0.5
0.5
0.5
0.5
0.5
0.5
0.5
0.5
0.5
0.5
0.5
0.5
0.5
0.5
0.02724
0.5
0.5
0.5
0.5
0.5
0.5
0.5
0.90587
0.5
0.5
0.5
0.5
0.5
0.5
0.5
0.5
-2.78279
0.5
0.5
0.5
0.5
0.5
-0.38314
0.5
0.5
0.5
0.5
0.5
0.5
0.5
0.5
0.5
0.5
-0.91267
0.5
0.49587
-1.29133
0.5
0.5
0.5
0.5
0.5
0.5
0.5
0.5
0.5
0.5
0.5
0.5
0.5
-1.19175
0.5
0.5
0.5
0.5
-0.06882
0.5
0.5
-0.01753
0.5
0.5
0.5
0.5
0.5
0.5
0.5
0.5
0.5
0.5
0.5
0.5
0.5
0.5
0.5
0.5
0.5
0.5
0.5
0.5
0.5
0.5
0.5
0.5
0.5
0.5
0.5
0.5
0.5
0.5
0.5
0.5
0.5
0.5
0.5
0.5
0.5
0.5
0.5
0.5
0.5
-0.59598
0.5
0.5
0.5
0.5
0.14607
0.5
0.5
0.5
0.5
0.5
0.5
0.5
0.5
0.5
0.5
0.5
0.5
0.5
0.5
0.5
0.5
0.5
0.5
0.5
0.5
0.5
0.5
0.5
0.5
0.5
0.5
0.5
0.5
0.5
0.5
0.5
0.5
0.5
0.5
0.5
0.5
0.5
0.5
0.5
0.5
0.5
0.5
0.5
0.5
0.5
0.5
0.5
0.5
0.5
0.5
0.5
0.5
0.5
0.5
0.5
0.5
0.5
0.5
0.5
0.5
0.5
0.5
0.5
0.5
0.5
0.5
0.5
0.5
0.5
0.5
0.5
0.5
0.5
0.5
0.5
0.5
0.5
0.5
0.5
0.5
0.5
0.5
0.5
0.5
0.5
0.5
0.5
0.5
0.5
0.5
0.5
0.5
0.5
0.5
0.5
0.5
0.5
0.5
0.5
0.5
0.5
0.5
0.5
0.5
0.5
0.5
0.5
0.5
0.5
0.5
0.5
0.5
0.5
0.5
0.5
0.5
0.5
0.5
0.5
0.30532
0.46612
-0.43159
0.71534
-0.74839
0.15508
0.16121
-0.06539
-0.14506
0.15854
0.60363
0.25821
1.04653
0.00479
0.70015
0.4828
0.50763
0.75545
0.00109
-0.14811
1.07163
0.39428
-0.15412
0.6708
0.33176
0.11802
0.18574
0.04477
0.23852
-1.02743
0.85367
0.45157
0.70317
0.29449
0.69552
0.42772
0.14562
0.27979
-0.77604
-0.16132
0.38878
-0.49907
0.17747
0.29435
0.73788
-1.17268
0.45142
1.14972
0.41226
0.13044
0.50373
0.45386
0.51433
0.5945
-0.13306
0.80679
-0.05915
-0.249
-0.07569
0.0636
0.64685
-1.20531
0.50394
-0.713
0.74495
0.25509
0.00929
-0.00244
-0.60883
0.8275
0.65834
1.40709
0.4758
0.74826
1.34785
0.54197
-0.55903
-0.61592
-0.01226
0.47255
1.09873
0.2973
0.05178
0.98107
-0.74
0.61231
0.24809
0.17955
0.3319
0.80856
1.05159
-0.46382
0.66437
0.27531
0.28308
0.22842
0.89765
0.1312
-0.05329
0.37631
0.33587
-0.47881
-0.14809
0.64349
0.23123
-0.15831
-0.50542
0.48327
-0.2035
0.34825
0.68653
0.35165
0.16759
0.09125
0.22438
-0.35434
-0.09418
0.34466
0.8616
0.49048
0.64608
-0.61075
-0.98103
-0.40283
0.60906
0.26382
0.83196
0.49249
-0.39814
-0.32436
0.32897
0.74196
-0.14244
-0.54902
-0.00319
0.60193
-0.35723
0.65454
0.29777
0.52898
0.15419
0.62329
0.3258
0.76593
0.22129
1.00201
0.83474
0.18476
0.04601
-0.40517
-0.83481
-0.26464
0.3071
0.56591
0.47403
0.25859
-0.00641
0.5324
0.3978
0.16135
0.20548
-0.11117
-0.59021
-0.24946
0.17879
0.88685
0.95535
0.32873
-0.36674
0.09991
1.29157
0.13021
0.51898
-0.08092
0.73613
0.65151
-0.58148
0.85499
0.47436
-0.43864
0.81529
0.40897
-0.38359
-0.35108
0.48588
0.19421
0.36457
-0.62361
0.18097
-0.05717
0.43097
0.32956
-0.89799
0.83784
0.75116
0.91746
0.71388
0.85146
0.62052
0.84152
0.02651
-0.5937
1.12587
-0.75317
0.47199
-0.12806
-0.62866
-0.22991
1.00649
0.6444
-0.28171
-0.02798
0.6659
-0.57542
0.80459
0.44383
-0.11944
0.11539
0.22259
0.43818
0.46558
0.04141
0.0877
0.42876
-0.06871
0.0755
1.36706
-0.05598
-0.27815
0.52616
0.72043
0.76944
0.18944
0.69417
-0.49338
-0.12066
-0.11308
0.20626
1.05172
0.34598
0.68758
1.12266
0.38824
-0.26574
0.78184
0.45246
-0.39208
0.53165
-0.04107
0.14945
1.01687
0.28526
0.56063
-0.28346
-0.39109
0.04242
0.71155
0.50124
-0.8256
-0.62423
0.44415
-0.73924
0.47009
-1.32044
0.62881
0.18215
0.21357
0.07287
-0.0339
0.73325
0.69019
-0.58031
0.90532
0.08754
-0.88188
0.19141
1.70451
0.62249
0.0139
-0.48151
-0.03779
-0.059
0.37751
-0.09664
1.20434
-0.63087
0.70608
0.36272
0.13919
0.95676
0.53007
-0.05371
0.32509
-0.16705
0.24162
0.11363
0.42454
-0.153
0.71077
0.39674
0.34188
-0.10841
0.213
0.36247
0.62708
0.37132
-0.51499
-1.03159
-1.02594
-0.24641
-0.33819
0.05188
0.93238
-0.23063
1.02455
-0.53056
-0.21383
0.22762
-0.04932
-0.56609
0.34673
0.10886
0.09879
0.22309
-0.70416
0.6517
0.75592
-1.30311
0.54191
-1.12458
0.81524
1.11365
0.45643
0.43002
-0.39098
0.32578
-0.53002
0.89775
0.08795
-0.28936
-0.47573
0.2004
-0.15987
0.63347
-0.11014
-0.31549
-0.04699
0.45808
-0.17717
0.27311
0.16658
0.28978
0.30999
-0.78231
0.52348
0.53746
0.60232
0.08814
-0.28857
0.25687
0.82857
0.14052
0.28777
-0.41089
0.65488
0.25361
0.17072
0.39391
0.38987
-0.51771
-0.32437
0.36875
-0.42988
0.20321
0.57503
0.32175
0.55358
-0.77384
0.69238
-0.28491
0.61641
0.68148
0.15547
-0.13699
-0.88033
0.09627
0.06982
-0.41679
-0.60439
0.92278
0.64452
-0.13509
0.00857
0.31534
-0.19906
-0.42195
0.76297
0.8737
0.48491
0.78184
0.5
0.5
0.5
0.5
0.5
0.27556
0.5
-1.51867
-1.16463
0.5
-2.75474
-0.19192
0.5
-0.98459
-0.1555
-3.56825
-0.45203
0.5
-0.84074
-1.23728
0.5
-0.56153
0.5
-2.02211
-0.47691
-0.02079
0.13837
-0.44888
-1.0481
0.5
0.5
-1.16217
0.70383
-1.02084
-0.51093
-0.34723
0.68477
-1.10604
-1.05136
0.5
0.5
0.5
0.5
0.5
-2.05401
0.5
-1.48966
0.5
0.5
-0.69288
0.5
-1.18265
0.5
-0.27052
-0.63957
0.90113
-0.88987
-1.7761
0.5
-2.67154
1.24535
1.33659
-0.92971
0.5
0.5
0.5
-2.35194
-1.91194
-0.51553
-0.91724
0.02847
0.5
-0.93129
-1.54463
0.5
-0.13098
-4.0085
-1.13506
-2.01096
-0.09488
-2.11897
-0.12549
0.5
-0.63051
-1.32652
-0.98209
-3.95472
-0.71603
-0.6082
0.5
-0.80485
0.5
0.5
-1.27853
0.33284
0.00997
0.5
-1.02731
0.5324
-0.84284
-7.1556
0.5
-0.03751
0.5
0.5
0.5
0.5
-1.81728
0.5
-0.72805
0.5
-6.36735
-0.63462
-1.99893
0.5
0.5
-1.55127
0.5
-0.78024
-1.26779
-1.48466
-0.9387
-2.39644
-1.09315
-2.6825
0.90372
0.5
-0.84467
0.5
0.5
0.7431
0.5
-0.52736
-1.32306
0.5
-0.97995
0.5
-0.74996
0.5
0.48885
0.5
0.5
0.55622
-0.79264
0.5
0.5
0.5
0.5
-1.25149
-2.24194
-0.45874
-0.72326
-0.78811
-2.48888
-2.10041
-0.32178
-1.02552
-0.82299
0.57541
-1.31804
-1.07374
0.5
-1.03597
-2.02506
-0.29413
-3.71803
0.5
-1.85081
-1.35201
-0.97055
-2.03443
0.5
0.87479
-1.25925
0.5
0.5
-0.47426
-1.17708
0.5
0.5
-0.53553
-0.41279
-1.1141
-1.40958
0.5
0.5
0.52161
-1.55137
-0.81968
0.5
-1.07621
-1.33934
0.5
-2.13426
0.09171
0.5
0.5
0.5
-3.94049
1.02097
0.5
0.5
0.5
0.5
0.5
0.5
0.5
0.5
0.5
0.5
0.5
0.5
0.5
0.5
0.35545
0.5
0.5
0.5
0.5
0.5
0.5
0.5
-0.9094
0.5
0.5
0.5
0.5
0.5
0.5
0.5
0.5
0.5
0.5
0.5
-0.6946
0.5
0.5
0.5
0.5
0.5
0.5
0.5
0.5
0.5
0.5
0.5
0.5
0.5
0.5
0.5
0.5
0.5
0.5
0.5
0.5
0.5
0.5
0.5
0.5
0.5
0.5
0.5
0.5
0.5
0.5
0.48428
0.5
0.5
0.5
0.5
0.5
0.5
0.25565
0.5
0.5
0.5
0.5
-0.12023
0.5
0.5
0.5
-0.37243
0.5
0.5
0.5
-0.95856
0.5
0.5
0.5
0.5
-0.56272
0.5
0.03113
0.5
0.5
0.5
-1.65977
0.5
0.5
0.5
0.5
0.5
0.5
0.5
0.5
0.5
0.5
0.5
0.5
0.5
0.5
0.5
0.5
0.5
-0.7054
0.5
0.5
0.5
0.90426
0.5
0.5
0.5
0.5
0.5
0.5
0.5
0.5
0.5
0.5
0.5
0.5
0.5
0.5
0.5
0.5
0.5
0.5
0.5
0.5
0.5
0.5
0.5
0.5
0.5
0.5
0.5
0.5
0.5
0.5
0.5
0.5
0.5
0.5
0.5
0.5
0.5
0.5
0.5
0.5
0.5
0.5
-0.56304
0.5
0.5
-0.78374
0.5
0.5
0.5
0.5
0.5
0.5
0.5
0.5
0.5
0.5
0.5
0.5
0.5
0.5
0.5
0.5
0.5
0.5
0.5
0.5
0.5
0.5
0.5
0.5
0.5
0.5
0.5
0.5
0.5
0.5
0.5
0.5
0.5
0.5
0.5
0.5
0.5
0.5
0.5
0.5
0.5
1.01191
-0.69071
0.5
0.5
-1.11459
0.5
0.5
0.5
0.5
0.5
0.5
0.5
0.5
0.5
0.5
0.5
0.5
0.5
0.5
0.5
-1.00347
0.5
0.5
0.5
0.5
0.5
0.5
0.5
0.5
0.5
0.5
0.5
0.5
0.5
0.5
0.5
0.5
0.5
0.5
0.5
0.5
0.5
0.5
0.5
0.5
0.5
0.5
0.5
-0.16413
0.5
0.5
0.5
0.5
0.5
0.63084
0.5
0.5
0.5
0.5
0.5
0.5
0.5
0.5
0.5
0.5
-0.66606
0.5
0.5
-0.49944
0.5
0.5
0.5
0.5
0.5
0.44576
0.5
0.5
0.5
0.5
0.5
0.5
0.5
0.5
0.5
-0.57459
0.5
0.5
0.5
0.5
0.5
0.5
0.5
0.5
0.5
0.5
0.5
0.5
0.5
0.5
0.5
0.5
0.5
-0.61097
0.5
0.5
0.5
0.5
0.5
0.5
0.5
0.5
0.5
0.5
0.17183
0.5
0.5
0.5
0.5
0.5
0.5
0.5
0.5
0.5
0.5
0.5
0.5
0.5
0.5
0.5
0.5
-0.52658
0.5
0.5
0.5
0.5
0.5
0.5
0.5
0.5
0.5
0.1745
0.5
0.5
0.5
0.5
0.5
0.5
0.5
0.5
0.5
0.5
0.5
0.5
0.5
0.5
0.5
0.5
0.5
0.5
0.5
0.5
0.5
0.5
0.5
0.5
0.5
0.5
0.5
0.5
0.5
0.5
0.5
0.5
0.5
0.5
0.5
0.5
0.5
0.5
0.5
0.5
0.5
0.5
0.5
0.5
0.5
0.5
0.5
0.5
0.5
0.5
0.5
0.5
0.5
0.5
0.5
0.5
0.5
0.5
0.5
0.5
0.5
0.5
0.5
0.5
0.5
0.5
0.5
0.5
0.5
0.5
0.5
0.5
0.5
0.5
0.5
0.5
0.5
0.5
0.5
0.5
0.5
0.5
0.5
0.5
0.5
0.5
0.5
0.5
0.5
0.5
0.5
0.5
0.5
0.5
0.5
0.5
0.5
0.5
0.5
0.5
0.5
0.5
0.5
0.5
0.96839
0.84211
0.82732
0.21954
1.22409
0.51409
0.66491
-0.52103
0.40437
0.02137
0.43879
0.78158
0.87549
0.25659
1.09278
1.00952
0.07496
1.15356
0.61484
-0.04526
0.68889
1.0105
0.8055
0.27176
-0.11156
0.78474
1.22576
1.35189
0.51648
0.277
-0.17283
0.10396
0.73473
0.6682
1.17008
1.12956
0.62931
0.8677
0.12565
0.29414
0.35862
0.84667
0.96389
0.37993
0.57081
0.60302
1.0064
0.51386
0.64432
0.60242
1.11096
0.70978
1.24533
0.34212
0.55578
0.87209
0.7208
0.70461
0.46761
0.167
0.40239
0.42468
0.83878
0.84744
0.43318
0.42457
1.26001
0.72422
0.18447
0.90704
1.08982
0.689
0.36603
1.0353
0.88102
-0.07936
0.16505
0.50924
0.80373
0.6804
1.02989
1.05226
0.35587
1.04363
1.01775
0.99948
0.48353
0.41095
-0.47603
-0.97966
0.29892
0.91091
0.52914
0.13573
-0.13314
0.79754
0.04414
0.76283
1.19521
-0.5559
1.08045
1.04378
0.61637
-0.09762
1.14762
1.03761
0.98183
0.63961
0.16894
0.60668
0.54894
-0.06086
0.01384
1.07253
0.58878
0.09375
1.17695
0.74941
0.52671
0.91235
0.70329
1.10185
0.36536
0.99186
0.38668
0.28625
0.13071
0.79072
0.90806
0.67319
0.85149
1.18447
0.95819
0.48509
1.11174
0.90393
0.85873
0.63691
0.20695
0.78233
0.85455
0.54878
0.71363
0.29226
0.89332
0.17712
0.39987
0.73391
-0.29927
1.37521
0.52737
0.60338
1.19366
0.14861
0.68617
0.91931
0.33525
0.62852
-0.0402
0.56778
0.78512
0.45583
1.12894
0.889
0.8686
0.97485
0.41074
1.09489
0.28862
-0.01655
0.48474
1.31678
0.32634
0.40841
0.51478
0.3311
1.28834
1.1178
0.79936
0.71659
0.47639
0.60534
0.3501
0.53623
0.70249
-0.26227
0.60689
0.5213
0.70999
0.53141
-0.38479
0.6907
-0.15799
0.60195
-0.4241
0.32638
-0.02315
0.58366
0.7993
0.70052
0.34517
0.28455
0.1204
0.04357
0.38
1.09359
0.09905
-0.33486
-0.70092
-0.50303
-0.18804
-0.63959
-0.47474
0.11351
-0.26138
0.82705
-0.52503
-0.38831
0.71077
0.69409
0.05558
-0.14376
0.93527
0.93646
-0.99145
-0.28604
-0.2781
0.45103
0.70616
0.28105
1.33114
1.00934
0.25032
0.63526
0.25206
0.65647
0.29725
0.3483
-0.09097
-0.17832
0.71077
0.10567
-0.54079
0.54817
-0.59637
0.91734
-0.36328
-1.29727
-0.73601
0.51553
0.41239
-0.28998
-0.16918
0.69586
-0.51572
0.00326
-0.39077
0.97257
0.1805
0.87087
0.3654
-0.08202
-0.02268
0.60684
0.54436
0.34734
0.30863
-0.53124
0.64921
-0.5576
-0.9728
0.76741
0.27947
0.43543
0.20159
0.39626
-0.30912
1.02532
0.90236
0.51636
1.0876
-0.03957
-0.58675
-0.14823
0.67247
0.06938
0.34242
-0.0551
0.72867
0.28601
-0.59257
-1.02342
-0.28723
-0.13108
-1.02426
0.12302
-0.02909
0.20992
-0.97241
-0.04554
-0.44231
-0.69405
-0.96692
-0.01638
0.74258
-0.88884
-0.74524
0.37626
-0.53099
0.01446
-0.25754
-1.03214
0.32269
-0.00897
0.61194
0.45636
-0.22424
-0.2876
0.2561
-0.27562
-0.506
0.11423
-0.55343
-0.37264
1.04936
-0.47883
-0.26518
-0.36512
-0.1978
1.15019
0.83832
-0.60229
1.03744
-0.28008
-0.81583
-0.16796
0.64025
-0.28329
0.62662
0.237
-0.28319
1.26604
-0.63546
0.06832
0.16729
-0.73608
-1.50558
-0.14472
-0.35793
-0.40657
0.5252
1.05135
-0.49025
0.08965
-0.01692
0.96842
-0.18352
0.28679
0.7168
0.31488
-1.16779
-0.56266
0.1489
-0.23145
0.40934
0.29062
0.20758
-0.34363
-1.08792
0.77497
0.96549
0.27809
-1.64506
0.85617
0.21366
0.587
-0.47087
0.28295
-0.23675
0.32539
-0.03909
0.76286
0.13383
0.37295
0.30016
-0.02774
-0.00061
0.50615
-0.70282
0.9595
0.49118
0.95419
-0.64751
0.77738
-0.59962
-0.16655
-0.40038
-0.37895
0.14265
0.07171
-1.63715
0.5
0.5
0.5
0.5
0.5
0.5
0.5
0.5
0.5
0.5
0.5
0.5
-2.66242
-0.24805
-0.94311
0.5
0.5
0.5
0.5
0.5
-0.53466
-0.23994
0.5
0.5
0.5
-0.27597
0.5
0.5
0.5
0.5
0.5
-3.49482
0.5
-3.19132
0.5
0.5
0.5
0.5
0.5
0.5
-1.25251
0.5
0.5
-0.33286
0.5
0.5
0.5
0.5
0.5
0.5
0.5
0.5
0.5
0.5
0.5
0.5
0.5
0.5
0.5
0.5
0.59994
0.5
0.5
-5.8277
0.5
0.5
0.5
0.5
-0.91641
0.5
0.5
0.5
0.5
-0.35414
0.05489
0.5
-1.39376
0.5
0.5
0.5
0.5
-0.9081
0.5
-0.96836
0.5
0.5
0.5
0.5
0.5
0.5
-0.54566
0.5
0.5
-5.58635
0.5
0.5
0.40751
0.5
0.5
0.5
0.5
0.5
0.5
-1.90998
0.5
-0.11397
0.5
0.5
0.5
0.5
0.5
-3.06412
0.5
-0.85907
-1.62215
0.5
0.5
0.5
0.5
0.5
0.5
0.5
0.81631
0.5
0.5
0.5
0.5
0.5
0.5
0.5
0.5
0.5
0.5
0.5
0.5
0.5
0.5
0.5
-0.91351
0.5
0.5
0.5
0.5
-1.92967
0.5
-1.20004
0.5
0.5
0.5
0.5
0.5
0.5
0.5
0.5
0.5
0.5
0.5
0.5
0.5
0.5
-1.67524
0.5
0.5
-4.17245
0.5
-3.49414
0.5
0.5
0.06326
0.5
0.5
0.5
-0.44379
0.5
0.5
0.5
0.5
0.5
0.5
0.5
0.5
0.5
0.5
0.5
0.5
0.5
0.5
-2.52844
0.5
0.5
0.5
0.5
0.5
0.5
0.5
0.5
0.5
0.5
-1.95567
0.5
0.5
0.5
0.5
0.5
0.5
0.5
0.5
0.5
0.5
0.5
0.5
-0.30945
0.5
0.5
0.5
0.5
0.5
0.5
0.5
0.5
0.5
0.5
0.5
-6.3638
0.5
0.5
0.5
0.5
0.5
0.5
0.5
0.5
0.5
0.03815
0.5
0.5
0.5
0.5
-6.7758
0.5
0.5
0.5
0.5
0.5
0.5
0.5
-0.96982
0.5
0.5
0.5
0.5
0.73273
-1.06005
0.5
0.5
0.5
0.5
0.5
0.76112
0.85745
0.5
0.5
0.5
0.5
0.5
0.5
-1.37008
0.5
0.5
0.5
0.5
0.5
0.5
-0.23501
0.5
-1.24235
0.5
-1.09396
0.5
0.5
0.5
-0.16511
0.5
0.5
0.5
0.5
0.5
0.5
0.5
0.5
0.5
-0.45993
0.5
0.5
0.5
0.5
0.5
0.5
0.5
0.5
0.5
0.5
0.5
0.5
0.5
0.5
0.5
0.5
0.5
0.28751
-2.80128
0.5
0.5
0.5
0.5
-0.37836
0.5
0.5
0.5
0.5
0.5
0.5
0.5
0.5
0.5
0.5
0.5
0.5
0.5
0.5
0.5
0.5
0.5
0.5
0.5
0.27606
0.4524
0.5
0.5
0.5
-0.8937
0.5
0.5
0.5
0.5
0.5
0.5
0.5
0.5
0.5
0.5
0.5
-1.47466
0.5
0.5
0.5
0.5
0.5
0.5
0.5
0.5
-1.36857
0.5
0.5
0.5
0.5
0.5
0.5
0.5
0.5
-1.00507
0.5
0.5
0.5
0.5
-1.38044
0.5
-1.69971
0.5
0.5
0.5
0.5
-2.38993
0.5
0.5
0.5
0.5
0.5
0.5
0.5
0.5
0.5
0.5
0.5
0.5
0.5
0.5
0.5
0.5
-0.39219
0.5
0.5
0.5
0.5
0.98285
0.5
0.5
0.5
0.5
0.5
0.5
0.28337
0.5
0.5
-2.38744
0.5
0.5
0.5
-0.35598
0.5
0.5
0.5
0.04411
0.5
-0.16653
0.5
0.5
0.5
0.5
0.5
0.5
0.5
0.38617
0.5
0.5
0.5
0.5
0.5
0.5
-0.6339
0.5
0.5
0.5
0.5
0.5
0.5
0.5
0.5
0.5
0.5
-0.51457
0.5
0.5
0.1009
1.27351
-0.17163
-0.89576
0.5
0.5
0.5
-0.25748
0.05815
0.5
-0.79553
-0.25505
0.5
0.5
0.5
0.5
0.5
0.5
0.5
0.5
0.5
0.5
0.5
0.5
0.5
0.5
0.5
-0.89494
-4.98845
0.5
0.5
0.5
0.5
0.5
0.3026
0.5
0.5
0.5
0.5
0.5
0.5
0.5
0.24859
1.19786
0.5
-0.16554
0.5
0.5
-0.00762
0.5
0.5
-2.22696
0.5
0.5
0.5
0.5
0.5
0.5
0.5
0.5
0.5
0.5
0.5
0.5
0.5
0.5
0.5
0.5
-0.49139
0.5
0.34838
0.5
0.5
0.5
-1.49482
0.5
0.5
0.5
0.5
0.5
0.5
0.5
0.5
0.5
0.5
0.5
0.5
0.5
0.5
0.5
0.5
0.5
0.5
0.5
0.5
0.5
0.5
0.5
0.5
0.5
0.5
-0.34384
0.5
0.5
0.5
0.5
0.5
0.5
0.5
0.5
0.5
0.5
0.5
0.5
0.5
0.5
0.5
0.5
0.5
0.5
0.5
0.5
0.5
0.5
0.5
0.5
0.5
0.5
0.5
0.5
0.5
0.5
0.5
0.5
0.5
0.5
0.5
0.5
0.5
-0.40816
0.5
-1.8411
0.5
0.5
-0.47685
0.5
0.5
0.5
0.5
0.5
0.5
0.5
-1.47366
0.5
0.5
0.5
0.5
0.5
0.5
0.5
0.5
0.5
0.5
0.5
0.5
0.5
0.5
0.5
0.5
0.5
0.5
-1.09843
0.5
0.5
0.43116
0.5
0.5
0.5
0.5
0.5
0.5
0.5
0.5
-1.3947
0.5
0.5
0.5
0.5
0.5
0.5
0.5
0.5
0.5
0.5
0.5
0.5
0.5
0.5
0.5
0.5
0.5
0.5
0.5
0.5
0.5
0.71505
0.5
0.5
0.5
0.5
0.5
-0.72135
0.5
-2.26791
0.5
0.5
0.5
0.5
0.5
0.5
0.5
0.5
-1.37581
0.5
0.5
0.5
0.5
0.5
0.5
0.5
0.5
0.5
0.97994
0.5
0.5
0.5
0.5
0.5
0.5
0.5
0.5
0.5
0.5
0.5
0.5
0.5
0.5
-1.68096
0.5
0.5
0.5
0.5
0.5
0.5
0.5
0.06709
0.5
0.5
-0.69247
0.5
0.5
0.5
0.5
0.5
0.5
0.5
0.5
0.5
0.5
-2.81801
0.5
0.5
0.5
-1.81017
0.5
0.5
0.5
0.5
0.5
0.5
0.5
0.5
0.5
0.5
0.5
0.5
0.5
0.5
0.5
0.5
0.5
0.5
0.5
-0.38009
0.48005
0.25627
0.23394
0.31023
0.65034
0.79752
0.11485
0.40407
0.20967
0.98469
1.73962
1.26653
0.04299
0.8217
0.32858
-0.10865
0.42204
0.52468
0.72203
1.23271
0.23297
0.42652
0.88145
0.01891
0.21134
0.00864
0.13694
0.71693
-0.39267
1.13185
-0.45806
-0.48195
-0.37254
-0.43588
-1.46965
0.53997
-0.14062
0.63182
0.42782
0.04298
0.33443
0.77388
-0.37587
1.28831
-0.63766
0.61906
0.03026
1.02866
0.34037
0.44778
1.14861
0.67657
0.14809
0.55933
0.13805
0.46232
-0.42091
-0.01469
0.48829
-0.13108
0.39779
-0.58027
-0.03822
0.50146
0.25088
0.77046
0.01838
0.13248
0.48878
-0.09347
0.81788
-0.09936
0.30878
-0.13035
0.09549
0.94634
0.71047
-0.02203
0.4938
0.4747
0.08175
-0.51726
0.6338
-0.20822
0.56068
0.51856
-0.12575
0.46368
0.13639
0.06047
0.24292
0.64832
-0.1288
0.4197
-0.70603
0.02445
0.29641
0.62618
0.57689
-0.0786
0.31292
0.13871
-0.36055
1.34023
0.33021
0.74756
0.67319
-0.12221
0.46727
0.52413
0.63177
0.18525
-0.13636
0.25985
0.6222
0.26934
-0.02775
0.98539
0.91819
1.01954
0.63963
0.60767
0.24779
0.16934
0.0619
0.59415
0.49304
0.32496
0.16861
-0.17868
0.04355
0.73416
-0.4004
0.02454
0.54567
0.54936
0.8604
1.06489
-0.21382
-0.26801
0.3377
-0.2283
0.7643
0.70944
0.37629
-0.20013
0.46043
0.20844
0.3951
0.72538
0.35128
0.36682
0.33388
0.1401
0.17927
0.41301
0.43423
0.1148
1.30683
0.59113
0.32322
-0.34454
0.47677
0.47748
0.72061
-0.25764
0.51896
0.50614
-0.70433
0.14734
0.6083
0.7698
0.35928
-0.81228
-0.21558
0.09506
1.2185
0.35847
0.6376
0.37256
0.54819
0.17358
0.95641
-0.52361
-0.11252
0.2654
-0.1239
-0.01617
1.05882
0.52415
-0.76923
1.35662
-0.30674
-0.47317
0.96976
0.80294
0.3929
0.78728
1.2739
-0.47952
0.18045
0.44192
0.77339
0.28041
-0.13952
0.42268
1.20555
-0.04359
0.8784
0.52134
0.45008
0.66127
-0.39888
-0.30661
-0.09703
0.68081
0.01449
1.10134
1.05687
0.50732
1.0959
1.17372
0.44186
-0.38554
0.762
0.04659
0.75758
1.069
0.72623
0.66038
0.56582
0.20702
0.45085
0.71155
-0.04233
0.60453
-0.33498
-0.44909
0.78815
0.1992
-0.47836
0.32578
0.51607
0.23101
-0.49663
1.79252
0.5482
0.39832
0.12121
0.97359
0.25685
0.73942
0.02008
0.49951
0.27049
-0.16998
-0.17694
-0.49913
0.85159
-0.61648
0.10052
0.63962
0.71966
-0.18743
0.82383
0.48724
0.4261
-0.18515
0.56358
-0.17135
0.0735
0.34176
0.02498
0.60636
0.27057
0.72243
0.25622
-0.56828
0.71462
0.07855
0.6734
-0.34476
0.18481
-0.8567
0.32418
0.64267
0.46089
0.47554
-0.07743
0.62221
-0.1858
0.73169
-0.51837
-0.39965
0.03213
0.33759
0.79361
0.45286
1.11388
0.58259
-0.21091
0.5423
1.08994
-0.0621
-0.00781
0.8072
-0.69507
-0.85264
0.79513
0.8024
-0.64264
0.63711
0.53943
0.35881
-0.33601
0.7846
0.56997
0.42329
0.50925
0.24519
0.06069
1.09547
0.31296
0.87851
0.54436
-0.22326
-0.39419
0.49123
0.83912
0.68262
0.42793
-0.334
0.75604
1.35914
-0.76232
0.61912
-0.2932
0.98054
0.40407
-0.0106
0.19339
0.3376
0.94202
-0.07186
0.90302
-0.47077
1.16755
-0.43258
0.83194
0.34388
0.49463
0.8205
0.54668
0.60128
-0.00976
0.34706
0.82283
0.82014
-0.13277
0.72367
0.2085
0.36253
0.80742
0.44115
0.9047
0.60579
-0.45329
0.48853
0.69789
0.29092
-0.96774
0.17856
0.32313
0.21808
-0.29252
0.26773
0.70008
1.31475
-0.60533
0.26288
0.53216
-0.45722
-0.08449
0.85292
-0.00911
0.75528
0.03011
0.67415
0.18716
0.3472
0.49739
0.30326
0.29731
-0.56871
-0.28833
0.60245
0.7021
-0.75012
0.96952
-0.03134
0.24405
0.42272
-0.48719
0.19112
-0.66352
0.49439
-0.49902
0.56846
0.7225
-0.05909
0.82103
0.92471
-0.36413
0.63793
-0.61028
0.31093
-0.15723
0.14075
0.31656
-1.15324
0.8385
-0.83526
0.72711
0.42143
0.67087
-0.43304
0.55285
-0.39579
0.78053
0.39053
-0.12417
-0.2174
-0.36616
0.08945
0.66201
0.12526
0.7937
0.14159
0.03376
0.52551
0.51765
0.57622
-0.34734
0.68999
-0.12373
0.82266
1.02411
0.27451
-0.29947
-0.65067
0.19121
0.46225
0.87337
-0.73135
-0.30063
0.59687
0.50035
-0.23337
0.98627
1.37359
0.27182
0.74843
0.95388
1.01025
0.93689
0.06139
-0.27668
0.07066
0.3076
-0.89618
0.68846
0.17797
0.18947
0.1765
0.77784
0.34882
0.45693
-0.16993
-0.00551
-0.03347
-0.32414
0.81275
-0.14087
-0.34972
0.68129
0.48161
0.40343
0.39419
0.2144
0.34943
-0.61586
-0.59971
0.08331
-0.48395
-0.25263
0.61555
0.68547
0.19759
-0.30642
0.85668
-0.54892
0.7818
-0.10725
-0.23661
-0.18873
0.14487
-0.2023
-0.83906
0.61964
0.56665
-0.24314
0.27667
-0.0989
0.33666
0.39294
0.75353
0.91829
0.44425
0.18407
0.52409
0.04817
-0.48489
-0.07852
-0.43307
0.19353
-0.00776
1.00337
0.37935
0.43846
1.40334
1.04371
0.16995
0.4657
-0.47112
1.19964
-0.18461
-0.47589
1.22623
0.2528
-0.59002
0.77318
0.01481
0.03376
-0.92033
0.20132
-0.81261
1.25915
0.83922
0.55683
0.64566
-0.06048
0.24194
0.35309
0.08645
1.02454
0.50434
-0.02637
0.45528
-0.16793
-0.0456
0.27507
0.07756
0.28203
0.52947
-0.17281
-0.04343
0.45204
0.76087
0.46075
0.34387
0.4771
0.71256
0.29055
0.26405
1.11473
-0.55814
-0.09803
0.56166
0.83139
-0.26429
1.08235
1.13192
0.77114
0.19665
-1.05805
0.15937
0.48529
0.86835
0.62955
0.60039
-0.59127
0.39664
0.4089
0.78294
0.73342
0.62313
-0.02665
0.17962
0.31675
0.35353
0.5
0.5
0.5
0.5
0.5
0.5
0.5
0.5
0.5
0.5
0.5
0.5
1.29607
0.5
0.5
-1.01752
0.5
0.5
0.5
0.5
0.5
0.5
0.5
0.5
0.5
0.5
0.5
0.5
0.5
0.5
-1.77043
0.5
-0.40916
0.5
0.5
0.5
0.5
0.5
0.48388
0.5
0.5
0.5
0.5
0.5
-1.74494
0.5
0.5
0.5
0.5
0.5
0.5
-1.19604
0.5
0.5
0.5
-0.32343
0.5
0.5
0.5
0.5
0.5
0.5
0.5
0.5
-0.41338
0.5
0.5
-0.35971
0.5
0.5
0.5
0.5
0.5
0.5
0.5
0.5
0.5
-1.66012
0.5
0.5
0.75162
0.5
0.5
0.5
0.60962
0.5
0.5
0.5
0.5
0.5
-0.1841
0.5
0.5
0.5
0.5
0.5
-1.00924
0.5
0.5
0.5
0.5
0.5
0.5
0.5
0.5
-0.35248
0.5
0.93425
0.5
0.5
0.5
0.5
0.5
0.5
0.5
0.5
1.18791
0.5
0.5
0.5
0.5
0.5
0.5
0.5
0.5
-1.44118
0.5
0.15132
0.5
0.5
0.5
1.1091
0.5
0.5
0.5
0.5
0.5
-1.04451
0.5
0.5
-0.52415
0.5
0.5
-0.23609
0.5
0.5
0.5
1.47584
0.5
0.5
0.5
0.5
-0.25287
0.5
0.5
0.5
0.5
0.5
0.5
0.5
0.5
0.5
0.5
0.5
0.5
0.5
0.5
0.04372
0.5
0.5
0.5
-0.31746
-0.36186
0.5
0.5
0.5
0.5
0.5
0.5
0.5
0.5
-0.3693
0.5
0.5
0.5
0.5
0.5
0.5
0.5
0.5
0.5
0.5
0.5
-1.3846
0.5
0.5
0.5
0.5
0.5
0.5
0.5
0.5
0.5
0.5
0.5
0.5
0.5
0.5
0.5
0.5
0.5
0.5
0.5
0.5
0.5
0.5
0.5
0.5
0.5
0.5
0.5
0.5
0.5
0.5
0.5
0.5
0.5
0.5
0.5
0.5
0.5
0.5
0.5
0.5
0.5
0.5
0.47065
0.5
0.5
0.5
-0.1871
0.5
0.5
0.5
0.5
0.5
0.5
-1.76514
0.5
0.5
0.5
0.5
0.5
0.5
0.5
0.90323
0.5
0.5
0.5
0.5
0.5
-0.35738
0.5
0.5
0.5
0.5
0.5
0.5
0.5
0.5
0.5
0.5
0.5
0.5
0.5
1.00251
0.5
0.5
0.5
0.5
0.5
0.5
0.5
0.5
0.5
0.5
-1.52447
0.5
0.5
0.5
1.38876
0.5
0.5
0.5
0.5
0.5
0.5
0.5
0.5
0.5
0.5
0.5
0.5
0.5
0.5
0.93487
0.5
0.5
0.5
0.5
0.5
0.5
0.5
0.5
0.5
0.5
0.5
0.5
0.5
0.5
-0.46585
0.5
0.5
0.5
0.5
0.5
0.5
0.5
0.5
0.9667
0.5
0.5
0.5
-0.47867
0.5
0.5
0.5
0.5
0.5
0.5
0.5
0.5
0.5
0.5
0.5
0.5
0.5
0.5
0.5
0.5
0.5
0.5
0.5
0.5
0.5
0.5
0.5
0.5
0.5
0.5
0.5
0.5
0.5
0.5
0.5
-0.51125
0.5
0.5
0.5
0.5
0.5
0.5
0.5
0.5
0.5
0.5
0.5
-0.94682
0.5
0.5
0.5
0.5
0.5
0.5
0.5
0.5
0.5
-0.50492
0.5
0.5
0.5
0.5
0.5
-0.30114
-0.84407
0.5
0.5
0.5
0.24169
0.5
0.5
0.5
-0.44752
0.5
0.5
-0.44184
0.5
0.5
0.66837
0.5
0.5
0.5
0.5
0.5
0.5
0.5
0.5
0.5
0.5
0.5
0.5
0.5
0.5
0.5
-0.76518
0.5
0.5
0.80556
0.5
0.5
0.5
0.5
0.5
0.5
0.5
1.60881
0.5
0.5
0.5
0.5
0.5
0.5
0.5
0.5
0.5
0.5
0.5
0.5
0.5
0.5
0.5
0.5
0.5
0.5
0.5
0.5
0.5
0.5
0.5
0.5
0.5
0.5
0.5
0.5
0.5
0.5
0.5
0.5
0.5
0.5
0.5
0.5
0.5
0.5
0.5
0.5
0.5
0.5
0.5
-0.82022
0.27064
0.5
0.5
0.13641
0.5
0.5
0.5
0.5
0.5
0.5
-1.89534
0.5
0.5
0.5
-0.67481
0.5
0.5
0.5
0.5
0.5
0.5
0.5
0.5
0.5
0.5
0.5
0.5
0.5
0.5
0.5
0.5
0.5
0.5
0.5
0.5
0.5
0.5
0.5
0.5
0.5
0.5
0.5
0.5
0.5
0.2015
0.5
0.5
0.5
0.5
0.5
0.5
0.5
0.5
0.5
0.5
0.5
0.5
1.20047
1.17238
1.21774
-0.57873
0.78325
0.61109
1.40421
0.88585
0.11412
0.69571
-0.01668
0.34309
0.9385
0.70226
0.15972
1.16484
0.922
0.72045
1.39785
0.72808
0.66477
0.37927
0.48518
0.11456
0.17875
1.26295
-0.09065
0.73101
0.67413
1.50936
1.00714
0.00394
1.03948
0.83763
0.93684
0.60346
1.20905
0.73236
0.52946
1.04942
0.74561
1.0417
0.46173
-0.47711
0.48701
0.44517
-0.08692
0.56617
1.26361
0.97627
0.9843
0.46143
1.12424
0.47576
0.91991
0.71012
0.78097
0.90352
0.82271
1.37194
0.76782
0.81516
0.70009
0.59428
1.19979
0.14682
0.87222
0.78398
1.02533
0.86985
0.50042
1.22691
1.11851
1.25081
0.09727
1.10078
0.51766
0.75834
0.04146
1.09354
0.52928
0.85143
0.68701
1.18026
1.0141
0.51945
0.74343
0.98691
-0.29096
0.76762
0.14141
0.92881
-0.13091
0.60784
0.65568
0.47939
0.49639
0.19468
1.13054
1.10924
0.67077
-0.48629
0.62114
0.85361
0.6822
1.0948
0.63595
0.62388
1.24113
0.75747
0.5907
1.41804
0.48888
0.46734
0.51615
0.37726
0.55784
1.01483
0.79739
0.47397
0.75734
0.71041
0.97093
0.9525
1.32889
0.50131
0.94199
1.27231
0.95047
0.32913
1.24049
0.60031
0.20776
1.08535
1.08876
0.64216
0.25945
1.56319
0.78083
0.76784
0.57993
0.86054
-0.04392
0.68035
0.69953
-0.35171
0.47351
0.86981
0.21899
1.46679
1.19457
0.02662
0.40766
0.59491
1.41523
0.28917
1.05532
0.64789
0.55203
1.26004
-0.30659
0.61147
-0.21962
0.59022
0.5575
0.83956
0.76852
0.48677
0.99162
0.81738
0.8933
0.65905
0.30236
0.98141
0.67623
-0.16692
1.09062
1.15724
0.4979
1.17844
0.40231
0.58556
0.82957
0.07747
0.70433
1.00202
1.07648
0.27066
0.14036
0.95711
0.52675
0.49511
0.52049
1.16128
0.64745
0.23003
0.4736
1.04096
0.9691
0.38857
0.61769
0.64882
0.15374
0.68749
1.00174
0.82811
-0.64212
1.2888
0.53058
0.53389
-0.07082
0.49681
0.96144
-0.38074
0.96114
0.2447
0.61779
0.61563
1.37172
0.89571
0.11202
0.95618
0.26412
-0.59135
0.95461
1.10075
-0.16142
0.19789
1.19863
0.20486
0.33869
0.58841
-0.09219
0.23416
0.55411
0.49964
0.80665
0.97031
1.41334
0.41349
0.84863
0.965
0.54796
0.81963
0.56221
0.37091
1.13645
1.00891
1.18019
0.14566
0.78369
0.74903
0.39398
1.1559
0.7347
0.61686
0.6738
1.41331
1.11875
0.57104
0.3271
0.78141
0.62378
0.53756
-0.64853
0.58779
0.01802
0.15929
0.90105
0.588
1.00003
0.81201
0.86639
0.63311
0.59286
0.60921
0.06452
0.40341
1.07682
0.78883
-0.18422
0.72494
0.3081
0.45981
1.33587
-0.12712
-0.09399
0.62298
0.21127
0.81008
0.25415
0.02184
1.02852
0.23853
0.37684
-0.97337
-0.09874
0.61246
0.37164
0.1163
-0.04156
0.81448
0.60923
-0.02357
0.17398
0.37156
0.48424
0.39825
0.97022
0.97018
0.9943
0.19629
0.44637
-0.12333
1.18364
0.37601
1.14137
0.99129
-0.17068
0.9739
0.28282
-0.20478
1.20867
1.06261
0.92117
0.29854
0.29991
0.20472
1.11479
0.15729
1.13722
0.75908
0.6944
1.10134
0.6353
0.44572
0.66804
0.24359
1.13671
0.17772
0.32016
-0.03049
0.34106
-0.00673
0.46113
0.607
0.88523
0.61353
0.04379
0.03761
1.13594
1.30568
-0.12277
0.80185
1.02957
0.65999
0.24489
0.8201
0.97899
0.81559
1.08755
-0.08092
-0.04696
0.69819
0.98362
0.79085
0.88749
-0.03102
0.23372
-0.01137
0.27845
0.96632
0.17422
1.07174
-0.20765
0.90986
0.6042
0.43898
0.03766
0.76189
1.44964
0.3031
0.39055
0.30096
0.51248
0.65231
-0.1673
0.71299
0.53252
0.49272
0.40001
0.72587
0.40128
0.00753
0.57857
0.59906
1.12831
0.75373
1.49242
0.42995
0.37687
0.95185
0.47633
-2.10142
-0.02008
0.67292
0.85435
-0.2076
0.75621
0.95808
0.89527
0.15444
0.66167
1.12584
0.52581
0.8974
0.21944
0.24288
0.84357
0.14259
1.00728
0.32807
1.13151
0.68968
0.84919
0.95931
-0.18013
1.3456
0.8149
0.61644
1.00038
-0.12207
-0.24233
1.29145
0.84656
-0.02389
1.65992
0.55204
1.05612
0.40219
0.88769
0.8125
1.1483
0.98898
0.3811
0.03477
-0.28251
0.26981
-0.00959
0.72306
0.83815
0.70818
1.15085
1.08137
0.524
-0.16024
0.76511
0.23862
0.69
1.18522
0.76924
0.34735
0.56437
0.78504
0.6032
0.74482
0.58354
0.67807
0.53286
1.04894
0.51717
0.81654
0.79243
-0.38104
-0.12186
0.47239
0.55491
0.41899
-0.26931
0.68418
-0.48082
0.14403
0.63981
1.03957
0.1024
1.28915
0.59243
-0.20342
0.15568
1.14086
0.44367
0.64294
0.14447
0.97799
0.92781
0.51851
0.43987
0.64419
0.77799
0.27258
0.29612
0.79982
0.86925
0.0308
0.74547
0.05007
-0.49299
-0.4479
0.21537
0.88416
0.48313
-0.10128
1.44573
-0.13741
0.36599
0.58049
-0.02126
0.43341
0.38875
-0.1206
0.48208
1.20742
0.48351
0.61466
1.05844
-0.06282
0.38509
0.27397
0.34076
-0.09401
0.41744
0.34651
1.00052
-0.03418
0.27587
0.17118
0.68837
-0.25441
0.81417
-0.17126
0.61318
-0.7397
0.68694
0.1715
0.6495
0.34035
0.38804
0.71063
0.96083
1.09259
0.46666
0.61274
-0.07789
0.87344
0.11275
0.325
0.19032
0.8338
0.12773
0.3639
0.24609
0.59803
0.69433
0.7657
0.70209
1.66827
0.62604
0.33801
0.24788
0.97454
0.47064
0.35525
0.48748
1.10903
0.66984
1.02399
0.51125
0.03578
0.73511
0.32909
0.63467
-0.25186
0.85286
0.42314
0.26635
-0.49165
-0.11091
0.39477
0.07898
1.03855
0.84953
0.15416
0.61647
0.71115
0.40259
1.04814
0.95764
1.09401
-0.33653
0.49348
