0.414597
0.033424
0.205427
0.443765
0.051183
0.096591
-0.249457
-0.037552
0.356087
-0.04079
0.165392
0.212207
0.38596
-0.023758
0.230103
0.372297
0.330138
-0.121884
0.416353
0.484024
0.163167
0.054856
0.422006
0.175311
0.439239
0.144783
0.120381
0.464881
-0.158971
0.060492
0.409014
0.061171
0.382716
-0.177634
0.278016
0.296608
0.134363
0.361418
0.397435
-0.222387
0.038316
-0.298435
0.245725
0.045722
0.10704
0.141702
-0.028169
0.316811
0.108504
0.013161
-0.031765
0.074614
0.477911
0.129457
-0.151769
0.013309
0.189186
-0.129782
-0.19283
0.429022
-0.261161
0.264302
-0.187943
0.004416
-0.010901
0.047927
0.300123
0.276642
0.274081
-0.275889
-0.159921
-0.066874
-0.001723
0.128133
0.485456
0.007218
-0.167139
-0.200256
-0.069806
0.370582
0.256218
0.179636
-0.191019
0.017351
0.43871
-0.55042
0.149604
0.130026
0.032705
-0.023871
0.406179
0.319049
0.252001
-0.073948
0.17129
-0.141399
-0.030368
0.007217
0.485542
0.395749
-0.067337
-0.068235
0.165952
0.364175
0.273708
-0.173779
0.016649
0.241709
0.003413
0.271195
0.017284
0.489678
0.014508
0.480394
0.14904
0.058569
-0.091497
0.375678
0.294229
-0.007486
0.203559
-0.067591
-0.151214
0.187635
0.278838
-0.11993
0.467745
-0.020046
0.391306
-0.355498
0.223207
0.428975
0.308628
-0.096602
-0.148479
-0.027956
0.252026
0.111495
-0.58963
0.344798
-0.034105
0.101868
-0.024756
0.371834
0.179115
-0.361807
0.235692
0.29112
-0.284523
0.087481
0.383916
0.292816
0.02733
9.8e-05
0.077426
0.463491
0.297066
0.134871
0.462176
-0.205828
-0.58589
-0.198791
0.302599
-0.185062
0.113546
0.034384
-0.350254
-0.159688
-0.324651
0.356668
0.118343
0.006558
-0.090263
0.141776
-0.284703
-0.123416
0.137391
0.412046
-0.106312
-0.095231
0.346128
0.228773
0.390715
0.378942
0.047258
0.393745
-0.17827
0.411101
0.476486
-0.143065
-0.012146
-0.205365
0.088178
0.045348
0.174884
0.334906
0.053867
0.478291
0.290676
0.19993
-0.272006
0.161096
0.447985
0.09078
0.025293
0.176095
0.379229
0.421125
0.031965
0.176944
-0.27585
0.438401
0.334018
-0.074192
0.335396
0.397508
0.051272
-0.118748
0.300671
-0.012138
-0.020695
0.183505
0.348818
0.360565
0.416632
0.045086
0.191003
0.41985
-0.018342
-0.027793
0.127638
0.09518
0.068042
0.239293
0.387033
0.298218
-0.01519
0.035473
0.435524
0.14493
-0.181952
0.023912
0.409926
0.220341
0.014436
0.229082
0.044487
0.470996
0.104148
0.055703
0.103994
0.374756
0
0.467161
0.484799
0.060119
0.236218
0.282157
0.298624
0.442163
-0.125355
0.202756
-0.247818
0.222607
0.202142
0.167352
0.478692
0.459218
0.322913
0.420882
0.462272
0.399637
0.467943
0.462354
-0.035936
0.42039
0.467874
0.250291
0.079568
0.419495
0.274
0.463059
0.171729
-0.130796
0.233927
0.272928
0.474274
0.106199
0.063372
0.420669
0.189975
0.193881
0.389077
0.227267
-0.041441
-0.02951
0.467696
0.047361
-0.317889
0.323333
0.243327
0.43236
0.335558
0.081464
0.163146
0.408481
0.426631
0.299274
0.303539
0.23775
-0.061005
0.317177
0.451539
0.432377
0.225516
0.477611
0.194993
0.496029
0.224451
0.280069
0.498362
0.350706
0.354949
-0.0183
0.355664
0.147942
0.352887
0.193662
0.476714
0.026363
-0.338512
0.189397
0.478121
0.360839
0.147024
0.040334
0.244366
0.042413
0.24651
0.266163
0.456595
0.245568
0.440109
0.430786
0.077687
-0.036403
0.166425
0.445109
0.123683
0.273357
0.243849
0.133773
-0.146777
0.485568
0.462382
0.362343
0.190635
0.477419
0.197683
0.381982
0.201586
0.031481
0.186232
0.233285
0.001922
0.06236
-0.355404
0.030259
0.265241
0.408578
0.026579
0.051266
0.374834
0.449407
0.150743
-0.131999
0.476589
0.038246
0.331705
0.186952
0.400585
0.114639
0.04235
0.407137
0.352623
0.373832
-0.133845
0.37228
0.09214
0.271039
-0.303829
0.007965
0.338269
0.452212
0.04237
0.479742
0.038846
0.241582
-0.266827
0.416852
0.496892
0.49258
0.420949
0.49429
0
0
0.468789
0.491134
0.497485
0.496215
0
0.437292
-0.062406
0.478726
0.443964
0
0.496663
0.472581
0.275019
0.478523
0
0.497748
0.422947
0.258248
0.497563
0
0.496759
0.486629
0.499261
0.483906
0.497809
0.492353
0.498361
0.492166
0.442286
0.499949
0.328542
0.352276
0
0.466886
0.487465
0
0.494864
0
0.39184
0.473599
0.490509
0.447402
0.47013
0
0.316257
0.492148
0.47201
0
0.489992
0.495821
0.408952
0
0.336334
0.495627
0.498502
0
0.492992
0.346402
0.490292
0.366923
0.447138
0
0.487976
0.458545
0.489871
0
0.484447
0.477987
0.494956
0.459985
0.262587
0.495005
0.494751
0.49803
0
0.497293
0.456209
0.45592
0
0.495818
0.486451
0
0.491372
0.435383
0.478187
0.488171
0.4895
0.499455
0.347786
0
-0.047117
0.496453
0.487161
0.491746
0.499318
0.477683
0
0.271677
0
0
0.492128
0.490731
0.490077
0.374544
0.494448
0.497093
0.192795
0.489174
0.462627
0.493569
-1.01557
0.395264
0.478037
0
0
0.493594
0
0.467758
0.485311
0.497547
0.088583
0.486368
0.49202
0.409802
0
0
0.45754
0.496177
0.496774
0.442897
0.48236
0.463464
0.499265
0
0.498509
0.498413
0.493888
-0.028533
0
0.490318
0
0.396579
0.495155
0
0.475685
0.227922
0.497939
0
0.490006
0.495399
0.467439
0.470035
0
0.477757
0.484699
0
0.499697
0.498737
0.497137
0.432189
0
0.440772
0.498705
0.494817
0.493537
0.468443
0.490902
0.490751
0.476166
0.460976
0.492447
0.489589
0.453397
0.416869
0.471072
0.398234
0.293783
0.494054
0.495027
0.497866
0.497556
0
0.473604
0
0.49295
0.177321
0
-0.173994
-0.276774
-0.60799
-0.336042
-0.262375
-0.157959
-0.423626
-0.274885
-0.149565
-0.118858
-0.33563
-0.236594
-0.305334
-0.146454
-0.321446
-0.361675
-0.221661
-0.298101
-0.355823
-0.5536
-0.334705
-0.149948
-0.138221
-0.126726
-0.185272
-0.451991
-0.193314
-0.203745
-0.464926
-0.300249
-0.310197
-0.109835
-0.161688
-0.219445
-0.167677
-0.116634
-0.120405
-0.046787
-0.110359
-0.233655
-0.165291
-0.26789
-0.476753
-0.076704
-0.152582
-0.170062
-0.164084
-0.5184
-0.248465
-0.060795
-0.408239
-0.342643
-0.169633
-0.194464
-0.205194
-0.265734
-0.195773
-0.353452
-0.076343
-0.179175
-0.43556
-0.284926
-0.278064
-0.001017
-0.276241
-0.76034
-0.246063
-0.152409
-0.39642
-0.51321
-0.102233
-0.429227
-0.231263
-0.267582
-0.145923
-0.085503
-0.243146
-0.54703
-0.94726
-0.096318
-0.67135
-0.57796
-0.084253
-0.258262
-0.225478
-0.229798
-0.180374
-0.451652
-0.37314
-0.147079
-0.57938
-0.345759
-0.118354
-0.122426
-0.166193
-0.216314
-0.274458
-0.124965
-0.063694
-0.021133
-0.304049
-0.208005
-0.239155
-0.154329
-0.136728
-0.455381
-0.222148
-0.77903
-0.130243
-0.236669
-0.336679
-0.179836
-0.17311
-0.7198
-0.146631
-0.121941
-0.189279
-0.447563
-0.336261
-0.378751
-0.65477
-0.079939
-0.113938
-0.248557
-0.283496
-0.392175
-0.317317
-0.156504
-0.207078
-0.194029
-0.130877
-0.288459
-0.196962
-0.339193
-0.196084
-0.413355
-0.228663
-0.234941
-0.178364
-0.109522
-0.033844
-0.366512
-0.5682
-0.113863
-0.314834
-0.256286
-0.56824
-0.128469
-0.300546
-0.194676
-0.206479
-0.177179
-0.083978
-0.186685
-0.495955
-0.8671
-0.165523
-0.74666
-0.223965
-0.280072
-0.128372
-0.484053
-0.105581
-0.124062
-0.214322
-0.315395
-0.190979
-0.245109
-0.497503
-0.375284
-0.237216
-0.209414
-0.334355
-0.434475
-0.166204
-0.153455
-0.252977
-0.064749
-0.188405
-0.58278
-0.060724
-0.340899
-0.58937
-0.31975
-0.16899
-0.163422
-0.409069
-0.025805
-0.156865
-0.085879
-0.25751
-0.148463
-0.150065
-0.132544
-0.165472
-0.176465
-0.410013
-0.187964
-0.367557
-0.188736
-0.036358
-0.230175
0.019156
-0.435383
-0.473749
-0.018971
-0.217719
-1.03342
-0.499928
-0.308587
-0.007976
-0.087226
-0.16288
-0.410178
0.008345
-0.097738
-0.174032
-0.54004
-0.378408
-0.112775
-0.205857
-0.162942
-0.163894
-0.09145
-0.383237
-0.106605
-0.396369
-0.140697
-0.041284
-0.089244
-0.260536
-0.029602
-0.24779
-0.081321
-0.086183
-0.74465
-0.184241
-0.81322
-0.014161
-1.09022
-0.60433
-0.082153
-0.145216
-0.252469
-0.374416
-0.81883
-0.64541
-0.159206
-0.387915
-0.65885
-0.018493
-0.083953
-0.161325
-0.432991
-0.072715
-0.54533
-0.424969
-0.440181
-0.10132
-0.282407
-0.211598
-0.290229
-0.042039
-0.097731
-0.195329
-0.108572
-0.016794
-0.128205
-0.388982
-0.394786
-0.34584
-0.24728
-0.220731
-0.475154
-0.215698
-0.111871
-0.214908
-0.182157
-0.72758
-0.60126
-0.85747
-0.019459
-0.190276
-0.153669
-0.070639
-0.90587
-0.129971
-0.463956
-0.53219
-0.437029
-0.092645
-0.29527
-0.129614
-0.25066
-0.237165
-0.272037
-0.246491
-0.185943
-0.246734
-0.111444
-0.392958
-0.144757
-0.179755
-0.136856
-0.234318
-0.417623
-0.142214
-0.071081
-0.53017
-0.20551
-0.222588
-0.031456
0.007563
-0.201452
-0.153586
-0.043449
-0.080249
-0.230393
-0.59581
-0.313868
-0.095361
-0.149775
-0.232415
-0.391259
-0.260458
-0.090111
-0.035754
-0.280835
-0.420905
-0.09659
0.045391
-0.031292
-1.36986
-0.255965
-0.216959
-0.198789
-0.066002
-0.35475
-0.03819
-0.7798
-0.172142
-0.064592
-0.233164
-0.103142
-0.267258
-0.23845
-0.207958
-0.272297
-0.2615
-0.28033
-0.457443
-0.193442
-0.303781
-0.292189
-0.039257
-0.249471
-0.31699
-0.243811
-0.224443
-0.56195
-0.071434
-0.314295
-0.310625
-0.024349
-0.164376
-0.224473
-0.043668
-0.97098
0.005992
-0.315027
-0.73697
-0.147723
-0.124979
-0.049173
-0.58382
-0.050107
-0.51003
-0.74936
-0.095885
-0.51031
-0.312667
-0.259762
-0.115121
-0.252707
-0.304057
-0.386529
-0.178389
-0.114903
-0.271706
-0.340902
-0.466575
-0.43163
-0.109759
-0.116347
-0.406538
-0.56589
-0.262542
-0.035391
-0.422445
-0.376397
-0.032489
-0.009389
0.122923
-0.22034
-0.5782
0.332625
0.021748
0.233022
0.211868
-0.027727
-0.65652
-0.01408
0.189962
0.022539
0.231749
0.065839
0.41143
0.206636
0.099332
0.031234
-0.111699
0.199706
0.093692
0.370011
-0.223566
-0.114207
0.004731
0.310854
0.108079
-0.154181
0.083445
0.031072
0.033968
-0.51306
-0.71929
-0.50932
0.225335
-0.004931
0.113588
0.050955
0.265528
0.249561
0.325978
0.014195
0.212614
-0.363889
0.064382
0.00226
0.298696
-0.405317
0.331671
0.133361
0.142455
0.321302
0.160764
0.141193
0.254071
0.037334
-0.079372
0.236928
0.146109
0.081034
0.318658
0.079096
0.132594
-0.158903
0.152137
0.167554
0.159174
0.000856
0.228138
-0.306085
0.367257
-0.114866
0.01503
0.116019
0.089796
0.017021
0.063967
-0.276645
0.165896
-0.63993
-0.136667
-0.021594
0.091204
0.141461
0.010313
-0.105742
0.201764
0.247198
0.202895
0.130566
0.096392
0.097129
0.141269
0.343608
0.104188
-0.78824
0.101692
0.174316
-0.307064
0.30655
0.191438
0.284912
0.273589
0.25985
0.291035
0.028551
-0.016034
-0.036478
0.2229
0.058928
-0.475065
0.369065
0.057625
0.077049
0.064087
0.354329
0.14036
0.317679
0.026054
0.302208
-0.1659
-0.112344
0.143418
0.129875
0.105982
0.182564
0.006282
0.353339
-0.025531
-0.202322
0.096219
0.194906
0.209194
-0.158101
0.028736
0.118829
0.146395
0.281145
-0.055803
0.03282
0.11904
0.270161
0.163094
0.124039
-0.013625
0.300139
0.209703
0.36209
0.220908
0.250694
0.371819
-0.436653
-0.345672
-0.259523
-0.400979
-0.003419
0.154952
0.02508
0.291935
0.416085
-0.106029
-0.016428
-0.2388
-0.382256
-0.093532
0.268247
0.340436
0.148268
0.058317
0.043687
0.165916
-0.003339
0.225337
0.143731
0.011326
-0.178047
-0.152875
0.024356
-0.176923
0.257099
0.157372
0.27857
0.115461
0.265527
0.186483
-0.126068
0.09828
0.072452
0.110581
-0.425723
0.131365
0.287965
0.111593
0.054409
-0.002369
-0.103838
-0.68517
0.342493
0.079584
0.20255
0.056045
-0.69334
0.208193
0.31845
0.18107
-0.239947
0.243928
-0.23764
-0.63534
0.082296
-0.081035
0.382488
0.099985
-0.293826
0.055954
-0.028341
0.13446
0.217002
0.207219
0.121467
0.074942
0.3813
0.283501
0.41548
0.198739
-0.071985
0.381888
0.255315
0.247425
0.135536
-0.200025
0.203427
-0.62829
-0.247589
0.451432
0.043
0.163611
0.154046
-0.38569
-0.110171
0.103695
0.041833
-0.054037
-0.171911
0.141918
0.143411
-0.23997
0.211091
0.183049
0.062638
-0.118142
-0.65944
0.141785
0.427495
-0.092681
-0.71363
-0.048572
0.300302
0.363809
-0.089781
0.413853
0.404493
0.073274
0.339926
-0.217045
0.202186
-0.54222
0.089208
-0.6133
0.184348
0.08486
0.197852
0.100138
-0.176391
-0.034812
0.419975
0.151799
0.176095
0.17881
0.273671
0.004668
-0.73976
0.335667
0.168423
0.270709
0.268759
-0.68315
0.159349
0.054484
0.240613
0.193397
-0.261971
-0.8096
-0.61166
0.17556
0.16708
0.191957
0.0594
-0.133673
0.128646
0.374818
-0.7047
-0.182434
0.183131
0.045347
0.298147
0.339607
0.159103
0.070958
-0.63538
-0.54928
-0.54924
0.186596
0.033997
0.132592
0.119606
0.180091
0.061069
-0.7007
-0.55594
0.324923
0.135965
0.157537
0.187051
0.186871
-0.058231
0.146235
-0.00661
-0.042695
0.180008
0.168709
0.129169
0.386118
-0.53472
0.143786
-0.346023
0.109331
0.329755
0.035123
0.27925
0.120742
-0.043375
0.197189
0.050924
0.107778
0.061717
0.068141
0.181262
0.433044
0.321357
0.124534
0.156445
-0.087979
0.451794
0.041691
0.239331
0.150462
0.249507
-0.071595
0.124131
-0.030481
0.199664
0.400395
0.338444
-0.216981
0.451744
0.138818
-0.209132
0.163452
0.267788
0.093998
0.448941
0.166061
0.244114
-0.238261
0.013647
-0.222021
0.074819
0.146619
-0.05835
0.343008
0.351135
0.0428
0.251836
0.121431
0.083598
0.197279
0.29986
0.124336
-0.09926
-0.06508
0.049666
0.276783
0.250899
-0.152803
0.262588
0.443034
-0.032067
-0.075989
0.066091
0.447856
0.322816
-0.030685
0.139412
0.194457
0.152301
0.284782
0.135559
-0.116357
0.274566
-0.315637
0.459672
0.076084
-0.0623
0.224518
0.282684
-0.033075
0.063055
-0.376697
0.061091
0.045694
-0.126741
0.20714
-0.321983
0.111452
0.230644
0.216766
-0.47919
0.1224
0.413102
0.255434
0.450966
0.077429
0.261681
0.356111
0.184005
-0.236363
0.026634
-0.076888
0.430983
0.231409
-0.11833
0.399329
0.187932
0.15676
0.157106
0.100445
-0.082317
0.059245
0.426835
0.108948
-0.410227
0.116632
0.448209
0.468426
0.264041
0.258829
0.389855
0.137623
0.011507
0.013899
0.161344
0.451304
0.017869
0.421614
0.276511
0.11438
0.075241
0.007254
0.17402
-0.085324
0.054602
0.133576
0.152527
0.149888
0.379754
0.313383
-0.395233
0.128298
0.475468
0.260536
0.02632
0.012073
0.327543
0.175931
0.252205
0.321537
0.094673
0.250534
0.140992
-0.51458
0.000365
-0.183967
0.236856
-0.286433
0.288495
-0.362142
-0.104668
-0.036496
-0.373069
-0.005434
0.283147
-0.44636
0.233871
-0.039772
0.108228
-0.090869
0.453399
0.040453
0.442801
-0.017939
0.087472
0.30685
0.474955
0.084783
-0.069728
0.297691
0.463869
-0.438792
-0.59655
0.025953
0.354835
0.111851
0.050427
-0.302945
0.146706
0.461912
0.120846
0.321089
0.258758
0.026821
0.104218
0.027156
0.263273
0.369768
-0.239561
0.321668
0.030154
0.02399
0.159121
0.094389
0.434634
-0.168421
0.289264
-0.399476
0.204311
-0.172193
0.006552
0.224382
0.050569
0.482059
0.134534
0.150278
0.14828
0.446989
-0.030238
0.413567
0.463312
0.191942
0.172676
-0.22284
0.062075
-0.190027
-0.018293
0.434478
-0.3848
0.311606
-0.314251
-0.311124
0.38994
0.298575
-0.057428
0.010652
0.168741
0.203314
0.253743
0.352548
0.338355
0.303184
0.346936
-0.113435
0.216814
-0.009359
-0.368427
0.436859
-0.295701
0.357774
0.380606
0.469925
0.363129
0.301873
-0.293401
0.088399
0.479311
0.170615
0.05829
-0.252184
-0.479957
-0.188769
-0.110119
0.195498
0.121242
0.396082
0.229714
0.104529
0.192649
-0.205828
0.205975
-0.67135
0.49108
-0.018859
0.30056
0.030086
0.345466
0.060662
0.385949
-0.035951
0.470772
0.136195
0.453383
0.365955
-0.130602
0.222396
0.488359
0.01129
-0.024924
0.041405
0.10093
-1.44093
-0.046642
0.445474
0.304636
0.147901
-0.131427
0.330101
0.228602
0.013829
0.103227
0.262689
-0.159454
0.196964
-0.084284
0.452793
0.246208
0.322158
0.313626
0.345452
-0.074246
0.343072
0.06877
0.414266
0.360233
0.430819
-0.050224
0.0852
0.286719
0.057952
0.38065
0.220674
0.0062
0.203289
0.450856
0.410092
0.368914
0.480431
0.227576
-0.046889
0.411994
0.256776
0.272816
0.389752
0.044267
0.028346
-0.0658
0.48628
-0.75505
0.197313
0.101318
0.466585
-0.12852
-0.103828
0.254159
-0.261636
0.027734
0.415011
0.448371
0.259751
-0.053954
-0.194864
0.410553
0.002966
0.209737
-0.064499
-0.079237
0.17026
0.430195
-0.356255
0.421432
0.405093
0.335275
0.436141
-0.495307
0.140458
0.419499
0.131531
0.282713
-0.012186
0.360851
0.028484
0.475746
0.407378
0.431735
0.208072
0.313377
0.11776
0.345105
0.13077
-0.120861
-0.282294
0.28426
0.235632
0.367145
0.437881
-0.484624
0.381271
-0.74514
0.461112
0.328446
0.245952
0.34436
-0.171705
0.287819
-0.438409
0.39735
0.33685
0.426297
-0.172308
-0.062371
0.065168
-0.70523
0.015358
0.435178
0.062949
-0.084522
0.480279
0.492646
-0.332496
0.495199
-0.063705
0.362511
0.276411
0.130419
0.015054
0.401888
0.459085
0.468295
0.265682
0.388009
0.256587
0.220943
0.427004
-0.323556
0.22243
0.213595
0.388906
-0.081972
0.410342
0.462711
0.389537
0.346624
-0.188261
0.087434
0.217345
0.026453
0.425531
0.432013
0.14342
0.316201
0.036385
-0.093858
0.132939
0.461704
0.39142
0.419742
-0.025273
-0.06432
0.082067
-0.056106
0.169674
0.141915
-0.210706
-0.77507
0.175244
0.47152
0.260555
0.190171
0.334127
0.176304
-0.142019
-0.198805
-0.079872
-0.126357
-0.315489
-0.165601
-0.221229
-0.089019
-0.006961
-0.141901
-0.056183
-0.164509
-0.294362
-0.108934
-0.019258
-0.319449
-0.087793
-0.15355
-0.096544
-0.316279
-0.132948
-0.123631
-0.081164
-0.222571
-0.211238
-0.1955
-0.127463
-0.1271
-0.266344
-0.209215
-0.29648
-0.138646
-0.174371
-0.186997
-0.262104
-0.60406
-0.152617
-0.069161
-0.297544
-0.20056
-0.266295
-0.072726
-0.075388
-0.118839
0.057628
-0.281412
-0.294425
-0.22916
-0.130434
-0.038238
-0.440234
-0.289086
-0.170887
-0.129723
-0.209428
-0.217767
-0.221656
-0.034198
-0.08337
-0.194248
-0.302725
-0.270787
-0.200797
-0.0698
-0.141626
-0.193623
-0.245699
-0.171923
-0.411652
-0.212353
-0.141922
-0.098898
-0.44317
-0.143749
-0.170073
-0.184774
-0.139061
-0.142264
-0.172297
-0.209006
-0.235642
-0.239819
-0.134385
-0.324049
-0.166114
-0.209477
-0.41911
-0.386315
-0.208605
-0.223014
-0.176229
-0.133968
-0.437863
-0.306523
-0.461463
-0.175141
-0.172064
-0.213765
-0.356618
-0.361851
-0.166481
-0.384288
-0.028821
-0.322884
-0.202115
-0.246023
-0.098968
-0.159226
-0.487539
-0.123254
-0.158991
-0.028883
-0.177621
-0.151713
-0.355418
-0.153097
-0.144248
-0.233366
-0.190782
-0.367642
-0.150027
-0.294308
-0.122616
-0.04666
-0.349315
-0.113723
-0.087133
-0.200168
-0.098463
-0.062109
-0.149469
-0.296045
-0.361252
-0.192141
-0.465985
-0.363046
0.057242
-0.364022
-0.083904
-0.359615
-0.296079
-0.13859
-0.271134
-0.359203
-0.21099
-0.186578
-0.140992
-0.134834
-0.072467
-0.166713
-0.230074
-0.185106
-0.18654
-0.360854
-0.067083
-0.409225
-0.240868
-0.183098
-0.374995
-0.44541
-0.161119
-0.003913
-0.61401
-0.243576
-0.28903
-0.432372
-0.211594
-0.380756
-0.252333
-0.091702
-0.134952
-0.46269
-0.142926
-0.077615
-0.113121
-0.12766
-0.243832
-0.425056
-0.140829
-0.3128
-0.276154
-0.102758
-0.045666
-0.135439
-0.457976
-0.399713
-0.30836
-0.158611
-0.260597
-0.231537
-0.087702
-0.400696
-0.179397
-0.177085
-0.056679
-0.29591
-0.231006
-0.218261
-0.171642
-0.188451
-0.353326
-0.287947
-0.020432
-0.207289
0.031396
-0.088584
-0.073626
-0.067193
-0.157036
-0.447234
-0.225056
-0.273102
-0.184204
-0.127732
-0.248629
-0.048303
-0.13572
-0.265908
-0.071861
-0.284174
-0.106666
-0.274095
-0.080061
-0.419339
-0.21494
-0.413477
-0.041989
-0.198081
-0.286546
-0.287094
-0.139121
-0.163127
-0.244607
-0.358102
-0.118875
-0.49001
-0.306302
-0.071768
-0.336976
-0.259245
-0.192748
-0.135267
-0.327865
-0.129807
-0.250444
-0.098318
-0.232441
-0.165929
-0.050266
-0.258016
-0.379689
-0.288596
-0.145948
-0.281873
-0.247197
-0.12915
-0.104485
-0.343185
-0.05684
-0.359643
-0.3782
-0.044585
-0.310189
-0.102458
-0.344536
-0.199412
-0.359872
-0.1577
-0.371385
-0.231289
-0.061092
-0.180331
-0.29788
-0.135269
-0.218798
-0.146091
-0.087534
-0.313166
-0.071744
-0.06089
-0.150923
-0.353346
-0.067187
-0.467953
-0.099083
-0.146922
-0.164282
-0.186077
-0.151298
-0.219165
-0.156029
-0.358601
-0.277281
-0.106497
-0.225803
-0.207445
-0.132028
-0.254561
-0.158707
-0.177303
-0.043482
-0.335174
-0.270149
-0.259072
-0.065385
-0.54785
-0.056725
-0.128132
-0.072477
-0.233408
-0.283444
-0.118787
-0.39967
-0.246249
-0.41062
-0.27509
-0.169112
-0.183181
-0.146536
-0.21719
-0.157424
-0.221436
-0.354844
-0.413845
-0.128377
-0.14004
-0.16309
-0.183849
-0.159754
-0.084027
-0.329633
-0.173474
-0.117865
-0.108639
-0.186651
-0.058751
-0.047783
-0.182915
-0.322443
-0.300119
-0.101826
-0.166853
-0.34079
-0.332978
-0.237106
-0.164437
-0.192186
-0.12213
0.015587
-0.320687
-0.351971
-0.079839
-0.063998
-0.062508
-0.221973
-0.218592
-0.33866
-0.058454
-0.333755
-0.141194
-0.119279
-0.159765
-0.355525
-0.134172
-0.229516
-0.175634
-0.230555
-0.365531
-0.260792
-0.139648
-0.109572
-0.168445
-0.480634
-0.142325
-0.225835
-0.242639
-0.119033
-0.144768
-0.279423
-0.105969
-0.087919
-0.0299
-0.163081
-0.200227
-0.329133
-0.136265
-0.352826
-0.08901
-0.234317
-0.238314
-0.28263
-0.358036
-0.167762
-0.120614
-0.166305
-0.067695
-0.131067
-0.225112
-0.132989
-0.056075
-0.134603
-0.163003
-0.185221
-0.50566
-0.145558
-0.199088
-0.214888
-0.340017
-0.132326
-0.203594
-0.68681
-0.05906
-0.234203
-0.383812
-0.388428
-0.256412
-0.414288
-0.17445
-0.6754
-0.396178
-0.201696
-0.241935
-0.189559
-0.377812
-0.7021
-0.71672
-0.195669
-0.101032
-0.088286
-0.57706
-0.257562
-0.180391
-0.109056
-0.52664
-0.256085
-0.146052
-0.077317
-0.5815
-0.52513
-0.244606
-0.387669
-0.281525
-0.351179
-0.356712
-0.094742
-0.220293
-0.398142
-0.194235
-0.102687
-0.217512
-0.448197
-0.332859
-0.066223
-0.422274
-0.81667
-0.240191
-0.002477
-0.343622
-0.271347
-0.404686
-0.22572
-0.88213
-0.85827
-0.413009
-0.176803
-0.310153
-0.280075
-0.356351
-0.386748
-0.52399
-0.451473
-0.76522
-0.296881
-0.130359
-0.449863
-0.277346
-0.486198
-0.263103
-0.139357
-0.34177
-0.378485
-0.052068
-0.65897
-0.333443
-0.294229
-0.109855
-0.158505
-0.306684
-0.241951
-0.156869
-0.71747
-0.177745
-0.469335
-0.59438
-0.231585
-0.198667
-0.120433
-0.543
-0.108448
-0.84175
-0.324883
-0.358645
-0.395724
-0.020005
-0.139539
-0.243903
-0.187103
-0.10786
-0.294643
-0.368281
-0.125497
-0.74163
-0.199036
-0.200193
-0.266883
-0.65347
-0.198939
-0.166281
-0.223273
-0.144557
-0.243681
-0.207532
-0.090542
-0.187981
-0.135064
-0.472179
-0.5105
-0.7781
-0.094229
-0.13495
-0.220736
-0.205237
-0.19889
-0.158244
-0.230343
-0.179717
-0.243912
-0.12856
-0.438698
-0.169279
-0.128919
-0.253049
-0.61993
-0.282448
-0.58547
-0.358138
-0.167387
-0.223292
-0.169627
-0.306246
-0.87531
-0.412922
-0.068285
-0.341095
-0.158402
-0.068213
-0.22656
-0.275221
-0.237399
-0.272306
-0.310781
-0.170549
-0.243926
-0.142499
-0.50768
-0.344097
-0.223985
-0.094642
-0.392004
-0.086472
-0.347335
-0.24524
-0.273247
-0.355597
-0.429578
-0.439027
-1.09017
-0.235388
-0.236342
-0.236687
-0.199546
-0.281157
-0.095351
-1.08242
-0.97586
-0.016141
-0.094416
-0.27257
-0.373347
-0.368059
-0.105712
-0.263594
-0.081958
-0.265788
-0.58224
-0.408174
-0.27984
-0.459929
-0.255915
-0.404484
0.054008
0.167525
-0.029256
-0.225753
0.107293
0.09886
0.104929
0.389764
-0.329252
0.045797
0.297312
0.287276
-0.20563
0.424158
0.106763
0.474985
-0.392692
0.191909
0.048052
0.127063
0.313212
-0.140657
0.465163
0.063205
-0.353355
0.265763
0.141994
0.105709
0.271361
0.070364
-0.062994
-0.211895
0.172765
0.12681
0.470421
0.373137
-0.307673
0.408084
-0.250697
0.472069
-0.097759
-0.082299
0.25039
0.384581
-0.067459
0.180632
0.395735
-0.064426
0.235351
-0.003414
0.065717
0.400031
0.402417
0.04369
-0.084162
-0.198734
0.441147
0.021087
0.032846
-0.002382
0.317206
-0.488333
-0.261664
-0.084205
-0.022245
0.436188
0.343251
0.252375
0.272525
-0.138845
0.133313
-0.154118
0.068071
-0.001214
0.094443
0.120532
0.398893
0.000495
0.058826
0.30221
0.332937
0.345137
0.405138
0.319918
0.144669
0.30976
0.313112
-0.034765
0.124105
0.411935
0.346041
0.253266
0.382513
0.169868
-0.235684
0.234419
0.125575
0.462955
0.444625
0.114657
0.237584
-0.214638
-0.018972
-0.21526
-0.058962
0.401753
-0.219263
0.008887
0.420236
0.145507
0.006141
-0.247112
0.433717
0.186975
0.462063
0.126708
0.301934
0.108247
0.245493
0.456995
-0.219783
-0.379995
0.043684
0.268182
0.288833
0.110128
-0.12249
0.145346
-0.221411
-0.109284
0.343748
-0.093992
0.468858
0.463688
0.032877
0.08918
0.079842
0.304177
0.310682
-0.25391
0.14338
0.171944
0.057415
0.223225
0.215548
-0.51218
0.340743
0.149668
0.103426
0.455385
0.209035
0.464122
0.296537
-0.065099
0.369497
0.377765
0.418957
0.390653
0.396049
0.288935
-0.1386
-0.031159
-0.009838
0.475551
0.429531
-0.201071
0.405192
0.245635
0.007637
-0.204948
-0.332479
0.231003
0.018653
0.007559
0.132403
0.077801
0.110008
0.011811
0.017842
0.310502
0.426
0.226418
0.088263
0.140377
0.183604
-0.067761
0.373817
0.218127
0.094905
-0.497004
0.301618
-0.50251
0.311727
0.215147
0.230504
-0.034521
0.271863
0.421562
0.352167
-0.039291
0.465882
0.101359
0.347995
-0.034599
0.008213
0.390039
-0.096727
0.05426
-0.038147
-0.063109
0.391401
0.277996
0.15236
0.030475
0.373888
0.434246
-0.0131
0.203288
0.20019
0.486856
0.186201
-0.002028
0.335878
0.479705
0.287349
0.313886
0.176264
0.472593
0.219137
0.187542
0.353064
-1.10827
0.071861
0.413993
0.478551
0.041537
-0.61468
0.256443
0.010512
0.312891
0.396692
0.327257
0.217946
0.386497
0.473649
-0.5468
-0.184694
0.148158
0.30196
0.336711
-0.070335
0.418477
0.382385
0.018993
0.151118
0.363132
0.384666
0.09024
0.311773
0.168818
0.479084
0.450049
0.268105
0.485515
0.062787
0.2378
0.149039
0.230676
-0.042987
-0.083429
0.178982
0.483936
0.031268
0.222942
0.00211
0.48325
0.486582
-0.232429
0.323545
-0.044297
0.482871
0.322798
0.405818
0.2049
0.072514
-0.025971
0.483151
-0.027595
-0.294511
-0.029723
0.413573
-0.382436
0.228332
0.452414
0.450514
0.123238
0.419724
0.478377
0.475552
0.347626
0.235835
0.260113
0.094743
0.453359
-0.62044
0.418402
0.044035
0.433795
0.353262
0.360817
0.228245
0.438689
0.062046
0.298146
0.462797
-0.18001
0.44653
0.282099
0.447422
0.148204
0.427206
0.242823
0.20569
0.40703
-0.096015
0.199156
0.112754
0.273889
0.318339
0.373175
0.285748
0.138177
0.394343
-0.165719
0.287873
0.114097
0.22006
0.359275
-0.149458
0.462803
0.098671
0.28508
0.275205
0.129184
0.109033
0.289595
0.253437
0.252504
0.130212
0.480601
0.109611
0.362583
0.363888
0.24396
0.309327
0.456395
0.307646
0.478784
-0.014434
0.467222
0.415396
0.42651
0.414887
0.470674
0.368291
0.114679
0.187584
0.222823
0.436221
0.196926
-0.067369
0.457983
0.014742
0.050103
0.175426
0.44508
0.085204
0.470128
0.483971
0.066318
0.140516
0.414657
0.078386
0.447146
-0.223854
0.305235
0.126144
0.11133
-0.70696
-0.169484
0.416384
0.324572
0.21928
0.422473
0.14554
0.123303
0.471265
0.468232
-0.074886
0.2817
0
0.486114
0
0.498048
0.499055
0.491584
0.496559
0.491775
0.495073
0
0
0
0.472676
0.464807
0
0
0.497446
0.498008
0
0.463307
0.491791
0.499588
0.488667
0
0.495628
0.438062
0
0.308676
0.491015
0.203335
0.070453
0
0.4638
0.479452
0
0.496653
0.489527
0.489177
0
0
0
0.498491
0
0.487586
0
0.498886
0.457583
0
0
0.489741
0
0
0.479299
0.497398
0.499476
0.494434
0
0.372869
0.497509
0
0
0.498613
0.479592
0.336581
0
0
0
0
0
0.464272
0.424185
0.486396
0
0.497532
0.495162
0.480903
0
0
0
0.490417
0.467677
0
0.28935
0.486365
0.499067
0.497017
0.499186
0.470062
0
0
0.45165
0.495735
0
0
0.458039
0.473824
0.479618
0
0
0
0.48121
0.489978
0
0.476769
0
0.497897
0.49154
0
0.495523
0.499986
0.439137
0
0
0.493728
0.421375
0
0.497551
0.061553
0.492485
0.484631
0.491181
0
0
0
0.412549
0.49753
0.458887
0.468548
0
0
0.482626
0
0.481561
0.279564
0.487455
0
0
0.492212
0.491887
0
0.473438
0.496717
0.388429
0.496092
0
0.367899
0.450506
0
0.498713
0.414493
0
0
0.308032
0.488501
0.360353
0
0.493761
0.493457
0
0.475411
0.483234
0
0
0
0.495525
0.492441
0.46698
0.472915
0.438885
0
0.490691
-2.39583
-0.325369
-0.089692
-0.136818
-0.11302
-0.15793
-0.216631
-0.61791
-0.13325
-0.222174
-0.135351
-0.104745
-0.16195
-0.196837
-0.734
-0.346906
-0.159285
-0.17282
-0.170791
-0.296951
-0.189325
-0.118521
-0.168515
-0.382309
-0.52017
-0.418135
-0.304052
-0.103683
-0.242312
-0.222111
-0.234589
-0.226387
-0.130226
-0.232106
-0.195773
-0.390834
-0.225577
-0.19149
-0.157101
-0.234633
-0.279977
-0.433206
-0.62815
-0.6064
-0.111034
-0.102515
-0.315577
-0.16843
-0.121545
-0.126848
-0.071905
-0.170333
-0.256485
-0.317427
-0.14111
-0.79774
-0.265083
-0.20634
-0.360642
-0.2482
-0.171609
-0.52465
-0.68304
-0.160942
-0.154281
-0.171132
-0.226324
-0.276588
-0.183902
-0.477709
-0.90075
-0.293901
-0.54288
-0.211074
-0.463684
-0.239067
-0.106522
-0.226631
-0.308407
-0.044067
-0.107348
-0.275201
-0.300604
-0.375887
-1.58146
-0.154924
-0.361887
-0.144054
-0.289343
-0.097087
-0.203788
-0.221617
-0.215239
-0.288107
-0.225054
-0.134441
-0.081953
-0.407801
-0.124723
-0.207258
-0.175546
-0.165802
-0.146494
-0.309399
-0.301218
-0.55432
-0.243421
-0.114739
-1.88968
-0.376913
-0.390819
-0.412387
-0.118611
-0.198075
-0.237951
-0.234539
-0.167122
-0.394024
-0.21578
-0.50399
-0.088642
-0.126713
-0.125745
-0.309673
-0.343971
-0.404171
-0.335948
-0.290277
-0.245626
-0.35537
-0.209569
-0.157888
-0.19373
-0.120277
-0.256084
-0.189677
-0.370018
-0.311061
-0.116401
-0.244061
-0.14092
-0.178549
-0.277975
-0.28647
-0.1889
-0.211012
-0.166
-0.208921
-0.389048
-0.036603
-0.50367
-0.149977
-0.214766
-0.35299
-0.105142
-0.143237
-0.449919
-0.325691
-0.407566
-0.263193
-0.221665
-0.292399
-0.390069
-0.347554
-0.205712
-0.156451
-0.29709
-0.1759
-0.62158
-0.348887
-0.235822
-0.228665
-0.336247
-0.26736
-0.219596
-0.085211
-0.336714
-0.133072
-0.307448
-0.103087
-0.173373
-0.55732
-0.195956
-0.19635
-0.096701
-0.82244
-0.332731
-0.50086
-0.74068
-0.356149
-0.75207
-0.293432
-0.56388
-0.166232
-0.391756
-0.186427
-0.78221
-0.054968
-0.089477
-0.21632
-0.110656
-0.044036
-0.213737
-0.105437
0.05966
-0.068174
-0.49263
-0.260024
-0.372301
-0.25647
-0.83844
-0.121674
-0.19629
0.038703
-0.379881
-0.85587
-0.048338
-0.204587
-0.055919
-0.234328
-0.17722
-0.151134
-0.054596
-0.040751
-0.021903
-0.225221
-0.28071
-0.187853
-0.184968
-0.185419
-0.397946
-0.021626
-1.10606
0.002662
0.089707
-0.063651
-0.72584
-0.024808
0.037894
-0.114617
-0.321914
-0.117632
-1.39375
-0.160759
-1.02118
-0.163016
-0.097935
-0.204507
-0.309938
-0.111822
-0.164862
-0.129439
-0.28245
-0.38567
-0.156599
-0.092119
-0.427002
-0.290493
-0.347146
-0.58021
-0.64674
-0.071223
-0.154818
-0.6139
-0.140568
-0.347895
-0.135318
-0.119117
-1.02574
0.01866
-0.096697
-0.14996
-0.037015
-0.055096
-0.128278
-0.49281
-0.296224
-0.069494
0.048934
-0.75618
-0.195522
-0.057845
-0.126916
-0.29836
-0.138223
-0.237837
-0.146301
-0.8365
-0.119962
-0.346305
-0.11767
-0.213277
-0.2561
-0.258888
-0.069181
-0.092388
-0.78524
-0.55201
-0.239068
-0.159948
-0.24162
-0.20177
-0.068542
-0.196012
-0.357456
-0.260535
-0.104731
-0.313873
-0.02244
-0.313496
-0.194994
-0.108853
-0.213711
-0.21168
-0.116891
-0.196028
-0.450509
-0.407257
-1.01433
-0.74995
-0.63488
-0.321549
-0.173241
-0.097096
-0.238579
-0.381367
-0.13673
-0.099466
-0.049819
-0.343588
-0.243046
-0.58993
-0.475563
-0.263196
-0.65625
-0.068253
-0.083857
-0.267935
-0.152213
-0.98327
-0.338497
-0.003747
-0.222834
-0.364997
-0.335247
-1.05771
-0.80095
-0.196729
-0.469547
-0.93758
-0.307508
-0.16086
-0.014404
-0.247693
-1.01491
-0.62408
-0.125965
-0.189449
-0.408397
-0.108841
-0.053957
-0.147055
-0.305285
-0.438748
-0.228674
-0.384666
-0.189113
-0.262647
-1.1415
-0.194754
-0.140355
-0.31884
-0.198984
-0.097201
-0.244507
-0.169159
-0.403744
-0.228217
-0.027077
-0.318837
-0.151954
-0.076726
-0.060401
-0.129402
-1.50834
-0.132466
-0.039931
-0.407217
-0.382607
-0.96152
-0.39851
-0.436577
-0.7986
-0.486424
-0.191065
-0.134193
-0.023233
-0.063617
-0.74584
-0.246427
-0.165432
0.251986
0.147723
0.345027
0.489208
0.293004
0.395069
0.082151
0.281736
-0.254567
0.33184
0.166776
0.083421
0.050427
0.341414
-0.456366
-0.446877
0.449204
0.476878
0.429195
0.340632
0.196635
-0.002511
0.304002
0.470469
0.088188
0.402894
-0.65135
0.384613
0.339933
-0.016091
0.109762
0.331387
0.12781
0.321402
0.251964
0.097667
0.276926
-0.243249
0.099967
0.38418
0.022476
-0.037448
0.109412
0.208569
0.343895
0.45259
0.406155
0.210247
0.467164
0.390079
0.128452
0.300281
0.107056
0.250106
0.062097
0.412801
0.444564
0.449116
0.40969
0.469429
0.360273
0.395189
0.279319
0.428065
0.119633
0.269685
0.049427
0.399187
0.230942
0.2217
0.409459
0.392218
0.400893
0.307621
0.41344
-0.005043
0.103681
0.202203
0.342782
0.408071
0.400142
0.237521
0.420966
0.296347
0.256178
0.201027
0.305112
0.478298
0.308483
0.428671
0.473493
0.476033
-0.011072
0.473728
0.222977
0.050384
0.406795
0.283198
0.358021
0.471654
0.384734
0.104159
0.377189
0.381628
0.317345
0.26704
0.09592
0.303566
0.485542
0.308735
-0.252666
0.327101
0.17382
0.290965
0.382141
0.158348
0.42805
0.158312
0.216593
0.485986
0.202287
0.461369
0.308891
0.350629
0.280253
0.195922
0.222253
0.466714
-0.02662
0.090174
0.362755
-0.080572
0.484945
0.483845
0.350085
0.437776
0.129622
0.039068
0.431559
-0.058299
0.161952
0.207667
0.336581
-0.041334
0.028377
0.298424
0.035381
-0.430532
0.281235
0.276244
0.38236
0.148168
0.092788
0.190693
0.339771
0.226319
0.44419
0.298802
0.281061
0.253109
0.403637
0.286352
0.22665
-0.321607
0.41032
0.234068
0.387348
0.363215
0.123654
0.432438
0.27351
0.282725
0.204403
0.165572
0.449576
0.387344
0.431291
0.418341
0.400912
0.044286
0.467688
0.300848
0.200231
0.330747
0.210005
-0.066467
0.274538
0.362498
0.158435
0.286555
0.456243
0.441116
0.274919
0.310367
0.489283
0.233512
0.43126
0.422538
0.395903
-0.026496
0.143722
0.169993
0.337102
-0.5251
0.178305
0.188026
0.084629
-0.227171
0.044857
0.119286
0.194975
0.304794
0.179148
-0.61927
-0.224369
0.189626
-0.59185
0.168455
0.146289
-0.247631
-0.066287
-0.003861
-0.02313
0.182909
-0.027117
0.160943
-0.016134
0.012828
0.23457
0.145748
0.092278
0.259964
0.179711
-0.020587
0.450533
0.46214
0.192666
0.366796
0.055822
0.186123
0.163995
-0.59305
-0.05767
0.421531
0.396017
0.208716
-0.071241
0.098274
-0.209826
0.089332
0.118913
0.222556
-0.69744
-0.080452
0.082413
0.149477
0.039178
0.375469
0.075049
-0.238874
0.212441
-0.00421
0.163259
0.334063
0.141019
0.169194
0.239071
0.123178
0.038546
0.300954
0.137081
0.169709
0.114455
0.439354
0.059574
0.094683
-0.58857
0.0805
0.403711
-0.305396
-0.59891
0.001429
0.305161
-0.62293
-0.049246
-0.020249
-0.310992
-0.055843
-0.058723
0.109499
0.1657
-0.060968
0.272548
0.294476
0.387339
0.110104
0.018618
0.443664
0.125972
-0.04617
0.427559
0.062341
0.144067
0.424374
0.125776
0.370393
0.080351
-0.044534
0.224002
-0.52812
0.059291
-0.066517
0.094433
0.18141
-0.61044
0.109619
-0.035693
0.238502
0.146867
0.490143
0.2228
0.231984
0.136485
0.127517
-0.164399
-0.234512
0.126139
0.326217
0.102382
0.281463
0.159753
0.238611
0.178622
0.242958
-0.079775
0.226745
0.064023
0.241989
-0.53574
0.219258
0.122456
0.345197
0.122223
0.170127
0.211505
0.299099
0.027587
0.469227
-0.55323
0.164025
-0.602
0.170804
0.452166
0.161892
0.096179
0.04404
0.416264
0.39504
0.073696
0.124207
-0.051024
0.434306
0.166673
0.118168
0.180863
-0.62083
0.289784
-0.56676
-0.054688
0.101604
0.33165
0.290654
-0.111171
0.113633
0.125933
0.119227
-0.045009
0.129063
0.133074
0.344845
-0.05335
0.311409
0.076638
0.26009
0.034289
0.110463
0.391187
0.17601
-0.222895
-0.68491
0.268844
0.05574
0.389505
0.250054
-0.026106
0.220024
0.149575
0.116931
-0.67896
0.221301
0.280341
0.166311
0.173285
0.260647
-0.290948
0.277349
0.069516
0.014348
-0.063059
0.419202
0.069153
0.468712
0.117131
0.341264
0.440691
0.132961
-0.086401
-0.092634
0.45728
0.440201
-0.08786
0.427068
0.221319
0.033548
-0.266229
0.141132
0.1386
0.397768
0.058844
0.208919
0.172506
0.05551
0.073577
0.460053
-0.199534
0.066155
0.471051
0.326395
0.397645
0.298058
0.402797
0.180179
0.227771
0.310645
0.42052
0.470269
-0.320835
0.247508
-0.465178
-0.006456
0.376282
-0.060029
0.042032
0.323922
-0.089538
-0.331404
0.061734
-0.353323
-0.15572
0.116629
0.311006
0.09316
-0.063987
0.362841
0.097983
-0.110247
0.244417
0.148378
0.38605
0.074192
0.129101
0.457361
0.116031
0.037186
0.42123
0.403295
0.208222
-0.038447
0.135961
0.317395
-0.053472
0.315453
0.072964
0.183569
0.173923
-0.001982
0.056403
0.466837
0.360283
-0.27218
0.181614
0.073678
0.185085
0.344122
-0.247085
-0.020556
-0.045331
-0.095593
0.178094
-0.104975
0.129963
0.405664
-0.398066
0.470933
0.093291
-0.031088
0.28439
0.458961
0.354413
-0.133294
0.307747
-0.437257
0.084585
0.062235
0.01646
0.091836
0.323795
-0.183325
0.286223
-0.298181
0.050327
0.304964
0.394392
0.397018
0.387136
-0.071964
0.167271
0.412002
0.33002
0.060926
0.466982
0.241982
0.184791
0.055266
0.319552
0.091127
0.248134
0.123633
0.254526
0.29296
0.238908
0.078072
0.105112
0.424659
0.188192
0.2949
-0.048279
0.107073
-0.076823
0.055657
0.294939
0.234163
0.077168
0.41178
0.174407
-0.367411
-0.257825
-0.054776
0.321332
0.296811
-0.58777
0.216839
0.404067
0.021419
-0.347161
0.248992
-0.046293
0.130179
0.425434
0.397135
-0.108673
0.095552
-0.33858
0.342715
0.320621
-0.07713
0.271307
0.22397
-0.065776
0.080811
0.113212
0.306966
0.200899
-0.343139
0.065572
0.273807
0.090819
0.473233
0.102366
0.463342
0.090947
0.183363
-0.062203
0.365769
0.3533
0.388205
0.147082
0.142973
-0.107463
0.337803
0.379491
0.342773
0.325673
0.317645
0.174486
-0.07882
0.317464
0.169731
0.229121
0.162236
0.038283
0.001449
0.143245
0.151725
0.278759
0.441037
-0.110733
-0.121813
0.050569
0.204642
0.411929
0.206336
-0.044168
-0.094855
0.083579
0.459732
0.09781
0.050803
0.127846
-0.260998
0.324432
-0.014824
-0.03936
0.428439
0.4917
0.083518
-0.352585
0.027608
0.142242
0.423646
0.243353
-0.155117
-0.056509
0.43815
0.386867
0.478946
0.041136
0.496934
0.047351
0.062949
0.463102
0.198489
0.067261
0.371427
0.049046
0.325086
0.451219
0.39132
-0.01699
-0.200838
0.49412
0.437323
0.442487
0.264169
0.397248
-0.097725
0.465867
-0.037223
0.139233
0.084301
-0.196324
-0.129202
-0.14593
0.238665
0.158749
0.323648
0.234154
0.168442
0.374166
0.408393
0.181429
0.384868
0.055987
0.037479
0.054906
0.019488
0.45415
-0.093071
0.226059
0.46745
0.442868
0.084667
-0.028082
-0.010893
0.061062
-0.070449
-0.279218
-0.333004
-0.122258
-0.059287
0.084973
0.179058
0.110805
0.335444
0.269731
0.346127
0.211948
-0.182702
0.420813
0.492112
0.031211
-0.016759
0.10286
-0.183216
0.035246
0.449061
-0.001972
0.193074
-0.005845
0.170214
0.336875
0.079692
0.006659
-0.112625
0.441529
0.067887
0.121356
-0.086495
0.343509
0.491582
0.046222
0.427064
0.475491
0.184218
0.472279
0.071227
0.463241
0.030885
0.035269
0.258612
-0.100805
0.461855
0.230271
0.485424
0.016877
0.458292
0.085746
0.349452
-0.086273
-0.212732
0.449595
0.322771
0.395534
0.46323
-0.04645
0.419266
0.455945
-0.010646
0.424454
0.424578
0.053803
0.441947
0.076621
0.431494
0.008435
0.391369
-0.1364
0.398389
0.219408
0.164471
-0.059901
0.324073
0.399615
-0.303811
0.403577
0.361352
0.061726
0.245279
0.132465
-0.209526
-0.133462
-0.65903
0.100872
0.421073
0.452144
0.277063
-0.140641
0.338295
0.322065
0.301172
0.121963
0.209941
0.094828
-0.043699
0.269473
0.245144
0.082092
0.428783
0.469597
0.450403
-0.159947
-0.303668
-0.257004
-0.350148
-0.145214
-0.223892
-0.402222
-0.193561
-0.8054
-0.45067
-0.215452
-0.419598
-0.050624
-0.058222
-0.214342
-0.13662
-0.115902
-0.137246
-0.303121
-0.144152
-0.135882
0.065277
-0.154407
-0.35836
-0.286926
0.009225
-0.068118
-0.234774
-0.201606
-0.307075
-0.404413
-0.214813
-0.010078
-0.166749
-0.362265
-0.161471
-0.128937
-0.047329
-0.131511
-0.26273
-0.278696
-0.254291
-0.161494
-0.241589
-0.107664
-0.368672
-0.117266
-0.248305
-0.180752
-0.386354
-0.158384
-0.441425
-0.121011
-0.105333
-0.110412
-0.170059
-0.210208
-0.274146
-0.14764
-0.119086
-0.199934
-0.297683
-0.120335
-0.252579
-0.329921
-0.209609
-0.044144
-0.124214
-0.199406
-0.250239
-0.056077
-0.121951
-0.094719
-0.108057
-0.225997
-0.047883
-0.199945
-0.333354
-0.215515
-0.106549
-0.100583
-0.268993
-0.249838
-0.124054
-0.36879
-0.100647
-0.179115
-0.308275
-0.284929
-0.237482
-0.25228
-0.107845
-0.217127
-0.247722
-0.183105
-0.259718
-0.107391
-0.208989
-0.416176
-0.070779
-0.089201
-0.059237
-0.246279
-0.04054
-0.203114
-0.220917
-0.475812
-0.258218
-0.25227
-0.143428
-0.0456
-0.096996
-0.218364
-0.138968
-0.317868
-0.169581
-0.178017
-0.103204
-0.146882
-0.226919
-0.295457
-0.237468
-0.269503
-0.144084
-0.197263
-0.175467
0.003958
-0.200518
-0.001963
-0.210426
-0.238057
-0.118874
-0.388026
-0.198302
-0.201747
-0.288446
-0.371522
-0.078963
-0.340878
-0.217777
-0.155422
-0.194302
-0.26966
-0.088458
-0.206436
-0.191829
-0.111588
-0.123451
-0.013495
-0.130796
-0.170535
-0.097653
-0.224398
-0.340434
-0.122396
-0.154412
-0.224599
-0.167683
-0.30162
-0.267579
-0.110793
-0.124157
-0.242582
-0.086213
-0.282598
-0.103864
-0.451186
-0.023259
-0.150371
-0.045068
-0.353128
-0.203411
-0.228553
-0.191928
-0.222173
-0.176192
-0.300144
-0.097071
-0.055489
-0.137334
-0.431871
-0.266908
-0.137007
-0.222329
-0.103908
-0.073603
-0.151116
-0.064024
-0.298252
-0.449768
-0.321203
-0.279413
-0.076287
-0.080087
-0.138196
-0.306374
0.006658
-0.074045
-0.353831
-0.085362
-0.143995
-0.132523
-0.089704
-0.191464
-0.093597
-0.205547
-0.164777
-0.156412
-0.267161
-0.379403
-0.29113
-0.173279
-0.033167
-0.195679
-0.211516
-0.115586
-0.20238
-0.208808
-0.09062
-0.111061
-0.194752
-0.282854
-0.263434
-0.078835
-0.16222
-0.303973
-0.218519
-0.249099
-0.131008
-0.040811
-0.162272
-0.203532
-0.139327
-0.069222
-0.19875
-0.416586
-0.207209
-0.258732
-0.172045
-0.235381
-0.151896
-0.118561
-0.250707
-0.173733
-0.204485
-0.32637
-0.177235
-0.021573
-0.185821
-0.092576
-0.154352
-0.131364
-0.135189
-0.204836
-0.319508
-0.311604
-0.456959
-0.279027
-0.10875
-0.020352
-0.163755
-0.259622
-0.199203
-0.124801
-0.192602
-0.129308
-0.041869
-0.075248
-0.087614
-0.111718
-0.229216
-0.145062
-0.177527
-0.143269
-0.244839
-0.194318
-0.343906
-0.220704
-0.127799
-0.192575
-0.165193
-0.233436
-0.356699
-0.259362
-0.179635
-0.014867
-0.162656
-0.291901
-0.075622
-0.219701
-0.113657
-0.154093
-0.304898
-0.2794
-0.18846
-0.072258
-0.094082
-0.218082
-0.357511
-0.176417
-0.227127
-0.24063
-0.2117
-0.115608
-0.301425
-0.165463
-0.167745
-0.169629
-0.105137
-0.178572
-0.144018
-0.132763
-0.051203
-0.139928
-0.248265
-0.036853
-0.265251
-0.18119
-0.204354
-0.266542
-0.111663
-0.299333
-0.218098
-0.260405
-0.17593
-0.136432
-0.168548
-0.155265
-0.232595
-0.039687
-0.252071
-0.076781
-0.213746
-0.325752
-0.246333
-0.303688
-0.447611
-0.178514
-0.311513
-0.312538
-0.260541
-0.109209
-0.151746
-0.138069
-0.059826
-0.291072
-0.0757
-0.051936
-0.145882
-0.19876
-0.135624
-0.088306
-0.182708
-0.187903
-0.222527
-0.293669
-0.211149
-0.200256
-0.2357
-0.275911
-0.157766
-0.101322
-0.313048
-0.152247
-0.073171
-0.227846
-0.119113
-0.310218
-0.111903
-0.379715
-0.126032
-0.148689
-0.164245
-0.256803
-0.209945
-0.069797
-0.250159
-0.254392
-0.11537
-0.02289
-0.028941
-0.010825
0.001412
-0.119058
-0.128811
-0.53896
-0.180709
-0.044841
-0.260762
-0.165904
-0.07213
-0.347523
-0.015514
-0.131476
-0.177005
-0.210017
-0.277065
-0.274285
-0.255037
-0.389277
-0.398038
-0.146546
-0.062787
-0.28503
-0.222069
-0.179923
-0.154295
-0.166459
-0.209957
-0.146168
-0.72727
-0.358534
-0.475893
-0.426658
-1.13931
-0.359611
-0.126232
-0.304583
-0.30031
-0.433472
-0.246563
-0.344584
-0.347091
-0.30828
-0.7637
-0.165209
-0.293768
-0.65772
-0.26693
-0.172997
-0.25601
-0.150529
-0.295164
-0.337989
-0.390958
-0.39805
-0.16595
-0.322098
-0.51433
-0.116374
-0.142595
-0.469591
-0.216068
-0.043191
-0.273196
-0.310578
-0.264272
-0.63879
-0.468035
-0.153485
-0.170287
-0.52878
-0.176696
-0.291024
-0.432106
-0.140355
-0.190792
-0.81899
-0.246131
-0.466168
-0.081294
0.004223
-0.97907
-0.232714
-0.55434
-0.157285
-0.069446
-0.196177
-0.139368
-0.258836
-0.52313
-0.59499
-0.181398
-0.127442
-0.60198
-0.370107
-0.452128
-1.05768
-0.140614
-0.53919
-0.278491
-0.111492
-0.415348
-0.12836
-0.16169
-0.313684
-0.269171
-0.13715
-0.351722
-0.400772
-0.192968
-0.239171
-0.075056
-0.287004
-0.389177
-0.127742
-0.445627
-0.109514
-0.425171
-0.59971
-0.273841
-0.2296
-0.87443
-0.181687
-0.19917
-0.368987
-0.088683
-0.172529
-0.201845
-0.3167
-0.349594
-0.11024
-0.314949
-0.71885
-0.039378
-0.162226
-0.219234
-0.160871
-0.338396
-0.76797
-0.256333
-0.236661
-0.44444
-0.232322
-0.212259
-0.352816
-0.337134
-0.57507
-0.454171
-0.470118
-0.53781
-0.450935
-0.4784
-0.226307
-0.123431
-0.58092
-0.125663
-0.430226
-0.165317
-0.221294
-0.199307
-0.103256
-0.135298
-0.70998
-0.09624
-0.140231
-0.317573
-0.448934
-1.01206
-0.172909
-0.239369
-0.177119
-0.181735
-0.372385
-0.117061
-0.33521
-0.67786
-0.60483
-0.164325
-0.036534
-0.229733
-1.29794
-0.155478
-0.61906
-0.287234
-0.66348
-0.5975
-0.87655
-0.436452
-0.97161
-0.158089
-0.151677
-0.319469
-0.467673
-0.105184
-0.213593
-0.464803
-0.317593
-0.349357
-0.479876
-0.479807
-0.390734
-0.121722
-0.211614
-0.61439
-0.253066
-0.179132
-0.54104
-0.62126
-0.360947
-0.095442
-0.209425
-0.341902
-0.172158
-0.448954
-0.306263
-0.371905
-0.384077
-0.155245
-0.200366
0.397784
0.474011
0.266507
0.198754
-0.035856
0.450666
0.481051
-0.09816
0.337972
0.42325
-0.010478
-0.308741
0.329519
0.319525
-0.40405
-0.057276
0.008106
-0.013432
0.292262
0.044072
-0.073792
-0.261238
-0.6787
0.059368
0.435099
0.110707
0.092342
0.194247
0.102538
0.451644
-0.139647
0.194234
0.03731
-0.00181
-0.110643
0.320226
0.09615
0.396678
0.169975
0.164048
-0.069186
0.374118
0.477963
0.307303
-0.028205
0.4135
0.132351
-0.053187
-0.053188
0.292967
0.219761
0.428708
0.262784
0.108989
-0.065544
0.069439
0.018769
0.391159
0.243808
0.170107
0.361639
-0.131474
0.479636
-0.179301
-0.163734
0.43562
0.219749
0.212552
-0.085706
-0.150296
0.103799
0.429738
0.467696
-0.031785
0.378416
0.027432
-0.316448
0.35061
0.388056
0.478401
-0.127346
-0.278591
0.315639
0.390491
0.457878
0.141284
-0.039811
0.002771
-0.15738
-0.069753
0.16805
-0.350621
0.098642
-0.064462
0.394996
0.035935
0.157709
0.433801
0.233758
-0.139002
0.177447
0.292331
0.240174
-0.83561
0.099908
-0.050405
0.280121
-0.096253
-0.011672
0.015265
0.378167
-0.10808
0.115558
-0.213609
0.405742
0.381381
0.100062
0.200466
0.118361
0.256343
0.349789
0.214904
0.0796
0.10998
0.145643
-0.370554
0.117773
0.495511
0.342737
0.13306
0.124648
0.007664
-0.00042
0.055958
0.060905
0.097562
0.38201
0.129518
0.440871
-0.15794
-0.402638
0.252432
0.004756
0.132341
-0.214615
0.391724
0.288449
0.310232
0.154532
-0.189798
0.170504
0.102841
-0.00616
0.479041
0.011822
0.136884
0.055583
-0.265076
0.325503
-0.069602
0.167888
-0.143078
0.196549
0.435747
0.387747
-0.164789
0.243729
0.126006
0.220936
0.244069
0.218806
-0.013028
0.36636
-0.020462
0.035024
-0.125244
0.003691
0.069924
0.253486
0.457643
0.029058
0.17278
-0.15491
0.095905
-0.085677
0.288921
0.380239
0.390852
-0.136866
-0.088731
0.224856
0.43263
0.333192
0.360309
0.453851
0.362986
0.428487
0.465552
-0.108104
0.183439
0.094127
0.093979
0.013056
0.204362
0.235994
0.493419
0.46202
0.24072
0.366598
0.436031
0.427159
0.12116
0.373392
0.209376
0.402047
0.464095
0.153339
0.470253
0.482196
0.27622
0.172306
0.169591
0.365819
0.443093
0.282771
0.255991
0.294733
0.419222
0.222361
0.490938
0.351703
-0.202978
0.486406
0.168211
-0.025913
0.388373
0.103525
0.446254
0.006575
0.27655
0.178712
0.031132
0.484594
0.428683
0.335481
0.384514
0.36221
-0.066426
0.433369
0.228564
0.372215
0.253734
0.306399
0.264214
0.213529
0.026799
0.466509
0.150297
0.078845
0.467148
0.117317
0.334536
0.429067
0.469672
0.215886
-0.66508
0.433594
0.386484
0.431268
0.330012
0.144345
0.348599
-1.05171
0.367383
0.481304
0.409985
0.411225
0.435594
0.141658
0.003341
0.408022
0.408619
0.360235
0.463592
0.241572
0.361207
0.165892
0.072168
0.440622
0.037734
-0.042709
0.483077
0.210168
0.435542
0.411164
0.402594
0.411444
0.460538
0.152524
0.449222
0.071192
0.445041
0.415064
0.471535
-0.031358
0.321918
-0.058931
0.460637
0.367509
0.430903
-0.195664
0.268514
0.433214
0.130626
0.153665
0.22186
0.20467
0.418616
-0.162292
-0.029135
0.042973
0.098874
0.351333
0.065531
-0.1058
0.446077
-0.15689
0.466854
0.221568
0.437319
0.07745
0.297816
0.416337
0.091459
-0.430741
0.170017
0.065083
-0.73526
0.234277
0.273377
-0.266151
0.252823
0.263436
0.226991
0.194059
0.367565
0.138513
0.492399
0.421142
0.174253
0.295502
0.44727
0.413468
0.163592
-0.268475
0.375885
0.08161
0.089988
0.033328
0.490189
-0.273573
0.429801
0.27592
0.395164
-0.134343
0.334572
0.278116
0.242519
0.343889
0
0.471822
0.385837
0.222664
0.377188
-0.027494
0.289422
0.344587
-0.239401
-0.015638
0.110571
0.453136
0.252428
0.237355
0.401749
0.47449
0.15064
0.231946
0.13553
-0.461588
0.376413
0.369897
0.264898
-0.057542
-0.06558
0.071999
0.449372
0.341135
0.256953
0.283671
-0.65197
0.491755
0
0.454381
0.494958
0
0
0.228683
0
0.498757
0
0.498495
0
0
0.494476
0.477564
0
0.498001
0.247783
0.402882
0.486508
0
0
0.495684
0
0.496611
0
0.470625
0.469719
0.494427
0.491155
0
0
0.495073
0
0.43293
0.474706
0.497913
0
0.497975
0.454396
0.47667
0.48616
0.488738
0.44416
0.497312
0.491407
0.491009
0.492645
0.439609
0
0.487555
0
0
0.283711
0
0
0.482054
0
0.377165
0.491062
0.496533
0
0
0.465879
0.400166
0
0.495218
0
0
0.496536
0.498378
0.487715
0
0
0
0.481745
0
0
0.473035
0
0
0.456525
0.494758
0.487439
0.497498
0.48932
0.44646
0.499407
0
0.496318
0.328691
0.494923
0.491766
0.442012
0.499548
0
0.448941
0.497351
0
0
0
0
0
0.482959
0
0
0
0
0
0
0
0.397441
0.230056
0
0.497628
0
0
0.456684
0.491615
0
0.497153
0.496579
0
0
0.414938
0.495484
0.495651
0
0.460538
0.428272
0.160006
0.44023
0
0.497088
0.427377
0
0.48543
0.496188
0.495712
0.27256
0
0.484837
0.498489
0
0
0
0
0
0
0.484584
0.499264
0
0
0
0
0.325033
0.004025
0
0.485004
0
0
0.496156
-0.377369
-0.14586
-0.460697
-0.141972
-0.310077
-0.177455
-0.251279
-0.268352
-0.10968
-0.345539
-0.412608
-0.137853
-0.268287
-0.12845
-0.174473
-0.057518
-0.092138
-0.22293
-0.172623
-0.245396
-0.206397
-0.467927
-0.157819
-0.17006
-0.6514
-0.193931
-0.083351
-0.178721
-0.072033
-0.5465
-0.454674
-0.099469
-0.186454
-0.204631
-0.186548
-0.51741
-0.206803
-0.126812
-0.176112
-0.57958
-0.217006
-0.263127
-0.65354
-0.8267
-0.402462
-0.077522
-0.250989
-0.165717
-0.187966
-0.128813
-0.162018
-0.152181
-0.169907
-0.256967
-0.372758
-0.244999
-0.321586
-0.264145
-0.323494
-0.061452
-0.162546
-0.416232
-0.288433
-0.109452
-0.132062
-0.70735
-0.201888
-0.111279
-0.54877
-0.144574
-0.339083
-0.141209
-0.152142
-0.339696
-0.14391
-0.192582
-0.99904
-0.277075
-0.26472
-0.314354
-0.176067
-0.283883
-0.164142
-0.110091
-0.259583
-0.153398
-0.356063
-0.103002
-0.215394
-0.1745
-0.115438
-0.159717
-0.412152
-0.14673
-0.183838
-0.498025
-0.359865
-0.85358
-0.253648
-0.101908
-0.175404
-0.437359
-0.090098
-0.215559
-0.104632
-0.303169
-0.35462
-0.88999
-0.219405
-0.267905
-0.050377
-0.198504
-0.247033
-0.066388
-0.110725
-0.116171
-0.097445
-0.234308
-0.410467
-0.351815
-0.422893
-0.64018
-0.461563
-0.358432
-0.248109
-0.387547
-0.133406
-0.202817
-0.179695
-0.349876
-0.19802
-0.310392
-0.054023
-0.155418
-0.135031
-0.433014
-0.51127
-0.5623
-0.349155
-0.049788
-0.340616
-0.142057
-0.338836
-0.212751
-0.340598
-0.167139
-0.70582
-0.173568
-0.252045
-0.161836
-0.349329
-0.182192
-0.405695
-0.3068
-0.299649
-0.263026
-0.231649
-0.344723
-0.339983
-0.319334
-0.114802
-0.311079
-0.305929
-0.128948
-0.133407
-0.284185
-0.25558
-0.206858
-0.60325
-0.246875
-0.20661
-0.118777
-0.106899
0.015718
-0.486384
-0.227657
-0.81118
-0.077894
-0.127213
-0.159064
-0.333749
-0.220864
-0.142829
-0.252331
-0.161181
-0.8875
-0.383574
-0.063965
-0.140179
-0.171631
-0.315629
-0.207007
-0.52692
-0.171208
-0.348717
-0.483752
-0.197021
-0.085139
-0.076148
-0.344191
-0.033941
-0.122811
0.05983
-0.375694
-0.369157
-0.243957
-0.188715
-0.046904
0.012144
-0.068672
-0.68162
-0.180562
-0.426769
-0.2146
-0.11315
-0.087651
-0.070965
-0.55602
-0.383685
-0.56205
-0.128411
0.020639
-0.207407
-0.297145
-0.23242
-0.140556
-0.113814
-0.206772
-0.093186
-0.046223
-0.430871
-0.048694
-0.392723
-0.04939
-0.5047
-0.59971
-0.84614
-0.229791
-0.151957
-0.247696
-0.81647
-0.067465
-0.203781
-0.273504
-0.19545
-0.253065
-0.65085
-0.70901
0.000821
-0.57239
-0.071712
-0.343027
0.018791
-0.04296
-0.081865
-0.067047
-1.2127
-0.018097
-0.286361
0.016756
0.017401
-0.49677
-0.216114
-1.03478
-0.272784
-0.391135
0.014911
-0.462972
-0.001076
-0.065363
-0.049716
-0.223838
-0.023012
-0.54558
-0.162453
-0.164423
-0.314728
-0.80468
-0.97959
-0.372449
-0.344652
-0.366881
-0.151172
-0.069586
-0.213094
0.007592
-0.83606
-0.17327
-0.370988
-0.152773
-0.87022
-0.042069
-0.039442
-0.207944
-0.076646
-0.184944
-0.56314
-0.008169
-0.115958
-0.493281
-0.153161
-0.52805
-0.113195
-0.14507
-0.302194
0.08536
-0.69399
-0.442405
-0.335347
-0.027932
-0.118082
0.035245
-0.024914
-0.55865
-0.469963
-1.05576
-0.165132
-0.245064
-0.079083
-0.040504
-0.271593
-0.180921
-0.134597
-0.22438
-0.365105
-0.176156
-0.005541
-0.132829
-0.236543
-0.77818
-0.379945
-0.173481
-0.053056
-0.80816
-0.274861
-0.051984
-0.388754
-0.286273
-0.195724
-0.294318
-0.197708
-0.182592
-0.159717
-0.094873
-0.158409
0.003611
-0.370392
-0.374294
0.00328
-0.50168
-0.92426
-0.61735
-0.132191
-0.123336
-0.092707
-0.050229
-0.211771
0.108389
-0.119281
-0.25352
-0.205503
-0.21605
-0.395427
-0.107999
-0.024151
-0.245367
0.040633
-1.07482
-0.76648
-0.177417
-0.63796
-0.263317
-0.204266
-0.241712
-0.55373
-0.200451
-0.449972
-0.067425
-0.136412
-0.94274
-0.057822
-0.425161
-0.127516
-0.334795
-0.413815
-0.090121
0.031865
-0.119378
-0.7393
-0.10627
-0.006722
-0.73063
-0.297162
-0.418337
-0.218202
-0.088168
-0.117219
-0.422843
-0.115656
-0.5634
0.46468
0.098175
0.451448
0.410701
0.472146
0.407835
0.150567
0.478244
0.11474
0.470659
0.494082
0.183172
0.204214
0.423018
0.409085
0.38423
0.329318
0.392546
0.40744
0.440161
0.340313
-0.178659
0.498565
0.393696
0.057687
0.389132
0.088405
0.447083
0.393581
0.477807
-0.146546
0.437309
0.381575
0.384176
0.143376
0.473951
0.488502
0.306343
0.461681
-0.233265
0.20958
0.476963
-0.1864
0.476747
0.421354
0.192575
0.346088
0.46627
0.483976
0.461214
0.432486
0.232172
0.392758
0.48226
0.358672
0.487737
0.349898
0.432973
0.299245
0.425516
0.497589
0.421405
0.493193
0.418302
0.399072
0.443089
0.41231
0.4899
0.158736
0.183863
0.326177
0.462797
0.450856
0.499885
0.390282
0.393627
0.361122
0.480426
0.448308
0.484467
0.430069
0.402107
0.146899
-0.255062
0.467938
0.470826
0.368779
0.470979
0.332525
0.493577
0.359492
0.465265
0.406146
0.198357
0.435287
0.459413
0.284019
0.348849
0.46246
0.459196
0.39421
0.378869
0.406681
0.462023
0.429849
0.444516
0.432577
0.467753
0.47268
0.257227
0.385651
0.237807
0.29932
0.406853
0.490832
0.374731
0.422175
0.142588
0.182226
0.379834
0.06404
0.243917
0.309649
0.485817
0.245843
0.429538
0.150395
0.352035
0.461697
0.486648
0.48618
0.484067
0.382467
0.436149
0.30483
0.427907
-0.016587
0.462053
0.469765
0.337495
0.454257
0.252948
0.230557
0.246182
0.466648
0.457173
0.483456
0.455538
-0.39935
0.258087
0.472884
0.477243
0.487373
0.359276
-0.246243
0
0.400359
0.474725
0.2622
0.451246
0
0.406656
0.452905
0
0.440389
0.445775
0.200606
0.4025
0.139588
0.370789
0.158596
0.266832
0.474495
0.325877
0.456363
0.387047
0.422493
0.05084
0.401364
0.29823
0.470571
0.409865
0.375519
0.421994
-0.02584
0.13517
0.486985
0.39098
0.458834
0.429927
0.002977
0.44925
0.198437
0.429634
0.42734
0.412773
0.443319
0.268466
0.433321
-0.061819
0.303712
0.010779
0.069134
0.385318
-0.240506
-0.004079
-0.179417
0.330583
0.049185
-0.64445
0.130111
0.262207
0.264914
0.450179
-0.57371
-0.265599
0.227994
0.082228
0.120143
0.081698
0.153518
0.127619
0.159675
0.403785
0.259227
0.112739
0.2101
0.13841
0.328443
0.148196
0.11072
0.0635
0.330613
0.136565
0.121882
0.148551
0.333744
0.192395
0.119968
-0.062002
0.45363
0.435244
0.322026
0.167124
-0.67412
0.404118
-0.033717
0.077586
0.145504
0.109574
0.090207
0.092061
-0.67462
0.097967
-0.260071
0.194149
-0.274808
-0.302096
-0.495
0.117055
0.308126
0.087921
-0.221074
0.105917
0.163361
0.327288
0.386381
-0.018277
0.121632
0.060145
-0.000257
0.147856
0.14644
0.135699
-0.023756
0.204056
0.139583
0.091794
-0.196215
0.104416
0.061575
0.072085
0.217319
0.485997
0.101155
0.167601
0.035927
0.389446
0.087116
0.328154
0.02185
-0.70977
0.417958
0.218222
-0.217132
-0.58578
0.065807
0.372061
-0.220905
0.236703
0.001244
0.164201
0.395602
0.195114
-0.038786
0.24286
0.330459
0.167378
0.166247
0.319382
-0.22967
-0.042614
-0.288562
-0.68087
0.159613
0.123816
-0.052771
0.329071
0.229104
0.175629
-0.033661
0.194679
0.053997
0.150824
0.395111
0.067484
-0.222001
0.068112
-0.21866
0.415033
-0.196761
0.16225
0.118018
0.325947
0.123026
-0.70065
0.123756
0.325536
0.17257
0.162334
0.150234
-0.256814
0.086369
0.143548
0.178497
0.143575
0.255383
0.087454
0.221103
0.310336
0.139452
0.422337
0.377454
0.104829
-0.065508
-0.242684
0.153404
0.191589
-0.60298
0.439874
-0.60521
0.435122
0.432548
0.382337
-0.66092
0.143351
0.117856
0.081582
0.196493
0.193183
-0.038576
0.060568
0.171336
0.344288
0.283102
0.05552
0.189819
-0.053214
-0.53029
0.124118
0.202869
0.187001
0.091176
-0.038518
0.158554
0.018048
0.362243
0.084582
0.296825
0.379891
-0.55404
0.16026
0.04324
0.426082
-0.134701
0.173809
-0.042394
-0.085881
0.285521
0.151207
-0.369045
0.282421
0.208892
0.174144
0.029127
-0.270653
0.17848
0.468634
0.330406
0.096092
0.066169
-0.064189
0.21838
-0.013226
0.177484
0.422107
0.408564
0.262302
0.223358
0.292388
0.216743
0.09899
0.249019
0.03989
0.45436
-0.57298
0.414155
0.455443
-0.273667
0.212827
0.286975
-0.007199
0.094094
0.174501
-0.058091
0.099441
0.416908
0.134456
0.305596
0.115523
0.07237
0.198355
0.173184
-0.281236
0.192937
0.459278
-0.288658
0.010292
0.320253
0.040755
0.138095
0.451542
-0.01497
0.214003
0.102643
-0.276411
-0.061598
0.250836
0.365825
0.198106
0.369467
-0.096111
0.33543
-0.150184
-0.145005
0.143406
-0.061404
-0.015509
0.226034
-0.307752
0.442701
0.040531
-0.007364
-0.302758
0.443324
-0.315877
-0.394861
-0.51127
0.009174
0.089485
0.102037
-0.057745
0.076766
0.252393
0.138967
0.269364
0.09408
-0.255686
0.48367
0.042271
-0.041688
0.345214
0.108443
-0.104868
0.391403
0.346907
0.05121
0.031497
-0.016313
-0.378629
0.226443
0.344723
0.290842
-0.139487
0.153206
0.186925
-0.443994
0.44954
0.451357
-0.407831
-0.116614
-0.341202
0.136737
0.023223
0.077235
0.0631
0.459523
0.085738
0.206959
-0.394686
0.084091
0.139353
0.23186
0.147421
0.216503
0.439684
-0.342812
0.409522
0.144026
0.177864
-0.472176
0.060509
-0.354211
-0.077382
0.130947
0.459293
0.082997
-0.377198
-0.311812
0.02716
0.273764
-0.194666
0.164446
-0.60898
-0.054489
-0.138946
0.277975
-0.12556
-0.064051
-0.304969
0.098111
0.349249
0.075266
0.072195
-0.096617
-0.043158
0.338508
0.144512
0.130106
-0.26838
-0.192137
-0.454703
0.364069
-0.407228
0.040538
0.031849
0.273857
0.191024
0.154818
-0.15882
0.166572
0.305554
0.311189
0.164681
0.107137
-0.045901
0.451817
0.250232
0.08365
0.194729
0.440683
0.100493
0.382402
-0.011154
0.04659
0.347053
0.221872
0.464924
0.070863
0.064871
0.461779
-0.242655
0.050567
0.254294
0.216658
0.070426
0.239008
0.055621
0.27074
0.243132
-0.099742
0.477526
0.385806
-0.108428
0.011368
0.208741
0.197791
0.236015
0.087893
0.355797
0.336989
0.444813
0.209724
0.156753
-0.219555
-0.133891
-0.021057
0.229126
-0.178415
0.117467
-0.121364
0.092962
-0.303001
0.196962
0.413412
-0.440879
-0.068578
-0.034731
0.194912
0.346927
0.474129
-0.141781
0.030354
0.085327
0.362279
0.224926
0.169038
0.313307
0.453654
-0.109982
0.421867
0.433387
0.15984
0.398248
0.458715
0.464923
0.288518
0.482208
-0.020194
0.468493
-0.59677
-0.07676
0.486609
0.338325
-0.051859
0.435486
0.403404
0.484632
0.369463
0.189294
0.143122
0.342556
0.450332
-0.324715
0.158678
0.123362
0.319249
0.338248
0.298645
0.038705
-0.125702
-0.055623
-0.105956
0.376428
0.373905
0.398075
0.072701
0.194478
0.29094
0.098409
0.477168
0.248735
0.068234
-0.052883
0.039697
-0.037463
0.466566
0.462676
0.451222
0.402172
0.029949
0.471452
0.137777
0.057066
-0.016027
0.487296
0.447387
0.469026
0.201093
-0.224261
0.370902
0.394907
0.487515
-0.7001
-0.207208
0.404255
0.41079
0.138053
0.109418
0.212458
0.355421
0.414825
0.02217
-0.002375
0.467798
0.206075
0.395186
0.170715
0.242044
0.002676
0.432244
0.146484
0.405051
-0.127298
-0.104373
0.403922
0.368216
0.148696
0.010889
0.469287
0.044604
0.243346
0.04195
0.39842
0.336875
0.323436
0.185356
0.394548
0.469833
-0.096674
0.152666
0.39387
-0.196212
0.248206
-0.006492
0.023161
-0.100373
0.41494
-0.173532
0.153838
-0.12289
0.397665
0.116965
0.317034
0.163738
0.487819
0.165418
-0.058621
0.460243
0.178827
0.001795
0.353408
0.007253
0.106341
0.083455
-0.329562
0.107508
0.295614
0.325226
0.400104
0.164289
0.035895
-0.300833
-0.270957
-0.149072
0.493113
-0.239631
0.229309
0.472012
0.292092
0.478758
0.030475
0.177478
0.005993
0.310263
0.202428
0.44285
0.017271
-0.093897
0.356756
0.488272
0.013613
0.154485
0.293926
0.417326
0.285067
0.34459
-0.387229
0.357552
0.144032
-0.216903
-0.138149
-0.145556
-0.146978
-0.206935
-0.014323
-0.077143
-0.180766
-0.175183
-0.332386
-0.034365
-0.231803
-0.212581
-0.095646
-0.208612
-0.309836
-0.323431
-0.231428
-0.256652
-0.101735
-0.033124
-0.120459
-0.04675
-0.066873
-0.105647
-0.113285
-0.148175
-0.363488
-0.299371
-0.071474
-0.223466
-0.072815
-0.34055
0.025357
-0.137778
-0.232992
-0.251309
-0.074155
-0.259473
-0.246585
-0.321041
-0.265232
-0.269588
-0.477438
-0.238592
-0.198346
-0.410577
-0.207263
-0.254305
-0.074613
-0.132341
-0.169831
-0.135645
-0.250483
-0.432837
-0.061742
-0.229788
-0.23061
-0.253917
-0.205215
-0.076833
-0.206802
0.062734
-0.427374
-0.384533
-0.188756
-0.256972
-0.178452
-0.264539
-0.098686
-0.173742
-0.138274
-0.173596
0.030259
-0.090038
-0.111435
-0.050441
-0.46456
-0.27029
0.026258
-0.272333
-0.166083
-0.2013
-0.43105
-0.011303
-0.048453
-0.36124
-0.145203
-0.091108
-0.183288
-0.303314
-0.126756
-0.292488
-0.237398
-0.458689
-0.358321
-0.56912
-0.108765
-0.251889
-0.343247
-0.164046
-0.375403
-0.320098
-0.297755
-0.233356
-0.19782
-0.095761
-0.104146
-0.207323
-0.13575
-0.366574
-0.147278
-0.282956
-0.456561
-0.210669
-0.12264
-0.19592
-0.317306
-0.086914
-0.123328
-0.085774
-0.117185
-0.098992
-0.286785
-0.305849
-0.093415
-0.200018
-0.241416
-0.116338
-0.089938
-0.243159
-0.169466
-0.039756
-0.116458
-0.236645
-0.118948
-0.067883
-0.272741
-0.21841
-0.150647
-0.109749
-0.077092
-0.093696
-0.169283
-0.25653
-0.286764
-0.199978
-0.259111
-0.060961
-0.272029
-0.069757
-0.211999
-0.19763
-0.178669
-0.101755
-0.13819
-0.112892
-0.233547
-0.045552
-0.027993
-0.015335
-0.042853
-0.195579
-0.194884
-0.231978
-0.094118
-0.188409
-0.095583
-0.030078
-0.146044
-0.324514
-0.080117
-0.227386
-0.094454
-0.164523
-0.205063
-0.316476
-0.378014
-0.094515
-0.234409
-0.295832
-0.321126
-0.227168
-0.099537
-0.130921
-0.177675
-0.157585
-0.065068
-0.213474
-0.068763
-0.376729
-0.271882
-0.287319
-0.250811
-0.288726
-0.181708
-0.242127
-0.158692
-0.197503
-0.305519
-0.12422
-0.211284
-0.107468
-0.237576
-0.10658
-0.174562
-0.045698
-0.279231
-0.11874
-0.052859
-0.144063
-0.275137
-0.113062
-0.256766
-0.163915
-0.194606
-0.121051
-0.167356
-0.211515
-0.103691
-0.086003
-0.035226
-0.249497
-0.087172
-0.240701
-0.068141
-0.155387
-0.136826
-0.128074
-0.194291
-0.087771
-0.105632
-0.206729
-0.110693
-0.127782
-0.129849
-0.343329
-0.059406
-0.212634
0.029909
-0.209982
-0.378065
-0.19423
-0.231827
-0.166336
-0.300746
0.010109
-0.271806
-0.214354
-0.074221
-0.258556
-0.121788
-0.303728
-0.201732
-0.158958
-0.199698
-0.239476
-0.054844
-0.096074
-0.142202
-0.112153
-0.218283
-0.202208
-0.356895
-0.179572
-0.264465
-0.106101
-0.224439
-0.199633
-0.244236
-0.25323
-0.211565
-0.059363
-0.087404
-0.136081
-0.142581
-0.13146
-0.291205
-0.172824
-0.190515
-0.094035
-0.057586
-0.163562
-0.224786
-0.187927
-0.204198
-0.157787
-0.216779
-0.149773
-0.063223
-0.027521
-0.345134
-0.210721
-0.245976
-0.128424
-0.118729
-0.147183
-0.133229
-0.122586
-0.084073
-0.104934
-0.263628
-0.160693
-0.168925
-0.53286
-0.182306
-0.170376
-0.170748
-0.077195
-0.259157
-0.100107
-0.250714
-0.075359
-0.267122
-0.152401
-0.164569
-0.188338
-0.367322
-0.226372
-0.394351
-0.158989
-0.147252
-0.100482
-0.11771
-0.258321
-0.126945
-0.092618
-0.288022
-0.15479
-0.111161
-0.103557
-0.139689
-0.145817
-0.207881
-0.262022
-0.211217
-0.343488
-0.132095
-0.268551
-0.25302
-0.298067
-0.050961
-0.058861
-0.173167
-0.256915
-0.232651
-0.100559
-0.164269
-0.380194
-0.134856
-0.326502
-0.081606
-0.239858
-0.138431
-0.260296
-0.158434
-0.205178
-0.212797
-0.123689
-0.151351
-0.169237
-0.203205
-0.120675
-0.152672
-0.135738
-0.207284
-0.188998
-0.280826
-0.291817
-0.182461
-0.37304
-0.16269
-0.05009
-0.201284
-0.254631
-0.090925
-0.217526
-0.176709
-0.00448
-0.162361
-0.106157
-0.216523
-0.239253
-0.172204
-0.020945
-0.19484
-0.288871
-0.10041
-0.065332
-0.149153
-0.10916
-0.215291
-0.244283
-0.160883
-0.176119
-0.089144
-0.151166
-0.178319
-0.378372
-0.213653
-0.275943
-0.137834
-0.133383
-0.21051
-0.5578
-0.282772
-0.166406
-0.109804
-0.313794
-0.281273
-0.037709
-0.18675
-0.88905
-0.330134
-0.34379
-0.427225
-0.394226
-0.148136
-0.86566
-0.239511
-0.221667
-0.61627
-0.368142
-0.50767
-0.395233
-0.210427
-0.171293
-0.53858
-0.325458
-0.274989
-0.276113
-0.094049
-0.095469
-0.58614
-0.107106
-0.466729
-0.92814
-0.61031
-0.311144
-0.32336
-1.11875
-0.241231
-0.204123
-0.077495
-0.346068
-0.69529
-0.105867
-0.54353
-0.252593
-0.5558
-0.239321
-0.373975
-0.339203
-0.235616
-0.30119
-0.418833
-0.160432
-0.202291
-0.40116
-0.58209
-0.126134
-0.432085
-0.346273
-0.246886
-0.476625
-0.90169
-0.449347
-0.353813
-0.144104
-0.231436
-0.53253
-0.141766
-0.052346
-0.345873
-0.387049
-0.337252
-0.232546
-0.452681
-0.401926
-0.399245
-0.128543
-1.08267
-0.063389
-0.356718
-0.208445
-0.64006
-0.423032
-0.73528
-0.58515
-0.297234
-0.394289
-0.085456
-1.09497
-0.303947
-0.213806
-0.15789
-0.382166
-0.75533
-0.310698
-0.363745
-0.106751
-0.043371
-0.09904
-0.453308
-0.56679
-0.442625
-0.78734
-0.364505
-0.338285
-0.175891
-0.294545
-0.347669
-0.138636
-0.247428
-0.172787
-0.9684
-0.458878
-0.353103
-0.299164
-0.168381
-0.329879
-0.365194
-0.6762
-0.092756
-0.374502
-0.241817
-0.255837
-0.35512
-0.287884
-0.035931
-0.004738
-0.489003
-0.491873
-0.244941
-0.393523
-0.067535
-0.52046
-0.15971
-0.267079
-0.172366
-0.151417
-0.223527
-0.368554
-0.56917
-0.201765
-0.176409
-0.80438
-0.292394
-0.415301
-0.274162
-0.107547
-0.217215
-0.252462
-0.433209
-0.2316
-0.3175
-0.275897
-0.342562
-0.218326
-0.88436
-0.51158
-0.357822
-0.291312
-0.352184
-0.407889
-0.272789
-0.367079
-0.052962
-0.398867
-0.193731
-0.179034
-0.384945
-0.468169
-0.224527
-0.179952
-0.107552
-0.100191
-0.226811
-0.169661
-0.163677
-0.187596
-0.38857
-0.66788
-0.32188
-0.254874
-0.129163
-0.179682
-0.20511
-0.267846
-0.58913
-0.087658
-0.148245
-0.254219
-0.213698
-0.184596
-0.253837
-0.395787
-0.58936
-0.51969
-0.52504
