0.65066
0.07134
0.12362
0.26163
-0.49631
-0.23125
-0.26266
-0.12807
-0.37164
-0.17518
0.16068
-0.12085
0.024
-0.38642
-0.28155
0.36032
-0.3124
0.2723
-0.28611
-0.0245
-0.5255
-0.04057
-0.30017
-0.1279
-0.43021
0.0019
-0.35005
-0.25857
-0.05883
-0.19864
-0.20698
-0.08222
0.16638
0.08938
0.06498
0.08556
-0.42351
-0.16651
0.11597
-0.14429
-0.2059
0.12937
-0.30958
0.16473
-0.19694
-0.2892
-0.19882
-0.24888
0.16562
0.20154
-0.105
-0.20662
0.34604
0.02269
0.04362
-0.21688
0.18263
0.01274
-0.07319
-0.27825
-0.59487
-0.16115
-0.01295
0.0869
0.09935
0.0506
0.03351
-0.04445
-0.03077
0.47606
-0.09992
-0.00077
-0.37031
-0.3711
-0.35556
-0.03108
0.01075
0.03049
-0.13315
-0.3559
-0.35941
-0.01321
-0.06937
0.28072
-0.12255
-0.1352
-0.47553
0.20082
0.06248
-0.16768
-0.06882
0.05395
-0.1675
-0.04765
-0.0913
-0.34052
0.18983
0.02283
-0.27872
0.09637
0.09895
-0.41082
-0.00745
-0.40849
-0.01546
0.04224
-0.03821
-0.11156
0.28638
0.24678
-0.33302
0.01501
-0.1851
-0.54433
-0.2308
-0.08525
-0.68514
-0.57786
0.27791
-0.02687
-0.63247
-0.3144
-0.18911
0.30939
-0.20942
-0.04093
-0.09827
0.07026
0.06103
0.11397
-0.20296
-0.04871
-0.2102
0.1628
0.27276
-0.34526
0.04932
0.25142
-0.089
0.03941
-0.16117
-0.40915
-0.13891
-0.10793
-0.26025
0.04259
-0.15124
-0.16948
0.02659
-0.02218
-0.47429
-0.1102
0.0263
-0.01483
-0.19717
-0.02217
-0.24849
-0.2098
-0.33803
0.16126
-0.03159
-0.10978
-0.75711
-0.10191
-0.22529
-0.09827
0.12062
0.14241
-0.44854
0.02299
-0.01984
-0.26165
0.0129
0.18626
-0.10927
-0.33108
-0.07342
-0.31446
0.11433
-0.27846
-0.02692
-0.1031
-0.03569
-0.37552
-0.25405
-0.21818
0.37717
0.01981
-0.261
0.11431
-0.23104
-0.0589
-0.00105
-0.13196
0.3054
0.35742
-0.05861
-0.09357
-2.59391
-3.34633
-3.66303
-3.54883
-3.24183
-2.51405
-2.60817
-3.13543
-2.86292
-2.42318
-2.69142
-2.66117
-3.48793
-1.93672
-3.29083
-2.33086
-3.97883
-2.67805
-3.37163
-2.63198
-2.75758
-4.11103
-3.01993
-2.83456
-2.76937
-2.97373
-3.10993
-2.51794
-3.14473
-2.51184
-3.94663
-3.09633
-2.83097
-2.09575
-3.11203
-3.68003
-2.91168
-3.00833
-2.91239
-3.51593
-3.73493
-1.9066
-3.09883
-3.31223
-2.46285
-2.71762
-3.25603
-2.67598
-3.57713
-2.89517
-2.96623
-3.07723
-2.02058
-2.77592
-2.16394
-2.97203
-2.31898
-3.76543
-2.45669
-3.05333
-4.20753
-1.90234
-2.46357
-2.80295
-1.82765
-2.40925
-2.7869
-2.50692
-1.9119
-2.91451
-2.86788
-2.8338
-3.70703
-2.98173
-3.50213
-2.55232
-3.00203
-1.88557
-3.16323
-1.61676
-2.74288
-3.97933
-2.99643
-3.49673
-2.37151
-2.4732
-3.20673
-3.81803
-2.72125
-1.94203
-3.09203
-3.15273
-2.44738
-3.48133
-3.22063
-2.58333
-2.94793
-3.82683
-2.8058
-3.23653
-2.49993
-1.95903
-2.5436
-2.51916
-2.71534
-3.58483
-3.15503
-3.34143
-4.65823
-3.10813
-2.70744
-3.38523
-2.10721
-2.70835
-1.82898
-2.34025
-3.79433
-2.72413
-2.64846
-3.39803
-2.4823
-2.68573
-3.69173
-2.45713
-2.57967
-3.56573
-2.7155
-2.56675
-3.01583
-3.04653
-3.08703
-4.20273
-2.42836
-2.74007
-2.65786
-3.11803
-2.91736
-2.76149
-3.73203
-2.83188
-2.98623
-2.99713
-3.10993
-2.87623
-1.9023
-3.42503
-2.23716
-2.21746
-3.17253
-2.32425
-2.49738
-2.1368
-3.68583
-3.44863
-2.73765
-2.39531
-2.5899
-2.467
-3.42183
-3.11993
-3.19523
-2.59834
-2.2016
-2.69089
-2.6877
-3.16063
-2.18221
-2.81086
-3.60023
-3.28113
-2.10718
-3.89933
-2.58803
-2.90196
-2.54571
-2.82672
-2.151
-3.44283
-3.36873
-3.11013
-3.29633
-2.73505
-3.64133
-2.10161
-1.85667
-2.16407
-3.46383
-3.32313
-2.97243
-2.68493
-2.76314
-2.72763
-1.87643
-3.56843
-4.08623
-2.08234
-1.77077
-2.88881
-2.80797
-3.09303
0.06127
-0.0454
-0.12864
0.01706
0.00092
0.04292
0.00337
-0.09898
0.06668
-0.26743
-0.13148
-0.0401
0.16897
0.13668
-0.32036
0.00896
-0.20448
-0.12023
-0.09475
-0.31211
-0.15284
-0.02402
-0.17372
-0.15922
-0.2006
0.23281
-0.21484
0.1681
-0.31221
-0.28372
0.17499
-0.01246
-0.03639
-0.27664
-0.31785
-0.11961
0.29428
-0.18216
0.02142
-0.26457
0.09261
0.14589
-0.31008
0.1545
-0.08389
-0.47299
-0.11721
-0.14404
-0.10601
-0.04858
-0.31113
0.3476
0.15778
-0.17966
0.27016
-0.08595
0.06532
-0.1295
0.27734
-0.07427
-0.06369
-0.23289
-0.03094
0.09777
-0.00849
-0.1977
0.39723
0.24042
-0.36827
-0.07742
-0.04076
-0.10972
-0.12759
0.04364
-0.22672
-0.16265
-0.61353
-0.28681
-0.30103
-0.1279
-0.56186
-0.37409
-0.25123
-0.19393
-0.34651
-0.14461
-0.00522
-0.09442
-0.14812
0.08952
-0.38747
-0.09442
-0.3495
-0.24778
-0.01643
-0.44769
-0.00363
-0.1246
-0.09429
-0.30336
-0.19576
-0.37098
-0.34404
-0.495
-0.27807
-0.47085
-0.3993
-0.1766
-0.05744
-0.19962
-0.01591
-0.2801
-0.06021
-0.13557
-0.10499
-0.27819
0.01913
-0.31912
0.01094
0.03096
-0.42055
0.04989
-0.40796
0.16149
0.09809
-0.13323
-0.22764
-0.00856
-0.02704
-0.35512
-0.0451
-0.24855
-0.07458
-0.44326
0.11672
0.05023
-0.17106
-0.15192
-0.27914
0.42851
-0.44916
-0.27979
-0.16991
0.10174
-0.067
-0.37364
-0.15411
-0.05046
-0.20681
-0.2484
0.22025
-0.25128
0.00957
-0.0925
0.13291
-0.29182
0.27855
-0.45083
-0.28805
-0.3756
-0.34232
0.20086
-0.1855
-0.56282
-0.47454
0.22271
-0.04609
-0.17535
0.00023
-0.20334
-0.23689
-0.44141
-0.15887
-0.26201
-0.26102
-0.36242
-0.33717
-0.48771
-0.07215
-0.00519
-0.2148
-0.43738
-0.13381
-0.12547
-0.10451
-0.35554
-0.1847
-0.09401
-0.33411
-0.2534
0.2415
-0.22279
-0.11242
-2.4607
-3.20703
-2.18613
-2.43883
-2.72436
-2.91884
-1.66359
-2.38425
-2.29287
-2.4355
-2.91172
-2.90308
-3.13183
-3.64153
-2.85906
-2.70913
-2.75443
-2.83881
-3.21333
-2.81799
-1.85555
-2.36059
-2.66321
-3.21003
-2.90952
-2.23571
-2.74522
-2.80961
-2.6466
-3.88743
-2.46799
-1.91119
-2.89791
-2.68137
-3.12983
-2.94993
-2.12141
-3.00513
-2.50152
-2.72356
-2.07739
-2.33913
-2.25894
-2.78438
-2.10062
-3.59753
-2.47165
-2.93033
-2.25462
-2.40967
-2.95543
-2.33168
-2.90104
-2.3642
-2.01797
-3.47233
-2.54351
-3.27563
-2.34496
-2.80975
-2.87969
-3.08103
-2.72084
-2.6324
-2.27566
-2.36545
-2.80791
-2.26539
-2.60545
-2.69001
-2.63203
-2.56055
-2.50737
-2.6689
-2.10758
-2.55296
-2.31236
-1.8091
-2.55772
-3.73303
-2.70067
-3.03233
-1.6898
-3.24623
-2.11991
-2.45187
-2.19873
-1.97441
-2.65389
-2.93663
-3.25993
-3.03013
-2.78507
-2.48113
-2.53724
-2.98153
-2.25457
-2.81167
-2.79894
-2.87333
-3.30043
-1.94098
-2.06817
-1.74956
-2.50757
-2.18659
-2.51388
-1.94596
-3.49223
-1.99404
-3.09213
-1.98162
-2.98653
-1.99823
-2.41751
-2.6306
-2.16353
-2.36986
-2.24351
-2.42058
-2.6065
-1.78969
-2.92716
-1.99358
-2.06064
-2.48517
-3.32743
-1.86152
-2.38879
-2.35334
-2.41769
-2.19242
-1.7073
-2.524
-2.06066
-2.63335
-2.41661
-2.14665
-2.84331
-2.99343
-2.41538
-3.00863
-2.59037
-2.27505
-2.55453
-3.24793
-2.53291
-3.23313
-2.94273
-2.44193
-2.54119
-2.87861
-2.52585
-2.73541
-3.36943
-2.6241
-2.5573
-2.57135
-2.93673
-2.82757
-3.20603
-2.28882
-2.69435
-2.13165
-2.76456
-2.16714
-2.99523
-3.02543
-4.21583
-2.72724
-2.2725
-3.24673
-3.30773
-2.07182
-2.7424
-2.84832
-2.37164
-3.49583
-2.16607
-2.85489
-1.93986
-2.48009
-2.87861
-2.39051
-2.71136
-2.42342
-2.61406
-2.71572
-2.11815
-3.14393
-2.2677
-2.58233
-2.42546
-3.15643
-3.57163
-2.52765
-2.99433
-2.23923
-2.66973
-2.48879
0.10692
-0.03967
-0.05745
0.17745
0.01591
-0.16977
0.28439
0.0446
-0.11742
-0.14916
-0.02968
-0.09854
0.18197
-0.00257
-0.20442
0.13366
0.04212
-0.23254
0.24895
0.01826
-0.15316
-0.16383
-0.06086
0.1963
0.42524
-0.40925
0.07182
-0.18554
-0.16013
-0.03754
-0.06939
-0.01769
-0.59752
-0.27315
-0.60878
-0.23143
0.29397
-0.64125
-0.53918
-0.04645
-0.33471
-0.15324
-0.00897
0.0207
-0.01118
-0.11734
0.11166
-0.13654
0.29393
0.09325
-0.14295
-0.37924
-0.32068
0.37029
0.35499
-0.17889
-0.01237
-0.2383
-0.1748
-0.25792
0.18826
-0.45652
-0.03145
0.11457
0.12071
-0.49423
0.12799
-0.39083
0.26995
0.10647
-0.12547
-0.33992
-0.80717
-0.07756
-0.1849
0.01666
-1.0572
-0.02362
0.03497
0.10962
0.05572
-0.166
-0.21801
-0.25174
-0.38576
-0.08372
0.33742
0.82425
0.16857
-0.36422
-0.20524
-0.13484
-0.12596
-0.39065
-0.13027
-0.27202
0.16985
0.48692
0.00843
-0.13344
-0.17245
0.1995
-0.2564
-0.31651
-0.23739
0.30435
-0.24384
-0.24124
-0.22788
-0.13318
0.08002
0.19692
0.12211
-0.53416
-0.11162
-0.15107
0.20352
-0.17618
0.18884
0.10186
-0.01556
0.24361
-0.05991
-0.23948
-0.12764
-0.0182
-0.15866
-0.22165
-0.43574
0.2132
0.1805
-0.29757
0.23392
0.17574
-0.25799
-0.85722
-0.29971
-0.12065
-0.7434
-0.36152
0.3267
-0.64425
-0.02417
0.17886
-0.15157
0.11509
-0.01674
0.01931
-0.20088
0.06934
-0.1726
0.23833
0.14176
-0.44803
0.2579
-0.0422
-0.258
-0.19106
-0.08725
-0.17476
0.00402
0.04971
-0.06448
0.54756
-0.10992
0.14875
0.23844
-0.23221
0.16421
0.17944
-0.12616
-0.10752
-0.08988
0.24091
-0.23097
0.13213
-0.26922
-0.03234
-0.33074
-0.23526
-0.12671
0.04972
-0.03131
0.30644
-0.03797
0.05132
-0.20942
0.24816
-0.09737
-0.1876
-0.07327
-0.40719
-0.72116
-0.65966
-0.21253
0.07137
-0.12281
0.07314
0.20708
-0.41557
-61.9709
-56.0916
-52.3127
-50.5114
-57.5333
-49.116
-58.707
-58.0903
-30.6668
-48.3748
-58.5901
-37.6194
-45.8348
-66.9004
-41.9979
-58.7874
-59.3468
-52.1948
-29.5508
-47.3376
-25.6846
-48.11
-39.8448
-58.6552
-50.5422
-49.8591
-55.5636
-63.0628
-55.2473
-43.7998
-49.7796
-48.9551
-52.6983
-52.847
-62.5199
-63.4947
-38.4758
-59.7129
-52.3306
-59.082
-48.5195
-59.1586
-62.3761
-57.2274
-56.1233
-43.1266
-37.399
-52.5875
-50.5336
-48.2653
-55.2972
-57.062
-57.445
-47.4504
-36.9677
-53.7609
-53.1564
-53.3302
-68.6061
-68.2025
-45.6205
-47.779
-43.9522
-53.2672
-61.9403
-56.7861
-55.5256
-58.0775
-51.6722
-59.2481
-48.7707
-64.807
-32.9181
-50.0069
-40.2567
-43.0857
-43.0964
-45.2144
-57.8178
-57.9191
-43.0245
-39.6885
-58.3826
-33.9192
-59.5204
-37.7272
-57.276
-54.1331
-65.2216
-50.8528
-54.7334
-43.0362
-49.8901
-57.2846
-55.1435
-34.2193
-47.9241
-58.4928
-50.6647
-53.1904
-55.7981
-56.6477
-44.6536
-43.3558
-61.59
-60.5673
-54.4963
-51.3232
-54.8114
-54.4326
-52.299
-47.7904
-64.9586
-38.3834
-50.0887
-47.428
-51.6496
-53.9284
-64.3999
-54.5149
-53.6268
-59.5276
-54.0114
-62.8059
-59.2014
-57.66
-41.1486
-53.7443
-46.1993
-50.5017
-55.7237
-38.8617
-51.2383
-53.2683
-61.253
-56.7893
-22.4173
-60.9565
-59.4236
-57.0704
-59.5665
-37.4899
-59.3133
-53.3424
-48.5946
-64.2064
-56.3693
-48.0063
-46.6354
-45.9342
-64.2458
-53.6938
-48.2467
-48.4072
-39.407
-35.4164
-58.4789
-52.9029
-58.5221
-52.1546
-52.1305
-58.4288
-54.8994
-45.2949
-56.704
-59.4651
-62.9679
-45.2471
-51.8738
-53.6196
-50.639
-57.4064
-59.858
-61.8839
-43.7993
-49.5823
-49.7367
-53.0245
-68.2032
-59.0066
-56.5504
-55.8909
-53.1623
-62.215
-54.707
-59.9634
-53.6279
-41.4535
-53.9004
-44.812
-56.747
-60.9104
-44.6445
-58.7471
-49.7766
-15.2543
-47.8106
-56.5834
-59.6382
-57.6974
-0.21517
-0.36795
-0.07866
-0.05259
0.14178
-0.22355
-0.05081
-0.21811
-0.25759
0.26643
-0.29961
0.24021
-0.2565
0.04259
-0.13069
-0.47434
-0.02886
0.09577
0.1224
0.22077
-0.19382
-0.07549
-0.26685
-0.18038
-0.28531
-0.27674
0.1367
-0.03611
-0.17293
0.05523
-0.16396
0.03082
-0.07411
-0.24231
-0.33114
-0.46771
-0.22956
-0.01258
-0.49521
-0.00073
-0.15762
-0.37572
-0.04673
-0.15079
-0.05416
-0.36896
0.0447
-0.4202
0.01465
-0.1399
-0.17129
-0.25354
-0.23957
0.01915
-0.42107
-0.43997
-0.21085
0.07467
-0.33553
0.09118
0.15436
0.10335
-0.07235
-0.0164
0.15589
-0.05076
-0.0583
-0.19737
0.02133
-0.3188
-0.26094
-0.28963
0.1788
-0.03972
-0.28582
0.18987
-0.05884
-0.36054
-0.77348
-0.31523
-0.01569
-0.3913
0.00575
-0.19214
-0.25748
0.13195
0.12614
-0.14054
-0.39341
0.04381
-0.29255
0.12414
-0.48461
-0.21368
-0.39254
-0.13562
0.10439
-0.28256
-0.42368
0.02178
0.04327
-0.07456
-0.44948
-0.42209
-0.24281
-0.04644
0.15506
-0.001
-0.00092
-0.14581
-0.39834
-0.13853
0.04321
0.06176
0.00328
-0.23523
0.02124
-0.22036
-0.09583
-0.09191
-0.1928
-0.2801
-0.20542
-0.04652
0.14056
0.17214
0.23021
-0.12181
-0.15774
-0.24363
0.00046
-0.11509
-0.26142
-0.107
-0.30854
-0.03295
-0.15453
-0.11509
-0.01644
-0.24458
0.11852
0.38355
0.01272
-0.19245
-0.12047
0.18209
0.09401
-0.04521
-0.29211
0.18721
-0.02513
-0.12431
-0.19189
-0.18287
0.10134
-0.21773
-0.04361
-0.20127
-0.28867
0.01753
-0.27909
-0.09219
0.0623
-0.63067
-0.05271
0.24144
0.04463
-0.01699
-0.16081
-0.03556
0.04413
0.01316
-0.2167
-0.05079
-0.20074
-0.31339
0.02866
-0.14123
-0.30922
-0.16701
0.28463
0.07459
-0.34457
-0.00753
0.02769
-0.14234
-0.04082
0.01228
-0.2138
-0.41777
-0.21361
-0.02098
-0.311
-0.29286
-0.1803
0.19574
0.18267
-0.09438
-0.12333
-0.47852
-15.0251
-8.62043
-9.55213
-9.23543
-7.76073
-17.5167
-15.8112
-9.08033
-11.4073
-11.5718
-8.34953
-18.6324
-11.7589
-7.34973
-6.59773
-6.83373
-6.76533
-9.37953
-10.0845
-19.6886
-7.96823
-9.14443
-6.69013
-8.12863
-8.99903
-8.82843
-8.20113
-7.51943
-11.0193
-8.61293
-11.3589
-9.36883
-5.23483
-6.13533
-10.9961
-14.5248
-12.1879
-6.07803
-6.20473
-4.66353
-7.73913
-19.9487
-9.58933
-7.50663
-7.45473
-10.3125
-6.30823
-14.1066
-11.1232
-13.1744
-9.83503
-11.8313
-11.1302
-11.5005
-9.11253
-15.1794
-9.28313
-13.6977
-6.72313
-10.2387
-10.3457
-4.31623
-9.52713
-14.9638
-7.67013
-4.97193
-6.61803
-8.23953
-10.5388
-9.92873
-7.32393
-5.91593
-9.46173
-12.7342
-10.8694
-9.02513
-14.2896
-8.33213
-8.06723
-11.5885
-6.69553
-17.4709
-11.0887
-11.9266
-9.53623
-5.28563
-7.56083
-5.48683
-7.89103
-10.8808
-7.28293
-10.256
-10.3186
-6.15293
-9.02623
-5.35103
-8.05333
-8.39443
-13.1223
-10.5363
-8.19033
-8.33463
-5.90163
-7.26463
-11.5151
-7.26673
-8.00063
-9.86883
-5.80623
-14.8155
-6.28873
-7.79513
-9.36633
-10.0833
-7.47993
-6.53823
-5.56413
-6.21413
-6.87793
-15.5501
-5.21533
-11.5607
-6.82863
-7.81053
-12.7602
-9.37783
-11.5693
-8.18203
-13.9664
-8.95503
-9.51403
-10.1572
-6.72063
-10.3288
-5.80823
-9.30333
-8.62733
-10.1847
-6.87683
-12.7234
-16.8993
-7.28283
-11.8385
-6.18813
-11.6771
-4.08913
-11.4232
-8.66933
-14.1124
-6.38623
-5.90663
-10.7888
-13.5746
-9.17363
-5.72743
-5.76843
-7.40603
-8.34263
-11.1409
-22.1594
-8.36223
-13.3568
-8.68233
-5.82943
-5.82833
-20.8968
-16.5915
-8.10913
-7.59213
-10.7384
-12.8763
-6.96123
-6.15613
-7.73363
-15.1915
-8.15053
-5.22593
-9.55773
-9.29823
-9.74183
-11.6375
-11.8614
-9.09163
-10.7433
-8.07783
-14.7909
-10.835
-8.19523
-9.76633
-7.41413
-11.2083
-6.15653
-14.0247
-8.30373
-10.2744
-8.45063
-10.655
-8.81733
-7.40063
-5.36403
-0.21145
-0.1004
-0.16164
-0.07901
0.00629
-0.12628
-0.24265
-0.42483
0.00496
0.10002
-0.38276
-0.38764
-0.29947
0.00125
0.12104
-0.11838
0.06624
0.0566
-0.097
-0.48253
-0.39104
-0.1184
-0.12991
-0.12293
-0.16784
-0.68113
-0.31877
0.22874
-0.27015
0.14096
-0.03574
0.27308
-0.40645
-0.17723
0.23735
-0.38434
-0.29271
-0.2308
0.10664
-0.25751
0.11337
-0.01863
-0.24636
-0.08563
-0.09061
0.09956
0.14617
-0.2739
0.05788
-0.05239
-0.042
-0.25321
-0.16712
-0.0875
-0.19925
0.09665
-0.1996
-0.07943
-0.13356
-0.03134
-0.07701
-0.14135
-0.06326
-0.70326
-0.02611
-0.05889
-0.23605
-0.02073
0.03841
-0.23954
-0.3426
-0.05722
0.1781
0.13022
0.05401
-0.09352
-0.37935
-0.11067
-0.19914
-0.18134
-0.13344
0.23077
-0.10703
-0.36449
-0.02939
0.02739
-0.10957
-0.16457
-0.38939
0.04807
0.05537
-0.03861
-0.18564
-0.58938
-0.01522
-0.21413
0.0661
-0.07042
-0.30173
0.0156
-0.21804
-0.49964
0.12952
0.00251
-0.27747
0.08753
0.32938
0.13466
-0.04096
-0.07753
0.05268
-0.23005
-0.24227
0.00241
-0.27086
-0.17564
-0.07922
-0.18486
0.0809
-0.23035
0.49534
-0.41077
-0.06505
-0.00752
-0.40603
-0.34795
-0.18979
0.22488
-0.17221
-0.33493
-0.41142
-0.39693
-0.1093
0.12207
-0.17424
0.04286
-0.10627
0.07436
-0.02081
0.00604
0.0645
-0.08986
-0.38974
0.01782
-0.18024
0.02391
-0.20901
-0.37544
0.01336
-0.42203
-0.12914
0.03405
-0.20076
-0.05257
0.02596
-0.00769
-0.21874
0.17012
0.21366
-0.2212
-0.4179
0.08688
0.11946
-0.10865
-0.24283
-0.31629
-0.13111
-0.37231
0.15139
-0.24136
-0.31604
-0.16703
-0.28251
-0.2554
0.07775
0.06288
0.16027
-0.19778
0.19436
0.05642
-0.15462
-0.14839
-0.04103
-0.41065
-0.44547
-0.27628
0.27539
-0.03901
0.02791
0.0274
-0.07524
-0.24128
0.02038
-0.20139
-2.62265
-2.11688
-2.88632
-2.28884
-2.07022
-2.80079
-1.93607
-2.69977
-2.08926
-1.61843
-2.4695
-2.31362
-2.50921
-2.88027
-2.86279
-2.86788
-2.12344
-2.84884
-2.39966
-2.6992
-2.33507
-2.16045
-2.16288
-2.21574
-2.37478
-2.37575
-2.00316
-2.84403
-2.4144
-2.41721
-2.46654
-2.92233
-2.52256
-2.28604
-2.68137
-2.04583
-2.13783
-2.02104
-3.31983
-2.67762
-2.43897
-2.56707
-3.14513
-1.78292
-1.8432
-3.10253
-2.66132
-2.59255
-1.98665
-1.68939
-2.3494
-3.01873
-2.54531
-3.21153
-1.94235
-1.98073
-2.76715
-2.4233
-1.90976
-2.19905
-1.85877
-3.21803
-2.501
-2.1012
-3.11543
-2.29651
-2.33138
-2.62628
-2.74233
-2.19436
-2.60137
-2.50344
-2.36338
-2.65947
-3.52133
-1.88921
-1.6156
-2.04142
-2.54009
-2.52854
-2.97223
-2.66269
-2.61902
-2.38403
-2.48599
-1.99212
-2.886
-2.90229
-2.5841
-2.39022
-2.14926
-2.62539
-3.27243
-2.02164
-2.61437
-2.503
-2.93413
-2.30784
-2.55592
-1.59075
-3.46033
-2.6645
-2.47508
-2.54083
-2.81507
-2.85275
-2.66713
-2.59666
-2.42748
-2.23284
-2.5073
-2.63569
-2.275
-3.00783
-1.54844
-2.93123
-2.98333
-2.64072
-2.53081
-3.10903
-2.06489
-3.45323
-2.6102
-2.37408
-2.29171
-2.53766
-2.40519
-2.47212
-2.79913
-2.99693
-2.99633
-3.14313
-2.96253
-2.8082
-1.7024
-2.01533
-2.32317
-2.65326
-2.30896
-2.05156
-2.29161
-1.96417
-1.90096
-2.75269
-2.2868
-2.07489
-2.8615
-2.64737
-2.73924
-2.49474
-1.93148
-1.77404
-3.02553
-2.79409
-3.30323
-2.36411
-1.79138
-2.18087
-2.95163
-2.62137
-2.29022
-2.12675
-2.09457
-2.30881
-2.96493
-2.01378
-2.5034
-2.5736
-1.72576
-1.94787
-3.70483
-1.91459
-3.60983
-2.1916
-2.8342
-2.82088
-2.54664
-2.11631
-2.13884
-2.65155
-2.34673
-2.22728
-2.32533
-2.3051
-2.27828
-1.75549
-2.38159
-3.04273
-1.96822
-2.17286
-2.32934
-2.32797
-2.57272
-2.53292
-2.71366
-1.88887
-2.35439
-1.56594
-2.48545
-2.68362
-0.28771
-0.17494
-0.14726
-0.18166
-0.60005
0.14497
-0.16441
-0.15191
0.19405
0.11351
0.02285
-0.19753
-0.40248
-0.34743
0.00069
-0.17974
0.07281
-0.23829
-0.11493
-0.60203
-0.14392
-0.20767
-0.28244
-0.31882
-0.39956
-0.20017
0.05385
-0.1464
0.31614
0.06319
-0.35118
-0.0083
-0.24583
-0.07899
-0.10414
-0.51778
-0.48129
-0.18771
0.08776
-0.00724
-0.40378
-0.37089
-0.03549
-0.198
-0.17297
-0.45277
-0.13037
-0.08087
0.08794
-0.08524
-0.00279
-0.00465
-0.2506
0.12333
-0.27283
-0.02392
-0.32616
-0.20924
-0.21599
-0.30123
-0.47077
-0.14735
0.10413
0.1183
-0.06022
-0.04428
-0.00794
-0.0452
0.28563
-0.28275
0.06739
-0.16008
0.01416
-0.24846
-0.20421
-0.16054
-0.29635
-0.25432
0.06591
-0.03921
-0.30739
-0.23987
-0.10953
-0.51264
-0.25459
-0.13664
-0.10008
-0.03154
-0.21986
0.03196
-0.09397
-0.06568
-0.28454
-0.40613
0.15078
-0.02271
-0.34622
-0.1602
-0.39543
-0.12419
-0.00745
-0.24077
-0.19075
-0.23248
-0.61915
-0.29381
-0.18686
-0.09169
-0.28786
-0.08741
-0.00701
-0.24678
-0.62941
0.23022
-0.0745
-0.05848
-0.63025
0.29267
-0.40736
-0.05526
-0.01212
-0.45672
-0.03476
-0.28728
0.06198
-0.24866
-0.24094
-0.36262
-0.28302
-0.30347
-0.05585
-0.09757
-0.14742
-0.04795
0.05413
-0.42782
-0.16354
-0.43428
-0.0163
0.07679
-0.39737
-0.19633
-0.22658
-0.35476
-0.12378
-0.28118
-0.22102
-0.00344
-0.19214
-0.19375
-0.09867
-0.06678
-0.25911
-0.19725
-0.04326
-0.43779
-0.1528
-0.39901
-0.30683
-0.09382
-0.07795
-0.24888
-0.32272
0.00604
-0.04822
-0.37494
0.05254
0.12919
-0.05039
-0.40767
0.03781
-0.04673
-2.04313
-2.64003
-2.61283
-2.77458
-2.05799
-2.30971
-0.98599
-2.43895
-1.88623
-1.9991
-2.08708
-2.67387
-3.21573
-1.8496
-2.0666
-2.35014
-2.81336
-2.19322
-2.32605
-1.40296
-2.51217
-1.97699
-1.41926
-1.9674
-2.12667
-2.47778
-1.91053
-2.57765
-2.17273
-2.29539
-2.33184
-3.02883
-1.25478
-2.1344
-2.3261
-2.01366
-2.49065
-2.38027
-1.73521
-1.83331
-2.97893
-2.32802
-2.69148
-2.00949
-1.37349
-2.61505
-3.10953
-1.82585
-2.23863
-1.99424
-2.47844
-2.07495
-1.55677
-2.54161
-2.92358
-2.36732
-2.07162
-3.06863
-2.49091
-2.48694
-1.95173
-3.04983
-2.41757
-2.52284
-1.86241
-2.24078
-2.46815
-2.14547
-2.51484
-2.47403
-2.27486
-2.55714
-2.55052
-2.48917
-2.52185
-2.37735
-1.94524
-2.25335
-2.06221
-2.38331
-1.72267
-2.2485
-2.76941
-2.46447
-2.24148
-2.1213
-2.07304
-2.37708
-2.34256
-2.23124
-1.97557
-2.74442
-1.86324
-1.99445
-2.1213
-2.78535
-1.75764
-1.70572
-2.52179
-2.62856
-2.53131
-2.29295
-2.66318
-2.28136
-2.64613
-2.18082
-2.13064
-1.93784
-2.55252
-2.33712
-2.70076
-2.14719
-2.24988
-2.01791
-2.91046
-2.07195
-2.10257
-2.67142
-2.02665
-2.6475
-1.669
-3.10713
-2.26783
-2.41202
-2.56326
-2.16909
-2.00613
-2.63236
-2.67297
-2.12599
-2.61831
-2.50393
-2.06513
-1.92372
-2.23531
-2.1637
-1.86871
-2.38461
-1.76183
-2.25153
-2.52297
-2.00265
-2.85789
-1.65878
-2.25724
-1.18405
-1.76844
-2.82959
-2.39146
-2.50592
-2.15759
-2.22482
-2.27307
-3.50803
-2.61057
-2.63702
-2.36454
-1.89623
-2.11046
-1.36153
-2.25903
-2.05051
-2.07217
-2.54587
-1.7337
-2.17725
-1.6058
-2.00831
-1.27405
-1.94404
-2.47863
-2.25993
-2.48849
-1.93475
-2.15482
-2.37038
-2.10504
-1.92013
-3.23473
-2.56093
-2.47972
-1.74564
-2.71122
-2.63636
-2.18996
-1.92147
-2.45168
-2.02399
-1.9738
-2.00546
-1.89365
-2.50995
-2.18675
-2.11887
-2.10588
-1.96953
-2.55219
-2.2461
-2.06768
-2.55293
-0.03814
-0.19229
-0.17151
0.0215
0.35597
-0.27848
-0.20343
-0.13489
0.04116
0.13776
-0.04261
0.04256
0.13149
0.12479
0.16792
0.11773
0.32918
-0.0117
0.04693
0.13431
0.24965
-0.0349
0.1579
0.22894
0.17206
0.23643
0.06066
-0.28546
-0.098
-0.04805
-0.07396
0.19553
-0.01748
-0.11859
0.02803
-0.19969
0.22472
0.01181
-0.03221
0.18483
0.00536
0.30993
-0.2007
0.20848
-0.00537
0.21681
0.0938
-0.15141
0.28035
0.06528
-0.04123
0.18758
-0.19784
0.14398
0.32106
0.33057
-0.39202
0.15773
0.09568
0.00863
-0.19914
0.11148
0.31553
-0.02516
0.22248
-0.07217
0.19816
0.09802
0.11707
0.04011
0.04807
-0.04321
-0.19678
0.27917
-0.11106
0.16419
-0.11656
0.11636
0.15097
0.03116
0.05174
-0.12633
-0.18123
-0.15523
-0.32388
0.19971
0.23015
-0.11823
0.07128
0.05083
-0.13796
0.09556
-0.16124
-0.01601
0.02283
-0.10184
-0.03676
0.19704
0.03917
-0.53433
-0.05274
0.42819
-0.3129
-0.06298
0.17649
-0.1099
-0.04872
-0.1347
-0.10958
0.06164
-0.04574
-0.13895
-0.10603
0.1915
0.09228
-0.19283
0.02952
-0.20998
-0.0394
0.37559
0.10445
-0.00404
0.10773
-0.55349
0.22937
0.42156
0.27363
0.27029
-0.18453
0.28363
-0.20518
0.11412
-0.29615
-0.17478
0.03999
0.15571
0.15187
0.48995
-0.38611
-0.09436
-0.01621
-0.03442
-0.19092
-0.06115
0.04084
0.21496
0.12847
-0.03737
-0.18818
-0.13185
0.17095
0.09388
-0.1322
0.38831
0.00125
0.1987
-0.18681
-0.1262
0.02591
0.0463
-0.32938
0.1301
0.04552
0.20728
0.38852
0.26377
-0.08411
-0.05771
-0.06451
-0.14165
0.23328
-0.10155
0.06649
0.11907
0.20191
0.33491
0.20713
-0.14566
0.06774
0.19433
-0.17544
-0.00265
0.03813
-0.15722
-0.30079
-0.1898
0.31337
-0.22414
0.1895
-0.09439
0.39295
-0.05766
0.12665
-0.42972
-0.39704
0.26132
0.03777
0.25091
-0.12883
0.25782
-38.1706
-38.4889
-35.6533
-30.7237
-49.7326
-52.2289
-15.6613
-44.9854
-28.0459
-48.4054
-30.5121
-53.1415
-50.5956
-41.6459
-40.164
-24.1703
-18.723
-44.9951
-37.4209
-41.6254
-40.1242
-31.98
-34.8537
-47.1156
-52.4585
-46.6487
-34.955
-27.8697
-38.0044
-38.2327
-43.4927
-17.8218
-38.0382
-46.5149
-51.701
-16.5349
-24.0748
-39.9145
-49.8132
-24.7145
-34.5249
-52.6313
-39.945
-45.3282
-33.7062
-23.7505
-44.1452
-50.5579
-13.0358
-35.0754
-47.0477
-27.6132
-36.4731
-38.208
-48.9773
-38.3468
-53.3449
-28.5568
-34.5968
-24.2392
-55.2052
-26.9496
-38.1155
-27.2293
-30.8036
-31.2848
-42.1405
-22.8088
-24.0836
-30.3762
-42.6184
-39.1214
-24.5125
-47.7571
-34.1933
-38.0699
-48.5036
-46.3573
-41.2664
-48.4368
-57.3409
-29.9346
-49.7137
-43.0245
-8.46493
-32.2904
-44.0264
-36.5116
-24.3918
-40.5365
-42.7821
-41.7665
-42.8972
-20.266
-39.7764
-50.0075
-18.7876
-51.6123
-42.4994
-16.8517
-47.9435
-45.603
-49.8445
-45.0252
-29.3368
-39.3897
-38.6916
-22.2419
-28.1698
-48.0251
-32.9694
-38.8435
-45.5706
-51.8807
-50.5829
-43.2689
-42.4651
-11.4926
-44.4804
-53.2209
-44.607
-32.37
-19.4637
-16.966
-45.7648
-41.909
-39.935
-50.7616
-30.62
-40.9555
-54.6141
-28.6237
-29.4886
-25.8104
-35.2608
-56.6186
-40.9939
-48.4282
-43.1112
-53.9034
-45.4035
-46.0948
-26.6323
-40.7653
-50.7291
-12.5831
-49.2325
-21.2
-32.563
-16.4123
-38.6037
-44.9821
-23.7141
-37.1034
-20.4044
-35.9971
-39.5792
-20.2755
-39.6447
-41.1672
-36.4734
-17.8279
-37.8931
-40.3499
-44.3835
-46.4301
-39.781
-44.2497
-42.2927
-18.9568
-23.9389
-49.2923
-28.4481
-40.8681
-44.8779
-39.2315
-54.9697
-47.9251
-51.2927
-41.4643
-41.534
-31.6975
-46.2041
-36.8995
-20.837
-38.3004
-26.3211
-7.33673
-11.2452
-49.7954
-49.4315
-41.3439
-40.403
-31.6828
-36.6636
-38.5166
-29.7641
-42.0323
-34.3851
-51.8584
-0.13441
-0.21732
-0.39768
-0.0901
-0.12131
-0.32824
0.10571
-0.09271
-0.05166
-0.24072
-0.16105
-0.14651
-0.23775
-0.40124
-0.15524
-0.24791
0.08142
-0.38109
-0.17035
0.08349
0.02556
0.0629
0.13035
-0.20452
-0.03267
-0.17939
-0.14643
-0.39688
-0.01434
-0.42273
-0.46696
-0.05861
-0.51246
-0.05763
0.00659
0.00937
-0.29953
-0.07103
-0.15136
-0.56329
0.0103
-0.01325
0.06434
0.15766
-0.14227
-0.16775
-0.18278
0.31452
0.12999
-0.25507
-0.18086
0.06412
0.04577
-0.13725
-0.21655
-0.07386
0.12076
-0.0843
-0.34457
-0.06026
-0.18611
-0.32138
-0.019
-0.32163
-0.1223
-0.46876
-0.21158
-0.3223
-0.13476
0.06284
-0.30241
0.30375
0.07438
0.24163
-0.1602
-0.22083
-0.35699
-0.24505
-0.1271
-0.0758
0.02767
0.13728
-0.21206
-0.24396
-0.39423
0.00749
-0.02359
-0.24805
-0.20225
0.27395
0.13974
-0.14455
-0.2117
-0.01715
-0.07822
-0.19395
-0.22773
-0.20875
-0.34004
-0.22958
-0.13197
-0.05836
-0.06514
-0.31765
-0.13919
-0.30168
-0.33544
-0.30488
0.03367
-0.33666
-0.36254
-0.18153
0.10625
-0.02317
0.00906
0.12282
-0.13618
-0.2296
-0.10803
-0.40158
-0.18813
-0.28741
-0.28005
-0.29149
-0.11275
-0.32924
0.00829
-0.05933
-0.33796
-0.08539
-0.2815
0.44492
0.01697
0.217
0.13151
-0.13241
-0.45671
0.0577
-0.59783
-0.1709
-0.10923
-0.44641
0.00245
-0.29192
-0.33241
0.12148
0.02297
0.19584
-0.02613
-0.28629
-0.23947
-0.20352
-0.36225
-0.22625
0.14629
-0.4343
-0.26443
0.51261
-0.09011
-0.19462
-0.12088
0.02537
0.01745
-0.41239
-0.23366
-0.06184
-0.29473
-0.18272
-0.03564
-0.09634
-0.01851
-0.3391
-0.34388
-0.04419
0.07891
-0.03338
-0.50667
0.05925
0.00426
-0.057
-0.02857
0.01194
-0.32739
-0.17811
-0.1524
-0.3075
0.0135
0.12882
0.04713
-0.04405
-0.25096
-0.53745
0.06132
-0.008
0.16705
-0.0345
-0.06971
-0.12475
-0.07835
0.36939
-8.68553
-5.80983
-8.38143
-6.60583
-5.68723
-8.38473
-4.53923
-8.79483
-6.61823
-8.02333
-10.2952
-4.40833
-9.65603
-9.50713
-5.78843
-6.16333
-5.25273
-10.3749
-5.24413
-8.18913
-6.60583
-7.63353
-9.96053
-10.9843
-12.5414
-10.1324
-4.73383
-6.75663
-10.0281
-9.26173
-5.14283
-6.10253
-7.09893
-10.0336
-4.43803
-10.1019
-12.4889
-5.80493
-12.699
-12.2313
-6.55583
-7.79603
-9.25733
-9.81183
-7.46243
-15.3121
-5.27443
-12.1594
-9.40793
-8.76133
-8.27293
-8.74213
-16.2189
-8.67823
-7.50233
-6.58393
-7.73693
-8.77013
-4.11933
-7.72673
-6.61293
-7.34433
-7.70623
-8.91743
-5.40213
-11.7066
-10.6524
-9.95273
-11.4395
-7.44073
-7.67303
-14.4781
-7.18763
-8.07363
-8.68013
-13.2871
-10.4949
-9.79193
-6.62523
-7.65463
-9.69003
-10.9135
-4.80193
-6.11533
-12.057
-6.02373
-9.24253
-9.67863
-10.0929
-10.8376
-3.98273
-5.54533
-4.30583
-6.35063
-3.86973
-10.1861
-5.73463
-6.66563
-9.66673
-7.02863
-9.43373
-4.52283
-10.5319
-8.73063
-6.52563
-8.13163
-8.29583
-5.68943
-6.49943
-5.79043
-11.8291
-16.0465
-6.82753
-5.12643
-6.69853
-6.60353
-5.82623
-11.0196
-9.02063
-15.7674
-5.45103
-8.14713
-8.72393
-8.58453
-10.7329
-7.16893
-7.20773
-5.80883
-16.2635
-4.67603
-12.012
-7.82713
-7.24873
-9.37833
-10.8585
-11.3528
-5.63253
-4.13163
-9.81403
-10.9288
-7.41703
-7.96073
-6.35933
-11.9873
-10.1315
-10.5598
-11.2628
-5.80533
-8.82573
-12.5114
-3.60973
-12.7535
-5.09373
-8.02813
-9.11483
-5.40313
-9.71833
-7.70633
-12.8255
-11.2585
-10.6583
-6.48523
-8.37333
-12.3055
-3.69003
-10.9433
-9.26313
-7.88103
-9.51053
-8.12993
-8.32113
-11.8414
-6.63763
-6.95533
-9.22863
-7.97153
-6.19453
-8.75793
-6.69893
-9.81303
-8.85183
-20.0322
-11.4562
-4.94933
-9.54703
-9.30013
-5.47003
-9.78353
-15.1197
-6.19643
-9.00223
-9.67243
-9.20383
-7.07733
-9.93883
-6.69693
-6.83363
-6.62543
-14.3451
-8.94793
-0.26025
0.3016
-0.18996
0.03686
-0.16512
-0.22057
-0.0414
-0.42131
-0.07255
0.12565
-0.12998
-0.15688
-0.06761
0.31431
-0.17687
0.14833
-0.14886
-0.12257
-0.1313
-0.15925
-0.22626
-0.00802
0.00322
0.23193
-0.32875
0.09327
-0.45694
-0.25572
-0.06094
-0.2113
0.02173
0.09069
-0.23994
0.099
0.15146
0.35465
0.17231
0.19712
-0.07978
-0.01656
-0.33073
0.02011
0.0865
0.19395
0.02626
-0.31969
0.19972
-0.04923
-0.37614
-0.46795
-0.26488
0.36024
0.02056
-0.27169
0.1187
-0.08059
0.19575
-0.23541
-0.2911
0.04591
-0.04716
-0.35653
-0.11927
-0.16771
-0.20582
0.20923
-0.11187
-0.25842
0.00859
0.33531
0.05399
0.06878
-0.30944
0.14894
-0.32186
-0.05795
-0.16763
-0.04384
-0.11528
0.15327
-0.46541
0.17805
0.12687
0.00381
-0.17201
-0.12058
-0.22966
-0.51113
-0.58678
0.03474
-0.14402
-0.08739
-0.01793
-0.2863
-0.05623
0.10051
-0.22862
-0.3685
-0.0487
-0.06926
0.26108
-0.43231
0.1153
0.1065
-0.20149
0.14662
0.32972
0.1366
-0.23335
-0.34452
-0.12457
-0.20541
0.07187
-0.39566
-0.02566
0.0241
-0.05738
-0.05881
-0.28513
-0.25252
-0.1619
-0.06701
-0.27986
-0.27768
-0.1644
-0.38059
-0.27925
-0.05669
-0.27629
0.26682
0.05657
-0.05527
0.13796
-0.49835
-0.00875
-0.09384
-0.03351
-0.10002
0.11823
0.02336
-0.13883
0.14237
0.29618
-0.0833
-0.19918
-0.20132
-0.03657
-0.09293
-0.08865
-0.02461
0.2805
-0.1549
0.11722
0.04569
-0.11743
-0.12378
-0.11984
-0.27442
-0.25837
-0.26357
-0.10389
-0.49671
-0.15323
0.02127
-0.23421
-0.29777
0.13511
-0.4046
-0.07254
-0.22372
0.07636
-0.0416
-0.53282
-0.10178
0.04845
-0.21398
-0.31904
-0.25577
-0.23297
-0.05919
-0.14602
-0.28933
-0.14941
-0.05204
-0.39157
0.05357
-0.20029
0.03048
-0.20413
0.26017
-3.15203
-2.16847
-2.27683
-2.64466
-2.632
-3.02173
-2.88629
-1.77907
-2.65884
-3.00253
-2.66701
-1.88102
-2.34093
-2.14824
-2.05837
-2.63996
-2.07613
-2.75396
-2.54277
-2.78028
-1.91002
-2.33043
-1.54562
-1.92813
-2.58569
-2.47481
-2.22297
-2.05192
-2.15456
-1.4778
-2.70865
-2.03736
-2.66146
-2.87774
-2.13834
-2.40834
-2.45156
-2.19657
-2.63942
-2.68271
-2.96373
-1.70861
-2.69386
-1.62961
-2.37945
-2.73204
-1.50302
-2.30032
-1.69775
-2.40606
-2.54887
-1.87797
-2.54059
-2.60787
-1.79588
-2.02732
-2.47668
-2.25105
-2.64303
-2.04506
-2.23065
-2.1574
-2.28062
-2.0107
-1.98677
-2.0055
-2.32745
-2.43499
-2.28516
-2.66166
-1.95865
-2.03291
-2.11459
-2.29179
-2.12469
-2.06832
-2.47153
-2.60066
-2.63496
-2.0986
-2.38803
-2.40739
-2.29253
-2.21974
-1.80765
-2.34483
-2.22763
-2.32469
-2.76115
-2.24295
-2.64022
-2.17578
-2.0978
-2.33251
-2.08325
-2.69657
-2.33103
-2.646
-2.26975
-2.14787
-2.36431
-2.53349
-2.70817
-2.18666
-2.3394
-2.57115
-2.37446
-1.6193
-1.92899
-2.14171
-2.27289
-1.82697
-1.88947
-1.99553
-1.99045
-1.61329
-1.96487
-2.54392
-3.37213
-2.5764
-1.91289
-2.17698
-2.91652
-2.49229
-2.5309
-1.89493
-1.99981
-2.12661
-1.86879
-2.77489
-2.19505
-2.80446
-2.5151
-1.67039
-2.38433
-2.0649
-2.05556
-3.01063
-2.63345
-1.71047
-1.80307
-2.50116
-2.22546
-2.48253
-2.36141
-2.2213
-3.41693
-1.6469
-2.46115
-1.9925
-2.36625
-2.24165
-1.96842
-2.42628
-3.25153
-2.75165
-2.76323
-1.38915
-2.0521
-2.8836
-2.48953
-2.73852
-1.4258
-2.37144
-2.78718
-2.38937
-2.38318
-2.2063
-2.5038
-2.40144
-2.51376
-2.53321
-2.6955
-2.37802
-2.61992
-2.32387
-2.14893
-1.88919
-2.17618
-1.8091
-2.33242
-2.49075
-3.01253
-2.07258
-2.46596
-2.48998
-2.97253
-2.1822
-2.40728
-2.76237
-3.15753
-1.67004
-2.4955
-2.19151
-2.84705
-2.65659
-2.48291
-2.21404
-2.47975
-1.61947
-0.07774
0.01472
-0.29334
-0.25424
-0.07268
-0.32618
0.10241
-0.13524
-0.34377
-0.35555
-0.24173
-0.1245
-0.05822
-0.20622
0.07647
-0.0975
-0.25877
-0.19215
0.03756
-0.15557
-0.09462
-0.2343
-0.15071
-0.19111
-0.17133
0.07604
-0.07677
0.06786
-0.26883
0.07092
-0.39242
0.02073
0.21554
0.20482
-0.46501
-0.06289
0.01585
-0.12063
-0.346
0.10815
-0.25498
-0.15191
-0.0838
-0.10618
-0.07383
0.08247
0.0782
0.18999
0.1388
-0.12578
-0.06626
-0.00721
-0.48739
0.24594
-0.19702
-0.21297
0.11769
-0.00944
-0.45541
-0.15328
0.10742
-0.20171
-0.26158
-0.15968
0.08078
-0.44595
0.13006
0.05416
0.10333
0.0763
0.18981
0.08468
-0.08731
-0.35138
0.01722
0.00785
-0.22975
-0.33531
-0.04426
-0.1458
-0.30904
-0.072
0.02733
-0.13396
-0.10456
-0.33156
0.09594
0.24637
0.00648
-0.2266
-0.28545
-0.2499
-0.53556
0.00995
-0.3737
0.2509
0.29462
0.26321
-0.25501
0.07544
-0.05286
-0.36397
-0.1876
-0.14611
0.07983
-0.08046
0.07109
-0.20435
-0.26855
-0.1062
-0.04842
0.1941
-0.37367
0.19834
0.15529
-0.33425
-0.36336
0.09998
-0.50668
0.01518
-0.16467
-0.39872
-0.09801
-0.25444
0.00722
-0.30706
-0.03935
-0.17832
-0.16536
-0.05495
-0.14852
0.11216
-0.15655
-0.21907
-0.2219
-0.15908
-0.39097
-0.16842
-0.02188
-0.4428
0.04599
0.05277
-0.18106
-0.29192
-0.28041
-0.02375
0.03906
-0.1557
-0.09649
-0.47792
-0.03141
-0.26808
-0.29629
-0.14003
-0.16316
-0.26066
-0.1965
-0.258
-0.05237
0.02069
-0.09759
-0.20906
-1.89093
-2.19176
-1.83419
-2.13711
-2.57101
-1.91651
-2.29949
-2.32495
-2.04489
-1.56193
-1.70316
-1.92963
-1.81635
-2.465
-1.47916
-2.29968
-1.99174
-2.34497
-2.14953
-2.04316
-1.94901
-1.49229
-2.07466
-2.29911
-1.82066
-2.57088
-1.48722
-1.82311
-2.13518
-2.43149
-2.56361
-3.14303
-1.50419
-2.0361
-2.35586
-2.41017
-1.91652
-2.67298
-2.27765
-1.3348
-1.71281
-1.90428
-1.64143
-1.84444
-2.17808
-1.71752
-2.06339
-2.27838
-2.42674
-2.22808
-2.18936
-1.3837
-1.41276
-2.50391
-2.33802
-2.20743
-1.96323
-1.65791
-1.7059
-2.0575
-2.62504
-1.62775
-1.59947
-2.08334
-2.06572
-1.5694
-1.94022
-2.45751
-2.51999
-2.06421
-2.19081
-1.64968
-1.44448
-2.31864
-2.14562
-1.32666
-2.82637
-1.7545
-2.47517
-2.78412
-1.82299
-1.69594
-1.92436
-1.55525
-1.6973
-2.45165
-2.07927
-1.53485
-2.41876
-1.97075
-2.23691
-2.41305
-2.03563
-1.71874
-1.94264
-2.38939
-1.76484
-1.43823
-2.34783
-2.35205
-1.98063
-1.70535
-2.53689
-2.38013
-1.84271
-1.84502
-2.17832
-1.65205
-2.45713
-2.33086
-2.01875
-2.23431
-2.19511
-2.37424
-2.1562
-2.04569
-2.26699
-2.04287
-2.82698
-1.93584
-2.15699
-1.78887
-2.74278
-2.69188
-2.01989
-2.31
-1.41434
-1.82716
-2.24573
-2.38216
-2.2695
-2.51812
-2.07755
-2.00931
-2.52628
-2.11785
-1.99687
-2.84263
-1.62424
-2.32193
-2.14186
-1.96725
-2.63967
-2.46187
-2.16347
-2.04554
-1.85329
-2.76807
-2.34926
-1.70752
-1.90543
-2.16016
-2.08861
-2.58241
-1.42569
-2.18609
-2.31125
-2.16367
-2.43955
-1.79522
-2.5309
-2.39979
-2.2552
-2.71275
-1.8928
-2.34114
-2.3445
-2.41175
-2.23374
-2.38288
-1.99888
-2.4716
-2.29969
-1.85249
-1.90363
-2.03987
-1.57888
-1.75548
-2.85382
-2.16556
-2.03469
-1.79788
-2.37879
-1.81484
-1.97291
-1.66619
-2.79705
-1.61658
-2.41194
-2.28619
-1.85716
-2.09095
-2.78235
-2.01273
-2.30624
-2.18912
-2.24323
-1.39098
-2.68822
-1.92633
0.36146
0.03565
0.12564
0.13697
0.11299
-0.01685
0.46882
0.01161
0.11786
0.28196
0.29025
0.2265
-0.00276
0.03966
0.29224
0.01239
0.0684
-0.08963
0.31176
0.17453
0.06793
0.20451
0.26467
-0.11901
-0.08367
0.06372
0.35645
0.08151
0.19884
0.03256
0.0349
-0.02249
0.03892
0.01049
0.07417
0.23093
0.02441
0.05559
-0.03774
-0.2423
0.02948
-0.09014
-0.11943
0.09509
0.3072
0.2369
0.00022
-0.09067
-0.00921
0.05995
0.1305
0.02778
0.20305
0.06022
0.48143
0.03699
-0.21989
0.39288
-0.12872
-0.22285
0.36471
0.0882
-0.17274
0.03292
0.48126
0.02685
0.21779
-0.37398
0.50736
0.01873
-0.0355
0.15041
-0.13313
-0.15437
0.1449
-0.0025
0.06453
0.07029
0.10048
0.07956
0.08547
0.318
-0.09733
0.34737
-0.17678
0.2653
-0.07964
0.32731
0.10984
-0.18271
-0.01024
0.13332
0.14963
-0.10294
-0.0144
0.06211
0.05902
0.05564
0.16286
0.12857
0.1209
0.0766
0.29095
-0.07762
0.25075
-0.03684
-0.03962
0.02626
0.38691
0.16867
0.13927
0.04605
0.10631
0.37456
0.02922
-0.08933
-0.22959
0.2009
0.01984
-0.31643
0.25218
0.48396
-0.02596
0.34242
0.13646
0.20724
-0.15948
0.13324
0.37384
0.03554
0.05509
-0.00396
0.30702
0.10152
0.18317
0.16137
0.12153
-0.01029
-0.10204
0.10176
-0.02498
0.03683
0.12034
-0.04037
0.37196
-0.06813
-0.16614
0.09934
0.38489
0.27067
0.25244
0.06205
0.26621
-0.0567
-0.15132
-0.53639
-0.10965
0.09026
0.19168
0.05692
-0.11027
0.4405
-0.16148
0.24297
-0.02062
0.01833
-0.07868
0.05698
0.41767
0.09993
0.47202
0.01517
0.08999
-0.18892
-0.00935
-0.00729
-0.22489
-0.25408
0.16787
-0.19934
0.26124
-0.03199
0.10879
-0.21342
0.02267
0.0036
-0.10162
0.00284
0.02084
-0.14188
-0.03298
0.2085
-0.18739
0.2109
0.0524
-0.19678
0.0826
-0.19351
-0.11303
0.16639
-32.5398
-17.4269
-34.9025
-41.6126
-20.9452
-29.9065
-40.4611
-33.4733
-6.15503
-30.3693
-27.8013
-31.9827
-40.7531
-23.7701
-40.6812
-51.8331
-32.2178
-22.9865
-2.69219
-40.0949
-33.9717
-26.0811
-23.1974
-39.1068
-34.5694
-44.7621
-22.4876
-28.7576
-34.8396
-24.9414
-33.2631
-19.607
-43.6482
-40.7425
-12.9046
-22.4684
-6.61123
-34.2533
-21.337
-39.7105
-17.1431
-20.1209
-14.0026
-21.2887
-10.3597
-46.4881
-45.8613
-30.1964
-27.4605
-11.1919
-30.3002
-7.11343
-43.4427
-47.0501
-39.8817
-25.4279
-21.5277
-37.7481
-33.2486
-17.7627
-43.7773
-41.8955
-32.2661
-2.50627
-39.8132
-2.70722
-17.8248
-8.09153
-41.1227
-17.9235
-30.2381
-39.0923
-18.9336
-8.95203
-10.936
-24.8574
-25.7864
-33.9856
-36.4387
-20.7939
-12.5619
-45.5379
-35.2721
-29.0786
-48.3449
-34.0333
-15.9882
-22.6203
-30.3171
-25.661
-41.1637
-44.8645
-37.355
-47.8446
-29.2786
-32.8508
-19.7475
-15.2245
-27.5443
-17.8699
-15.152
-32.4551
-30.5669
-41.5345
-2.83884
-11.9774
-16.9913
-9.59753
-38.7668
-34.3626
-42.3629
-46.2783
-9.84043
-21.677
-22.7866
-21.496
-36.4588
-39.9874
-40.1582
-9.06163
-11.5911
-35.8753
-33.0223
-10.6703
-27.7454
-26.6898
-29.5302
-43.95
-35.7659
-28.3158
-8.63943
-14.7021
-2.68949
-25.4697
-22.075
-25.3198
-36.3828
-26.1633
-22.8953
-36.8441
-47.9886
-40.9658
-11.4445
-18.6072
-36.7458
-29.1794
-38.7874
-52.3493
-30.9841
-7.82083
-14.795
-41.4089
-31.4301
-30.2432
-40.5001
-8.83163
-24.4797
-22.9842
-21.1529
-12.1974
-7.33553
-22.9316
-18.4947
-21.9091
-5.69683
-26.8716
-44.1984
-41.8616
-23.7539
-31.8803
-46.0263
-27.6057
-2.51539
-18.1299
-11.8181
-26.251
-40.2111
-39.5658
-14.4176
-22.0832
-22.7984
-45.3083
-6.71893
-34.4229
-42.9321
-31.192
-38.8207
-35.8881
-17.2162
-29.0556
-38.0442
-40.2511
-27.0016
-24.4913
-48.3076
-22.5206
-52.0424
-30.5706
-42.8442
-5.42413
0.2086
-0.19814
-0.48003
-0.16425
-0.36265
0.04849
-0.21436
-0.49829
-0.26698
-0.2713
-0.13566
0.06538
-0.06179
-0.33721
-0.1291
-0.08551
0.31587
0.05116
0.01045
-0.44698
-0.46302
-0.31724
-0.22158
-0.28396
0.06409
-0.20647
-0.27959
-0.26879
-0.23152
0.10008
-0.1963
-0.43549
0.36907
-0.54682
0.19275
-0.19915
0.12699
-0.58628
-0.25292
0.04104
-0.35008
-0.40502
0.04173
-0.01212
-0.10578
-0.38287
-0.12132
-0.26927
-0.561
-0.09584
-0.20845
-0.1233
0.12933
-0.07434
-0.11835
-0.45511
-0.2512
0.08722
-0.04896
-0.38091
-0.49584
0.16567
-0.10849
-0.38424
-0.56815
-0.27513
0.01349
-0.0978
-0.01356
0.0716
0.20013
-0.29694
-0.117
-0.14306
0.08515
0.21592
-0.03913
-0.16068
-0.29408
-0.05239
-0.22585
-0.40578
-0.17542
-0.22379
-0.01977
-0.26419
-0.1988
0.06152
0.04063
-0.41223
-0.21173
-0.09739
-0.07423
-0.0963
-0.05468
-0.1992
-0.47484
-0.18442
-0.0271
-0.28125
-0.14483
-0.07274
0.28769
-0.40651
-0.0314
-0.19606
-0.0511
-0.27286
0.04652
-0.43501
-0.12755
-0.01581
-0.17375
0.0938
-0.06134
-0.13661
0.00137
-0.19389
-0.08272
-0.22548
-0.24923
-0.31668
-0.27783
-0.00735
-0.21187
-0.17639
-0.1846
-0.19163
-0.18931
-0.0699
-0.5208
0.06573
-0.21321
-0.05513
0.19276
-0.4101
0.23037
-0.25944
0.08385
-0.03711
0.11107
-0.27068
-0.50493
-0.1553
-0.48455
0.04566
-0.30454
-0.2068
-0.11296
-0.32049
-0.26556
-0.14147
-0.06248
-0.32892
0.03557
-0.00727
-0.16915
0.13695
-0.07806
-0.12138
-0.21977
-0.01408
-0.21919
-0.1229
-0.41462
0.07097
-0.16018
-0.17203
-0.09468
-0.26064
-0.12194
-0.21577
-0.11117
-0.16453
-0.18591
0.02995
-0.36143
-0.04396
-0.379
-0.34203
0.05393
-0.05894
-0.42835
-0.12401
0.08356
0.06728
0.19584
0.04738
-0.11511
0.13533
-0.16018
-0.27555
-0.10045
-0.17095
0.06178
-0.12262
0.02552
-0.27236
-0.15207
-0.21496
-7.42033
-7.13113
-7.10903
-6.55953
-4.88873
-7.10433
-12.8409
-6.90253
-4.48053
-5.60513
-4.71163
-4.28273
-7.71403
-5.20183
-9.08213
-6.16133
-7.78113
-5.01353
-11.3391
-5.33223
-6.63853
-6.78943
-6.40983
-8.81083
-6.65333
-8.97423
-7.26853
-9.58283
-5.58103
-7.63323
-8.90473
-6.92013
-6.50563
-10.5328
-8.05253
-5.26083
-10.4437
-6.40263
-13.7165
-9.15523
-8.85723
-7.39133
-7.71223
-9.95073
-17.1691
-8.01683
-7.06413
-9.82763
-7.54953
-7.22333
-7.05293
-8.06333
-7.67813
-5.56903
-7.30293
-7.17663
-6.49573
-6.10573
-4.94713
-11.721
-9.63253
-8.06633
-4.30493
-10.8112
-10.4695
-17.1332
-8.13123
-10.0018
-7.27873
-10.2908
-5.36673
-7.29823
-6.50393
-6.80273
-4.09913
-7.76383
-11.7914
-4.56303
-6.80323
-4.46033
-8.95443
-8.57673
-12.2021
-13.9847
-10.3766
-7.04523
-10.1768
-7.77633
-6.85483
-9.75863
-7.47063
-6.48743
-8.59013
-7.86923
-7.33373
-5.13243
-6.99163
-7.01443
-6.54493
-5.23283
-5.75263
-12.7614
-9.97403
-6.19123
-4.94583
-8.88123
-7.10043
-8.69243
-5.49273
-4.35723
-5.39013
-13.0256
-4.83213
-8.57663
-7.46533
-6.95193
-5.35613
-6.94133
-4.81413
-8.03673
-7.34493
-6.59473
-5.27433
-7.56003
-8.59963
-9.62943
-9.88763
-6.00643
-9.09413
-8.27463
-11.3919
-8.43463
-7.39283
-6.04553
-5.63343
-6.82503
-9.29563
-6.48023
-6.11613
-5.81383
-6.18833
-4.26883
-7.39393
-11.837
-4.78823
-8.58903
-6.50353
-7.14573
-7.84213
-6.96493
-4.50183
-11.8509
-5.80923
-6.97283
-5.30793
-6.08523
-5.29833
-12.0232
-7.62733
-6.27313
-6.04803
-11.2121
-10.0292
-18.8042
-7.26333
-6.72473
-5.51313
-5.77303
-4.82603
-7.48333
-10.6895
-8.15413
-6.14453
-7.75963
-7.71793
-9.35243
-3.81073
-4.35863
-4.73143
-9.80193
-6.35583
-6.35353
-8.96693
-3.88713
-9.38543
-3.36423
-8.09723
-6.20373
-15.6536
-8.90733
-4.37853
-7.23763
-10.6683
-10.2384
-6.30253
-6.32323
-5.90363
-4.90973
-9.19643
-6.27623
