0.048445
0.0498827
0.073052
0.046659
0.0484973
0.070946
0.0553278
0.0529279
0.0524611
0.0301724
0.0464876
0.0572034
0.0399998
0.0708334
0.0362901
0.023396
0.0669088
0.0652985
0.0340908
0.0262345
-0.011126
0.0747717
0.051407
0.0451681
0.0349098
0.0627778
0.0645349
0.0365043
0.0614406
0.0494445
0.0583334
0.0282259
0.0632716
0.0350001
0.0682314
0.033654
0.014796
0.0461618
0.0266395
0.0535715
0.0704545
0.0291667
0.0429487
0.025
0.0366279
0.013889
0.071281
0.0514706
0.0767544
0.017562
0.045354
0.0282258
0.0460527
0.0365043
0.012805
0.0431817
0.0595795
0.0416668
0.0416668
0.0324074
0.0542453
0.0474138
0.034465
0.0348361
0.0684783
0.0838477
0.013412
0.0420125
0.0723684
0.0627778
0.015688
0.0618421
0.0435523
0.023734
0.0661764
0.0601852
0.0433673
0.0397984
0.007023
0.0509259
0.0448113
0.0706522
0.0677313
0.062799
0.0336955
0.0316668
0.0316668
0.0553483
0.0586099
0.0583334
0.0583334
0.0320797
0.0646551
0.0444915
0.0604838
0.034465
0.0518293
0.034091
0.0667476
0.063326
0.0461618
0.0739362
0.0460527
0.0368942
0.0721154
0.0511083
-0.002962
0.0622385
0.0250002
0.047449
0.0611702
0.0258266
0.0638646
0.020397
0.020523
0.0656393
0.013889
0.0412304
0.006278
0.0597826
0.067029
0.0394145
0.0250002
0.0382232
0.0362148
0.0474138
0.0636792
0.0643939
0.034465
0.0340909
0.0444915
0.0285089
0.0395298
0.02104
0.0406118
0.0799549
0.0888009
0.017683
0.0464876
0.065
0.034091
0.022436
0.0344826
0.0420505
0.0275423
0.0394145
0.0376638
0.0545155
0.0285089
0.0659283
0.0324074
0.05017
0.0604839
0.0732759
0.051087
0.0333333
0.008495
0.0621981
0.0621727
0.0783898
0.006579
0.0608974
0.021996
0.048077
0.0325629
0.0642523
0.047449
0.023678
0.0416665
0.0457049
0.019737
0.0529661
0.0611702
0.024582
0.0431034
0.0580544
0.0881902
0.062799
0.0677313
0.0661764
0.0579897
0.015909
0.017242
0.0477273
0.047449
0.0446428
0.067623
0.0553483
0.0462962
0.0360168
0.0498827
0.0719026
0.016129
0.0523504
0.0628238
0.0384199
0.0448113
0.0441489
0.024123
0.0287654
0.0554813
0.0574894
0.051087
0.0405557
0.0484043
0.0340909
0.0440283
0.0570988
0.0576425
0.0300003
0.0625
0.0487288
0.0503732
0.068662
0.0544872
0.079918
0.0426957
0.06
0.0438034
0.066704
0.0812841
0.0311031
0.0658867
0.0723684
0.0843909
0.0496575
0.0641304
0.029306
0.0603448
0.0520386
0.042808
0.063326
0.0336955
0.0529661
0.0405557
0.0583334
0.0352565
0.0435523
0.0911017
0.0503112
0.0350001
0.0622197
0.0497788
0.0691625
0.0526595
0.0594978
0.0725806
0.0734979
0.042808
0.0424759
0.0572034
0.0687229
0.0507426
0.022959
0.0291667
0.015476
0.0737179
0.019737
0.047449
0.022436
0.0396342
0.0458333
0.0397984
0.0360168
0.0837156
0.0577731
0.0348715
0.0313831
0.0382418
0.0509259
0.0386363
0.0484043
0.0484235
0.080157
0.0382232
0.0344826
0.0707013
0.0375001
0.0747717
0.0574324
0.0301724
0.0420305
0.0303256
0.0637755
0.020652
0.0789171
0.045
0.044431
0.0408876
0.069206
0.0317796
0.0366279
0.0439189
0.0332566
0.0442825
0.0580143
0.0312499
0.0671488
0.0586283
0.03295
0.0682314
0.0473744
0.061508
0.020652
0.0696809
0.044708
0.0579897
0.0416668
0.0588843
0.0490507
0.0915072
0.0437817
0.0595795
0.0468107
0.0677083
0.0579269
0.0390274
0.0619748
0.034465
0.0532051
0.022959
0.0321729
0.0315934
0.0503112
0.0622385
0.0431034
0.0592106
0.0473744
0.0433673
0.0637755
0.0501337
0.048077
0.05327
0.0495283
0.0328949
0.0511083
0.0391629
0.0444915
0.0731866
0.0783898
0.0304053
0.0356383
0.0397984
0.0529661
0.0622197
0.0560345
0.0757389
0.0490507
0.0262877
0.0668604
0.0694444
0.02
0.024521
0.0541667
0.020652
0.0625
0.0304728
0.074495
0.009616
0.0545155
0.0514706
0.037195
0.0656779
0.05327
0.0507426
0.0586283
0.05
0.0507642
0.0311227
0.0553278
0.0424314
0.0497788
0.0468107
0.0791285
0.0590102
0.0547297
0.0332125
0.0461618
0.0552325
0.0496862
0.030759
0.0517241
0.0261627
0.0669643
0.01343
0.0563305
0.0542036
0.0516055
0.0593435
0.017523
0.0613636
0.0552325
0.0684783
0.0723684
0.0484043
0.0683198
0.0527777
0.0356383
0.0409292
0.0568182
0.105769
0.076965
0.0905173
0.0898241
0.0977273
0.0996835
0.084596
0.0833333
0.102273
0.0990259
0.0856987
0.0888009
0.0836207
0.0925925
0.087766
0.0840909
0.0931818
0.0835253
0.0661764
0.0798023
0.0735714
0.100845
0.092742
0.0737179
0.0742754
0.090368
0.100207
0.0857843
0.0984042
0.090368
0.0837629
0.0731481
0.0876168
0.0758197
0.0919811
0.0884146
0.080157
0.0799549
0.0738637
0.0324074
0.0885037
0.0468748
0.0852273
0.0625
0.077381
0.102876
0.0916667
0.0997899
0.0875
0.0835253
0.0930365
0.0986842
0.0841836
0.0896018
0.084276
0.092033
0.0821428
0.097826
0.0810975
0.104899
0.0913865
0.0688776
0.079023
0.0689252
0.070946
0.071502
0.0817901
0.0924418
0.0655941
0.0657894
0.0744382
0.0776628
0.0815218
0.0881337
0.108425
0.0802239
0.0891255
0.106308
0.0902174
0.0957603
0.0916667
0.099138
0.0846413
0.0548246
0.0803572
0.0951492
0.0835493
0.0841836
0.0921361
0.082672
0.0677083
0.0905173
0.0785865
0.09375
0.0767242
0.0714285
0.0831152
0.0733568
0.102528
0.0673077
0.0891026
0.0806962
0.098262
0.0824468
0.102099
0.075495
0.0891255
0.0723684
0.0976028
0.0824468
0.0645973
0.0976776
0.0925925
0.0890719
0.0789749
0.0855263
0.0911017
0.0921052
0.0812841
0.0916667
0.085
0.0803572
0.0939922
0.0940266
0.0747488
0.0922131
0.0760204
0.0658284
0.0611702
0.0713415
0.100961
0.0747717
0.0915072
0.107759
0.0778302
0.0820552
0.0943878
0.0931818
0.0825471
0.0839041
0.0923913
0.109456
0.0739052
0.0911836
0.0803072
0.0821428
0.0725983
0.0818965
0.0828948
0.104798
0.0857843
0.0841836
0.0945652
0.0986842
0.0535713
0.100744
0.081044
0.0892857
0.0925925
0.075
0.0731133
0.0835493
0.077381
0.0652985
0.0683962
0.0625
0.0997899
0.104452
0.08
0.0784884
0.0891255
0.0522727
0.0731866
0.0718085
0.0767242
0.0817568
0.0783898
0.10049
0.103378
0.0829832
0.073718
0.078271
0.0863527
0.095297
0.10046
0.0650922
0.0920782
0.0689655
0.0974771
0.100309
0.0909575
0.085
0.0839744
0.106818
0.0697236
0.0857843
0.0944656
0.073052
0.0573308
0.0906653
0.011957
0.011555
0.0307379
0.019515
-0.000582
0.01285
0.0619748
0.019737
0.022959
0.016775
0.002551
-0.002854
0.015296
0.0463974
0.0286698
0.015411
0.0399798
0.018023
0.011179
-0.008603
0.012446
0.011555
0.0580544
0.021266
0.011076
0.022119
0.009774
0.003788
0.019309
0.013412
0.023148
0.023148
0.002273
0.017242
0.022321
0.013889
0.011463
0.020652
-0.000604
-0.002193
0.009774
0.016892
0.012967
0.008333
0.013412
0.0317796
-0.001127
0.001069
0.007353
0.008333
0.013889
-0.002962
0.017116
0.0357141
-0.003319
0.020652
0.017019
0.000647
0.023678
0.024123
0.016304
0.002193
0.0566239
0
0.0374422
0.023305
0.0125
0.006278
0.051087
0.00862
0.013889
0.017116
0.003924
0.0317796
0.0270409
0.020735
0.0271278
0.0266395
0.0304053
0.00431
0.016214
0.008408
0.0384614
0.012387
0.016775
0.021266
0.001033
0.0286698
0.023374
0.016775
0.0461618
0.015476
0.016667
0.0348715
0.018004
0.016775
0.014908
0.023374
0.012029
0.013412
0.0337135
0.004166
0.015351
0.024563
0.015909
0.003261
0.019309
0.006356
0.017857
0.0317796
0.003049
0.021104
0.023734
0.0311227
0.018877
0.004828
0.009774
0.005342
0.003788
0.014423
-0.001087
0.023678
0.006278
0.01343
0.01483
0.024083
0.011555
0.0299586
0.022119
0.003378
0.006057
0.0424759
0.0280837
-0.005653
0.016775
0.023678
0.019737
0.022119
0.020454
0.000555
0.008817
0.021266
0.00205
0.021266
0.0315419
0.020652
0
0.00205
0.02416
0.0406118
0.021694
0.023786
0.011957
0.003788
0.003788
0.0254148
0.0271278
0.00266
0.0503732
0.001543
0.0311227
0.011179
0.019515
0.005531
0.0345021
0.004166
0.02416
0.0303498
0.019309
0.016667
0.01583
0.012029
0.008817
0.003788
0.002118
0.016667
0.020523
0.017704
0.0320797
0.0313831
0.0405557
0.0267856
0.005
-0.005
0.015756
0.023734
0.023786
0.0254148
0.0459303
0.018443
0.001777
-0.007744
-0.012255
-0.009408
0.0267092
0.023305
0.023374
0.011878
0.0459303
0.0274388
0.0312501
0.0391629
0.0291667
0.0321729
0.0416668
0.0416668
0.01583
0.0424759
0.0490507
0.0380433
0.0509259
0.0483871
0.05
0.0638646
0.0337135
0.0529279
0.0563305
0.0356383
0.0627594
0.0484043
0.0420125
0.0484235
0.0431034
0.0427488
0.0272223
0.0491072
0.0431817
0.0288464
0.0649141
0.0426957
0.022561
0.0319767
0.0498827
0.0457049
0.0550411
0.0458333
0.0569149
0.027655
0.0507642
0.015625
0.0501101
0.0674779
0.0297619
0.0405557
0.0413179
0.0526595
0.0529661
0.0625
0.0442825
0.0473301
0.0430326
0.0555555
0.044431
0.0598837
0.0446428
0.0345021
0.0446428
0.0512295
0.0548245
0.0420125
0.0497788
0.0386363
0.0413179
0.0654255
0.0457049
0.0521255
0.0409665
0.0589207
0.0326922
0.0560345
0.0661764
0.0507426
0.0396921
0.0632716
0.0473744
0.0384199
0.0380433
0.0591564
0.05
0.045
0.015909
0.0348361
0.0384199
0.0541667
0.0402545
0.045354
0.0761112
0.0427488
0.0282258
0.0283614
0.0588843
0.0404927
0.0752075
0.05
0.0433673
0.0535714
0.051407
0.0332566
0.0416668
0.0518293
0.0583334
0.0375681
0.060065
0.0308297
0.0433673
0.0594978
0.048077
0.0382232
0.0576923
0.0344826
0.0391629
0.0558755
0.0512673
0.0280304
0.0431034
0.0283614
0.026961
0.0320797
0.037863
0.029306
0.0405557
0.0399998
0.0477053
0.0470779
0.0434549
0.0586099
0.054752
0.0297619
0.0522727
0.0569371
0.0526595
0.051087
0.0487288
0.0366024
0.045
0.0505813
0.0491072
0.0558755
0.0406118
0.0405557
0.0455607
0.060065
0.0569149
0.066704
0.0493698
0.0532511
0.051407
0.0351122
0.0390274
0.008436
0.015411
0.0470779
0.0502337
0.05327
0.0348715
0.019958
0.0542036
0.0532296
0.0580357
0.051407
0.0669643
0.0491072
0.0397984
0.0591564
0.0732759
0.0370371
0.0515306
0.0539099
0.0496862
0.0529279
0.004227
0.0551311
0.0457921
0.0493698
0.0348715
0.0509259
0.0574894
0.0617089
0.0365043
0.0427488
0.0583334
0.037863
0.024039
0.0551075
0.034091
0.0255522
0.0461618
0.0332971
0.0302131
0.0491072
0.0529661
0.0471311
0.0424759
0.0387933
0.0398935
0.029348
0.0542453
0.0433673
0.0420729
0.048077
0.102273
0.102064
0.0875
0.107684
0.0820552
0.0869565
0.0944656
0.1
0.075
0.0865385
0.107248
0.092742
0.0825758
0.106395
0.0499998
0.087963
0.105296
0.0972222
0.0942308
0.0918874
0.094697
0.0773809
0.0998428
0.0986842
0.075
0.0881902
0.103022
0.086326
0.0976776
0.0875668
0.0901742
0.101879
0.101191
0.102064
0.0969101
0.102528
0.102376
0.0894445
0.0889175
0.0989131
0.085199
0.0925676
0.0986842
0.0922897
0.0776628
0.0972222
0.0846413
0.107222
0.10049
0.102654
0.0852273
0.0955882
0.0905172
0.0741525
0.0973502
0.0886364
0.095
0.104592
0.0604839
0.0922131
0.0881337
0.0875
0.103947
0.104275
0.0943878
0.0909864
0.0509261
0.0954142
0.0954641
0.0780201
0.0905173
0.0941358
0.102679
0.10824
0.0831152
0.084596
0.106818
0.0948276
0.0960145
0.109733
0.104798
0.078125
0.103022
0.007353
0.0767544
0.0898241
0.0795455
0.104899
0.06875
0.100845
0.0791285
0.0594262
0.0854519
0.0946969
0.10061
0.0936099
0.0976028
0.103723
0.0829832
0.0900655
0.079023
0.0819892
0.100806
0.109694
0.0949571
0.084799
0.103142
0.095803
0.094163
0.108051
0.094697
0.0899123
0.100207
0.107558
0.0831152
0.0625001
0.0729166
0.0877329
0.0945431
0.102099
0.105392
0.0653973
0.0923202
0.0983333
0.0961538
0.0903179
0.1
0.0835253
0.0990933
0.085
0.106818
0.114991
0.0987992
0.0875668
0.0916667
0.107456
0.0916667
0.102376
0.0875
0.08171
0.0983333
0.0997475
0.077381
0.0927419
0.106221
0.0958738
0.105392
0.105198
0.0945652
0.0653973
0.0992489
0.101191
0.0565068
0.108051
0.0795454
0.0991379
0.0873656
0.102876
0.0881579
0.0972222
0.0911836
0.0807522
0.0805555
0.101415
0.110916
0.098913
0.111784
0.089467
0.114071
0.0892857
0.0997475
0.0465686
0.103723
0.086165
0.105198
0.0987992
0.0924796
0.0739796
0.0901742
0.0940722
0.0974771
0.09375
0.0879629
0.0853175
0.0792858
0.0984042
0.078125
0.090368
0.102973
0.103022
0.103836
0.103947
0.0877329
0.0911836
0.029762
0.0766129
0.09375
0.0890719
0.0805556
0.080157
0.0560345
0.0545155
0.0416668
0.0447861
0.004166
0.023618
0.024563
0.0591564
0.0271278
0.0583334
0.0254525
0.0643939
0.023148
0.0461618
0.0529279
0.0669643
0.0371339
0.0459303
0.0283614
0.0434549
0.071502
0.0465686
0.007353
0.0548245
0.0464876
0.0279536
0.0515306
0.0262877
0.0522727
0.0594262
0.01583
0.023148
0.0480769
0.0784883
0.0275423
0.045354
0.0460527
0.0380433
0.0421598
0.019068
0.071524
0.0325629
0.0846413
0.004668
0.0565068
0.0617089
0.0438034
0.0125
0.0263453
0.0313831
0.019273
0.023734
0.021694
0.002551
0.048077
0.0473301
0.0490507
0.0307379
0.008117
0.0723684
0.0495283
0.025
0.0357141
0.020604
0.0451878
0.0349524
0.0409292
0.0532511
0.0250002
0.071524
0.00407
0.0316668
0.05
0.0267092
0.0282258
0.0387933
0.025
0.05
0.018004
0.0438034
0.0563305
0.0420305
0.0357141
0.0558943
0.0279125
0.0664414
0.0353137
0.0297619
0.0496231
0.0609606
0.0352043
0.0719026
0.0297619
0.00912
0.0337135
0.0646984
0.0285089
0.0258266
0.018877
0.0380433
0.052835
0.075
0.0619748
0.0650922
0.0471311
0.0384199
0.0464876
0.0728673
0.0400944
0.0771531
0.0434549
0.0387933
0.0557359
0.0625
0.0505813
0.0477468
0.0373711
0.0477468
0.012755
0.0378203
0.0406118
0.0309827
0.0542453
0.0430328
0.0384199
0.0541667
0.0374422
0.0431817
0.0268691
0.082265
0.014401
0.0710581
-0.009529
0.0420305
0.020928
0.0448113
0.0304053
0.0577354
0.0752075
0.0797739
0.0789749
0.0375681
0.0664414
0.019273
0.0448113
0.014362
0.0412792
0.0455021
0.0539099
0.0501101
0.0697236
0.0317796
0.013889
0.0420305
0.019273
0.0423551
0.022119
0.02285
0.0552325
0.0283614
0.013412
0.0611702
0.0567073
0.0711883
0.09375
0.0427488
0.019309
0.0648148
0.0125
0.0448312
0.0421598
0.0496231
0.0409292
0.0384199
0.0580357
0.006857
0.0710785
0.0573671
0.069186
0.0684783
0.0367646
0.0574894
0.020197
0.0325629
0.0431034
0.0402545
0.014344
0.0262877
0.0406629
0.0522727
0.0635965
0.0561926
0.069186
0.0262345
0.0752263
0.0568182
0.016403
0.0646551
0.022873
0.0374422
0.0461618
0.0829439
0.0745413
0.016667
0.0506198
0.0441489
0.0361112
0.0619369
0.0542036
0.0424759
0.0484235
0.0671488
0.0313831
0.0682624
0.0545155
0.000536
0.0563305
0.029348
0.0598837
0.0259431
0.018004
0.0552325
0.0808823
0.011179
0.0694444
0.032834
0.022873
0.009793
0.022675
0.0535714
0.0477468
0.0295645
0.048077
0.0493698
0.0571267
0.0558755
0.006356
0.0649141
0.0671488
0.0395298
0.0557359
0.0477642
0.0638889
0.0441489
0.0376638
0.0428744
0.0507642
0.0787815
0.0625
0.0592723
0.0916667
0.0625
0.0544606
0.0520386
0.0385803
0.0648907
0.0470779
0.0463483
0.0819892
0.0336955
0.0321729
0.0472798
0.0427488
0.0268691
0.022119
0.020161
0.0384199
0.0708334
0.0733568
0.0659283
0.0476519
0.045354
0.024582
0.0359314
0.0455021
0.034091
0.065367
0.0619369
0.018443
0.0526595
0.0262877
0.0627778
0.0550411
0.018162
0.0544606
0.0776066
0.0496231
0.054752
0.0352043
0.0767544
0.0702055
0.003453
0.0556122
0.0400944
0.0708334
0.0270409
0.0594262
0.0548246
0.0671488
0.0413179
0.090909
0.023734
0.0699152
0.0532296
0.0580544
0.0596938
0.037863
0.0671052
0.0554348
0.0526019
0.0853961
0.008333
0.0322164
0.0706067
0.0336758
0.042808
0.0387933
0.0431034
0.016304
0.017562
0.047449
0.069186
0.070946
0.0372806
0.0607798
0.015411
0.0509259
0.0457049
0.0682314
0.003152
0.0413179
0.0576923
0.0642713
0.075
0.023305
0.0384614
0.0683962
0.069206
0.0283816
0.0282258
0.0356383
0.0328949
0.0560345
0.0333333
0.0474138
0.0406118
0.045354
0.0661764
0.016775
0.019068
0.045
0.0497788
0.0444915
0.0460527
0.0520386
0.0258266
0.006278
0.0258266
0.023678
0.0441489
0.0279536
0.016892
0.0287431
0.0635965
0.0420305
0.0279536
0.0465686
0.0476804
0.0433673
0.0283614
-0.01968
0.0561926
0.021694
0.017377
0.018023
0.0409665
0.013889
0.017116
0.051407
0.0401785
0.022321
0.0558755
0.0564285
0.0474138
0.0580544
0.0565068
0.007114
0.0488095
0.016214
0.0431034
0.0577731
0.0380433
0.0395298
0.014868
0.0754505
0.0380433
0.08
0.055
0.0464876
0.0554348
0.046659
0.0943252
0.0470184
0.0583334
0.0805556
0.0678572
0.0367646
0.05
0.0565789
0.024582
0.0606223
0.0474138
0.078271
0.01343
0.0611702
0.0586735
0.067623
0.0390274
0.0451681
0.0529661
0.0340911
0.0602227
0.0402545
0.0477053
0.045354
0.019068
0.0586493
0.0376213
0.0375001
0.0507642
0.0743671
0.0649141
0.0576923
0.002193
0.0435523
0.0561741
0.0572917
0.0448312
0.0603448
0.0345237
0.021714
0.0566239
0.0324888
0.0517241
0.0438034
0.0658867
0.0416668
0.029348
0.0321729
0.014868
0.0558755
0.0781915
0.0283614
0.0583334
0.0568182
0.039573
0.0521255
0.0405557
0.0705445
0.0696809
0.0477468
0.0474138
0.0642523
0.0741525
0.0434549
0.021714
0.054293
0.0362148
0.016667
0.0406118
0.0592106
0.0642523
0.0384199
0.067623
0.0697005
0.0432695
0.0646551
0.022321
0.0892857
0.0535714
0.0496862
0.0396342
0.0501337
0.0818965
0.0307379
0.037844
0.048077
0.0427488
0.0515306
0.0507642
0.055693
0.0396342
0.054752
0.0554348
0.0787037
0.0652985
0.019309
0.0336758
0.0699152
0.0271278
0.0563305
0.0401785
0.011555
0.0468107
0.0416668
0.0621727
0.0352565
0.0492424
0.0523504
0.019737
0.0961934
0.082265
0.0590102
0.0484043
0.0302131
0.0517241
0.066704
0.0691625
0.0433673
0.0625
0.0384199
0.0697005
0.0614406
0.0265542
0.037844
0.0438034
0.0263453
0.018877
0.0277777
0.029306
0.0493698
0.020833
0.0903465
0.009793
0.0363926
0.042808
0.0737179
0.041201
0.0322164
0.060065
0.0352565
0.0740741
0.0532511
0.0608974
0.060065
0.0434549
0.019068
0.063326
0.0502337
0.045
0.0535714
0.0299586
0.018443
0.05
0.073052
0.0575843
0.0448113
0.0267092
0.0480769
0.068662
0.0538703
0.0511083
0.0388756
0.0441489
0.0571267
0.0520386
0.021694
0.0921052
0.0387933
0.0416668
0.0416667
0.0554348
0.045
0.017704
0.018204
0.0336758
0.0813319
0.018023
0.0554348
0.0589622
0.0378203
0.0520386
0.0273255
0.0669643
0.0740741
0.0412792
0.0519407
0.0376638
0.0916667
0.0512673
0.0723684
0.073052
0.0776066
0.0638646
0.0301724
0.0526019
0.0622385
0.0560345
0.0589622
0.0562169
-0.001051
0.012387
0.0290405
0.015547
0.006857
0.01483
0.020833
-0.001696
-0.007478
-0.001016
0.0551311
0.000536
0.010593
0.0266395
0.0451681
0.004397
0.019515
0.003378
0.023305
0.010714
0.000519
0.0297619
0.001595
0
0.019068
-0.005252
0.034091
-0.002118
-0.000523
0.010246
0.009259
-0.008047
0.006356
0.001595
0.003788
0.021266
0.0349098
0.024543
0.021996
0.02
0.00912
0.0266395
0.0279536
-0.002572
0.0519407
0.0371339
0.001069
0.025433
0.014344
-0.001051
0.0271278
0.020833
0.0324888
-0.002118
0.005851
0.003152
-0.00344
0.004166
0.020833
0.017523
0.022778
0.015756
0.022541
0.0352565
0.0291667
0.022541
0.0366279
0.011463
0.004668
0.0297619
0.018162
0.020652
0.0312499
0.021397
0.017116
0.0305795
0.015756
0.011555
0.0356383
0.018162
0.01164
0.023734
0.012446
0.02416
0.010106
-0.000523
0.005342
0.012029
0.009616
0.022436
0.016304
0.0303498
0.012967
0.0337135
-0.000523
0.004032
0.009774
0.013889
0.0387933
0.011555
0.006857
0.0353137
0.007353
0.021266
0.010593
-0.000561
0.011076
0.021552
0.020161
0.004668
0.023734
0.006356
0.0389343
0.017116
0.001069
0.009956
-0.002451
0.006356
0.00431
0.012931
0.0267856
0.018805
-0.003205
0.0509259
0.008817
-0.004032
0.0317796
0.010593
0.0312499
0.007353
0.0490507
0.015688
0.017242
0.008333
0.0387933
0.019515
0.016775
0.01583
0.002729
0.0357141
-0.006915
0.000555
0.004668
0.0125
0.020397
0.019273
0.006857
0.009774
0.019737
0.011463
0.022873
-0.001087
0.013412
-0.001087
0.020197
0.0250002
0.014796
0
0.001595
0.012967
-0.001051
0.0356383
0.002637
0.03295
0.006632
0.013412
-0.005045
0.02104
0.010321
0.0367646
0.0320797
0.006632
0.005658
0.016667
0.023734
0.0325629
-0.002358
0.0361112
-0.002273
0.005851
0.0291667
0.019515
0.019958
0.0312499
-0.004032
0
0.004166
0.017242
0.012446
0.010593
0.008117
0.002637
0.0357982
0.013393
0.017562
0.016129
0.0402545
0.004668
0.0289302
-0.000507
0.0289302
0.010714
0.017857
0.017704
0.017857
-0.021118
0.018617
0.011878
0.0254148
0.0301724
0.002359
-0.001638
0.0254148
0.0289302
0.000555
0.0438034
0.0304053
0.002637
0
0.003378
-0.01933
0.011363
0.0254148
0.019515
0.0400944
-0.005233
0
-0.003631
0.019737
0.020397
0.007609
0.012446
0.01583
0.021266
0.0363926
0.020238
0.03295
-0.015776
0.018162
0.023551
0.013412
0.002778
0.016667
0.012701
-0.003078
0.003661
-0.002659
0.011957
0.019958
0.0352043
-0.008971
0.003378
0.0340909
-0.001638
0.017242
0.019273
0.0467391
0.001033
0.0385803
0.014344
0.019515
0.0375001
0.0297619
-0.003713
0.014362
0.014796
0.007353
0.010106
0.002118
0.015995
0.01483
0.022436
0.022436
0.005851
0.0589207
0.019958
0.015351
0.006356
0.0535715
0.024543
0.007114
-0.031757
0.001595
0.018204
0.022196
-0.00778
0.0287654
0.018004
0.010246
0.005
0.016214
0.003049
-0.003889
0.007653
-0.002118
0.010106
0.0287654
-0.008065
-0.00176
0.0301724
0.018877
0.0125
0.013889
-0.005045
0.011957
0.012446
0.022436
0.034465
0.005
0.0385803
0.010246
0.023734
0.0360168
0.013412
-0.010135
0.0283614
0.022959
-0.003713
0.0391629
0.006057
0.020238
0.003378
0.008929
0.016214
0.021104
0.010965
0.023734
0.025901
0.00119
0.003924
0.010463
0.004668
0.014344
0.016403
-0.00463
0.0357141
-0.00778
0.01583
0.003504
0.006278
0.004828
-0.019928
0.019515
0.0279536
0.0258266
0.0274388
0.0289302
0.0366279
-0.002753
0.019068
0.018805
-0.001696
0.022541
0.024582
0.0340909
-0.016552
0.011555
0.0266395
0.006632
0.024563
0.001652
0.018443
0.014796
0.021861
-0.004167
-0.006068
0.008817
0.019515
0.020833
0.0382232
-0.005435
0.007845
0.0603448
0.031863
0.0299775
0.017116
0.016667
-0.00153
0.0258266
0.003924
0.023678
0.0262345
0.001106
0.022541
0.018162
-0.002753
0.010246
0.020397
0.019977
0.000555
0.008817
0.013889
0.008064
0.01164
0.0451681
0.0390274
0.0254525
0.011555
0.020397
-0.011585
0.01583
0.022959
0.015411
0.0430326
0.022959
-0.003319
0.051087
0.05
0.013412
0.024521
0.021694
0.018004
0.014868
0.017116
0.018004
0.022959
0.016429
0.013393
0.023678
0.009956
0.021996
0.014344
0.0380433
0.015351
0.029348
0.022541
0.0303498
0.015995
0.007353
0.0444915
0.014362
0.0283614
0.004464
0.00407
0.01583
0.007609
0.0348715
-0.00153
0.010593
0.0427488
0.021266
0.0313831
0.018617
0.021996
0.018004
0.010845
0.017116
0.0416668
0.007353
0
0.013412
0.0270409
0.010106
0.019068
0.012967
0.006057
0.011363
0.0362901
-0.007702
0.014381
0.007353
0.0316668
-0.00431
0.017683
0.0423551
0.0441919
0.014796
0.014908
0.0267092
0.0309827
0.008333
0.019737
0.0258266
0.013889
0.0458333
-0.006068
0.009298
0.013889
0.011076
0.0353137
-0.007702
0.010106
0.018617
0.022321
0.0677313
0.006356
-0.001638
0.011555
0.0594978
0.0299775
0.000576
0.0271278
0.0305795
0.01483
0.023305
0.016304
0.024543
0.0309827
0.012931
0.02416
0.00431
-0.001262
0.016304
0.0321729
0.0336758
0.002729
0.021996
0.017116
0.022119
0.01285
0.0357982
0.020161
0.011179
0.0368942
0.018004
0.0270409
0.015296
0.01583
0.016304
0.005597
0.0632716
0.0305795
0.0299586
0.025433
0.01343
0.0382232
0.0262877
0.017116
0.022959
0.01483
0.00862
0.0363926
0.0357141
0.0474138
0.0307379
0.015351
0.0355689
0.019309
0.0258266
0.003261
0.020397
0.016667
0.019958
0.0312499
0.0371339
0.022436
0.019515
0.013889
0.010714
0.011363
0.0362901
0.020397
0.020833
0.014796
0.022541
0.018443
0.01285
0.0291667
0.019068
0.006147
0.022541
0.063326
0.022436
0.0301724
0.0125
0.00431
0.025433
-0.001087
0.018204
0.0287654
0.002637
0.019737
0.021266
0.017857
0.019068
0.0258266
0.001069
0.0295645
0.0250002
0.015411
0.0420125
0.005185
0.017704
-0.010022
0.013889
0.015756
0.004668
0.018004
0.012967
0.0289302
0.012029
0.021266
0.020833
0.0307379
0.019273
0.02
0.0434549
0.0262877
0.02323
0.014796
0.015756
0.009793
0.0312499
0.021694
-0.017259
0.018519
0.017377
0.0371339
0.023678
0.020397
0.0380433
0.0318825
0.0367646
0.0315419
0.0386363
0.0258619
0.0262877
0.0412792
-0.008971
0.0321729
0.0664226
0.019737
-0.008333
0.0413179
0.017377
0.012029
0.0526019
-0.000542
0.005342
0.0423551
0.018333
0.047449
0.0434549
0.006818
0.006147
0.0328949
0.003049
0.023305
-0.01117
0.0311227
-0.015097
0.013889
-0.002118
0.027655
0.021266
-0.001051
0.0448113
0.015756
0.014362
0.0642265
0.048077
0.014796
0.0476804
0.018162
0.007609
0.023305
0.010965
0.0352043
0.006278
0.019309
0.0279536
0.023786
0.0340909
0.0270409
0.0307379
0.0438034
0
0.00912
0.0320797
0.0291667
0.025
0.0374422
0.0524194
0.005185
0.0608974
0.019958
-0.004032
0.0448113
0.0648907
0.0289302
0.070946
0.0328949
0.0402545
0.0420305
0.018443
0.0312499
0.022119
0.021861
0.021694
0.0532511
0.0779915
-0.003099
0.0520386
0.013393
0.018048
0.0758928
0.019737
0.022119
0.0617089
0.012967
0.0460527
0.0282259
0.0357141
0.01583
0.025
0.022119
0.01285
0.0315042
0.045354
0.025
0.023305
0.022778
0.0283614
0.0440477
0.0317796
0.022119
-0.001127
0.016667
0.0561926
0.0532296
0.009774
0.0372806
0.011555
0.019737
0.0448312
0.021104
0.0451878
0.012967
0.011463
0.022873
0.0488095
0.023305
0.0616516
0.0371339
0.007114
0.0332971
0.019737
0.003661
0.0285534
0.0275423
0.0617089
-0.007353
0.0267092
0.0313831
-0.000629
0.0291667
0.0349098
0.011878
0.018162
0.003788
0.01651
0.021694
0.019958
0.019515
0.011878
0.010965
0
0.0328949
0.019737
0.020397
0.00912
0.00912
0.00921
0.0336955
0.005
0.0612745
0.0287654
0.0302131
0.0589207
0.011256
0.0512295
0.0250002
0.0423551
0.016667
0.016403
0.023148
0.0348361
0.005166
0.0687229
0
0.0409665
0.0264084
0.0392856
-0.006915
0.018204
0.0396921
0.014796
0.001033
0.0262345
-0.002659
0.023734
0.006857
0.016214
0.0597826
0.022541
0.0384199
0.019309
0.0656779
0.023786
0.0444915
0.0740741
0.0529661
0.0542036
0.0291667
0.0254525
0.0696809
0.0416668
0.021694
0.0522727
0.0340909
0.021266
0.0599593
0.0412994
0.0365043
0.0356383
0.019737
0.014381
0.0309827
0.0303498
0.0409292
0.019472
0.0360168
0.020454
0.0301724
0.0270409
0.0254525
0.0764563
0.00921
0.0583334
0.0337135
0.0387933
0.0336955
0.023374
0.024123
0.0311031
0.0356383
0.0289302
0.047449
0.0762195
0.0694445
0.0583334
0.0302629
0.0336955
0.0484043
0.0416668
0.0512295
0.013298
0.0272223
0.0340907
0.0309827
0.0679824
0.0509259
0.0375001
0.0463974
0.027703
0.0371339
0.0427488
0.0274391
0.0436992
0.0316668
0.011076
0.012097
0.014401
0.0783679
0.034465
0.0594262
0.0360168
0.0297619
0.0371339
0.0477053
0.014503
0.0625
0.0448113
0.021552
0.019068
0.0277777
0.0802846
0.0385803
0.0306602
0.0262345
0.051087
0.0395298
0.0255235
0.021907
0.0451681
0.029348
0.0386363
0.048077
0.0372806
0.0492424
0.0327669
0.0583334
0.025433
0.017377
0.0336758
0.052835
0.0586099
0.01483
0.0275423
0.0345021
0.0380433
0.0325629
0.0250002
0.0484235
0.022778
0.0283614
0.052835
0.0390274
0.0566239
0.012029
0.0258619
0.0280837
0.0553278
0.0493698
0.0512295
0.0436992
0.002359
0.018023
0.0306602
0.0413179
0.0372806
0.0385803
0.0283614
0.0262877
0.0409292
0.0397984
0.0617089
0.0803072
0.0523504
0.0461822
0.0371339
0.073052
0.0503112
0.0271278
0.021104
0.0348715
0.017683
0.034091
0.0349524
0.017704
0.0367646
0.019737
0.0320797
0.019273
0.016304
0.0434549
0.0359314
0.0345021
0.0558943
0.0687229
0.01583
0.0386363
0.0320797
0.0254148
0.0416668
0.017857
0.045354
0.0743087
0.0448113
0.023618
0.0661764
0.019737
0.0268691
0.016892
0.0374422
0.019273
0.022119
0.009444
0.0459303
0.02416
0.0345021
0.0632716
0.034091
0.0586283
0.0301724
0.0356383
0.015547
0.037195
0.0459303
0.0265542
0.0517241
0.0345021
0.0416668
0.0254148
0.021266
0.0299586
0.011363
0.0470779
0.0512673
0.0615853
0.0824468
0.0287654
0.0586493
0.0333333
0.017116
0.0490507
0.0501101
0.0325144
0.0282258
0.045
0.0983333
0.101923
0.0841836
0.1
0.025
0.090909
0.101471
0.080414
0.100104
0.114305
0.0952381
0.0897059
0.0819892
0.0945122
0.0809471
0.0889639
0.0620079
0.093421
0.0815217
0.0723685
0.10041
0.10051
0.0597824
0.0942308
0.0811403
0.0798023
0.098822
0.104424
0.0963114
0.105861
0.0821429
0.0805555
0.0887305
0.0901742
0.0708129
0.0903465
0.0935863
0.100369
0.0889639
0.103417
0.104452
0.102654
0.0552324
0.107954
0.098262
0.0853961
0.0854519
0.103261
0.0944656
0.090035
0.109615
0.103633
0.0870253
0.0945652
0.0738372
0.0865385
0.0927419
0.0789473
0.108871
0.0518291
0.0903465
0.0881579
0.0931528
0.11615
0.067029
0.099026
0.0835253
0.0304054
0.0879629
0.0795455
0.0872641
0.0985099
0.0689655
0.1
0.107659
0.0768072
0.0847701
0.0982143
0.0939441
0.100728
0.0739796
0.0827465
0.108264
0.0828313
0.085177
0.10051
0.102064
0.0619369
0.0905173
0.107684
0.0874413
0.0995222
0.0815218
0.0870853
0.0921052
0.0863527
0.0911017
0.0976028
0.0871622
0.0535716
0.095297
0.0805556
0.0952381
0.081044
0.108146
0.102654
0.103495
0.0845376
0.077381
0.0952127
0.090812
0.101744
0.0962919
0.0833334
-0.017857
0.108471
0.0777559
0.0949248
0.103723
0.0780201
0.0835253
0.0968309
0.0982143
0.0852273
0.0919811
0.0841837
0.107456
0.086039
0.0924796
0.114637
0.0944323
0.11413
0.0820816
0.102876
0.102941
0.0853961
0.106482
0.075
0.099359
0.0918874
0.102444
0.108806
0.0827465
0.0729166
0.101923
0.0986842
0.09979
0.0986842
0.0870853
0.0787572
0.074495
0.0892857
0.0892857
0.0870853
0.0951492
0.0778796
0.0766908
0.0929145
0.0887305
0.0974771
0.0881337
0.106043
0.0964286
0.0744949
0.0869565
0.0996193
0.100806
0.10049
0.0723685
0.0958738
0.0973757
0.108517
0.0982143
0.0839041
0.0916667
0.092742
0.0805556
0.102376
0.0815218
0.105952
0.0930365
0.0867834
0.0807522
0.103633
0.103836
0.114474
0.0894971
0.055693
0.084799
0.0319767
0.0809749
0.0938889
0.0876168
0.103355
0.0845376
0.107353
0.09375
0.100758
0.0980941
0.08125
-0.003631
0.003661
0.013889
0.007353
0.024123
0.001543
0.001713
0.019009
0.021266
0.000576
-0.002854
0.010714
0.001147
0
0.003261
0.008117
0.012967
0.0279536
-0.011585
0.019273
0.010714
-0.017076
0.005851
0
0.011076
0.0287431
0.0384199
0.0279536
0.003307
0.008721
0.0254148
0.007845
-0.007159
0.001147
-0.002358
-0.003889
0.017157
0.0318825
0.012446
0.01343
0.021266
0.0318825
-0.00183
0.0279536
0.004464
0.004668
-0.006818
-0.00487
0.02416
0.007845
0.0316668
0.00119
0.003378
0.0367646
-0.036905
0.0333333
0.002637
0.00912
0.021104
-0.008621
0.014868
-0.013095
0.012029
0.012967
0.0301724
0.000519
0.0283614
0.013412
-0.000542
0.006356
0.015296
-0.001051
0.004828
0.011179
0.022119
0.011363
0.034465
0.007096
0.011555
0.006632
0.022959
0.012892
-0.009694
-0.005612
0.010593
0.012931
0.009774
0.009444
0
0.006857
0.003378
0.0254148
0.005658
0.018877
0.0398935
0.005342
0.017019
0.005658
-0.000582
0.018162
0.019309
0.0430326
0.004166
0.0603448
0.011878
-0.004167
0.013372
-0.003889
0.01483
0.0279536
0.0125
0.012097
0.003924
0.014362
0.009616
0.00463
0.01483
-0.011986
0.0301724
0.023148
0.018443
0.0283614
0.0589207
0.015909
0.0262345
0.023734
0.020833
0.024563
0.011957
0.0496862
0.010965
0.004464
0.013412
0.01343
0.01483
0.003661
0.0402545
0.005531
0.013889
0.0271278
0.0440283
0.002729
0.017116
0
0.007927
0.009616
-0.000523
0.014344
0.0574894
0.015351
0.008817
0.022321
0.008721
0.001652
-0.007232
0.0262345
0.015688
0.014952
0.020397
0.021552
0
0.015296
0.006579
-0.000582
0.00862
0.012931
0.014796
0.012179
0.0313831
0.019068
0.000536
0.018004
-0.003755
0.005851
0.005658
0.004668
0.019737
0.008333
0.021861
0.012967
-0.006579
0.004828
0.00912
0.012446
0.021266
0.003152
0.010246
0.007609
0.025
-0.00487
0.022119
0.0376638
0.003261
-0.000561
0.010714
0.0250002
0.003661
-0.006356
0.015244
0.006057
0.0316668
0.016089
0.0501101
0.0515306
0.0573671
0.0655405
0.0566239
0.0505813
0.0664226
0.0474138
0.0345478
0.0654255
0.0637755
0.0535714
0.0305554
0.046659
0.0477468
0.055851
0.0471311
0.0420505
0.0448113
0.0265542
0.0506198
0.0307379
0.0357141
0.0645162
0.0589622
0.0565068
0.0507642
0.0412994
0.0541667
0.0598837
0.0327669
0.0471311
0.0586099
0.0433672
0.0574324
0.0444915
0.0448312
0.0484043
0.032317
0.0566239
0.0396921
0.045
0.0487288
0.0661764
0.0569149
0.070946
0.0321729
0.0503112
0.0367646
0.019472
0.0448312
0.051407
0.042808
0.0520386
0.0363926
0.0493698
0.0312499
0.0493698
0.0586493
0.0497788
0.0477468
0.0391629
0.02416
0.051407
0.067623
0.0588843
0.0509259
0.0589207
0.0395298
0.0363926
0.014868
0.0520386
0.0529279
0.0401785
0.0552325
0.0427488
0.0373711
0.0505813
0.027655
0.0630166
0.0473744
0.0345021
0.0643939
0.0285089
0.0423551
0.045
0.0496231
0.0264781
0.017045
0.0324888
0.0428744
0.0545155
0.0348715
0.0491706
0.0412792
0.0596938
0.0576923
0.0389343
0.0630166
0.0484043
0.0713415
0.0551311
0.0747717
0.046466
0.0314041
0.0505319
0.0465686
0.0504386
0.05327
0.0470779
0.0391629
0.0416668
0.0476804
0.0467391
0.0400944
0.0580357
0.0491072
0.0487288
0.024521
0.0304053
0.0328949
0.0488579
0.0526595
0.0386363
0.045398
0.0312499
0.0487288
0.0520386
0.0329755
0.0477273
0.0487669
0.0550411
0.0630531
0.0586099
0.05
0.0464876
0.0458333
0.0477273
0.0535714
0.0613636
0.03295
0.0513158
0.0398936
0.0350532
0.0309827
0.0365043
0.0340909
0.0472222
0.0487288
0.0436047
0.0538889
0.0484694
0.0625
0.0509259
0.0545155
0.0462962
0.0474138
0.0494445
0.0638646
0.0250002
0.0390274
0.0528846
0.0580143
0.0583334
0.0669643
0.044431
0.0837156
0.0633886
0.026961
0.031863
0.0685898
0.0532511
0.0423551
0.0297619
0.0569149
0.0490507
0.0625
0.0773809
0.024083
0.0535714
0.0577354
0.0289302
0.0497788
0.0596938
0.0560345
0.0538703
0.0441919
0.0532511
0.0470779
0.0367645
0.0650922
0.0361112
0.0325629
0.0320797
0.0569149
0.0517015
0.0398936
0.0577731
0.0885037
0.099359
0.107609
0.10431
0.0886363
0.108425
0.086039
0.119392
0.107684
0.119349
0.111014
0.110148
0.0899122
0.0830839
0.0894971
0.0954142
0.106482
-0.018857
0.116908
-0.0625
0.0678571
0.09
0.0942308
0.0905172
0.107659
0.112013
0.084596
0.0884146
0.101331
0.107659
0.103022
0.108333
0.104339
0.0815218
0.0976028
0.106818
0.110577
0.104899
0.0833334
0.112764
0.0966312
0.085
0.0966981
0.056818
0.0815218
-0.208334
0.107248
0.107143
0.107857
0.075
0.103261
0.109714
0.107143
0.0892857
0.118764
0.077381
0.100758
0.0779412
0.09979
0.0888554
0.110714
0.0809471
-0.875
0.106735
0.0996193
0.0661765
0.0976028
0.106221
0.101331
0.102876
0.101608
0.106651
0.103947
0.0870253
0.0916667
0.104339
0.019737
0.0905173
0.0892857
0.0924796
0.0972222
0.0897059
0.0865385
0.0572034
0.0933544
0.09375
0.0312498
0.095297
0.105198
0.111842
0.107353
0.102679
0.111547
0.0815218
0.0946969
0.0480768
0.096223
0.0885037
0.099026
0.107954
0.0361113
0.101191
0.103947
0.0966981
0.0777027
0.105488
0.0925925
0.105482
0.108146
0.0808824
0.0597824
0.0743671
0.0815218
0.107301
0.0979729
0.0994898
0.109615
0.11
0.0939922
0.097028
0.0972222
0.105488
0.086039
0.0922131
0.119556
0.0901163
0.108696
0.104382
0.109252
0.0966981
0.0340907
0.109962
0.101378
0.100904
0.0723685
0.114189
0.0953704
0.073718
0.101608
0.0844595
0.0982142
0.102612
0.0875
0.0924796
0.086039
0.114826
0.1
0.0416666
0.119816
0.10361
0.104452
0.102778
0.0583334
0.10824
0.097973
0.111111
0.117827
0.0625001
0.115736
0.110916
0.104021
0.076923
0.113571
0.101191
0.0903465
0.101879
0.0916667
0.0661765
0.101191
0.086039
0.0986842
0.0839041
0.100904
0.0918247
0.0480768
0.119633
0.0802239
0.105645
0.0917419
0.108607
0.085
0.0380435
0.073718
0.106308
0.107456
0.099026
0.0802239
0.075
0.0961538
0.0683962
0.11587
0.0583334
0.016667
0.006147
0.003788
0.0477273
0.0553278
0.0477468
0.011555
0.0509259
0.0348715
0.071281
0.0762195
0.011792
-0.004707
0.0522727
0.0305795
0.0667476
0.004227
0.011076
0.0332971
0.0583334
0.003788
0.0398935
0.0580357
0.016775
0.048077
-0.010746
0.013889
0.017116
0.021397
0.0432695
-0.004555
0.00862
-0.015704
0.046466
0.0313831
0.0557359
0.014796
0.0474138
0.001847
0.0348715
0.0333333
0.0313831
0.0286698
0.0606223
-0.012339
0.0345021
0.009774
0.011957
0.024582
0.005658
0.022436
0.018519
0.01483
0.0583334
0.024563
0.003788
0.010965
0.020197
0.0355689
0.0283614
0.0388756
0.017523
0.0509259
0.023734
-0.013393
0.0516055
0.025
0.0423551
0.002193
0.023305
0.01343
0.0274388
0.033654
0.012967
0.014381
0.067029
0.0315419
0.02416
0.020397
0.0359314
0.019737
0.0424759
0.009298
-0.006687
0.014362
0.0254148
0.014362
0.0285089
0.013393
0.010965
0.01343
0.014362
0.015547
0.023734
0.0254148
0.01285
0.013889
0.0274388
0.03295
0.034091
0.0539099
0.023734
0.013372
-0.005841
0.0616516
0.0409292
0.0262345
0.002118
-0.002962
0.0382418
0.018805
-0.00344
0.023058
0.0484973
0.0424314
0.010714
0.006857
0.0289302
0.046986
0.0350532
0.010714
0.015351
0.006857
0.0630952
0.019309
0.0542036
0.0439189
0.013325
0.0426957
-0.001087
-0.001016
0.024582
0.0375001
0.0494445
-0.001638
0.001033
0.0544118
0.0752488
0.01583
0.0562169
0.0535714
0.005658
0.0307379
0.017857
0.0301724
0.012029
0.01343
0.023305
0.01285
-0.005801
0.01583
0.022873
0.0512673
0.0604838
0.0288464
0.023786
0.0345021
0.01583
0.045
0.017242
0.042808
0.0324888
0.0345478
0.0464876
0.0683198
0.0547297
0.018162
0.018004
0.0309827
-0.006313
0.0616516
0.0376638
0.019515
0.022873
0.009298
0.014908
0.0352043
0.0274388
0.0320797
-0.00176
0.0315042
0.015296
0.005185
0.0438034
0.011076
0.010106
-0.001213
0.0356383
0.0603448
0.02323
0.0330457
0.0542453
0.0361112
0.0264084
0.0461618
0.0291098
0.0659283
0.0270409
0.0701477
0.011363
0.019009
0.013889
0.0321729
0.009298
0.00431
0.013889
0.0646551
0.013889
0.0270409
0.01583
-0.00563
0.007845
-0.004707
0.01343
0.019515
0.0571267
0.008333
0.0622197
0.021397
0.0355689
0.0299586
0.045
0.017704
0.0509259
0.0279536
0.0262877
0.017116
0.025433
0.0280837
-0.00463
0.0583333
0.008333
0.012255
0.019977
-0.001016
-0.007597
0.0328949
0.011463
0.0370371
0.025433
0.0345745
0.006356
0.009444
0.0694445
0.0309827
0.0963114
0.019515
0.019737
0.023678
0.025901
0.021552
0.0409292
-0.003889
0.0311227
0.005952
0.006857
0.061508
0.017242
0.019068
0.013889
0.007096
0.0267092
0
0.0312499
0.020197
0.008929
0.021714
0.022873
0.0610731
0.0621727
0.004828
0.012446
0.007353
0.002551
0.025433
0.0258266
0.0498827
0.002193
0.0345021
0.018443
0.0655941
0.007883
0.012446
-0.015186
0.0506198
0.0289302
0.013889
0.0732759
0.0434549
0.0719026
-0.005081
-0.00742
0.02323
0.022778
0.0254148
0.0477468
0.008408
0.0413179
0.0529661
0.0354477
0.0305795
0.008817
0.0254742
0.016775
0.016214
0.0602227
0.0378203
0.037844
0.0297619
0.045354
0.0333333
0.0327669
0.0321729
0.0408876
0.0474138
0.0295645
0.0352043
0.003261
0.021104
0.0355689
0.021552
0.037088
0.0363926
0.034465
0.007609
0.010965
0.0461618
0.0295645
0.012255
0.040344
0.0287654
0.021694
0.013889
0.0565068
0.0505813
0.015756
0.0394145
0.0363926
0.0311227
0.015909
0.018004
0.0586493
0.0125
0.0327669
0.023618
0.003788
0.0674779
-0.005435
0.012446
0.02416
0.024582
0.0406118
0.0291667
0.0262877
0.024123
0.034465
0.0397984
0.0493698
0.001033
0.013372
0.0295645
0.0641304
0.0362148
0.0470779
0.010714
0.0431034
-0.00344
0.019515
0.0295645
0.021694
0.011463
0.0321729
0.0328949
0.0688776
0.0356383
0.018162
0.022321
0.0711078
0.012967
0.020652
0.0250002
0.0352565
0.022436
0.021104
-0.014738
0.0455021
0.014796
0.051087
0.0254148
0.014908
0.03295
0.025
0.019309
0.006278
0.0526019
0.0315042
0.013889
0.006356
0.023305
0.00463
0.0279536
0.012029
0.011463
0.007609
0.022541
0.0259431
0.009774
0.017116
0.017116
0.0551311
0.0396342
0.062799
0.0446428
0.021104
0.006632
0.0270409
0.0558755
0.0268691
0.014362
0.011256
0.023678
0.0371339
0.008721
0.0440283
0.019068
0.01483
0.0291098
0.024582
0.0357141
0.0651198
-0.003866
0.007845
0.0509259
0.0529661
0.018519
0.0413179
0.0669643
0.0554348
0.0719387
0.034465
0.048077
0.0352043
0.0291918
0.0646984
-0.001638
0.0560345
0.0303498
0.02416
0.0279536
0.054293
0.0305795
0.0430326
0.019737
0.0277777
0.0337135
0.0557359
0.0285089
0.0477053
0.011878
0.0387933
0.0270409
0.025433
0.011957
0.0502337
0.0280837
0.010714
0.00407
0.0372806
0.021694
-0.012168
0.0254975
0.00912
0.0542036
0.0297619
0.020397
0.0279536
0.0532296
0.02416
0.0420505
0.012892
0.032834
0.018617
0.020197
0.007629
0.022778
0.014423
0.0250002
0.0413179
0.021694
0.0432695
0.006857
0.0457921
0.004668
0.007883
0.010593
0.023305
0.0283614
0.0752488
0.001713
0.0372806
0.001777
0.017562
0.0317796
0.023618
0.015296
0.023148
0.045354
0
0.024582
0.019231
0.025901
0.021996
-0.000507
0.011463
0.0689655
0.0409292
0.082265
0.008041
0.0477468
0.021266
0.0556122
-0.002118
0.0441919
0.0409292
0.021266
0.012967
0.0756727
0.019515
0.021397
0.065367
0.021996
0.0317796
0.014423
0.006857
0.0580143
0.012931
0.015476
0.0352043
0.01285
0.004668
0.021694
0.0423551
0.016667
0.0283614
0.020833
-0.008333
0.044431
0.0604838
0.020397
0.0336955
0.0255235
0.016667
0.0295645
0.016775
0.0365043
0.0304053
0.0409665
0.0392859
0.0312499
0.0258266
0.00266
0.015244
0.016214
0.018519
0.003788
0.024582
0.0817307
0.013889
0.007609
0.0287654
0.023374
0.018805
0.021552
0.011076
0.048077
0.019273
0.024582
0.0309827
0.0361112
0.0401785
0.02104
0.034091
0.0611702
0.0412994
0.01583
0.025
0.014344
0.0307379
0.0395298
0.0262345
0.0448113
0.0367646
0.009774
0.0433673
0.0412994
0.0370371
0.0580357
0.0263453
0.021996
0.011463
-0.000714
0.015756
0.0299586
0.0451681
0.013298
0.010246
0.003152
-0.006915
0.022675
0.019068
0.011555
0.014796
0.0416665
0.004166
0.0295645
0.004166
0.0272223
0.005658
0.0250002
0.011363
0.0295645
-0.006687
0.011363
0.010714
0.007096
0.0254148
0.001543
0.022541
0.0313831
0.006356
0.023148
0.020928
0.003788
0.010714
0.001713
-0.003205
0.016214
0.014381
-0.005612
-0.004464
0.014381
0.0368942
0.018333
0.022959
0.01164
0.022873
0
0
0.023786
0.015244
0.0275423
0.0328949
0.0262877
0.006278
0.008929
-0.007744
0.0299586
0.009616
0.001069
0.011076
0.004668
0.002551
0.020397
0.025433
0.019737
-0.003631
-0.001051
0.013889
0.010593
-0.018541
0.010463
-0.003755
-0.002572
0.017857
0.014362
0.022321
0.011555
0.003152
0.005342
0.021996
-0.006004
0.003661
-0.003319
0.014362
0.005342
-0.010593
0.000576
0.019068
0.012967
0.018617
0.0433673
0.0333333
-0.007232
-0.008621
0.019958
0.014344
0.022561
0.007609
0.015351
0.0360168
0.023551
0.021552
-0.005045
0.010593
0.012967
0.024582
0.0270409
0.010106
0.0363926
0.018162
-0.00926
0.018162
0.002551
-0.006356
0.001033
-0.00431
-0.013249
0.0427488
-0.015186
-0.003631
0.006356
0.0262345
-0.007232
0.010246
0.017704
0.022321
-0.004555
0.018004
0.011256
0.0321729
0.0272223
0.001543
0.0464876
-0.006979
0.01343
0.009616
0.0262877
0.010463
-0.003755
0.018877
0.005658
0.0267856
0.005166
0.008064
-0.009529
0.0391629
0.004828
-0.006221
-0.009199
0.018162
0.0305795
0.000536
0.0301724
-0.011363
0.012967
0.017857
0.022196
-0.006687
-0.004187
0.018048
0.019515
-0.005801
0.00205
-0.003631
0.006857
0.004166
-0.000523
0.0301724
0.019309
-0.015909
0.001069
0.020652
0.005166
0.002828
0.019958
-0.009199
0.034091
0.008408
0.034465
0.022873
0.004668
0.002729
0.00431
0.002551
0.011179
0.006356
0.003924
0.009298
0.012967
0.022119
0.007845
0.00431
0.001069
0.013412
0.005851
0.010463
0.0275423
-0.017241
0.021266
-0.002049
0.014796
-0.01424
-0.00153
0.009774
0.020454
0.007353
0.019958
0.02416
0.015756
0.010714
0.009774
0.015688
0.0125
-0.006221
-0.009694
0.003152
0.010463
0.004828
0.008817
-0.000542
0.004668
0.009298
0.0420305
0.034091
0.016775
0.024563
0.005658
-0.010266
-0.017157
0.019958
0.003661
-0.010135
0.011555
0.005531
0.008817
0.023305
0.021552
0.007591
0.005185
-0.001016
0.023058
0.0440283
0.00205
0.003152
0.023734
0.009298
0.007609
0.001147
0.005658
0.016667
0.001777
0.010246
0.003378
0.005734
0.012029
0.014362
0.003378
0.011076
0.005342
0
0.002095
0.021694
0.001652
-0.008333
0.0365043
0.0336955
0.006147
0.01483
-0.010372
0.018004
-0.000542
0.017562
0.005166
0.018443
0.007845
0.011076
0.008333
0.014381
0.0391629
-0.002753
0.0679824
0.009298
0.01583
0.010965
0.0321729
-0.008333
0.001595
0.004166
0.006356
0.018333
0.001713
0.003261
0.0477468
0.0262345
-0.005801
0.0538703
0.0303498
-0.000507
0.00205
0.022541
0.011957
0.019068
-0.000629
-0.000582
-0.003099
0.011076
0.002828
-0.005252
0.003924
0.005531
0.0516055
0.0254148
0.008117
0.000519
0.009956
0.0301724
0.018162
0.021861
0.002551
0.001069
0.015244
0
0.012387
0.019309
0.01583
0.00912
0.010965
0.019515
0.016775
-0.009146
0.005531
-0.006687
0.007609
0.00862
0.021552
0.007609
0.015351
-0.00463
0.020454
0.022436
-0.007478
0.002637
0.0254525
0.002637
0.00912
0.007353
-0.001582
0.002637
0.003261
0.01343
0.017704
0.017116
0.0267092
0.008408
0.002193
0.020397
0.011076
0.008117
0.018443
-0.004032
0.018877
0.0250002
0.002551
0.0263453
-0.003078
0.007845
0.009774
0.0297619
0.013889
-0.001168
0.00407
0.0356383
-0.011986
0.015296
0.00862
0.022196
-0.009782
0.005851
0.0299586
0.005658
0.007591
-0.00778
0.009774
0.008495
0.007591
0.0340909
0.009774
0.018004
0.0424314
0.001069
0.008817
0.017019
0.00205
-0.003078
-0.00778
0.003504
0.011555
0.024582
0.007591
0.01343
0.020735
0.02416
0.0420125
0.0745413
0.0385803
0.013412
0.0324888
0.016304
0.00431
0.029348
0.0337135
0.020652
0.0267856
0.00862
0.015909
0.022436
0.0262345
0.015244
0.009058
0.0385803
0.01335
0.0250002
0.0262877
0.0279536
0.0275423
0.0682314
0.018443
0.0324074
0.020652
0.0283614
0.03295
0.0392856
0.021694
0.0250002
0.010965
0.0254742
0.003152
0.0267092
0.0312499
0.011076
0.025
0.021104
0.009444
0.006278
0.023148
0.0317796
-0.001638
0.012967
0.002729
-0.005653
0.0451681
0.018333
0.0258266
0.029348
0.023678
0.019737
0.012931
0.020397
0.0283614
0.0372806
0.0426957
0.008333
0.006579
0.007609
0.0506198
0.010246
0.019515
0.015756
0.013412
-0.002854
0.010965
0.0268691
0.0368942
0.017523
0.022541
0.0423551
0.024563
0.020454
0.022541
0.015756
0.0295645
0.008333
0.021861
0.0367646
0.0333333
0.0270409
0.021694
0.018617
0.0254525
0.0250002
0.0250002
0.01483
0.015244
0.021104
0.009956
0.0283614
0.0263453
0.002451
0.0272223
0.0484235
0.017562
0.004828
0.020397
0.0317796
0.006057
0.008408
0.003261
0.024083
0.009616
0.0299586
0.010463
0.011957
0.0392856
0.015244
0.0398935
0.016304
0.018333
-0.003889
0.007353
0.010593
0.008817
0.008333
0.0299586
0.0313831
0.02416
0.009616
-0.006579
0.015296
0.008817
0.005531
0.015411
0.006356
0.0367646
0.0328949
0.0264781
0.018162
0.0262345
0.0382418
0.003924
0.01583
0.0382232
0.0566239
0.010246
0.0380433
0.015351
0.007096
0.024563
0.010965
0.002729
0.02323
0.01583
0.017562
0.024582
0.022959
-0.001638
0.018877
0.000536
0.0398935
0.0278339
0.0267092
-0.011612
0.014423
0.020197
0.018162
0.016892
0.015547
0.0278339
0.020454
0.0125
0.003378
0.010845
0.020652
0.019309
0.0353776
0.014362
0.0336955
0.010246
0.019309
0.016667
0.012805
0.029306
0.006632
0.01335
0.01483
0.008333
0.018004
0.008117
0
0.047449
0.005531
0.008929
-0.002193
0.023786
0.011179
0.0258619
0.022778
-0.006818
0.024497
0.0283614
0.005734
0.025433
-0.014738
-0.002572
0.004668
0.017377
-0.001051
0.0387933
0.0271278
0.0271278
0.003378
0.014362
0.0406118
0.004668
0.0125
0.0267856
0.009298
0.0472798
0.009298
0.007845
0.000576
-0.007159
0.037863
0.016214
0.0477273
0.0574894
0.0254148
0.015756
0.010593
0.024582
0.002118
-0.013528
0.0283614
0.0367645
-0.009615
0.0316668
-0.016463
0.010965
0.0589622
-0.012652
-0.006915
0.0387056
0.0420305
0.025433
0.010845
0.0313831
0.020833
0.014868
0.019068
0.019958
0.021861
-0.013655
0.0677083
0.015547
0.0773809
0.0406118
0.022119
0.05327
0.0321729
0.010593
0.001106
0.007609
0.0368942
0.0258266
0.005658
0.0315042
0.004166
0.01483
0.008817
0.004464
0.003788
-0.007948
0.001543
0.015909
0.020833
0.024582
0.018877
0.0336294
0.017857
0.0315419
0.048077
-0.000507
0.0254148
0.010965
0.0382418
0.019309
0.0457049
0.0553278
0.011179
0.0573671
0.0491072
0.0297619
0.016892
0.0625
0.0313831
-0.006148
-0.001582
0.009298
0.016214
0.008929
0.009298
-0.005233
0.008817
0.006356
0.008817
0.014796
0.0264084
0.0577731
0.002118
0.009298
0.03295
0.0368942
0.004668
0.001713
0.011957
-0.001582
-0.001051
0.008817
0.0477642
0.020833
0.0117
0.003788
0.010593
0.021861
0.02
0.0439189
0.0661764
0.010106
0.002934
0.005185
0.0279536
0.034465
0.0315042
0.0470779
0.008178
0.017704
0
0.010106
0.0250002
-0.002118
0.014423
0.034091
0.0426957
0.015351
0.021104
0.018162
0.005166
0.008817
0.0267092
0.0303498
0.0258266
0.0560345
-0.002659
-0.007478
0.0355689
0.003924
0.0324888
0.009793
0.024521
0.015995
0
0.0372806
-0.002273
0.0503112
0.0321729
0.0586493
-0.017181
0.0518293
0.004464
0.0262345
0.023734
0.001595
0.021175
0.0270409
-0.005801
0.001777
0.021266
0.054752
0.005208
0.022436
-0.004032
0.007609
0.015688
0.0328949
0.0254525
0.010106
0.009793
-0.002273
0.0283614
0.025
0.019958
-0.000582
0.000519
0.021694
0.0622385
0.023734
0.0283614
0.0529279
0.0309827
0.0289302
0.0389343
0.0516055
0.0436992
0.0463974
0.005342
0.0586099
0.023148
0.0274391
0.024563
0.010845
0.0274388
0.0406118
0.0371339
0.0743671
0.0455607
0.019958
0.0316668
0.0446428
0.0357141
0.0435523
0.018617
0.0664634
0.021694
0.020238
0.021714
0.0356383
0.0659091
0.025433
0.0390274
0.0348361
-0.004187
0.065171
0.0406118
0.014362
0.0268691
0.006818
0.0409665
0.003378
0.024123
0.009793
0.0308297
0.0673868
0.0278339
0.022959
0.034091
0.0779915
0.032317
0.0441489
0.021266
0.0258266
0.0491072
0.0406118
0.0440477
0.0598837
0.0262877
0.0262877
0.023305
0.021694
0.0384199
0.004668
0.0308297
0.02323
0.013889
0.0463974
0.007076
0.0897577
0.0307379
0.0529279
0.0308297
0.0315419
0.012255
0.0349098
0.0336955
0.0580357
0.0494445
0.0337135
0.0397984
0.0413179
0.0597826
0.0408415
0.016775
0.05327
0.062799
0.0382653
0.0554348
-0.002049
0.0512295
0.0461618
0.0461618
0.0348715
0.0384199
0.01651
0.0311227
0.016775
0.020652
0.0349098
0.0583334
0.016775
0.0313831
0.0291667
0.022959
0.02416
0.019309
0.0292553
0.0455021
0.011555
0.007653
0.0299586
0.0273255
0.0487288
0.007353
0.01335
0.018004
0.021996
0.047449
0.0556122
0.006057
0.017683
0.027655
0.0424759
0.022873
0.0506757
0.05327
0.0608974
0.0387933
0.0376213
0.020523
0.0391629
0.0321729
0.0287654
0.0526595
0.0357141
0.0318825
0.020833
0.0875
0.012029
0.0404927
0.0580544
0.0380433
0.0588843
0.0279536
0.020397
0.0349098
0.008408
0.013889
0.0303498
0.0352565
0.0431817
0.0271278
0.0399798
0.0398935
0.01483
0.008408
0.0283614
0.0416668
0.0254148
0.0464876
0.0340909
0.006147
0.0474138
0.0711883
0.0371339
0.0458333
0.023734
0.0384614
0.0356383
0.0317796
0.01511
0.0416668
0.0627594
0.0574324
0.0283614
0.002637
0.0259431
0.0324888
0.01583
0.012892
0.016667
0.018004
0.0430326
0.0583334
0.02416
0.0299775
0.0404927
0.0352565
0.0376638
0.0638646
0.0299586
0.015688
0.0357982
0.0287654
0.0266395
0.012387
0.017116
0.069206
0.026961
0.054752
0.004166
0.023305
0.0382232
0.0254148
0.101744
0.0944323
0.102376
0.10061
0.0801282
0.117548
0.0918247
0.100207
0.0966312
0.103261
0.100309
0.0802239
0.0942308
0.119671
0.021552
0.0996836
0.106707
0.0945122
0.0883027
0.105892
0.099359
-0.105769
0.105645
0.0837629
0.0897059
0.0998744
0.0942308
0.108871
0.0915272
0.0930365
0.10061
0.095
0.0607798
0.10049
0.115379
0.105645
0.100845
0.0888555
0.094697
0.100758
0.0759804
0.104167
-0.208334
0.0815218
0.100124
0.081044
0.106221
0.119238
0.109252
0.0997475
0.0950599
0.0853175
0.0977891
0.0976842
0.0944323
0.0795455
0.0831395
0.0872641
0.0925676
0.0588236
0.116537
0.0912447
0.101744
0.0812044
0.097973
-0.125
0.102273
0.0829832
0.0841837
0.0652985
0.101879
0.0897888
0.107558
0.117007
0.0954142
0.092033
0.0978506
0.0856987
0.0819892
0.107857
0.107954
0.109252
0.105582
0.0976028
0.0945431
0.0795455
-0.097222
0.0912162
0.076923
0.0901163
0.093254
0.108957
0.0894971
0.0902778
0.0828059
0.097973
0.0859375
0.101744
0.0924796
0.0771531
0.117939
0.0948795
0.105769
0.0923202
0.0960145
0.0972222
0.1
0.105892
0.0855264
0.0920782
0.106651
0.0875668
0.0922131
0.107301
0.0782164
0.108784
0.106818
0.111547
0.0930851
0.097826
0.0976776
0.0815218
0.085
0.110849
0.110075
0.112261
0.102528
0.0865385
0.0282257
0.109615
0.110507
-0.017857
0.101077
0.0776316
0.0929145
0.0665585
0.108471
0.102579
0.0894445
0.0885416
0.102477
0.084596
0.104592
0.0907143
0.104592
0.0923202
0.0875
0.0899123
0.103495
0.024
0.109
0.0945652
0.077
0.024
0.107456
0.101879
0.0865385
0.10361
0.0836207
0.0631444
0.0909575
0.0756172
0.115525
0.0911017
0.0821429
0.0927419
-0.008333
0.093254
0.101636
0.080414
0.102273
0.099026
0.100309
0.0779412
0.0723685
0.0980941
0.0668605
0.0815218
0.0983334
0.0892857
0.0945122
0.105645
0.111364
0.0931528
0.0879629
0.111755
0.0900655
0.033091
0.118286
0.101852
0.093254
0.0764563
0.0306601
0.021552
0.005342
-0.000523
-0.020569
0.005851
0.003378
0.000576
0.010106
0.0462962
0.011463
0.005658
0.010593
0.006278
0.013889
0.0321729
0.005597
0.0333333
0.002637
0.008817
0.00912
-0.000542
0.01164
0.021266
0.003924
0.023058
0.001543
-0.005435
0.006147
-0.011363
0.0420505
0.015244
0.0487288
0.005658
0.001033
0.018162
0.018877
0.008929
0.009616
0.001069
0.009793
-0.002572
0.010106
0.029348
-0.000542
0.03295
-0.008047
0.0333333
0.006278
0.0258619
0.0325629
0.008117
0.002637
0.004032
0.008333
0.018617
0.005342
0.0266395
0.011179
0.0125
0.006857
0.007076
0.020833
0.013889
0.001069
-0.008891
-0.009782
0.011555
0.0270409
0.002118
-0.00153
-0.00344
0.013889
0.016775
-0.01464
0.005185
-0.006915
0.008408
-0.00487
0.0125
-0.001087
0.002118
0.019515
0.022541
0.006147
0.006147
0.0305795
0.000519
0.013889
0.006632
0.0308297
0.015756
0.01483
0.018443
-0.003319
0.007096
0.007591
0.0348361
0.021694
0.012446
0.001652
0.007114
0.011463
0.019309
0.005658
0.013889
0.0283614
0.005658
0.012446
0.008817
0.01583
0.0579897
0.025433
0.017377
0.0287654
0.015296
0.011363
0.021266
0.006147
0.0370371
-0.008028
0.0254148
0.022436
0.0312501
0.010593
0.021397
0.023678
-0.000604
0.002193
0.017562
-0.013528
0.0416668
0.003661
-0.006148
0.008117
0.00912
0.011555
0.015296
0.023678
0.0336758
0.023678
0.0336955
0.034465
0.009616
0.015688
0.006356
-0.00487
0.003378
0.0271278
0.019309
0.011363
0.0315419
0.021266
0.017704
0.020397
0.001543
0.0404927
-0.00183
0.006857
0.001106
0.009444
-0.001127
0.011957
0.0363926
0.007591
-0.006915
0.0283614
0.013412
0.006818
0.0371339
0.0344826
0
-0.009529
0.001033
0.006147
0.000519
-0.001051
0.01164
0.0301724
0.007353
0.0258266
-0.005081
0.016304
0.0258266
0.017116
0.008064
0.012029
-0.008333
-0.004167
0.011179
0.0375001
0.001595
0.007096
0.018877
0.0291667
0.002118
-0.008333
0.006057
0.021552
0.018004
0.019495
-0.009529
0.0487288
0.0470779
0.0461618
0.0376213
0.0424314
0.0413179
0.0501337
0.080157
0.0548245
0.0408876
0.0520386
0.0791667
0.042808
0.0637755
0.0435523
0.0438034
0.0474138
0.0437817
0.034091
0.0448113
0.0689655
0.0463974
0.103541
0.0473744
0.0509259
0.0610731
0.0567073
0.0635965
0.0455607
0.0363299
0.0541667
0.0535714
0.0661765
0.0654255
0.0591564
0.0493698
0.0640863
0.0638646
0.0583334
0.069206
0.0669088
0.055693
0.0473744
0.009616
0.0286698
0.0721366
0.046659
0.0389343
0.0569149
0.0789171
0.0368942
0.0630952
0.0353137
0.0556122
0.0535714
0.045
0.0599593
0.0451878
0.0551311
0.0557359
0.0719387
0.05327
0.041256
0.0416668
0.0656393
0.0728673
0.0521255
0.0471311
0.0495283
0.0520833
0.0589207
0.034091
0.0477273
0.0412792
0.0743671
0.0408415
0.0666666
0.0592106
0.0513158
0.05
0.0420305
0.0553278
0.0477053
0.0509259
0.0488579
0.0518293
0.0598837
0.0365043
0.0684783
0.0391629
0.045354
0.0458333
0.0589207
0.0574894
0.0554348
0.0586283
0.0580544
0.0295228
0.0423915
0.0279536
0.0544606
0.0460527
0.0567073
0.0592723
0.0413179
0.0477468
0.0694444
0.0566239
0.0514706
0.0595795
0.0295457
0.0384199
0.0539099
0.0357982
0.0512673
0.0675287
0.0646551
0.048445
0.0538703
0.0529279
0.0420125
0.0775862
0.0906862
0.03295
0.0572034
0.0563305
0.0390274
0.070946
0.0487288
0.048077
0.0535715
0.0326922
0.022436
0.0491706
0.0791667
0.0387933
0.0649141
0.0376638
0.0350001
0.0451681
0.0282258
0.0267856
0.0503732
0.0398936
0.0459303
0.0813107
0.0495283
0.0574894
0.0671488
0.0412994
0.0423551
0.0430326
0.0304728
0.0497788
0.0522727
0.0656779
0.0714285
0.0649141
0.048077
0.0583334
0.0597826
0.0737179
0.0468107
0.024083
0.0597826
0.0474138
0.069186
0.0382653
0.0672222
0.0683198
0.0641304
0.0449999
0.0423551
0.045354
0.0583334
0.048077
0.0597826
0.0321729
0.0333333
0.0691625
0.0713415
0.0535715
0.0477468
0.0535715
0.0819378
0.0555555
0.0468107
0.0551311
0.0519407
0.0477273
0.0734536
0.0467391
0.0650922
0.0441489
0.0535714
0.05327
0.0554348
0.0552325
0.0595795
0.0345021
0.10061
0.119595
0.0694444
0.0312498
0.109127
0.105582
0.106651
0.111577
0.0480769
0.019737
0.1
0.109043
0.0985449
0.107301
0.112013
0.119652
0.111842
-0.056818
0.075
0.117007
0.0903465
0.0560342
0.0981544
0.108051
0.11395
0.103571
0.097973
-0.076
0.111207
0.0951492
0.118898
0.117976
0.106651
0.097477
0.102012
0.106395
0.0982142
0.111014
0.019737
0.105645
0.0885037
0.0802239
0.077381
0.0495281
0.0977891
0.0888554
0.0930365
0.077381
0.0909091
0.107051
0.111239
0.0449998
0.101415
0.0950599
0.09375
0.105861
0.106132
0.017857
0.119833
0.108957
0.093254
0.116189
0.0865385
0.0805217
0.119851
0.111957
0.119261
0.11775
0.074
0.115667
-0.001
0.0960145
0.119283
-0.275
0.075
0.106308
0.108425
0.009615
0.118536
0.111013
0.114474
0.115304
0.11615
0.0912922
0.096973
0.114566
0.0960145
0.012889
0.084596
0.095297
0.0923913
0.0723685
0.0818346
0.101
-0.208334
0.108471
0.078125
0.0943252
0.0996835
0.103571
0.109615
0.110075
0.114099
0.108146
0.110916
0.119708
0.0983333
0.0906653
-0.876
0.109615
-0.075
0.10552
0.113506
0.10061
0.106132
0.108333
0.119392
0.0888554
0.0683962
0.103592
0.0911017
0.0784883
0.101744
0.0974138
0.103723
0.107248
0.106759
0.0991379
0.105676
0.0924796
0.108375
0.0911017
0.115228
0.09375
0.11775
0.11
0.0857843
0.106132
0.105
0.0495281
-0.011364
0.100744
0.0892857
0.115935
0.101471
0.115244
0.101562
0.0974138
0.0879629
0.0911017
0.106982
0.0357146
0.119816
0.0927419
0.099359
0.10431
0.0815218
0.0996835
0.108193
0.0988562
0.110849
0.085
0.0883027
0.116187
0.102099
0.0340907
0.012889
0.105488
0.110222
0.103947
0.11835
0.0906667
0.111487
0.103102
0.101191
0.0884146
0.103873
0.0480769
0.117333
0.114691
0.0737179
0.096564
0.096973
0.093
0.107248
0.107607
0.0853961
-0.003319
0.00862
0.013889
0.0285089
-0.000523
0.011555
-0.003631
0.0565068
0.005
0.011878
0.000519
0.0362901
0.008333
0.0305795
0.0309827
0.0125
0.022119
0.002193
0.0270409
0.0429487
0.0355689
0.007845
0.0299586
-0.017223
0.017704
0.0416668
0.0305795
-0.012931
-0.039021
0.01164
-0.000507
0.023734
0.014796
0.002551
-0.002118
-0.003889
0.0286698
0.003543
-0.01117
0.011076
0.037863
0.0408876
0.010106
0.018877
0.019309
0.018805
0.008178
-0.004464
-0.002193
0.021397
0.0299586
0.0250002
0.018617
-0.001016
0.0374422
0.007845
-0.001582
0.004121
-0.004032
0.017242
0.0501101
0.018617
0.02416
-0.00463
0.016403
0.005851
-0.001051
-0.006818
0.014381
0.011256
0.0467877
0.005734
0.0250002
0.029348
0.014796
0.009616
0.024582
0.017562
-0.021893
0.029348
-0.006579
-0.002451
0.013889
0.006857
-0.002193
-0.000507
0.002193
-0.001582
0.008495
0.0490507
-0.002659
-0.000582
0.0515306
0.0382232
0.017116
0.01343
0.0441489
0.008408
0.0291098
0.021397
0.010845
0.010593
-0.009529
0.011076
-0.006356
0.016667
0.012029
0.003378
0.011179
0.007076
0.0395298
-0.00431
0.005851
0.008333
-0.013211
0.0436992
0.007096
-0.019033
0.02416
-0.010246
0.023734
0.0267856
-0.000507
-0.009199
0.0250002
0.0614406
0.010593
-0.008891
0.023618
-0.001051
0.021104
0.002637
0.010106
0.012892
0.0287654
0.007845
0.0642713
0.006579
0.0406118
-0.010965
-0.006915
0.012967
0.013889
0.0125
0.006356
-0.009146
-0.00183
0.000519
0.021266
-0.010246
-0.000604
0.0649141
0.0455021
-0.004464
0.0532296
0.0435523
0.0265542
0.018162
0.004668
-0.017241
0.0528846
-0.002118
0.020397
0.025
0.005851
-0.0125
0.01483
0.013889
0.019958
0.008117
0.0262877
-0.014918
0.0325629
0.00912
0.006356
0.0517241
0.013889
0.007114
0.011957
0.0125
0.002273
0.008178
0.019737
0.006278
-0.012931
0.0521845
-0.004555
0.006857
0.013889
0.00205
0.0279125
0
0.0315042
0.007114
0.011957
0.01343
0.0311227
0.019515
0.002729
0.0295645
0.003152
0.020397
0.008333
-0.008028
0.0367646
0.013889
0.0270409
0.009774
0.002118
0.024582
0.0400944
0.0402545
0.0315042
0.010106
-0.002962
-0.010246
-0.008891
0.01583
0.002637
0.02323
0.001595
0.044431
-0.004707
0.0391416
-0.002118
0.0352043
0.0446428
-0.003631
0.003924
0.0262345
-0.004464
0.017377
0.022119
0.022321
0.010965
0.02416
0.0297619
0.007353
-0.003319
0.002193
0.012967
0.00862
-0.009782
0.0303498
0.01483
0.0708129
0.006356
0.010714
0.005
-0.010593
0.017562
0.006517
0.006188
0.023618
0.012097
0.020397
0.007845
0
0.0416668
0.017377
0.0258266
-0.010746
0.0691341
0.017116
0.0556122
0
0.021694
0.021694
0.000555
0.017242
0.00431
0.003543
0.014344
0.0464876
0.006356
0.0526595
0.012446
-0.002118
0.001652
-0.001696
0.0301724
0.0270409
0.02416
0.021266
0.015296
0.0321729
-0.001051
0.0353137
-0.011363
0.022675
0.011076
0.019958
0.004166
0.024563
0.0285089
0.019515
0.003378
0.0305795
0.005952
0.045354
-0.019736
0.0340909
0.011363
0.071281
-0.00487
0.018162
0.000598
0.003504
0.019068
-0.004464
0.006857
0.002637
0.01483
0.0258266
0.0307971
0.0271278
0.0442825
-0.013249
0.003788
0.016304
0
0
0.019472
0.016892
0.004668
0.00119
0.0367646
-0.010372
0.008064
0.018333
0.014952
0.0395298
0.019737
0.0305795
0.013889
0.0360168
-0.001016
-0.001696
0.0267092
0.004032
0.002273
0.023678
0.0444915
0.011555
0.0487288
-0.008028
0.001543
-0.001087
-0.007159
0.0297619
0.0270617
0.023305
0.0324888
0.017377
0.0380433
0.0357982
-0.00431
0.0306602
0.0380433
0.0270409
-0.003319
0.019958
0.019737
-0.01424
0.015756
-0.003099
0.013889
0.0361112
0.009616
0.002273
0.004668
0.016775
0.009956
0.023734
0.0308297
0.0266395
0.007591
0.023678
0.0519407
0.0297619
-0.004167
0.003261
0.009616
0.0289546
-0.003631
0.024193
0.008333
0.002637
0.037863
-0.017223
0.023734
-0.003205
0.0311227
0.002637
0.010542
0.003924
0.022119
0.0433673
0.002729
0.004668
0.0577731
0.007114
0.0871849
0.021694
0.017704
0.017704
0.014381
-0.009199
0.020161
0.016089
0.002637
0.0266395
0.0409292
0.0368942
0.0451681
0.005
-0.004464
0.0398935
0.003049
0.0285089
0.0317796
0.0586283
-0.013095
0.00912
0.0416668
-0.002193
0.0308297
0.016775
0.0271278
0.010321
0.0630531
0.0358911
0.017242
0.013889
0.0433673
0.019737
0.0324888
0.019958
0.015909
0.012967
0.010321
0.0372806
0.016892
0.014362
0.0274388
0.009298
0.015411
0.00862
0.0413179
0.013889
0.0262877
0.00862
0.00862
0.011076
0.018023
0.009298
0.020833
0.005952
0.004464
0.0262877
0.016667
0.02416
0.015688
0.0258266
0.0491706
0.00407
0.0348361
-0.001582
0.001847
0.007096
0.0367646
0.048913
0.021861
0.0324888
0.005
0.00862
0.019009
-0.006687
0.014344
0.017857
0.0470779
0.0375001
0.0507426
0.0344826
0.014381
0.013889
-0.000683
-0.003205
0.011555
0.0458333
0.0477273
0.0398935
0.0271278
0.025
0.0586099
0.01343
0.0635965
0.011463
0.0539099
0.0561926
0.03295
0.01483
0.0522727
0.0384199
0.012967
0.021552
0.000555
0.025433
0.0299586
0.0303498
0.007609
0.029348
0.003049
0.0413179
0.012805
0.023374
-0.001016
0.0562169
0.0363299
-0.002118
0.003788
0.023786
0.0372806
0.037863
0.0397984
0.020454
0.0406118
0.01918
0.0604839
0.0250002
0.0282258
0.03295
0.0470184
0
0.006188
0.023678
0.0366279
0.010106
0.020397
0.0321729
0.009774
0.0307379
0.005342
0.0412994
0.0353137
0.003504
0.022436
0.016214
0.022436
0.007629
-0.00431
-0.001582
0.017683
-0.001168
0.000519
0.0487669
0.0355689
0.003152
0.0250002
-0.010593
0.027655
0.0395298
0.016214
0.0317796
0.020397
0.022119
0.013412
0.015995
0.022541
0.007353
0.023305
0.0470184
0.0477642
0.009259
0.003261
0.014401
0.0423915
0.013889
0.017857
0.020161
0.017019
0.0484235
0.0353776
0.019118
0.007845
0.015688
0.010246
0.017562
0.019737
0.0309827
0.0635965
0.0493698
0.0382418
0.017116
0.0270409
0.014908
0.010845
0.0366279
0.0356383
-0.001051
0.018443
0.000519
0.018401
0.0250002
0.0283614
0.0303498
-0.007478
-0.004032
0.018805
-0.002193
-0.001051
0.007883
-0.001582
0.002934
0.011076
-0.00778
0.005166
0.005342
-0.01087
0.017562
0.0303498
0.001777
0.008408
-0.015909
0.0431034
0.006632
0.011878
0.005166
0.0316668
0.00862
0.021714
0.005
-0.013888
0.0375001
0.003152
-0.00431
0.018204
0.001713
0.017116
0.019737
-0.013528
-0.003889
-0.002572
0.01164
0.0254148
-0.001582
-0.022208
0.0270409
0.002193
0.0275423
-0.005612
0.029348
0.016892
0.004828
0.01583
0.004668
0.005734
0.016667
0.017562
-0.005252
-0.016593
0.0299586
0.007114
-0.005435
0.018333
0.020397
-0.008047
0.0262345
0.001344
0.0262345
0.0470779
-0.001168
-0.014344
-0.014423
0.0392856
-0.003205
0.003152
0.0372806
0.0424314
-0.013528
-0.00463
0.015296
0.019515
-0.001582
0.010714
-0.007478
0.008817
-0.011363
-0.008333
0.017562
0.01583
0.018023
-0.005612
0.004668
-0.002193
0.011179
0.000555
0.00431
-0.008047
-0.00153
-0.01413
0.01651
-0.001582
0.0382232
0.0307379
0.0371339
0.02323
0.016892
-0.004808
0.009444
-0.015776
0.002551
-0.004555
0.007629
-0.002659
-0.010965
0.018204
0.014796
-0.036616
0.015688
0.001652
0.02416
0.012967
0.007609
0.011555
0.007353
0.010106
0.011555
0.009616
-0.000561
0.003378
-0.01424
-0.002572
-0.008891
-0.004464
0.0321729
-0.005612
0.005531
0.019958
0.002193
0.011179
0.018443
0.021996
0.005597
0.010965
-0.001582
-0.001051
0.0283614
0.008408
0.015296
0.018162
0.034091
0.0395298
0.017019
0.01164
0.0650922
0.013372
0.001595
0.005851
0.0455021
0.019737
0.010714
-0.008333
0.002729
-0.00778
0.023678
0.0441489
0.000519
0.00912
-0.00926
-0.003631
0.015296
0.0455021
-0.008047
0.010965
-0.004808
0.001713
0.016403
0.021266
0.009444
0.017857
0.021714
-0.000523
0.006147
0.013889
0.009616
-0.002273
0.003152
-0.028488
-0.007159
0.010106
0.003152
0.0266395
0.022119
0.010593
-0.000507
-0.001582
-0.008333
0.006147
-0.002118
0.010463
0.0291667
-0.013393
0.014796
-0.002118
0.010965
0.007096
0.013889
0.005166
0.012029
0.00205
0.011555
0.009298
0
-0.001582
0.012967
0.009774
0.012387
0.00463
0.018162
0.016892
0.018617
0.0258619
0.016214
-0.003205
0.00205
-0.006915
0.003543
0.0423915
0.01583
-0.00563
0.0250002
-0.002358
0.0287654
0.003049
-0.003099
0.0125
0.003543
0.011256
-0.02054
-0.014535
-0.017223
-0.014013
0.004166
0.010869
0
0.013412
0.007353
0.012029
0.0389343
0.005166
0.0254148
0.001595
0.0376638
0.021226
-0.012932
0.004166
0
0.006356
-0.010802
0.005851
-0.002118
0.0263453
-0.008333
0.009616
-0.008929
0.005658
0.006579
-0.007744
-0.003631
0.010106
-0.003205
0.0287654
-0.00487
0.007114
0.005166
0.021397
0.004464
0.010593
0.018519
-0.003889
0.0278339
0.016304
-0.00487
0.02416
-0.021919
0.014362
-0.005435
0.006147
0.003924
0.013393
0
-0.013095
0.013393
0.02323
-0.006915
0.015909
0.020652
0.005166
0.016892
0.011555
-0.004464
0.018877
0.008598
-0.007702
-0.012931
0.006632
0.012029
-0.001582
0.0275423
0.0299775
0.027655
0.016403
0.007591
0.021552
-0.005612
0.004464
0.00862
0.003661
0.011363
0.02416
0.0389343
0.03295
0.024193
0.006857
0.010463
0.019958
0.003152
0.000576
0.0295645
0.006857
0
-0.016552
-0.019279
-0.013075
0.003661
0.001238
-0.003078
0.006857
0.016089
0.0250002
0.014344
-0.004707
-0.009782
0.0299586
0.013889
0.0438034
0.014868
0.020454
0.01343
-0.005081
-0.006148
0.00205
-0.002659
-0.001087
0.017242
0.017857
0.008929
-0.002659
0.017377
0.005
0.005531
-0.006068
-0.007232
0.007353
0.0254148
-0.001638
0.010714
0.0254148
-0.004808
0.0366024
0.016403
0.0301724
0.011878
0.018443
-0.008891
0.016129
0.021714
0.0395298
0.019009
-0.000523
0.004668
0.023786
0.0328949
-0.001638
0.010593
0.001069
0.0299586
0.006632
0.004668
0.000536
-0.014918
0.006147
-0.001582
0.015244
-0.004167
0.003049
0.006857
-0.005252
0.008817
0.012967
0.00912
0.0258266
0.011463
0.004166
0.001652
0.005166
0.022436
0.009774
0.005342
0
0.002193
0.016304
0.013372
0.023374
0.012892
0.007353
0.011076
0.0258266
0.018162
0.016304
0.018877
0.0362901
0.019737
0.03295
0.0250002
-0.001696
0.009774
0.015411
0.014344
0.018519
0.0309407
0.0317796
0.022321
0.007096
0.016214
0.018443
0.023678
0.022119
0.020833
0.009774
0.0301724
0.0271278
0.007845
0.006057
0.012931
0.0305795
0.0406118
0.015351
0.018443
0.018333
0.0380433
-0.01483
0.022778
0.006632
0.009298
0.01343
0.0117
0.051087
0.0461618
0.025433
0.006356
0.016667
0.010965
0.010593
-0.006579
0.0250002
0.010714
-0.010746
0.021996
0.006057
0.021694
0.015296
0.005
0.0325629
0.03295
0.019009
0.024582
0.012029
0.007629
0.013889
0.007353
0
0.023305
0.013372
0.0353137
0.026099
0.005952
0.012446
0.015756
0.0328949
0.018805
0.0267092
0.0270409
-0.001087
0.0315042
-0.021017
0.0297619
0.021552
0.007353
0.003788
0.0367646
0.018617
0
0.023148
0.0282259
0.0287654
0.0321729
0.001595
0.0352043
0.0283816
0.021694
0.013889
0.008408
0.0348715
0.010463
0.014381
0.004166
0.003788
0.024563
0.003152
0.018004
0.0625
-0.005045
0.0365043
0.008721
0.0345021
0.004464
0.0474138
0.023374
0.005658
0.0254148
0.019231
-0.006221
-0.010266
0.010593
0.006188
0.023734
0.003924
0.0125
0.0277777
0.0345021
0.005
0.0299586
0.0303498
0.0279536
0.016892
0.017704
0.008117
0.012931
0.009616
0.015756
0.008117
0.0365043
0.020652
0.006356
0.0337135
0.014868
0.0305795
0.023734
0.007353
0.0279536
0.0250002
0.0520386
0.021397
0.0282259
0.011878
0.0309827
0.018443
0.006057
0.021996
0.0262877
0.020397
0.020397
0.008333
0.011179
0.019515
0.022959
0.014344
0.019958
0.027655
0.002359
0.023305
0.016667
0.008333
0.010714
0.0365043
0.017523
0.016667
-0.010416
0.014381
0.011363
0.012805
0.004166
0.022119
0.017242
0.02323
0.013372
0.0361112
0.011256
