-0.5822
-0.01066
-2.94501
-0.84431
0.40827
-0.46217
-0.96644
0.40719
-0.7104
0.813
-1.71331
0.97199
0.65495
-0.34178
-0.26961
0.51047
-0.78425
-0.25395
-0.74917
1.09506
0.41441
0.5
-1.14208
0.86808
1.06993
1.03744
-0.8277
-0.35946
0.5
-0.38413
-0.56283
0.51048
-0.50652
0.0129
-1.12028
-0.60973
0.29465
-0.1995
0.27745
0.5
-0.96151
0.07944
0.08972
-1.16516
-0.45406
1.06425
-0.61916
0.4566
-0.87317
-2.00592
-0.97653
1.08629
-3.0171
1.21688
0.41241
0.41403
-0.65089
0.14872
-1.06376
-0.04683
-1.24219
-0.55953
-1.40731
-0.9725
-0.61939
0.18689
0.168
-1.17431
-0.40583
-1.06611
-0.44257
1.03881
-1.44062
0.4149
-0.08345
-0.6318
0.42009
-0.03576
0.09185
-0.96886
-0.24881
-0.74116
-2.05051
-0.52371
-1.37101
0.45185
-0.7063
-1.02325
0.2397
-0.73489
0.21181
-0.62157
0.70805
0.23248
-0.74646
-0.74815
0.91356
-1.20878
0.09347
-0.44778
-0.30218
-0.30025
0.12074
-1.60235
-1.16606
0.42085
-0.5583
-0.07538
0.65449
-1.397
-2.61512
-0.74853
-0.53609
-1.18208
0.22955
-0.72987
-0.9424
-0.66451
-0.07863
-0.17929
0.5
-0.72499
-0.65547
-1.12719
-1.11504
-0.86284
0.50812
0.5
-0.62657
-0.91627
1.50576
-1.04782
-0.12922
-0.46056
0.27652
-0.67705
-1.20589
-0.7476
0.38127
-1.59807
-0.5532
0.39741
-0.09681
-0.97987
-0.93807
0.10166
-0.8003
-0.39376
0.03634
-0.69583
-0.4528
-1.58973
-1.02594
-1.0992
0.0869
0.04143
-1.18472
-1.03437
-0.32157
0.87814
-0.63538
-0.04648
0.94142
0.06222
-1.31133
0.1914
0.09515
0.28526
-1.24056
-0.538
-0.49699
-0.31665
0.09893
0.40033
-1.03296
0.84034
-0.39227
-0.06641
-0.75291
-2.79458
0.53413
-0.5139
-0.36873
-0.99177
0.5
-0.67759
-0.68309
-0.71033
-2.35942
1.5122
-1.36453
-0.95408
0.14424
-1.01342
-1.00651
0.48796
-1.05982
0.70667
1.47263
-1.1973
-0.96361
-0.75877
-0.67885
0.07439
-0.86866
0.05908
-0.351
-0.32388
0.59674
-0.49613
-0.94047
-1.55863
1.25524
0.49791
0.06252
0.36303
0.00191
-0.08094
-1.34277
-0.80469
-0.72194
-0.01109
-0.50898
-1.10309
-1.75215
-1.14764
0.23449
1.64735
-1.4497
1.23541
0.35222
-1.31575
-0.12104
-0.29188
-0.22863
-0.7092
0.5
-0.63307
-0.22428
-0.00521
-0.30028
-0.35914
0.31713
0.57231
-0.50108
0.26905
0.4769
-0.7232
0.50406
-0.42268
-0.80455
0.07733
0.46368
0.01296
0.58953
-0.97429
-0.27058
-0.31027
-0.15721
-0.90522
0.85757
-1.61921
0.13116
-0.54704
-0.51229
-0.47934
0.08543
-0.11387
1.01641
0.05971
-0.20397
-0.01672
-0.22668
0.08765
-0.79848
1.24643
1.31534
-0.5621
-0.17483
-0.28531
-3.43438
-0.44941
0.52286
0.74764
0.00922
-0.74239
-0.16877
-0.70838
-0.64562
1.0834
-1.18922
0.89257
-1.17879
0.61931
0.5
-0.73984
0.19941
0.71396
-0.49034
0.20688
-0.91981
-1.2173
0.48407
1.04329
-0.21815
0.56015
-0.25967
-1.0225
0.17458
-0.39318
-0.55371
0.55924
0.65004
0.01028
0.93477
0.21565
0.15132
-0.23257
0.74386
0.86559
-0.02711
0.01974
-0.27715
-0.18704
0.18205
-0.21509
0.5
0.12067
0.12296
-0.12099
-0.07974
-0.73293
0.29226
0.54528
0.68244
-0.71982
-0.70911
-0.26337
1.37254
0.18796
0.5
-0.5717
-0.52378
0.15726
0.082
-1.04966
-0.60087
-0.16694
-0.04925
-1.14692
-0.7466
0.64317
0.57883
-0.37732
-0.24937
-0.0693
-1.57314
-0.38497
0.26941
0.33288
1.42311
0.49925
0.39166
0.03804
-0.44904
-0.63926
-0.31316
-1.27815
-0.01265
0.50652
0.86607
0.60275
-0.18166
0.50147
0.20226
0.49388
0.42368
0.24371
0.39267
0.06328
0.22942
0.97489
0.63286
0.23785
0.0575
0.9428
-0.50414
-1.57987
0.39309
-3.39332
0.16683
0.26252
-0.16955
-1.47961
-0.32013
0.7044
0.5
-0.02581
0.5919
-0.41218
-0.25325
-0.84902
0.5
0.5
-1.99995
-4.602
-2.04289
-1.42389
0.5
-2.6899
0.5
0.5
0.5
0.5
0.5
-9.3989
0.5
-1.15003
-3.32861
0.5
0.5
0.5
-0.34565
-1.75675
-1.63397
0.5
-1.57353
-2.24555
0.5
0.5
0.5
-2.39226
0.5
0.5
-0.77135
0.5
0.5
-0.7098
0.5
0.5
0.5
0.5
0.5
0.30661
0.5
0.5
0.5
0.5
0.5
0.5
0.5
0.5
0.5
-0.55492
-7.6237
-0.6531
0.5
0.5
0.5
0.5
0.5
-1.05993
0.5
0.5
0.5
0.5
0.5
0.5
0.5
0.5
0.5
0.5
-0.30642
-3.92851
0.5
0.5
0.5
-2.1307
0.5
-0.44639
0.5
0.7764
0.5
0.5
0.5
0.5
-1.09495
0.5
0.5
-4.0538
0.5
0.5
0.5
0.5
0.5
0.5
-0.60793
-0.96251
0.5
0.5
-0.3755
-6.4387
0.5
-0.29887
0.5
0.5
0.4018
0.5
1.25245
0.5
0.5
0.5
0.5
0.5
0.5
0.5
-2.56193
0.5
0.5
0.5
-1.19843
0.5
0.5
0.5
0.5
-0.52509
0.5
0.5
-0.89781
0.5
-1.66321
0.5
0.07796
0.5
0.5
0.5
0.5
0.5
-0.43278
-3.80982
-0.66356
-0.65961
0.5
0.5
0.5
0.5
0.5
-6.65725
-0.82751
-0.10722
0.5
0.5
0.97009
-1.14481
0.5
0.5
0.33302
0.5
-4.81795
0.5
-2.48116
0.5
0.5
-1.65145
0.5
0.5
0.5
0.5
-0.5012
0.5
-0.88907
0.5
0.5
0.5
-0.00304
0.5
0.5
1.09201
-2.55692
0.5
-0.67717
-1.88949
-0.18219
0.5
0.5
-0.90654
0.5
-1.59116
0.5
0.5
-2.13694
0.5
-0.87576
0.5
0.27506
0.1354
0.71588
0.03485
0.35397
0.42254
0.27537
0.28242
0.57007
0.3734
0.59841
0.32251
0.68593
0.57075
0.92889
0.3675
0.61244
0.36196
0.31711
0.59054
0.54416
0.31316
0.47081
0.49918
0.46373
0.27433
0.2526
0.32045
1.19377
0.28401
0.06024
0.34546
0.42223
0.5561
0.58018
0.27794
0.46573
0.62242
0.62338
0.53595
0.35332
0.31598
0.7375
0.60839
0.03763
0.26209
0.47388
0.85696
0.17246
0.70019
0.48991
0.60354
0.45827
0.47851
1.03662
0.4342
0.67842
0.60247
0.4197
0.54234
0.43924
0.24493
0.5348
0.13844
1.06521
0.23679
0.49617
0.10412
0.28803
0.21852
0.7016
0.54692
0.51265
0.41362
0.60353
0.64965
0.4088
0.70646
0.49298
0.1799
0.12206
0.69838
0.67991
0.81322
0.41594
0.60989
0.80403
0.14116
0.31646
0.29019
1.3683
0.58174
0.6738
0.53763
-0.22601
0.93193
0.07296
0.5845
0.47796
0.35701
0.35692
0.14779
0.75047
0.47356
-0.20697
0.99679
0.7149
0.37969
0.48442
0.83496
0.44496
0.70365
0.59914
0.75197
0.25128
0.4626
-0.23412
0.65996
0.50904
0.34361
-0.08141
0.85251
0.29151
0.79526
0.13951
0.18826
0.77053
0.2468
0.71148
0.50737
0.33645
0.35825
0.23701
0.61355
0.62224
-0.15453
0.55525
0.78974
0.40046
0.32944
0.14738
0.62636
0.4064
0.64269
0.56386
0.57231
0.6723
0.81415
0.86782
0.5259
0.59404
0.58995
0.52303
0.62044
0.20188
0.27614
0.92148
0.7901
0.24483
0.30032
0.79801
0.53675
0.64125
0.64935
0.33104
0.3508
0.57913
0.23155
0.36441
0.38232
0.35095
0.09238
0.67802
0.80313
0.79097
0.84877
-0.45731
0.41461
0.60358
0.55442
0.664
0.85717
0.65437
0.64619
0.42164
0.78322
0.3341
0.59035
0.49659
0.81175
0.31886
0.49341
0.31395
0.48853
0.25117
0.22463
0.60923
1.11009
0.64715
0.60759
0.80201
0.65507
-0.06141
1.08061
0.56199
0.40495
0.78035
0.15639
0.70484
0.26734
0.02243
0.31036
0.62948
0.75327
0.10943
0.60887
0.09635
0.43424
0.32424
0.69177
0.28744
0.80967
0.54019
-0.03496
0.57856
0.7191
0.88908
0.07464
0.6323
0.2427
0.62657
0.06199
0.42528
0.38694
0.2153
0.1356
0.61335
0.55
0.43636
0.00111
0.12637
0.21738
0.08394
0.48609
0.27862
0.42217
0.37993
0.03212
0.71984
0.02383
0.30646
0.4378
0.87879
0.31567
0.55953
0.3659
0.40942
0.11436
0.80007
0.73442
0.12715
0.24311
0.32695
0.15948
0.62141
0.49575
0.54901
0.45447
0.77407
0.09673
0.00367
0.83751
0.56842
0.20876
0.3254
0.57276
0.32956
0.64839
0.3509
0.36301
0.56088
0.08188
0.02488
-0.50206
0.39113
0.41368
0.5103
0.59212
0.69477
-0.22354
0.67597
0.01476
0.09178
0.29123
0.03587
0.52692
0.78263
0.86994
0.72945
0.46521
0.28998
0.16805
0.4607
0.47974
0.42394
0.34633
0.30653
0.40951
0.59228
0.22043
0.734
0.6586
0.65491
0.63411
-0.29387
0.38572
0.55988
0.77686
0.53683
0.59354
0.54901
0.7467
-0.2145
0.43107
0.59148
0.14504
0.46164
0.42685
0.45936
0.36668
0.4511
-0.16456
0.89956
0.27088
0.06449
0.61807
0.27492
0.62051
0.42252
0.39699
0.24981
0.27146
0.30912
0.71534
0.29139
0.30644
-0.06058
0.31828
0.64702
0.27592
0.33155
0.34168
0.10815
0.555
0.33716
0.38797
1.01791
0.34678
0.57702
0.56016
0.63947
0.32403
0.22537
0.71765
-0.046
0.52433
0.02628
-0.06913
0.60458
0.43964
0.69348
0.55606
0.09762
0.29962
0.64776
0.32562
0.27967
0.50075
0.43666
0.41152
0.53335
0.3274
0.74181
0.47086
0.28604
0.10549
-0.30348
0.16207
0.17242
0.27846
0.39528
0.37187
0.14345
0.15137
0.42855
0.85919
0.76389
0.77107
0.6629
0.41723
-0.42674
-0.63295
-0.68545
-0.94308
0.05946
-0.71984
1.26557
-0.59387
-0.66467
-0.62522
0.11973
0.00114
-0.97159
-1.18392
-0.75758
-0.91963
-0.84343
-0.52675
-0.1527
-0.8259
0.00351
-0.56055
0.81112
-0.13862
-0.46126
-1.17394
-0.41878
-1.50779
-1.00977
-0.6037
-0.9615
0.40144
-0.35813
0.16911
0.05575
-0.8373
-0.70662
-0.37713
-0.87913
-0.18711
-0.89351
-1.06294
0.76994
-0.95104
0.50216
-0.76613
-0.58342
-0.19157
0.04811
0.75082
0.46134
-0.20847
-0.58309
-0.62
-0.77231
-0.40158
0.07824
-0.45499
-0.87054
-0.9508
-0.9476
-1.37236
-0.62392
-0.76187
-1.18729
-0.1525
-0.43422
0.68161
-0.74097
-1.60811
0.77366
-0.28573
-1.13075
-1.29318
-1.65095
0.04188
-1.03289
-1.37978
-0.88162
0.12843
-0.31322
-0.94385
-0.71087
0.59565
-0.90029
-0.67071
-0.5373
-0.68635
1.09234
0.08777
0.58441
-0.59275
-0.32787
-0.1456
-1.24737
0.64737
-0.81408
-0.32067
-0.44064
-0.55622
-0.76296
-0.74978
-1.37082
-0.95354
-0.15409
0.48209
0.54598
0.69212
0.38451
-1.52719
-0.97575
-0.35194
-0.56276
-0.22957
-0.23864
0.1954
0.25786
-0.38775
-0.89485
1.07273
-1.48285
-1.09786
-0.47257
-0.93546
0.0082
-0.95781
0.5263
0.22696
0.1248
0.01943
0.23469
-1.36444
0.2599
0.18053
-1.20632
-0.24017
-0.18947
-0.35645
0.83605
-0.96483
-0.04068
-0.45441
0.05445
-1.52821
0.49538
-1.90265
-1.03168
-0.89778
-0.1121
-0.78132
-0.1554
-0.59598
-1.13633
-0.36562
-0.86467
0.59867
-0.02242
-1.43041
1.17349
-1.2516
-0.57395
0.65914
-0.26418
0.62303
-0.89926
-0.85019
-0.76275
-0.57903
0.33209
0.16883
0.35779
-0.19559
-0.08911
0.27191
-0.86353
0.04152
0.36128
-0.34048
0.59698
-0.70084
-0.69074
-0.95828
-0.33284
-0.73644
0.24104
0.25251
-0.27216
-0.32879
-0.7672
-0.61506
-0.68877
-0.79109
-0.30198
-0.07481
1.49798
0.38768
-0.90037
-0.40571
-1.16409
-0.78257
0.17006
-0.05898
0.54881
-0.53781
-1.19612
0.25155
-0.49778
0.17122
0.03472
0.21125
0.11634
0.38087
-0.1607
-0.44651
1.01195
-1.43794
-0.00411
0.60579
-0.65517
-0.56201
0.38014
-0.82031
-0.7794
0.58361
0.12526
0.5
0.63429
1.68465
1.02876
-0.31644
-0.2117
-1.43587
-0.55662
-0.18339
0.5
-0.44558
-0.46775
0.36582
0.81786
-2.05424
-1.13671
0.00017
0.5
0.5
-0.07273
-1.15468
-0.38429
-0.12169
-0.35096
-1.13791
0.7218
0.35779
0.72774
0.3921
-0.32453
0.38301
0.5
-0.50068
0.44767
1.54079
1.20657
0.925
1.22154
-0.44811
0.37373
-0.83444
0.21876
-1.51436
0.47753
0.82129
0.89705
0.69232
0.38049
0.45093
0.57626
-0.04064
-1.59932
0.57531
-0.4011
-0.13318
-0.05665
0.79103
0.99656
-0.53118
1.09463
0.38891
-0.4009
-0.35871
-0.36207
-0.5833
-0.04005
-0.32508
0.3781
1.2127
0.628
0.37334
0.83736
0.32442
0.30949
0.35632
0.45983
0.5583
0.78915
-0.15545
-0.25063
-0.41544
-0.00637
0.0023
-0.29172
0.6398
0.19141
0.85616
-1.33578
-0.20135
0.72072
-1.04511
0.35694
0.82313
-0.94317
-0.14434
-1.54566
-0.81105
0.54856
-0.8407
1.03246
0.07606
-1.41427
0.18569
-0.43032
1.00014
0.3712
-0.23125
-1.71204
0.84418
0.96181
-0.00703
1.35806
1.28374
0.39118
-0.14694
1.47675
-1.91574
0.1128
0.21471
1.20581
-0.46568
-0.21894
0.54298
0.26306
-0.41981
-0.02672
0.5
0.57939
-0.04194
-0.83864
0.07078
-0.29696
-0.12814
0.38589
0.07299
0.43596
-0.54691
0.22138
-0.92917
0.9641
0.09586
0.36768
-0.8144
0.8177
0.0891
-0.30748
0.37319
0.8384
1.09357
-0.32867
0.54868
-0.158
0.82707
-0.48008
0.39975
-0.50352
0.28222
-0.83862
-0.51431
0.54399
0.38706
-0.35339
-0.06407
0.6015
-0.63004
-0.29455
-0.12936
-1.98651
0.20792
-0.6127
-0.68742
-1.84182
0.35811
0.36421
0.45558
1.00777
-0.28679
-1.73258
0.19304
-0.13282
-0.01567
0.86815
-0.43757
1.27886
-0.20294
-1.94741
-0.34481
0.35404
1.11159
-0.221
-0.37173
-0.91059
1.36248
0.38743
0.62812
-0.16544
-0.36654
0.42961
-0.90559
0.95885
0.71583
-0.66277
1.11329
0.13975
0.73299
-0.28322
-0.11534
-0.41704
0.10217
0.5
-0.71364
-0.09492
0.01387
-0.11329
-0.2838
-0.09859
-0.25966
0.29913
0.38075
-0.9063
0.1327
0.07213
0.02897
-0.30786
-0.4279
0.04535
0.24652
-0.28625
-0.21073
0.64195
0.29319
0.19006
0.3865
1.01495
0.23329
-0.82672
0.5118
-0.21198
-1.4413
-0.44719
-0.09879
-0.09088
-0.07479
0.48869
-0.05895
0.05021
-0.0008
-0.47997
-0.08087
1.01511
-0.88369
-1.09466
0.05995
0.16955
0.42212
0.5
-0.40843
-0.42212
0.49286
1.28531
0.87447
0.66945
0.82873
1.06005
-0.47519
0.26695
-0.38002
-0.97661
-0.27705
1.49258
-0.6243
-0.06373
0.94694
-0.27961
-0.29495
-0.18038
0.53307
-0.6551
0.77278
0.89152
0.59224
1.19951
-0.17382
-0.20452
-0.48427
0.31618
0.0472
-0.28513
-0.20552
-0.31743
-0.32394
0.41825
-0.27205
-0.25747
-0.78462
1.10338
0.05208
-0.67066
-0.51241
0.42768
-0.02403
0.9813
-0.37401
0.21498
0.04424
-0.07313
0.10478
-0.19407
1.28917
0.96822
1.57358
-0.40006
-0.70073
0.68349
-0.36381
-0.29192
0.67443
-1.01177
-0.15571
-0.1517
0.78845
-0.15756
-0.22286
0.88322
-0.05974
0.79366
-0.83704
0.47858
0.2942
1.0686
0.36726
-1.07752
-0.28994
-0.12377
-0.1138
0.95964
-0.36334
-0.29097
-0.17575
0.766
-0.26157
0.21347
0.31153
0.02377
0.45978
-0.95873
0.44939
-0.0308
-0.99986
1.09769
-0.15369
1.14397
-0.14995
-2.86633
0.28538
-0.91821
-0.4825
0.0109
1.34738
1.28509
0.14561
0.81674
-0.52269
-0.24766
0.87206
0.65064
-0.38645
-0.55149
-0.31706
-0.51445
-0.3683
-0.04615
0.06709
0.5608
-0.21605
0.5
0.5
0.5
0.5
0.5
0.5
0.5
0.5
0.5
0.5
0.5
0.5
0.5
0.5
0.5
0.5
0.5
0.5
0.5
0.5
0.5
0.5
0.5
0.5
0.5
0.5
0.5
-0.68258
-0.57395
-0.62536
-0.70754
0.5
0.5
0.5
0.5
0.5
0.5
0.5
0.5
0.5
0.5
0.5
0.5
0.5
0.5
0.5
-3.30212
0.5
0.5
0.5
0.5
0.5
0.5
0.5
0.5
0.5
0.5
0.5
0.5
0.5
0.5
0.5
0.5
0.5222
0.5
0.5
0.5
0.5
0.5
-0.70412
-0.46112
0.5
-3.36773
0.5
0.5
0.5
0.5
0.5
-1.81191
0.5
-2.64018
0.5
0.5
0.5
0.5
0.5
0.5
0.5
0.5
0.5
0.5
0.5
0.5
0.5
0.5
0.5
0.5
0.5
0.5
0.5
0.5
0.5
0.5
0.5
0.5
0.5
0.5
0.5
0.5
0.5
-4.8706
0.5
0.5
0.5
0.5
0.5
0.5
0.5
0.5
0.5
0.5
0.5
0.5
0.5
-1.07418
0.5
-0.75544
-1.4455
0.5
0.5
0.5
0.5
0.5
0.5
0.5
0.5
0.5
0.5
0.01096
0.5
0.5
0.5
0.5
0.5
0.5
0.5
-2.90555
0.5
0.5
0.5
0.5
0.5
-0.29208
0.5
0.5
0.5
0.5
0.5
0.5
0.5
0.5
0.5
0.5
0.5
0.5
0.5
0.5
0.5
0.5
0.5
0.5
0.5
0.88142
1.07726
0.85265
0.6092
1.077
0.47344
0.82805
0.58281
0.88666
0.94347
0.73775
0.77313
0.94183
0.8739
0.79548
1.07584
1.08773
0.72015
1.02751
1.17918
0.86484
1.07282
0.8574
0.8834
0.87438
0.68475
0.76764
0.7186
0.80596
0.88275
1.10142
0.62531
0.7824
0.5196
0.60031
0.55709
0.88814
0.88119
1.06373
1.03065
0.82876
0.92028
0.69388
0.6589
1.04161
0.98136
0.71851
0.58338
0.69816
0.76208
0.86723
1.07669
0.80769
0.81744
0.74064
0.68813
0.8759
1.03607
0.68519
0.53414
0.96945
1.03074
0.75235
0.60663
0.72385
0.73618
0.78036
0.31479
0.94305
0.75696
0.99013
0.71491
0.65575
0.82672
1.04785
0.8496
0.74331
0.58296
0.54805
0.89087
0.81575
0.80696
0.90574
0.39447
0.97668
0.69875
0.75143
0.7946
0.18159
0.90918
0.77793
1.0276
0.63442
0.55393
1.00439
0.56923
0.96662
0.3175
0.9443
1.0274
0.82583
0.53933
0.97381
0.54136
0.9506
0.82136
0.85901
0.91788
0.80314
1.00883
0.95234
0.99711
0.80103
0.93594
0.64068
1.05148
0.90162
0.72562
0.48802
0.84456
0.7044
0.73984
0.9925
0.73884
1.01808
0.99107
0.82073
0.97001
0.7597
0.71182
1.03939
0.82911
0.88552
0.8918
0.87718
0.37935
0.91958
1.13236
0.95186
0.68528
0.4452
0.97398
0.71568
1.01341
0.7892
0.44681
0.65273
0.51695
1.00366
0.5845
1.02323
0.88605
0.91943
0.97606
0.8091
1.08207
0.73103
1.10271
0.82709
0.71002
1.06052
0.43667
0.89903
0.80744
0.79705
0.94364
1.11256
0.64055
0.53406
0.97563
0.64374
0.82336
0.68583
1.07945
1.08112
0.81763
0.80061
1.11665
0.9047
0.61282
1.05672
1.02314
1.04425
0.65211
0.95838
0.96274
0.70001
0.6795
0.86271
0.96799
0.89751
0.80806
1.33514
0.9087
0.8216
0.6438
0.99709
0.98961
0.6989
0.60369
-0.2145
0.41955
0.1138
0.12472
0.20191
0.71762
0.30253
0.06518
0.71408
0.5009
0.56086
0.29854
0.30758
-0.11068
0.3265
0.81529
0.29466
0.16048
0.25924
0.15413
0.49245
0.01067
0.24866
0.75981
0.54653
-0.06063
0.50609
0.20129
-0.12089
0.25642
0.18633
0.79681
0.0803
0.11888
0.13589
0.17734
0.49418
0.63241
0.30672
-0.25187
0.76839
0.26762
0.42263
0.68583
0.81339
0.44674
0.80914
0.7135
-0.23831
0.56096
-0.71814
0.28048
-0.1502
0.62751
0.46039
0.00697
0.33387
0.39328
0.48606
0.23679
0.38971
0.1212
-0.19431
0.1806
0.68919
0.4784
0.6086
0.65422
0.5846
0.06013
0.48022
-0.06506
0.41783
0.05295
0.49205
0.27128
0.00974
0.78992
0.45477
0.61224
0.31969
0.62252
0.1795
0.28377
0.13547
0.43667
0.3429
0.33537
0.61102
0.84224
0.60539
-0.1144
0.71924
0.32001
0.53302
0.41041
0.42325
0.46118
-0.12228
0.61969
0.37901
0.27992
0.44824
0.7418
0.46122
0.22175
0.47951
0.32519
0.61184
0.52314
0.1243
0.34275
-0.06027
0.48498
-0.34282
0.43689
-0.3023
0.4601
0.56879
-0.28118
0.13732
0.5698
0.63728
0.22945
0.17138
0.58756
-0.50887
-0.0107
0.22649
0.51319
0.34863
0.42748
0.10663
0.24642
0.44092
0.48921
0.25835
-0.148
0.55317
0.63249
0.58072
0.70332
0.69057
0.21979
0.36501
0.00732
0.46286
-0.00306
0.47151
0.22805
0.17408
-0.04415
0.2955
0.2934
0.1296
0.1973
0.05261
0.4432
0.52611
0.73862
-0.25377
1.04197
0.30143
0.39519
-0.0275
0.38299
-0.51502
0.0456
0.46184
-0.29342
0.56533
0.3083
0.29769
0.31557
0.54625
0.08914
0.48666
0.73607
0.69822
0.35633
0.06318
0.53545
-0.29243
-0.15446
0.12207
0.17335
0.35128
0.6405
0.7976
0.31222
0.70954
0.36454
0.36478
0.24202
0.37814
-0.20662
0.87043
0.37796
0.72953
0.13592
-1.28384
0.0306
-1.05889
-1.2913
-1.30649
-0.49836
-2.09145
-0.84185
-1.02324
-0.04493
0.65127
-1.07292
0.16424
-0.81243
0.08517
-1.5546
1.08848
-0.75267
0.02255
-0.24318
-1.03265
-1.06139
-0.37575
-0.82577
-1.31471
-1.53983
0.16592
-1.47412
-0.97372
-0.24633
0.41533
-0.7161
-0.95113
-0.45479
0.03586
0.60444
0.2502
-1.09609
-0.78219
-0.51724
0.71206
-0.48123
-1.27773
-1.70484
-1.10696
0.65775
-0.68466
-0.56651
-0.89405
-0.5865
-0.05401
-0.66573
-0.44436
-1.11307
-0.37898
-1.28748
-0.7714
-1.03765
-2.67713
-0.97151
-0.40867
-0.25097
-0.80732
-0.64771
-0.2713
0.17328
-0.1577
-1.48104
0.3728
-0.78376
-1.80639
-0.54746
1.51043
0.42385
-2.46054
0.72316
-0.52639
-0.7889
-0.82177
-0.00075
-0.42931
-1.07899
-1.92925
-2.98125
-0.78326
-2.40043
-0.84652
-0.65069
-1.04017
-1.29685
-0.80023
-1.88699
-0.86883
-0.29329
0.44988
-0.2297
-1.02106
-1.1004
-0.59271
-0.93469
-1.76267
-1.08116
-0.71375
-0.39697
-1.33604
-1.22997
-1.2153
-0.69313
-1.17611
0.6386
-0.36522
0.71809
0.20048
-0.30068
-0.43212
0.46
0.11727
0.20744
-1.40049
-1.0453
0.30281
-3.65813
-0.00866
-0.35584
-0.1871
-0.10203
-1.48228
-1.20479
0.50023
-0.62342
-2.23229
-0.05052
-0.58195
-1.6032
-0.35222
-1.76823
-0.67117
0.4096
-0.90198
-1.60435
0.12512
-1.29077
-0.32319
-0.68196
-0.91705
-0.98951
-1.02656
-5.823
-0.73008
-0.90734
-1.19315
-0.60076
-0.13943
-1.90012
-2.34517
-0.77492
-1.26294
0.29146
-0.85412
-1.00236
0.1441
-0.76491
-0.59586
-1.0512
-0.2868
-0.86081
0.09483
-0.35371
-0.50863
-0.99894
-1.53946
-0.57349
-1.12979
0.06715
-1.86775
-1.21994
-1.14733
1.01326
-1.67178
-1.27461
-1.61792
0.02555
-1.09809
0.0412
-1.51692
-1.44164
-1.84215
-0.76627
-0.62443
-0.11397
-0.05004
-0.91247
-0.87458
-0.84479
-0.53744
-0.91603
-1.05984
-1.48781
-1.44712
-0.41242
0.48548
-0.77302
-0.88507
-0.06348
-1.06513
-0.39797
-0.01655
-1.14318
0.78272
-0.16345
-2.36897
0.28278
-0.04683
-0.80064
-1.52524
1.49326
-1.4978
-1.34269
-1.32077
-0.12866
-2.45318
-1.48028
0.13008
-0.80777
0.5
-0.97393
0.08072
-0.02285
-0.35456
0.80791
-2.7178
-9.0745
-1.25731
0.29178
-1.31893
0.36632
-1.64523
-1.58592
-0.58814
-0.46331
-0.31274
-0.57008
-0.59762
0.10347
-1.28965
-0.11611
-1.29008
0.00626
-1.9169
-1.62438
0.81452
-1.36378
-2.08174
-6.32
-0.55748
-1.40114
-0.22615
-0.3329
0.00655
1.31446
-0.34512
-0.34211
-0.02367
-0.43872
-0.68091
-1.09138
-1.75361
-0.25778
-2.17118
-1.73961
-0.49613
-1.63194
0.31679
-1.4861
-0.95368
-0.37418
0.3609
-0.09412
-0.52226
-0.35018
-1.23489
-0.90165
-0.26751
0.11329
0.55435
-0.93722
-0.38331
-2.75969
-0.70914
-0.61199
-1.28666
0.78017
-0.9116
-1.42219
1.27435
-1.89719
0.04317
-1.28301
1.15473
0.60368
-0.7397
0.21414
0.42894
0.28071
-1.00673
-1.56774
-1.28096
1.0509
0.24902
-0.24078
-2.05916
-0.80432
-0.9707
-0.87631
0.30092
-0.87589
-0.3997
0.28234
-0.08985
-0.6181
1.02886
0.41753
0.49498
-0.89666
-0.43863
0.06671
-0.72916
0.81562
-0.78921
-0.35009
0.48696
0.46915
-1.66689
-1.11605
-0.3087
-0.97044
-0.11646
-1.15726
-0.55546
-2.04897
-2.05744
-1.05837
-4.34015
0.2854
-1.55673
0.94428
-0.51056
-0.15407
-1.77543
-1.61338
-0.64555
-1.54326
-0.4299
-0.36801
-0.99285
0.47241
-0.70609
-0.30195
-1.65983
-0.3372
-1.10478
-0.8826
0.31113
-0.465
0.74449
0.5
-0.12904
-0.1905
-0.0044
0.4483
-0.49442
-2.62406
-2.78235
-0.88661
0.70497
-1.44855
-2.93779
-0.92776
-2.05433
-0.95347
-1.2329
-0.02642
0.19251
1.22257
-0.89606
-0.63084
0.076
0.68632
0.5
-0.85534
-0.03383
-2.41499
-0.41414
0.69768
0.79327
-3.45636
0.13
-0.46914
-0.21474
0.09008
-0.35466
-0.65172
-0.74415
-0.11494
-0.69579
1.12355
-0.1443
-1.94807
-1.76309
1.15919
-1.78685
-1.05519
-1.07019
-1.84452
0.4056
0.99683
-1.04862
0.60791
-2.80998
-0.9955
-1.37969
1.76393
-1.60091
0.15097
-0.61768
-0.36666
-0.7487
-0.4185
0.5
-0.3662
0.5
-0.09171
0.15948
-0.66661
-1.62631
-1.29966
-1.10282
0.73534
0.37557
0.01729
-0.95879
-0.44949
-1.00065
-1.23226
-1.12063
-0.12951
-0.87868
-0.87842
-0.85851
-0.77909
-0.9141
-1.21641
0.55171
-0.20269
-0.2195
-1.02382
-3.46206
-1.25824
1.20586
-1.08999
1.07001
-1.73751
0.84149
-0.77259
-0.04501
-0.88424
0.27818
-1.43721
-0.02014
-0.92592
0.63645
0.26665
1.48289
0.61814
-0.46731
-1.33661
-1.2087
-0.67624
-2.06109
-0.96506
-2.0853
0.48203
-0.19221
-0.61994
0.07961
0.5047
0.75762
-0.87763
-1.12074
-1.57161
0.67448
-0.63511
-1.56823
-1.70481
0.83222
-0.65972
-0.24022
0.04963
-0.02268
-1.2862
-1.40094
0.4544
-1.86325
1.16647
-0.77326
-0.67589
-0.88482
-1.21766
-0.40892
-0.4966
0.19143
-0.28561
0.004
0.59984
-0.32489
-0.84345
-0.57287
-1.23201
-0.00301
-1.06836
-0.44534
-1.32798
-0.44298
0.5
-8.6774
0.74052
-3.57033
-0.54426
0.46964
-0.76063
-0.95452
-1.7753
-0.37678
-2.34765
-1.87237
-1.48527
-1.29471
-0.67717
0.71741
0.49876
-0.34484
0.71437
-0.21641
1.16415
-1.25983
-2.8063
-2.32084
-2.24953
-1.11151
-0.33692
0.55616
-0.48701
0.5561
0.48896
0.39513
-0.01988
-0.64258
-0.12551
1.112
-1.02799
-0.75934
0.08413
0.75139
0.96294
-0.23991
-1.0944
-0.18504
-4.5897
-1.37204
-0.60165
0.44006
-0.87771
0.9624
-3.50502
-3.07099
-2.95268
-1.55755
-0.7249
-0.76595
1.07208
-0.59013
-1.14622
0.07824
-0.52008
0.07012
-0.58025
0.01853
-1.02928
0.01798
-1.00685
-1.75831
1.79357
-1.32567
0.5
-1.30633
0.42605
-1.14682
0.72366
-1.55562
0.69733
-0.82535
-0.22263
-0.20396
-0.24195
0.34809
-0.56727
0.60401
-0.51663
-1.99749
0.67053
-0.8778
-1.06163
0.30539
0.36254
-2.01199
-1.07827
-0.64613
0.96011
-0.85269
-2.84516
-0.67559
0.11811
-0.8763
-0.86413
0.34295
-0.83651
-0.90909
0.84973
-2.90238
0.92051
0.3776
-1.8972
0.61422
-0.56196
0.64911
0.48018
-1.69253
-0.64152
-1.47304
0.3264
-0.71735
0.3505
0.35114
0.35311
-0.63992
-0.42887
1.2763
-0.43854
-0.81788
0.53499
-0.92232
0.45437
-0.67708
-0.41078
-1.33762
-0.59654
1.00514
-0.74756
-0.72546
0.67903
-1.05985
-0.56742
-0.67553
-0.61437
0.41843
-0.44129
-0.49769
0.37565
-1.11116
-0.29053
-0.19961
-0.52809
-0.51579
0.35539
0.65806
-3.10697
-0.24679
-1.17391
-0.01866
-1.78245
-0.41115
-0.65088
0.37763
-0.15324
-0.8844
-0.26068
0.47499
-1.11794
0.59221
-0.49256
0.68636
0.36649
-0.06688
-0.17566
0.68899
0.55144
-0.23084
-0.6829
-1.25976
-0.47587
-0.74664
0.03857
-0.49576
-0.15779
0.10356
0.23416
-0.19014
0.41263
-0.7561
-0.92711
0.80154
1.39429
-3.07116
-0.00885
-0.63201
-1.12049
0.31682
0.75147
0.85257
-0.51976
-1.34402
-0.57003
-0.68525
1.19787
-1.82185
0.4105
-0.99015
0.75045
0.14527
-0.82664
-0.47688
0.49378
0.52903
0.10915
-0.89227
0.0585
0.34344
-1.06311
0.00404
-0.92077
-0.88044
1.02172
-0.97239
0.08565
-2.38364
0.66389
-2.17071
-1.24197
0.72968
-0.55676
1.3358
0.41122
-1.61777
0.31412
-1.25328
-0.50685
-0.95088
-0.82301
-1.20729
0.93315
-0.95819
-0.15144
-0.56641
-1.98136
0.3393
-1.00308
-0.72144
-0.76534
-2.91798
-1.09474
-0.81905
-0.62325
-0.49872
-0.53532
-0.85189
0.3305
-1.98299
-0.55122
-1.58674
-3.15123
-1.10007
1.12168
-1.19537
-0.46575
-0.14837
0.46037
-0.51635
0.04361
0.34093
0.37152
0.45026
0.70693
-1.31679
0.48655
0.42098
-1.33821
-0.73898
-0.33678
-0.63934
-0.65196
1.34112
0.33224
0.72072
0.65515
0.68398
0.78641
0.53263
0.77433
0.55851
0.14175
0.35374
0.67847
0.73702
0.99265
0.59535
0.58983
0.3167
-0.22713
0.45509
0.51279
0.36849
0.81292
0.32763
0.31138
0.27016
0.44267
0.63096
0.52921
0.92742
-0.14956
0.76904
0.49266
0.28062
0.53523
0.6741
0.64466
0.21253
0.98081
0.48712
0.7363
0.50563
0.5934
0.57988
0.35248
0.58462
0.16617
0.26625
0.7229
0.57042
0.2404
-0.14794
0.41768
0.70627
0.82509
0.51168
0.4605
0.61489
0.44043
0.48937
0.83971
0.36142
0.94749
0.49999
0.41859
0.81319
0.45058
0.01775
0.33805
1.39268
0.56533
0.29871
0.16861
0.3994
0.79207
0.27317
0.34581
0.50774
0.79655
0.50279
0.54073
0.39774
0.42427
0.46572
0.58709
0.65023
0.95181
0.74494
0.17929
0.59396
0.39948
0.10201
0.63643
0.63972
0.71147
0.52869
0.73356
0.68568
0.32601
0.62048
0.82201
0.51789
0.35182
0.93044
0.3948
0.74493
0.49896
0.4821
0.51453
0.82207
0.83263
0.64452
0.55482
-0.20629
0.50587
0.10955
0.77051
0.95789
1.14295
0.31836
0.57686
0.62935
1.00997
0.71589
0.76797
0.78191
0.38835
0.68977
0.43236
0.71585
1.29102
0.4289
0.29735
0.43132
0.25289
0.81096
0.83775
0.45458
0.72982
0.66143
0.58542
0.4886
0.46273
0.49225
0.61113
0.70561
0.55849
0.62866
0.59129
0.59127
0.30428
0.47175
0.31419
0.53804
0.303
0.14266
0.15275
0.89765
0.74892
0.64374
0.74978
0.49938
0.72334
0.63368
0.47693
0.76053
0.57268
0.70533
0.59237
0.61446
0.20601
0.51213
0.51274
0.47948
0.75223
0.46052
0.70721
0.70247
0.72165
-0.22616
0.14941
0.63917
0.74674
0.27121
0.88511
0.70547
0.74383
0.45392
0.18403
0.16387
0.46202
0.47179
0.49878
0.63291
0.34217
1.42471
0.5443
0.92965
0.4227
0.60347
0.58242
0.40278
-0.00035
0.58751
0.6427
0.52534
0.2176
0.61906
0.2746
0.02412
0.73008
0.45667
0.53431
0.30332
0.17817
0.14683
0.39209
0.4192
0.65379
0.59407
0.65015
0.38101
0.56557
0.37599
0.32076
0.38209
0.25094
0.67816
0.28011
0.4118
0.37344
0.66876
0.44862
0.91354
0.18611
1.01724
0.76581
0.50251
0.42078
0.05175
0.91232
0.59378
0.61141
0.35299
0.28133
0.39452
0.66265
0.25424
0.34178
0.77482
1.01343
0.63675
0.62683
0.99826
0.67121
0.364
0.45484
0.51135
0.63605
0.70695
0.66938
0.5197
0.27497
0.27159
0.70926
0.20621
0.21044
0.49809
0.30124
0.77479
0.8639
0.39415
0.05701
0.99996
0.40846
0.46976
0.42985
0.30313
0.37625
0.5716
0.02492
0.33445
0.56242
0.62774
0.55849
0.81919
0.51368
0.43165
0.63189
0.7667
0.75767
0.06795
0.7277
0.50162
0.78804
0.70071
0.93147
0.22371
0.44762
0.60189
0.27089
0.40028
0.57813
0.6443
0.2615
0.44449
0.62687
0.67042
0.28374
0.27604
0.40129
0.56546
0.85009
0.62214
0.66437
0.31967
0.32033
0.7
0.39959
0.02611
0.63512
0.46219
0.43746
0.69034
0.20001
0.80373
0.4971
0.75021
0.43474
0.84534
0.36693
0.89307
0.47778
0.30219
0.77581
1.01616
0.53424
0.41079
0.2424
0.66254
0.37548
0.68436
0.13204
0.77865
0.72426
0.16568
0.6212
0.04801
0.56022
0.4514
0.81959
0.15759
0.33299
0.46139
0.32844
1.07217
0.85078
0.56541
0.60174
0.46703
0.49591
0.37995
0.07208
0.0176
0.00352
-0.10964
0.59111
0.35924
0.51736
0.14275
-0.09782
0.5198
0.62904
0.06933
0.43356
0.50889
0.29901
0.09665
0.40387
0.62064
0.53167
0.89834
0.2102
0.20423
-0.10365
0.38233
0.31154
0.85267
0.3604
0.56591
0.58246
0.64695
0.44746
0.48381
0.79779
0.40976
0.61768
0.61614
0.33042
0.26141
0.32458
0.55712
0.61601
0.2736
0.53918
0.13083
0.09565
0.65395
0.29493
0.54024
0.285
0.65733
0.18825
0.67603
0.33933
0.2244
0.63368
0.15567
0.79326
0.44233
0.63771
0.03545
0.44068
0.37888
0.55568
0.83408
0.60518
-0.02311
0.86203
0.24937
0.82056
0.52472
0.81064
0.77381
1.08991
0.50479
0.50263
0.45473
0.75549
1.04521
0.38915
0.50606
0.83562
0.57188
0.37606
0.38087
0.33244
0.22219
0.77046
-0.20673
0.65192
0.16987
0.75666
0.43259
0.59584
0.52391
0.60978
0.64311
0.78297
0.69833
0.06155
0.55828
0.38307
0.30053
0.60156
-0.01403
0.58345
0.34139
0.48648
0.29174
0.17782
0.30727
0.33005
0.37409
0.45402
0.9151
0.40072
0.47729
0.40122
0.3897
0.9197
0.54361
0.6427
0.68084
0.18301
0.48524
0.56381
0.10674
0.46262
0.38406
0.24398
0.53275
0.55931
0.08674
0.39048
-0.00858
0.25807
0.23567
0.92708
0.87625
0.51785
-0.14429
0.75553
-0.1407
0.76369
0.74077
0.51692
0.90252
0.07288
0.34525
0.33979
-0.0205
-0.01056
0.10926
0.26365
0.5171
0.73569
0.47133
0.52217
0.44169
0.75608
-0.01034
0.59278
0.31669
0.57158
0.58463
0.33446
0.38403
0.87216
0.36083
0.44899
0.49293
0.26243
0.20906
0.4455
0.57992
0.50925
0.89057
0.42905
0.62319
0.1585
0.54986
0.70373
0.60141
0.44447
0.77691
0.89736
0.20057
0.20749
0.61433
0.3707
0.21871
0.419
0.47183
0.7897
0.43457
0.2045
0.45972
0.14353
0.42746
0.3529
0.45118
0.57815
0.57562
0.35553
0.41188
0.42244
0.56869
1.06704
0.04432
0.19883
0.6627
-0.0918
0.4964
0.6806
0.59881
1.13739
0.25084
0.19538
0.2881
0.57788
0.70085
0.61956
0.49821
0.60169
0.3782
0.07521
0.5698
0.06521
0.17731
0.63666
0.80019
0.4937
0.64217
0.21462
0.61613
0.1993
0.48466
0.24177
0.77933
0.40037
0.5259
0.43288
0.01239
0.40889
-1.13044
0.95721
-0.45425
-0.7561
0.30049
-0.15536
-0.0614
-0.43738
-1.04538
-0.74432
-1.30321
-0.24915
0.05131
-0.71131
0.5137
0.43342
0.37335
0.61118
0.61598
0.89337
-0.57109
-0.7396
0.03804
0.64531
-0.1526
-0.44834
-0.21342
-0.80936
1.46171
0.04
0.5
-0.38748
-0.5164
1.66074
0.34099
0.16504
0.09181
0.68773
0.04619
0.48192
1.3893
1.15669
-0.8209
0.48091
0.6722
0.37153
-0.81149
1.25739
0.90332
0.42428
-0.48933
-0.42055
-0.85122
-0.55279
-0.64528
0.1582
0.49993
-0.13695
-0.25415
-0.79153
0.6086
-0.0583
0.53646
-0.14851
-0.34575
0.66169
-0.3507
1.38584
-0.81286
0.48581
-1.78255
-0.47683
0.7058
0.07208
-0.67917
0.48041
-0.10891
0.07273
-0.6007
-0.61543
-0.31072
1.4192
0.16263
0.39267
-0.5789
-0.98687
0.70782
1.06459
-0.62715
-0.76018
0.17108
-0.51279
-0.25162
0.5
-0.6761
-0.40878
-0.36706
-0.60428
-0.2506
0.55191
-0.29019
-0.3811
1.07889
-0.51998
-0.45486
-2.17145
0.53958
0.27927
-1.69881
1.13627
-0.04278
0.88295
-0.19634
0.34797
-1.24751
0.5
0.54473
-0.21771
-0.98913
0.86782
1.27261
0.05068
0.55748
-0.99758
0.48262
-1.24927
-0.45425
-0.20429
-0.69568
-0.64322
0.65728
-0.71671
-0.22918
-0.05793
0.76638
1.08407
-0.57343
-1.14394
0.04092
-0.68989
-0.94175
0.79129
0.25651
1.71677
0.8202
-0.98597
0.48454
-0.22799
0.5
-0.93108
0.82081
0.20414
0.58873
-0.47464
-0.40101
-0.5331
-0.68673
-0.01544
-0.18166
-0.63634
-0.88782
0.00422
-0.38708
-0.60506
0.44227
-0.91247
-0.2986
0.32574
1.05035
0.6314
0.01405
-0.20363
-0.49442
0.71671
-0.04019
-0.83103
0.71711
0.59263
0.5
0.37052
0.59377
0.06209
-0.87447
0.76138
0.83688
-0.09209
0.5
0.42154
0.48374
0.86099
0.56032
-0.27358
1.09738
0.61287
0.48608
0.45594
0.70144
-0.76947
0.12517
1.0244
-1.13251
-0.39688
0.16285
-0.05267
0.39905
-3.27672
0.18464
-0.34111
0.29254
-0.09084
-0.66855
-1.40785
-0.40428
0.8571
0.06805
-1.00906
0.25662
0.5
-0.62141
-0.79957
-0.06295
0.27177
-0.45685
0.40665
0.88985
0.36294
-0.51063
0.15915
-0.43121
-1.59973
0.17545
1.16091
0.57999
-0.83514
-0.16913
-0.38326
1.22157
-0.63609
-0.27146
0.55633
-0.82211
-0.29759
0.92785
-1.0732
-0.20179
-0.20681
0.10961
-0.60928
-0.49073
-0.33947
-0.03963
-0.2369
0.4136
0.02264
-0.40094
-0.04564
1.15677
-0.19901
0.01665
0.57714
0.25126
-0.38069
0.26278
0.52745
-0.63675
0.5
0.87988
1.08201
1.02602
-0.49258
-0.7469
0.25718
-0.25996
-0.69345
-0.11458
-0.18454
-0.74972
1.06835
-0.04636
0.20888
0.43651
-0.9707
0.0828
-0.45539
0.01581
-0.20704
-0.42093
-0.05558
-0.15822
0.4372
0.5
0.45252
-1.40085
-0.59951
0.12151
-0.23419
0.27684
-0.88911
0.54514
-0.55098
-0.40537
-0.34237
-1.86134
0.81987
-1.11214
-0.83699
0.4439
0.29619
-0.29887
-0.5703
0.3358
0.92882
-0.42744
1.40034
0.97344
0.73011
-0.11306
-0.31616
-0.64919
-0.36613
0.21577
-1.02685
-0.04566
0.11908
0.3296
-1.04224
0.5
-0.18982
0.64936
0.99994
0.78432
-0.56757
0.29918
1.11765
-0.53526
-0.73914
0.41056
1.24687
0.10061
0.72698
-0.48448
0.84271
0.45866
-0.69094
-0.70486
-0.91144
-0.38665
0.45048
-0.08813
0.4733
-0.17692
0.54371
-0.77642
-1.47961
-0.32529
-0.61336
-0.15885
0.45087
-0.74182
1.16987
-0.29711
-0.26911
-0.53736
-0.95043
-0.56198
0.2648
0.4524
-0.50225
-0.38335
-0.44367
0.95112
0.93559
-0.40633
0.5
0.68507
-0.37147
-1.46794
-0.66739
-0.7226
-1.35166
-0.21779
-0.17359
-0.3863
-0.22135
-0.14184
0.5
0.62797
-0.19022
-0.36514
0.28939
-0.3866
-2.89743
0.72194
1.37895
0.44918
0.22492
-0.53646
0.02158
-0.59823
-0.39098
0.51823
0.52525
0.33852
-0.75361
0.87914
0.34978
-0.09628
-0.67833
0.36654
0.1833
-0.29778
-1.29583
1.4836
-0.07172
-0.72423
-0.08806
-0.41924
-1.51578
0.33331
-1.02801
-0.09077
0.26283
-0.63461
0.91678
-1.1881
-0.4588
0.61944
-0.66535
0.83344
0.96522
-0.30018
-0.10193
1.25501
1.0913
0.82854
0.32247
0.92809
1.16844
-0.53818
0.48189
-0.19843
-0.40451
0.22245
0.5
0.32343
0.31196
-0.72533
-0.76603
-0.15092
-0.61393
0.32373
-2.26258
-0.02348
0.50147
1.35048
-0.08552
-0.45368
0.5354
0.98173
-0.48721
-0.85642
-0.2115
0.5458
0.97334
-0.11856
0.66294
-0.27829
-0.66181
0.758
1.27427
0.33763
0.41273
0.38763
-0.58528
0.7368
-0.20602
-0.61589
0.3275
-0.18984
0.68269
0.56599
0.81688
-0.67824
-0.1069
-0.24295
-0.50249
0.96146
-0.45355
-0.40489
-0.62731
-0.90763
-0.42956
0.87744
0.27579
-4.49525
1.09465
0.30072
1.03009
0.29922
-0.42239
0.32946
-0.15351
-0.99043
1.06188
0.5
-0.15663
-0.04348
-0.37608
-0.56282
0.9298
0.85374
-0.22754
0.28688
0.30699
-0.41845
0.61662
-0.76263
0.32194
0.61923
-0.08205
0.45139
1.375
0.3459
0.79197
-0.4128
-0.34719
-0.06553
0.15947
0.33626
0.32594
0.63126
-0.06664
0.08866
1.38028
0.32695
0.31369
-0.15532
-0.33568
-0.1889
-0.81217
-0.25947
-0.22024
1.19935
-0.4541
-0.81736
0.72998
0.5
0.81804
0.53312
0.28282
0.11351
-0.65501
0.99763
1.0338
1.04493
0.82498
0.85916
-1.4603
-0.38706
-1.01395
-0.32635
-0.16348
0.54431
-1.59681
-0.365
0.29629
1.51215
0.06046
-1.50513
0.65653
0.97934
-0.72657
0.38987
0.19319
-0.36323
-0.3117
-0.25546
0.27074
-0.09523
-0.69141
0.68228
-0.79035
0.06646
0.61359
0.51856
0.39613
0.35765
1.54854
0.33519
0.23081
0.33779
-1.29257
-1.27396
-0.60895
-0.77378
-1.66263
0.56199
0.87742
0.89283
1.17194
1.1
1.18693
1.1737
0.95401
1.25182
1.07477
0.73713
1.01111
0.67424
0.55297
0.85911
1.02917
0.47499
0.70302
1.29671
0.59295
0.90335
0.62659
0.89929
0.82741
1.0279
0.71021
0.78721
1.02458
0.94061
1.08136
1.17046
0.91581
0.64155
1.26074
1.28209
1.16081
0.81284
0.78344
1.20427
0.8108
1.12526
0.74016
0.92896
1.15482
0.88851
1.20481
0.89748
1.10706
0.99939
1.23347
1.07979
1.11606
1.18745
0.94293
1.14053
1.09439
0.81332
0.88542
0.92605
0.62598
0.79265
1.03398
1.03275
0.96199
1.13002
1.12004
0.91106
0.91829
1.21133
0.97474
1.05587
0.9405
0.8601
0.98113
1.1417
0.60588
1.02673
1.21322
1.11241
0.99755
0.67882
1.11747
1.06268
0.77493
1.04836
1.24968
0.48958
1.04834
1.19983
0.93881
1.15142
0.89102
0.65719
0.93402
1.00988
0.82804
0.88853
0.90112
1.11573
0.7835
0.84966
0.49551
1.17863
0.9605
0.68795
0.82884
1.2005
1.07788
1.12323
1.0283
0.67516
1.06413
0.80102
0.80568
1.02456
0.65178
0.72703
1.00152
1.33807
1.16092
1.21897
0.3394
1.00503
0.78212
1.18046
0.95758
0.48319
0.83823
0.79246
0.82137
0.94687
1.07886
0.80611
1.05618
0.96807
0.99309
0.89506
0.90626
1.13634
0.83257
1.05579
1.04388
1.15677
0.95101
1.24716
0.81746
0.77834
0.62654
0.92812
0.7752
1.0096
1.04478
0.90529
1.22752
0.72258
1.0141
0.95162
0.72025
1.05064
0.85653
0.58163
1.04822
0.72261
0.78806
1.04593
0.83074
1.38725
1.02161
0.97741
0.86041
0.94786
1.0195
1.39902
0.57152
0.93209
0.57064
0.95038
0.83496
0.75708
1.05809
0.87611
1.19329
0.93476
0.97464
0.56171
0.06423
0.97137
0.76872
0.99195
1.09583
1.11774
0.80253
1.04418
0.90453
0.65029
0.91761
0.75526
0.90382
1.0206
1.09837
1.04968
0.83391
0.71454
1.09971
0.88292
0.85609
0.99485
0.94642
0.98733
1.10966
1.05497
1.04852
1.10114
0.8395
0.86924
0.75755
0.87155
0.77746
0.7493
0.71369
1.07156
1.12046
1.11974
0.57955
1.24225
1.15001
0.72865
0.89668
0.7293
0.94509
0.78281
0.84502
1.05424
0.57794
0.99464
1.13285
1.11179
0.9412
0.77639
0.75605
1.00002
0.78241
0.94333
1.02754
1.10901
1.03494
0.92937
0.87332
0.75862
0.95734
0.95119
0.8748
0.9316
0.9372
0.99744
0.81084
1.46402
1.08213
0.67618
0.78607
0.95664
0.88115
1.22248
0.74765
0.84862
0.90015
1.03135
1.29598
0.7779
0.81976
0.91167
0.83605
1.09668
1.06801
0.88129
1.17022
0.90688
0.88457
1.02728
0.85167
0.74327
0.87712
0.9947
1.01138
0.80785
0.72191
0.85574
0.72797
0.94202
0.76435
0.91745
0.92696
0.95788
1.37834
0.86825
0.95863
0.97506
1.32462
0.9168
1.24663
0.73942
1.04679
1.27912
1.18509
0.93577
1.05577
1.28502
1.07303
1.0802
0.92358
0.70199
0.99031
1.05593
0.93173
1.08949
1.05884
0.60995
0.9505
1.07596
0.67938
0.77781
1.12948
0.62827
1.13231
0.68714
0.73549
0.73256
0.5886
1.19985
0.80055
0.9279
0.80729
0.85827
1.12159
0.98436
1.08418
1.05374
0.89983
0.87892
1.02095
0.83278
0.75332
0.97393
0.83326
0.8173
1.01264
0.80445
0.95825
1.01626
1.04537
1.11936
1.23474
0.91678
0.99853
1.18327
0.98887
0.89852
0.70555
1.25892
1.19166
0.81095
0.83991
0.94136
0.98238
0.81574
1.03672
0.81764
1.09284
0.7245
1.10617
0.99544
0.90587
1.03397
1.0337
1.04293
0.92159
1.01916
0.87371
0.89655
0.78841
0.97544
0.82089
0.829
0.88345
0.83442
0.90209
1.20981
0.52388
0.97544
0.77949
0.60516
0.96706
0.77259
0.94665
1.10085
1.0285
0.9587
0.80891
0.93382
0.98387
0.5607
0.58969
0.83731
1.04435
0.28089
0.50192
0.70608
0.63026
0.56608
0.65849
0.36043
0.70555
0.78854
0.5838
0.63741
0.96118
0.79168
0.93769
0.93026
0.497
0.86081
0.26266
0.06254
0.76424
0.75959
0.29973
0.80104
0.75618
0.80682
0.73718
0.95624
0.83198
0.76433
0.6841
0.74092
0.48276
0.27773
0.84476
0.66063
0.66697
0.55201
0.79033
0.96836
0.47539
0.86375
0.83786
0.81723
0.6728
0.93952
0.5511
0.60696
0.73278
0.34512
0.83865
1.08628
0.55674
0.92643
0.7927
0.8777
0.3521
0.89371
0.88771
1.0109
1.05089
0.91276
0.81314
0.28045
1.06056
0.66658
0.60782
0.76375
0.66796
0.77696
0.55519
0.37688
0.31934
0.78107
0.68257
0.91004
0.60198
1.05926
1.12728
1.04666
0.34862
0.85649
0.75718
0.29934
0.58998
0.75452
0.25169
0.99684
0.40258
0.84206
0.74424
0.49036
0.67381
0.74214
0.98006
0.09848
0.50662
0.71044
1.08689
0.60838
0.25638
0.55724
0.06285
0.61922
0.9125
1.06417
0.86301
0.71415
0.57756
0.62825
0.58973
0.53683
0.63137
0.95576
0.91858
0.91043
0.36651
0.586
1.09195
0.71914
0.45273
0.36602
0.71537
0.55007
0.43032
0.5558
1.29165
0.78723
0.71818
0.66338
0.4386
0.74889
0.53207
1.00563
0.50316
0.70306
0.61454
0.79792
0.81391
0.89571
0.46944
0.38615
0.57648
0.66737
0.64341
0.93762
0.88931
0.83478
0.57158
0.94036
0.61523
0.52846
1.12124
0.51982
0.45153
0.78509
0.68551
0.72985
0.94133
0.70548
0.81591
0.89352
0.83064
0.39453
0.87791
0.64154
0.84224
0.8699
0.32856
0.9747
0.64865
0.99349
0.63081
0.67417
0.89488
0.79692
0.83695
0.91323
0.43522
1.15132
0.65109
0.51804
0.3877
0.701
0.88749
0.77794
0.6493
0.73463
0.84876
0.82857
0.83256
0.40015
0.70086
0.63865
0.33669
0.36434
0.97119
