0.5
0.5
0.5
0.5
0.5
0.5
0.5
0.5
0.5
0.5
0.5
0.5
0.5
0.5
0.5
0.5
0.5
0.5
0.5
0.5
0.5
0.5
0.5
0.5
0.5
0.5
0.5
0.5
0.5
0.5
0.5
0.5
0.5
0.5
0.5
0.5
0.5
0.5
0.5
0.5
0.5
0.5
0.5
0.5
0.5
0.5
0.5
0.5
0.5
0.5
0.5
0.5
0.5
0.5
0.5
0.5
0.5
0.5
0.5
0.5
0.5
0.5
0.5
0.5
0.5
0.5
0.5
0.5
0.5
0.5
0.5
0.5
0.5
0.5
0.5
0.5
0.5
0.5
0.5
0.5
0.5
0.5
0.5
0.5
0.5
0.5
0.5
0.5
0.5
0.5
0.5
0.5
0.5
0.5
0.5
0.5
0.5
0.5
0.5
0.5
0.5
0.5
0.5
0.5
0.5
0.5
0.5
0.5
0.5
0.5
0.5
0.5
0.5
0.5
0.5
0.5
0.5
0.5
0.5
0.5
0.5
0.5
0.5
0.5
0.5
0.5
0.5
0.5
0.5
0.5
0.5
0.5
0.5
0.5
0.5
0.5
0.5
0.5
0.5
0.5
0.5
0.5
0.5
0.5
0.5
0.5
0.5
0.5
0.5
0.5
0.5
0.5
0.5
0.5
0.5
0.5
0.5
0.5
0.5
0.5
0.5
0.5
0.5
0.5
0.5
0.5
0.5
0.5
0.5
0.5
0.5
0.5
0.5
0.5
0.5
0.5
0.5
0.5
0.5
0.5
0.5
0.5
0.5
0.5
0.5
0.5
0.5
0.5
0.5
0.5
0.5
0.5
0.5
0.5
0.5
0.5
0.5
0.5
0.5
0.5
0.5
0.5
0.5
0.5
0.5
0.5
0.5
0.5
0.5
0.5
0.5
0.5
0.5
0.5
0.5
0.5
0.5
0.5
0.5
0.5
0.5
0.5
0.5
0.5
0.5
0.5
0.5
0.5
0.5
0.5
0.5
0.5
0.5
0.5
0.5
0.5
0.5
0.5
0.5
0.5
0.5
0.5
0.5
0.5
0.5
0.5
0.5
0.5
0.5
0.5
0.5
0.5
0.5
0.5
0.5
0.5
0.5
0.5
0.5
0.5
0.5
0.5
0.5
0.5
0.5
0.5
0.5
0.5
0.5
0.5
0.5
0.5
0.5
0.5
0.5
0.5
0.5
0.5
0.5
0.5
0.5
0.5
0.5
0.5
0.5
0.5
0.5
0.5
0.5
0.5
0.5
0.5
0.5
0.5
0.5
0.5
0.5
0.5
0.5
0.5
0.5
0.5
0.5
0.5
0.5
0.5
0.5
0.5
0.5
0.5
0.5
0.5
0.5
0.5
0.5
0.5
0.5
0.5
0.5
0.5
0.5
0.5
0.5
0.5
0.5
0.5
0.5
0.5
0.5
0.5
0.5
0.5
0.5
0.5
0.5
0.5
0.5
0.5
0.5
-0.18187
0.23748
0.53886
0.31295
-0.48449
-1.06625
-0.66725
0.17112
0.57667
-0.11502
-0.25317
-0.02238
0.50683
0.62268
0.96732
0.17873
0.77082
-0.92837
-0.44076
0.43445
0.89746
-0.10371
-0.43765
0.55014
-0.65994
-0.46852
-0.25464
0.21744
0.1041
0.43586
-0.71813
0.42972
0.82667
-0.85025
0.33761
0.66287
-0.47625
0.34713
-1.24535
-0.74514
-0.60083
-1.11946
0.07773
-0.9966
1.45945
0.68981
0.17839
-0.44116
-0.00774
-0.41071
0.11404
-0.96612
0.86135
-0.92413
0.97882
0.68766
-0.0963
1.28112
0.2596
-0.38464
0.49877
-0.53893
-0.08853
0.33786
0.02783
0.13602
-0.62136
-0.67638
0.59492
-0.22674
0.43391
-0.39084
-0.55317
0.8743
-0.10353
0.1654
0.6102
0.54919
0.07295
0.12978
1.05992
0.41901
-1.04613
0.97777
0.92939
0.84415
0.63137
-0.25606
-0.23047
-1.27042
-1.10462
-0.00117
-0.51085
-0.18345
-0.60086
0.26722
0.44965
0.11387
-1.60624
-1.10656
0.2184
0.32816
0.69137
-0.60156
0.5
0.63258
0.98501
-1.35672
0.65285
-0.5217
0.1177
-1.48226
-2.19945
0.78093
0.12443
-0.25206
-0.27402
0.46505
-0.63605
-0.87819
-0.11411
-0.07455
0.02093
1.7242
-0.38485
-0.59798
-0.08204
-0.50325
0.19062
-1.07577
-0.77123
-1.23109
-0.3887
-0.65461
0.10532
0.914
-1.33029
-0.08906
-0.55706
-0.02716
0.65097
-0.05133
-0.28439
-0.62755
1.44084
-1.35185
1.197
0.14928
0.81145
0.50021
-0.9931
0.62598
0.05243
0.63954
-0.46753
-0.15456
-0.2533
0.61376
-1.27653
0.68699
-0.47137
0.82604
-0.60294
0.52625
-0.47492
0.87586
-0.75556
0.18671
0.88281
0.41023
-0.33761
-0.91796
0.20286
0.4477
-0.29017
0.00346
0.58194
-0.77188
-0.02888
-0.66043
-0.72406
1.14992
0.01001
-0.47858
-0.47241
-0.12709
-0.31039
0.41322
-0.08098
1.15633
-0.90843
0.46383
-0.23095
0.99408
0.64979
0.65629
-1.48156
-0.71612
-0.21263
-0.2759
1.4987
-0.87054
0.5598
-0.05709
1.28275
-0.07217
0.03206
-1.24451
-1.29025
-0.22354
0.4527
0.92533
-1.01715
0.27797
-0.14071
-2.07151
0.17284
-0.52611
0.26208
-0.9962
0.5
-2.88441
0.2636
-0.64942
0.94385
0.09341
-0.38524
-0.85818
-0.6311
-0.4707
0.70373
0.1208
-0.70465
-1.30696
-1.11062
-0.60896
0.36498
-0.17826
0.66311
-0.37346
0.77565
-0.43266
0.33225
0.0207
0.22828
0.00075
-0.22892
-0.1208
0.43558
0.19885
0.21717
0.00598
1.07157
0.76553
-1.18444
0.45945
-0.63458
-0.39667
-0.66397
0.1539
-0.70639
0.5
0.09234
0.64321
0.22159
-0.02256
0.60315
0.12378
0.5
-0.59828
-0.39501
-0.12742
0.05736
-0.6297
0.5
-0.06036
-0.15533
-1.2174
-0.46077
-0.45583
0.03633
0.5
0.84342
-0.89135
-0.48224
-0.28486
0.50014
0.51282
0.17941
-0.02912
-1.00812
1.0572
-0.49238
-1.69149
0.02223
-0.35289
0.30679
-0.41689
-0.68255
-0.68825
-0.43006
-0.55071
-0.51003
0.73571
0.7374
0.45763
-0.5334
-0.75269
-0.95829
0.5
0.35574
0.5
-0.93338
-0.46427
-0.00873
-1.17912
1.02839
0.01938
0.06778
0.59481
-0.34419
0.29503
0.15146
0.73816
-0.52765
-0.75037
0.5989
-0.24993
-0.90703
-0.1813
0.76011
0.19111
-0.91916
-0.11304
0.5
0.5
-0.94297
0.36892
0.39817
-0.23116
0.57858
0.03681
0.42088
0.99591
-0.57149
0.83943
1.59407
-0.45644
-0.01225
-0.37845
0.01694
-0.37947
-0.30507
-0.67768
0.5115
0.76802
0.10518
0.47224
-0.02283
-0.59921
-0.77379
-0.00361
0.33687
-1.36057
-0.6684
0.5
-0.00875
-0.60337
-1.03733
0.5
0.6111
0.30246
-0.65006
0.46845
0.94785
-1.247
-0.03974
-0.50331
-0.24818
0.86416
-0.47313
-0.88859
0.12502
-0.67009
0.58084
0.63862
0.03365
0.40562
-0.51968
-0.28522
0.45317
1.00211
-0.72002
-0.89512
0.19118
-1.58192
-0.59619
-0.66894
-1.80161
-0.70594
0.5
-1.44234
0.5
0.5
0.5
0.5
0.5
0.5
0.5
0.5
0.5
0.5
0.5
0.5
0.5
0.5
0.5
0.5
0.5
0.5
0.5
0.5
0.5
0.5
0.5
0.5
0.5
0.5
0.5
0.5
-0.32969
0.5
0.5
0.5
0.5
0.5
0.5
0.5
0.5
0.5
0.5
0.5
0.5
0.5
0.5
0.5
0.5
0.5
0.5
0.5
0.5
0.5
0.5
0.78298
0.5
0.5
-1.05818
0.5
0.5
0.5
0.5
0.5
0.5
0.5
0.5
0.5
-1.25727
0.5
0.5
0.5
0.5
0.5
0.5
0.5
0.5
0.5
-0.55276
0.5
0.5
0.5
0.5
0.5
0.5
0.5
-0.91525
0.5
0.5
0.5
-0.6162
0.5
0.5
-0.45984
0.5
0.5
0.5
0.5
0.5
0.5
0.5
0.5
0.5
0.5
0.5
0.5
0.5
0.5
0.5
0.85122
0.5
0.07184
0.00554
0.5
0.5
0.5
0.5
0.5
0.5
0.5
0.5
0.5
-0.98038
0.5
0.5
0.5
0.5
0.5
0.5
0.5
0.5
0.5
0.5
0.5
-1.85032
0.5
0.5
0.5
0.5
-1.13587
0.5
0.5
0.5
0.5
0.5
-0.6742
0.5
0.5
0.5
0.5
0.5
0.5
0.5
0.5
0.5
0.5
0.5
0.5
-4.88365
-0.1849
0.5
0.5
0.5
0.5
0.5
0.5
0.5
0.5
0.5
0.5
0.5
0.5
0.5
0.5
0.5
0.5
0.5
0.5
-0.61458
0.5
0.5
0.5
0.5
0.5
0.5
0.5
0.5
0.5
0.5
0.5
0.5
0.5
0.5
0.5
0.5
0.5
0.5
0.5
0.5
0.5
0.5
0.5
0.5
0.5
0.5
0.5
0.5
0.5
0.5
0.5
0.5
0.5
0.5
0.5
0.5
0.5
0.5
0.5
0.5
0.5
0.5
0.5
0.5
0.5
0.5
0.5
0.5
0.5
0.5
0.5
0.5
0.5
0.5
0.5
0.5
0.5
0.5
0.5
0.5
0.5
0.5
0.5
0.5
0.5
0.5
0.5
0.5
0.5
0.5
0.5
0.5
0.5
0.5
-0.10056
0.5
0.5
0.5
0.5
0.5
0.5
0.5
0.5
0.5
0.5
0.5
0.5
0.5
0.5
0.5
0.5
0.5
0.5
0.5
0.5
0.5
0.5
0.5
0.5
0.5
0.5
0.5
0.5
0.5
0.5
0.5
0.5
0.5
0.5
0.5
0.5
0.5
0.5
0.5
0.5
0.5
0.5
0.5
0.5
0.5
0.5
0.5
0.5
0.5
0.5
0.5
0.5
0.5
0.5
0.5
0.5
0.5
0.5
0.5
0.5
0.5
0.5
0.5
0.5
0.5
0.5
0.5
0.5
0.5
0.5
0.5
0.5
0.5
0.5
0.5
0.5
0.5
0.5
0.5
0.5
0.5
0.5
0.5
0.5
0.5
0.5
0.5
0.5
0.5
0.5
0.5
0.5
0.5
0.5
0.5
0.5
0.5
0.5
0.5
0.5
0.5
0.5
0.5
0.5
0.5
0.5
0.5
0.5
0.5
0.5
0.5
0.5
0.5
0.5
0.5
0.5
0.5
0.5
0.5
0.5
0.5
0.5
0.5
0.5
0.5
0.5
0.5
0.5
0.5
0.5
0.5
0.5
0.5
0.5
0.5
0.5
0.5
0.5
0.5
0.5
0.5
0.5
0.5
0.5
0.5
0.5
0.5
0.5
0.5
0.5
0.5
0.5
0.5
0.5
0.5
0.5
0.5
0.5
0.5
0.5
0.5
0.5
0.5
0.5
0.5
0.5
0.5
0.5
0.5
0.5
0.5
0.5
0.5
0.5
0.5
0.5
0.5
0.5
0.5
0.5
0.5
0.5
0.5
0.5
0.5
0.5
0.5
0.5
0.5
0.5
0.5
0.5
0.5
0.5
0.5
0.5
0.5
0.5
0.5
0.5
0.5
0.5
0.5
0.5
0.5
0.5
0.5
0.5
0.5
0.5
0.5
0.5
0.5
0.5
0.5
0.5
0.5
0.5
0.5
0.5
0.5
0.5
0.5
0.5
0.5
0.5
0.5
0.5
0.5
0.5
0.5
0.5
0.5
0.5
1.46502
-0.03177
0.71028
-0.98008
0.41046
-0.04678
-0.04946
0.5
0.50904
-0.84162
0.5
0.04254
0.0279
0.94599
-0.26423
1.35301
1.09739
0.4128
0.97219
0.78764
0.5883
-0.15604
1.22751
-0.06696
-0.78015
0.33763
1.106
-0.38814
-0.18422
1.1019
-0.79115
0.47644
0.34864
0.38999
-0.33153
1.14853
1.06888
0.63171
-0.50962
0.97105
0.59549
-0.13462
0.11943
-0.84529
0.97106
0.82942
1.07495
0.48601
0.61754
0.45803
-0.0183
-0.0149
1.11041
-0.65341
0.29225
0.25738
0.25575
0.39103
1.27028
1.14941
0.44714
0.59568
0.52593
0.05394
0.22718
-0.33222
0.85343
-0.66059
-0.27308
-0.41842
0.64707
0.76449
-0.43108
1.21931
0.90193
0.04268
0.31658
0.3243
0.5
0.75817
-0.22261
0.5
-0.19972
-0.26262
-0.23357
1.14103
0.55736
0.55362
-0.05443
-1.39996
0.2731
0.5363
1.2459
-0.83409
-0.8454
0.12289
-0.41025
-0.28541
0.65151
-1.2854
-0.35996
0.17371
0.60834
-0.00544
-0.27713
-0.62774
-1.64114
1.15267
0.59427
-0.27907
0.37688
0.75284
0.46395
0.75745
0.57029
-0.03729
-0.06572
-0.54777
-0.16645
-0.28683
0.12024
-0.17603
0.83765
0.36614
-0.33377
-0.64842
-0.09493
0.5
0.6093
1.08706
-0.02848
0.85688
-0.34248
0.22213
0.16657
-0.69337
0.82057
0.98853
0.2695
-0.47793
1.38455
0.71155
1.09713
-0.99629
0.25554
-0.62153
0.50408
-1.03204
-0.06109
-0.14766
-0.19219
-0.0869
1.4513
-0.33575
0.5
0.01652
1.25344
-0.39475
0.36105
0.60827
-0.62908
-0.12209
-0.78085
0.57878
-0.15241
1.2503
0.52074
0.0427
0.06701
0.76409
-0.21394
-0.12169
0.84239
-0.0292
0.26928
-0.12644
1.19652
0.5
0.17286
-0.90305
0.51425
-0.35545
0.83658
-0.29775
0.5
0.16819
0.96244
1.1748
0.1808
0.71139
0.09452
-0.00828
-0.67272
-0.08834
-0.12582
0.98367
0.05362
0.16887
0.20485
0.95016
0.54666
1.56744
1.37309
0.15985
-0.07235
-0.48576
-0.80307
-0.94195
-0.66183
-0.57495
-0.47535
0.32777
-0.47936
-2.2107
-0.13931
0.5
-0.82578
-0.55171
-0.0468
-0.11576
0.92899
-2.37426
-0.8516
-0.6975
-1.30814
0.5
0.5
0.54973
0.5
-0.91141
0.62601
-1.02838
-0.44949
0.06526
0.30597
-0.91033
0.1538
-0.41383
-0.66992
1.09782
-0.26049
-1.12851
-0.34391
-1.6036
-1.99906
0.17607
-0.01128
0.5
0.77542
-0.11604
0.14424
0.87774
-0.59981
-0.27643
-0.98578
0.94537
1.09657
-0.01164
0.40053
-0.96189
0.3984
0.53179
-0.30222
0.03416
0.5
-0.42041
-0.7377
0.9206
0.15177
-0.87206
-0.27415
0.43463
0.5015
0.93571
-0.28257
1.2225
0.5
-0.99828
0.47304
-0.65788
-0.38503
-0.93569
0.56961
-0.29669
-0.29777
0.5
0.61662
-0.57366
0.5
0.94676
-1.48625
-0.47445
-1.55453
-2.35887
-2.2751
-0.56654
0.5
-0.95545
-0.40854
-0.05722
-0.48335
-0.74495
0.5
1.34059
-0.86972
0.5
-0.48283
0.03958
0.05065
-0.50509
0.21231
-1.41751
-0.89403
1.26819
-0.7927
0.5
0.4649
-0.72578
-0.90482
-0.71239
1.00218
0.5
-0.44362
0.04822
-1.53113
0.56262
-0.42483
0.45049
0.20479
0.5
0.27042
-0.57432
0.41385
-0.33385
1.71497
-0.00138
0.27792
-3.23229
0.18214
-0.49615
-0.56555
-0.38013
-0.53573
1.12525
0.5
-0.52931
-0.27143
-0.36185
0.5
0.5
-1.49929
-0.9373
-0.14841
-1.02852
0.5
-0.34789
0.5
1.43046
-0.65586
0.60695
0.57161
-0.87015
0.04279
-0.51248
0.5
0.5
-0.44606
-0.70066
0.90397
-1.57153
0.16283
0.49189
-0.45115
-2.15037
-0.65936
-0.18565
-0.35111
-1.14138
-0.30404
-0.75228
0.05787
0.45802
1.18823
-1.20632
-0.19625
-1.41143
-0.29528
-0.36872
-0.00902
-0.99725
0.5
-0.43768
-0.59905
-0.65758
1.18193
0.8217
0.5
-2.01654
-0.86684
0.5
0.5
0.5
0.5
0.5
0.5
0.5
0.5
0.5
0.5
0.5
0.5
0.5
0.5
0.5
0.5
0.5
0.5
0.5
0.5
0.5
0.5
0.5
0.5
0.5
0.5
0.5
0.5
0.5
0.5
0.5
0.5
0.5
0.5
0.5
0.5
0.5
0.5
0.5
0.5
0.5
0.5
0.5
0.5
0.5
0.5
0.5
0.5
0.5
0.5
0.5
0.5
0.5
0.5
0.5
0.5
0.5
0.5
0.5
0.5
0.5
0.5
0.5
0.5
0.5
0.5
0.5
0.5
0.5
0.5
0.5
0.5
0.5
0.5
0.5
0.5
0.5
0.5
0.5
0.5
0.5
0.5
0.5
0.5
0.5
0.5
0.5
0.5
0.5
0.5
0.5
0.5
0.5
0.5
0.5
0.5
0.5
0.5
0.5
0.5
0.5
0.5
0.5
0.5
0.5
0.5
0.5
0.5
0.5
0.5
0.5
0.5
0.5
0.5
0.5
0.5
0.5
0.5
0.5
0.5
0.5
0.5
0.5
0.5
0.5
0.5
0.5
0.5
0.5
0.5
0.5
0.5
0.5
0.5
0.5
0.5
0.5
0.5
0.5
0.5
0.5
0.5
0.5
0.5
0.5
0.5
0.5
0.5
0.5
0.5
0.5
0.5
0.5
0.5
0.5
0.5
0.5
0.5
-2.22212
0.5
0.5
0.5
0.5
0.5
0.5
0.5
0.5
0.5
0.5
0.5
0.5
0.5
0.5
0.5
0.5
0.5
0.5
0.5
0.5
0.5
0.5
0.5
0.5
0.5
0.5
0.5
0.5
0.5
0.5
0.5
0.5
0.5
0.5
0.5
0.5
0.5
0.5
0.5
0.5
0.5
-0.94863
0.5
0.5
0.5
0.5
0.5
0.5
0.5
0.5
0.5
0.5
0.5
0.5
0.5
0.5
0.5
0.5
0.5
0.5
0.5
0.5
0.5
0.5
0.5
0.5
0.5
0.5
0.5
0.5
0.5
0.5
0.5
0.5
0.5
0.5
0.5
0.5
0.5
0.5
0.5
0.5
0.5
0.5
0.5
0.5
0.5
0.5
0.5
0.5
0.5
0.5
0.5
0.5
0.5
0.5
0.5
0.5
0.5
0.5
0.5
0.5
0.5
0.5
0.5
0.5
0.5
0.5
0.5
0.5
0.5
0.5
0.5
0.5
0.5
0.5
0.5
0.5
0.5
0.5
0.5
0.5
0.5
0.5
0.5
0.5
0.5
0.5
0.5
0.5
0.5
0.5
0.5
0.5
0.5
0.5
0.5
0.5
0.5
0.5
0.5
0.5
0.5
0.5
0.5
0.5
0.5
0.5
0.5
0.5
0.5
0.5
0.5
0.5
0.5
0.5
0.5
0.5
0.5
0.5
0.5
0.5
0.5
0.5
0.5
0.5
0.5
0.5
0.5
0.5
0.5
0.5
0.5
0.5
0.5
0.5
0.5
0.5
0.5
0.5
0.5
0.5
0.5
0.5
0.5
0.5
0.5
0.5
0.5
0.5
0.5
0.5
0.5
0.5
0.5
0.5
0.5
0.5
0.5
0.5
0.5
0.5
0.5
0.5
0.5
0.5
0.5
0.5
0.5
0.5
0.5
0.5
0.5
0.5
0.5
0.5
0.5
0.5
0.5
0.5
0.5
0.5
0.5
0.5
0.5
0.5
0.5
0.5
0.5
0.5
0.5
0.5
0.5
0.5
0.5
0.5
0.5
0.5
0.5
0.5
0.5
0.5
0.5
0.5
0.5
0.5
0.5
0.5
0.5
0.5
0.5
0.5
0.5
0.5
0.5
0.5
0.5
0.5
1.5157
0.5
0.5
0.5
0.5
0.5
0.5
0.5
0.5
0.5
0.5
0.5
0.5
0.5
0.5
0.5
0.5
0.5
0.5
0.5
0.5
0.5
0.5
0.5
0.5
0.5
0.5
0.5
0.5
0.5
0.5
0.5
0.5
0.5
0.5
0.5
0.5
0.5
0.5
0.5
0.5
0.5
0.5
0.5
0.5
0.5
-0.47762
0.5
0.5
0.5
0.5
0.5
0.5
0.5
0.5
0.5
0.5
0.5
0.5
0.5
0.5
0.5
0.5
0.5
0.5
0.5
0.5
0.5
0.5
0.5
0.5
0.5
0.5
0.5
0.5
0.5
0.5
0.5
0.5
0.5
0.5
0.5
0.5
0.5
0.5
0.5
0.5
0.5
0.5
-0.56619
1.08946
-0.76215
0.80285
0.7795
0.25596
0.36579
0.29964
0.61939
0.88505
0.42817
0.55251
-0.53417
0.25873
-0.34703
0.42514
-0.02583
-0.5487
0.18888
-0.89464
0.55037
-0.23293
1.24299
0.97878
-0.61634
-0.44848
-1.29892
0.10366
0.60635
-0.24376
0.2656
-2.99885
-2.00988
-0.15309
-0.04345
1.01828
-0.20458
-1.27774
0.39197
-0.92736
0.56922
1.17381
-0.83658
-3.29137
1.14909
0.49942
-0.73363
-0.23694
0.85313
0.40629
0.42729
0.86376
-0.57606
0.29106
0.67283
0.62113
-1.09605
0.85085
0.04114
0.16234
-1.109
-0.37166
0.54625
-0.62066
0.6443
0.16867
-0.95064
0.49334
-0.56647
-0.8252
-0.22668
0.08502
0.52462
0.98255
0.20964
-0.0437
0.15092
-0.76795
-0.98393
0.5
-0.21595
-0.69189
-0.70438
-0.54535
-0.38532
0.25069
0.97967
0.5
0.83788
-0.24403
-0.44482
-1.98319
0.16064
-0.93492
-0.15862
0.89927
0.28591
-0.37561
-0.03141
0.06177
-0.29933
-0.73899
0.61899
0.90568
0.80852
0.74753
0.57592
-0.70609
0.51649
-1.27525
-0.56236
0.09504
0.77889
-0.38605
1.24402
0.20445
0.14991
-0.78086
0.59714
0.54256
-1.02662
-0.15362
-0.29165
-0.49415
-0.17884
0.95133
-0.38233
-0.78839
-1.06958
-0.00021
-0.09258
0.02928
0.05299
-0.02132
-0.162
-0.10658
-0.06332
-0.45232
-0.09125
0.04835
0.55988
-0.69386
0.75547
-0.28463
-0.44456
-0.07479
0.73015
0.5
0.65299
0.50958
0.33497
1.0211
-0.07654
-0.72548
0.51823
-0.51675
0.77839
0.76178
-1.19233
1.06051
1.17724
-0.16936
-1.77025
-0.12732
0.75052
-0.40866
-1.61083
0.12214
0.2312
0.35853
-1.43718
0.71194
1.09895
-0.02185
0.5
-0.23534
-1.01091
-1.58769
-0.29329
1.3083
0.65649
-1.04723
0.06412
-0.3984
0.13088
-0.27526
-0.29521
0.03392
-0.59407
0.5
0.07345
0.19761
-0.14052
-0.26508
-0.36962
-0.91821
0.65207
-1.31468
-0.45408
0.09004
-0.96031
0.65801
0.35283
-1.319
-1.80052
0.92107
-0.75161
0.09804
-0.03944
0.71027
-1.76247
0.22597
-0.17885
-0.45009
0.5
0.37401
0.15696
-0.62873
-0.67166
-0.2797
-0.95914
-0.06993
1.39377
0.22983
0.68229
-0.47491
0.55711
-0.80154
0.57587
-0.23825
-0.88322
0.51479
-0.11045
0.27367
1.04814
-0.80685
-1.30199
0.45029
0.71833
-0.41615
1.41109
-1.86984
-0.58875
0.64079
1.66431
0.09672
1.39744
-1.60765
-0.54335
-0.09656
-0.47714
-0.29713
0.39883
1.06909
0.5634
0.54502
0.31352
-0.46487
0.08487
-0.13917
-0.62932
-1.53315
-0.83468
0.5
0.06055
0.14667
0.07804
-0.44192
0.76428
-0.32238
-0.53707
-0.47573
0.70273
0.73017
0.78893
0.35827
0.5
-0.27365
0.15027
-0.67863
0.77341
0.38201
-0.6659
0.68564
0.66859
-0.64399
0.5
0.24038
1.11908
0.2732
-0.09553
0.73638
-0.82377
0.72668
-0.6728
-1.202
-0.27134
0.78574
-0.29024
0.1367
-0.38657
0.16812
0.75632
1.00312
-1.75052
0.6722
-0.5225
0.72649
-0.32002
0.84276
0.37811
-0.13098
0.41207
0.70658
-0.06371
-1.57904
0.04617
-0.13763
-0.06394
1.2471
-0.4803
-0.55598
-0.66163
0.27968
-1.09176
-0.3396
0.5
-1.80408
-0.37955
0.64521
0.31495
-0.47256
0.31325
-0.64291
0.88847
0.54954
0.80657
0.84936
-0.54063
-0.49064
0.18132
-0.71898
1.08662
-0.36584
1.06656
-0.23031
0.22985
0.60341
0.45796
0.26115
-0.51469
-0.24118
-0.9276
-1.31436
-0.2753
-0.66338
0.57563
1.09776
-0.72264
-0.95272
0.05727
-0.38892
0.60156
1.09885
-0.05241
0.16643
-0.0273
-0.03069
-1.90948
0.44883
0.5
0.36201
0.1317
0.61196
-1.91635
-1.04847
-0.48743
-0.60878
0.14972
0.52032
-1.27675
-0.79318
0.16772
-0.43173
-0.45162
-1.43876
-0.75883
0.44462
-1.34716
0.22703
0.81788
-0.45895
-0.97222
0.82052
-0.94792
0.9635
-0.35342
-0.2412
0.03728
-1.00096
0.1837
0.32314
-1.01595
0.61519
0.54288
-0.84035
0.57613
-0.60154
-2.10752
0.42973
0.14569
0.75023
0.24608
-2.83475
0.42767
0.41108
0.20277
-0.62055
0.53027
0.48531
0.45975
-0.77702
0.76345
-0.06161
1.17509
1.09451
0.84586
-0.20423
-0.94449
-0.53254
0.72071
-0.28095
0.10384
-1.3177
0.66921
-0.16845
0.17135
0.54973
-0.4023
-0.91477
0.10474
-1.05485
0.60834
-0.25886
1.16183
0.45789
-0.41303
0.75812
0.54426
0.74155
-0.20791
1.06049
0.86883
1.01349
0.60972
0.8171
0.29954
-0.21818
-1.22537
-1.93036
-0.30689
-0.87404
-0.60485
-0.0068
0.3311
-0.3828
-0.68462
-0.40515
1.17628
-0.07998
0.02944
-0.17462
-0.84126
0.3489
0.77739
-0.10128
-0.95141
0.83336
0.32374
0.09608
0.54111
-0.46859
-1.20248
-1.13377
-0.50038
0.58244
0.61788
0.50497
-0.97917
0.91877
-0.18399
1.22425
0.71392
-0.08184
-0.57593
-0.16669
-0.08143
-0.11317
-0.29717
-1.74162
0.29037
-1.04936
0.0653
0.5
-0.19334
0.87929
0.47647
0.95621
0.67857
1.43295
0.08799
0.22788
-0.31616
-1.08868
0.11958
0.00265
0.40991
-0.35796
-0.54658
0.85072
-0.78294
0.12335
-0.35248
0.67931
0.28315
-0.03523
0.48698
0.98289
-0.41056
-0.06161
-0.02953
0.51648
-0.9028
-1.56271
0.57021
-0.42835
-0.00509
0.18532
0.34211
0.22615
0.3119
1.08711
0.10154
0.35264
0.70967
-0.4726
0.43904
-1.16268
0.33627
-0.02932
-1.41062
0.20486
0.25307
-0.14157
-0.21548
0.10643
0.79838
-0.34176
0.45268
-0.27161
-0.32277
-0.45365
-0.67567
-0.22154
0.57888
0.51436
-1.64943
0.2848
0.7949
0.09406
-1.04135
0.47226
-0.88274
-0.6586
0.899
-0.08455
1.22816
-0.37221
-1.23626
0.46672
0.5
0.26872
-0.20484
-0.81987
0.47053
0.5
-0.3659
-0.94421
-1.57302
0.92246
-0.74076
-0.40935
-1.02222
-0.48511
0.47705
-0.30428
-0.61371
1.03458
0.47797
0.82737
0.5
0.5
0.5
0.5
0.5
0.5
0.5
0.5
0.5
0.5
0.5
0.5
0.5
0.5
0.5
0.5
0.5
0.5
0.5
0.5
0.5
0.5
0.5
0.5
0.5
0.5
0.5
0.5
0.5
0.5
0.5
0.5
0.27396
0.5
0.5
0.5
0.5
0.5
0.5
0.5
0.5
0.5
0.5
0.5
0.5
0.5
0.5
0.5
0.5
0.5
0.5
0.5
0.5
0.5
0.5
0.5
0.5
0.5
0.5
0.5
0.5
0.5
0.5
0.5
0.5
0.5
0.5
0.5
0.5
0.5
0.5
0.5
0.5
0.5
0.5
0.5
0.5
0.5
0.5
0.5
0.5
0.5
0.5
0.5
0.5
0.5
0.5
0.5
0.5
0.5
0.5
0.5
0.5
0.5
0.5
0.5
0.5
0.5
0.5
0.5
0.5
0.5
0.5
0.5
0.5
0.5
0.5
0.5
0.5
0.5
0.5
0.5
0.5
0.5
0.5
0.5
0.5
0.5
0.5
0.5
0.5
-1.08117
0.5
0.5
0.5
0.5
0.5
0.5
0.5
0.5
0.5
0.5
0.5
0.5
0.5
0.5
0.5
0.5
0.5
0.5
0.5
0.5
0.5
0.5
0.5
0.5
0.5
0.5
0.5
0.5
0.5
0.5
0.5
0.5
0.5
0.5
0.5
0.5
0.16824
0.5
0.5
0.5
0.5
0.5
0.5
0.5
0.5
0.5
0.5
0.5
0.5
0.5
0.5
0.5
0.5
0.5
0.5
0.5
0.5
0.5
0.5
0.5
0.5
0.5
0.5
0.5
0.5
0.5
0.5
0.5
0.5
0.5
0.5
0.5
0.5
0.5
0.5
0.5
0.5
0.5
0.5
0.5
0.5
0.5
0.5
0.5
0.5
0.5
0.5
0.5
0.5
0.5
0.5
0.5
0.5
0.5
0.5
0.5
0.5
0.5
0.5
0.5
0.5
0.5
0.5
0.5
0.5
0.5
0.5
0.5
0.5
0.5
0.5
0.5
0.5
0.5
0.5
0.5
0.5
0.5
0.5
0.5
0.5
0.5
0.5
0.5
0.5
0.5
0.5
0.5
0.5
0.5
0.5
0.5
0.5
0.5
0.5
0.5
0.5
0.5
0.5
0.5
0.5
0.5
0.5
0.5
0.5
0.5
0.5
0.5
0.5
0.5
0.5
0.5
0.5
0.5
0.5
0.5
0.5
0.5
0.5
0.5
0.5
0.5
0.5
0.5
0.5
0.5
0.5
0.5
0.5
0.5
0.5
0.5
0.5
0.5
0.5
0.5
0.5
0.5
0.5
0.5
0.5
0.5
0.5
0.5
0.5
0.5
0.5
0.5
0.5
0.5
0.5
0.5
0.5
0.5
0.5
0.5
0.5
0.5
0.5
0.5
0.5
0.5
0.5
0.5
0.5
0.5
0.5
0.5
0.5
0.5
0.5
0.5
0.5
0.5
0.5
0.5
0.5
0.5
0.5
0.5
0.5
0.5
0.5
0.5
0.5
0.5
0.5
0.5
0.5
0.5
0.5
0.5
0.5
0.5
0.5
0.5
0.5
0.5
0.5
0.5
0.5
0.5
0.5
0.5
0.5
0.5
0.5
0.5
0.5
0.5
0.5
0.5
0.5
0.5
0.5
0.5
0.5
0.5
0.5
0.5
0.5
0.5
0.5
0.5
0.5
0.5
0.5
0.5
0.5
-0.17055
0.14724
-0.21886
0.4072
0.24002
-0.27157
0.20662
-0.99187
0.89379
0.1204
0.72325
0.19941
0.64086
0.65325
0.29158
0.08744
0.50246
1.06261
0.05933
-0.01316
0.5
0.33458
-0.26252
0.02203
0.21626
0.1608
-0.22999
0.94034
0.21697
0.45276
0.58085
0.62237
0.9622
-0.08159
0.03018
-1.30801
0.65624
0.17652
0.54678
1.38201
0.58809
-0.14314
-0.47578
-0.1586
0.85017
0.01954
0.34264
-0.39586
-0.59442
-0.03348
0.00324
0.5
1.23368
1.50432
-0.42835
0.03735
0.83246
-0.71695
0.46884
0.5194
0.96593
-0.57464
1.20294
0.46405
0.68833
-1.09365
0.7152
0.57594
-0.79125
0.51635
0.03421
-0.83838
0.21707
-0.05445
-1.17217
-0.46616
-0.40781
0.85809
0.5111
0.86801
0.61456
0.80637
-0.15892
-0.25682
0.5
0.85631
0.5
-0.9219
-0.44305
0.6023
0.14137
-0.11089
-0.58993
1.06364
0.22063
0.69203
0.19444
0.5
1.42022
-0.09906
1.05021
1.19714
1.16105
0.21455
1.12713
-0.07076
0.03763
0.40461
0.77985
-0.66007
0.274
-0.43046
0.1474
0.9604
-0.32821
1.25498
0.40007
1.51484
0.9129
0.46603
-0.1406
-0.25503
-0.20669
-0.2751
-0.22037
-0.09306
0.07569
1.47364
0.16073
1.06058
0.17244
-0.54703
0.64379
0.02669
0.60283
0.46854
0.21032
0.73148
0.38949
0.28267
0.87647
-0.51998
0.59078
-1.40142
0.59664
-0.24379
0.06651
1.2293
0.97185
0.63835
-0.10537
0.53992
0.39348
0.68127
0.71148
0.58188
-1.22851
-0.41632
-0.51977
0.53857
0.3463
-0.14855
0.36625
0.19356
-0.74577
0.5
-0.46288
0.90727
-0.55711
0.5
0.96208
-0.06905
-1.08129
-0.92664
0.50895
0.5
1.26478
0.33235
0.86613
0.9895
1.28816
-0.0359
0.30013
-0.58976
-0.28979
0.43328
-0.00075
0.04795
0.76085
0.2252
-0.44881
0.52514
0.83143
1.12601
-0.0593
0.68421
-0.7454
0.79387
-0.96291
0.04942
0.73906
1.38851
0.10041
0.5
0.50915
-0.57434
-0.64684
-0.47795
0.32378
0.59797
-0.29359
-0.24685
0.47693
0.12432
-1.13757
0.3777
-0.28205
0.33993
0.24729
-0.5089
-0.22198
0.1931
0.95503
0.15995
0.96909
-0.78761
0.38795
0.37624
-0.0395
0.15162
1.03124
-0.59416
0.9863
-0.30662
0.07463
0.90991
1.15062
0.57479
-0.18539
-0.74504
-0.14899
-0.04052
0.86895
0.06339
-0.4211
-0.00656
0.66064
-0.14628
0.71081
0.0255
-0.1261
-0.27325
0.30375
1.79862
-0.2782
-0.6875
0.13067
0.33038
-0.21584
-0.53986
0.65356
0.67626
0.4043
0.54779
0.29339
0.27765
-0.09215
-4.4767
0.24943
0.13289
-0.94141
0.92272
-1.03884
0.63223
0.7798
0.30711
-0.52968
0.50515
-0.13267
0.54619
-0.21588
-0.31499
0.67103
0.5
0.46689
-0.0786
0.47353
0.5
0.62725
-0.49435
-0.73686
0.0736
1.28443
1.13485
0.73914
1.1122
0.64202
-1.10968
-0.52843
-0.02911
-0.54974
0.55384
-0.30432
0.86656
1.05988
-0.24699
0.56098
0.75085
0.79782
0.91777
-0.23114
-1.00373
-0.50063
-0.3765
1.21518
0.5
-0.03125
-0.18858
0.76455
-0.79819
0.22595
0.00957
0.00671
-0.40196
0.86285
0.72584
0.81599
-0.34111
0.60607
0.96761
1.06473
0.74645
0.10184
0.91221
-0.66175
0.66063
-1.36087
-0.66463
1.23128
0.71208
0.25404
-0.55802
-0.31083
0.49318
0.76424
0.09114
0.51347
1.15204
0.76031
0.80184
-0.08257
0.83865
0.6343
1.00628
0.60095
0.08918
0.97991
-0.60801
0.32099
-0.33538
-0.0503
0.94758
-0.27496
0.55177
-0.98182
0.09924
0.46174
0.05088
0.1909
0.67429
-0.37524
0.33556
0.17533
0.17719
-0.59718
0.89398
1.07902
-0.02208
-0.18767
-0.09861
-0.66379
1.59977
-0.3056
0.24266
0.19235
-0.19521
0.24413
0.85116
-0.56607
0.49262
0.06954
1.27246
-0.47842
-0.89691
-0.96975
0.61509
-0.19538
0.85022
1.13526
0.0437
-0.40901
0.37194
-0.57064
-0.2714
0.90712
-0.52339
0.83676
-0.10186
0.93369
0.24355
1.57318
-0.3119
0.70538
-0.22321
0.5
0.43963
-0.02569
0.3795
-0.27888
-2.21646
-0.13103
1.36097
-0.90569
1.39933
0.19897
0.1901
-0.62541
0.73233
1.36988
-0.62174
0.43081
-1.24621
0.64341
0.28783
1.04391
-0.12865
0.11959
-0.44691
-0.79556
0.84213
0.20008
0.8549
0.81773
0.5
-0.16755
-0.23598
-0.07661
1.03036
-0.17924
1.32106
-1.13364
-0.09673
-0.09203
0.55248
-0.12309
-1.18269
0.5
0.24402
0.64004
-0.62454
-0.36525
0.78128
-0.45918
1.22498
0.15158
-0.21887
0.51082
-1.59191
0.5
0.4172
1.12782
-0.19541
-0.07329
-0.13291
0.0803
-0.94925
-0.06265
-0.71096
-0.38862
-0.04167
0.36231
0.78463
0.06637
0.07212
-0.2614
-0.52238
0.42107
0.31315
0.3654
-0.38476
-0.10887
-0.76091
-0.0304
0.5
-2.083
-0.26503
0.26021
-0.11044
0.01399
0.75817
0.24474
-0.60823
-0.234
-2.3167
-0.15114
0.48578
0.48005
1.12312
1.19233
0.93092
0.5
-0.33643
-1.07599
-1.14359
-0.01206
-0.77203
-0.93478
-0.04082
0.76495
0.05107
-0.11228
0.92288
0.5
0.45359
1.27208
-0.38775
-0.77829
-0.22161
0.37678
0.15251
-0.39945
-0.44175
-0.56678
0.68694
0.40187
-0.00939
1.4673
-0.24172
0.63983
0.0629
0.07087
0.80497
0.59459
1.59281
0.122
-0.51624
-0.57637
-0.41081
-0.58912
1.51403
0.36747
-0.77621
-0.62161
-0.94954
0.75218
0.11775
-0.63028
-0.48721
0.35809
-0.10471
0.91633
0.25829
1.12787
0.0282
-1.38811
-0.89197
-0.01203
0.5
0.74408
-0.22811
0.81717
0.34518
-0.15712
0.64119
0.23829
-0.35344
-0.29641
-0.70636
0.22625
-0.62116
-0.25204
1.11863
0.21291
0.729
-1.47295
-0.53653
-0.00746
-0.07639
-0.49898
0.88426
0.84056
-0.24849
0.00704
-1.76382
0.5
-0.26977
-0.524
0.51835
-0.69283
0.07313
