-1.7935
1.9014
-27.3467
-1.3628
-8.096
4.6402
-3.9125
-12.3559
-0.8582
-6.3769
5.80382
-28.9982
-19.9202
2.6769
-16.3327
-2.4439
-33.4206
1.9892
-4.703
4.8613
0.7947
3.7527
-4.1108
-6.614
5.42525
4.9169
-6.7278
5.237
-4.6103
3.7163
4.7871
-4.5969
-0.183
-6.6102
-8.2102
0.0141
-39.2133
4.7847
0.1048
-3.3604
-6.0917
-111.832
0.2808
0.7573
-1.9705
3.2523
-6.1876
3.9233
-0.3851
13.3708
-7.5526
-6.7561
-24.4634
1.6945
-21.4134
2.2287
-9.7135
-1.7952
5.21449
0.1514
-8.1418
-3.7981
-6.7949
-3.1147
-8.1942
-1.3293
4.7017
-37.4532
-23.1248
-5.4892
-4.6328
2.0358
3.6464
-1.5265
-45.5011
-9.9007
-13.096
-215.665
5.246
-15.7122
0.3358
2.756
-6.1057
4.3768
-2.9651
-21.9873
-3.8872
-18.1838
-3.4109
-5.8681
3.673
3.1297
-32.2315
-1.8121
4.9774
-6.4485
4.5061
-12.3715
5.31
-26.8999
-11.4164
2.8115
-4.8463
-5.5611
-25.7151
-28.3272
-8.6986
-2.0588
-11.7577
-17.7156
-18.1463
-8.8111
-0.4978
-9.2096
-43.3421
-12.0394
4.4729
4.6512
-12.8024
1.2995
5.9275
-7.0249
-7.2565
-3.7488
-1.1638
3.6452
-0.7319
-3.0296
-5.6241
2.4157
5.23731
4.5787
-2.9669
-7.4583
-14.8224
2.9758
-7.2013
-17.2435
-19.6365
-12.4614
-9.4271
-4.2091
-27.4327
-9.2771
4.0462
-2.0568
2.0151
-2.2398
-18.0014
-18.7252
5.83488
-0.8147
4.1598
0.4539
6.19363
-4.8447
-175.694
-0.4701
-0.3877
-3.5254
-15.8578
1.5494
3.827
-0.1487
-9.0823
-3.4474
3.8055
1.2497
5.44032
-6.3362
1.9079
-11.0459
4.4446
5.92662
4.4016
-25.2771
-0.6866
-16.3758
-6.8642
5.04431
-6.8908
3.961
-8.7456
3.4542
-2.9411
4.5417
3.4478
0.4027
-14.6829
-0.7131
-27.2905
-7.6681
0.0542
-33.6051
3.5609
-2.0664
2.7668
5.00425
3.5833
-8.944
4.6519
5.43081
-7.0427
-14.939
-50.245
3.3589
-5.6309
1.5481
2.3971
-3.2199
-18.5506
2.5389
1.7768
-16.7773
5.88863
4.8278
-2.4154
3.0393
0.8593
6.84694
-13.6174
-11.1818
0.7955
-4.1066
-13.1541
1.3267
-15.9557
7.98519
2.288
1.8106
0.1368
-27.2018
-12.6041
-20.9763
-16.6947
-1.7681
-22.0655
-5.6155
4.0302
-6.5151
-2.0691
-0.9
-25.3124
1.9815
-14.1824
-12.346
5.05313
1.5423
-21.0314
-1.9174
-13.8927
-4.1681
-1.3093
-5.3517
-5.4177
1.7608
-64.6647
1.7162
-21.6943
1.0842
-13.31
-1.7418
-4.2067
-5.5628
-5.4857
0.0094
1.5941
2.7674
-85.391
-0.8276
-0.9194
-14.1777
-5.8189
-12.8522
-50.5271
-16.8469
-0.0955
-129.159
-6.2631
1.7035
-12.1735
-3.3629
-6.0604
-14.9801
-28.7459
-3.8221
-12.2787
-11.2629
-1.4006
-23.7698
-14.151
-8.4832
-15.9207
-14.3395
-4.6091
-6.9699
-5.0473
-1.0072
-21.5965
-34.2292
-5.2296
-3.6124
-3.5644
-16.95
-2.2169
-1.8562
-3.5644
-13.226
-17.2433
-2.9355
-6.0245
-7.1326
1.1905
-47.4438
-9.7942
-38.6006
-13.215
-8.8063
-4.7843
-12.2925
-10.5382
-2.93
-16.753
-0.5236
-6.4795
-1.6102
-4.7885
-6.7279
-2.0166
-17.6555
0.3744
-21.1467
-4.3305
-24.755
-0.9249
-7.5749
-14.1185
-3.0394
-3.1078
-2.2359
-5.2202
-10.8732
-3.8251
-11.4961
-81.904
-0.3125
-1.6807
-8.435
-247.456
-2.7997
-3.7676
-22.7354
-2.7998
-0.9123
-2.7152
1.3548
0.0425
-16.002
-10.006
-0.8013
-0.5794
-5.188
0.7424
-1.3434
-37.638
-2.9945
-5.56
-3.4765
-2.8855
-4.1141
-10.9611
-36.7236
-1.5302
-20.8925
-24.1485
-3.6246
-4.2928
-0.1937
-4.8989
-5.856
-1.823
-1.9088
-16.4028
-6.9628
-3.419
-6.9197
-72.9945
-5.2448
-6.3154
-6.8011
-493.877
0.2281
-7.415
-2.1555
-2.5245
-1.8015
-0.4519
-9.7393
-21.0437
-2.4275
-151.076
-8.7176
1.5195
-2.6133
-3.8385
-15.5515
-3.6969
-3.5985
-3.5755
-3.0425
-2.098
0.2465
-2.5076
-16.4634
-5.8642
-1.3176
0.2896
-8.6438
-34.0939
-25.5365
-2.7946
-5.9579
-2.1076
-11.378
-13.3455
-1.8933
-3.1799
-2.6416
-10.268
-4.1008
-8.4312
-2.8945
-7.0207
-18.0865
-3.548
-3.4959
-3.0277
-8.4156
-1.2899
-0.8909
-6.5791
-16.7481
0.8863
-0.5412
-6.1056
-7.4775
-1.6099
-6.507
1.7217
-0.5541
-0.8122
-0.7752
-6.3584
-0.836
-24.0445
-3.1964
-1.5585
-0.585
-17.719
-6.3615
-22.2425
-11.985
-4.0085
-3.7192
-25.612
-1.613
-4.3103
-16.6171
-11.4369
-3.5584
-0.458
-1.7452
-4.1081
0.0493
-3.6056
-53.6335
0.376
-2.7218
-2.0656
-6.9999
-1.6568
-33.201
0.5178
-1.004
-36.9645
-16.869
-4.8092
-4.526
-11.2195
-8.2253
-2.3929
-1.7111
-4.1053
-9.3154
-0.9067
-4.613
-2.1825
-25.3355
0.8717
-12.3899
-1.9182
-1.9315
-2.8182
-4.1207
0.5367
-2.7471
-21.46
-5.4456
-5.2002
-5.1509
-1.8723
-0.169
-1.2039
-5.7632
-4.2315
-3.3585
-15.129
-2.7765
-7.7995
-20.6272
-4.4252
-3.2951
-18.5195
-2.124
-0.7094
-12.7109
-3.2174
-15.9395
-4.0957
-5.2236
-12.7072
-5.8414
-4.4995
-1.5261
-10.2039
-7.9008
-14.5065
-16.196
-6.9628
-18.0033
-39.277
-5.1828
-4.2912
-15.8345
-5.4982
-3.1639
-6.2548
-9.733
0.8327
-4.4225
-0.52
-6.8357
-0.0071
-0.8644
-7.2385
-10.73
-0.4861
-23.6722
-6.4259
1.2117
-12.091
-6.5596
-5.4065
-0.515
-5.2691
-8.328
0.6455
1.0782
-12.8125
-9.0343
-6.4576
-13.362
-3.4398
-4.299
-21.6535
-10.3335
-11.4176
-4.4679
-14.0061
-5.6086
-2.3395
-28.1874
-4.7116
-13.0692
-7.1409
-24.5375
-1.7162
-3.334
-2.318
-4.6547
1.2844
-5.609
-3.8221
-4.0746
-4.5529
2.0282
-13.289
-5.0684
-9.313
-0.1609
-1.5863
-2.0388
-2.9763
-1.3796
-6.0445
-18.2124
-2.389
-3.0803
-14.3068
-18.552
-10.3147
-4.177
-15.9587
-7.1928
-3.9225
-17.7589
-14.0279
-13.9735
-3.4931
-3.7215
-11.9676
-6.243
-13.086
-1.5914
-5.55
-0.5633
-0.1469
-0.6657
-20.2529
0.2885
-0.6668
-6.0904
-2.8028
-4.3188
-10.145
-0.7295
-6.5765
-1.6106
-2.5571
-43.3445
-1.6967
-220.007
-5.1493
-27.3805
-3.624
-155.191
-18.6255
-16.0158
-17.1086
-10.496
-7.4351
-4.184
-3.0267
-3.0765
-10.5446
-18.517
-3.5172
-17.45
-19.1666
-2.9884
-2.3354
-4.6784
-8.3315
-9.3499
-3.8126
-4.4245
-6.6381
-0.9872
-17.0165
-0.0387
-0.36
-21.316
-3.1424
-12.552
-29.282
-5.3115
-2.0648
-19.1125
-7.585
-2.0933
-4.2867
-7.1605
-11.9053
-7.1705
-13.9145
-9.714
-425.287
-4.224
-7.6829
-8.8855
-9.5555
-14.864
-1.4438
-16.7885
-26.6255
-1.8214
0.0655
-14.063
-1.6267
-2.3312
-8.1995
-7.7662
-4.3312
-6.7897
-6.9224
-1.2892
-11.484
-14.4103
-8.0205
0.1965
-5.7313
-47.1125
-3.7411
-9.8671
-8.987
-4.6037
-6.4928
-7.4448
-19.2099
-36.897
-29.4462
-25.9323
-48.957
-15.906
-15.7779
-50.1069
-36.132
-205.556
-29.5658
-26.007
-31.43
-22.4978
-10.8207
-30.9536
-10.511
-17.6969
-40.1769
-16.6272
-28.2335
-15.288
-151.892
-23.9105
-27.7687
-31.8015
-24.4891
-32.5553
-14.8477
-33.1323
-46.9284
-19.9085
-22.0688
-24.2068
-26.8199
-297.86
-18.371
-32.792
-360.896
-17.6002
-27.6249
-30.2571
-31.1823
-21.8898
-47.6741
-19.5119
-19.5481
-32.8725
-22.2239
-98.75
-135.031
-18.513
-22.2459
-20.681
-22.1375
-23.6392
-6.1908
-27.664
-23.7266
-27.0045
-18.4145
-16.8208
-247.086
-20.2312
-28.2594
-22.764
-21.624
-20.067
-30.444
-48.9771
-37.577
-30.531
-29.4705
-36.6075
-30.909
-23.3231
-13.0986
-24.2475
-33.4581
-29.9281
-38.3807
-9.2931
-8.9944
-31.2428
-25.4285
-11.8247
-8.2505
-28.194
-31.083
-31.4783
-20.7349
-79.006
-18.1485
-15.7245
-30.5817
-15.7858
-20.0563
-19.6638
-25.4751
-39.8829
-20.5031
-17.3375
-18.8473
-18.4382
-22.0824
-46.6026
-92.213
-45.3051
-43.8695
-31.941
-42.1958
-21.6609
-29.6325
-16.3801
-23.9198
-25.7233
-18.8199
-24.9917
-21.0585
-27.0997
-23.0307
-25.4489
-4.6565
-41.4973
-18.128
-43.303
-37.468
-37.106
-29.0585
-23.429
-24.3245
-49.4846
-44.2816
-21.9585
-16.5836
-44.7921
-19.7711
-27.1204
-8.2146
-29.4875
-21.4449
-12.9965
-24.5355
-32.953
-31.107
-31.4567
-14.8923
-18.245
-59.9431
-29.4808
-6.3063
-24.0865
-19.1294
-15.8197
-48.6105
-20.334
-19.2315
-48.2674
-26.641
-24.154
-38.9725
-20.5143
-54.4364
-18.088
-33.1493
-14.303
-17.3002
-13.3799
-24.701
-18.3856
-16.7422
-58.0575
-26.0896
-21.4749
-12.1985
-38.4644
-17.0349
-30.3615
-21.3609
-15.1938
-26.5185
-29.2683
-19.1917
-41.0145
-73.9255
-15.12
-27.2287
-32.722
-17.097
-11.9825
-67.187
-16.9269
-14.5311
-33.7685
8.28242
4.2356
0.8683
3.8498
4.847
3.8971
2.0942
5.22288
-11.5305
-1.2362
7.466
-14.169
-1.621
-0.4749
1.4396
6.83675
-0.9835
-2.5449
-10.2621
6.01037
1.7612
1.3241
8.38865
0.9385
8.10388
0.4444
8.68787
6.99213
-2.2231
1.1745
-45.0376
2.4808
3.3521
3.9174
3.9461
-22.6072
5.93557
5.10994
6.49338
7.2045
3.2617
6.18231
7.0965
2.1154
5.51832
-13.78
0.9169
3.9783
-0.4346
9.5467
-0.2151
8.52506
2.0483
-1.512
-20.8364
-18.7825
-0.737
5.5465
-1.7889
-7.614
0.829
2.2945
0.6804
-11.6623
6.16868
0.4393
-7.9819
7.73563
7.64812
2.0615
6.35525
6.51951
0.9405
8.90834
-6.3699
6.12415
-5.4282
1.1172
-5.5953
5.66613
-2.4126
-0.5148
1.2796
5.51393
-7.4545
4.4986
4.1187
9.06431
-3.3213
-0.4059
-3.0339
0.3098
-4.1831
2.5315
-24.4128
0.7527
-6.8715
7.60619
-2.4048
4.4716
1.1074
-14.8483
-3.4645
-26.2858
6.85513
5.21231
3.0678
7.22507
-3.8865
-1.458
-26.1426
13.3544
-2.5116
-4.4246
0.938
-6.3909
5.0845
-1.5963
-16.6114
-3.9886
-24.9767
2.95
6.68788
-1.7669
3.006
-12.7294
7.0685
6.36819
-35.5755
1.3689
6.38669
1.2519
5.48313
-4.055
-4.8084
-14.9023
4.9997
-4.6915
-12.8258
-48.0942
5.93962
-6.3545
3.5083
-2.7439
-3.2317
-9.548
-9.2126
-15.7069
3.9201
-3.5403
1.9861
0.6517
-3.6277
3.8755
-3.0021
-3.3874
-4.6428
10.1994
7.53331
5.95444
2.9067
0.191
-2.2345
-6.9186
-4.0814
1.6235
1.883
0.0082
-2.4752
7.52944
5.79157
-2.1066
-4.4934
2.2116
0.4445
-0.4939
4.4698
4.2391
1.6802
4.1462
2.6505
1.6746
6.67538
-6.1314
-1.5218
1.6014
6.26469
2.0026
-4.3572
5.632
-0.4345
-3.2778
-10.8928
3.2133
5.61307
-38.275
4.2177
8.96789
1.998
9.37924
-8.3402
-2.1266
-73.411
-8.6786
-1.9717
2.7731
2.4142
6.32606
6.58657
6.55631
-28.8928
8.23144
3.1589
-0.711
-17.397
-11.6643
-4.9501
-12.9597
6.37331
-0.0153
0.1303
5.12538
-6.4964
-7.3957
3.0233
-0.2383
-8.0475
-1.3603
0.63
-5.1538
5.37256
-39.0506
-1.6251
-0.1562
9.32063
-13.9691
-4.0654
7.19194
3.1836
5.026
4.5842
-6.3231
6.19088
7.79474
5.33887
-9.4108
0.4678
-18.6907
-1.2965
-4.0556
-3.8342
-1.4038
9.4923
-14.3045
5.69538
6.02163
-101.306
6.06681
7.14994
0.2912
-10.7807
0.5539
-9.9894
-0.5205
-5.3399
-24.0905
-17.1938
-11.3434
-2.2481
-15.987
-11.523
0.8996
-28.3641
-1.2439
-2.8696
-2.8754
-3.5798
-10.8806
-10.348
-18.2534
-48.315
-8.3087
-13.2714
-7.2167
-0.6379
2.1698
-1.8636
-10.8312
-13.0281
-40.726
-10.1278
-9.4029
-10.6185
-15.0038
-16.9352
-5.3999
1.1264
-11.2066
-4.1232
-1.0334
0.7393
-0.9359
-1.8994
-3.5917
-45.8718
-4.0096
-11.8035
-28.0983
0.1964
-0.6401
0.182
-5.2237
-0.4569
1.4906
-8.7674
-3.6091
-7.9524
-32.1585
-1.8078
0.68
-8.9973
5.04935
-0.1116
0.6416
-0.8711
0.3666
1.6532
0.967
-7.4519
1.2849
2.1356
-0.4972
3.0077
0.9612
-4.3558
1.0761
0.9078
2.1114
1.2157
1.4556
3.958
-2.9451
2.9752
-1.9186
2.8704
-2.6256
1.2499
2.3708
0.7908
2.3755
1.9369
1.7996
3.1287
1.5103
-10.8294
4.7505
3.4345
4.1136
2.1437
-0.9397
3.5861
4.2261
-4.5463
3.9211
1.0352
-12.6497
-18.2057
0.5894
4.0286
-0.8991
-0.6519
2.6751
-2.2366
-4.3454
-5.1131
2.5289
1.1479
3.7657
0.6483
3.0037
-13.6443
2.7698
-1.0744
-8.5688
4.1931
3.4578
0.6908
-0.2613
-7.0877
-4.5149
-15.358
1.0973
4.2193
3.13
-4.3576
4.3391
3.829
1.7249
2.1083
0.8262
-1.5731
0.8049
2.2442
-31.1375
0.6207
1.2974
1.1008
1.4837
-0.8264
0.8063
-3.7078
3.3554
-0.4569
-0.8163
-1.9314
2.8011
-1.147
2.2361
1.427
-18.2035
-9.4871
-6.3778
-2.8925
2.2413
0.0446
-1.4223
-6.0473
-2.2407
-8.0088
0.3465
-2.7808
1.462
3.7523
4.3419
-5.5374
2.2474
3.4001
-3.9642
2.4777
1.4155
2.6173
-0.2137
-1.9151
0.9847
0.2687
2.9469
3.7724
2.3418
-2.1227
-1.9115
0.3414
-0.497
-2.6645
1.7924
1.8417
1.4722
-0.0317
-9.8912
-5.3103
2.5833
5.77335
0.0806
-1.4071
-2.4114
-17.3329
-8.3269
-2.2557
-15.7528
0.7109
-3.8091
4.4334
0.1842
1.0371
-11.1538
-0.6531
3.2188
3.0151
3.1695
1.54
3.5594
-1.929
1.5443
2.1208
-9.1538
4.1926
-5.8589
-0.7745
-0.6167
2.2213
3.5785
-7.1899
0.2868
-0.449
-0.5692
-1.7506
3.3796
4.3192
4.3316
-0.4884
-4.7214
-0.0171
1.2291
-0.5116
3.0021
4.7459
3.0474
-0.4506
2.6849
1.4233
-3.5754
-9.2751
1.9933
-56.8906
-1.4795
5.8231
-1.0875
4.4944
-7.0194
-10.5754
-3.5735
-2.6078
-9.1989
-3.7056
0.8983
-1.7796
-8.4059
0.1033
-3.4426
-3.422
-19.5992
-6.1595
1.1821
-4.4059
-0.5854
-0.7764
-6.1014
-5.055
-1.4612
-0.529
-0.7563
-1.0883
-6.4207
-4.3949
-1.7291
-1.9333
1.984
-8.7501
-21.0842
-6.3009
-8.7308
-4.3325
-1.8994
-5.0342
-8.3934
-3.4664
-17.3522
-3.6949
0.269
-3.2209
-9.6514
-19.3362
-6.3539
-0.2945
0.1016
-9.5042
-5.2731
-2.9679
0.8332
-3.243
0.4354
-1.0803
0.1724
-12.4493
-11.5496
-12.5115
-14.673
-3.3803
-13.8989
-10.8879
-5.3057
-3.1856
-6.3765
-2.9645
-2.8849
-3.2239
-5.7192
-8.7621
-6.1801
-32.1439
0.3252
-2.071
-8.2894
-14.8943
-12.3556
-6.8288
-10.3473
-1.9997
-1.6441
-0.4986
-1.6374
0.6628
-4.7222
0.207
1.8207
-0.4136
-4.5952
-6.2821
-4.4189
-9.4038
-7.1357
-2.9894
-1.2547
-21.7211
-13.5438
-4.5803
-1.8404
-2.4151
-4.1139
-4.664
-11.8164
-0.4985
-14.999
-2.3594
-2.4036
-4.7907
-8.9947
-4.1328
-2.1928
2.0672
-2.7651
-2.2756
-8.1887
-3.947
5.36323
-2.5635
-4.2149
-2.808
1.3922
-12.0021
-2.8697
-4.1644
-1.976
0.0007
-1.9398
3.0285
-3.8704
-0.8377
-45.7918
-4.7439
-6.8244
-37.4075
-1.0539
-2.4461
3.332
-1.2615
-10.1113
-10.654
-3.1809
1.1845
-3.5005
-2.6789
-4.9443
-7.9331
-0.1049
-2.2565
1.7594
-0.6745
-11.5971
-3.8396
-7.7734
-0.4048
-1.6994
-0.012
-2.9141
-0.1713
1.1228
0.26
-0.0395
-1.7206
-16.894
-5.0099
-16.6978
-0.9661
1.3681
-14.4562
-1.8342
-4.641
0.2533
-0.7185
-6.9597
-27.6881
-4.6816
-2.1197
-5.1536
-11.6904
-9.3757
-19.7409
-1.7216
-2.5368
-23.9945
-4.7869
-2.1386
-7.2948
-4.2372
-2.6465
-7.4254
-4.8769
-1.7798
-10.173
-7.2504
-9.6005
-7.2948
0.3998
-3.6138
-8.8341
-4.9314
-3.6852
-4.8018
-5.118
-17.8043
-128.88
-19.3163
-51.1869
-17.9374
-27.6037
-6.4478
-38.8446
-1.2186
-10.1688
-25.7275
-124.846
-18.693
-25.2834
-32.5189
-13.1395
-25.1386
-6.6327
-9.2893
-26.0824
-52.1661
-65.4686
-11.4181
-34.6742
-22.5218
-18.0695
-14.6042
-45.4569
-22.4791
-34.9022
-43.0173
-49.9518
-12.9135
-35.5234
-36.7689
-18.0387
-27.7969
-28.0091
-11.7843
-18.9646
-8.3106
-18.5537
-30.0294
-5.6922
-84.4451
-21.3928
-26.9059
-19.7976
-31.5371
-23.6027
-13.7674
-14.5708
-52.8286
-113.924
-5.4988
-3.7621
-42.487
-34.2846
-42.4412
-21.4216
-52.8038
-17.9102
-46.7717
-26.5631
-15.625
-25.6118
-9.2408
-15.2007
-23.4934
-18.7715
-17.0044
-44.0999
-11.5235
-18.3807
-10.1035
-13.017
-29.8331
-46.7815
-50.1568
-44.2842
-17.7437
-28.4977
-9.273
-25.843
-27.6302
-28.031
-35.937
-11.8715
-25.67
-38.4582
-19.435
-14.1877
-70.0327
-16.9937
-37.7634
-10.6272
-112.28
-24.2449
-64.56
-17.8516
-20.9522
-12.8118
-30.1012
-3.3341
-22.7527
-27.5695
-20.2538
-47.8708
-29.5378
-25.1843
-18.65
-49.9796
-40.7587
-16.1909
-12.8593
-55.8894
-10.0288
-26.6398
-30.1112
-9.148
-74.0652
-20.1787
-23.1341
-56.3945
-18.4896
-21.1641
-11.9364
-13.0857
-19.7966
-10.4596
-36.0645
-20.2023
-42.0539
-34.8466
-52.9571
-22.0807
-21.3242
-32.8406
-22.199
-37.7172
-22.5678
-11.328
-15.4221
-18.9049
-38.4727
-37.7757
-47.4831
-11.3878
-27.8892
-22.1894
-32.502
-33.5718
-23.8044
-24.205
-17.458
-63.2956
-28.444
-29.7729
-20.6847
-16.3239
-10.5275
-30.4173
-23.6396
-12.829
-23.4368
-18.6034
-34.4025
-44.9854
-13.2324
-29.2652
-25.2573
-4.2681
-23.0991
-20.5918
-8.6172
-58.7966
-30.0693
-29.3652
-44.9918
-0.6618
-37.8786
-18.6416
-21.9198
-53.3133
-46.9481
-15.9727
-40.3344
-31.9849
3.8647
-3.6598
-6.8842
-1.6921
0.0826
4.7455
-0.001
-3.7786
-18.0316
5.91456
-0.1955
-7.0236
6.04706
-3.0561
13.044
-18.543
4.4511
-2.9385
-1.8484
4.5264
-2.1159
-2.2531
4.7014
-2.7881
0.1426
-7.0748
-6.1163
4.8307
4.2357
-4.7116
0.1748
-0.9052
-6.4775
-2.5858
-0.9151
2.8224
-11.0457
0.1231
13.5985
1.9508
-1.7577
-7.3878
1.7609
-1.9306
4.3392
-20.2353
-1.3781
3.6293
-29.1877
-6.7837
-2.9276
1.3677
4.4004
-3.7527
-3.5064
-2.7298
-3.7851
-0.7206
-2.8477
3.346
13.7632
-5.9519
2.1189
-5.5703
-3.7991
4.7628
-2.0318
3.8533
13.5161
-5.459
4.5675
-4.4379
3.6199
5.09525
-0.3769
4.9214
4.9255
-2.1622
-5.6974
1.4008
5.24119
-23.418
3.1603
4.5016
4.2098
4.1701
-3.1608
3.157
-4.9496
-19.72
-5.6807
-1.9233
5.47987
-0.7542
1.2607
-9.9239
-0.4049
-4.0193
-14.2931
2.6773
-0.7893
5.6245
0.8854
5.14213
6.1525
-3.3535
-0.6133
1.1121
-8.4359
5.59187
-11.9127
-10.1896
0.4642
5.15737
-2.8999
-3.1275
5.04544
-4.3847
4.5626
2.9819
4.6105
-2.4693
-5.678
4.4666
4.1314
4.7518
2.3068
-13.6509
-5.8449
5.70457
0.8031
-0.423
10.7342
7.88425
3.1437
6.84356
1.2889
5.24431
-2.4356
-4.8459
-3.5496
2.6685
-9.566
4.9266
-0.899
4.0739
-11.3464
-2.2321
5.13631
4.3636
2.649
-6.4646
1.7354
3.7609
5.62231
-1.9545
-0.0428
-6.194
-0.5828
1.8561
-7.5449
5.0815
-3.5291
-5.258
-22.6637
-2.1317
0.6769
-8.6983
4.7574
2.3574
-0.117
4.5141
-2.266
-5.0403
3.617
4.8467
11.1896
3.6561
-7.7916
6.45306
-10.1987
-5.0441
-10.1436
2.6997
5.39431
-1.5543
-25.561
-22.1842
5.77412
-1.7011
-1.1254
-4.3706
4.6647
-4.1345
1.6454
-43.5315
5.36619
3.1872
-2.625
5.04237
-7.2573
-4.3379
-16.5207
-4.5729
0.8281
6.48337
0.873
-1.0345
2.1076
-2.2794
0.3219
3.0158
-9.1097
-4.8795
2.5504
-1.6778
3.0076
2.4897
1.0461
3.9012
-0.6557
-3.3468
2.3801
-3.0954
1.5705
4.986
6.27988
4.4607
-12.8832
0.1954
-0.2139
2.6289
1.7674
-24.2045
-1.5091
3.4152
-0.7768
-8.953
-1.1277
-4.9342
-10.5354
-10.5423
-4.051
4.2007
6.52775
3.2192
0.1486
4.4603
2.6644
-3.2844
2.8009
-3.663
-8.0605
-0.2767
1.514
-0.9561
2.1294
-5.8735
-5.1472
-1.3486
6.89468
5.46262
-4.0673
-6.0848
1.9007
5.53375
-14.7565
3.0616
-4.2516
-1.1315
1.4298
-6.0092
-2.862
-3.229
-17.3738
-10.3675
-1.0897
-1.3889
-1.9523
-9.0242
-21.355
-3.2898
-32.9804
-10.4905
-5.4819
-25.3615
4.9606
1.3076
-25.0823
-1.9878
-1.7258
-8.5628
-0.8786
2.7293
1.3657
-6.638
-3.0134
-32.1799
-2.3348
-0.8164
-1.8607
-0.6442
0.0602
-5.8504
-14.6363
-13.9557
-5.6455
-8.0873
-22.7598
-7.7616
-0.8123
-3.0569
-7.5299
-4.4312
-63.6813
-4.9493
-14.3468
-1.5802
-12.4805
-17.6269
-2.3306
-7.8648
-0.075
-3.6898
-2.2594
-2.0974
-1.4117
-6.347
-3.9428
-2.453
-3.6373
-0.204
-5.6808
-0.7101
-29.4667
-2.0506
-0.352
-2.9849
-7.9416
-4.051
-5.4866
1.0031
-3.2837
-10.785
-2.3463
-0.647
-0.3901
-1.0419
-0.0746
-8.7081
0.2687
-2.0945
0.8029
-0.5947
-0.904
-2.6259
-0.928
-1.2335
-0.8321
-7.7205
-6.075
-0.4211
1.3462
-4.7165
0.1663
0.0084
-1.9145
-1.4541
-4.3094
1.3358
-0.9049
-1.6924
-1.4114
-2.6965
-1.5074
-9.4845
-4.3169
-0.02
-0.7511
-1.4281
-2.7793
0.5235
0.6521
-1.3772
-1.3805
-0.0735
-5.2265
-11.3307
-0.4387
0.4934
-10.115
-1.4962
0.9478
-0.2255
-7.088
-2.173
-0.0008
-9.507
-1.7839
-3.5513
0.218
-0.0689
0.0837
-0.9838
-0.1087
-3.6709
-1.0693
-0.4782
-3.8255
-3.3388
-1.1474
1.261
-0.5145
-4.7065
0.513
-0.3498
-2.5258
-13.501
-0.2829
-1.7996
-3.4021
-3.1056
-7.5589
-10.1375
-4.6415
-3.117
-2.5814
-0.0439
-0.6674
1.0398
-0.224
-8.4124
-0.7175
1.4245
-5.0298
0.4837
-0.4221
-1.3182
1.4667
0.8167
-0.2428
-9.3569
0.073
-4.024
-9.0723
0.2355
-1.9495
0.804
-2.0241
-0.6534
-0.0899
-0.2708
0.2185
0.2845
-4.3455
-3.1347
-7.3565
-1.7206
-0.5631
-1.4892
0.9915
-1.0734
-3.8741
-8.4415
-0.63
0.5145
-1.8777
-2.9165
-0.5509
-0.7586
0.3284
-1.2201
0.3605
-1.076
-9.2701
-0.4978
-10.5207
-2.7165
-0.5991
-14.0175
-1.2524
-2.948
-3.481
-10.8501
-0.0801
-5.2421
-0.7525
0.6022
-1.4758
-2.5495
-4.6816
0.7513
-6.1253
-0.5556
0.0258
-3.6495
-3.4695
-0.0575
-8.9164
-0.8512
-0.8176
-0.872
-2.8834
-0.4685
-0.3254
-14.113
-5.5985
0.5895
-10.497
-0.3922
-6.0389
-2.2003
-0.9095
-13.018
-10.1151
-0.728
0.9226
-1.5318
-0.0887
-0.3797
-3.4055
-1.1264
-0.8138
-1.0456
-1.764
-3.1613
-3.3544
-3.4465
-2.6389
1.212
0.2633
-2.645
-0.024
-0.282
-1.9027
-0.7395
-3.0461
-5.858
0.0633
-5.9505
-1.5955
0.6457
-2.0427
-0.4026
-0.3623
-3.3472
-6.2486
-5.3761
-4.116
-13.3856
-5.4694
-2.8552
-1.0758
-0.8059
-0.6547
-2.5624
-8.6848
-16.6934
-1.7157
-17.06
-1.7125
0.1188
-5.4554
-0.939
1.7899
0.8507
1.496
-0.2089
-2.5804
-0.3432
1.3137
-0.2537
-24.4118
0.2492
-3.9533
-2.1962
-6.2233
-0.81
-4.9197
-7.3359
-5.0906
-0.8529
-19.5999
-0.4204
1.2029
-1.3964
-1.1873
-3.0029
-1.3187
1.0852
-13.654
-2.665
0.3801
0.1227
-4.0637
-3.8677
-0.5156
0.4368
-1.8134
-1.4093
-5.519
-5.1234
-1.2257
-2.5411
-3.1099
-1.4648
-9.2256
-4.5605
-5.6782
0.049
-3.6895
-1.0355
-4.9963
-11.279
-6.2173
-4.2242
0.386
-2.1072
-1.6398
-0.5894
-1.2279
0.4019
-4.03
-2.5089
-1.3287
-1.4245
-2.2242
-3.0259
-1.5324
0.2581
0.1379
-2.2432
-4.623
-2.8976
-2.3515
0.308
0.3555
-7.6923
-1.9346
0.1761
-2.8224
-4.1674
-6.8438
-1.4219
-1.6989
-1.9015
-0.6645
-1.5899
-4.5472
-0.275
-3.2153
-1.0582
0.0667
-4.5833
-2.2267
-5.6766
-2.8664
-2.0021
-1.493
-8.7032
-0.1581
0.4285
1.3616
0.0036
-1.2934
-2.4919
-6.3809
0.222
-0.4166
-8.9361
1.1207
0.7465
-10.733
-47.7666
-0.2403
1.6051
-0.577
-4.3925
-0.3509
-1.5344
-2.8863
-23.7695
0.5328
-2.4646
-1.1649
-5.2869
-5.0836
-0.049
-0.0637
0.4117
-1.8935
-0.5044
-5.5486
0.0028
-2.258
-0.7744
-2.517
-1.0986
-0.61
-3.2417
-1.3494
-0.3981
-0.2828
-0.7852
-3.09
-4.725
-0.5959
-3.123
-10.013
-2.0358
-1.9896
0.692
-1.6768
-1.5425
-1.2621
-5.2305
-4.8574
-8.7741
-5.102
-1.3591
-2.9781
-3.0902
-7.0305
-0.3795
-5.0395
-0.0081
-5.1115
-17.2708
-0.5056
-0.2437
-2.78
-4.137
-2.1918
-4.1074
-1.3378
-0.7677
-4.6936
-0.5725
0.8169
-21.2438
-15.8345
-14.4028
-23.594
-49.1105
-25.786
-6.8422
-19.0823
-10.022
-35.8527
-32.2236
-34.917
-9.9688
-21.1345
-21.2335
-29.7387
-12.3258
-7.43
-9.8265
-19.255
-37.8409
-14.6197
-7.806
-9.5048
-7.9312
-7.8904
-22.5134
-25.0131
-8.2532
-14.0769
-13.3575
-34.4021
-22.177
-16.249
-22.9269
-19.2086
-21.8839
-34.8845
-25.9286
-17.3341
-18.9215
-13.9556
-23.4172
-21.1749
-27.4703
-1.0444
-28.5556
-31.5869
-11.6352
-15.0541
-9.1495
-20.745
-13.1481
-17.0744
-27.2995
-28.099
-18.1493
-7.1631
-35.784
-28.7775
-16.0058
-6.4618
-16.0182
-25.1527
-26.5032
-16.7978
-16.5519
-19.495
-11.8762
-13.0026
-28.9851
-25.7811
-34.1595
-18.6896
-13.9133
-15.6394
-15.4209
-7.5566
-26.9517
-15.4188
-29.8847
-15.0238
-25.1907
-16.9987
-10.9021
-15.7054
-24.4319
-14.762
-21.638
-25.9712
-33.5981
-23.288
-14.2799
-15.0348
-48.4294
-16.4561
-33.34
-15.9085
-5.091
-13.843
-31.5918
-23.84
-13.6397
-23.5324
-16.544
-22.676
-11.0346
-15.7403
-29.085
-23.771
-15.0205
-16.4498
-30.7986
-27.5643
-28.5648
-27.1855
-11.4136
-21.184
-13.8804
-10.7352
-14.2655
-11.3818
-17.545
-17.7472
-19.0024
-5.7503
-26.3465
-16.4138
-26.5337
-7.3679
-15.9596
-13.5689
-11.366
-19.148
-13.339
-41.0938
-30.9244
-11.5466
-47.0757
-12.7653
-28.8967
-17.6757
-4.3394
-17.755
-20.2537
-35.281
-10.5679
-7.1612
-41.123
-11.5444
-13.9682
-28.7854
-21.924
-25.5485
-27.6753
-25.9055
-19.5205
-15.1385
-28.8537
-7.1812
-6.7456
-12.9545
-48.9967
-18.6725
-100.482
-14.7205
-30.1673
-27.1672
-29.9459
-19.391
-30.8156
-20.633
-22.2302
-28.2475
-16.2777
-20.3195
-21.1928
-10.0478
-38.0886
-39.9325
-32.3605
-18.4697
-15.8483
-22.7873
6.81875
-4.5426
3.1632
-50.4481
-0.1852
5.69825
0.1766
13.4312
-0.5226
-1.3216
7.88694
2.2366
0.9204
6.67012
4.1439
5.69313
0.2491
7.219
5.63582
-3.8886
-6.5143
8.22288
4.6446
2.9926
1.0031
0.8021
2.0373
9.36191
-11.061
4.1446
1.0371
5.37719
13.4043
-3.6026
-3.3642
5.339
-3.9444
0.0901
-0.6116
5.40569
1.5393
-1.1783
-0.3706
-1.4695
1.5827
7.31575
5.60112
-1.458
5.20181
4.8402
0.0274
-0.1822
-0.0925
2.61
0.4127
2.0773
2.5233
0.2578
-19.9151
6.871
6.88369
5.98618
1.4325
3.5941
4.6234
6.69506
-2.4382
3.4538
3.0009
-0.2197
6.61013
2.0702
9.546
0.3021
-6.0066
5.3455
1.0332
0.5696
7.4743
-0.4372
2.9237
8.8569
13.4447
2.6444
5.96925
7.03494
13.6286
8.79307
8.60519
5.721
-5.314
5.61025
-1.8621
-3.4257
7.43162
-10.3824
7.38269
0.2026
0.2036
2.9645
8.47293
5.70425
6.04087
0.5935
5.25275
3.1794
5.96581
-3.5673
7.8725
6.36838
-22.5083
3.8873
7.7625
8.38448
7.824
1.5097
-1.1928
1.5116
4.2125
2.5287
-5.1444
1.2467
5.88906
5.45682
5.37056
1.8009
2.3651
4.7639
1.7265
6.43956
4.0791
10.3283
0.9395
-1.1292
5.55769
4.4801
4.522
8.20525
9.52875
10.8878
7.69362
0.0309
3.1449
3.0486
5.36001
3.8498
1.9229
-1.5422
6.44769
4.0102
2.8014
10.6058
-1.3283
8.25075
0.5113
6.3285
1.9021
10.6237
10.8663
-2.3952
2.7817
-7.2241
0.3452
7.32006
-2.3896
-5.2444
1.6506
2.4529
6.64138
7.72762
2.168
-7.2395
-2.7967
-0.9532
5.36207
4.8573
-1.1527
10.9102
0.9307
-3.4034
4.7501
1.7412
1.1364
4.4124
-4.1788
-7.0116
0.5587
11.5129
8.59662
5.20826
3.4193
2.4397
5.62757
-2.4383
3.22
4.9506
-2.1604
7.20932
5.7345
9.3465
-2.8315
-2.5682
3.1723
7.36531
6.45074
0.0581
5.192
-2.9432
-0.8115
7.83962
1.8307
-2.8839
4.6239
4.8147
0.7284
4.8761
2.9224
-1.3398
-2.9764
1.9675
0.9483
6.10019
5.10735
-1.5268
0.6912
0.6432
7.22344
6.89599
-7.4736
4.8904
-1.7019
3.3928
2.3198
-2.5934
-0.4099
-0.8236
6.62581
2.5239
4.3928
-5.0094
-8.7469
8.68763
7.43713
5.70681
-1.0837
5.93231
5.5335
2.2056
2.0286
-3.4172
7.99331
3.2697
-1.8911
-15.8556
8.40525
-2.2781
6.96106
5.1369
-2.1881
-7.3583
1.2339
2.4296
-18.477
-2.9778
-22.4922
1.3338
-5.3697
1.9658
-3.7219
-1.0494
-16.7254
-3.3469
-7.0812
0.8938
-3.1145
-13.6473
-5.6696
0.9744
-3.8519
-2.2203
-10.4746
-4.2651
0.4841
-2.0242
-5.6667
-6.8107
-20.7835
-11.2473
1.1722
-2.62
-8.1887
-5.7431
-24.1203
-10.2818
1.76
-9.752
-4.3687
-14.8155
-11.8771
-15.9222
-3.6301
-0.6216
1.53
2.3565
3.9074
2.3787
-0.9473
-0.2632
4.0969
-9.872
0.8145
-1.2199
-7.4412
-7.8042
-0.7472
-6.1217
1.7055
3.5302
4.2322
4.1133
2.7929
0.3652
3.6901
4.2882
-0.2798
2.6146
3.2321
5.3486
1.8466
3.1617
-7.6763
0.8986
2.4846
4.3598
-2.4152
1.1596
1.4263
5.35845
5.11809
-0.4308
2.9229
0.7303
1.1329
-2.0372
2.4263
-0.517
2.0723
4.4305
0.3582
-0.0373
4.0271
2.3453
3.9808
3.6876
3.8651
1.7847
-3.1999
2.931
0.2187
2.18
2.4796
2.2311
0.3795
3.6454
1.8382
2.1772
4.5808
2.5598
-0.4556
0.357
3.5578
3.9497
4.44
2.7833
4.2073
-1.2667
4.0881
2.6958
2.0275
-0.1574
-20.4692
3.6964
3.4461
-4.2438
3.7394
4.0483
-2.2035
0.0604
2.5384
3.8711
-0.7053
-1.3659
2.9049
2.0494
4.4811
1.7246
3.3009
4.1845
-1.2133
-5.1602
1.7996
-1.161
3.9625
2.3453
4.7826
2.5149
2.2145
3.0731
-5.9959
5.4634
-1.6602
-0.7651
-5.0953
0.873
4.6277
3.7179
2.2052
4.9383
1.1302
-0.4171
2.4162
1.6869
-4.4337
-1.2289
2.7373
-0.2094
3.5497
-0.7252
4.4169
5.78575
2.3082
1.9492
1.6258
0.8385
-0.3166
-0.6547
-2.0446
-6.663
2.994
-1.873
3.2776
2.8751
2.1342
-3.8306
-9.6886
2.7858
-9.4361
1.7576
3.7873
-1.5268
6.2064
3.4325
-1.6233
1.7153
0.1799
-4.9062
0.5688
2.6894
4.5107
4.5389
3.5886
1.6218
-0.5405
2.8431
-1.6139
2.8045
0.2793
3.8747
0.9968
3.5535
4.2496
3.418
1.7589
2.5582
4.3726
2.2636
3.1631
2.826
2.1431
-1.2785
-16.9769
-0.637
2.4915
3.4172
3.2642
-4.1593
-14.2516
2.8071
5.11745
3.996
2.9696
0.5466
3.4642
0.6812
4.3258
-4.9574
4.5854
-0.2165
0.2545
-1.0216
-0.3334
3.8834
-3.2043
1.2229
-1.2922
1.5585
-9.9388
-9.4427
0.7529
2.3465
-1.5127
-1.6137
-0.0048
2.0773
-5.9381
-4.2955
0.1606
-2.3737
0.6388
-1.041
-3.1303
-5.3842
-0.3641
1.0853
-7.2413
1.4948
-2.1748
-27.1409
-7.3828
1.2224
-9.5127
0.2116
-2.9176
-3.8417
-2.8335
-2.0914
-0.9104
-2.5679
0.9855
-2.3973
-4.0938
-3.7883
0.2431
2.7288
-7.4004
-0.8157
-5.3078
-3.474
-3.0088
-4.9881
-3.4501
-1.2553
-2.8978
1.7988
-3.8766
-0.0378
-2.6607
-14.5613
1.7933
-3.7904
1.2846
-12.6843
2.5807
-12.0568
-1.412
-10.763
-2.6001
3.1757
0.4315
1.5015
-8.9194
-1.5333
-0.0305
0.3761
-5.4734
0.2036
-0.2234
-1.4652
-10.675
-1.2428
-10.6584
-7.6014
-0.0955
-1.3838
-0.9899
-2.8261
0.5777
-5.2313
-2.0491
2.7073
-16.0157
-5.234
-0.3924
-13.6415
-1.9424
-3.2954
0.3801
-8.055
-2.4485
0.3
-3.8908
-5.17
1.3126
2.3108
-9.6847
2.5136
-3.9549
-1.8589
-3.9205
0.2979
-20.3991
1.9584
-1.5505
-0.5968
0.3603
-7.4937
0.1659
-11.4898
2.1053
-1.0684
1.0391
-0.7137
-1.9389
-11.42
-2.5267
1.2947
-1.8303
-11.7638
-14.8376
-6.8863
2.1829
-3.4168
0.8441
-0.1398
-3.1425
-5.7829
-10.3871
-2.8203
-1.4238
-1.292
-2.599
-0.808
0.7841
-3.3822
-4.7952
-10.9773
-11.097
0.6898
2.1751
-0.744
-11.1075
-5.2641
0.4281
2.0474
0.7959
-1.1732
-11.8603
-4.345
1.3951
-3.0577
-1.296
-2.1513
-5.5371
-1.8396
-0.0125
-0.2336
-7.0892
-3.0906
-5.7419
0.8515
0.4169
-2.172
0.5284
1.8986
-0.8032
-0.0225
0.362
3.3171
1.4633
-3.1834
-0.1372
0.0869
1.8751
-2.4089
2.5814
-2.3288
3.1827
-1.597
-1.0945
2.0791
-3.2715
-6.0881
-19.496
-2.0898
-0.7427
-8.6375
-7.4354
3.0235
-4.8357
0.0953
1.7982
-7.272
-20.5282
-27.1148
-12.1186
-43.2616
-18.3103
-16.7933
-18.0455
0.0137
-6.3131
-8.9388
-35.0267
-30.8229
-13.2762
-46.7981
-16.235
-4.1261
-26.1354
-21.0302
-22.9914
-34.1055
-13.3355
-11.549
-2.0921
-3.6562
-1.7713
-19.2153
-18.1721
-21.0369
-81.1834
-14.0078
-26.5806
-17.485
-24.9951
-11.7607
-3.9466
-5.0871
-31.5469
-24.3292
-27.1757
-7.2306
-52.0654
-14.3383
-21.0318
-13.0188
-14.6362
-7.8582
-14.0781
-6.1187
-27.8971
-2.2538
-15.2657
-28.6666
-14.1097
-8.4514
-14.8102
-4.4461
-12.303
-56.4694
-4.1061
-17.4767
-11.1293
-25.0357
-24.9327
-13.1367
-11.4257
-5.822
-21.7345
-28.8514
-20.206
-54.1106
-13.6247
-33.7942
-22.4985
-7.8278
-33.7622
-9.9132
-20.0074
-11.1775
-8.2089
-10.7995
-21.7066
-21.2758
-7.556
-9.1775
-25.871
-4.7211
-13.2527
-8.4467
-22.8077
-17.9586
-28.6545
-42.279
-2.4932
-19.9659
-14.0203
-10.5104
-7.5697
-13.8692
-12.3155
-13.9031
-7.2752
-10.7469
-62.4957
-3.0482
-6.0322
-33.222
-2.3935
-17.2575
-29.0156
-30.2506
-56.9875
-14.6018
-13.2591
-28.4318
-8.3779
-23.8583
-16.9323
-20.5921
-11.5511
-5.8427
-25.2881
-2.1647
-25.7357
-18.639
-8.0232
-26.7293
-3.4101
-25.6938
-20.684
-17.775
-2.3622
-26.2762
-18.6395
-5.0624
-19.5114
-3.3731
-0.0942
-2.0476
-0.5701
-2.1821
4.9539
-4.2437
3.6144
4.5919
5.43519
5.17544
4.6001
-0.3694
3.1364
-0.0056
-5.6895
5.22762
-10.039
13.6531
-6.1127
3.4819
5.39338
0.2317
0.3742
3.6704
-1.2804
5.19244
4.2263
2.3092
5.34099
4.461
4.1651
4.4076
-12.4603
5.17463
-4.8011
0.6251
-3.006
-1.1672
-3.7196
0.5116
5.23306
-5.643
3.7676
0.8312
3.7274
-31.1688
-3.2377
4.4756
-0.246
4.6234
-2.3241
5.53725
5.64819
-2.001
-5.1596
4.1674
0.6666
-0.0858
13.4962
-5.0398
-9.0322
3.9769
-1.9453
13.6441
-2.048
5.74075
2.1393
-2.7769
-2.3333
4.8014
-1.1202
1.1994
3.5981
3.5474
-4.0823
4.9274
-1.7828
5.27731
5.73163
-9.0126
4.9022
-2.0236
-10.135
3.5267
-3.2646
2.8559
4.9964
-1.3341
5.69688
13.2989
-3.2439
5.17743
1.2747
4.7662
-5.7694
-0.9385
4.6366
-4.4108
-2.0336
-8.7994
-2.5779
-8.2938
13.3101
5.38531
-5.7817
5.631
3.0501
4.5372
-0.1973
-21.0872
4.1112
0.5391
5.08231
-0.8011
2.2534
-2.8664
-2.3392
-2.795
-2.5565
3.9958
0.1123
-1.6521
5.53181
4.0072
-5.0171
3.9459
-4.5044
5.84931
4.9734
-4.2777
-4.4891
5.37012
4.8477
4.6533
4.3845
0.0188
-41.2621
-0.4421
0.8911
3.3127
-1.4047
2.3072
3.7061
-2.4578
6.13138
4.4487
5.30562
1.6102
-0.4944
-1.5478
5.92675
6.17081
1.9881
5.00363
5.90663
-0.9329
3.6587
-0.6475
4.5404
-0.1535
2.9623
2.3779
3.4231
4.837
1.1275
-0.2446
-2.4847
6.35944
2.5287
2.8566
11.3271
1.0775
-5.5531
3.7263
-3.1734
5.14237
5.08519
-0.4963
0.781
10.9044
4.4359
3.4789
5.45594
1.9156
-9.4855
3.7062
3.4079
-2.8176
-4.7485
1.9921
-12.4539
-16.7516
-14.5206
1.1351
-7.5165
1.0078
-8.7895
5.36475
1.8929
-0.3014
-3.3802
3.9821
7.70118
7.31388
5.58887
4.5202
-3.5418
1.8673
-6.2447
0.9353
-1.0567
-1.0424
-7.986
1.5648
4.1312
-3.5245
5.38394
-0.5472
9.87562
4.423
5.38738
4.0192
2.9649
-2.4739
-3.3607
-3.1112
-5.4627
4.7422
-0.5665
-0.084
-9.5775
10.9491
-6.2752
4.856
-7.9239
-2.9059
-0.9333
3.0299
-3.9496
-0.9032
3.8426
5.49194
-8.8242
-3.4017
4.0393
4.5066
-1.0365
-8.4265
-3.9184
-7.2778
-0.9089
0.8881
-6.4295
6.77725
-6.2787
2.6468
-0.3418
-3.3194
5.15769
2.2684
-3.5565
-2.8302
5.97926
4.5786
-1.928
-1.2865
-0.5707
0.2044
-0.2308
0.1594
5.35925
-2.6826
0.4829
-0.769
-12.4562
-19.1248
-4.4328
0.0612
-0.8936
-1.572
-4.8422
-14.319
-1.4953
-4.1629
-4.3288
-3.1796
-5.7309
-2.6527
-5.8146
-8.4516
-2.9443
-0.4422
-0.443
0.7153
-6.0708
2.9856
-3.2577
-4.597
-1.7992
-7.9117
-12.1099
-3.862
1.5837
-17.3849
0.4137
-24.9099
-2.4281
-1.7291
-7.3296
2.6543
-10.9567
-15.9595
-1.0973
-9.0955
-4.1531
-2.2541
0.5971
1.7464
-19.5873
-3.6473
-7.2486
0.3294
-0.0167
0.6301
0.7185
0.39
1.4453
0.2419
-2.3437
0.454
-0.6558
1.0018
0.1988
-1.2113
-0.3755
-0.662
0.8248
0.2782
-9.5215
0.7648
-1.6448
-2.1743
1.0059
-0.4019
0.2696
-1.5729
0.0785
1.5256
-1.7947
-4.2142
-0.2236
0.4537
0.3737
-3.6433
-19.704
-5.5415
0.1158
-0.456
-0.0085
-0.3247
-0.085
0.6504
-0.1389
0.8778
0.2226
-7.937
-4.3517
-2.041
0.3895
1.6716
0.8001
-2.3266
0.2199
-2.0131
0.227
0.8867
-0.6453
-1.5024
-0.6149
0.3952
-2.3723
-1.3716
0.5095
-0.0171
0.0863
0.6983
-0.905
-0.1308
-7.8575
-3.7404
0.2055
-2.9
-0.3381
1.5258
-3.5179
0.149
0.4439
-0.7358
0.9865
-2.2343
0.9683
0.8123
-0.2459
1.1845
0.1913
0.5791
-0.5012
-0.3846
0.0441
-0.9562
-1.339
-2.2069
-9.7835
1.8264
1.396
-6.4661
0.0395
1.5429
-2.7815
1.0534
-1.723
-6.909
-12.609
0.1178
0.4365
0.867
0.2335
-0.0065
0.5842
0.2599
0.5434
0.0236
0.7239
0.3401
-2.9678
0.5757
-4.161
-1.203
1.0293
-6.6204
0.94
0.3497
0.864
1.2173
0.3534
-2.106
-3.365
0.1698
0.9097
-5.0899
-11.0435
0.4841
1.5908
-2.6228
-1.9601
-0.3416
-0.0952
-3.0389
1.5262
1.82
-0.2393
-0.1363
0.4215
-2.6527
-0.5996
-4.2024
-3.5915
-0.1359
-0.4639
0.2538
-1.3351
0.2786
-0.2885
-1.2903
-2.1171
-2.0327
-0.2487
-4.1635
-1.1621
-5.8394
0.9956
-1.9464
-6.4537
0.5797
1.2623
0.047
-3.1569
-0.2269
-2.6064
0.5451
-1.5656
-1.019
-5.5742
1.1441
0.1758
-1.4378
0.524
-0.3384
-0.8872
-0.6463
-5.3435
-4.5528
-0.6556
0.9867
-0.7402
0.7012
-0.049
0.2165
-0.2395
-0.8117
-1.5676
0.8551
-0.4518
-0.67
1.1154
-4.9678
-3.5075
0.5692
0.0329
-1.2962
-6.1516
1.0775
-2.3345
-1.7194
0.0004
1.1474
-6.3599
-5.6134
-0.5919
-2.5517
1.215
-1.9489
-1.1854
-5.9995
0.7052
0.2477
-1.0245
1.3396
-3.7268
-2.0068
-7.9767
-2.8132
-0.4166
-0.137
0.3329
-2.3032
-0.5484
-4.3011
-0.8143
0.8134
-0.5557
-4.0776
-1.232
-1.0705
-0.7677
-2.3858
-6.5095
-1.664
0.1322
0.1761
-1.0864
1.6504
0.5481
-1.3653
0.2208
0.3453
0.855
1.1208
0.3029
-1.3147
-1.7042
-1.3454
-0.5519
-3.3728
0.8182
-5.0855
0.9744
-1.9819
0.125
-21.7925
1.6451
0.9175
-4.9915
0.3227
-2.2154
-2.8415
0.4221
-5.5196
-6.9215
0.6983
-0.9559
-1.4879
1.372
-3.3458
-1.3988
-6.7177
1.2002
-2.1341
-0.4412
-0.4231
-1.9249
0.4392
-1.4937
0.9344
-0.0186
-1.8084
0.2502
-1.0829
-13.7758
-4.0294
-0.7768
-1.446
-8.3862
-0.548
0.3236
-1.6018
-14.9104
1.3047
-1.6242
-1.1205
-2.786
0.8994
-0.97
-1.7061
0.5863
-0.512
-1.5341
-3.45
-1.5454
-6.4997
-1.852
0.6061
-4.3328
-2.1968
-2.9312
-0.5065
-4.6915
-5.6696
1.123
-2.5746
-0.3953
-0.1482
-2.8395
-0.913
-0.1225
-1.5534
1.0044
-0.8088
-0.1982
-1.0335
-0.8334
-3.1216
-17.3494
0.4441
-0.7348
-0.3482
0.7924
1.805
-0.4647
0.1585
-12.5986
-3.7194
-6.1339
-0.5812
1.3922
-1.8191
1.4029
-1.165
-0.2544
-0.1215
1.4083
1.8556
1.1608
-1.5925
-0.351
-4.8127
1.096
-7.2031
-0.2486
-3.595
-1.8128
0.4969
-0.1642
0.329
-0.8208
0.0808
0.39
-4.6975
-13.5724
-1.1558
-1.7025
-0.17
-0.388
-6.4513
-0.0434
0.0706
-13.2131
0.1465
-1.3382
-5.6735
-3.2997
-2.249
-0.663
-2.5498
0.533
0.756
1.6337
0.2315
-1.693
-5.4088
-0.5236
-0.696
-2.8603
-1.907
-2.1024
-0.237
0.7474
-0.9261
-2.2743
-0.3021
-1.4062
-13.684
-13.3466
-21.9641
-19.5045
-16.1189
-19.676
-22.8046
-15.9691
-2.1765
-19.4093
-6.6856
-23.0281
-13.9872
-14.6899
-15.7952
-21.4155
-22.7357
-21.9307
-26.8228
-15.6161
-17.0877
-11.0251
-22.9381
-22.9772
-18.065
-21.685
-18.1473
-15.3138
-5.1601
-27.7812
-18.0245
-15.7221
-25.2069
-17.4237
-15.6125
-5.3764
-4.7413
-28.7069
-8.5802
-7.3368
-22.3545
-15.5838
-13.6655
-13.5029
-24.5598
-6.5589
-31.4532
-9.0669
-5.0082
-12.0897
-13.2006
-5.7846
-3.6283
-18.8005
-18.1998
-15.9296
-9.8704
-20.4526
-1.6262
-12.0206
-12.9675
-21.9755
-26.6739
-4.9476
-30.6964
-21.6005
-15.498
-16.979
-13.2651
-17.9659
-20.6342
-9.1702
-22.826
-23.1803
-5.6519
-9.6448
-27.6865
-8.9237
-20.5693
-19.9826
-2.2076
-3.3494
-21.2003
-18.698
-11.123
-17.3438
-23.0192
-21.0795
-11.9541
-6.6572
-14.8534
-10.4656
-21.9061
-10.8533
-44.0354
-14.8927
-7.8186
-22.9357
-15.3372
-5.8703
-32.71
-12.8621
-15.9971
-2.8244
-30.6144
-23.122
-14.423
-7.316
-12.5587
-15.6172
-18.3261
-12.6772
-19.8668
-4.6919
-9.3125
-19.788
-21.2547
-10.9353
-24.324
-36.6727
-30.4076
-23.6976
-16.8258
-11.5717
-4.0719
-21.1981
-17.301
-20.3679
-20.9692
-4.6812
-6.3332
-19.2105
-13.6335
-6.6716
-21.5959
-33.917
-18.4031
-21.9155
-20.605
-12.383
-21.4288
-28.8248
-45.7931
-13.16
-5.0225
-1.8526
-22.4505
-8.8663
-12.6329
-24.0256
-19.9545
-5.5907
-20.4465
-38.8528
-18.2619
-24.277
-12.563
-6.6979
-14.0565
-19.4825
-17.6558
-13.02
-18.1062
-4.6114
-10.355
-9.5239
-0.2808
9.77047
4.8918
0.0494
3.6799
5.83821
3.8321
2.5495
-3.0041
8.54219
4.5487
-0.4003
3.9355
1.1491
7.54688
2.8643
3.872
-5.9229
13.6864
0.4742
0.4146
-2.3738
6.65437
8.17105
2.9149
-2.8409
2.5324
-2.6265
5.422
3.0896
8.25725
2.8514
7.08094
-6.7393
6.37225
2.551
7.34357
3.8942
13.6034
5.40818
-1.1752
3.3451
6.773
3.2196
6.75344
4.3489
9.29279
13.2723
4.415
1.1355
7.67844
7.30404
3.7651
6.921
13.7598
4.3449
7.22538
3.1148
4.3256
0.7579
1.5791
13.5513
5.63268
5.16187
7.61825
2.4032
6.94606
-0.607
-4.1171
1.7403
8.14062
8.23293
6.96143
-1.3133
1.9252
8.06588
3.5489
3.8461
5.49381
-0.3544
6.21906
1.7358
0.2974
-1.1959
8.35418
4.1851
7.52744
2.5501
4.2799
2.6704
6.56882
5.75812
2.042
5.31362
2.652
3.8138
6.6615
7.50282
6.11875
1.6006
2.3981
-15.5825
2.7111
2.6783
1.077
5.95931
6.72856
7.72295
6.48088
1.1591
13.5154
-1.2788
-9.387
0.5992
6.8448
7.57587
3.5872
0.5494
6.68119
5.26731
8.51125
0.2448
2.9317
5.88744
5.03068
2.5105
3.1185
6.91725
8.29368
1.1275
4.8089
-2.2633
6.12044
7.09788
5.42126
8.65231
4.9313
1.9876
9.035
1.0257
3.3777
6.4615
6.70058
2.4588
-0.8833
10.0509
0.7268
7.608
-6.1122
5.82976
3.7212
4.1708
9.55597
7.42387
3.4762
4.655
6.68638
-0.0655
0.6317
7.372
6.57531
7.05912
2.6054
3.9419
0.4039
1.9749
2.5459
0.009
3.3017
5.16762
9.33414
1.0666
3.0924
1.0603
1.7272
1.4005
-15.1783
7.9505
8.28256
8.27018
9.46139
8.82556
-12.9053
6.6755
5.10088
-0.4824
1.8375
5.73569
-1.4456
5.99512
0.391
-2.0499
2.9799
3.5173
6.58269
2.2572
0.0863
5.69915
6.89675
7.879
4.2844
-2.261
2.2657
7.82388
7.04063
-4.1038
-4.4874
0.7504
1.1644
0.6584
7.47588
2.5609
-0.5349
7.40962
4.3586
5.09818
7.56794
2.8929
0.5004
-1.5143
2.0311
6.135
3.5343
5.52037
3.6338
-4.61
-4.5102
3.4439
5.28331
3.4759
6.92788
6.83775
7.62444
7.67801
-0.9707
6.38808
2.6619
5.55082
-3.0271
-15.8682
-1.4053
6.54213
7.47012
7.11756
-0.1578
7.98769
-1.072
7.74594
5.13807
-1.8057
5.986
0.0946
5.82556
9.22694
6.44006
2.1478
-10.1784
-1.4725
-2.1671
-2.5009
-4.8648
0.0737
-3.9405
-8.6824
-12.1405
-1.1987
-2.007
-2.3405
-3.6879
-0.7717
0.7254
-1.4042
2.1753
2.6513
2.1588
-8.6959
-6.1485
-10.2762
-14.3116
-1.2743
-2.1713
-9.4598
-3.1461
-1.2014
0.9213
-7.9636
0.1477
-12.0088
-1.2109
-4.2843
1.9385
-5.1233
-1.6504
0.1361
-14.1683
-2.9169
-7.2077
-1.0344
0.8074
0.8605
-0.6013
-3.8195
4.7431
0.3555
4.6224
4.6446
-0.538
2.1605
4.3211
4.1402
1.0325
3.0454
1.042
0.8684
0.4979
2.2358
5.40392
2.5655
6.329
1.5867
0.2716
4.6029
5.3766
3.2163
3.892
3.4314
5.15729
4.9385
4.4446
2.1587
5.03616
3.1665
3.6758
-1.486
3.7456
1.1763
5.38494
0.5044
-1.9306
3.6853
3.0159
4.175
4.2381
1.4664
5.81153
3.5504
0.2796
2.6602
4.2943
4.3016
4.2287
1.1982
4.4074
3.1439
3.6098
3.0008
5.32691
4.2844
0.234
4.1965
4.064
2.6259
4.4261
3.5851
0.4192
-9.0544
3.9185
2.6457
3.9063
2.3299
0.1767
1.6051
2.0418
-2.7814
5.25335
1.9916
0.6701
1.8692
3.5499
4.6104
3.8404
1.463
4.0545
1.5328
4.8556
6.33186
3.6073
3.3024
0.5414
4.5315
0.5903
1.7589
4.9166
3.9374
4.7773
2.2102
0.6129
4.4441
3.8519
1.7792
4.5238
3.5769
5.6736
4.8608
1.3469
-0.3933
3.0755
4.3251
4.7194
4.9161
5.37865
4.3946
2.5568
6.1305
4.372
1.0319
4.9599
-9.4088
0.463
2.1997
4.133
2.8132
4.8165
3.9632
5.08515
2.5183
2.8274
1.1143
3.8174
2.0596
-1.1072
3.3485
4.8346
3.1522
-2.6625
3.5621
3.8522
-0.2684
5.21405
3.5971
3.1953
4.25
-9.7083
2.1841
3.2942
3.5849
0.5023
3.2542
0.2802
3.4957
4.3687
2.2187
4.5243
4.1719
-6.9693
1.825
4.5981
-0.6497
1.2191
3.9699
1.5218
2.1076
4.9372
3.3147
1.7586
1.9101
2.798
-2.0228
3.6734
-1.1061
3.2583
4.6192
3.4498
-2.1345
5.7052
-3.7899
3.5248
3.4016
0.6784
-0.5791
1.306
1.5797
3.279
4.4546
1.2343
-3.8203
3.8559
3.0159
5.0711
2.4056
4.6085
2.9495
1.6242
1.6448
5.265
2.5179
2.8583
5.1991
1.5123
4.5239
3.0362
4.0245
1.3622
-2.0899
-0.5658
-0.9582
-3.0565
0.7733
1.7206
-1.1054
-6.8623
-6.425
4.1392
-2.593
-1.8039
-0.5915
0.7202
-8.8959
2.105
2.2952
1.5174
0.5807
-10.0492
-8.4471
-4.4712
-5.1125
-3.8984
0.5199
-1.5509
0.593
-0.5125
-2.8312
0.5234
-0.4367
-2.1186
-1.545
-3.031
-3.1891
-4.1585
1.2636
-6.7634
1.1096
-1.5191
1.26
-0.5707
3.2492
-3.2688
-4.9917
-12.3067
-1.022
1.4623
-4.784
1.4946
-0.8026
-4.2446
-1.2509
0.7428
-4.9847
-0.9973
-1.0231
-0.1994
0.1723
2.6852
-9.9192
2.4012
0.9752
-4.1303
2.8954
-6.0525
0.7109
1.7413
1.3179
-2.8618
-0.8726
0.0055
-7.7801
-0.6839
3.1195
-2.9973
0.3287
1.7897
-0.4741
1.8469
-3.0926
-0.7739
0.0216
2.0853
0.7329
-2.2418
-12.9395
1.5911
-0.3514
3.2093
1.3939
1.102
1.1365
-0.293
-2.7528
-0.5652
-1.3836
-4.3117
-4.5286
1.4715
-0.5101
-9.7897
0.2627
0.8188
3.2326
-0.0278
-5.0597
0.8148
0.2894
2.3866
-6.0751
-0.3665
-3.675
2.2459
-1.9941
-7.7542
-1.5029
1.5351
-2.7653
-4.6923
-2.6723
0.1014
-11.9374
1.3558
2.6016
-1.1296
0.6013
3.9988
-2.9113
-0.5705
1.9207
-0.0583
-3.4658
-0.2774
6.10865
1.1696
2.2834
-5.3321
1.3587
1.6672
1.0853
0.8713
5.2455
-1.4601
0.0393
-2.5069
-3.7203
-0.7875
1.8379
-1.598
-0.0028
-2.3133
1.5809
-5.0899
-1.9607
-1.4688
0.7353
-7.0132
-2.0902
-5.4039
-3.222
-5.6717
-0.7188
-1.0986
3.1795
-4.8011
-7.2279
0.9385
-16.3225
-4.0741
1.0983
2.1018
-4.3038
-4.5932
-1.8035
1.5834
0.1962
-5.196
2.5869
-2.6498
-7.9511
-13.5188
-1.8596
1.0586
1.0076
-5.3235
-0.2744
-2.8802
-2.7938
3.6434
-2.5887
-2.6166
-1.4042
0.994
-0.3792
2.0382
-4.9123
-1.3238
-12.8871
-25.3393
-16.8391
-9.885
-15.7989
-12.0282
-16.6957
-32.2685
-28.9664
-5.312
-14.4873
-23.9674
-14.0076
-7.3302
-22.949
-6.0364
-2.1116
-17.4519
-3.2596
-4.5374
-17.6641
-10.6334
-16.2514
-8.0451
-9.6251
-11.8247
-0.9291
-8.2692
-14.9156
-15.2668
-2.8269
-19.7993
-13.6308
-39.1278
-14.9669
-2.7737
-19.8275
-6.344
-4.3434
-19.1862
-4.1419
-3.2164
-16.8284
-13.6427
-16.9643
-7.8346
-11.7354
-33.3495
-20.2482
-24.7946
-5.8518
-3.55
-16.1489
-13.4756
-18.3312
-1.5747
-15.3096
-11.4138
-5.9522
-6.2228
-13.7575
-18.9686
-16.9431
-5.0371
-18.0451
-15.8533
-18.604
-10.5715
-5.9044
-11.1975
-1.7319
-1.8749
-10.273
-3.8627
-20.3229
-12.455
-22.6787
-23.119
-21.68
-3.7068
-17.649
-10.2257
-15.9857
2.4564
-13.6898
-23.6007
-15.9216
-16.1326
-24.0493
-18.2165
-16.8175
-20.238
-15.1337
-6.6049
-4.767
-25.937
-6.5711
-10.9643
-17.0441
-9.0269
-31.4607
-18.2163
-12.7273
-2.2488
-13.9691
-31.7029
-20.4875
-3.4621
-21.7528
-2.5408
-19.7035
-7.2284
-17.1415
-13.1256
-24.3738
-11.7
-20.7645
-16.5505
-24.093
