5.63985 3.8031
-96.252 -7.7642
-9.2016 -3.3734
-53.1895 -3.3641
2.25995 -26.7689
7.71785 -3.0014
6.29768 5.58872
-36.7418 -2.662
-9.6326 -3.2007
3.1852 -12.7202
-1.4536 0.2332
-4.5438 -20.7109
-2.8685 -38.2271
0.0076 -1.9785
-42.215 -4.3117
-4.3497 -20.0659
-17.155 -5.9721
-50.1174 -1.4406
-4.021 -13.742
-1.8377 2.8394
1.9004 -8.4761
3.21996 -7.6374
3.39564 -3.3762
-2.6352 -3.6668
-3.9058 -1.9663
4.79904 -0.7851
-1.0359 -3.8888
-21.8962 -37.0214
-1.8319 -1.8121
1.06772 -6.3043
-8.7063 2.419
-0.6084 -3.2782
-1.7741 -8.0728
-0.032 -1.3328
1.6463 -14.4104
-12.4229 -1.5797
-0.851 -0.8777
-1.8524 -1.9716
3.91318 -1.6079
-23.8195 -5.0282
2.19342 -1.7189
-5.8311 -1.5747
-15.5702 -51.1441
-48.3072 -2.2829
2.80458 -12.5863
-1.0058 -5.2408
-1.5927 13.5475
-23.2154 -12.5911
-10.3094 6.40668
6.30835 13.3846
-10.794 -3.2501
-101.581 -33.1172
-5.0564 -6.1692
-5.0539 3.6911
0.26501 -11.9117
-3.4144 -2.9323
-6.3097 -10.5587
-3.5347 -3.9138
-5.0659 5.08181
7.65225 -2.2709
3.53646 3.1907
-4.8447 3.7835
-5.7466 -6.1405
-0.5602 -6.5842
-22.5926 -13.0678
-1.8394 3.9208
-32.8494 -0.1984
0.19208 -1.4002
-5.3283 -8.6947
-10.5893 13.4778
-1.4151 -12.0777
-2.6426 -5.205
-1.0354 -7.0287
-1.5408 -2.8791
-24.0567 0.9562
-3.0084 -3.6459
1.83901 4.8663
-7.6784 -4.7497
-15.5352 -1.5145
-9.9872 5.25431
-16.1785 -9.4663
0.06409 -4.2187
-9.2159 -11.4049
-3.9258 3.5482
2.42578 -19.0157
-1.1865 3.4655
1.55188 -20.6579
-6.7156 -1.6648
-34.4375 -6.7316
-4.5597 -9.3932
2.05268 -4.4017
6.5059 3.5046
11.6084 -16.7707
-11.9879 -4.1587
5.47735 -4.5914
-3.8297 -4.5403
4.87694 1.8194
-9.3517 -0.3049
-3.2088 -12.0014
-18.974 -10.9072
-11.1876 3.8758
-4.3289 -38.9012
-5.3172 -2.664
-8.2833 -6.8332
-6.0485 -0.6696
-8.2075 -13.9399
-23.2945 -7.9108
-3.2117 -24.3312
12.3208 -2.094
-4.7798 -2.9159
4.95791 1.1176
15.7603 -29.0488
-35.364 0.9473
-13.4586 -3.2437
-23.8563 -19.8495
-2.8744 -2.0573
21.851 -7.6962
-19.2484 -7.5023
2.26855 -0.4334
0.93855 -1.3409
13.423 2.1021
-20.2479 2.7504
9.65025 -16.1108
11.9154 -7.3546
-5.5702 -2.0168
-0.8496 -4.9868
12.2384 -3.607
0.267 1.1487
-15.7826 -4.895
-8.5178 -6.0097
23.1027 3.1201
-19.2645 2.5033
-0.8611 -2.4514
-4.2035 1.9718
-3.5864 0.6368
-5.1728 -9.2682
-6.7364 -6.2313
0.13467 1.1728
17.2432 -7.4194
-13.6219 -13.173
16.9359 -1.7807
-27.1223 -4.0258
1.8987 -1.1901
17.0494 -9.0735
7.1046 -3.2406
1.51105 -2.4326
8.3936 -9.548
-1.4236 -2.8187
-5.8078 -6.0479
13.1041 -0.437
-2.3258 -23.4604
-2.8737 -2.0576
4.9425 -3.6463
-4.5661 -31.9664
8.50634 -38.5389
14.8806 -2.3851
-16.2666 -7.1293
4.14276 -5.5741
-21.319 0.0585
2.37195 -3.3866
-26.6275 2.8016
-0.1153 -0.1389
-22.2242 -5.4286
-6.8487 -51.5461
-31.9466 -5.3148
-32.2728 -18.0341
-0.8152 1.6237
-28.2529 5.24244
22.2825 -5.1176
23.1625 7.33531
-16.3698 -5.4688
15.1545 -14.7222
-17.6147 -6.9798
-25.5685 -0.1684
0.31552 -8.316
17.1196 -63.6432
12.1183 -0.211
45.957 3.2289
16.6247 -21.3207
-0.6224 -16.6951
-18.2676 -0.3811
34.1375 -12.1431
-32.7701 -15.2146
32.6527 -6.4972
-16.8746 -4.989
35.7402 -7.3533
31.6915 -18.5143
14.1226 -15.6789
36.8704 -21.901
62.7328 -8.5248
-1.0716 -15.8565
15.6655 -4.7301
22.4174 -29.3508
23.5454 -20.4663
-9.484 -41.4665
-28.4033 -16.181
56.9485 -12.4588
75.4754 2.2047
-2.2062 -12.8663
70.7454 -0.2227
10.6536 -2.5705
64.9471 -24.1289
-0.6394 -20.8041
2.68342 -11.5089
21.9954 -10.0038
27.8306 -7.9687
42.7598 -35.1494
-0.436 -20.5122
60.2782 -12.8472
-15.7569 -27.14
-1.3352 -11.5602
35.9864 -18.5127
61.8277 -6.4701
23.2822 -9.5311
-12.1857 -14.9222
-2.3356 -23.5995
-163.768 -23.4628
52.7074 -0.0744
65.1885 -26.4982
5.33455 -0.7274
-22.5495 -8.7931
64.2031 -3.4508
4.34385 -4.7329
9.5811 -2.2205
5.33332 -92.246
114.034 -25.1705
21.9724 -7.6228
11.0656 -16.8024
-8.7387 -100.074
75.6757 -13.7441
15.7045 -1.0306
26.6677 -19.8037
66.9343 -13.4927
-1.8441 -38.9392
-3.8708 -3.5944
54.5169 -20.6568
1.55906 -17.5548
52.3722 -27.506
1.2925 -46.2922
26.9114 -1.0096
-8.7253 -21.3525
2.67648 -1.9191
-2.0854 -16.0335
-1.4227 -0.7006
4.2824 -1.4476
-10.6449 -44.0519
11.2073 -59.1588
80.7082 -3.2775
86.9096 -3.2973
26.184 -24.2664
54.3619 -3729.18
19.173 -5.8875
48.8279 -15.2497
-10.42 -4.2019
-34.294 -15.9883
-4.143 -13.3449
-17.4786 -20.4866
3.9935 -12.3313
-60.1025 -9.768
-70.0958 -31.3194
-29.0662 -3.9877
-37.4057 -0.361
-21.9513 -13.3744
-29.0607 -13.6395
-12.9151 -1.2254
-65.1434 -12.697
-55.1965 -2.1405
-37.3693 -2.9892
-73.3933 -6.9561
-16.9841 -4.3188
-55.5988 -15.55
-23.4297 -1.1964
-19.0749 -0.9655
-25.7786 -9.178
-21.0295 -0.1575
-28.9806 -4.6413
-36.9974 0.3605
-10.9093 -10.5835
-14.2516 -12.4796
-12.2707 -8.512
-46.413 -3.5086
-14.0527 -0.6853
-4.6272 -8.6159
-55.6571 -13.8385
-121.486 -10.9385
-65.0137 -8.623
-36.6188 -2.1846
-13.1338 0.0191
-48.4389 -9.5015
-23.5206 -3.8979
-102.126 -2.1335
-36.693 -6.8024
-40.2908 -8.232
-57.0436 -15.2621
-25.748 -41.7446
-11.7674 -0.0601
-9.3678 -8.3145
-3.3226 -30.723
-25.0333 -5.82
-11.956 -0.8379
-23.1733 -4.051
-7.2904 -7.5369
-41.6613 -2.4596
-8.2577 -4.1457
-49.4236 -2.1365
-45.9766 -3.6194
-11.2754 -5.1985
-51.6462 -24.357
-74.8438 -4.553
-20.2773 -23.0154
-129.407 -14.7245
-123.988 -13.6258
-53.4607 -18.4175
-30.3501 -5.9119
-22.4365 -1.2229
-40.1482 -10.7456
-15.5647 -13.6461
-68.0725 -12.93
-16.5275 -3.3314
-87.0808 -9.6475
-27.9985 -1.1528
-15.6367 -3.1529
-23.0038 -3.3236
-6.9446 -14.6
-19.5203 -5.7309
-18.3048 -5.7145
-86.1935 -7.668
-8.4068 -5.3168
-8.2407 -1.2719
-98.195 -11.2915
4.05735 -33.005
-17.8786 -3.3023
-18.6638 -4.5754
-7.1565 -11.8158
-19.7536 -35.8275
-77.4818 -12.9355
-13.1328 -20.099
-104.732 -9.426
-67.8575 -13.0484
-37.6585 -3.4742
-50.7114 -0.9309
-9.9902 -5.31
-103.645 -1.8901
-19.7697 -4.9406
-11.5033 -11.674
-53.9604 -17.434
-7.1433 -5.6945
-47.6433 -1.1884
-45.4083 -10.2828
-15.0435 -16.4338
-13.4112 -1.4241
-18.0821 -14.398
-58.1214 -21.401
-10.7687 -5.446
-73.3294 -3.056
-23.6921 -3.7651
-7.6024 -1.1221
-59.0165 -0.8661
-51.4387 -14.773
-28.4886 -8.0565
-47.0268 -23.067
-8.8228 -3.71
-2.1429 -13.2947
-15.958 -13.1105
-17.0642 -8.0945
-107.405 -4.2263
-11.6045 -16.1011
-95.588 -8.948
-25.4706 -47.1825
-5.6068 -11.902
-13.841 -11.5605
-24.6812 -0.0445
-191.697 -15.805
-94.012 -34.6375
-51.0352 -5.9706
-31.2784 -10.5745
-10.8084 -2.5969
-3.1874 -16.7775
-15.4141 -1.236
-20.3464 -2.505
-69.6008 -2.5429
-39.7574 -6.0808
-68.5179 -25.4644
-3.9957 -1.3631
-17.9029 -18.88
-8.944 -5.1491
-22.5083 -5.1555
-100.097 -8.754
-7.8804 -9.2248
-64.1964 -5.8302
-12.4177 -10.7057
-7.6633 -10.9834
-40.7437 -0.5007
-24.7955 -6.1878
-13.9137 -3.3915
-9.5973 -7.1614
-36.0456 -29.3275
-13.3056 -12.6665
-6.0519 -3.4115
-16.7709 -9.2715
-72.1242 -3.1366
-113.12 -0.6326
-99.126 -18.422
-8.6526 -9.3345
-139.385 -23.2165
-20.3375 -5.066
-40.4571 -4.5601
-34.5663 -18.5085
-31.8884 -15.5938
-27.0213 -5.442
-9.9198 -4.0112
-94.204 -2.7495
-23.2634 -3.179
-13.3807 -4.5325
-35.9878 -11.5489
-11.6598 -20.0835
-51.7657 -0.237
-20.2024 -1.8652
-12.9132 -10.2794
-40.993 -11.9723
-11.7804 -14.5112
-33.4258 -12.2295
-25.2876 -19.8135
-50.8431 -4.1167
-72.7061 -9.9185
-8.6565 -0.5356
-15.6968 0.3092
-48.1509 -13.0982
-15.7467 -9.9494
4.09525 -6.0836
-10.379 -3.398
-92.571 -36.9705
-36.1631 -36.177
-12.3219 -21.04
-27.7709 -6.7581
-21.3193 -0.6289
-10.776 -12.6265
-20.6617 -3.2207
-20.3815 -4.6482
-75.6134 -9.3265
4.45185 -8.6861
-48.8814 -18.1495
-10.7114 -3.9768
-29.1529 -12.657
-51.5148 -11.0625
-19.9637 -7.0889
-33.3529 -26.7065
-18.2182 -2.806
-18.068 -8.932
-253.334 -38.5755
-83.115 -9.203
-61.6542 -13.0444
0.30633 -9.8194
-54.1923 -11.0483
-15.4853 -22.1505
-8.4099 -3.987
-72.7005 -2.4635
-4.7613 -13.5915
-20.0892 -29.6084
-9.7174 -23.0715
-15.0171 -22.83
-78.308 -22.57
-47.1868 -27.2635
-10.7397 -20.232
-28.3139 -26.3582
-11.0346 -40.9059
-37.8665 -34.222
18.4286 -20.2898
32.249 -19.194
23.3899 -32.9363
-16.9515 -15.3805
10.4116 -29.6125
-9.8291 -22.695
-30.6945 -29.9755
-3.0575 -40.6495
38.6279 -21.6436
-79.3802 -18.4234
-57.7673 -24.3575
-43.1453 -32.9245
-36.3043 -16.0945
-17.3151 -57.4899
-18.7572 -29.9511
-94.641 -17.8235
-26.0481 -25.3395
-10.2257 -27.7848
-10.6055 -17.637
-4.9351 -24.1175
-1.9776 -17.6288
-83.6409 -20.235
-30.0633 -27.5755
-19.0455 -30.616
-62.0644 -16.8081
-26.2167 -24.439
3.50695 -22.8135
-2.4748 -29.2324
-62.2473 -18.02
-70.1424 -28.5615
2.3853 -27.162
-18.0392 -17.9701
6.8227 -21.2743
-20.0074 -22.5863
16.0282 -25.1382
4.6034 -33.0855
-24.8471 -28.9815
-23.1876 -22.4175
-10.7163 -27.1205
-12.2557 -23.8275
7.8259 -16.4443
-2.5213 -42.1417
-44.499 -23.2094
-42.0199 -20.3174
-17.1469 -24.6452
-14.7162 -22.3707
-10.7367 -672.112
-10.7929 -23.8264
-44.2998 -21.108
5.79915 -26.0773
-89.2621 -36.6735
-8.4027 -24.2335
-20.5342 -14.6675
-61.6719 -15.3686
24.3609 -39.6285
-14.1191 -47.741
-27.6517 -24.32
-66.6207 -26.205
2.17411 -45.5811
-140.113 -25.7945
-15.1549 -56.1925
-7.917 -21.3923
24.7446 -19.9789
-25.5388 -18.5244
0.9059 -16.913
45.0081 -15.4959
-101.819 -29.272
-132.887 -22.681
-5.0387 -20.3191
-3.8711 -18.7105
-13.3809 -22.4957
-17.1778 -21.039
-18.1869 -19.8361
-14.0288 -28.4398
-61.8702 -41.0363
-31.0208 -44.6884
-13.484 -28.5679
-17.7796 -16.0225
-15.4044 -15.1073
1.5552 -22.8918
-49.8308 -127.683
-40.351 -14.8798
3.4948 -28.362
5.351 -25.447
-6.6604 -50.7284
-73.5888 -14.733
-22.2659 -43.282
-59.7734 -21.6095
-12.7572 -32.4105
20.5003 -23.5435
-42.267 -22.7105
7.27205 -0.6325
5.05141 4.9424
0.22064 1.3408
3.07809 0.1648
0.32995 3.0785
2.89338 4.3689
1.62899 2.0318
5.53531 -1.893
13.4785 -313.312
2.89079 2.4709
2.57225 1.5961
3.71937 -2.3162
0.26961 3.8325
5.01471 -30.0389
3.20646 -0.6804
5.3916 -3.8505
4.94026 8.65544
0.3591 8.05713
4.37678 -7.4836
1.4613 4.2484
7.17753 2.3089
-0.4929 3.9257
7.92765 -32.9674
4.5908 1.8704
1.44487 3.1719
0.35628 -2.1568
10.4967 -0.2894
-3.6655 -146.258
6.40075 -41.882
2.60178 4.203
1.70487 -6.2531
0.34813 -14.7465
0.31883 -6.9614
2.88205 3.91
3.12804 -6.6994
3.96405 -11.1416
1.75048 -13.5652
1.25594 -5.4144
0.38103 -31.0189
-14.8385 -4.0022
4.46409 -0.0703
5.64389 5.22607
6.49826 0.9955
5.11823 3.8606
0.06552 1.4457
-2.1825 -1.8374
0.37149 1.3645
0.58593 -8.263
7.55107 -0.2472
0.52979 1.6637
0.66587 0.0369
0.37862 -6.3611
0.33416 -0.5793
0.64185 -8.7207
0.75061 -6.1683
7.7505 -3.8929
7.18057 13.3951
2.53233 -1.6438
0.35847 -0.9298
-0.2095 7.73069
3.02015 -1.3691
0.31584 1.9548
0.68035 -1.0595
0.3466 3.5925
0.38495 -1.8298
1.00524 -1.0503
3.91818 -0.6632
7.81608 -2.4507
0.35681 -20.0627
1.02069 -7.1523
5.79983 -4.2072
7.29294 3.0098
14.2234 0.3988
3.04357 -3.4057
1.92589 -36.0718
0.35839 3.286
0.38439 -6.3708
8.66521 6.76269
0.4228 5.61082
1.3392 1.936
4.69277 2.6444
1.11214 -4.9501
5.7405 2.9165
2.86418 0.5206
1.938 5.3175
5.25719 7.02937
1.69449 1.1919
0.35496 -5.4124
1.05302 -28.8174
5.43187 4.243
12.286 2.4024
2.28986 -6.3128
8.78109 -3.3434
2.71326 -7.4819
1.89807 2.1465
27.9976 -1.4032
4.01644 -5.7614
1.80834 -0.9914
1.07041 4.2779
-0.065 4.3385
2.91514 -8.9615
23.9282 -39.7537
1.14926 -0.355
3.16664 3.9895
17.6776 10.7839
4.51526 1.6822
1.15235 -9.727
4.18051 3.7835
2.52305 7.56856
11.0084 1.0098
1.25959 1.7143
29.3532 -15.8057
21.9122 0.2606
16.4107 5.2836
2.98745 -4.392
22.9764 -14.2382
1.11309 -6.6981
15.4299 2.8046
5.57636 5.2203
13.0333 7.149
1.81914 0.8872
2.80206 -0.0619
18.3286 -3.7197
15.9064 -2.7881
4.7839 2.3977
2.42837 -4.9171
16.9654 -1.0545
6.7689 0.128
12.5602 -5.8965
1.1291 -3.2893
8.72705 -6.1256
4.35245 -3.88
10.1195 1.1747
1.02915 -2.6071
7.06529 3.2663
6.11935 -9.4414
9.89155 7.43569
12.2351 1.3448
23.4794 -22.1159
7.01994 4.4833
7.05436 0.3846
1.20308 3.3437
24.3002 -0.369
19.8777 -1.7146
13.8091 -10.7621
-57.5296 0.7721
2.91187 7.12614
3.52542 -5.0336
13.1698 -13.8449
13.2641 0.2027
5.08683 5.53363
6.87616 0.6931
3.99259 0.506
19.9361 6.08688
2.53938 -5.9451
13.5579 -19.6924
8.33162 4.2066
1.08501 0.8648
11.5917 0.3624
13.1619 1.0522
1.06734 1.3814
8.1002 -3.8427
5.32086 4.0355
9.50653 -0.7227
1.37107 -3.2327
4.77557 -1.6713
32.2134 2.0702
7.8778 -2.9171
18.8838 -8.5752
2.0408 2.3793
5.55762 0.7618
15.4793 3.6958
11.9172 1.2115
11.7624 0.7339
12.5776 -10.4667
5.29808 -37.3007
17.5887 1.4771
21.5183 4.8103
7.12908 -9.9497
7.76928 6.1862
55.8164 -119.713
71.738 -3.4304
3.54988 -6.8573
84.2789 -6.1933
40.0278 -6.3084
4.86622 -19.0437
-2.4134 -42.6645
41.5256 -7.179
20.888 -3.7339
19.5287 -31.1303
26.7389 -2.7453
16.6682 -31.5983
3.82296 -1.7544
11.4196 -13.3004
100.665 -10.8517
38.1506 -5.1309
5.65198 -14.8847
85.2592 -10.6531
64.5265 -3.0228
3.62165 -3.4994
3.48326 -1.9804
3.46776 -21.2537
14.8097 -34.2777
4.03777 -14.1669
45.4472 -12.7937
35.0801 -8.9479
70.78 -10.9048
73.1295 -14.7796
42.855 0.6614
88.8975 -22.2421
126.498 -5.1155
3.27866 -4.1292
70.3054 -5.5468
118.751 -0.3381
11.3949 -4.0974
3.68519 -16.261
108.045 -21.5666
29.0545 -13.246
28.2386 -15.7221
6.70005 -17.0212
3.30387 -15.3655
73.909 -17.6469
48.0524 -19.5929
9.18955 1.5879
84.035 -12.2925
3.36242 -32.1252
5.10633 -20.8308
50.2626 -10.1214
74.6955 -0.7004
3.56789 -11.3835
39.2915 -4.5522
19.1534 -5.0237
19.9168 -6.3818
1.79317 -2.4232
23.6331 -40.361
21.6529 -3.4327
46.9441 -3.6589
34.1955 -54.8564
28.8676 -1.0946
-2.4785 4.103
-9.7807 2.617
0.28508 -2.7747
-3.2081 0.5717
2.95223 2.2513
0.99069 0.4159
-26.9372 3.6346
-5.6168 4.2709
-7.2629 1.9014
-5.0152 3.4085
2.2325 1.4462
-0.4773 1.5866
-8.6073 3.3972
-22.7785 -0.9993
-0.3503 3.5218
-13.35 2.8271
2.26083 2.5841
2.29095 3.4551
-3.9685 0.7097
10.0909 -6.545
2.05577 1.6529
-1.9611 2.1839
-0.0931 3.4606
1.20299 3.4696
-25.0906 2.612
-26.757 -2.0952
-32.0889 2.7557
-7.2841 1.1014
-7.879 0.4017
-4.7774 1.4123
-2.2374 2.2598
-2.7185 2.0604
0.81517 3.9413
1.96898 2.1938
-11.7536 0.3727
-49.0839 1.56
-11.9314 -0.6274
1.57028 -2.5491
-6.5415 4.2577
-21.2326 1.879
-9.4738 3.3413
1.47285 4.0737
-1.189 -2.3434
-8.6531 4.6786
4.5787 -6.5642
1.03887 2.487
-3.6618 2.6231
2.68171 2.4255
-5.7936 1.7322
3.00328 -8.4123
1.77625 2.1283
-3.7528 2.4676
2.66967 0.0999
0.41925 2.7337
6.38352 1.5873
-3.4294 2.3709
2.3803 2.5931
-14.5233 0.3225
20.8002 -12.2325
1.79882 1.9878
2.15484 -2.9822
-33.5134 1.2022
-0.8315 2.6742
-3.1659 -0.3231
-3.9806 -1.5331
-0.8815 1.9149
-3.1956 0.4608
-4.4334 4.0441
0.01607 -1.955
0.40864 1.141
4.45109 0.9128
0.0561 0.859
1.12303 1.5571
-6.813 2.2559
2.31998 1.5998
-0.272 2.765
7.7881 -1.2162
-1.1329 -0.4013
1.83478 -1.0697
-1.2682 0.8179
-13.0948 -3.2013
5.1385 -2.4446
2.95949 -0.0502
4.81839 0.9151
3.78905 2.0081
2.30233 3.0468
-3.3433 4.0682
-21.02 -0.4296
9.13936 -4.2608
1.10985 -0.6374
7.88331 -0.0807
3.43609 2.9781
-3.0713 1.4986
3.87926 4.7445
1.54744 0.3145
-1.6422 3.0581
1.62254 -0.4045
1.57488 3.7865
-7.0014 5.2437
-0.2269 -0.4011
-15.0266 -1.1481
14.7582 -6.0932
-0.6128 -1.2922
5.0736 -0.4899
2.17978 -1.6422
4.63511 -1.0726
-0.3804 -6.3731
0.84872 -3.6146
3.5646 -3.5022
8.78826 -8.971
0.58781 -0.7393
-5.5625 0.0793
-0.6058 -5.8613
5.54235 -6.919
8.25566 1.652
-9.701 -0.511
1.53909 -2.6847
-0.4247 -4.1131
-0.1757 0.3767
14.3152 -3.3235
3.34531 -0.7184
16.0872 -9.6125
8.4218 -4.8497
2.77042 -4.0218
1.01055 1.0006
3.41025 0.2601
0.39617 -1.9427
19.0462 -7.3329
12.7035 -11.7777
14.3923 -5.1047
6.73667 -1.8221
1.26127 -0.9863
-0.0427 -2.542
12.9896 -0.8142
-1.9518 -4.2416
1.9394 -0.4978
0.52651 -1.3925
3.1353 -4.8743
9.6478 -5.0435
13.5615 -0.0694
14.4972 0.3075
-15.2704 -4.869
-0.5788 -3.5521
4.32393 -7.3398
2.98791 -1.1627
-5.2892 -0.3685
-2.595 -8.788
1.39221 0.8989
-0.1397 -0.8009
16.0866 -2.066
5.45539 -3.3002
-16.3364 -0.5848
12.8687 -3.7828
5.99432 -1.4389
4.38295 -4.9403
3.5407 -1.8786
15.0036 -3.4456
-1.2301 -4.5771
-16.6374 -5.9359
3.19748 -1.6584
-0.4485 -15.2651
5.00692 -1.1766
12.0947 -2.7226
-4.433 -2.0347
1.7437 -6.6114
-0.4746 0.8148
4.3685 -0.6961
7.567 -5.8261
-10.2345 -4.3756
-7.6216 -0.8175
8.28331 1.6407
-14.9084 -6.059
4.12762 0.2768
-23.406 -5.0826
10.1129 -2.6182
1.9137 -7.9858
1.75451 -5.7915
-0.846 0.0004
6.6857 -4.167
4.28306 -1.4392
-2.7586 -11.4902
-4.1881 -0.2261
-0.6734 -3.3698
11.4662 -2.9414
25.8985 -4.9381
9.63367 -6.9575
1.65339 -5.4491
8.34363 -1.4303
-1.5051 -1.535
13.2185 -6.5761
2.85566 0.7706
-1.4171 0.5211
5.7165 -3.5801
-5.681 -0.746
7.62904 -2.0518
17.0804 -3.3906
4.39745 -10.4817
0.80649 -4.2761
-10.932 -2.9019
-13.8607 -0.3801
34.7336 -23.4527
36.1688 -24.0761
15.8112 -26.7803
23.2467 -24.227
21.1175 -24.8751
26.8887 -35.4143
3.78961 -54.6386
15.8197 -41.4318
0.53342 -33.7764
3.79102 -28.8942
84.4784 -24.3742
9.8393 -18.2923
-8.4505 -38.0551
27.2948 -27.1472
0.25499 -26.3276
62.2456 -44.5557
2.93142 -22.4515
18.6599 -19.9761
24.6556 -22.0793
13.3822 -16.4252
38.0662 -39.6124
67.8858 -23.0905
70.4009 -24.3907
4.18374 -66.7427
8.91125 -26.8312
7.02555 -18.8547
27.299 -15.4606
-13.8419 -15.6337
38.828 -25.1857
21.9838 -16.0757
50.0052 -18.9954
102.932 -7.6446
-8.9346 -13.106
0.78045 -26.5238
41.0658 -33.761
57.4809 -24.7056
24.0945 -26.5348
3.70068 -18.7706
1.48767 -22.8868
14.7619 -10.6795
27.1444 -24.1522
-22.318 -17.2493
13.6917 -15.6288
8.65003 -54.2725
-3.4466 -32.0365
22.5879 -21.5995
4.16556 -24.651
-0.0544 -34.9186
6.46172 -28.5371
6.9219 -23.3025
16.1169 -54.7423
51.0937 -23.111
95.3038 -21.821
5.09265 -15.1683
6.27485 -26.6964
20.6002 -42.6771
-0.9539 -19.2254
30.0308 -19.6261
17.438 -28.2927
18.887 -28.7151
25.5645 -33.8702
74.7357 -32.3728
16.8325 -166.154
2.24217 -23.8341
4.8104 -51.6891
34.7149 -23.1912
13.2226 -25.0544
-0.2324 -17.4176
-39.1241 -29.7246
51.7075 -58.3851
20.6837 -26.8122
-9.7985 -31.2251
11.8425 -23.358
-1.8621 -20.8795
38.3826 -29.3319
20.521 -28.3372
-2.005 -41.1221
21.7154 -20.6424
12.8969 -26.1609
0.66965 -21.6841
4.51276 -28.0498
33.2921 -30.6424
67.0606 -29.1401
60.2693 -29.113
-4.6769 -19.7757
1.36979 -20.102
-23.8445 -25.5795
-80.9383 -33.288
-1.6336 -38.7607
40.9215 -39.7832
7.15856 -35.2653
51.7127 -27.0189
49.3078 -28.1578
17.5895 -27.4164
12.6576 -11.8013
70.8163 -24.3578
22.968 -20.5648
38.3391 -22.4081
-2.6142 -33.5002
18.9856 -17.3127
-96.41 -0.4078
-12.4023 -2.2998
7.53701 -0.7722
-11.6043 -3.6406
-8.8871 -1.1969
-1.6821 -16.2908
-4.5862 -1.3714
-13.4823 -4.281
-0.728 2.6295
-2.1989 -2.5177
-14.7822 6.2625
-2.1716 3.3016
-10.4954 -3.3839
-3.0211 -12.8858
-4.495 -0.9527
-0.437 -1.0597
-12.6607 -0.8713
-13.3346 -0.0501
-7.9878 0.1985
-9.5487 -3.0607
-4.8286 3.4361
-7.767 -8.6034
2.14219 -12.2509
-7.6601 -1.4507
-1.5437 -5.992
-8.7999 -2.411
-3.2116 -2.0414
-8.9757 -2.3678
-1.752 -9.2492
-9.7915 -3.1033
-0.6476 1.2596
4.62015 2.9546
-7.9963 -5.8422
0.17298 -5.3996
-2.6632 -6.4888
6.75701 -11.2718
-18.1451 -2.2052
1.93637 3.3537
-33.0718 -6.4337
-8.7693 5.62318
-30.7139 -0.5483
4.65358 -7.9776
1.6341 -3.4448
-1.3826 -3.0663
-9.6706 -8.1071
-2.8804 -12.1907
-15.2276 -3.0168
-6.3482 -0.9115
-13.1643 4.6395
-2.3142 -15.9384
-5.0207 -5.3783
-1.1219 -0.9996
-28.1826 -1.6818
-14.3678 -2.3833
-2.4894 -12.7664
1.12646 -0.0894
5.35665 -24.4718
-9.927 -11.5748
-6.9451 -3.6395
-11.4625 -3.3557
-21.2208 -8.6024
-1.115 -13.8154
5.9395 -2.9727
-4.9007 -3.5701
-8.3456 -5.3601
3.55293 -3.3681
0.38132 0.0842
2.42718 5.01163
9.24659 1.7718
1.21956 -0.5819
1.64555 -3.0271
-9.5006 -3.8689
0.83406 -7.2901
-7.8209 -1.0774
-10.6973 -0.8854
-21.4278 -2.1279
-10.0026 -8.0153
-1.2404 -8.7904
1.5753 -1.4157
15.3633 5.76187
6.7773 -9.3223
-2.5377 -1.6337
-4.5672 -1.2444
-1.7581 -6.0123
-10.9514 -0.5152
-7.91 -5.8242
-12.8746 -2.2473
-15.3918 -17.1718
0.74707 -9.1521
-2.1579 -8.6249
-19.4243 -3.0079
4.85646 -1.851
24.8368 -3.1055
-22.7931 0.923
-16.5556 1.4031
-8.2905 -1.4601
9.5853 -7.7867
9.5654 -4.0414
3.39814 -2.4226
3.81528 4.3624
-9.9061 -3.9585
-7.2947 -15.2279
-5.5422 -3.346
-13.7 -4.053
10.144 -8.6222
17.1821 -16.7478
9.09985 -5.1533
-4.4696 1.2635
0.08786 -5.581
5.5386 -1.242
4.49686 -3.3491
-0.3955 -13.3867
-7.6422 -13.3766
3.05838 -2.1128
-5.6951 -2.9436
-5.1684 -0.7678
-7.9503 5.7175
14.735 -8.6917
7.7709 -3.796
5.13505 -1.0345
5.18571 -0.7169
6.8741 -2.8333
-1.6148 -5.2785
2.84779 -2.6641
-10.5211 -0.9132
3.13114 -22.4804
7.5273 4.8422
-13.97 -2.0423
15.673 -1.3961
-9.2362 -2.3002
-7.7313 -7.6628
10.3105 -3.4274
-1.4222 3.1308
-4.0069 3.8406
-3.8071 -8.1331
0.7198 -20.7921
21.2974 7.18888
-20.4895 -6.3547
0.5349 -14.1027
7.2957 -12.3758
4.39165 2.6239
-14.0586 1.2788
11.228 -5.7326
-11.4177 4.4824
-38.4301 2.9981
-11.5065 -10.0663
4.76394 -2.0109
-1.0585 4.9788
-5.9401 4.5167
5.5605 -1.968
-0.7292 -1.4347
1.33065 -2.9134
18.6339 1.4315
1.913 -2.5805
27.3838 1.1994
12.0791 5.96975
7.32155 -9.9479
-1.4441 -0.699
1.67365 -1.9656
5.44577 -5.3319
-4.8243 -2.2499
-0.6857 -9.2017
-1.7501 5.17443
4.87086 -2.164
-16.7413 -2.7993
15.1174 1.1369
6.34665 1.2651
15.3034 -3.4083
-3.7325 -36.1634
-3.6694 6.5425
-5.8944 5.42757
15.9669 4.8984
-17.7381 -4.2049
0.98979 -4.2627
-12.3228 -2.6679
16.5187 -3.5468
-0.4406 -1.5162
11.9294 7.84193
1.108 -4.9942
-15.6213 -0.8988
20.8946 0.9977
2.85952 -2.4936
85.5134 -4.7636
-27.7031 -3.6837
-11.4143 -14.7364
3.19951 -8.3019
30.9582 -11.7948
99.135 -11.1247
11.683 -14.5857
9.36735 -16.2715
-10.7829 -4.57
-9.934 -6.1844
7.26937 -15.6822
134.044 -4.9131
13.8861 -2.7372
74.6025 -3.0563
-45.3656 -2.9269
-1.2228 -0.4736
-28.638 -11.435
34.4472 -17.6733
2.12245 -0.1196
25.1153 -7.5972
52.8875 -0.6527
1.28325 -45.4775
37.6292 -5.5736
-28.6697 -2.5806
2.77391 -12.175
30.3735 -26.3781
-12.3188 -7.2555
2.64957 -32.0028
24.5145 -15.5688
39.2768 -6.1603
46.9565 -0.0042
48.4646 -25.8885
-43.725 -9.93
27.6733 -10.4906
-2.9549 -24.1425
71.3128 -17.1773
135.446 -10.1925
15.5382 -10.2122
-7.4205 -6.8373
-11.8033 -5.33
-8.1406 0.2837
109.059 -3.2913
-13.4355 -2.6919
9.798 -4.6163
2.38702 -5.6238
29.0719 -2.5002
56.4273 -17.8354
110.812 -32.9251
65.2952 -14.6287
6.7912 -17.6499
43.5979 -0.2212
57.6269 -20.6035
22.1016 -14.4827
110.932 -9.9432
23.8806 -6.1113
18.0952 0.4464
-18.9615 -4.901
-39.0316 -3.9173
-11.6168 -3.7439
-20.5122 1.0045
-33.9669 -3.3701
-63.768 0.9058
-13.6039 -0.0053
-12.3229 -1.4104
-6.7544 -7.7985
-33.8953 -5.2835
-44.5045 -0.6585
-31.2411 -0.2336
-11.8633 -1.107
-52.9134 -9.7815
-29.4586 -2.6241
-10.3152 -2.249
-87.7696 -1.562
-62.8026 -0.769
-81.507 -4.0935
-49.6464 -8.6935
-22.9683 1.5903
-78.3494 -4.5078
-32.8456 -3.5902
-76.0094 -0.7928
-6.7709 -3.446
-27.8715 1.2428
-8.1732 -5.5222
-38.8652 -1.2382
-52.9254 -0.7868
-15.0481 -0.2485
-5.1438 -7.1296
-39.51 0.8767
-77.5075 -9.8325
-26.701 -1.524
-29.8733 -0.063
-9.3664 -3.1468
-87.1366 -0.7884
-49.8266 0.7655
-64.9348 -1.2896
-58.4594 -0.6016
-57.5403 -10.0471
-11.8188 0.3685
-55.8009 -0.2575
-52.4541 -0.654
-46.3841 0.1218
-44.3748 -0.3726
-12.9954 -4.588
-9.8076 0.3445
-29.9531 -0.4836
-11.5794 0.8025
-11.9526 -3.5575
-53.8314 1.3007
-51.3081 -0.9619
-4.8614 0.7737
-30.6528 0.0095
-56.7429 -0.11
-15.5487 0.9627
-20.8803 -2.188
-34.9885 -0.4737
-8.1062 0.705
-11.3102 0.8915
-33.0739 -0.0971
-40.7592 -2.7976
-39.5982 -0.9745
-22.8369 -0.249
-122.11 -2.7835
-7.2858 -4.5735
-16.2319 -2.582
-45.1457 -11.644
-17.7929 -1.8301
-120.075 0.2731
-20.9389 0.0118
-27.9046 -5.067
-26.0126 -0.08
-18.7418 -2.7398
-53.3829 -4.857
-13.9164 1.3328
-63.2111 -0.516
-49.5939 -13.1605
-13.5844 0.1786
-13.9571 -0.3765
-7.8342 -4.8464
-13.781 -6.1755
-10.0339 0.8703
0.93473 -2.5033
-77.3234 -7.4705
-45.103 -0.7592
-80.4156 -0.1856
-22.4648 0.837
-13.6735 -1.0455
-11.1711 0.0205
-33.8135 0.4838
-111.646 0.9779
-13.722 -3.1104
-54.7664 -1.4123
-30.1211 -2.5957
-42.2087 1.8331
-115.347 -5.7235
-15.9611 -2.1654
-11.867 -2.217
-51.3428 -1.2304
-70.7962 -3.062
-4.095 -0.8995
-17.7373 -5.0793
-54.483 -0.9856
-42.9856 -1.1109
-26.3952 -7.4835
-36.2797 -5.6977
-2.5672 -11.3185
-33.8848 0.5112
-30.048 -1.4055
-49.0532 -3.0893
-7.7168 -3.7468
-51.2768 -3.3926
-7.637 -2.226
-39.6382 -3.7813
-0.4414 1.302
-9.7701 -1.807
-19.7019 0.3863
-50.2193 -6.4739
-0.0714 -3.2294
-14.7523 -4.0549
-20.8102 -1.8714
-13.3811 -3.5418
-70.8118 -2.0335
-17.2245 1.1077
-27.343 -8.103
-121.225 -9.6027
-38.4343 -3.6152
-58.5961 -5.5786
-15.133 -1.5925
-16.9068 -7.9123
-31.1809 -4.665
-58.2344 0.6787
-34.742 -8.2752
-99.058 0.335
-12.5492 1.2135
-14.9438 -3.216
-19.992 -2.481
-8.7784 -1.4942
-9.1714 -3.3161
-3.5464 -0.3595
-17.1112 -2.1977
-82.1646 -0.9579
-25.3008 -1.844
-4.3617 -6.3955
-13.15 -2.507
-8.7719 -4.3354
-46.5971 -2.3192
-8.8959 -8.901
-30.6012 1.1947
-18.5922 -2.6508
-25.3357 0.0887
-9.0993 0.2336
-124.473 -3.3965
-3.6683 -1.1294
-22.2084 -6.104
-17.8366 -13.7495
-22.6665 -7.258
-25.4222 -2.8527
-12.3873 -12.6388
-12.2827 0.3173
-31.8038 -4.5405
-39.7136 -0.4292
-47.4278 -0.1397
-66.2248 -1.606
-12.53 -1.9683
-14.6093 -2.8925
-12.8189 -5.6155
-65.1112 -2.995
-35.9746 -3.3436
-4.3423 -7.1856
-43.1288 -0.2745
-78.2112 -6.5436
-3.7035 -0.9465
-48.8032 -3.7382
0.8426 -1.3313
-2.7412 -0.2781
-12.2837 -7.9495
-20.9847 -1.0155
-19.4988 -3.1934
-13.1448 -0.8674
-53.5125 -1.107
-8.0125 -1.8899
-32.6666 -1.6171
-12.0346 -1.161
-4.437 0.8747
-11.4107 -4.8575
-30.8449 -5.775
-17.1021 -9.0514
-8.167 -11.4695
-12.6502 -0.2975
-58.1061 -7.9667
-19.4425 -0.1675
-13.0754 -1.1467
-20.4678 -1.9157
-35.1736 -4.2726
-4.0963 -7.9318
-2.6865 0.6214
-27.136 -6.1467
27.0394 -13.049
47.621 -19.2779
-2.7424 -24.8944
22.7573 -18.0133
-34.0894 -26.584
-0.0343 -14.262
-39.1599 -22.6222
9.0473 -16.9487
-23.0772 -16.669
-14.0026 -16.4783
40.44 -29.5353
11.3863 -16.8517
-36.1996 -19.9586
-32.4832 -14.4025
-41.3311 -16.2927
-8.3939 -34.1523
-13.1963 -21.586
11.4221 -19.0962
-65.387 -17.727
-6.4893 -23.951
-28.8122 -13.358
-27.9569 -20.0873
-14.3855 -19.0438
-10.6281 -14.6517
-9.9006 -20.3879
-10.8024 -25.0575
-13.883 -30.8191
9.0338 -21.8593
-16.5984 -19.7897
-27.7878 -71.9323
-32.6639 -24.8594
26.2078 -39.0005
-70.3011 -18.426
-24.6559 -19.6163
-9.1127 -28.5652
-45.8312 -19.604
-17.5854 -15.79
-73.5919 -20.865
-110.874 -26.4125
-15.82 -14.651
-28.4498 -22.553
-46.1873 -25.2715
-11.2164 -10.7623
12.3446 -19.966
-19.5284 -33.5055
-33.9569 -36.9856
24.9704 -17.3505
-10.059 -36.1822
-29.0171 -15.7987
1.73895 -17.5174
-41.2413 -17.9044
-24.2768 -14.4797
-9.2641 -23.0375
-1.1614 -16.8352
-20.773 -16.311
18.6198 -16.6792
21.5992 -14.6207
-22.5312 -28.541
15.8087 -19.3755
-29.2294 -22.3965
-3.4292 -19.4078
-1.0127 -23.989
-58.8869 -18.139
-14.8984 -15.8995
-79.6985 -17.2725
-5.4409 -25.2555
-14.6026 -22.76
-23.5654 -17.4977
34.1928 -18.7405
-9.8825 -17.5047
-48.9575 -18.8392
-53.214 -17.394
-44.455 -22.4695
-21.4405 -19.8815
-43.3527 -23.4415
-49.8778 -20.3117
-22.1848 -21.1971
-33.9361 -19.4001
12.0291 -22.6047
-24.7775 -19.326
-23.9032 -17.3635
-23.4936 -32.533
-1.716 -18.3135
3.04315 -20.9556
-65.6562 -38.5403
-12.2682 -32.3524
19.6733 -16.5629
-35.1045 -23.969
-5.6151 -21.9594
-47.8525 -19.9329
-1.2548 -21.9408
-11.1309 -13.9134
24.2816 -21.7623
-20.8288 -19.3356
2.50149 -18.3561
6.95335 -19.4368
-22.2311 -17.995
2.2259 -16.3639
-35.3514 -14.9757
-16.5315 -18.7062
3.46307 2.8892
0.38608 1.9835
0.35652 1.479
0.35246 -0.1748
0.88606 0.0546
-3.4613 -2.3809
2.94537 2.3803
0.38473 2.8977
-1.0263 13.5637
2.58491 3.9605
1.45186 1.3553
3.44716 9.85238
2.59048 -0.5533
0.36675 -3.992
11.8044 0.039
5.15493 3.6791
5.54768 -0.4607
2.37148 -0.0926
2.15551 1.0278
3.14987 3.4066
8.18909 2.2255
-12.2306 0.7853
2.17507 -0.0915
2.60083 4.7418
1.88125 -4.8915
5.21855 4.8126
1.14999 5.33295
1.35153 0.8749
0.40403 -10.8543
6.95783 -7.5888
-0.3744 -14.2569
0.35731 2.7032
1.30746 2.2393
0.4017 0.2489
0.33198 -1.186
2.45899 1.86
5.42827 6.48219
0.6143 6.84925
0.29792 -23.5769
0.3792 0.6357
2.86534 -0.4319
2.51693 -1.2309
5.2155 0.7658
2.14918 2.2995
0.42161 0.1357
0.40212 2.2324
3.45637 -10.9836
0.40597 2.7714
-0.1297 3.8098
0.72292 1.7094
-1.9349 -0.6987
0.4515 -1.8295
-6.9952 1.6161
2.8151 -34.025
3.39906 -0.4036
4.71208 2.1838
6.61442 3.1927
5.17542 13.3593
1.83076 6.11585
0.35335 3.7154
3.03999 6.099
8.02046 -3.8535
0.36972 6.76194
3.47056 6.497
9.07824 -8.1912
2.17443 7.59125
10.3621 6.66637
3.68776 3.6238
2.86977 3.7569
0.46096 2.3712
1.1816 4.9751
8.45734 1.9957
1.36427 3.4578
1.99121 -4.1213
5.24727 7.16594
10.8203 1.1498
2.83799 -1.9039
0.67146 1.0926
2.13831 0.186
4.44146 -15.2981
3.92358 5.9017
2.63959 0.7404
1.00219 -2.4061
0.35783 6.92135
8.90914 2.2823
6.04813 -0.0839
7.32506 0.2515
0.83901 5.14706
13.1291 2.3266
8.1307 7.62657
3.04907 7.21812
4.12018 3.1687
22.5484 1.7061
-0.1175 1.8826
8.9193 3.1136
24.1867 2.1466
2.34715 -88.59
1.25967 -0.9125
4.82635 -6.5638
1.19462 1.0513
10.8133 -12.7805
6.89442 -2.013
2.31315 2.5534
12.8735 1.6929
28.7539 -0.0574
1.37981 -0.6327
1.01755 3.5028
9.33898 -1.9859
4.92528 8.07325
14.2005 7.09132
9.48132 -6.1175
11.314 4.1047
3.08233 0.9996
33.7983 7.50831
15.3372 -8.2355
4.39273 -2.5398
1.05926 6.85888
4.53478 -2.6328
6.00968 5.13945
23.5664 0.4712
8.42595 1.4026
12.6843 0.4073
10.1733 3.7558
-0.4566 -0.6395
28.5108 -7.5027
13.7667 4.7736
6.8786 -5.3997
20.5495 8.19462
4.98703 -1.8698
1.10032 3.3144
1.0431 3.4238
18.2181 -18.3159
17.3635 -1.0251
27.5931 6.32193
36.1976 -0.0073
7.88501 -2.6004
2.10107 0.8137
1.12882 1.8316
-3.9904 6.60837
2.28855 -0.9622
1.00035 0.1934
12.1875 -4.2154
11.8076 -1.7891
11.3512 5.23885
9.01651 2.1319
1.05529 1.9196
28.8163 3.1595
0.98755 7.6831
5.73152 5.06987
0.84437 4.6652
9.12159 1.9935
-2.7492 3.5891
15.0691 0.5328
3.16792 2.1646
8.20203 0.362
11.7708 2.7749
2.88013 -1.0036
23.411 3.2409
1.24755 6.70362
4.79006 -5.4456
30.4217 -11.6763
18.8052 -6.3571
19.3254 -4.5916
1.64889 0.6851
7.78539 1.6564
14.5223 7.79207
13.7079 -0.4625
5.08893 -1.9165
6.46728 -1.6951
1.15417 -2.5554
4.7951 0.8721
2.39816 0.4468
9.31672 4.8265
-1.207 3.293
15.3886 4.8442
0.0032 0.3601
2.01576 6.50937
2.02856 3.5884
6.28479 1.4399
13.5519 5.35026
16.521 4.8851
5.02006 4.5709
130.719 0.3956
27.9542 -2.6241
96.1536 -4.1761
4.33749 -4.9139
73.5715 -1.7459
3.56576 -10.4564
44.6365 -1.8966
3.352 0.7144
142.012 -20.495
3.48452 -1.6794
7.35343 -2.0064
3.9089 -4.395
9.89665 -10.2763
3.56016 -15.5519
25.2183 -0.2941
59.762 -5.4749
64.5103 -4.9821
46.8009 -9.8122
21.6418 -6.5737
10.4133 -4.6825
3.40195 -7.8413
94.9845 -5.8654
30.0484 -9.4208
63.506 -9.3982
27.6492 -6.8791
101.412 -2.1209
37.733 -42.9728
6.05269 -16.788
3.41057 -12.068
79.1935 -21.7905
90.062 -2.6539
14.8453 -2.4937
18.8448 -2.7817
18.7299 -5.3185
3.43849 -9.7335
74.1275 -8.6655
11.8853 -14.2658
6.82237 -4.1469
63.5589 -22.0588
3.39045 -13.8098
8.35154 -4.1369
27.2855 -13.1973
54.444 -7.2024
125.304 -3.6387
40.3631 -0.4091
11.386 -27.2192
3.72757 -5.1051
95.8036 -0.2099
1.45637 1.8659
-4.4451 5.55935
-7.0132 3.4671
3.2923 3.1918
3.91263 4.5115
-1.8106 2.6314
4.01368 2.7144
2.75533 3.0366
-7.0026 0.93
3.1051 4.2659
-3.2984 3.8436
0.91023 3.0439
-2.0474 4.0493
-1.1831 4.3677
-12.2778 0.511
4.31148 3.7673
-8.2179 3.5323
0.45406 4.0196
-24.9931 -2.5489
-4.3907 1.5875
-14.2738 4.9234
0.26918 4.3689
-1.324 5.93485
-8.207 1.3868
-6.826 3.8827
1.20167 5.12165
-12.0275 3.3485
0.64624 4.9649
1.75028 4.1898
6.23091 -3.9372
-12.2542 2.3348
4.15689 3.5577
2.71717 2.6263
-12.2545 3.9395
0.09007 5.50805
0.60844 2.651
-5.7273 1.4585
6.28999 2.8215
-3.9453 1.7058
-3.889 4.8022
1.13711 3.1128
1.44745 4.5529
-7.1338 3.701
0.39565 3.2386
0.15317 4.5621
-1.6072 3.7659
4.0827 4.1346
-6.6169 4.6935
1.9315 -4.6928
3.86398 4.4745
2.51207 2.5723
3.88906 3.4525
5.98084 2.8869
-2.5081 2.7186
1.29827 3.0781
-9.9991 4.2873
-8.7114 3.6619
1.76836 2.06
0.12063 -0.0067
0.5396 4.99
0.98517 2.5641
-6.2761 0.7202
3.23628 3.8133
-8.4194 2.2186
3.01585 3.623
-5.8504 3.4253
0.24564 3.8657
-0.6032 5.7714
1.8832 4.28
2.41501 2.4614
4.02186 3.3227
2.55879 3.9743
2.66347 3.4498
-1.7904 2.9716
-19.269 4.5461
-7.8802 1.5759
-5.8531 2.961
-0.7263 2.1407
0.58685 5.54155
1.46206 1.9851
3.50344 3.9756
3.28819 3.2326
-6.9783 2.8628
-1.1005 3.2548
-1.796 2.7726
3.61663 3.9557
-0.6072 2.7877
2.98752 1.9579
-6.8071 3.7248
-0.9092 3.9809
1.02637 2.9473
0.99701 2.2278
4.67808 3.8685
0.50234 3.0556
-23.6218 1.6153
-1.8451 1.2577
-3.5246 3.2652
2.45249 5.3625
-4.0737 1.7278
-1.4284 1.1686
-1.5826 -0.8851
3.12242 0.397
10.8385 -4.2643
6.91636 1.7824
-22.4231 -4.3361
14.4976 -1.984
-2.0214 -5.431
4.17577 -2.97
-1.6884 2.7222
4.72222 2.3866
3.68178 -0.2708
0.27811 0.5029
-6.2125 -0.0516
-2.9209 -1.4764
17.3627 -3.1192
-0.99 -0.7169
3.04768 -1.565
13.4794 -2.6005
-12.6037 -1.7046
9.23365 -0.8706
-2.1818 1.0451
6.26471 1.9854
1.0593 0.4049
1.08272 -0.7353
-0.2374 -2.4297
-0.3464 1.6054
3.52895 -1.9229
-0.5286 -0.1048
-4.9231 0.0068
3.27489 -3.56
1.82978 -0.9985
11.4578 -4.7916
3.33798 -2.5276
-0.8912 -1.1893
-2.0954 -1.6735
-0.1811 -2.3094
3.5946 -0.9548
-8.09 -0.748
0.84005 -0.1022
1.61446 0.8102
1.18875 -0.8852
6.8437 -7.1816
-2.4094 0.6749
-0.8018 -1.4764
10.5734 1.1532
-0.3631 -3.2237
1.91161 1.7929
7.88076 0.4821
13.2662 -1.9024
18.9938 -1.559
0.05707 -2.4254
14.9991 0.7213
-0.5108 -1.7261
9.7083 -1.725
3.15196 0.3761
-0.0051 -0.3005
1.57367 -2.6305
-1.1473 -1.0683
-3.2369 0.1495
-12.8989 -2.8789
-0.7167 -4.2929
-0.0771 0.4501
3.13221 0.9748
-5.8285 1.4524
-1.1524 -11.5854
1.14304 -6.4772
4.7035 -0.9922
14.045 1.3143
6.84751 -9.6348
13.5221 0.3012
7.83875 1.3739
-0.8128 1.7766
17.2148 0.1321
0.27488 -1.1598
3.25751 0.5921
19.0584 0.896
-5.8923 -2.0094
2.33708 0.0653
2.40766 -2.2912
11.7592 -7.4713
10.2805 0.9385
18.9918 -2.597
10.0219 -3.4641
3.09862 0.7913
3.01696 2.2484
-4.8858 1.122
1.77319 -0.0567
-2.0162 1.2688
0.57125 -1.4318
5.61967 -3.8428
-0.3469 -0.8943
40.2374 -0.8693
12.1437 -1.6319
-4.9465 1.8513
-5.401 -0.7499
0.33703 1.5683
-10.7848 0.1198
6.6339 -5.5164
6.47179 -2.6286
6.31295 0.0716
4.51769 -22.1999
21.2652 -16.8931
82.3979 -22.7224
69.6594 -27.3534
16.308 -37.929
59.3291 -24.6309
16.6272 -45.0658
38.3712 -17.9689
49.852 -16.1981
1.66568 -16.7291
9.06385 -17.3002
-7.6354 -23.1039
10.1253 -14.5945
27.0494 -18.5643
-15.3924 -19.092
47.1934 -21.1437
28.6816 -17.2592
30.9709 -31.5325
32.4244 -17.2514
17.0061 -17.5286
6.6596 -23.4955
53.542 -15.632
46.2234 -16.9906
7.0425 -18.115
52.3487 -14.0487
3.67342 -14.6529
11.2133 -18.5144
41.2286 -20.021
43.4923 -4.6657
136.894 -32.3779
9.26045 -16.9117
-6.1062 -19.5266
43.653 -28.0057
3.05683 -18.5211
84.0727 -17.0947
69.8454 -19.1432
0.1078 -17.7536
45.5795 -19.829
35.2349 -23.5635
14.3134 -20.1055
-8.1128 -12.8565
23.1664 -26.2149
22.8549 -22.117
7.54585 -22.8165
-1.9354 -20.4237
69.751 -18.5883
38.8837 -18.5037
16.2444 -15.2591
21.6691 -13.0054
38.1773 -4.3867
11.2134 -21.4266
21.5444 -23.6099
14.0709 -11.3111
27.0568 -14.8468
7.9026 -22.8603
-1.1824 -25.8513
92.3215 -16.6511
29.3025 -18.3748
30.6215 -29.6287
-9.5611 -20.7555
110.166 -19.8283
68.0008 -20.9186
51.6608 -10.4123
8.31362 -21.2277
31.6965 -25.117
26.0375 -23.6204
18.8989 -25.9802
23.962 -20.3346
25.6001 -17.7662
42.178 -18.2339
27.6997 -16.3794
26.2378 -19.8957
21.1262 -18.2211
4.75598 -22.1557
59.5187 -27.3081
19.2955 -29.0754
37.9426 -20.8352
22.1839 -16.5176
84.7853 -29.5322
72.9999 -12.3923
6.52569 -21.7922
33.0867 -13.3787
4.41512 -12.1794
19.7227 -31.2105
117.631 -35.3705
86.9327 -76.5115
65.2967 -20.0083
7.1389 -19.1098
56.3619 -26.6475
49.566 -30.4946
43.5567 -17.049
13.7623 -24.6013
0.23279 -16.4943
38.8878 -35.0247
-6.9224 -5.5587
44.4374 -60.1192
-2.287 -4.0008
-1.8788 -2.4215
-6.1808 -2.855
0.46285 -0.3793
-5.6763 -6.1316
-4.0527 -3.1473
-16.2246 -6.8294
3.74693 -5.784
-5.4305 -2.4591
-3.0902 -0.9271
-0.8414 -0.3177
-8.5776 -2.2167
-12.3727 -14.3201
-0.6842 -8.9516
-7.0507 -1.2435
0.05053 5.6645
-2.4089 -3.8189
0.025 -1.9326
-6.3758 -0.8068
-4.5557 -3.6353
-1.413 -13.2636
-18.741 -4.5722
-14.3106 4.5693
-2.0932 -4.898
-8.2086 5.25913
-6.9844 -1.9862
-16.9452 -3.7956
-1.3529 -0.828
1.8209 4.1071
-10.8563 -3.2178
-3.2692 1.3829
2.08527 -1.0258
-4.2305 2.809
-6.424 13.5704
4.00852 4.6118
8.6756 5.41201
-7.6841 -0.2329
-0.7386 0.2942
-2.8152 -0.066
-17.3299 2.9416
-14.5464 -3.6863
-4.2501 -4.3859
-8.0895 -1.7231
-0.1337 -1.3579
-3.373 -1.1505
5.82445 -9.0224
-17.3629 -0.7795
3.74788 -0.9073
-13.8079 -1.8002
0.23085 4.3916
-5.7946 -0.6112
-8.368 -1.6002
-4.8213 -0.5144
-6.5873 -1.8655
0.0598 -1.1991
-8.8918 -1.2163
-3.5871 -0.9095
5.66035 -5.6803
-9.3062 0.1134
-4.9313 -11.9986
-6.5476 -2.0067
-11.645 5.19693
-12.7264 -11.5721
-4.559 -3.9459
-1.1527 -1.7385
-10.0671 -0.9449
-1.7427 4.8144
0.42791 -7.2695
-28.5131 5.08075
-3.4965 -1.6695
-5.3639 -8.1994
-6.1319 4.0203
-6.0852 -1.0755
0.79367 -5.3486
4.27716 -1.0715
-4.7146 -2.0178
-1.3957 4.8361
11.3486 4.6144
7.05284 -3.2657
-4.513 -6.1987
-10.7819 -3.3707
-0.1347 0.1556
-4.2298 -6.6829
2.50815 4.6964
-1.8037 -1.8912
-3.7832 -1.5808
-0.909 4.6465
2.30656 -1.7319
8.20406 -2.094
4.28074 -0.4386
0.23062 4.1809
-1.935 -10.9169
-5.6307 -1.4827
-40.3877 -0.4558
-4.0467 -1.3113
-6.154 3.9138
-8.5248 -0.1772
-11.7457 -3.2186
-16.7504 -5.141
-15.2347 -3.4675
-1.9923 6.76157
-1.9025 -0.6414
-21.9113 -6.7397
0.15397 2.1352
12.9163 -16.2023
0.4124 -1.4866
0.27185 -4.0308
-1.1471 10.6323
0.6766 -2.2688
1.6149 0.2203
-2.6594 -5.4964
14.8338 3.1053
23.8661 -3.4047
-12.5095 -1.868
18.4275 2.7728
-9.2703 -2.0116
-9.5082 8.16725
-0.6694 -7.5378
-1.5342 -3.2475
4.36525 5.72525
14.1669 -1.3756
2.1475 -3.7621
-0.1769 -2.9888
7.8502 5.76687
8.66605 6.63319
4.51 9.66221
1.57459 -3.5093
-0.9338 -4.4374
9.9397 -2.109
-4.4096 1.6362
-4.3209 -2.5869
1.11029 -7.593
-1.0861 0.545
-2.6024 -1.15
8.5788 -8.4425
-30.9335 7.28575
9.41395 3.4124
-11.9092 -2.1115
6.32591 0.4727
0.8311 -2.9722
-6.9299 -3.0775
-1.597 -1.3392
-1.9312 -1.3697
13.7596 -0.0387
9.89455 -9.0391
-2.1538 -4.6943
4.40042 -5.0055
0.01467 -3.8162
-4.0892 -2.6041
-10.8627 2.8194
16.8552 4.6873
1.09238 2.1131
9.59955 2.9969
1.29388 2.3352
-6.4633 -2.9326
2.26739 0.0946
-1.1514 1.7141
22.7625 4.3923
15.3331 0.5396
5.64665 0.9868
-12.2311 0.2196
11.9713 3.6377
10.556 -6.3505
0.47244 6.33925
-48.0654 -3.1681
-10.2313 -30.4708
-3.6956 -16.7119
-18.357 5.57225
7.83925 1.8044
5.19097 -3.909
-13.6119 -2.9793
17.7642 -2.7793
-2.2205 -2.1043
8.87695 -0.6262
-18.3732 -3.7014
-33.449 -1.6169
-0.0611 5.75187
4.37454 2.2742
4.88311 -1.5465
-12.4085 0.6297
13.1428 3.7021
-1.7246 -1.9972
11.0354 -6.2569
-4.9457 -4.3105
9.50195 -1.7098
12.9039 -2.6592
36.725 -14.4693
86.6011 -2.1217
6.9095 -7.375
37.8655 -2.7987
-7.6977 -1.7173
42.181 -0.3707
72.6776 -1.7918
3.36573 -2.2549
46.3991 -0.5096
-12.1522 -3.4178
4.6773 -14.0712
43.4326 -2.9864
0.80514 -36.9407
121.189 -9.8746
56.621 -17.7298
92.5834 -15.1645
46.0962 -11.2797
84.4859 -7.8437
171.376 -7.2685
27.6685 -3.3462
69.2622 -2.276
-16.6891 -4.2244
89.9052 -15.7468
-4.5335 -12.2642
9.8905 -2.3409
127.941 -0.005
49.8956 -1.6391
27.0037 -0.8894
6.39704 -1.9826
1.70858 -2.7606
-31.8701 -5.4519
38.204 -3.2352
8.30375 -5.7486
-20.8989 0.0152
-9.456 -14.6519
38.3046 -0.4943
23.6715 -15.8471
71.0059 -13.7078
-6.8494 -1.4725
75.3153 0.6834
27.5044 -11.1304
37.9969 -19.6172
1.09196 -4.4199
109.293 -1.18
29.3854 -7.7866
38.6457 -11.4182
128.394 -18.2293
116.057 -16.2108
43.8665 -5.0989
34.7793 -10.1985
58.2054 -9.471
66.9375 -4.2521
-12.7699 -0.5179
3.81377 -15.4971
30.5127 -8.4267
95.9142 -13.3396
-10.3133 -0.6449
-35.1941 -1.7974
-64.2891 0.693
-15.6628 0.7385
-25.748 0.6601
-20.454 -1.2185
-6.8643 -2.425
-53.8973 1.1028
-28.3027 1.2827
-12.415 -1.5369
-17.115 -2.7175
-24.2772 0.6901
-23.9798 -1.2261
-51.2195 0.5225
-29.0891 0.4593
-36.4243 0.6332
-31.0983 0.1695
-29.7024 0.9296
-9.1489 -2.6441
-11.9112 -1.1435
-16.151 -0.126
-51.3946 -0.0346
-55.8649 -0.7825
-26.0859 -0.2167
-5.9964 -5.9126
-5.8783 -11.2867
-9.0083 0.5873
-13.2533 1.8306
-76.6715 -0.7477
-43.301 0.397
-13.2518 -1.763
-50.3299 -1.2445
-12.749 0.4753
-22.9631 0.5055
-33.83 1.1081
-6.2087 0.8134
-49.4201 1.6775
-7.3377 -0.472
-13.5386 0.2564
-30.7047 1.4655
-15.1378 0.2188
-51.5936 -4.4915
-6.8848 0.0275
-13.3056 0.0485
-7.6046 -0.5815
-13.6461 1.1095
-58.9097 0.3818
-47.4395 0.3534
-69.5577 -1.2711
-22.7887 -1.9504
-83.932 -2.3805
-42.9294 1.1303
-28.5014 1.2915
-15.8413 0.6199
-9.2584 -0.6407
-28.8952 -2.5855
-14.3849 0.6555
0.24366 -0.94
-19.4627 0.9332
-22.8293 0.3685
-11.2264 -0.4501
-5.3408 1.0186
-43.5063 -1.2505
-9.0729 -0.6114
-36.0598 -4.4142
-16.9239 1.8634
-27.7794 -2.6871
-30.1664 1.4822
-32.8277 -0.4281
-20.5586 -1.5941
-28.9047 0.8837
-15.6406 -2.9332
-63.7829 -1.4155
-10.7083 -0.2811
-17.1462 -0.6955
-45.547 0.372
-37.1538 -1.6741
-3.6867 0.1155
-68.6846 -0.8365
-20.597 1.4588
-26.2793 0.8609
-15.8188 0.6661
-10.6603 -3.2445
-12.5148 -1.229
-9.3815 0.8696
-12.0906 0.1311
-14.1334 1.6884
-35.2326 0.964
-26.141 0.5829
-55.664 1.1125
-21.8651 0.0894
-25.6588 1.3845
-13.4635 -0.0834
-9.3398 -0.3817
-12.834 0.8381
-12.2889 0.5798
-56.2057 -1.5328
-28.8945 -1.6192
-44.8122 0.6718
-49.2536 0.7396
-23.5973 -0.394
-19.4515 0.7256
-44.1474 0.9737
-31.0592 -2.6974
-32.838 0.753
-16.4512 0.529
-31.3071 1.005
0.75253 -1.6972
-11.6244 -4.2018
-14.7468 0.7961
-15.7868 -1.1022
-8.5187 -0.362
-54.0393 -0.611
-16.8884 0.0709
-92.506 -5.6165
-25.5034 1.049
-33.8539 0.3706
-88.7661 -0.1297
-4.778 -2.7675
-21.5646 -1.4705
-84.0954 -3.2275
-27.0817 -3.442
-28.6384 -9.849
-15.9761 -1.7955
-7.9111 -1.801
13.7562 -3.1846
-63.5044 -2.1321
-4.9214 -2.591
-11.4039 1.056
-105.141 -1.267
-21.4705 -1.2259
-31.7149 1.1055
-41.2207 0.5308
-25.3742 -9.3305
-26.9366 -0.0817
-0.1272 -2.6235
-12.6719 -2.5235
-12.0727 -0.7389
-17.0735 -5.3633
-33.7031 0.4331
-13.9763 0.6939
-14.7199 -1.2584
-19.4806 0.9295
-21.5082 -0.1613
-9.2411 -2.3125
-14.757 -3.1804
-6.1165 -1.187
-25.8941 -1.2775
-42.5212 -2.38
-133.738 -2.3105
-9.5564 0.6014
-50.4518 0.89
-36.5108 1.0489
-7.0081 -1.6166
-13.1622 1.0584
-92.784 -1.765
-15.1636 1.187
-11.4534 0.41
-4.5718 -2.2022
-91.523 -5.424
-10.5694 -0.1448
-10.2504 1.0844
-24.366 0.584
-19.7605 -0.2169
-14.3484 -3.4347
-39.2502 -1.4662
-5.1725 -2.4743
-18.8325 -1.7175
-11.9885 -1.3165
-28.6872 -2.6581
-52.3594 -1.5232
-30.8705 0.8234
-11.2432 1.3119
-81.5947 -0.9564
-11.3167 -2.3515
-14.3037 1.4314
-32.0309 0.6044
-7.4475 0.0733
-11.6001 0.2503
-16.8294 -5.1035
-19.1576 1.8164
-22.2386 -0.5459
-42.7064 -2.655
-32.5455 -1.4331
-93.141 0.0762
-42.2394 -5.8694
-65.1054 -1.555
-12.6052 0.3718
-26.572 0.3591
-56.7848 -1.182
-10.8488 1.0016
-0.4996 -1.1148
-43.1538 -1.9535
-48.6302 -6.2158
1.9331 -2.531
-15.3044 -4.2086
-19.0245 -0.7748
-29.0173 0.6155
-51.7362 -0.0924
-14.1928 0.7385
-4.4672 -11.8235
-14.6821 -19.2662
-20.1592 -16.932
-21.1799 -26.973
-4.2537 -25.1213
47.8105 -14.2097
1.60995 -5.9413
16.2859 -16.3201
-1.8795 -24.138
-19.1559 -16.9746
-38.1581 -27.8645
15.1204 -18.1527
12.1685 -20.2741
-47.3429 -18.9583
-23.1259 -15.2237
-20.7691 -15.6525
-22.8264 -15.5053
29.1258 -13.183
-11.3975 -20.521
-24.0691 -29.5529
-27.2563 -22.3685
-20.3596 -26.3795
-26.8458 -26.4068
-13.8153 -21.8513
8.8899 -14.2628
-23.4361 -16.633
-24.0274 -14.4299
-20.5892 -15.9879
10.8597 -16.6672
-23.7607 -14.6521
-40.9563 -18.169
-8.8762 -27.1834
-24.2948 -14.382
-1.8425 -20.7505
-77.9207 -17.623
-4.0221 -16.1941
-2.2392 -19.5246
97.7018 -24.6624
-24.0334 -16.9665
4.8073 -14.199
-58.0229 -15.6363
-57.0312 -13.643
-6.5972 -20.2873
-13.0637 -18.665
-42.4306 -16.3012
-13.6048 -13.2265
-20.4337 -23.0046
22.8866 -31.9625
-4.9509 -11.6542
6.4146 -14.6886
78.9639 -21.3338
16.7514 -18.1104
96.4159 -23.0772
-27.2467 -22.169
-10.8293 -22.6285
-4.4165 -12.2451
-17.2994 -24.7613
-8.5227 -21.3978
-11.4887 -22.857
-13.4703 -9.5216
-1.8338 -26.1372
-13.9955 -21.6735
-7.3933 -17.3694
-7.5554 -24.7862
5.39805 -15.136
40.0636 -16.3603
-17.1461 -13.4168
-4.1229 -25.4258
29.096 -13.93
-14.471 -18.0233
-13.9298 -19.454
-22.4813 -16.2035
-59.2759 -28.9725
-3.8772 -19.3567
-16.6361 -16.9448
33.1337 -18.4558
-14.5394 -17.4335
77.5971 -19.9064
35.8097 -22.5645
-39.5471 -16.4764
-11.0785 -13.4455
-26.8733 -15.9181
1.7096 -17.5525
39.6848 -30.678
31.4971 -30.4637
-13.3675 -17.7735
-32.7649 -15.1671
30.2171 -18.5787
-8.3056 -18.7117
-7.377 -21.3065
-11.3734 -18.235
-37.3762 -23.1232
-36.0425 -17.2856
-1.0757 -14.2443
9.1677 -3.3811
-12.1449 -15.2028
-11.0669 -22.6495
-25.0361 -15.0287
103.33 -18.3633
-15.7961 -20.207
5.44726 0.5905
3.38702 5.77981
0.83117 2.1963
10.5226 2.1409
8.39521 4.2958
2.54866 0.7534
6.43237 1.2344
-1.1182 0.6125
6.86841 8.64832
0.33613 -0.3968
4.60863 3.3513
4.48883 -2.0849
1.71848 2.5779
4.63416 5.50932
0.39475 4.843
2.5214 7.95481
0.35977 0.6357
0.36568 4.0841
-0.5927 0.3695
3.10356 0.0079
0.60058 8.23519
1.83606 7.56705
10.9628 6.19306
1.91373 3.9988
11.4201 5.76794
1.74841 0.3572
-0.6227 2.84
0.27908 -0.1582
3.51958 2.7748
1.16783 -4.2765
0.36528 0.9199
0.61309 2.8811
1.73314 3.5775
1.33534 -2.0443
1.1456 8.8845
1.62561 2.9847
2.41456 7.71356
-7.4392 3.696
2.56885 1.3496
5.67343 1.8306
4.14619 3.174
3.70304 4.6297
4.58172 -2.886
0.03533 3.7608
-0.0148 1.1021
2.19717 1.8468
1.58514 2.8096
1.64674 1.3323
7.48555 6.18463
5.43465 -2.1262
0.47518 -1.0511
0.53472 1.3817
1.50437 3.6574
2.02968 6.04987
3.86846 -3.3879
-9.1826 -4.2789
9.88154 1.5869
0.3887 3.9493
5.12737 3.6365
15.5092 8.97706
-0.329 5.82944
0.769 0.8788
0.36417 2.0179
2.10018 2.4568
2.20115 2.7714
-7.2588 0.3256
5.17337 2.8646
1.6148 0.4764
9.23392 3.1339
5.85722 8.8232
4.24876 4.4388
6.52865 7.17807
4.54169 4.9031
12.1792 -3.4525
6.13826 2.9595
0.34518 8.04185
-0.1769 -1.7775
0.34892 -0.2898
4.87907 7.38394
0.34061 -0.8022
3.37466 -1.1719
0.38467 0.9849
3.60195 3.9991
8.54526 1.0316
-3.4809 0.6319
0.62345 2.0877
1.74876 -0.7732
1.53006 4.2214
0.44349 2.5982
10.6164 4.7252
-5.6507 2.0552
0.31903 5.355
5.15674 3.2787
-0.0157 -1.6262
0.7851 -1.476
-0.6728 1.6831
12.358 5.66431
10.9439 2.3249
13.7748 1.3669
14.0794 3.9229
1.14522 3.0351
2.59545 0.4794
1.06565 -1.6136
18.3761 4.7323
5.20407 -1.0553
1.06247 0.3917
34.7612 2.5338
10.8553 3.3221
22.8268 3.4362
26.6857 1.5718
13.6545 2.0788
15.2526 -1.0523
1.19561 1.0228
8.45981 3.5331
1.12003 -0.1889
3.87844 -8.0321
22.3637 0.0026
9.03122 -5.5336
8.29314 3.4243
6.02889 1.0811
6.9592 1.1757
1.06303 -0.7443
6.86501 0.7534
20.5865 6.14531
6.04541 4.2522
17.2915 1.9524
6.88635 2.4245
13.7973 0.4466
14.7099 -0.0896
1.29902 3.8814
6.40199 -2.6277
1.31329 10.0841
2.36414 3.6105
8.83589 0.2996
15.3668 -0.4316
-0.6161 2.9229
4.02684 -7.7324
10.0963 -32.0697
21.7375 2.5685
6.52629 1.2732
16.7083 10.2316
1.20204 3.6537
10.5944 -3.1747
13.3664 4.7848
7.72304 -2.057
22.968 3.4443
6.21768 2.2843
1.04964 0.9875
16.1157 4.2358
17.2794 6.21743
1.24528 2.6154
10.1636 0.086
3.20836 -0.135
7.02133 0.8483
9.10076 -1.3201
-5.5567 -4.4306
10.6532 5.84011
4.81742 6.203
4.62992 0.3168
9.9175 -0.0458
4.74987 3.0738
7.08772 4.8023
5.94989 -2.2135
16.5378 10.516
23.8202 1.4547
13.1056 2.8319
4.42205 2.721
-2.3455 2.8721
0.29738 3.9809
1.48738 -2.638
1.09791 5.50031
28.5771 5.40415
1.06927 -1.5516
16.2554 2.2813
6.14476 9.20682
1.19262 -0.1153
10.9505 -1.0317
8.3763 0.7673
10.8995 1.3888
24.6142 3.9686
12.8429 1.7445
10.1717 2.0386
16.6552 3.9979
46.8474 -4.6337
3.42889 0.3616
11.9142 -13.3021
35.4375 -8.4093
86.9953 -12.4552
124.273 -8.8106
62.124 -11.3225
36.3608 -9.3271
34.315 -20.1907
52.5003 0.2176
81.008 -1.9756
3.49059 0.2909
3.81264 -4.125
62.8186 -11.1044
34.2355 -11.187
63.6945 -0.8589
103.618 -9.209
93.7934 0.4772
6.7165 -2.6755
18.6097 -4.7771
3.21732 -8.0485
16.0787 -9.71
37.2364 -0.8412
62.6845 -4.6218
3.79239 -1.5838
6.97512 0.1623
35.6187 -17.7084
54.5667 0.3804
3.73612 -3.5925
2.32686 4.038
0.24327 4.7908
-8.2809 4.4292
-4.5595 5.3646
1.98118 3.4515
-3.578 4.5534
-0.3587 2.6158
-7.5846 4.0862
1.83704 3.593
9.43925 -1.2456
-2.3744 5.13845
2.02345 4.8938
-6.6984 3.8517
0.94508 0.4329
5.64354 4.0495
0.71987 4.2627
-1.3411 4.1014
-10.1447 4.8982
5.5709 4.5067
-2.4039 4.7862
-3.7497 4.2999
-3.5372 4.4415
-0.5349 5.39485
-0.9071 5.59712
2.35039 3.33
5.60767 3.7382
4.36943 3.5189
1.9979 4.4226
4.5493 4.2315
-4.93 0.9794
-2.2436 3.8551
1.87754 4.2395
4.12386 1.6652
-4.5988 4.4095
4.37168 2.9509
3.60371 3.9678
-9.5046 3.6217
4.14733 -1.2617
-2.7703 2.8741
-1.4408 5.3098
-4.9755 3.461
0.8092 5.2814
-10.4457 4.3914
3.40265 4.4872
-0.9973 4.487
1.88315 2.4052
1.29202 5.10725
-16.0845 4.6989
0.04483 5.16065
-0.5037 4.1103
-15.0179 3.7892
0.11839 5.20065
-6.6828 4.8833
-6.5533 4.8263
6.85534 -0.2181
-15.9406 5.03395
-0.3124 4.4466
1.08381 5.04425
0.18835 5.09255
-1.3833 3.4914
-4.2595 1.9823
-1.2647 2.7191
1.40863 5.1343
3.30456 5.1406
-2.553 5.8518
2.90476 5.6919
-1.4919 3.1949
-9.4588 3.5334
-17.6659 4.104
-5.4405 2.6245
3.05654 5.99005
-4.6052 3.3361
2.4706 3.3664
0.53863 1.234
-7.7179 4.8075
0.91101 4.0856
1.89254 4.4581
3.61186 3.7686
-5.8526 -0.3577
0.09878 3.1
-1.683 3.9112
4.73477 0.519
-2.2602 4.4794
-3.7374 5.2422
2.36698 3.4071
1.64118 5.49775
2.0091 2.5953
0.64086 3.049
-25.8899 -0.8381
0.79608 4.2477
-17.1712 3.8779
-22.3299 4.7938
2.54477 4.1106
5.08409 4.282
-0.6793 3.994
-5.6719 1.1771
-4.617 5.1255
1.24092 3.5203
-5.0427 4.3166
2.9634 4.1849
-4.999 0.3154
4.26615 1.1726
7.2876 0.1232
-1.9423 0.7601
2.4485 0.7874
-6.4439 0.4937
12.1117 -2.26
6.80484 -0.3116
15.4841 -2.3764
16.5921 -1.8567
-0.0562 0.5616
1.13504 0.8134
2.02581 -1.4862
11.8455 1.3149
-9.9107 1.0096
4.2374 -3.6373
18.4023 -3.9342
3.69877 -0.1672
-11.5945 -0.9612
-4.5911 -0.2188
-9.1868 1.2079
5.01455 -0.1091
3.44116 -2.2486
1.10596 0.1934
1.58803 -2.6234
8.37195 1.4329
-2.8687 -0.0314
1.64479 -5.0368
-2.0672 1.9428
-7.8804 1.4462
6.22482 0.8413
-3.0002 -0.9425
-7.9912 2.4231
1.85924 1.0432
1.08529 -5.8726
6.11712 1.4668
7.59166 -1.6978
-6.0562 -1.3405
4.4107 -0.4564
1.75653 3.578
-26.3741 0.7186
-2.2726 1.6445
1.25094 -0.7688
1.19383 -4.2994
-0.8424 1.1108
2.19229 -1.2284
0.53384 1.2731
2.95759 -1.2318
-0.1287 1.6565
8.08015 1.1964
-7.0229 0.0936
1.42701 1.2982
14.5813 0.2835
7.8728 1.3619
6.4936 -0.388
0.85887 -3.6569
-3.8393 -6.0009
-7.0608 -3.2754
0.67505 -2.6256
-0.1971 -1.0406
1.90611 1.8527
2.03656 0.6814
6.89401 0.011
3.16729 2.0009
-17.8321 0.377
-2.401 2.3072
-0.3653 -0.6929
7.43494 1.3657
5.84938 -0.2791
3.86997 -3.5493
10.8584 -2.0883
3.18835 1.5595
-6.3003 -1.2087
1.89357 3.2081
-4.9156 -2.4152
1.76141 -0.6961
6.1335 1.8858
-0.8659 0.3864
-2.6087 1.6425
17.5654 -3.8726
7.78135 -4.9245
13.2371 1.5008
0.77564 3.7723
5.3327 2.119
2.63657 -2.8813
15.3648 1.86
-2.8547 0.3049
-5.8175 0.6866
8.36995 -1.0808
-3.9901 1.5392
-1.3003 -4.8916
7.96213 1.441
-6.9782 -2.4445
-4.7764 -1.9382
10.8801 0.7741
3.90691 1.1465
-3.6825 0.9479
3.17295 2.2262
14.2829 0.3568
-1.2297 2.5866
122.714 -33.1286
41.9858 -16.3145
83.9188 -22.4335
58.8419 -17.5031
23.9582 -19.6313
50.6798 -21.3285
0.79781 -16.3076
2.00979 -25.6862
4.318 -10.0906
18.3575 -15.2624
32.4845 -19.9265
152.607 -3.6469
35.9006 -14.197
15.0731 -14.589
4.66666 -5.6243
46.3599 -21.2847
28.3317 -34.2608
-4.093 -13.9143
30.3313 -31.8089
-12.2953 -21.1518
38.4052 -15.8089
28.6333 -38.2591
38.2424 -12.1652
106.08 -14.2279
8.74882 -10.388
3.27536 -10.5687
21.8287 -19.1858
2.32674 -15.3646
17.4701 -15.3486
40.2608 -23.1128
38.0159 -14.322
16.9976 -32.2822
14.6792 -6.0456
-8.2169 -17.5575
-12.8405 -18.1266
43.5859 -15.3408
39.2 -4.4964
72.2842 -14.7398
93.2609 -4.3462
6.16468 -14.0431
120.307 -4.2121
21.3573 -19.414
4.46284 -21.4828
14.2517 -14.8576
23.8577 -15.7937
8.96545 -15.066
14.0415 -15.5395
20.5943 -4.5849
1.04527 -10.255
25.5279 -4.1482
14.6812 -21.8211
-3.9659 -13.145
9.0699 -17.7054
34.5936 -20.8931
-6.6383 -20.6726
88.8401 -29.7597
7.8015 -20.8539
7.1375 -17.876
104.855 -7.2134
25.5112 -16.558
37.3196 -14.9201
10.1946 -21.4509
2.17115 -17.9183
8.2894 -18.7246
21.6739 -15.5463
14.2005 -31.4406
-0.2307 -14.1055
26.206 -25.8089
30.0575 -15.326
20.8662 -9.3827
13.1195 -15.8201
42.3988 -19.8326
2.18899 -5.2397
5.39432 -12.2348
15.8686 -25.4845
-8.2919 -18.5875
56.6832 -11.4367
26.1862 -9.5862
11.5344 -26.0695
-10.8347 -23.4618
85.4497 -23.9473
109.262 -23.2169
92.4958 -14.6007
85.1739 -85.228
26.7838 -10.522
12.8432 -19.042
6.97788 -9.0061
8.57915 -15.5271
51.7188 -6.4842
-0.9321 -13.2841
27.9666 -15.2227
28.3202 -4.9615
32.4349 -16.0262
