-0.4618 -4.8852
-6.2551 -2.978
-15.1184 -7.9656
-1.0412 -1.5314
-6.515 -3.3877
-1.8092 -4.2934
3.76623 -4.4558
-5.9224 -2.0331
-5.6201 -2.0997
-14.6022 -3.7803
-21.7955 -6.8093
-5.7381 -5.1553
9.84835 -2.3815
-1.8163 -1.034
0.45016 -0.6481
-10.4925 -2.6104
-6.8742 2.9524
-4.3276 -5.167
4.79965 -8.0947
-7.9851 -2.7373
-8.2043 -6.7049
-5.2731 -2.0349
-3.8077 -6.1271
-4.374 -4.4755
-6.5079 -4.6768
7.20505 -1.4524
-3.2529 -1.9173
-14.917 -0.6072
-10.3605 -2.7107
-6.9193 -1.0886
-8.2166 -2.9268
-5.4889 -3.0337
3.5419 -2.1261
-3.1332 -4.5701
-0.5569 -4.1343
-7.8989 -1.557
-4.9127 -2.0601
-6.2299 -5.1609
0.14475 -2.282
-2.0621 -3.6948
2.64536 -0.2343
-9.6202 -2.9027
17.2539 -0.891
-67.4272 -2.725
-13.4092 -0.0463
7.61905 -2.5227
10.4085 -2.0341
-4.8145 -3.9747
-36.2884 -2.0646
-0.143 -4.4008
2.8269 -0.8695
0.31125 -1.6356
3.64985 -3.3079
-1.5169 -7.1801
1.92618 -0.1359
-3.9424 -3.8863
-10.0655 6.17294
2.84492 1.4095
-2.7071 -2.7024
-13.1956 -2.367
-3.0151 -2.3209
-2.8308 -4.2872
4.28665 -6.4794
-19.9306 -4.9376
-21.2047 -4.1606
-22.8055 -1.2483
8.53775 -7.1326
-6.0499 -3.9332
-11.2896 -3.4811
5.83085 -8.6256
2.76774 -4.0295
0.49571 -5.2762
3.10096 -4.2131
-1.4434 -2.8359
-8.5196 -3.5543
1.52301 -9.2865
-3.1946 -0.7508
-19.2215 -1.0397
-3.449 -2.7027
-11.8997 -2.8235
2.39576 -1.9503
-3.4608 -2.511
-2.4778 -4.7502
-4.8709 -2.1459
-6.906 -16.3879
-1.1208 1.9029
2.0448 -4.8937
-35.6837 -4.8792
-67.9087 -1.4804
-2.7601 -5.4121
3.16914 -5.3935
-18.7227 -3.2289
-0.2408 -1.9365
-7.1018 3.7841
-8.2215 -1.3269
-9.1197 -7.0453
6.32135 -2.3261
-13.97 -4.4749
-0.218 -3.1264
-30.4149 -3.3848
8.85545 -4.367
-2.8047 -15.5048
18.4648 -4.7522
37.8599 -4.255
-18.0315 -4.8562
39.3465 -12.9711
-0.3573 -6.8205
-17.3144 3.1718
-32.911 -0.7119
-18.6618 -0.6975
-0.0287 -3.283
34.4036 3.0901
1.37266 -1.4316
-8.4118 -4.1559
10.0171 -1.9798
5.82415 -5.4276
-1.3285 0.4803
26.1909 -4.8197
-5.1434 -0.1737
19.504 1.342
-1.4833 -2.2266
6.1228 -1.7766
18.8278 0.5689
-12.7968 -4.9785
-12.4238 -5.3759
13.7318 -1.517
-8.3365 -1.6058
2.17196 -3.2598
2.91795 -0.019
-12.6025 -6.6466
30.8125 1.2317
-4.8632 -1.7982
-21.0927 -2.9002
-8.3739 -0.0875
-15.2355 -0.1116
9.2901 -5.4657
13.7362 -3.4261
-58.1947 -5.291
3.06549 -5.1569
16.1313 -4.3117
-4.3951 -6.4823
6.1679 -4.2235
-6.4475 -0.8491
-44.598 -3.1928
22.5117 -0.963
24.7734 -4.3377
11.597 -6.0892
0.75764 0.4484
-21.6407 -2.7619
2.15289 -3.1562
10.3172 -13.6136
-1.8397 -4.4991
0.42676 -4.1373
33.0078 -3.244
4.46234 -2.7477
5.23312 -4.0833
2.15609 -1.2978
-6.4095 -1.2469
-4.9203 -2.0838
-23.6688 -2.6326
-10.6637 -3.4623
-11.5679 2.478
3.1614 -2.9939
-0.2899 -12.9207
-22.5224 -4.3273
-0.5107 1.2806
24.9831 -1.1998
15.719 -1.4302
-10.8149 -6.4102
3.32499 1.0443
-1.6312 -5.5923
15.4858 -1.4412
-5.0207 -0.539
-0.6824 -6.2369
2.08113 -2.175
9.77835 -2.6666
-15.5063 -3.4467
-7.0317 0.9897
1.7159 -2.9168
-17.0306 1.5312
-2.3056 -5.0018
-5.6456 -6.1308
6.77232 -4.1748
3.51719 1.8772
-21.7048 -2.3381
7.01442 -5.3479
11.1423 -2.3457
-2.0509 1.8053
-5.1763 -1.4095
13.0674 -8.2707
3.9244 -2.1324
-8.6039 0.103
-7.9486 -2.5465
-12.0966 -6.8446
37.1569 -12.5541
-3.1457 -2.032
11.4942 -5.8825
0.98217 -10.0838
-3.2903 -4.679
-15.0057 -1.371
160.724 -22.1375
39.6693 -9.9825
1.50661 -21.2606
1.7105 -25.548
3.08115 -13.8862
49.4275 -26.5137
-6.8525 -19.7745
94.7799 -14.8946
3.9722 -48.9476
-11.3526 -14.1867
-1.7761 -22.1075
100.815 -21.2185
186.252 -0.6694
18.4423 -41.0101
3.44636 -16.6012
-3.0338 -11.4147
258.208 -36.333
13.7206 -20.9633
6.73205 -17.4984
57.5183 -96.938
10.5688 -71.8281
25.9627 -22.2454
22.9032 -14.6564
-13.8816 -14.3605
47.6692 -9.3603
6.2541 -17.2619
3.33159 -14.3065
103.545 -12.1883
32.0076 -33.1008
38.3345 -43.1059
-11.3319 -13.8041
54.7995 -19.4027
3.53988 -15.1795
178.218 -16.944
123.457 -13.858
3.70419 -26.128
109.963 -12.665
36.8758 -13.0984
54.1401 -10.3315
37.0131 -8.7704
109.118 -9.3928
31.1825 -17.962
97.8847 -12.733
2.70698 -14.598
80.334 -15.8433
31.2052 -11.6119
182.712 -14.6238
-34.1451 -18.457
164.233 -6.6425
3.12495 -63.8803
-1.4691 -13.965
59.9737 -15.1353
148.869 -13.015
134.409 -18.6691
-5.6447 -17.4104
-9.9209 -17.5823
110.568 -29.7122
11.3236 -16.4192
11.1811 -12.4616
6.26397 -10.7711
-0.2703 -42.6178
-3.5488 -13.2208
4.7285 -13.8883
-8.2152 -18.859
14.1858 -11.9254
13.1028 -19.9543
126.253 -16.3877
16.0089 -21.146
17.6627 -31.9115
5.79685 -13.1663
18.6512 -15.5325
3.39557 -12.563
47.4549 -19.5079
-2.7984 -16.1605
53.5189 -13.3909
64.7717 -11.5553
-77.1189 -13.614
33.4352 -20.318
144.984 -13.9795
-6.3065 -13.8304
131.805 -15.8003
44.3229 -18.4676
-27.1912 -12.1769
100.941 -22.0906
-8.8989 -12.1305
70.3714 -15.4094
131.253 -12.0477
-5.3597 -10.8022
24.4938 -14.6349
114.707 -19.6615
13.4 -15.8645
-7.5358 -11.2913
65.4687 -20.731
15.8245 -13.231
81.3867 -13.5246
64.6065 -15.3988
-22.8758 -13.8607
35.5159 -36.5175
-26.8623 -11.5115
-47.4236 -4.803
-5.2016 -10.7105
-80.5833 -7.5089
-39.946 -9.2425
-16.7923 -14.718
-3.9588 -3.1303
-58.5001 -4.7058
-16.987 -10.17
-42.1266 -8.0798
-21.2957 -8.8249
-48.4883 -17.98
-11.9245 -9.929
-9.0536 -4.1909
-12.6831 -4.7779
-69.1569 -14.8068
-56.1154 -9.359
-59.3398 -8.4355
-47.3495 -8.5116
-67.0428 -7.1463
-13.1114 -7.8475
-38.7636 -11.3916
-34.4532 -7.9027
-18.7056 -6.2395
-152.166 -12.3625
-43.3124 -6.1373
-107.528 -6.217
-63.5499 -7.8248
-4.9256 -6.6527
-63.2738 -13.9563
-157.208 -12.425
-16.6024 -9.539
-26.9253 -9.3302
-8.8842 -12.866
-6.7673 -15.3338
-12.2799 -8.739
-11.6795 -12.0815
-9.4819 -7.521
-25.5143 -3.7023
-37.3161 -7.3705
-32.437 -4.3755
-6.0011 -6.7842
-53.8983 -11.8645
-97.265 -11.5425
-17.8541 -13.2227
6.1725 -11.3925
-1.6036 -10.2945
-21.2486 -4.6895
-23.9386 -6.2352
-71.9022 -7.353
-19.1848 -8.8239
-33.8015 -6.3693
-17.1583 -4.232
-9.4521 -12.0495
-25.7195 -7.226
-34.1722 -4.0183
-7.2521 -6.2497
-17.1052 -7.352
-7.2624 -7.5461
-27.5173 -3.746
-40.0576 -9.9113
-24.6246 -6.6472
-32.0851 -7.4755
-124.192 -4.7482
-13.3101 -6.7835
-46.3563 -10.538
-28.4372 -6.628
-106.029 -15.998
-13.721 -18.6175
-31.3936 -5.9395
-11.353 -4.3282
2.9562 -9.9635
-39.0745 -7.8533
-12.266 -11.176
-19.6284 -10.6279
-160.428 -10.669
-25.7606 -8.451
-18.8113 -12.0375
-17.6196 -11.913
-3.7295 -8.3141
-23.4389 -10.678
-75.5038 -5.5607
-2.5307 -7.6212
2.22458 -6.2259
-42.105 -8.044
-14.3844 -2.813
-32.8777 -9.1095
-23.8201 -11.214
-3.0645 -3.6085
-68.4327 -7.586
-28.7442 -8.2566
-66.1095 -5.729
-47.8878 -8.9015
-21.8866 -4.1445
-23.7505 -9.2515
-79.4966 -8.0311
-16.8852 -8.8778
-128.666 -8.3705
-12.9969 -8.4949
-102.263 -9.842
-18.8775 -12.1474
-58.3788 -12.899
-43.8961 -8.2928
-49.2116 -13.2765
-10.9132 -13.8673
-39.5564 -10.557
-8.0847 -13.1915
-11.3389 -7.4588
-53.7237 -6.519
-35.0968 -11.292
-39.0495 -10.219
-7.2486 -4.7835
-15.3504 -10.2762
-17.7214 -7.4123
-33.31 -13.8738
-178.969 -8.367
-20.0134 -9.6551
-54.4972 -12.3755
-29.7873 -15.2605
-56.2326 -12.4375
-41.983 -4.9003
-23.8595 -9.849
-57.7208 -14.4161
-252.304 -10.6108
-29.825 -12.9995
7.7482 -14.4779
-15.5142 -9.4166
-29.99 -11.116
-26.9659 -5.3394
-54.1649 -11.5065
-14.9707 -10.6946
-79.9488 -8.0313
-4.125 -10.3275
3.40045 -13.8829
-71.0572 -16.732
-24.771 -11.9015
-87.0109 -9.8507
-154.781 -8.61
-92.605 -16.173
16.7794 -17.25
-25.4652 -6.845
-16.4719 -7.7905
-8.6074 -10.3353
-50.5151 -12.2603
-30.6891 -12.8445
-41.9984 -14.0974
-32.394 -12.3543
-67.832 -4.112
-70.413 -10.0055
-14.0361 -5.735
-5.0664 -12.3299
-73.2101 -9.2475
-52.9227 -13.4515
-17.1669 -11.9595
-18.4729 -12.5656
-632.968 -10.5944
-59.7673 -11.432
-50.5083 -7.503
-58.7551 -3.432
-8.4926 -8.0985
-25.6145 -4.556
-57.2052 -10.483
-51.2509 -8.1235
-10.1072 -9.4485
-126.368 -11.858
-76.7653 -12.874
-20.2928 -10.7392
-8.3859 -9.4295
-5.2571 -9.972
10.5938 -9.4085
-27.8358 -12.2905
-38.6042 -9.3519
-25.0363 -11.0732
-1.78 -4.0276
-10.852 -12.4173
-36.6817 -7.4232
-66.7797 -11.075
-3.6464 -11.39
-18.7163 -12.1363
-10.9924 -11.315
-20.439 -10.0437
-6.0782 -9.0465
12.2235 -11.3945
-91.843 -13.4192
-1.7837 -10.055
-23.121 -10.5724
-32.2005 -10.995
-51.7462 -13.6618
-11.6051 -9.871
-76.9117 -9.5513
-53.703 -10.474
-67.9151 -12.8395
-13.8764 -9.3925
-26.1549 -6.2173
-18.5058 -7.529
-32.3167 -8.218
-25.103 -10.5235
-36.2931 -9.334
-188.234 -8.7873
-86.3629 -10.0255
-0.8969 -21.4993
55.1982 -18.2095
-11.7479 -28.8329
-71.3658 -19.297
-79.0222 -23.6815
-30.2757 -26.9855
-21.481 -23.4165
-17.4375 -28.3809
-31.7958 -47.4525
-16.5744 -24.3946
-13.6808 -26.7401
-7.7131 -22.1775
-14.858 -21.9581
-9.9354 -25.913
-20.1488 -19.0885
-7.443 -22.2462
-75.2395 -24.4405
-11.8043 -22.2491
-26.8255 -23.5273
-3.8463 -25.5208
-0.3367 -25.9045
-8.2358 -20.8697
61.3246 -23.9293
-51.016 -31.0628
23.5236 -18.7609
24.3264 -23.9222
-62.1438 -27.7119
68.0722 -24.636
-6.1587 -21.3927
-9.2067 -24.4151
-69.2111 -28.5177
-179.18 -28.6705
33.5288 -24.5905
-5.6277 -22.7479
-64.0785 -21.445
-65.5562 -23.317
-11.1047 -22.3248
-60.9094 -21.255
-23.307 -25.4245
-61.044 -26.421
-26.0476 -20.799
-13.1076 -28.6205
15.912 -27.8795
-107.397 -23.433
-143.314 -19.6233
-41.5528 -24.9655
-68.6363 -20.638
-10.6879 -20.808
-78.5842 -22.79
-23.434 -21.808
-12.8781 -22.3941
-44.5553 -21.9705
-11.7871 -23.5757
-52.6859 -26.2784
-5.1301 -21.5491
6.68595 -21.507
-124.061 -21.4337
15.4367 -23.9729
-47.1138 -23.4252
-46.5547 -20.8984
-9.9188 -25.4385
-11.5588 -29.024
-51.3526 -19.267
-11.827 -27.6405
-34.0181 -25.0435
-1.4263 -23.4062
-13.2741 -20.0849
9.64605 -23.0113
0.07045 -26.689
4.46915 -22.8685
-12.6089 -20.9245
-13.2496 -27.5595
-25.7931 -19.758
-9.1907 -23.795
24.8426 -21.8858
4.3744 -19.479
-53.5868 -21.5754
-19.8917 -27.7105
46.225 -27.3778
9.8992 -27.4237
-31.6064 -27.126
55.3476 -24.2126
28.5238 -26.6818
-65.2422 -22.6787
2.37685 -17.5018
24.5095 -23.0335
5.91075 -25.9108
-18.7125 -24.796
-15.9515 -20.3267
18.3077 -27.764
-13.1756 -27.1355
-21.2062 -24.776
-6.1647 -21.0205
-15.7537 -36.458
-14.3399 -30.0066
-68.5943 -18.8905
-12.8222 -19.4545
-50.7717 -25.568
-66.7067 -22.8091
-46.5299 -26.956
0.36003 -5.1157
8.66257 1.0053
1.85388 0.2705
4.45958 1.2003
2.92674 1.8903
8.47675 0.2119
5.02738 -0.6216
5.23506 -1.6927
12.8218 -7.4553
1.46166 0.1357
9.26385 0.3943
0.36856 6.90945
5.86475 1.1796
0.36829 -0.4997
5.28749 -0.7151
1.14629 -1.0418
0.64279 5.6877
1.06196 2.072
2.72894 1.5405
4.47721 1.612
9.05076 3.3688
0.35685 0.3702
0.36383 -1.9388
3.27515 -0.1876
0.35487 -0.4223
-0.0643 1.1053
0.88623 5.8387
2.71966 1.6487
3.94537 0.4228
2.17001 3.565
0.37348 -0.5458
6.96119 3.4808
0.9992 5.6259
0.39175 0.9319
1.91845 0.4321
10.1858 -3.666
1.24466 3.1467
0.39005 3.1235
1.41012 2.7908
4.8002 2.4978
2.82006 0.0304
0.38636 1.2304
0.69999 -3.1691
4.37299 3.6125
10.4214 3.8944
2.62178 6.157
2.10552 8.44535
5.73361 3.6857
5.45711 0.653
0.3829 -0.4546
7.44192 0.521
3.98212 0.7428
3.58877 1.8595
3.48969 1.606
7.96347 -4.3363
0.37017 2.1247
11.1007 -0.064
2.13708 -1.7737
4.63677 2.3111
0.3652 -2.4804
12.3797 -1.476
0.78181 1.4566
9.03641 -0.7844
1.47676 1.9312
-1.8404 0.0897
0.35933 0.5866
0.37968 -6.5142
5.88123 2.3965
0.35991 -0.3741
1.53943 -1.0762
3.0702 -0.1424
4.28993 3.6384
2.43054 0.1059
5.03213 0.2292
2.54682 1.7602
2.36354 -0.9316
5.82771 0.0962
4.0016 0.5382
2.97935 3.8476
1.52313 0.8306
16.3134 0.2449
0.36116 1.0956
6.52726 0.2827
0.36479 1.8568
1.71666 6.0788
0.37046 2.1275
8.52232 0.3523
3.54518 6.48996
4.448 -8.6897
0.51715 3.0985
0.34427 1.7148
2.3193 -0.4572
0.35383 6.01735
-15.1997 0.1346
3.84297 -0.956
-4.766 1.1704
1.78805 -2.2559
1.35864 1.588
1.18006 3.4885
-2.5502 -0.5756
40.2049 0.6692
25.7131 2.4767
5.9661 3.4853
7.66953 0.2129
5.89239 1.5785
14.3964 0.7072
10.8206 2.8782
10.7155 2.8972
2.46156 4.6886
1.50006 2.964
15.0249 3.3594
33.3502 -2.0954
16.2071 2.9145
7.69449 2.1801
0.54062 1.5574
10.4828 0.3922
4.02602 0.617
2.67646 4.1554
1.25201 1.4318
13.2859 3.5762
25.7796 4.3416
1.10782 3.6241
1.08312 0.8915
1.07959 -0.986
9.11874 2.8876
11.5927 1.4512
4.59286 0.8148
7.86626 2.3114
15.6108 2.6623
26.5701 1.9344
33.3248 2.906
7.15309 2.9964
1.08936 2.7904
7.1592 2.2326
12.8694 2.7252
15.639 0.162
14.4257 1.1768
6.87092 3.039
15.3131 1.5507
1.0761 1.3213
7.36456 1.6856
17.1604 1.6982
2.53701 5.0821
24.9116 0.4103
6.65671 0.045
8.28049 2.8421
13.4771 1.0005
7.60959 -4.0086
12.5162 1.337
-1.8727 -1.8804
11.6785 1.1323
5.353 -2.1678
1.11752 0.9039
1.27685 1.6931
8.19633 0.5602
11.9257 0.9793
11.8873 -1.3649
-35.6906 1.6694
6.83399 2.6455
27.3061 2.3955
14.4862 3.113
11.932 2.6052
1.10092 1.954
1.66268 -0.3108
14.7616 -1.0181
10.0216 0.8075
2.0832 3.2166
5.40071 2.2297
18.3475 0.1945
-17.355 -2.5322
12.4798 3.6818
5.21246 1.9318
12.53 0.9392
1.0519 -6.2902
20.6681 2.4508
13.3897 2.9384
12.5449 2.9997
45.4305 1.9348
-4.1494 2.5913
6.6118 1.8628
7.49057 -2.2189
5.82571 3.1266
2.02065 0.2382
1.15405 1.4538
10.9677 1.3472
1.05157 -3.1852
-0.1597 1.2301
-0.3175 5.075
5.53363 0.6149
17.5818 3.2778
1.12221 3.2092
34.8831 -0.3668
11.2383 -0.8729
1.10544 -1.9237
11.9208 2.2387
1.04744 3.3077
34.1285 0.7034
14.0003 3.6037
3.01183 -1.821
31.9316 0.4158
67.886 -22.1648
52.8244 -14.6558
78.6979 -14.2213
41.3235 -11.804
3.64939 -14.7294
24.3139 -52.9978
3.6986 -25.1064
108.484 -7.2657
3.78582 -14.7411
349.075 -2.1662
3.79096 -4.9444
12.3683 -46.7515
37.1882 -32.15
45.7342 -13.2675
3.66668 -16.566
40.3634 -14.5333
61.6912 -9.7233
3.56787 -3.91
26.7786 -16.2195
12.4413 -24.7836
55.156 -16.8513
93.905 -15.723
27.5261 -12.165
217.279 -38.983
48.7317 -15.6052
115.424 -13.694
85.6649 -17.0126
113.925 -12.2997
2.06119 -13.0106
47.7711 -15.1207
41.9451 -0.0456
3.58486 -14.161
3.31094 -10.2071
27.1413 -20.6868
104.133 -16.7163
101.734 -17.4616
119.572 -3.5375
64.3585 -17.5535
11.4237 -13.6728
22.1512 -17.2905
43.5938 -15.4147
48.3922 -16.4822
6.02777 -15.5566
38.4552 -11.782
164.319 -11.658
3.76821 -14.4685
93.6249 -70.4349
23.8255 -26.822
17.3474 -17.2664
67.4962 -10.7621
3.70777 -13.962
3.56765 -12.8685
45.5397 -11.108
5.21764 -31.9076
20.7234 -17.0412
14.1483 -31.47
80.5125 -27.4964
103.067 -15.9147
116.755 -1.9336
77.6022 -12.2105
53.1158 -13.6173
39.4757 -10.8691
14.3024 -14.9385
13.8824 -14.332
95.633 -15.9278
10.345 -12.1505
3.40903 -20.1585
3.54807 -34.384
174.279 -27.3933
35.5943 -15.8013
83.016 -10.2295
28.3613 -13.4787
145.422 -15.7584
66.3515 -14.0137
3.62187 -10.7945
3.62362 -14.169
55.3815 -17.3421
3.6123 -10.3775
31.409 -14.584
-3.0529 -15.0906
31.2239 -15.0389
53.9537 -22.6296
167.304 -12.4447
48.4027 -12.402
3.51459 -15.459
136.413 -56.9305
79.0245 -23.2744
101.052 -15.0061
3.59314 -11.835
50.4361 -17.2229
88.423 -15.4514
94.323 -12.0927
59.1395 -21.0324
202.1 -31.4215
3.64625 -14.124
166.166 -103.336
101.597 -17.9412
77.161 -5.3613
2.88231 3.5399
-13.679 3.3406
-1.7848 2.9976
2.55198 3.9447
1.0798 2.0114
2.88293 2.6504
0.91112 0.7994
9.41676 1.2596
7.25979 2.4742
0.55915 3.5072
-0.1442 1.3501
-5.3246 2.0987
-5.551 1.9868
-2.1394 3.1225
-2.8166 2.7101
7.86644 2.2233
-2.4697 3.1907
-7.7288 2.3944
-6.4263 2.197
-5.5536 1.0191
-5.2437 3.6636
-3.5382 2.5327
2.61607 3.7144
-3.403 2.6337
1.11005 2.8486
-0.3811 2.6717
0.81302 3.7182
1.68539 2.2256
-1.1029 2.8844
0.56636 2.8376
-24.4388 3.164
3.88959 4.1757
-18.9928 4.5502
4.9597 1.5944
3.57997 2.135
0.28787 2.8022
-29.3671 2.9967
2.30626 5.0236
-2.2665 3.0098
3.10804 2.6787
5.7862 3.7286
0.80463 2.2887
5.26603 2.7385
-8.0523 2.9102
3.46933 1.8932
-11.4066 3.4412
-12.1761 3.4525
-51.1173 2.1699
-16.4578 3.5626
3.19706 3.2005
0.70977 1.173
4.40874 1.0041
7.12363 1.5679
-9.0156 1.3698
-2.3093 1.159
-2.5592 0.8049
3.8263 2.603
-1.5979 3.4008
-3.9547 2.0019
-4.4356 3.2992
1.36788 2.1289
-5.7638 1.6154
-5.3307 2.286
-6.0012 2.0733
-0.2689 3.4911
-9.8946 2.1752
-2.9188 2.912
0.99417 2.4585
0.58725 2.601
4.24714 3.4835
-37.1613 -0.8918
-7.5715 2.3947
1.45695 4.128
2.3038 2.0543
-7.1729 0.938
2.15651 1.3133
2.53071 2.9568
3.70417 1.9893
0.14936 2.4044
-4.8154 3.4169
3.94441 2.9589
-28.8186 4.0319
4.51277 4.146
-17.369 3.4795
1.77342 1.967
1.15535 -0.7077
-6.5974 2.4817
5.69145 1.7013
4.53075 0.8181
0.59793 2.2431
-0.33 2.14
-0.6533 3.0659
-1.7224 2.3346
-4.4238 3.1753
0.50377 2.8514
2.72497 2.9769
-4.3318 2.7751
0.6482 2.3679
-66.2362 1.0915
4.03947 3.5062
-4.5785 -2.1592
3.25708 -1.7216
6.60425 -4.4987
-7.1663 -2.1671
-42.5749 -1.0213
-2.781 -0.5341
1.9079 -3.0966
6.169 -4.6431
5.54518 -1.7427
17.9501 -2.6584
-0.15 -1.9296
-4.9507 -3.0328
9.0425 -3.251
2.6658 -1.2112
0.12053 -2.5552
8.03975 -1.2061
-4.2289 -4.3371
-15.9106 -2.2612
2.51295 -2.9479
7.00679 -1.7667
13.5175 -2.6161
1.57397 -3.8576
17.7136 -0.6238
8.4835 -1.9055
-0.827 -3.1096
1.07953 -0.2893
-14.8251 -3.9778
1.36968 -4.0184
-5.4599 -1.1853
2.68127 -3.9864
-9.6368 -2.399
2.36549 -0.6596
4.16747 -3.0159
3.4908 -2.6436
8.14193 -3.1912
2.23038 -3.3739
6.01991 -1.195
13.062 -3.7185
5.39322 -4.7614
1.64767 -1.6251
7.85518 -1.1017
-3.7393 -4.5543
-10.9034 -2.3842
6.4351 -3.3811
1.00616 -1.5955
1.23647 -1.3512
0.61585 -0.6274
12.653 -2.3563
2.1419 -2.1298
1.81213 -4.1626
3.40993 -0.4652
-3.1223 -1.4105
14.0559 -1.0225
-1.0476 -1.0296
-9.0654 -3.0158
-3.2146 -2.4383
1.43426 -2.1871
15.9767 -5.1946
-2.5477 -2.085
22.6709 -2.4984
8.39937 -1.8974
-1.7967 0.3247
-17.1903 -2.0995
9.72375 -2.1779
3.25808 -2.1595
7.67948 -0.9156
14.2158 -1.9103
-8.9352 -0.2654
2.11155 -3.1007
-4.4647 -1.6959
-19.8565 -1.335
9.6971 -1.4638
4.18136 -2.4435
4.2859 -1.1761
-1.7156 -3.1014
10.7164 -2.8985
9.36363 -3.5804
2.46948 -3.2691
3.64718 -1.9024
6.75855 -2.0995
5.52966 -3.4528
-12.2463 -1.8804
-29.8687 -3.6515
10.9872 -0.2436
-19.3413 -0.879
-3.3769 -4.4856
1.50219 -2.2217
2.50704 -1.0279
2.42577 -3.4462
-21.052 -3.8306
0.17315 -2.8441
7.18572 -6.5383
1.98229 -3.0609
12.159 -1.927
-1.028 -4.2608
-18.0304 -2.8849
-1.9796 -3.0163
4.56295 -1.5551
8.7412 -0.5385
6.7604 -3.2362
11.8907 -28.5853
3.71405 -25.9145
3.72264 -16.589
25.7328 -18.9528
24.057 -22.5496
4.49585 -18.8081
11.0967 -22.7878
-81.5752 -21.0006
-0.6737 -27.305
18.0297 -19.2124
50.9601 -22.5974
52.2137 -22.9776
12.1393 -20.3023
4.2739 -18.204
64.2919 -24.5805
29.0923 -21.2888
-23.9271 -21.6286
71.3438 -21.3384
2.52326 -25.0661
21.1885 -20.023
126.471 -21.6155
9.903 -20.4251
5.91451 -23.0857
-1.3095 -20.9038
15.2634 -20.5534
-30.6057 -20.283
9.7854 -21.319
25.5372 -18.8937
67.001 -20.1527
9.72595 -22.7796
50.7028 -23.5737
18.1439 -25.7109
4.3558 -16.1874
12.463 -25.8187
73.3264 -23.4575
-2.5738 -23.4835
1.82414 -26.7095
12.7368 -18.4571
39.5104 -21.8258
36.8103 -22.81
13.0381 -19.5451
24.0358 -21.5566
18.6838 -25.0483
19.0008 -16.236
62.8431 -25.7416
-18.1137 -31.0825
32.2178 -18.9555
27.5562 -26.8909
6.83045 -23.4116
-6.3576 -23.4832
-9.6132 -20.623
11.6657 -24.8917
50.7512 -19.7858
54.1643 -19.7139
93.1343 -25.5581
46.9892 -29.3689
11.7403 -20.5665
30.6074 -26.5294
4.88996 -21.6546
13.8247 -26.8087
50.0259 -25.7159
35.1473 -20.9128
5.45785 -22.4321
1.97635 -18.7955
29.7334 -22.1178
61.1843 -22.7355
43.4273 -25.9809
13.8175 -21.7786
79.952 -25.7481
43.1051 -19.896
40.827 -23.9138
3.39655 -29.1009
29.9062 -19.6441
20.8194 -19.5664
-6.8107 -21.4545
71.3447 -26.8212
31.1011 -23.3047
9.5789 -30.7125
13.4514 -27.4876
15.0919 -18.8932
44.7508 -18.213
28.5662 -22.4735
5.22288 -18.8927
38.1895 -19.1543
39.2737 -24.245
94.4997 -21.583
24.4362 -21.7322
47.2063 -22.0235
46.9737 -19.224
-8.8692 -23.1878
46.1262 -21.8906
21.6324 -23.929
4.33778 -25.4768
17.3386 -28.0998
64.4296 -24.6499
-6.1913 -22.4547
-14.1651 -26.7895
23.5834 -24.2096
8.31907 -22.3173
34.3779 -20.0161
-0.6222 -1.9772
-13.9257 -0.9618
1.3311 -0.7281
0.34446 -3.421
-3.3415 -2.6589
3.32852 2.4342
0.50717 -1.5706
-17.2229 -2.7414
-2.5529 -2.3596
-2.9095 -1.3665
-4.597 -1.0691
-12.9617 -1.1259
-14.5012 -2.2262
-0.0734 -1.8866
-1.5147 -2.5102
-1.8576 -1.9505
-5.8664 -2.1574
-0.0659 -3.7848
0.89056 -3.2285
-3.1068 -1.5869
3.28448 -3.2228
-0.516 -3.6602
-7.3875 -0.6422
0.8945 -1.7276
1.27294 -3.0967
4.40586 -3.4795
-21.3161 -1.9112
-3.0149 -3.5408
-8.3436 -3.3154
-2.8397 -0.3483
-8.3412 -2.3364
1.39198 -4.4537
-8.1043 -1.5333
-8.6292 -1.1526
-5.7731 -0.6441
-16.5581 -1.1963
6.03285 -2.5001
6.38806 -0.9075
-12.6873 -1.2055
5.91472 -0.0506
2.46695 -2.6123
-4.15 5.6154
-4.7992 -6.2987
0.85122 -1.1041
-14.7615 -1.3497
4.60728 -2.0696
0.18576 -4.1752
8.28123 -3.0875
-2.4418 -3.38
-4.1374 -3.0379
-23.8931 -3.0371
17.6812 -2.2372
2.17676 -2.0466
1.93667 -1.1732
-3.4558 -3.3779
4.60917 -4.2978
-8.498 -1.3753
-0.3456 -1.2176
-0.0242 -1.6754
-3.3993 4.9254
6.4406 -2.085
3.48637 -0.772
3.37812 -0.8865
4.03024 -4.0001
-3.8503 -0.453
-3.0915 -2.0862
-10.4926 -5.1698
2.88023 -0.1441
-39.0384 -1.9337
-1.1907 -2.9627
0.01558 -1.2332
-0.9005 -2.5584
-8.9482 -1.9767
3.38352 5.76825
-2.5246 -0.1655
0.72438 -0.1838
1.41883 -1.3956
-13.2028 -0.8383
-8.1375 -1.307
-9.6105 -0.5701
-4.364 -0.6446
14.0777 -3.1486
1.33774 -2.1417
-3.9351 -0.8774
-7.575 -0.7044
-14.1888 -2.6582
-15.6853 -1.6082
3.82078 -2.7678
-13.3649 0.0244
3.2291 -2.3098
2.86006 -0.9633
1.85053 -2.6888
3.03604 -3.9406
-7.9093 -2.8209
-4.4474 -1.173
-3.2248 4.3875
-5.499 -2.3411
3.09738 -2.829
6.3997 -1.8869
5.48578 -3.2045
-5.4985 -2.4869
-3.6864 -4.9545
33.0949 -0.1203
-3.2042 -1.0276
5.5553 -1.1323
-1.1964 -1.4991
-14.1386 -1.4051
-74.1977 0.1377
1.80519 1.5836
13.1293 -3.373
6.31041 0.5327
-43.999 -0.3646
8.3534 -1.3747
-14.4783 3.288
-13.3504 -1.913
-11.4976 0.9835
-27.1338 2.6614
-11.5342 -0.8683
4.10721 -1.2503
-16.0992 -3.2951
2.70094 -0.5668
30.9579 -2.4829
-26.0436 -2.3293
38.6238 -3.1849
13.4192 0.2947
2.85328 0.1008
0.08078 -1.7951
13.3047 1.1021
14.3345 1.4062
7.6218 -5.4685
-20.553 -0.2124
-15.2114 0.3078
8.7195 -2.8227
-22.569 1.2054
-1.5931 -0.5524
31.8257 -2.2565
47.3987 -0.5688
-4.6008 -1.6386
4.43382 2.6418
-14.1562 2.7414
-2.1896 -1.541
-14.9159 -0.0116
4.2391 1.6259
-17.4781 2.1978
6.04055 2.733
-4.7547 -0.1944
-9.1444 -4.191
-10.7858 -4.8168
3.09269 -2.4299
-10.5887 -0.563
10.1469 -2.7947
3.32128 0.7619
-0.4187 -1.5015
-6.5069 -1.6667
-8.8133 0.3335
-6.5793 -5.0206
-7.8143 -3.341
25.5375 -3.0455
-7.0768 -1.8173
12.8901 -6.6885
-3.5939 1.225
-33.5132 -0.4192
15.7403 -1.4006
33.3293 0.4366
-27.145 -2.8808
10.385 -4.6677
34.2413 -3.5508
6.6553 -0.7727
33.3344 2.7611
17.8976 -5.2228
9.12285 2.7124
2.76497 2.3112
5.01544 -8.0325
1.84219 2.2545
11.5992 -2.572
5.74735 -3.4322
4.3651 -2.0784
-13.612 3.7052
16.7362 -0.9533
2.36247 -0.3225
-1.8999 -1.4947
-16.8098 -3.2051
3.05802 0.7631
2.73545 0.2235
3.77289 0.3509
2.9805 1.2722
-41.5061 -0.4442
-20.1843 -3.0137
-5.9193 0.2897
-17.6151 -0.2512
5.51009 2.0058
-10.8683 -0.4472
13.8636 -1.8382
-2.4321 -3.045
2.05736 -1.1976
-35.9117 -0.1542
33.5575 -0.7693
-3.2736 1.4596
12.8095 -0.4918
4.2785 -2.2421
63.2415 -13.1994
0.27274 -15.8537
21.6626 -15.9851
-12.7948 -11.016
20.827 -14.1438
211.108 -13.0985
-9.0327 -10.2651
4.31691 -12.6285
56.3163 -10.3957
15.7649 -14.8529
29.0791 -13.8036
130.278 -21.409
18.5503 -11.5832
148.008 -3.7019
38.7424 -11.3152
-4.9666 -12.8717
12.3836 -12.3051
24.179 -22.8178
-9.3079 -10.4125
196.304 -12.4965
141.244 -32.706
135.065 -10.8083
169.603 -10.586
60.1728 -19.4981
5.14485 -9.933
-3.7147 -3.7855
-7.8991 -11.0763
-0.203 -5.9519
30.302 -9.9705
15.5507 -14.2265
41.2334 -12.5348
120.051 -21.6373
93.6531 -15.0341
74.6476 -10.2867
49.0803 -15.773
33.8629 -17.2686
-13.2355 -12.8
122.683 -28.7507
53.6435 -16.3686
68.7245 -13.8152
225.337 -18.8333
39.307 -13.7335
172.912 -5.345
97.9878 -16.0663
-6.0801 -18.6615
45.9269 -13.1555
97.2866 -13.7384
50.8124 -14.2968
119.319 -14.8634
95.8638 -5.0114
118.007 -11.1671
10.4688 -24.1136
62.5104 -7.3614
122.018 -11.1811
7.7135 -12.9965
-0.1798 -14.625
18.3354 -6.2875
-11.0196 -22.849
63.4135 -19.2722
19.3968 -13.5788
-14.181 -22.5807
35.1172 -12.5581
-23.5646 -10.1414
195.403 -9.0131
81.0938 -10.3225
31.8656 -11.8675
10.741 -13.2696
86.2679 -0.2914
21.8847 -13.7228
5.93777 -14.4857
42.6376 -12.3505
-14.6818 -23.3216
152.404 -19.432
63.5177 -14.333
50.4729 -10.5623
-10.3803 -8.2326
-12.6654 -13.938
32.5943 -25.084
18.8971 -11.5279
-4.9057 -15.4079
-39.0104 -15.4245
34.9742 -9.9245
124.464 -14.6
-17.6971 -12.0905
97.7626 -16.163
32.6208 -16.0587
44.0156 -15.0469
-3.6639 -12.8258
7.38065 -13.0361
-7.8457 -18.0935
106.981 -14.8522
11.3753 -21.9347
132.781 -14.2045
19.177 -13.2269
1.55955 -32.4818
265.606 -12.376
30.9613 -12.6437
60.8658 -10.5685
31.2563 -13.662
78.5856 -14.1577
-30.8345 -0.3019
-26.7165 0.3285
-1.2423 0.1674
-10.6365 -0.8811
-67.761 -0.7125
-11.3252 -3.0485
-41.9339 -7.3916
-15.5929 -1.654
-26.1051 -4.5696
-7.7882 -0.559
-17.3179 -5.2349
-10.9001 -3.248
-16.8112 -1.148
-14.6664 -1.928
-9.489 0.3662
-30.1238 -1.3557
-40.7057 -0.6456
-12.9038 -0.0108
-47.8778 -0.8209
-59.2292 -2.852
-145.775 -0.349
-11.7786 -2.465
-21.547 -3.1218
-24.9301 -1.212
-32.9642 -1.705
-55.8338 0.916
-11.1367 -1.0965
-16.3451 -1.801
-9.9647 -1.3465
-71.0815 -1.802
-44.9834 -1.7387
-34.7225 -1.4109
-30.0622 -1.7763
-49.9806 -2.762
-31.9735 -3.4049
-9.9025 1.0925
-41.097 -3.1874
-29.9008 -0.741
-9.3575 -0.4428
-54.2562 -3.1007
-20.7241 -2.0995
-112.124 -1.6965
-35.7793 -3.302
-12.3471 -3.0687
-31.1579 -0.6126
-12.7383 -2.5683
-3.5929 -2.2811
-24.1912 -1.7884
-46.9543 -4.382
-14.9164 -3.5035
-11.854 -3.9545
-52.4274 -2.1261
-65.0913 -4.0632
-17.8613 -2.8389
-23.097 -2.5418
-51.3979 -4.7895
-22.5519 -0.577
-9.1193 -3.1187
-34.3997 -0.413
-24.0328 -4.8469
-13.0851 0.5361
-9.0579 0.0779
-16.2082 -0.964
-16.1893 -0.1154
-13.1384 -1.2122
-44.3936 -1.9065
-51.789 -3.444
-10.0026 -0.1646
-49.4323 -0.139
-26.3485 -0.8875
-14.1448 0.7355
-24.1047 0.1458
-5.145 -2.148
-14.9999 -3.5725
-10.6577 0.3665
-20.8527 -7.4205
-8.4803 -5.071
-4.3295 -0.9205
-2.1294 -7.147
-13.3225 0.09
-7.4228 -3.9506
-57.0466 -2.7585
-32.0938 -2.2961
-23.9239 -1.1505
-34.6347 -3.521
-61.423 -3.2415
-30.7263 -4.0281
-62.8826 0.2913
-26.2548 -2.7847
-27.3533 -5.0265
-38.9946 0.268
-25.763 -0.9268
-21.8058 -1.8134
-88.8869 0.0183
-16.3435 -2.4898
-33.2892 0.2325
-24.9764 0.6698
-28.4755 -4.9594
-20.0057 -1.9697
-12.0992 -1.1223
-13.0203 -1.346
-6.5657 -3.6425
-45.6785 -2.8004
-8.8727 -2.2548
-10.0793 -0.905
-10.112 -5.0906
-6.6873 -7.226
2.799 -2.962
-10.705 -3.227
-7.6462 -3.872
11.9518 -7.9929
-33.1549 -3.7145
-51.1942 -0.9626
-95.657 -2.1883
-190.029 -3.6005
-64.6836 -6.176
-20.5733 -3.478
-33.4473 -6.466
-68.3902 -1.6638
-49.5481 -4.1375
-34.5982 -4.0285
-14.0806 -3.7335
-40.0589 -4.8703
-10.8508 -5.4595
-2.3873 -2.6875
-64.9354 -3.2615
-28.9947 -4.4655
-17.6107 -2.3019
7.9544 -2.7816
-15.5666 -2.8745
-33.1411 -2.8678
-11.5981 -2.7055
-18.3064 -3.6902
-18.3826 -2.4135
-14.0519 -4.3271
-22.0579 -4.7764
-9.5475 -1.5045
-18.5618 -0.1955
-37.6962 -0.2188
-30.0422 -1.398
-16.4169 -1.2193
3.2282 -2.2477
-21.1311 -8.1544
-2.1556 -3.1086
-23.4116 -0.6156
-59.9089 -5.11
-91.839 -3.7889
-26.648 -1.7435
-35.4393 -3.2185
-36.8305 -4.2185
-27.2247 -6.7659
-45.4095 -4.2055
-3.1646 -6.0647
-9.7525 -5.0591
-31.3319 -4.3338
-38.4757 -2.266
-23.3735 -2.5485
-39.1999 -3.3114
-24.9275 -5.475
-13.1846 -1.4404
-40.6067 -1.8518
-15.4378 -1.6019
-13.5398 -2.0178
-13.58 -4.7643
-34.2657 -2.8715
-20.4539 -2.553
-36.93 -0.3704
-54.0245 -0.154
-43.0039 -4.121
-10.5573 -7.573
-15.8519 -3.0805
-16.825 -1.891
-20.0096 -1.894
-75.9984 -4.2585
-3.6496 -3.9275
-32.7237 -3.4393
-15.0737 -4.189
-34.7514 -3.4905
-10.6643 0.0551
-9.7797 -4.288
-56.329 -2.0695
-34.6967 -5.8687
-20.9835 -4.6504
-5.4759 -1.935
-6.4018 -5.589
-13.0032 -2.3779
-11.2636 -4.3963
-18.8369 -3.7622
-27.053 -1.5191
-18.8786 -8.2551
-69.1578 -4.9273
-9.6724 -5.436
-32.4793 -0.1363
-36.1972 -3.4835
-35.8213 -6.5985
-66.2056 -5.8256
-4.2213 -5.286
12.6742 -3.3327
-24.8265 -3.7512
-9.9801 -3.3441
23.1611 -20.9098
-59.4125 -19.8495
98.5152 -19.1849
1.52853 -19.7795
-28.3177 -22.0622
-18.0309 -18.5712
-9.4602 -19.3385
-14.5977 -20.8809
-5.8777 -21.9765
-91.955 -19.4802
-5.6746 -17.546
-21.0601 -21.2951
-2.78 -20.6754
17.6077 -22.9223
-3.9892 -16.343
-91.829 -20.426
-40.6068 -23.446
-0.4108 -19.9191
-18.2786 -21.8185
-6.1068 -21.6865
-11.776 -15.4375
-23.6264 -21.8146
-16.2709 -19.373
-23.542 -17.5987
-17.7606 -15.89
-19.2488 -18.0905
-0.1342 -18.8961
10.6754 -18.9455
-29.4019 -18.4304
-28.9243 -22.4076
31.4404 -22.202
-1.3239 -19.2281
-13.3531 -20.1268
-10.1758 -21.9645
-7.8513 -15.8545
-0.8087 -16.3475
16.5217 -20.7905
-22.2948 -18.748
-22.6463 -19.3773
-12.2449 -17.284
-9.6848 -20.1493
-5.4874 -22.1228
-14.1753 -17.907
18.4304 -18.7051
-20.7722 -22.462
-0.2968 -15.8939
-18.2676 -20.6135
-7.1729 -18.3485
29.3511 -15.2779
-24.2694 -16.6782
-10.8902 -18.332
-22.587 -18.272
10.2243 -20.3822
-9.5928 -21.749
3.32685 -20.1821
-6.072 -25.3185
-25.175 -19.5461
-18.6252 -16.654
-10.2978 -20.845
-13.3255 -18.3631
-28.0202 -17.0879
7.2442 -16.8697
-68.5687 -20.8603
-55.9761 -18.9106
32.6793 -17.7677
-24.6761 -18.6365
-12.0305 -17.0075
-2.1187 -17.681
-29.7228 -15.8252
-44.9061 -18.027
-39.7641 -23.202
-29.8057 -19.028
0.17356 -21.2868
35.7125 -21.5931
-4.2051 -20.0177
-17.3249 -19.167
26.0097 -18.0715
-32.2646 -19.571
-2.4197 -17.6171
-47.834 -19.4297
-80.2859 -20.6675
24.0926 -16.7263
-7.9873 -17.6107
2.69335 -18.4007
-3.4154 -19.6287
-15.1008 -16.0615
13.927 -18.9948
-20.5992 -22.928
16.5658 -17.348
-32.4187 -20.5301
-24.7702 -18.4353
-29.3853 -21.267
-9.3899 -18.7502
-98.967 -20.0647
-45.8832 -21.5815
-1.0489 -16.9075
19.7035 -20.6302
-11.2483 -17.364
27.4766 -16.101
-47.131 -19.5161
0.36313 1.1544
6.9653 1.4015
2.54269 2.3619
-10.766 2.262
0.47414 2.6818
2.32819 4.3998
0.44985 3.2066
9.30156 -0.0363
1.90329 1.6525
0.3859 2.3485
9.86699 1.9924
1.12979 4.5532
16.0332 3.3544
0.37481 1.1177
0.78228 5.96865
4.76531 0.5322
12.8122 1.4359
0.36003 -1.1513
1.35059 2.5819
0.30865 2.2497
5.34913 -0.1863
1.81463 3.0292
0.62979 3.1796
2.77571 2.2219
9.36868 2.4448
3.49636 3.1982
4.00335 2.5806
1.47741 4.4209
-2.7812 1.7745
1.8485 2.7103
0.34136 2.2259
1.46421 3.1007
13.0395 2.8178
3.51858 5.6827
1.08991 6.75835
1.18953 -2.8004
1.1463 2.3191
-9.9981 4.8128
3.49916 6.51229
2.21776 2.211
0.36136 3.2619
0.36435 0.189
2.00629 -4.121
2.10773 1.9994
4.33154 2.6539
4.2633 3.1816
4.30396 3.2418
9.77773 1.3115
0.38016 2.89
0.35956 1.8235
14.9873 2.5672
0.7723 0.4532
1.56377 1.0635
0.37092 1.32
6.53877 1.2375
0.37611 -2.9849
6.0877 0.5783
0.36586 1.8686
-0.5414 5.11384
0.6417 3.6136
0.83781 -1.7624
6.0886 0.2866
3.26595 1.954
0.37282 1.4341
0.364 6.17285
1.5219 1.8311
1.5322 6.75185
0.29175 1.2562
1.65775 1.8818
1.70897 1.9293
3.43416 2.4865
1.8449 6.9116
1.86036 3.9692
13.5889 6.69937
2.26033 1.3941
0.81231 0.133
15.2343 2.3745
-3.3827 -0.6714
1.03468 2.9158
1.57709 5.41885
1.26127 2.6681
0.38201 -0.1404
2.19658 0.9732
3.46523 2.9932
6.14042 2.45
0.37042 6.978
5.00219 1.509
-6.4964 -3.6714
6.32359 3.5691
1.00892 1.9912
1.24412 2.5646
0.29972 1.9973
4.95518 1.5022
1.21841 0.9732
0.55532 0.3602
3.13451 1.6979
5.08397 1.4914
2.14558 1.567
5.41996 6.82404
5.57119 4.3366
4.7869 1.4097
22.9017 4.1008
1.13752 1.9568
30.8835 2.5207
21.8083 2.6513
6.58918 3.3733
18.3335 1.9323
19.2446 3.791
1.0813 3.5209
1.51061 3.6951
1.13319 2.5084
6.20381 2.798
22.5791 0.4359
10.1771 0.5487
1.11473 1.6147
17.4335 -2.5189
1.13854 1.0214
14.7442 3.7278
10.758 1.2725
3.07347 0.8752
-2.528 4.1214
4.62234 4.3874
34.3326 2.2757
24.2546 3.3815
5.28562 3.7082
9.38331 5.0952
1.1403 2.3944
26.9341 3.2448
40.4211 1.1419
27.697 3.6467
6.44891 3.6163
4.12915 4.505
4.4311 0.1492
3.58517 2.1218
1.10394 2.7786
2.09496 1.4452
9.2631 0.2409
27.0903 2.8346
14.8458 1.54
1.06883 3.3254
5.67488 0.9604
2.26469 0.0543
17.5247 1.4632
34.7884 3.6371
1.1093 2.5073
8.34239 -0.4322
2.03118 4.3344
6.29679 3.6773
1.08695 3.696
8.03237 -0.2225
1.1869 3.6888
12.8346 2.0658
7.7545 2.167
1.07191 3.4068
26.0695 1.0571
36.9881 0.2436
1.07586 1.3521
1.13617 3.7637
19.5617 1.2929
15.9998 2.626
1.4548 2.4656
1.12145 1.406
12.6306 3.3462
1.49923 1.3715
44.1698 2.7447
17.0015 2.9464
0.66394 0.5654
44.7915 1.4671
1.08152 3.0913
7.31287 2.137
-6.0399 -2.3387
1.09099 3.5302
1.11686 4.5829
30.119 -1.3488
9.4633 -0.5193
1.12608 -4.9711
5.32205 3.7013
2.93201 3.6393
1.30155 -0.0216
1.14368 1.7955
12.5525 1.5124
4.60389 2.1021
8.52415 2.827
3.53753 5.3899
4.66323 -0.9099
7.60031 3.9678
8.52592 2.086
11.3249 3.4617
1.08569 2.8398
14.8446 3.4418
22.6413 4.2722
13.5795 3.1875
14.1838 4.504
21.4429 0.0501
18.6916 2.0204
63.9386 1.4574
23.3155 -0.4329
2.11727 2.1691
14.8625 3.1838
12.8103 1.0393
29.3104 -18.0493
86.731 -11.9019
83.6189 -22.9046
23.2144 -12.2159
5.25889 -12.6545
34.5589 -11.7972
33.4765 -0.0613
82.2184 -13.4282
122.2 -10.0637
28.2706 -20.7415
18.6925 -2.8287
69.8035 -15.2296
3.62124 -26.0465
3.56736 -77.53
3.60791 -15.5125
3.58731 -22.1035
81.3115 -15.4263
3.82105 -21.7477
73.3815 -3.0014
19.7753 -8.9828
85.9466 -5.3294
11.3907 -14.7129
36.0517 -23.306
22.9535 -11.251
38.1064 -10.4481
3.82666 -2.8031
23.0453 0.0222
76.8255 -9.2176
86.45 -13.0474
33.1208 -16.521
62.7284 -9.2392
30.582 -2.415
44.4831 -12.6547
3.55736 -16.6416
259.81 -8.2994
100.594 -14.3106
7.97523 -11.0345
16.4751 -12.5704
-4.8454 -15.4325
3.65918 -15.4116
97.7115 -12.388
101.08 -9.5436
72.3174 -17.7147
60.7135 -18.773
120.386 -0.4898
159.717 -11.6471
129.45 -18.7258
335.184 -1.6463
41.1093 -21.8277
30.1715 -0.735
76.7778 -26.313
53.822 -10.922
126.489 -3.6581
7.24426 -13.5896
10.3474 -14.9357
125.599 -24.5906
66.7538 -12.5048
51.4081 -2.8696
29.1911 -16.4474
125.644 -12.1844
51.0875 -2.2936
89.541 -18.8327
26.3574 -15.6295
144.36 -3.7604
3.54267 -5.0294
31.5927 -15.6748
27.5324 -17.428
35.3166 -11.7815
75.6709 -11.3561
70.3124 -12.5648
60.3242 -5.9416
17.908 -8.4731
175.166 -19.1975
126.826 -14.6608
3.45437 -11.3625
3.67357 -18.7362
183.703 -13.3487
125.658 -10.886
45.4721 -3.045
2.03079 -12.4038
48.8815 0.3324
60.7817 -14.4729
49.5614 -4.7894
164.554 -8.512
109.048 -55.1125
-7.7124 3.8493
0.20774 3.7868
-18.8121 3.7917
0.18795 3.2451
-6.44 4.208
-2.8795 3.3636
2.34892 4.6242
-4.8102 4.3462
-2.4012 4.4501
-0.0336 4.7096
1.72261 3.7429
-20.8621 4.0208
1.322 3.9418
-7.2914 3.7521
-16.9264 4.2921
2.02839 4.0963
-16.2303 4.1074
-5.3529 4.5602
-0.8335 3.6729
2.38639 4.3287
0.95168 3.0075
0.33395 3.7255
2.13016 4.4925
-6.9777 4.8055
-13.4716 4.712
-7.1868 4.9369
-9.8209 4.6339
-1.9708 4.9777
2.10686 3.6514
-5.7355 3.6018
1.70219 3.624
3.13319 4.4072
1.50718 2.833
1.57183 3.687
-3.1562 4.5572
5.58376 4.3939
-19.6594 4.4742
-3.3557 3.8575
-6.8152 4.248
-1.5929 4.3334
-1.0104 3.2791
-10.9503 5.1654
-1.4771 3.6072
4.65924 4.2197
-14.5289 3.2213
-8.9023 3.1655
3.1502 4.8577
4.95767 3.5027
-3.9665 3.8183
-14.835 3.2734
9.7477 4.6706
-4.1253 3.8472
-10.8606 4.4074
-0.8006 3.4533
-5.4563 3.394
0.74241 4.4657
-0.4777 3.4337
-2.9707 4.7105
3.22023 4.0931
-7.6217 3.7151
3.71811 4.0517
-4.2757 4.8188
1.7097 4.058
1.47122 4.2804
-5.3439 3.0554
-2.7048 4.0173
-1.7163 4.5825
4.53511 4.0168
-17.8862 4.1958
-8.4895 4.5207
2.81351 3.917
-3.938 4.343
-13.2743 3.6169
1.52688 4.6055
2.34628 3.9737
-7.3518 3.2585
-7.6408 3.5739
-1.8018 4.4469
2.26449 4.9524
-6.8589 3.7521
-2.7307 3.2763
-4.2025 3.8355
3.58054 3.6773
2.2428 2.437
6.30297 4.3664
-0.7252 4.8121
-13.3569 2.8932
-5.6239 5.1861
2.11904 4.1607
0.2048 3.7849
-0.8946 2.7931
5.57 3.9236
-3.6915 4.2143
-9.9351 3.9754
0.91117 4.2894
-4.8873 4.6918
-8.0885 4.0144
-0.0506 3.9866
-3.5792 3.9152
-5.0056 4.8171
10.7891 -0.359
2.40605 -3.4274
10.2764 -0.6761
-0.5218 0.0735
-1.2104 -1.5314
-3.9016 -0.5156
5.09187 0.7931
-7.2428 1.121
22.8672 -0.2263
6.52965 -1.4836
2.95247 0.7889
18.388 -0.3429
4.0262 0.3607
-4.5222 -0.906
4.3958 -1.0283
14.4006 0.1565
11.0416 -1.0802
1.0507 0.5275
6.41554 1.2629
5.43802 -0.7354
4.39048 0.7969
9.70275 -2.3226
4.16015 -1.3916
-6.606 0.1494
-6.1722 -1.1391
-2.6416 -0.3623
-2.5012 -0.469
-5.2154 -0.5073
-7.7404 0.1496
8.4629 0.2946
2.64287 -0.5795
10.6726 -0.2219
-17.1486 0.4174
-0.9175 -3.5307
-3.8206 -0.4978
9.3133 0.1161
7.27 0.1549
-1.7591 -0.8047
0.72748 -1.1498
-2.4693 -1.3655
-8.9834 0.4658
0.42929 0.6803
-15.21 -0.4354
12.1114 0.4386
7.0834 -1.1653
-3.3916 0.4605
9.02176 -0.0128
12.1533 0.5549
8.74783 -1.5117
6.18342 -0.7053
7.80464 0.1831
4.88798 0.3848
-10.8848 1.087
3.4587 -0.7268
9.2835 1.0359
2.58465 0.076
-1.0803 -0.7743
9.58754 0.9423
1.35655 -0.1078
6.84176 -0.5192
4.5966 -0.9102
6.98005 -0.6042
6.30779 0.9445
0.33894 -1.6808
-9.3233 -1.4087
14.9698 -2.6471
1.37918 -1.5463
2.12126 0.3466
10.3459 -2.5744
2.35659 0.5346
4.5437 -0.6249
-15.1148 -1.227
1.9029 0.4236
-1.4234 0.8434
8.14545 0.6594
-1.142 1.0653
-0.9231 -0.6311
4.083 -1.4602
2.66111 -0.1934
6.73989 1.9214
-8.6106 0.3597
12.583 0.1409
2.164 0.1423
-11.709 0.1562
17.1357 -0.0935
14.808 -1.4985
2.09572 0.2194
35.08 0.2176
-12.1492 0.8033
-1.6296 -0.1283
-5.219 -1.9215
4.00905 -2.8244
-0.409 -0.3775
1.53007 -1.1069
1.74446 -1.0678
-0.4579 0.3748
2.97349 -0.4198
1.51979 -0.0149
3.67183 1.7905
1.33369 0.1405
-7.0636 -19.2461
2.42389 -16.4995
5.89766 -22.4436
29.6652 -18.6619
2.95589 -18.7767
69.2965 -18.222
151.175 -17.063
154.798 -17.2916
48.9223 -17.2077
36.8136 -23.1107
97.6178 -25.612
2.24929 -21.5297
11.9543 -19.118
25.3329 -17.7918
42.5711 -18.5699
-9.8375 -16.362
8.19538 -18.8085
40.4048 -21.699
43.7012 -17.29
22.9623 -17.0223
76.8335 -21.3748
32.6292 -17.5985
47.7792 -21.6185
90.0241 -20.6771
15.7771 -19.5453
37.0413 -19.3844
79.4184 -16.6648
18.7809 -20.6693
8.24375 -16.1812
39.2338 -17.526
-24.5201 -21.7655
30.4151 -17.4549
39.8531 -19.5448
4.15733 -19.6317
49.5485 -19.239
39.0634 -20.8662
25.372 -15.2135
-1.588 -17.8146
33.669 -17.5052
67.2724 -15.18
4.5689 -20.1716
17.6715 -17.9706
87.4226 -20.6308
5.70195 -14.4735
11.5626 -19.3439
3.12605 -13.889
61.3851 -17.0905
3.47896 -18.081
15.9501 -18.6067
5.84484 -21.6258
36.8193 -17.0006
0.93886 -22.0104
57.1307 -16.3173
8.31529 -19.5683
2.38641 -17.2754
15.575 -17.6235
40.6416 -20.5541
73.913 -16.5968
4.46695 -19.1425
72.0587 -14.5753
75.9481 -21.6341
17.1862 -14.4676
4.49104 -17.9215
24.3387 -19.2039
62.7563 -17.2685
-3.6143 -17.724
10.8869 -18.5828
6.12227 -16.6665
53.0934 -17.2446
59.5337 -15.9823
8.7192 -19.7547
37.6182 -17.0031
77.8122 -20.343
7.92217 -19.2865
49.4917 -22.9085
70.8618 -22.5954
-12.4874 -19.4145
-10.8769 -26.6797
4.25222 -19.4395
27.2069 -20.2263
135.309 -16.2981
26.2739 -16.7822
51.3762 -21.186
5.23326 -21.0075
28.5543 -16.3678
63.362 -17.3297
4.2258 -18.3073
13.186 -19.9798
2.4143 -21.373
17.0716 -19.5065
3.85782 -17.2844
6.47673 -19.5112
29.7811 -20.5501
-19.6481 -20.931
17.7272 -19.992
68.8234 -17.2521
35.013 -18.5846
37.4949 -18.0641
51.8057 -16.2638
129.422 -25.0099
-11.8318 -1.9492
-4.0457 -0.6463
-4.3891 -0.4587
-0.2887 -0.6195
-3.1082 -0.2414
-15.3077 -1.7462
-12.2477 -1.79
-13.2544 3.435
-0.6404 -2.3903
10.8605 -7.0783
-5.9041 -1.2321
-0.5447 4.7424
-2.5437 -0.958
-15.9169 -0.3346
-12.8612 -0.2468
-3.2238 -0.8308
-7.7857 0.9923
-0.6052 4.2093
1.26801 -1.359
0.40785 -0.792
-8.8166 -0.5823
-13.5495 3.8433
4.09105 -2.0949
-18.7188 -2.472
-9.8851 -0.8153
-0.918 -1.203
2.56217 -2.2251
0.2541 5.53555
-7.4474 -2.3204
-6.7248 -0.8343
-5.9039 -1.2826
-14.3329 -1.0869
3.28584 -0.1825
-6.111 -5.7375
-9.0017 -1.9255
7.09874 -1.2531
1.76121 -1.8894
-9.3579 -1.8032
-1.0199 -0.7106
4.58369 -0.5344
-7.8389 -1.9116
0.40962 -0.8602
-18.4647 -0.1359
-7.2399 -6.3315
1.47049 -2.8624
14.064 0.0595
6.6003 -0.7741
-1.2238 -1.2873
-10.2446 -0.7051
-9.981 -0.8804
-0.7114 -2.1034
5.13373 -2.1433
8.46645 -1.855
-5.0853 -1.4175
-7.3882 0.0161
-3.9475 -2.8746
0.11337 -2.248
-5.1793 -0.4172
-9.1728 -0.9958
-5.3232 -3.4838
7.30798 -0.7408
-12.4083 5.4593
-8.78 -1.8514
-6.1059 -1.8274
-3.8788 -0.7988
4.93433 -2.5082
-0.9689 -0.737
-6.7428 -3.8586
-6.0896 -0.2818
-1.9813 -2.4569
-2.6129 -0.4338
-0.3418 -1.1395
-15.5686 -1.157
-10.4046 -2.4665
-3.8527 6.19735
-6.7765 4.7093
3.4279 -1.4513
-3.5737 -0.6355
0.81159 -0.6495
-27.9782 -1.3529
13.7991 -0.3007
1.37808 -0.9158
-9.2807 -1.1668
-9.6381 -0.1848
-3.8274 -1.0014
0.71186 -1.5762
0.02379 -2.4163
-5.7582 -0.9469
-25.0825 -1.7404
-8.7747 4.8395
-8.0287 -0.776
-12.2144 -1.6398
-4.4421 0.276
8.8493 -2.8457
15.7445 -1.8727
5.48574 -1.0595
-10.7373 -0.7358
-18.2107 -1.6303
2.57278 -1.3747
-2.5119 -1.7345
-9.8158 1.7009
3.69365 -2.8331
0.3378 0.9898
10.5762 2.578
12.9169 2.5605
-9.5139 -1.066
19.3783 -1.1529
3.94693 -3.4636
11.6688 0.327
-0.1079 -1.3456
8.0804 0.8509
14.946 1.0715
14.7181 -0.3605
0.44621 -0.5976
-14.922 -0.942
-8.2439 -0.269
15.0293 -1.1847
4.03951 -1.8428
3.43626 2.997
-9.0538 -3.1319
11.2246 -1.5038
9.2246 3.0496
-2.7062 -1.4744
26.0588 1.01
-0.7533 -1.863
0.48072 2.2166
-9.7169 0.2112
19.962 -0.0532
-11.7131 -2.7411
-1.3285 -2.1194
-11.5683 0.6177
-1.8748 -0.0031
-7.3361 -1.2081
-45.9674 -1.2924
1.9691 -3.9622
25.9474 -0.6291
-7.8464 0.2398
-7.6022 -0.5661
7.67955 -1.2082
-6.7359 -0.3237
-2.6944 -1.6433
19.2999 1.7003
4.86416 1.1435
3.74583 -2.3167
8.9905 2.2145
-11.6714 2.1773
-14.077 -0.5115
7.1891 0.5134
0.0235 2.8844
-15.8675 0.41
29.4991 -3.9649
14.7658 -0.0545
5.5031 -1.5474
5.85747 0.0162
-1.0535 -1.6647
-29.1762 1.8097
5.8162 -0.4245
0.35206 -0.4901
-15.5549 -1.149
28.6009 0.701
-0.7342 1.2324
7.36665 0.5808
0.72658 1.0749
10.5068 -3.0085
19.0696 -2.0753
-12.4267 -0.5827
0.82069 -0.5259
3.29185 -0.0748
21.5214 0.4225
1.20781 -1.8255
-4.7717 -1.4319
-1.6756 0.9909
-13.2656 -0.4211
10.265 0.1057
-7.1768 -2.3923
33.5457 0.3465
-7.0384 1.9106
-7.1353 0.6736
9.2711 2.0826
-0.8354 2.8307
-6.8246 -1.2943
-3.5109 -1.9479
-1.3031 -0.2197
-6.0287 -2.1453
-12.4645 3.4635
-1.9874 -0.7883
-3.8295 -0.7415
-14.0778 -1.2489
37.1051 -1.4586
2.87289 -0.2916
-3.1078 3.3996
45.145 -0.8674
-0.3553 0.5479
2.30609 2.9361
-1.4896 0.2088
-19.9809 0.3681
19.6011 0.2595
20.6523 -2.9929
-1.3568 3.4374
-5.7461 3.1061
101.936 -14.1069
205.365 -15.682
49.2852 -12.1638
13.8252 -15.1559
-15.6172 -15.1977
195.479 -5.3087
34.2342 -11.6149
44.4509 -10.9902
-0.7613 -14.7935
15.4325 -11.0808
13.3013 -11.7725
74.0386 -10.7156
34.7031 -14.7348
3.98807 -14.3407
116.154 -14.3985
-2.1858 -12.798
78.2681 -12.6643
51.8821 -16.8188
104.185 -11.111
40.7619 -13.1477
77.1734 -11.981
7.7281 -10.138
13.3041 -11.7465
44.0436 -16.1032
81.5512 -9.7923
57.4303 -7.8385
18.0514 -7.7351
116.306 -12.3142
94.0537 -11.0059
45.7927 -21.4619
5.30745 -10.9036
31.0341 -24.9479
28.4918 -13.2238
72.5996 -10.8161
133.577 -9.1135
47.0514 -11.1587
158.793 -13.2
116.901 -1.2775
117.277 -12.9948
1.43209 -12.8135
-18.3252 -19.2751
-33.5079 -10.5607
1.51982 -16.5398
29.9787 0.6238
51.3097 -13.4516
0.91288 -11.14
96.4147 -10.8138
8.7018 -10.4394
-7.4845 -9.0948
99.2318 -14.7954
186.513 -13.6031
52.4468 -11.6465
3.51516 -12.199
-18.7052 -14.5105
21.9143 -19.075
139.877 -9.5526
71.6206 -95.648
92.7102 -12.3607
156.775 -12.324
78.727 -13.2311
109.914 -9.4929
15.9965 -13.3826
-23.766 -5.4144
11.2149 -13.296
122.794 -7.3352
63.0405 -11.2564
-16.2467 -13.7349
71.6707 -8.4457
5.3951 -9.5985
89.154 -2.6246
33.9356 -9.9944
90.7512 -16.3312
17.4807 -2.8779
33.8736 -11.5673
139.987 -6.4859
44.9038 -1.8581
-5.7591 -4.1239
148.125 -2.5764
9.4778 -13.5894
32.2884 -9.0197
55.7505 -13.9808
148.781 -10.9194
104.644 -14.9128
22.8267 -9.615
-9.0265 -10.1787
23.9275 -11.795
70.844 -10.1801
11.5364 -9.5288
41.8827 -7.9014
17.6391 -11.973
24.2929 -17.5492
26.6355 -12.6695
31.4085 -11.2388
64.866 -14.2867
242.315 -13.3715
-19.8593 -1.4385
-29.2712 0.3408
-10.4646 -0.6005
-6.0366 -0.264
-80.5547 0.7154
-46.9879 1.3129
-105.853 1.1479
-30.023 1.6685
-2.1907 0.9892
-21.8273 1.461
-28.9235 1.1543
-10.3425 1.308
-20.7608 0.8784
-5.8335 1.019
-8.321 0.6634
-44.3003 -3.9553
-16.3372 0.76
-10.601 1.1562
-14.4346 0.8761
-22.1001 -1.6427
-29.3499 1.0252
-38.8376 0.0789
-13.2882 0.8396
-17.1386 -2.575
-3.8306 -0.8215
-13.9707 0.4897
-7.1152 0.8269
-86.0448 0.1451
-9.8038 0.1215
-11.7251 1.572
-37.8567 1.1164
-10.9239 -0.8075
-23.6638 0.6315
-7.9847 0.0694
-19.1464 1.635
-14.7811 1.469
-14.4999 -1.931
-34.6929 0.6707
-12.688 0.0807
-45.9353 0.4295
-10.2244 -0.1913
-11.2546 -0.0885
-20.7418 1.489
-8.8989 -0.3778
-13.9702 -0.2848
-64.255 -0.8021
-31.465 0.4371
-34.9605 -1.208
-92.423 0.5652
-52.1735 1.1869
-5.1618 1.55
-39.7368 0.306
-7.4834 -3.9385
-69.1779 -1.031
-9.8529 0.3502
-16.1907 -0.6877
-16.9367 0.5281
-15.1148 -3.4145
-9.6209 1.4523
-41.6698 -0.15
-9.9599 -0.0735
-14.2457 1.089
-13.2457 -0.7608
-37.6825 -0.2834
-25.2366 -0.8385
-51.6165 -1.626
-30.1402 0.2978
-9.2096 1.2795
-11.4962 -1.785
-29.2645 -0.7568
-22.4865 1.175
-19.5314 0.7243
-63.4658 1.2683
-13.7912 1.2905
-21.529 0.946
-10.7639 -0.7725
-45.8084 1.1702
-13.2554 -0.663
-9.2829 0.5795
-10.2841 1.1017
-5.1265 0.5243
-17.4234 0.4111
-20.107 0.5862
-9.1754 0.846
-83.2343 0.2916
-16.8706 0.157
-4.8814 -0.9965
-11.9529 -0.6765
-31.8716 0.9281
-11.9963 1.4621
-25.8297 1.1875
-17.2364 0.6437
-54.6151 -1.2215
-8.5626 0.2863
-40.8807 -0.1829
-0.1103 -1.9435
-24.5894 -2.0231
-17.7415 1.0732
-14.112 -2.6489
-48.4112 0.6785
-16.8813 0.5072
-40.6243 -4.297
-43.6681 0.072
-5.7996 -3.5392
-31.0963 -0.5745
-12.6795 -2.5342
-10.8985 -3.9881
-16.1795 -0.6189
-13.9489 -3.373
-67.2064 -0.0465
-53.1888 -4.1478
-17.5932 -2.0942
-33.5527 -1.6805
-20.6187 -0.6471
-18.7565 -1.2985
-13.8224 0.0518
-45.3062 -0.6016
-6.9856 -1.792
-9.8079 -4.8909
-33.6541 -1.3586
-13.7871 -1.1561
-13.1782 0.0434
-13.2229 -2.069
-8.2144 -0.1804
-16.8452 -1.208
-12.6637 -1.1921
-61.5225 -1.7252
-108.829 -4.0397
-11.0542 -0.7741
-6.1504 -0.9932
-24.5859 -0.073
-11.969 0.0901
-10.4376 -1.9106
-5.7028 -1.1893
-17.9905 0.4166
-58.3058 0.4931
-6.6734 -0.282
-53.0803 -1.8754
-29.1501 -2.045
-23.8839 -1.6199
-71.4146 1.0715
-11.9284 -2.2692
-27.8503 -0.373
-10.0366 -0.801
-13.9627 0.3085
-39.1196 -0.3445
-14.7743 -1.6955
-11.6925 -2.5518
-12.232 0.6117
-23.9569 -2.7182
-18.3579 -1.9575
-106.075 -1.1035
-18.543 -1.4229
-25.9231 -3.2425
-8.9868 -0.1345
-15.3236 -1.0739
-43.4097 -1.5665
1.41595 -0.8648
-41.1966 -1.3419
-116.024 -0.977
-30.5433 -2.4112
-56.335 -1.8449
-28.5986 -0.3915
-7.2417 -0.746
-8.7538 -2.7858
-7.5867 -3.7394
-12.988 -1.2601
-31.7888 -3.779
-61.6069 -3.1225
-8.3519 -2.0045
-6.158 -3.0376
-7.1691 -1.0247
-80.9093 -2.2203
-10.9031 -3.058
-29.92 0.1699
-10.7521 -1.1438
-9.9689 0.459
-6.7635 -1.4095
-73.6996 -4.9388
-11 -0.0994
-15.6061 -0.8135
-10.4631 -0.3845
-24.2582 -1.893
-44.6186 -1.7733
-24.2713 0.2805
-4.5316 0.6999
-5.5763 -4.6797
-21.1823 -3.851
-49.2597 -4.1452
-33.4986 -1.0732
-20.6313 -0.357
-37.9986 -0.246
-12.102 -1.567
-32.1941 -0.1125
-11.9292 0.18
3.4354 -0.5756
-13.7726 -2.3905
-18.151 -3.3316
-74.8274 -1.8605
-30.46 -1.613
-41.1185 -16.3634
-9.0488 -17.7305
-24.5285 -17.832
-15.7045 -20.9519
2.8851 -18.2935
-7.8052 -16.8015
13.4901 -18.0039
-26.5461 -15.5355
-14.3126 -16.9877
4.9635 -17.0309
-24.3472 -20.3995
27.4835 -17.3957
11.1725 -16.0874
-3.6908 -15.7411
-14.0581 -15.6625
-16.7603 -15.7615
-108.012 -17.417
-6.6679 -18.6379
2.28765 -19.9702
-14.8451 -18.0938
-2.7773 -16.7863
30.889 -17.3185
-17.2501 -18.742
14.628 -16.3575
27.9277 -19.278
11.0686 -15.9468
4.13275 -14.3468
26.4554 -15.7402
-14.0162 -15.4359
-9.7886 -16.179
35.1674 -16.2916
5.12095 -16.251
-16.3991 -18.392
-7.2562 -15.1373
41.5472 -18.1247
-7.256 -15.9271
-1.4567 -16.1235
-57.3238 -19.7836
78.5462 -16.2087
12.2289 -16.4843
5.7671 -14.7495
-63.3106 -19.1899
5.84355 -21.5256
2.76725 -18.2118
25.712 -15.3695
0.14135 -17.7565
93.4222 -19.6552
-7.0531 -15.5745
-54.0129 -20.8685
-11.1496 -17.89
-45.0013 -16.593
-18.0808 -19.7242
21.8108 -14.166
23.5932 -15.4936
-25.2289 -20.3727
27.66 -15.732
-24.9565 -23.27
-57.9091 -14.715
-14.689 -16.667
15.3008 -17.8782
-35.0819 -17.5216
-19.2874 -18.9136
13.5422 -13.4895
-72.9704 -19.321
-29.0091 -21.572
-53.9563 -18.364
-14.5297 -18.6245
-10.4783 -18.4759
70.6337 -17.7934
-15.5442 -19.2244
25.7263 -18.696
-4.7579 -17.8665
-10.6236 -19.2035
-47.9969 -20.105
-17.4971 -16.609
-14.9448 -13.5133
-24.9935 -15.5442
-15.7647 -15.134
-71.2876 -16.728
2.15175 -16.3909
-15.3259 -15.831
-9.4858 -20.0375
-44.088 -18.4905
-11.893 -18.493
-12.9665 -16.9434
9.1401 -16.918
6.9456 -20.2164
-24.4203 -17.332
-5.9274 -18.16
-12.0348 -18.1965
6.43035 -19.1016
-40.9549 -16.8155
-11.3231 -17.538
48.7873 -15.3655
7.067 -19.2395
-9.0586 -18.5635
-10.9964 -19.1116
4.5128 -16.6709
-25.4964 -21.2155
-19.939 -17.759
1.45657 0.5535
0.44337 2.5467
10.6171 -1.1693
-5.5398 3.7636
1.80715 2.4808
0.72845 3.1029
0.12284 2.2633
2.0238 1.3206
3.47476 3.6503
6.94525 4.6844
3.36376 3.2313
0.68291 3.3771
-6.3288 3.6275
6.1332 4.8603
4.63896 1.7675
7.37287 2.1887
6.30615 3.4714
0.35966 3.218
0.36828 1.516
6.40405 3.3971
6.56501 0.883
3.97025 6.0201
7.44236 3.0283
0.38491 1.3705
7.32654 7.36564
14.3422 0.6812
3.0883 3.1769
1.23706 2.368
2.78031 3.8477
0.37853 1.8288
1.84183 2.1109
0.37999 3.0852
1.64206 2.3975
2.24477 1.831
2.34487 -0.1399
2.08664 3.0009
0.36437 2.9939
4.43882 1.7652
3.51478 7.65277
0.38051 1.7462
11.1186 1.7731
1.34739 1.9081
0.77721 1.898
0.37585 2.751
2.86022 7.9738
1.72072 3.5292
4.17275 1.2955
13.7659 3.2569
-7.2027 3.243
0.37934 2.3924
4.4998 2.3544
2.28257 1.0184
1.93793 0.6538
2.65175 -3.2948
3.54662 1.0409
0.92247 3.9215
4.6931 2.5674
4.3923 3.9169
1.77595 6.994
2.83783 1.9001
3.91165 2.7079
4.32801 6.28071
-4.8873 1.6738
2.89027 3.3141
11.089 4.2352
-0.6222 1.2066
4.20151 3.2325
1.55757 3.5642
1.10976 2.2824
6.75623 2.0773
3.90899 7.24953
8.61248 4.2585
1.90082 6.48985
17.3389 0.5171
0.46907 2.6555
3.38509 2.977
2.917 1.1286
0.1067 0.7716
2.26059 2.8977
3.15002 2.8049
17.4715 3.3526
3.57505 3.8383
11.0659 3.6577
1.26326 3.5264
0.72047 3.8504
1.58368 2.5416
3.36892 5.6646
11.7091 3.0992
3.89128 2.8949
7.2161 4.9622
4.54968 6.6691
0.68764 1.7089
8.36507 6.90306
16.8938 7.4062
0.71143 1.3879
3.80279 1.2074
0.82382 5.0445
0.52965 1.3678
0.64794 5.0246
-2.7733 2.6242
5.6689 2.688
1.07205 5.49665
0.67241 3.4949
13.7782 2.2937
1.16469 3.4678
24.4096 4.0458
1.12836 0.7229
10.8666 2.3904
6.94416 2.7535
1.09532 2.245
2.66455 3.9013
6.17009 1.5407
9.5033 3.1359
8.95771 3.2313
2.06177 4.8032
4.59092 1.0425
14.1724 4.2069
5.92061 2.7309
24.4914 3.9178
3.87762 1.7581
1.18322 2.7335
9.35298 3.3192
16.9808 0.3175
2.38223 4.3575
-2.4039 0.9415
1.13031 1.805
18.1814 2.4687
24.9156 4.0136
21.9441 3.0779
1.08724 2.0407
8.06037 2.9943
5.23677 0.6223
9.99357 2.5448
-6.8173 3.871
11.4888 4.9235
7.55211 5.4779
18.4866 4.1585
13.814 3.9573
-0.1546 2.9233
5.1425 3.9594
23.8784 3.0199
2.48546 3.7849
15.7613 2.9809
1.90164 3.4565
3.29097 1.4682
9.98203 1.6442
24.4168 3.1156
14.2915 3.6221
7.43742 2.6395
3.63173 3.2273
17.8788 -2.4575
0.86496 2.1155
3.49998 2.4301
28.5841 4.3992
3.36665 3.2567
23.347 3.5225
1.05405 3.7561
5.8571 3.3642
10.5463 4.6837
5.95558 4.3618
1.26923 3.1864
15.1045 4.6741
9.20059 4.0499
9.76878 3.8595
5.15377 2.25
-0.3399 3.6302
14.4119 3.2318
16.8228 0.7782
1.06639 2.0274
1.07603 2.286
6.78194 2.2585
4.31306 2.0898
0.96984 1.7217
7.43315 0.9687
7.38171 3.9263
7.51338 3.6065
3.55997 1.5437
4.84903 3.9358
0.82939 2.8529
8.79486 2.8196
10.4748 5.5688
8.6053 0.3068
27.8309 2.565
4.37675 0.5002
17.8435 2.4929
1.12699 1.8275
5.33707 2.7535
5.68886 2.5382
1.12664 -0.4611
20.869 2.5769
1.0812 3.295
22.1358 3.7632
1.13871 3.5134
5.26136 2.2471
0.64362 3.0135
16.0562 1.3434
3.58007 1.0875
7.49224 4.9112
5.29437 5.61205
13.0358 1.9918
41.3991 -0.1487
14.7691 -9.759
134.847 -14.7167
37.2698 -5.3191
225.563 -3.6587
140.891 -10.8155
4.01988 -11.657
70.666 -27.5599
66.5325 -14.3552
41.2648 -16.2637
41.5818 -12.4066
31.026 -1.6719
3.41891 -9.0965
219.793 -1.9431
54.2983 -17.0298
159.563 -2.1946
95.6189 -10.2775
108.464 -14.3921
158.065 -12.2027
247.962 -6.5538
62.904 -10.6945
63.602 -13.0005
13.6083 -0.42
92.6555 -0.3484
46.8017 -11.7955
156.809 -16.4658
183.702 -0.4644
122.508 -2.3657
27.9922 -10.3043
161.441 -20.1539
50.1364 -0.3516
43.342 -11.5636
11.5981 -18.0197
11.9441 -5.4138
3.54449 -10.9956
10.009 -33.5966
204.85 0.1662
65.635 -1.0859
17.5482 -15.4469
194.098 -2.7544
27.3965 -12.612
47.3906 -10.9953
43.4496 -12.1009
152.383 -10.6605
3.36454 -12.8995
4.06135 -18.7268
147.876 -3.6734
10.9005 -12.9802
129.833 -11.3361
106.949 -5.9491
101.765 -16.1595
39.1246 -17.7463
124.809 -14.2895
3.68713 -12.0088
3.62791 -14.9005
124.035 -23.7111
244.399 -17.5305
167.886 -12.0416
35.179 -8.9058
136.059 -1.6037
88.9505 -12.2041
36.0799 -1.0182
3.59945 -1.0744
164.665 -3.03
3.55191 -3.5994
182.55 -0.7956
74.083 -2.2608
3.54042 -11.4881
120.725 -10.8957
3.62408 -10.6321
3.59105 -7.0231
64.9205 -20.0862
37.4479 -18.1904
114.249 -10.0151
145.974 -5.2212
77.731 -0.2484
69.4495 -12.8101
83.608 -3.7994
22.366 -12.5504
-2.0977 5.52185
-1.1177 4.5305
-6.3068 4.4832
-3.8391 5.17155
-0.3677 3.6424
-9.4585 3.6908
-2.1442 4.7221
-1.3695 4.7755
3.86044 2.5776
2.56697 4.4928
2.0248 4.3781
2.52762 4.7406
-0.6022 4.5766
-1.6563 5.542
-3.9404 3.94
-2.1419 4.6726
1.77842 5.3162
5.49996 5.0035
-1.2359 4.2618
-0.9833 4.9399
1.75197 3.7875
-6.007 4.649
1.14215 4.6735
2.6968 5.19235
7.31238 3.3338
0.41295 5.0927
-17.8671 5.02164
3.90925 5.1294
2.36018 4.1957
-0.748 5.16525
2.48552 5.16848
-7.3785 4.5273
-10.0394 4.2253
1.33647 4.9416
2.20472 5.02815
-7.9972 4.9029
0.78956 3.667
-4.4765 5.24755
-8.8366 4.7098
0.71345 4.4436
1.43329 3.3697
4.11067 4.9485
3.45603 5.20585
1.61996 4.3949
-13.4444 4.1976
-13.4319 3.1616
-13.2061 5.15785
-12.0796 4.6106
3.83882 4.8316
-1.4469 5.1561
6.78424 3.8556
-1.4469 4.6989
5.88537 3.2127
4.11252 4.8826
4.23724 4.6476
-10.0429 3.4823
-11.5182 4.2373
-3.0885 4.3477
-3.1678 4.5269
-6.8486 4.8359
-3.9053 4.4975
-8.6614 3.6656
-3.3008 4.9047
-23.3587 4.6406
0.56296 3.9316
3.30762 4.5497
0.44581 5.4218
-4.9901 4.5511
4.78885 4.2111
-0.9851 4.9039
-0.8469 4.0915
1.70058 4.7659
2.4031 4.5342
5.3712 4.2013
4.99389 4.097
2.52473 4.6054
2.05178 5.5593
2.18511 5.1233
1.15121 4.5718
2.68114 4.4961
2.52282 5.1623
1.13743 4.6744
0.82602 4.3375
-3.616 4.4952
-2.0022 4.53
-3.0618 4.7212
1.11176 4.903
3.31599 4.7121
1.09624 4.2661
2.18645 4.9124
-7.6737 4.9344
3.25352 4.2616
-3.9626 5.0862
-1.3322 3.7215
0.29883 4.4866
-1.626 4.115
-1.8835 4.9125
0.7693 5.00656
-5.9915 5.44455
-2.4926 4.3023
7.52715 -0.4884
0.90429 0.4007
0.26229 0.4638
2.53679 0.8802
5.20927 -0.1135
4.12315 -0.1428
4.66519 -0.4382
3.1455 -1.0637
6.19948 0.8399
0.48799 -1.5788
-7.2372 1.1242
0.62923 0.9139
-8.6982 -0.6011
2.56057 0.7114
7.85326 -0.6676
2.41715 0.1984
4.36533 -0.8804
-4.7973 0.8911
1.66899 0.1225
-1.0477 1.3452
-2.8108 0.8088
12.9315 0.5602
3.8734 0.6607
-3.5519 0.332
7.3722 0.9621
4.11359 0.0603
5.71096 0.6068
5.55629 0.2891
1.79092 0.9552
4.9952 -0.2546
4.29293 -0.2863
-11.8712 -0.224
6.86232 -0.1176
8.3303 0.3354
7.66936 1.058
1.69144 0.2885
4.35187 1.7702
-1.517 0.5208
-0.8509 -1.0095
2.03949 1.1577
1.2323 0.7523
3.73518 1.5771
-5.516 1.6285
14.9409 -0.2094
-1.7012 1.298
1.74215 0.4629
0.78297 -0.1368
15.4889 0.3815
-6.9392 -0.4042
-4.8552 0.4316
-7.7053 0.8613
4.76623 0.6235
8.53404 -0.422
7.81127 0.142
2.69109 -0.8002
-3.4729 0.7401
4.45338 0.8968
19.3642 -1.8518
2.6104 1.496
-5.3244 1.0564
7.50062 -0.0797
9.031 1.5548
1.38612 0.3036
-1.337 -0.5954
13.3486 -0.0257
-9.5267 1.6663
9.74665 -1.2966
12.5228 1.727
-3.7013 -0.2973
2.53244 1.2415
-5.118 0.7254
8.2851 0.3495
3.375 0.9733
20.6613 1.1277
7.84818 1.3056
11.2485 2.1904
-5.95 -1.1949
2.26178 0.1543
9.11095 0.5536
2.68779 2.3255
-6.0221 0.6272
1.87435 0.5683
-3.0238 0.0739
-1.501 0.2965
-12.2956 0.6382
3.50065 0.8653
15.0985 0.3985
1.1366 -1.137
9.78135 1.0094
0.86343 -2.559
-12.9181 0.7752
1.59775 -1.1325
1.63401 -0.9332
-3.7838 2.0573
-21.5063 0.7318
9.15536 0.0353
19.4719 1.1228
-1.8728 -0.0358
1.91541 0.7529
-7.8055 1.1128
29.2991 -18.8019
-0.548 -15.1758
16.7204 -18.6468
80.6861 -17.0559
16.6215 -14.7467
55.3089 -17.1775
145.337 -16.166
61.3635 -14.6115
50.8713 -18.1492
69.6905 -16.7298
46.7571 -15.3246
75.9402 -16.2738
159.309 -16.003
27.8379 -18.8638
4.50214 -19.5391
5.67746 -18.2961
0.91952 -15.9565
50.5729 -25.012
21.9794 -19.4025
27.3277 -19.0127
24.0305 -16.5566
16.3029 -14.613
-4.7096 -18.4111
48.5764 -19.9395
24.9413 -23.3695
24.6132 -16.1366
20.9936 -13.1557
52.6122 -16.2673
93.1227 -17.4598
50.6987 -16.7546
86.0901 -20.2275
18.3892 -23.7592
17.8604 -17.4423
-3.3005 -17.8807
9.66225 -18.919
71.6147 -17.7951
34.7281 -19.6266
8.05091 -18.2282
4.20334 -20.4838
46.4835 -22.2235
24.926 -16.1568
43.6863 -14.6913
24.5511 -19.8314
25.1808 -16.3035
8.5091 -28.5373
62.4986 -15.9331
44.0992 -15.4705
89.9195 -21.8616
138.634 -16.7876
16.0325 -15.0132
-2.687 -17.2257
18.6968 -19.8837
115.779 -18.5294
6.1614 -18.9316
58.399 -15.4821
5.93295 -18.3875
47.7488 -15.8855
34.7279 -21.7969
45.9777 -16.4409
27.5224 -19.2632
63.4643 -17.0854
-3.0492 -17.892
11.5114 -19.0984
15.8147 -19.5292
100.786 -16.7071
150.92 -16.529
217.749 -24.832
126.489 -22.4808
27.1936 -15.3588
14.4775 -21.2889
3.2999 -15.8725
3.23842 -17.7156
112.244 -16.7191
217.106 -15.46
56.9002 -17.0348
4.02712 -16.3342
31.8517 -16.3448
67.2314 -17.8661
21.7467 -17.9627
-0.9339 -19.393
-0.1208 -18.5715
7.05405 -17.1817
17.9214 -21.0463
22.8777 -18.4828
6.43081 -16.7281
41.2805 -15.8707
54.3186 -25.3895
27.9339 -20.3476
4.26809 -17.907
128.316 -18.0575
-5.2973 -19.8957
21.278 -17.2449
145.544 -19.0624
47.3326 -16.6727
41.9712 -17.644
91.6118 -17.7011
46.6542 -16.4144
37.2251 -15.6233
18.8276 -16.9765
9.0467 -14.1975
