-7.7724 4.7017
-12.6658 -37.4532
1.56722 -23.1248
0.69611 -5.4892
-30.0617 -4.6328
0.37627 2.0358
-2.7604 3.6464
0.11131 -1.5265
-8.805 -45.5011
-0.8681 -9.9007
0.06461 -13.096
-10.9759 -215.665
-2.0772 5.246
-4.6286 -15.7122
1.59941 0.3358
-13.9202 2.756
-16.0419 -6.1057
-0.5854 4.3768
3.05205 -2.9651
-5.0926 -21.9873
0.88893 -3.8872
-2.7262 -18.1838
-13.5702 -3.4109
-15.3998 -5.8681
-16.3781 3.673
-5.9942 3.1297
0.61948 -32.2315
0.21883 -1.8121
-28.8222 4.9774
-16.8806 -6.4485
-11.0833 4.5061
-5.0422 -12.3715
-0.1798 5.31
-0.7897 -26.8999
-7.2767 -11.4164
-33.6399 2.8115
-10.8 -4.8463
-20.787 -5.5611
-1.1539 -25.7151
-2.5275 -28.3272
-58.3704 -8.6986
0.137 -2.0588
-13.2465 -11.7577
-5.6528 -17.7156
-10.5444 -18.1463
-7.5221 -8.8111
-17.1272 -0.4978
-6.4305 -9.2096
-8.4082 -43.3421
-0.6637 -12.0394
-11.3686 4.4729
-5.5973 4.6512
0.69776 -12.8024
1.47504 1.2995
-5.8297 5.9275
-3.3319 -7.0249
-5.3578 -7.2565
1.64166 -3.7488
1.84877 -1.1638
-6.2304 3.6452
-3.3141 -0.7319
-2.2486 -3.0296
1.24362 -5.6241
-23.6294 -14.6829
-15.4057 -0.7131
-11.3426 -27.2905
-2.7215 -7.6681
-10.5549 0.0542
12.9735 -33.6051
11.2761 3.5609
25.6437 -2.0664
-3.3149 2.7668
-8.3773 5.00425
-23.8593 3.5833
3.51966 -8.944
10.3449 4.6519
-9.2129 5.43081
-5.4986 -7.0427
-7.6512 -14.939
9.2176 -50.245
-12.4896 3.3589
-10.2433 -5.6309
18.2732 1.5481
-0.1269 2.3971
-8.0595 -3.2199
-11.2028 -18.5506
-0.4961 2.5389
-4.7239 1.7768
4.38673 -16.7773
5.62155 5.88863
-1.7617 4.8278
-4.2906 -2.4154
5.44372 3.0393
6.7728 0.8593
-39.1649 6.84694
-1.7521 -13.6174
3.83208 -11.1818
-6.3336 0.7955
-3.9216 -4.1066
-31.7937 -13.1541
-19.0433 1.3267
-21.6334 -15.9557
-6.8476 7.98519
-8.5885 2.288
-13.8316 1.8106
13.4781 0.1368
8.69945 -27.2018
22.2541 -12.6041
-4.6655 -20.9763
-5.5929 -16.6947
-15.8373 -1.7681
-24.0256 -22.0655
-14.3958 -5.6155
-9.4028 4.0302
-22.6378 -6.5151
9.02725 -2.0691
-6.4813 -0.9
-0.3055 -25.3124
7.91211 1.9815
1.20833 -14.1824
12.9504 -12.346
6.0807 5.05313
3.10177 1.5423
-0.7046 -21.0314
8.7639 -1.9174
8.03896 -13.8927
21.8327 -1.4006
-13.327 -23.7698
38.0189 -14.151
12.733 -8.4832
13.3748 -15.9207
38.1516 -14.3395
-4.3604 -4.6091
44.2892 -6.9699
11.7012 -5.0473
30.4757 -1.0072
-12.1587 -21.5965
10.432 -34.2292
3.00746 -5.2296
-3.9619 -3.6124
86.59 -3.5644
5.57143 -16.95
40.4545 -2.2169
112.233 -1.8562
-12.4139 -3.5644
16.1196 -13.226
19.9809 -17.2433
9.0034 -2.9355
10.2878 -6.0245
-3.5608 -7.1326
-3.9233 1.1905
5.46655 -47.4438
-19.275 -9.7942
2.45215 -38.6006
-23.0229 -13.215
-4.7813 -8.8063
-8.7315 -34.0939
-6.3704 -25.5365
-83.1641 -2.7946
-17.8052 -5.9579
-61.0846 -2.1076
-140.038 -11.378
-73.734 -13.3455
-68.1715 -1.8933
-15.5241 -3.1799
-14.6657 -2.6416
-19.2092 -10.268
-10.2581 -4.1008
-21.8734 -8.4312
-37.4355 -2.8945
-13.9707 -7.0207
-1.8788 -18.0865
-47.8526 -3.548
-28.0146 -3.4959
-67.6177 -3.0277
-99.116 -8.4156
-41.0326 -1.2899
-72.4865 -0.8909
-58.7972 -6.5791
-65.7816 -16.7481
-13.595 0.8863
-17.3641 -0.5412
-38.4378 -6.1056
-51.0459 -7.4775
-103.118 -1.6099
-41.9711 -6.507
-39.4018 1.7217
-14.9503 -0.5541
-64.9343 -0.8122
-30.0511 -0.7752
-13.3551 -6.3584
-16.2042 -0.836
-43.2124 -24.0445
-37.922 -3.1964
-23.318 -1.5585
-13.5556 -0.585
-120.245 -17.719
-26.1696 -6.3615
-71.2965 -22.2425
-45.0778 -11.985
-136.211 -4.0085
-38.0896 -3.7192
-135.878 -25.612
-16.7616 -1.613
-24.7568 -4.3103
-29.1904 -16.6171
-36.6073 -11.4369
-17.9896 -3.5584
-104.808 -0.458
-51.7696 -1.7452
-36.2176 -4.1081
-36.3957 0.0493
-26.3171 -3.6056
-40.6428 -53.6335
-15.5309 0.376
-62.0747 -2.7218
-28.8081 -2.0656
-14.6396 -6.9999
-11.6082 -1.6568
-94.206 -33.201
-8.0847 0.5178
-23.9688 -1.004
-108.002 -36.9645
-70.5421 -16.869
-15.7775 -4.8092
-14.0433 -4.526
-16.1713 -11.2195
-133.274 -8.2253
-35.8768 -2.3929
-20.2374 -1.7111
-64.3231 -4.1053
-50.8379 -9.3154
-61.4811 -0.9067
-23.9118 -4.613
-10.1521 -2.1825
-123.18 -25.3355
-9.9809 0.8717
-29.0893 -12.3899
-10.4181 -1.9182
-53.5936 -1.9315
-48.3912 -2.8182
-47.2005 -4.1207
-15.659 0.5367
-19.1418 -2.7471
-69.4001 -21.46
-18.0919 -5.4456
-11.9346 -5.2002
-25.5996 -5.1509
-39.4652 -1.8723
-32.8411 -0.169
-7.8922 -1.2039
-24.3861 -5.7632
-44.5194 -4.2315
-26.1812 -3.3585
-122.329 -15.129
-30.6084 -2.7765
-69.7232 -3.4931
-99.216 -3.7215
-11.6703 -11.9676
-61.1841 -6.243
-38.8927 -13.086
-31.322 -1.5914
-26.2298 -5.55
-84.038 -0.5633
-63.4749 -0.1469
-33.3286 -0.6657
-43.2287 -20.2529
-27.0307 0.2885
-79.6776 -0.6668
-31.6424 -6.0904
-5.0378 -2.8028
-36.9391 -4.3188
-18.1868 -10.145
-7.3326 -0.7295
-22.8376 -6.5765
-80.0101 -1.6106
-23.7399 -2.5571
-52.5686 -43.3445
-10.5965 -1.6967
2.7724 -220.007
-41.3876 -5.1493
-15.2252 -27.3805
-89.5413 -3.624
-70.5678 -155.191
-11.1429 -18.6255
-34.6272 -16.0158
-70.7729 -17.1086
-23.6764 -10.496
-69.6731 -7.4351
0.21404 -4.184
-12.2605 -3.0267
-112.315 -3.0765
-45.5804 -10.5446
-11.0507 -18.517
-57.7957 -3.5172
-44.5324 -17.45
-8.9556 -19.1666
-33.5195 -2.9884
-8.7667 -2.3354
-9.9256 -4.6784
-38.9669 -8.3315
-40.1681 -9.3499
-32.459 -3.8126
-35.1262 -4.4245
-10.0669 -6.6381
-27.8892 -0.9872
-27.3466 -17.0165
-11.8453 -0.0387
-35.2968 -0.36
-77.5155 -21.316
-71.3396 -3.1424
-57.1743 -12.552
-23.5218 -29.282
-116.26 -5.3115
-40.9985 -2.0648
-17.2914 -19.1125
-62.2527 -7.585
-50.5746 -2.0933
-16.4125 -4.2867
-14.1927 -7.1605
-8.4102 -11.9053
-15.1748 -7.1705
-29.4942 -13.9145
-196.262 -9.714
-78.5586 -425.287
-25.3974 -4.224
-18.0654 -7.6829
-56.4488 -8.8855
-13.1316 -9.5555
-59.2261 -14.864
-23.2833 -1.4438
-64.8186 -16.7885
-59.9075 -26.6255
-21.2925 -1.8214
-43.102 0.0655
-29.9862 -14.063
-34.1163 -1.6267
-27.6564 -2.3312
-47.3195 -8.1995
-31.0126 -7.7662
-9.0059 -4.3312
-42.8094 -6.7897
-57.1298 -6.9224
-57.5981 -1.2892
-29.565 -11.484
-45.9186 -14.4103
-11.8766 -8.0205
-18.4437 0.1965
-38.6679 -5.7313
-148.994 -47.1125
-23.7759 -3.7411
-8.0421 -9.8671
-4.0085 -8.987
-17.5175 -4.6037
-10.1145 -6.4928
-5.6463 -7.4448
-15.3062 -25.4751
26.2452 -39.8829
-4.366 -20.5031
-98.585 -17.3375
1.87555 -18.8473
-55.2336 -18.4382
-13.1559 -22.0824
-70.0114 -46.6026
-9.8994 -92.213
-14.4584 -45.3051
-9.3456 -43.8695
-60.008 -31.941
-22.2263 -42.1958
14.5411 -21.6609
-46.0472 -29.6325
3.2285 -16.3801
4.46005 -23.9198
-11.675 -25.7233
-4.3595 -18.8199
-12.4001 -24.9917
11.243 -21.0585
-5.3634 -27.0997
7.49775 -23.0307
-29.2707 -25.4489
-63.802 -4.6565
19.8266 -41.4973
-19.8134 -18.128
-14.5872 -43.303
-77.638 -37.468
-72.4843 -37.106
-35.8525 -29.0585
-26.4021 -23.429
-80.9708 -24.3245
-4.3624 -49.4846
-3.0289 -44.2816
-8.673 -21.9585
-89.0611 -16.5836
-25.5754 -44.7921
-62.4711 -19.7711
-4.61 -27.1204
-1.4329 -8.2146
-145.134 -29.4875
-4.8437 -21.4449
-7.4868 -12.9965
-24.5139 -24.5355
-78.5189 -32.953
-127.392 -31.107
-55.0542 -31.4567
-10.6775 -14.8923
-62.4481 -18.245
-18.3142 -59.9431
2.9755 -29.4808
82.0098 -6.3063
-3.5762 -24.0865
-18.186 -19.1294
-16.4101 -15.8197
-72.3307 -48.6105
-48.5619 -20.334
-31.8786 -19.2315
18.7574 -48.2674
-5.9372 -26.641
-27.2931 -24.154
-74.5569 -38.9725
12.4122 -20.5143
19.5288 -54.4364
-75.8236 -18.088
-10.2346 -33.1493
-34.1998 -14.303
8.2124 -17.3002
-14.3852 -13.3799
-77.5452 -24.701
-29.8425 -18.3856
8.77135 -16.7422
-9.5443 -58.0575
8.6302 -26.0896
-51.8972 -21.4749
-10.9353 -12.1985
-4.8722 -38.4644
-17.2321 -17.0349
-16.5802 -30.3615
-3.493 -21.3609
2.63545 -15.1938
-76.324 -26.5185
17.1735 -29.2683
2.1531 -19.1917
-19.6288 -41.0145
-39.9532 -73.9255
-8.9522 -15.12
-30.8308 -27.2287
-9.4684 -32.722
2.2379 -17.097
-34.3435 -11.9825
-22.8087 -67.187
-9.7306 -16.9269
-19.0221 -14.5311
-66.9924 -33.7685
2.51634 0.4393
4.18544 -7.9819
1.82117 7.73563
3.49693 7.64812
1.88524 2.0615
-1.2823 6.35525
5.84832 6.51951
0.43628 0.9405
2.231 8.90834
0.4641 -6.3699
1.88973 6.12415
1.22208 -5.4282
-11.4613 1.1172
0.36416 -5.5953
2.04163 5.66613
0.41537 -2.4126
0.97721 -0.5148
5.82714 1.2796
6.15794 5.51393
3.83637 -7.4545
7.14196 4.4986
-0.2068 4.1187
5.42793 9.06431
2.26703 -3.3213
-0.1864 -0.4059
2.7843 -3.0339
0.3758 0.3098
2.31987 -4.1831
3.47341 2.5315
1.44418 -24.4128
2.95833 0.7527
0.64903 -6.8715
1.55851 7.60619
2.91787 -2.4048
-3.3284 4.4716
2.66256 1.1074
1.10018 -14.8483
2.45816 -3.4645
6.32434 -26.2858
1.02533 6.85513
0.31199 5.21231
0.9759 3.0678
2.24386 7.22507
0.93127 -3.8865
1.6286 -1.458
0.39942 -26.1426
0.33049 13.3544
5.95003 -2.5116
-15.8067 -4.4246
2.84319 0.938
2.74595 -6.3909
1.44447 5.0845
0.54915 -1.5963
1.59523 -16.6114
5.13298 -3.9886
2.66584 -24.9767
3.38426 2.95
1.76927 6.68788
0.70924 -1.7669
-2.8226 3.006
4.77745 -12.7294
0.59067 7.0685
1.10642 6.36819
10.4048 -35.5755
0.48954 1.3689
3.19311 6.38669
-8.8306 1.2519
5.09836 1.998
5.71833 9.37924
8.32759 -8.3402
19.2856 -2.1266
1.33597 -73.411
3.57149 -8.6786
11.3812 -1.9717
0.85241 2.7731
12.4611 2.4142
9.1261 6.32606
9.74751 6.58657
2.72587 6.55631
-13.5629 -28.8928
1.12783 8.23144
11.0437 3.1589
2.27281 -0.711
11.1141 -17.397
11.179 -11.6643
0.99943 -4.9501
9.13833 -12.9597
1.15177 6.37331
1.35862 -0.0153
2.95223 0.1303
17.3422 5.12538
2.23199 -6.4964
4.21301 -7.3957
23.5211 3.0233
9.50412 -0.2383
15.6576 -8.0475
4.72891 -1.3603
-1.2967 0.63
4.25349 -5.1538
18.1906 5.37256
14.7808 -39.0506
0.48567 -1.6251
2.23772 -0.1562
6.2972 9.32063
-2.0016 -13.9691
6.28138 -4.0654
2.02407 7.19194
2.04659 3.1836
12.0625 5.026
9.09383 4.5842
0.96998 -6.3231
-0.0368 6.19088
8.41735 7.79474
12.4965 5.33887
1.00943 -9.4108
2.87289 0.4678
4.66737 -18.6907
7.33153 -1.2965
2.77549 -4.0556
4.2758 -3.8342
9.1005 -1.4038
19.9747 9.4923
5.40526 -14.3045
1.20631 5.69538
12.7667 6.02163
6.24605 -101.306
16.3637 6.06681
2.72786 7.14994
0.93307 0.2912
25.9227 -15.0038
33.6612 -16.9352
32.1213 -5.3999
17.8291 1.1264
23.7979 -11.2066
28.3972 -4.1232
20.4912 -1.0334
32.6952 0.7393
14.4713 -0.9359
42.555 -1.8994
3.61695 -3.5917
29.3467 -45.8718
9.01433 -4.0096
25.8388 -11.8035
37.7983 -28.0983
35.0932 0.1964
26.7814 -0.6401
45.8565 0.182
127.525 -5.2237
3.1937 -0.4569
3.15777 1.4906
15.0205 -8.7674
25.9954 -3.6091
40.9568 -7.9524
0.93628 -32.1585
37.8108 -1.8078
5.3374 -18.2035
7.17035 -9.4871
0.4666 -6.3778
3.61525 -2.8925
2.74595 2.2413
-15.8085 0.0446
0.43583 -1.4223
-6.9549 -6.0473
0.33487 -2.2407
5.4394 -8.0088
1.5 0.3465
0.1573 -2.7808
1.25892 1.462
0.63357 3.7523
-73.0999 4.3419
1.42649 -5.5374
0.36292 2.2474
3.90962 3.4001
-11.7221 -3.9642
-6.7997 2.4777
-13.0842 1.4155
4.56804 2.6173
3.85405 -0.2137
-6.9981 -1.9151
-0.5663 0.9847
-24.5991 0.2687
-4.0473 2.9469
-2.6277 3.7724
-3.7092 2.3418
-28.6368 -2.1227
-9.3205 -1.9115
-1.6564 0.3414
2.28793 -0.497
1.0486 -2.6645
3.52046 1.7924
2.51322 1.8417
-2.4444 1.4722
-15.6495 -0.0317
-3.9943 -9.8912
-9.0074 -5.3103
-0.1508 2.5833
4.80925 5.77335
-22.7699 0.0806
-0.4933 -1.4071
-5.9571 -2.4114
10.3095 -17.3329
1.78752 -8.3269
-10.6057 -2.2557
-6.447 -15.7528
-4.3753 0.7109
3.29034 -3.8091
-7.6136 4.4334
0.30959 0.1842
1.72663 1.0371
4.46078 -11.1538
-5.0103 -0.6531
0.22133 3.2188
-4.6026 3.0151
-0.0073 3.1695
2.20301 1.54
1.12417 3.5594
-25.0672 -1.929
-8.4198 1.5443
1.2157 2.1208
-0.9594 -9.1538
-18.1462 4.1926
15.0789 -5.8589
3.75892 -0.7745
-4.4082 -0.6167
3.35183 2.2213
2.53231 3.5785
0.2159 -7.1899
4.43873 0.2868
-5.4572 -0.449
-2.4803 -0.5692
-5.4021 -1.7506
2.12739 3.3796
1.87355 4.3192
3.06724 4.3316
8.06176 -0.4884
0.52404 -4.7214
-4.357 -0.0171
-4.3936 1.2291
3.14807 -0.5116
-12.5924 3.0021
-9.1836 4.7459
-1.0976 3.0474
-5.253 -0.4506
-6.164 2.6849
-3.1918 1.4233
3.06084 -3.5754
6.8099 -9.2751
4.22153 1.9933
-71.7858 -56.8906
5.29838 -1.4795
-8.2506 5.8231
1.78167 -1.0875
1.41986 4.4944
7.3663 -7.0194
-2.6735 -10.5754
7.70688 -11.8164
6.89681 -0.4985
2.28665 -14.999
4.92395 -2.3594
-3.6608 -2.4036
1.67773 -4.7907
-2.7856 -8.9947
1.22488 -4.1328
-0.2931 -2.1928
2.7832 2.0672
4.65643 -2.7651
3.19573 -2.2756
1.31607 -8.1887
2.13364 -3.947
-7.6265 5.36323
1.64765 -2.5635
9.3676 -4.2149
7.52625 -2.808
10.2873 1.3922
9.5008 -12.0021
-12.9862 -2.8697
-3.9214 -4.1644
2.07933 -1.976
3.56039 0.0007
1.80858 -1.9398
1.21917 3.0285
-1.2743 -3.8704
0.08442 -0.8377
13.2958 -45.7918
-5.6868 -4.7439
-0.2132 -6.8244
28.1962 -37.4075
-4.926 -1.0539
-23.0532 -2.4461
2.5861 3.332
0.85266 -1.2615
-7.9627 -10.1113
-12.0878 -10.654
-0.3487 -3.1809
-8.717 1.1845
9.995 -3.5005
13.2044 -2.6789
-7.038 -4.9443
12.3263 -7.9331
-2.8224 -0.1049
4.23593 -2.2565
2.17253 1.7594
8.37674 -0.6745
-19.0611 -11.5971
-12.2126 -3.8396
0.93435 -7.7734
-7.6254 -0.4048
9.50519 -1.6994
5.95231 -0.012
-1.5254 -2.9141
6.01374 -0.1713
11.889 1.1228
2.13516 0.26
5.85066 -0.0395
2.00644 -1.7206
10.9511 -16.894
-4.3389 -5.0099
23.3577 -16.6978
-0.0756 -0.9661
-8.422 1.3681
2.64676 -14.4562
7.19311 -1.8342
-2.4692 -4.641
3.89253 0.2533
1.36347 -0.7185
6.62451 -6.9597
9.0033 -27.6881
11.0769 -4.6816
0.28463 -2.1197
6.17495 -5.1536
10.1914 -11.6904
9.1182 -9.3757
-0.7689 -19.7409
-48.6105 -1.7216
-6.4426 -2.5368
3.6501 -23.9945
0.50437 -4.7869
0.28195 -2.1386
-4.5327 -7.2948
1.2486 -4.2372
-5.0217 -2.6465
-5.3245 -7.4254
-0.609 -4.8769
0.91038 -1.7798
-15.4347 -10.173
33.5211 -7.2504
6.88973 -9.6005
2.23581 -7.2948
-4.1233 0.3998
-0.8476 -3.6138
9.652 -8.8341
-6.9175 -4.9314
5.04156 -3.6852
6.43453 -4.8018
8.87664 -5.118
13.999 -16.9937
10.4537 -37.7634
8.6073 -10.6272
4.4443 -112.28
4.2375 -24.2449
-4.7947 -64.56
-17.0155 -17.8516
9.24375 -20.9522
34.3425 -12.8118
41.0349 -30.1012
23.8633 -3.3341
25.298 -22.7527
3.11196 -27.5695
5.77235 -20.2538
34.6065 -47.8708
9.85806 -29.5378
51.306 -25.1843
37.6491 -18.65
13.65 -49.9796
3.21475 -40.7587
16.4785 -16.1909
4.38014 -12.8593
27.6608 -55.8894
72.1377 -10.0288
10.0071 -26.6398
6.30875 -30.1112
-0.1832 -9.148
3.57003 -74.0652
32.4333 -20.1787
19.6593 -23.1341
9.19223 -56.3945
0.50394 -18.4896
0.08278 -21.1641
17.1049 -11.9364
27.9999 -13.0857
-1.8992 -19.7966
117.687 -10.4596
11.9394 -36.0645
35.2835 -20.2023
23.7944 -42.0539
1.60871 -34.8466
10.9746 -52.9571
33.0917 -22.0807
2.90292 -21.3242
51.4149 -32.8406
52.5743 -22.199
-17.2863 -37.7172
-10.4743 -22.5678
-9.1399 -11.328
32.63 -15.4221
8.09181 -18.9049
51.6644 -38.4727
-0.4168 -37.7757
36.9998 -47.4831
69.712 -11.3878
2.92261 -27.8892
11.0131 -22.1894
56.4335 -32.502
-3.7493 -33.5718
17.3982 -23.8044
-6.8017 -24.205
-10.9174 -17.458
2.85735 -63.2956
-0.0608 -28.444
31.4239 -29.7729
0.67353 -20.6847
4.24214 -16.3239
49.7914 -10.5275
26.5107 -30.4173
4.99445 -23.6396
27.7182 -12.829
-24.7856 -23.4368
-3.603 -18.6034
-11.6496 -34.4025
12.2155 -44.9854
42.3425 -13.2324
11.2607 -29.2652
36.97 -25.2573
3.0346 -4.2681
16.8614 -23.0991
4.1049 -20.5918
18.501 -8.6172
16.6075 -58.7966
47.7237 -30.0693
3.56466 -29.3652
45.5056 -44.9918
53.2837 -0.6618
7.76227 -37.8786
14.3875 -18.6416
2.20735 -21.9198
-2.0516 -53.3133
-3.3609 -46.9481
55.6692 -15.9727
4.59905 -40.3344
30.744 -31.9849
-2.654 -3.7991
-2.1781 4.7628
0.64812 -2.0318
-6.9646 3.8533
-7.9903 13.5161
-3.7743 -5.459
-8.3434 4.5675
-1.8523 -4.4379
-12.9252 3.6199
-35.8496 5.09525
-9.071 -0.3769
-3.05 4.9214
-8.0697 4.9255
-7.9285 -2.1622
-16.4404 -5.6974
-4.0107 1.4008
0.43061 5.24119
-12.316 -23.418
1.66269 3.1603
-45.8135 4.5016
0.19593 4.2098
0.99158 4.1701
-4.488 -3.1608
-3.6689 3.157
3.97116 -4.9496
-5.6712 -19.72
0.6957 -5.6807
-4.4184 -1.9233
-6.4135 5.47987
-11.98 -0.7542
2.51811 1.2607
-5.6401 -9.9239
-3.617 -0.4049
-2.5248 -4.0193
-104.29 -14.2931
0.89866 2.6773
-12.3189 -0.7893
-4.612 5.6245
-1.8996 0.8854
-6.483 5.14213
-10.3026 6.1525
-4.1164 -3.3535
-40.1129 -0.6133
-2.3827 1.1121
-11.8164 -8.4359
-12.5144 5.59187
-5.7416 -11.9127
-6.8285 -10.1896
-12.9285 0.4642
-23.2812 5.15737
-10.9852 -2.8999
-7.3655 -3.1275
-4.8434 5.04544
-7.9192 -4.3847
-7.0859 4.5626
-14.6492 2.9819
2.24228 4.6105
-2.3737 -2.4693
-0.4299 -5.678
-0.2925 4.4666
-6.1248 4.1314
-8.7101 4.7518
-38.548 2.3068
-2.9797 -13.6509
-8.0718 -5.8449
-0.8311 5.70457
10.0568 5.36619
-1.8487 3.1872
7.23738 -2.625
6.4645 5.04237
-12.3483 -7.2573
-5.8222 -4.3379
9.59173 -16.5207
-9.7446 -4.5729
-12.6298 0.8281
-2.9116 6.48337
-7.9029 0.873
1.79029 -1.0345
-13.4165 2.1076
-16.071 -2.2794
-4.0863 0.3219
14.4257 3.0158
-25.0215 -9.1097
-24.5105 -4.8795
1.84389 2.5504
0.21437 -1.6778
-3.272 3.0076
14.3133 2.4897
25.0823 1.0461
9.80385 3.9012
-15.9362 -0.6557
4.80092 -3.3468
-13.0742 2.3801
-4.4193 -3.0954
-0.8301 1.5705
7.07865 4.986
0.43389 6.27988
-11.7492 4.4607
7.40822 -12.8832
-1.025 0.1954
11.816 -0.2139
-6.6568 2.6289
-11.0762 1.7674
3.25356 -24.2045
-3.9769 -1.5091
-1.8665 3.4152
-23.2139 -0.7768
-1.2772 -8.953
-34.7311 -1.1277
13.452 -4.9342
-11.9233 -10.5354
-7.8475 -10.5423
-2.5015 -4.051
10.6773 4.2007
-7.906 6.52775
-14.1503 3.2192
-1.753 0.1486
7.5189 4.4603
-1.9289 2.6644
-12.1239 -3.2844
-16.4408 2.8009
-5.4764 -3.663
17.6281 -8.0605
-12.0258 -0.2767
7.12125 1.514
-10.8555 -0.9561
-19.8513 2.1294
-12.275 -5.8735
6.30914 -5.1472
6.60161 -1.3486
-2.158 6.89468
-17.0316 5.46262
-12.5545 -4.0673
9.31865 -6.0848
0.33766 1.9007
-1.7833 5.53375
-17.3742 -14.7565
-9.0505 3.0616
9.9081 -4.2516
-11.3469 -1.1315
37.4837 -8.0873
6.92056 -22.7598
-8.9637 -7.7616
-6.8539 -0.8123
-0.2532 -3.0569
23.4301 -7.5299
6.4272 -4.4312
3.0407 -63.6813
1.98483 -4.9493
116.879 -14.3468
10.3408 -1.5802
2.76559 -12.4805
-0.764 -17.6269
46.6465 -2.3306
42.9933 -7.8648
29.7982 -0.075
3.58992 -3.6898
-6.8781 -2.2594
48.593 -2.0974
76.6 -1.4117
32.544 -6.347
75.5188 -3.9428
35.4318 -2.453
8.40575 -3.6373
-15.5992 -0.204
30.3988 -5.6808
17.4214 -0.7101
-50.355 -29.4667
22.3024 -2.0506
-2.3452 -0.352
13.3533 -2.9849
-8.2687 -7.9416
-47.1631 0.8167
-13.6403 -0.2428
-19.7909 -9.3569
-22.7545 0.073
-123.14 -4.024
-29.8395 -9.0723
-13.9705 0.2355
-12.1626 -1.9495
-46.1616 0.804
-11.7392 -2.0241
-10.3836 -0.6534
-48.575 -0.0899
-46.0042 -0.2708
-3.2186 0.2185
-9.9163 0.2845
-10.8063 -4.3455
-6.8552 -3.1347
-9.2709 -7.3565
-74.748 -1.7206
-11.7523 -0.5631
-24.3175 -1.4892
-11.1391 0.9915
-3.1345 -1.0734
-13.9102 -3.8741
-82.7343 -8.4415
-14.5025 -0.63
-25.048 0.5145
-26.6947 -1.8777
-29.6897 -2.9165
-9.5904 -0.5509
-14.0467 -0.7586
-18.7348 0.3284
-24.8535 -1.2201
-43.403 0.3605
-29.927 -1.076
-16.6634 -9.2701
-50.376 -0.4978
-43.9303 -10.5207
-65.9276 -2.7165
-46.5282 -0.5991
-12.2621 -14.0175
-24.1522 -1.2524
-115.63 -2.948
-52.2361 -3.481
-15.096 -10.8501
-69.4529 -0.0801
-14.5641 -5.2421
-8.4248 -0.7525
-13.4991 0.6022
-96.8 -1.4758
-36.9849 -2.5495
-37.1679 -4.6816
-38.0189 0.7513
-93.581 -6.1253
-28.3224 -0.5556
-28.7666 0.0258
-33.2919 -3.6495
-41.6222 -3.4695
-9.8159 -0.0575
-53.8449 -8.9164
-14.7625 -0.8512
-16.017 -0.8176
-8.3141 -0.872
-61.2193 -2.8834
-11.8295 -0.4685
-21.9521 -0.3254
-127.196 -14.113
-41.5198 -5.5985
-16.5846 0.5895
-29.495 -10.497
-61.1043 -0.3922
-65.9331 -6.0389
-26.2592 -2.2003
-15.7856 -0.9095
-16.0489 -13.018
-9.2567 -10.1151
-18.5466 -0.728
-12.0532 0.9226
-11.4594 -1.5318
-56.0058 -0.0887
-12.2681 -0.3797
1.18197 -3.4055
-28.8803 -1.1264
-46.3852 -0.8138
-29.3599 -1.0456
-10.4076 -1.764
-8.4354 -3.1613
-30.4265 -3.3544
-31.4379 -3.4465
-43.4398 -2.6389
-27.5742 1.212
-30.6581 0.2633
-6.3662 -2.645
-15.982 -0.024
-26.3812 -0.282
-5.0932 -1.9027
-29.7771 -0.7395
-12.3011 -3.0461
-112.745 -5.858
-11.7747 0.0633
-10.5872 0.1761
-29.9156 -2.8224
-12.9466 -4.1674
-41.8927 -6.8438
-18.9842 -1.4219
-19.3193 -1.6989
-24.851 -1.9015
-40.3392 -0.6645
-7.2126 -1.5899
-89.0136 -4.5472
-12.5433 -0.275
-3.2467 -3.2153
-53.28 -1.0582
-44.023 0.0667
-68.3187 -4.5833
-88.9284 -2.2267
-12.6077 -5.6766
-31.9117 -2.8664
-34.074 -2.0021
-12.8097 -1.493
-5.74 -8.7032
-22.3803 -0.1581
-31.4985 0.4285
-27.8653 1.3616
-17.0166 0.0036
-6.7388 -1.2934
-26.3156 -2.4919
-25.028 -6.3809
-18.9528 0.222
-16.5398 -0.4166
-23.8084 -8.9361
-45.5783 1.1207
-30.234 0.7465
-37.0282 -10.733
-54.8528 -47.7666
-18.9739 -0.2403
-23.8081 1.6051
-0.6184 -0.577
-10.692 -4.3925
-29.6197 -0.3509
-7.65 -1.5344
-15.2004 -2.8863
-15.7527 -23.7695
-36.3624 0.5328
-11.8463 -2.4646
-5.8597 -1.1649
-12.2265 -5.2869
-56.5396 -5.0836
-14.5841 -0.049
-28.266 -0.0637
-53.5669 0.4117
-10.1608 -1.8935
-79.6547 -0.5044
-25.1595 -5.5486
-12.0525 0.0028
-22.5418 -2.258
-13.5857 -0.7744
-27.0817 -2.517
-34.2837 -1.0986
-32.038 -0.61
-42.9518 -3.2417
-54.6923 -1.3494
-73.2625 -0.3981
-49.8802 -0.2828
-23.2615 -0.7852
-220.547 -3.09
-16.95 -4.725
-16.5312 -0.5959
-22.5628 -3.123
-71.0869 -10.013
-9.4424 -2.0358
-53.0118 -1.9896
-25.4857 0.692
-27.5571 -1.6768
-15.8836 -1.5425
-17.7171 -1.2621
-11.6803 -5.2305
-30.8242 -4.8574
-22.6584 -8.7741
-63.8329 -5.102
-68.9674 -1.3591
-62.5679 -2.9781
-25.9066 -3.0902
-78.1671 -7.0305
-3.8431 -0.3795
-14.5099 -5.0395
-25.4973 -0.0081
-24.8422 -5.1115
-30.8628 -17.2708
-11.6071 -0.5056
-5.1828 -0.2437
-29.4116 -2.78
-109.875 -4.137
-11.349 -2.1918
-3.9377 -4.1074
-44.3521 -1.3378
1.27488 -0.7677
-5.4448 -4.6936
-68.9417 -0.5725
-6.2669 0.8169
-25.377 -48.4294
-33.1282 -16.4561
-56.4972 -33.34
-6.5254 -15.9085
-77.4599 -5.091
-41.7647 -13.843
-7.5966 -31.5918
-2.8733 -23.84
-15.6572 -13.6397
-16.8626 -23.5324
-21.6198 -16.544
-13.8938 -22.676
56.3388 -11.0346
-35.3084 -15.7403
-42.609 -29.085
-6.4959 -23.771
-26.2492 -15.0205
-41.8456 -16.4498
-14.0592 -30.7986
-47.6843 -27.5643
-19.714 -28.5648
-15.8186 -27.1855
-42.3537 -11.4136
-14.6742 -21.184
-7.8589 -13.8804
0.64355 -10.7352
-63.5295 -14.2655
-41.729 -11.3818
-1.6174 -17.545
-3.1915 -17.7472
-3.3002 -19.0024
-30.4671 -5.7503
-24.1238 -26.3465
8.7265 -16.4138
-10.7024 -26.5337
-11.7242 -7.3679
-12.8996 -15.9596
-3.953 -13.5689
1.80015 -11.366
-13.5221 -19.148
-25.274 -13.339
-20.3934 -41.0938
-7.9639 -30.9244
-30.231 -11.5466
2.70193 -47.0757
35.7916 -12.7653
25.3627 -28.8967
-17.2376 -17.6757
-44.254 -4.3394
-25.576 -17.755
40.7417 -20.2537
-125.916 -35.281
25.0581 -10.5679
-11.4882 -7.1612
-32.0176 -41.123
30.2586 -11.5444
10.9108 -13.9682
6.18185 -28.7854
-15.0346 -21.924
-41.2035 -25.5485
-74.5428 -27.6753
-10.0941 -25.9055
-67.4862 -19.5205
-24.1525 -15.1385
-69.9764 -28.8537
-115.928 -7.1812
-21.6986 -6.7456
-12.4622 -12.9545
-0.0143 -48.9967
-10.3342 -18.6725
-83.8862 -100.482
-25.7238 -14.7205
-5.8643 -30.1673
-20.9402 -27.1672
-22.0153 -29.9459
-94.095 -19.391
-5.3965 -30.8156
-26.1158 -20.633
-13.4864 -22.2302
-1.8889 -28.2475
-31.7678 -16.2777
4.9 -20.3195
3.35475 -21.1928
-40.6083 -10.0478
-8.3026 -38.0886
-40.3832 -39.9325
-28.7195 -32.3605
-11.9915 -18.4697
-13.1227 -15.8483
20.0814 -22.7873
3.58526 4.6234
4.60706 6.69506
0.18793 -2.4382
0.57704 3.4538
2.66559 3.0009
3.91572 -0.2197
6.34065 6.61013
1.13969 2.0702
0.7428 9.546
5.92141 0.3021
0.40683 -6.0066
0.35877 5.3455
0.62934 1.0332
1.50948 0.5696
5.18458 7.4743
0.81357 -0.4372
0.42283 2.9237
5.61789 8.8569
5.81869 13.4447
-6.0982 2.6444
4.4386 5.96925
3.05025 7.03494
0.27154 13.6286
-3.7459 8.79307
0.38229 8.60519
9.7876 5.721
2.83921 -5.314
0.99986 5.61025
0.63565 -1.8621
2.35981 -3.4257
2.59412 7.43162
7.15605 -10.3824
4.47842 7.38269
1.01366 0.2026
3.12577 0.2036
5.4455 2.9645
5.10754 8.47293
3.83023 5.70425
2.41817 6.04087
1.36821 0.5935
0.42607 5.25275
4.13685 3.1794
3.58697 5.96581
4.80038 -3.5673
7.85636 7.8725
0.55837 6.36838
2.65857 -22.5083
1.11406 3.8873
2.2294 7.7625
3.2176 8.38448
0.40177 7.824
-5.355 1.5097
1.60915 -1.1928
1.24832 1.5116
5.60716 4.2125
0.88022 2.5287
5.65196 -5.1444
1.10609 1.2467
1.11783 5.88906
6.49199 5.45682
3.41067 5.37056
0.38804 1.8009
0.43491 2.3651
0.295 4.7639
6.59696 1.7265
0.01827 6.43956
5.33176 2.4397
18.0038 5.62757
0.44395 -2.4383
1.06193 3.22
14.2939 4.9506
-5.1936 -2.1604
8.79172 7.20932
1.31394 5.7345
1.05419 9.3465
1.9843 -2.8315
13.7239 -2.5682
3.81092 3.1723
17.8921 7.36531
11.9009 6.45074
1.29159 0.0581
15.9039 5.192
5.36871 -2.9432
2.35208 -0.8115
3.50817 7.83962
9.98978 1.8307
9.63664 -2.8839
16.0522 4.6239
2.79248 4.8147
0.41678 0.7284
20.8555 4.8761
21.774 2.9224
3.80513 -1.3398
3.62184 -2.9764
1.06797 1.9675
8.9379 0.9483
3.38268 6.10019
1.02664 5.10735
1.20263 -1.5268
1.05977 0.6912
1.24017 0.6432
7.37854 7.22344
9.08715 6.89599
2.99362 -7.4736
4.80275 4.8904
1.18598 -1.7019
3.02917 3.3928
13.9975 2.3198
0.78258 -2.5934
5.81433 -0.4099
1.12204 -0.8236
1.10386 6.62581
3.97645 2.5239
16.1533 4.3928
9.99 -5.0094
8.16326 -8.7469
16.8808 8.68763
8.02836 7.43713
1.02455 5.70681
21.302 -1.0837
4.5964 5.93231
14.0649 5.5335
1.16951 2.2056
6.66749 2.0286
4.41285 -3.4172
11.944 7.99331
7.63462 3.2697
5.03626 -1.8911
-0.0418 -15.8556
6.76654 8.40525
14.788 -2.2781
18.4215 6.96106
7.8844 5.1369
1.62246 -2.1881
20.6874 -7.3583
9.41353 1.2339
2.00337 2.4296
4.41765 -18.477
23.9147 -2.9778
17.1532 0.4841
62.968 -2.0242
66.0675 -5.6667
72.2905 -6.8107
65.4274 -20.7835
35.0046 -11.2473
84.4002 1.1722
3.34531 -2.62
3.76032 -8.1887
44.0768 -5.7431
15.7505 -24.1203
21.848 -10.2818
2.99367 1.76
34.4336 -9.752
3.52771 -4.3687
14.1368 -14.8155
15.7382 -11.8771
28.2575 -15.9222
9.6282 -3.6301
33.191 -0.6216
-5.6979 3.9625
-16.4676 2.3453
-3.6218 4.7826
3.54229 2.5149
-11.6532 2.2145
0.79485 3.0731
-2.4664 -5.9959
-12.416 5.4634
-7.629 -1.6602
5.81697 -0.7651
-4.9299 -5.0953
3.14869 0.873
1.93698 4.6277
-24.4687 3.7179
1.47797 2.2052
-4.2431 4.9383
2.08407 1.1302
-7.2506 -0.4171
-0.9818 2.4162
-12.0823 1.6869
2.21362 -4.4337
4.97404 -1.2289
-0.3851 2.7373
1.15774 -0.2094
-5.2005 3.5497
2.34578 -0.7252
-9.1801 4.4169
-6.2668 5.78575
-10.403 2.3082
1.21462 1.9492
-0.49 1.6258
-7.0052 0.8385
0.54838 -0.3166
3.4393 -0.6547
-2.4219 -2.0446
3.13351 -6.663
-1.3056 2.994
-4.5769 -1.873
1.70035 3.2776
1.02914 2.8751
-3.9126 2.1342
5.45043 -3.8306
1.88636 -9.6886
-0.1178 2.7858
4.42985 -9.4361
-9.7745 1.7576
-1.1594 3.7873
-4.8932 -1.5268
5.01623 6.2064
0.58515 3.4325
0.6139 -1.6233
-0.3904 1.7153
5.27639 0.1799
-2.6271 -4.9062
1.94038 0.5688
-10.9469 2.6894
0.14342 4.5107
1.99013 4.5389
0.25156 3.5886
-0.267 1.6218
0.26237 -0.5405
0.89444 2.8431
7.03028 -1.6139
2.84158 2.8045
0.395 0.2793
0.44058 3.8747
2.67577 0.9968
1.67118 3.5535
-1.3934 4.2496
-9.6876 3.418
3.51119 1.7589
1.47731 2.5582
2.33614 4.3726
1.05192 2.2636
-5.0004 3.1631
-5.4324 2.826
-0.5844 2.1431
4.12341 -1.2785
-1.8269 -16.9769
-2.2084 -0.637
3.84926 2.4915
4.55531 3.4172
-12.7577 3.2642
-3.0066 -4.1593
-1.6656 -14.2516
0.0299 2.8071
0.26756 5.11745
0.67199 3.996
-13.4562 2.9696
-12.4002 0.5466
-0.7082 3.4642
1.89532 0.6812
-6.2371 4.3258
-46.3526 -4.9574
2.7792 4.5854
6.16561 -0.2165
-0.3163 0.2545
-2.2169 -1.0216
1.73375 -0.3334
-18.9139 3.8834
-17.3421 1.3126
9.7791 2.3108
18.476 -9.6847
-2.082 2.5136
9.51734 -3.9549
15.0276 -1.8589
13.3464 -3.9205
-6.8737 0.2979
6.21775 -20.3991
8.74665 1.9584
-1.649 -1.5505
3.6973 -0.5968
3.7641 0.3603
4.46475 -7.4937
5.9629 0.1659
2.83793 -11.4898
9.56601 2.1053
-5.3681 -1.0684
2.57596 1.0391
-0.4794 -0.7137
2.14851 -1.9389
3.7284 -11.42
1.54649 -2.5267
5.04471 1.2947
3.2202 -1.8303
6.11182 -11.7638
-0.8298 -14.8376
-1.7699 -6.8863
-5.8347 2.1829
17.9643 -3.4168
8.54116 0.8441
-5.2816 -0.1398
10.8544 -3.1425
0.8122 -5.7829
-2.8445 -10.3871
1.41459 -2.8203
12.6507 -1.4238
12.0402 -1.292
1.03404 -2.599
11.2615 -0.808
0.15006 0.7841
1.98294 -3.3822
2.08124 -4.7952
2.94951 -10.9773
17.6721 -11.097
-7.9164 0.6898
4.01799 2.1751
2.3731 -0.744
13.2311 -11.1075
-1.0816 -5.2641
3.67077 0.4281
1.41706 2.0474
-3.7838 0.7959
-10.685 -1.1732
10.9532 -11.8603
-7.0196 -4.345
4.68381 1.3951
1.01811 -3.0577
-3.3695 -1.296
5.54835 -2.1513
-4.3882 -5.5371
4.85097 -1.8396
6.96785 -0.0125
1.72336 -0.2336
1.14961 -7.0892
12.1096 -3.0906
-23.2937 -5.7419
4.61266 0.8515
4.11776 0.4169
17.8972 -2.172
3.0275 0.5284
3.09653 1.8986
10.9032 -0.8032
-7.1732 -0.0225
-13.2187 0.362
2.43778 3.3171
-4.132 1.4633
-5.7985 -3.1834
-1.4255 -0.1372
3.69817 0.0869
4.49603 1.8751
1.08781 -2.4089
-0.6295 2.5814
-14.0228 -2.3288
13.28 3.1827
16.8576 -1.597
6.44467 -1.0945
1.2618 2.0791
-3.4029 -3.2715
2.79399 -6.0881
10.3918 -19.496
-1.2742 -2.0898
2.40257 -0.7427
2.61833 -8.6375
-2.6235 -7.4354
5.04279 3.0235
7.9754 -4.8357
5.99225 0.0953
-0.1594 1.7982
-4.1851 -7.272
47.2238 -20.206
64.688 -54.1106
32.9936 -13.6247
4.38109 -33.7942
43.7126 -22.4985
9.78475 -7.8278
95.1711 -33.7622
3.35865 -9.9132
-5.375 -20.0074
69.1779 -11.1775
34.1893 -8.2089
6.86575 -10.7995
48.3925 -21.7066
9.56127 -21.2758
72.387 -7.556
10.7052 -9.1775
13.2832 -25.871
4.24358 -4.7211
22.7077 -13.2527
48.5339 -8.4467
8.77731 -22.8077
11.8622 -17.9586
37.1151 -28.6545
14.4598 -42.279
61.4875 -2.4932
3.34073 -19.9659
71.6714 -14.0203
-1.7675 -10.5104
5.0462 -7.5697
59.8443 -13.8692
57.0008 -12.3155
70.6193 -13.9031
0.36312 -7.2752
11.8303 -10.7469
11.3804 -62.4957
94.5303 -3.0482
15.9272 -6.0322
94.9681 -33.222
14.0087 -2.3935
-10.718 -17.2575
20.0252 -29.0156
39.3077 -30.2506
33.1234 -56.9875
91.4005 -14.6018
29.2873 -13.2591
36.0461 -28.4318
79.2319 -8.3779
12.5015 -23.8583
28.8966 -16.9323
-18.6381 -20.5921
12.5748 -11.5511
51.5059 -5.8427
56.8779 -25.2881
14.9745 -2.1647
-5.4375 -25.7357
27.6356 -18.639
75.2117 -8.0232
41.4551 -26.7293
34.2905 -3.4101
48.2538 -25.6938
-17.6792 -20.684
-8.2437 -17.775
25.9663 -2.3622
105.889 -26.2762
-3.4741 -18.6395
-1.4196 -5.0624
32.8589 -19.5114
-13.1188 -3.3731
1.48655 -4.0823
-6.3494 4.9274
-0.6651 -1.7828
-17.0982 5.27731
-6.17 5.73163
-4.8029 -9.0126
-13.3524 4.9022
-30.2721 -2.0236
-7.4938 -10.135
-10.9478 3.5267
-13.0253 -3.2646
-0.4889 2.8559
-3.93 4.9964
-1.4277 -1.3341
-10.6531 5.69688
0.29084 13.2989
-5.3645 -3.2439
-3.6631 5.17743
7.63586 1.2747
-3.0811 4.7662
-6.5565 -5.7694
-1.3709 -0.9385
-4.7916 4.6366
-1.3045 -4.4108
0.96538 -2.0336
-2.8649 -8.7994
-7.9359 -2.5779
-14.3924 -8.2938
-3.9662 13.3101
1.52614 5.38531
-5.1238 -5.7817
-12.235 5.631
-3.8053 3.0501
-14.3443 4.5372
-9.7045 -0.1973
6.1322 -21.0872
-6.465 4.1112
1.04361 0.5391
-1.1424 5.08231
-1.3974 -0.8011
-14.6891 2.2534
-6.5749 -2.8664
-10.947 -2.3392
-2.9981 -2.795
-16.19 -2.5565
-28.444 3.9958
-14.2904 0.1123
-8.9858 -1.6521
-17.1863 5.53181
-1.4339 4.0072
-0.2851 -5.0171
-11.7672 3.9459
2.36517 -4.5044
4.93003 5.84931
-1.4734 4.9734
-2.1597 -4.2777
1.60964 -4.4891
-8.2775 5.37012
4.2904 4.8477
-0.4765 4.6533
-8.1384 4.3845
-1.5918 0.0188
-7.7786 -41.2621
-0.1815 -0.4421
1.61692 0.8911
-0.3741 3.3127
-4.1135 -1.4047
3.08109 2.3072
1.87274 3.7061
2.20559 -2.4578
-17.8051 5.38394
-12.3905 -0.5472
0.50582 9.87562
-22.761 4.423
11.7604 5.38738
-1.8509 4.0192
5.14279 2.9649
-9.3924 -2.4739
-18.0633 -3.3607
6.58148 -3.1112
-2.9597 -5.4627
-17.2909 4.7422
-1.7586 -0.5665
-13.7921 -0.084
-1.6283 -9.5775
5.96641 10.9491
-2.1431 -6.2752
6.40164 4.856
-1.6086 -7.9239
-16.1907 -2.9059
-14.5041 -0.9333
-5.6564 3.0299
4.04585 -3.9496
2.48062 -0.9032
-6.3059 3.8426
7.9551 5.49194
-7.6662 -8.8242
-5.6002 -3.4017
-2.5262 4.0393
-3.4768 4.5066
-0.5946 -1.0365
-1.9349 -8.4265
-17.4341 -3.9184
3.95036 -7.2778
-2.1296 -0.9089
11.806 0.8881
5.26643 -6.4295
-3.8089 6.77725
-6.1317 -6.2787
-0.0092 2.6468
16.9752 -0.3418
32.5675 -3.3194
-8.7585 5.15769
9.8405 2.2684
12.0788 -3.5565
8.0865 -2.8302
8.3259 5.97926
2.02933 4.5786
-11.9505 -1.928
-3.9218 -1.2865
4.13774 -0.5707
3.2813 0.2044
-4.2884 -0.2308
-2.9123 0.1594
1.11079 5.35925
-24.1994 -2.6826
-14.1002 0.4829
-8.5034 -0.769
79.4098 -3.862
-11.5765 1.5837
35.2812 -17.3849
42.3443 0.4137
64.1752 -24.9099
3.79323 -2.4281
0.58385 -1.7291
1.40253 -7.3296
-1.0297 2.6543
-11.7674 -10.9567
3.8196 -15.9595
-3.0266 -1.0973
13.2976 -9.0955
54.7045 -4.1531
4.51815 -2.2541
45.0071 0.5971
5.66054 1.7464
42.7618 -19.5873
11.7631 -3.6473
-0.534 -7.2486
-20.8451 -6.909
-14.4682 -12.609
-48.6586 0.1178
-11.1662 0.4365
-27.9955 0.867
-27.4152 0.2335
-38.6995 -0.0065
-12.1657 0.5842
-29.906 0.2599
-9.8662 0.5434
-8.2336 0.0236
-42.9425 0.7239
-16.7309 0.3401
-10.3272 -2.9678
-71.1075 0.5757
-50.5566 -4.161
-47.4377 -1.203
-13.093 1.0293
-28.8568 -6.6204
-39.6957 0.94
-33.7896 0.3497
-21.3712 0.864
-15.2386 1.2173
-49.5016 0.3534
-27.9995 -2.106
-14.1448 -3.365
-11.016 0.1698
-13.1283 0.9097
-28.711 -5.0899
-74.6968 -11.0435
-23.6416 0.4841
-24.1007 1.5908
-11.427 -2.6228
-10.1763 -1.9601
-8.5368 -0.3416
-15.2338 -0.0952
-8.9749 -3.0389
-26.3062 1.5262
-53.2323 1.82
-27.194 -0.2393
-48.7941 -0.1363
-42.5382 0.4215
-60.5347 -2.6527
-10.3681 -0.5996
-1.0028 -4.2024
-71.9213 -3.5915
-12.7773 -0.1359
-8.2124 -0.4639
-63.8782 0.2538
-46.1298 -1.3351
-23.6193 0.2786
-31.4419 -0.2885
-14.3001 -1.2903
-14.2681 -2.1171
-13.6349 -2.0327
-72.7478 -0.2487
-39.0928 -4.1635
-11.3837 -1.1621
-5.5384 -5.8394
-18.724 0.9956
-41.7084 -1.9464
-46.4249 -6.4537
-8.0115 0.5797
-23.5202 1.2623
-58.5459 0.047
-12.9619 -3.1569
-8.1324 -0.2269
-17.3949 -2.6064
-17.751 0.5451
-8.8526 -1.5656
-41.7452 -1.019
-44.8342 -5.5742
-29.7995 1.1441
-28.6535 0.1758
-14.0982 -1.4378
-15.0375 0.524
-29.9007 -0.3384
-9.0292 -0.8872
-65.6182 -0.6463
-1.6389 -5.3435
-73.0083 -4.5528
-16.6467 -0.6556
-64.9912 0.9867
-13.2431 -0.7402
-12.5761 0.7012
-23.7238 -0.049
-35.6085 0.2165
-33.9679 -0.2395
-4.9508 -0.8117
-9.5545 -1.5676
-13.5284 0.8551
-40.5371 -0.4518
-26.6022 -0.67
-8.7734 1.1154
-10.9778 -4.9678
-28.4599 -3.5075
-29.5674 0.5692
-13.033 0.0329
-38.2957 -1.2962
-7.0112 -6.1516
-14.0074 0.8994
-25.2656 -0.97
-14.4783 -1.7061
-30.6406 0.5863
-0.5744 -0.512
-16.2886 -1.5341
-27.392 -3.45
-7.1596 -1.5454
-11.9361 -6.4997
-13.7769 -1.852
6.38755 0.6061
-8.1447 -4.3328
-35.404 -2.1968
-17.1511 -2.9312
-10.5479 -0.5065
-99.189 -4.6915
-75.2078 -5.6696
-12.5806 1.123
-12.7781 -2.5746
-54.3928 -0.3953
-12.1997 -0.1482
-41.6522 -2.8395
-81.9546 -0.913
-37.3003 -0.1225
-7.5653 -1.5534
-7.9454 1.0044
-13.9491 -0.8088
-9.7688 -0.1982
-11.6967 -1.0335
-20.9549 -0.8334
-13.7603 -3.1216
-53.8642 -17.3494
-36.5698 0.4441
-53.5418 -0.7348
-23.464 -0.3482
-49.8697 0.7924
-24.1979 1.805
-40.8638 -0.4647
-29.1512 0.1585
3.1879 -12.5986
-13.1581 -3.7194
-11.1709 -6.1339
-26.0958 -0.5812
-9.963 1.3922
-2.4442 -1.8191
-31.4209 1.4029
-9.8032 -1.165
-23.9063 -0.2544
-22.1589 -0.1215
-12.1561 1.4083
-45.0431 1.8556
-38.0091 1.1608
-24.242 -1.5925
-22.0993 -0.351
-18.7473 -4.8127
-26.7436 1.096
-36.9836 -7.2031
-52.7623 -0.2486
-58.6059 -3.595
-10.3128 -1.8128
-10.5782 0.4969
-10.0343 -0.1642
-63.9814 0.329
-11.1586 -0.8208
-7.1073 0.0808
-22.1721 0.39
-50.4876 -4.6975
-116.574 -13.5724
-42.2897 -1.1558
-89.8029 -1.7025
-15.5839 -0.17
-24.9262 -0.388
-8.6023 -6.4513
-13.2943 -0.0434
-16.9005 0.0706
-23.5913 -13.2131
-12.6585 0.1465
-11.9403 -1.3382
-28.5371 -5.6735
-50.1533 -3.2997
-9.9323 -2.249
-20.1878 -0.663
-29.5727 -2.5498
-4.1423 0.533
-44.2132 0.756
-44.0718 1.6337
-43.5885 0.2315
-49.5324 -1.693
-43.2116 -5.4088
-5.3045 -0.5236
-39.5105 -0.696
-48.508 -2.8603
-44.7126 -1.907
-20.8196 -2.1024
-17.6477 -0.237
-13.4751 0.7474
-26.8498 -0.9261
-19.883 -2.2743
-45.4145 -0.3021
-13.4832 -1.4062
-26.2668 -21.2003
-13.4242 -18.698
6.82305 -11.123
-12.9484 -17.3438
-25.6741 -23.0192
35.0317 -21.0795
-10.8731 -11.9541
0.18623 -6.6572
-9.1364 -14.8534
6.34275 -10.4656
-4.3857 -21.9061
-33.2037 -10.8533
-40.6159 -44.0354
-7.7966 -14.8927
-34.6653 -7.8186
-8.2402 -22.9357
-27.0815 -15.3372
25.3796 -5.8703
-12.3869 -32.71
-32.7715 -12.8621
-75.5173 -15.9971
3.2127 -2.8244
-54.5724 -30.6144
-9.6642 -23.122
-11.8112 -14.423
-8.2958 -7.316
-6.0777 -12.5587
-11.4737 -15.6172
-37.6131 -18.3261
-21.8407 -12.6772
-6.5702 -19.8668
-9.1958 -4.6919
-11.2729 -9.3125
-122.287 -19.788
6.6386 -21.2547
-61.7562 -10.9353
-11.0148 -24.324
-5.7563 -36.6727
28.7968 -30.4076
-43.1892 -23.6976
7.8526 -16.8258
6.94815 -11.5717
-11.3019 -4.0719
-69.1335 -21.1981
-10.5535 -17.301
14.1619 -20.3679
-27.5838 -20.9692
-17.0354 -4.6812
10.1432 -6.3332
-9.6871 -19.2105
-45.975 -13.6335
15.6757 -6.6716
-48.8438 -21.5959
-5.76 -33.917
-8.1805 -18.4031
-12.2268 -21.9155
-82.0403 -20.605
0.2487 -12.383
-25.8954 -21.4288
43.2734 -28.8248
-4.5323 -45.7931
-8.652 -13.16
-8.996 -5.0225
27.3931 -1.8526
16.2939 -22.4505
-10.1038 -8.8663
7.328 -12.6329
31.8073 -24.0256
-11.0904 -19.9545
-0.0552 -5.5907
-64.4256 -20.4465
-61.1702 -38.8528
-11.8447 -18.2619
-31.1752 -24.277
-25.7302 -12.563
10.2981 -6.6979
-30.2235 -14.0565
-64.1177 -19.4825
-36.3054 -17.6558
-8.9365 -13.02
-37.917 -18.1062
-31.7845 -4.6114
-50.005 -10.355
1.28039 -9.5239
0.48828 5.63268
3.56982 5.16187
-10.2074 7.61825
2.10516 2.4032
5.42992 6.94606
3.18423 -0.607
7.16448 -4.1171
1.62358 1.7403
9.18595 8.14062
2.74391 8.23293
0.38635 6.96143
2.38459 -1.3133
7.19177 1.9252
3.75079 8.06588
2.26337 3.5489
9.36858 3.8461
6.22743 5.49381
7.90257 -0.3544
-7.3418 6.21906
4.48827 1.7358
3.27917 0.2974
2.75699 -1.1959
2.16948 8.35418
2.78057 4.1851
6.08704 7.52744
0.3615 2.5501
-0.1659 4.2799
2.70044 2.6704
0.73156 6.56882
2.57742 5.75812
0.53207 2.042
0.65796 5.31362
0.33414 2.652
0.39309 3.8138
0.81156 6.6615
0.46855 7.50282
0.37954 6.11875
1.75828 1.6006
-0.4701 2.3981
-2.5101 -15.5825
1.06762 2.7111
-0.9475 2.6783
0.42901 1.077
3.04319 5.95931
0.53228 6.72856
0.28164 7.72295
3.86803 6.48088
4.17 1.1591
2.41367 13.5154
0.42073 -1.2788
4.27327 -9.387
6.64321 0.5992
0.93764 6.8448
3.02753 7.57587
0.50264 3.5872
1.69825 0.5494
1.66088 6.68119
1.72218 5.26731
1.97852 8.51125
0.6439 0.2448
0.39007 2.9317
2.80832 5.88744
1.59183 5.03068
1.37768 2.5105
0.38713 3.1185
1.31944 6.91725
7.26631 8.29368
0.39898 1.1275
1.89437 4.8089
0.44675 -2.2633
2.20166 6.12044
0.36399 7.09788
0.98099 5.69915
1.79556 6.89675
13.3521 7.879
18.9481 4.2844
12.6461 -2.261
16.0359 2.2657
6.61559 7.82388
11.4635 7.04063
17.9693 -4.1038
5.77069 -4.4874
7.29156 0.7504
7.6135 1.1644
4.00193 0.6584
10.3243 7.47588
2.30305 2.5609
3.36688 -0.5349
16.1927 7.40962
7.46165 4.3586
20.0185 5.09818
2.23681 7.56794
2.22564 2.8929
7.04772 0.5004
1.86577 -1.5143
14.1606 2.0311
13.8211 6.135
23.2114 3.5343
35.472 5.52037
6.02852 3.6338
12.3871 -4.61
5.22012 -4.5102
1.32888 3.4439
6.38894 5.28331
1.1357 3.4759
4.86147 6.92788
8.77753 6.83775
-5.5048 7.62444
14.3468 7.67801
9.21715 -0.9707
2.35696 6.38808
1.18581 2.6619
16.1344 5.55082
6.22617 -3.0271
6.88515 -15.8682
1.15929 -1.4053
1.19047 6.54213
1.15184 7.47012
1.20057 7.11756
-0.9837 -0.1578
1.06602 7.98769
9.18984 -1.072
12.4987 7.74594
4.83924 5.13807
18.3762 -1.8057
25.8712 5.986
4.03994 0.0946
1.00686 5.82556
4.44339 9.22694
0.83404 6.44006
21.7037 -9.4598
84.008 -3.1461
3.53397 -1.2014
3.66043 0.9213
30.5663 -7.9636
69.3345 0.1477
3.3743 -12.0088
13.1663 -1.2109
17.6974 -4.2843
6.53865 1.9385
3.63257 -5.1233
30.8907 -1.6504
5.4708 0.1361
29.4314 -14.1683
22.9721 -2.9169
5.69443 -7.2077
22.4263 -1.0344
47.999 0.8074
65.3866 0.8605
32.3573 -0.6013
75.621 -3.8195
-5.545 5.6736
-8.5776 4.8608
1.01616 1.3469
1.02458 -0.3933
2.9104 3.0755
-1.1935 4.3251
-0.0881 4.7194
2.50654 4.9161
1.66995 5.37865
2.36841 4.3946
0.18278 2.5568
-0.0659 6.1305
5.12417 4.372
1.62651 1.0319
-8.1966 4.9599
10.5069 -9.4088
-5.9966 0.463
0.43976 2.1997
-4.4614 4.133
-8.6287 2.8132
-4.394 4.8165
0.60781 3.9632
0.74583 5.08515
-0.7312 2.5183
-1.1537 2.8274
-6.123 1.1143
0.61284 3.8174
1.57145 2.0596
7.31116 -1.1072
1.17195 3.3485
3.60919 4.8346
3.66385 3.1522
10.397 -2.6625
-8.3052 3.5621
2.79751 3.8522
-5.5258 -0.2684
-4.8631 5.21405
1.3225 3.5971
0.57587 3.1953
-1.1564 4.25
4.0996 -9.7083
0.15506 2.1841
0.22525 3.2942
0.33422 3.5849
2.49822 0.5023
4.58371 3.2542
1.21438 0.2802
-6.5437 3.4957
1.5221 4.3687
-1.171 2.2187
3.24137 4.5243
-3.9943 4.1719
3.61745 -6.9693
-1.472 1.825
-0.6798 4.5981
8.303 -0.6497
-4.9092 1.2191
-3.6432 3.9699
1.62377 1.5218
2.43124 2.1076
2.67857 4.9372
-6.3281 3.3147
2.2982 1.7586
-1.1329 1.9101
-2.744 2.798
13.0275 -2.0228
2.23862 3.6734
-2.5462 -1.1061
3.1733 3.2583
-1.6822 4.6192
-0.8601 3.4498
-4.4462 -2.1345
5.92866 5.7052
1.1492 -3.7899
-7.282 3.5248
-10.4389 3.4016
-6.1426 0.6784
-1.8694 -0.5791
-5.5436 1.306
1.12237 1.5797
4.60223 3.279
-1.8157 4.4546
3.27833 1.2343
11.2496 -3.8203
1.9309 3.8559
-11.1874 3.0159
0.64849 5.0711
2.43034 2.4056
-13.3587 4.6085
5.75728 2.9495
-1.4054 1.6242
1.50102 1.6448
-12.2768 5.265
7.40711 2.5179
2.01716 2.8583
-15.1157 5.1991
-7.3963 1.5123
-8.7 4.5239
1.7362 3.0362
2.72939 4.0245
0.89953 1.4715
1.1782 -0.5101
16.754 -9.7897
7.31841 0.2627
-0.0111 0.8188
4.33746 3.2326
4.08162 -0.0278
15.9318 -5.0597
1.18255 0.8148
14.655 0.2894
7.737 2.3866
-4.0093 -6.0751
-5.6639 -0.3665
0.57016 -3.675
12.2158 2.2459
9.8778 -1.9941
4.2023 -7.7542
2.06963 -1.5029
4.32453 1.5351
10.4566 -2.7653
7.38488 -4.6923
4.57984 -2.6723
-8.3563 0.1014
2.62989 -11.9374
-1.1769 1.3558
15.0249 2.6016
11.2054 -1.1296
9.7051 0.6013
-6.0739 3.9988
4.29339 -2.9113
7.46405 -0.5705
-5.5416 1.9207
10.4255 -0.0583
7.20786 -3.4658
29.6833 -0.2774
2.90607 6.10865
10.5445 1.1696
3.6657 2.2834
7.7055 -5.3321
2.49022 1.3587
1.5584 1.6672
2.13507 1.0853
0.89705 0.8713
-18.3119 5.2455
2.08467 -1.4601
3.56206 0.0393
21.0038 -2.5069
1.61221 -3.7203
13.4855 -0.7875
-2.0842 1.8379
-1.2015 -1.598
25.6273 -0.0028
6.7168 -2.3133
2.74867 1.5809
6.70381 -5.0899
-3.8545 -1.9607
-0.8261 -1.4688
-0.5743 0.7353
2.30785 -7.0132
4.18006 -2.0902
-0.1163 -5.4039
8.83533 -3.222
4.58429 -5.6717
2.81199 -0.7188
-0.8918 -1.0986
-4.9262 3.1795
13.1459 -4.8011
16.0834 -7.2279
4.35934 0.9385
12.1205 -16.3225
1.04255 -4.0741
4.10415 1.0983
-0.4199 2.1018
0.31684 -4.3038
8.76185 -4.5932
2.98243 -1.8035
4.58406 1.5834
9.90348 0.1962
-2.4143 -5.196
7.03762 2.5869
7.36206 -2.6498
-0.3416 -7.9511
-4.3939 -13.5188
6.66112 -1.8596
1.59344 1.0586
5.30405 1.0076
18.5024 -5.3235
-0.6815 -0.2744
0.36468 -2.8802
1.70951 -2.7938
-6.8157 3.6434
3.71441 -2.5887
23.6197 -2.6166
6.8338 -1.4042
6.635 0.994
5.52246 -0.3792
1.80689 2.0382
2.89106 -4.9123
5.88533 -1.3238
49.3898 -5.9522
27.8604 -6.2228
2.10528 -13.7575
17.4374 -18.9686
18.4783 -16.9431
80.6655 -5.0371
24.6516 -18.0451
9.39195 -15.8533
13.8719 -18.604
50.6739 -10.5715
73.6235 -5.9044
37.4907 -11.1975
-7.1307 -1.7319
72.7679 -1.8749
29.9793 -10.273
67.2447 -3.8627
8.46161 -20.3229
80.1451 -12.455
6.21385 -22.6787
-5.0771 -23.119
8.14463 -21.68
36.1783 -3.7068
23.6664 -17.649
31.616 -10.2257
20.0368 -15.9857
-9.4566 2.4564
9.48545 -13.6898
8.68863 -23.6007
45.2855 -15.9216
85.5549 -16.1326
27.6848 -24.0493
33.937 -18.2165
3.9908 -16.8175
12.0191 -20.238
11.9632 -15.1337
38.8513 -6.6049
54.982 -4.767
2.44046 -25.937
0.87889 -6.5711
0.9333 -10.9643
3.44192 -17.0441
-4.4243 -9.0269
30.699 -31.4607
31.0209 -18.2163
26.4711 -12.7273
16.4879 -2.2488
11.4177 -13.9691
19.996 -31.7029
6.64396 -20.4875
19.9306 -3.4621
16.8424 -21.7528
11.9595 -2.5408
26.2024 -19.7035
6.7207 -7.2284
4.04222 -17.1415
49.4979 -13.1256
1.83141 -24.3738
-0.1967 -11.7
24.9269 -20.7645
27.2948 -16.5505
18.4312 -24.093
