-1.07942 1.439
-3.96657 -4.4971
-6.8693 -4.3134
-9.43545 -2.6212
-5.26663 2.5942
8.6926 -7.8507
-95.8491 -0.8679
-25.0328 -2.5875
0.3068 -3.4178
5.9448 -1.9451
-9.92815 -4.9611
-2.29947 -2.6816
2.4365 -0.3833
-7.9958 -2.9976
-7.02078 -2.6614
-8.4529 3.1689
-5.15615 -0.1648
-4.05508 -2.3249
-17.3798 -0.7048
-1.03323 -4.0393
-16.386 -4.4888
-7.03032 -1.6259
0.8693 -6.8967
-2.3887 -8.408
-7.0545 -2.0417
2.2182 -3.1178
-2.49417 -2.1629
-3.76255 -0.4051
-11.8881 -2.1087
-0.86319 -4.913
-10.7401 -2.9265
-14.3377 -3.8186
2.8486 -2.5451
-5.06624 -0.9353
-0.27588 -2.8791
-19.6447 -1.6426
-29.9261 -1.9556
-6.16152 -3.186
-0.61934 -4.3509
-15.4545 -1.7145
-33.2088 -11.9169
-6.13124 -1.6525
-27.6785 -8.6585
-3.17073 -3.5322
-4.64401 -1.5901
-1.73181 -4.24
0.1693 -2.9511
-6.42712 -0.9437
-91.9454 -1.2673
-6.59648 -3.7281
-6.00647 -6.2802
-4.98725 -1.6519
-4.40939 0.3245
-12.7559 -4.4659
1.6068 -1.7258
-12.1394 -2.7635
-1.70242 -3.1532
-2.7036 -8.8336
-8.10454 -5.897
-46.1908 -3.9547
-5.74487 -2.6795
-0.9452 -1.1294
2.9759 -1.5797
6.0155 -1.3991
19.1281 -3.4017
-14.9658 -2.8346
-7.31614 -3.7268
-4.35537 -5.9429
2.0751 -1.5308
-0.3772 -3.0633
-2.68849 -1.9688
-8.57425 -1.0836
-0.8762 -2.027
-27.5435 -0.6983
-8.58305 -2.1157
-14.2102 -3.8825
-6.7315 -15.2796
-10.4901 -7.6635
3.2373 0.2851
-2.59045 -3.9664
-3.45378 -0.6311
4.9511 -2.3504
-10.2376 -5.8931
-8.24405 -1.0623
-6.58748 -4.8691
1.6756 0.2911
-5.28253 -4.1903
7.3949 -2.2743
-1.39678 -3.6731
-18.433 -3.5993
0.3268 -2.2
-17.6635 -1.3631
-5.97423 -4.8114
1.3601 -2.7467
-18.3457 -2.8182
-5.33217 -8.3669
5.2553 -12.3535
0.4154 -2.0644
-26.3649 -1.0461
6.0689 -2.1437
-2.70745 -3.1493
-7.72765 -1.763
2.3802 -5.5956
12.4539 -2.1208
-9.3603 -1.6902
-0.21069 -6.2969
8.4444 -4.2092
1.2124 -2.7431
-7.05869 -9.5427
-1.5979 -12.1737
1.3188 0.0953
-13.4458 -5.0908
16.8796 -3.3261
5.163 3.3711
3.1075 -3.3901
-1.07526 -2.033
7.5408 -0.234
7.8381 2.1405
17.1974 -3.3657
-1.20045 -1.0324
11.4978 -2.5341
13.1424 -10.5196
-5.48607 -2.8432
-15.1832 -2.5491
-6.79742 -10.6735
-7.31881 -4.1274
-16.3221 -3.542
4.6297 -7.9735
2.3501 -2.3407
-8.92292 1.8687
15.8762 -5.6628
-4.15179 -2.5936
-14.113 -1.1769
30.9029 -3.5675
-21.3697 -1.388
17.9794 -1.6418
4.2999 -1.6736
-3.6091 -1.5826
17.015 -3.8357
4.1201 -0.4721
-3.88757 -0.0459
10.1802 -1.7698
0.8312 -6.668
-22.2802 -1.3691
-14.2402 -6.0027
17.3306 2.2325
16.2723 -1.9177
-6.82099 -3.2272
-3.95058 -1.4803
-3.83336 -3.1525
-16.7842 -5.103
17.8513 -2.1806
11.455 -0.2866
16.7821 -3.9079
-8.1484 -2.8404
-1.18429 -4.3844
-41.6771 -3.4568
4.6038 -0.4228
4.447 -0.3712
5.7977 -0.4407
9.0546 -3.0548
2.0824 -0.431
7.9975 3.3753
-6.16935 -2.7226
-0.91345 -0.1272
-1.46151 0.7372
-3.43061 1.3325
1.6387 -3.9564
-6.81812 1.5401
-5.49728 -0.444
1.6566 -2.0233
13.2409 0.0554
1.3507 -0.7317
8.8135 -4.9798
12.1503 -5.3476
35.4676 -0.6077
17.0469 -1.3505
-13.3082 -20.8657
-19.5983 -0.4219
-25.3284 -7.6037
8.5896 -3.0343
2.5998 -1.5659
-2.64 0.5741
29.5983 -4.2952
-2.06812 1.3428
-27.4146 0.4035
1.5731 -5.0269
-16.8018 -1.6328
7.2341 -0.4505
17.3716 -2.148
1.2778 -1.0676
-11.1825 -3.3688
20.9833 -3.128
4.682 0.3473
0.9341 -3.525
12.2011 -2.4536
0.8735 -3.8834
-22.3921 -1.7766
-1.6607 -2.0745
25.1623 -3.7428
21.9453 -13.5685
15.088 -17.6938
105.432 -11.7945
12.3594 -11.8529
20.4712 -16.7324
13.9537 -17.8048
3.3585 -38.2772
16.579 -26.193
66.2755 -12.9627
0.4612 -10.9025
23.8465 -11.275
1.3848 -8.6763
-22.7997 -32.2026
73.1238 -17.1175
0.3597 -11.375
-29.8096 -22.6835
71.4776 -15.9117
40.6977 -11.1102
231.862 -13.707
71.9763 -11.0121
96.624 -17.4599
-7.63092 -9.4085
11.7489 -11.0302
31.8622 -24.328
75.5632 -14.8519
54.5631 -10.2268
18.3188 -14.5609
7.9167 -10.8365
17.5279 -7.102
89.8274 -16.6641
20.9378 -14.2985
223.233 -2.5325
129.699 -13.069
38.8407 -20.6035
-12.2333 -28.701
99.634 -11.1595
-36.0304 -15.3632
-11.4954 -15.8028
128.176 -12.316
1.6481 -13.0036
17.936 -11.9827
38.3496 -18.782
3.5467 -11.9483
29.6722 -12.3725
-15.0602 -41.2028
19.0206 -14.079
68.0048 -16.664
1.5795 -11.869
35.7694 -13.3825
50.4721 -11.8933
-3.77177 -17.7447
15.5009 -19.3708
111.835 -27.1185
9.9031 -22.4286
15.879 -23.3606
-2.89465 -15.5936
68.0602 -10.5104
-7.05208 -24.5662
113.376 -16.015
92.959 -37.9903
6.6389 -15.3709
179.411 -1.8525
3.0102 -21.8935
-5.09263 -11.8691
27.4133 -15.6604
-25.8409 -41.79
153.197 -28.7596
37.9571 -17.312
14.4124 -10.8045
104.519 -12.2621
-6.615 -17.7368
-3.46116 -19.786
-0.93117 -1.4057
72.2271 -21.8633
130.13 -12.5311
62.9735 -15.6745
63.894 -14.0665
73.1134 -1.0202
42.4347 -12.2532
19.1356 -20.2963
70.3855 -10.9615
-29.8497 -22.8702
5.1536 -10.7405
27.3448 -11.4894
42.7893 -26.041
15.902 -15.3421
2.2308 -34.5875
-13.2022 -13.4475
144.854 -9.6245
15.6326 -39.2279
133.151 -15.9975
105.847 -23.0602
9.8625 -16.5922
52.9649 -12.713
21.8895 -0.11
70.4661 -18.267
23.4022 -15.9616
-16.5996 -13.114
51.7857 -27.6972
160.669 -11.9256
-5.38245 -12.1671
-77.4839 -20.6531
-11.7797 -7.0515
-28.1511 -9.3485
-50.4447 -4.0922
-70.9468 -7.9532
-76.1269 -7.7628
-143.901 -9.517
-16.1583 -3.9665
-40.5164 -5.7365
-7.77215 -11.5319
4.3185 -3.8742
-68.265 -6.467
-7.03898 -11.105
-30.7006 -8.8592
-4.04426 -3.0286
-24.349 -12.0654
-87.4785 -12.33
-0.70981 -15.813
-12.7605 -4.804
-95.2141 -7.6281
-94.7756 -9.5613
-36.9175 -16.0999
-17.962 -8.6392
-23.717 -14.5217
-11.9817 -12.4805
-37.633 -6.829
-86.4116 -9.9332
-110.828 -11.184
-17.9265 -8.9703
-16.0821 -8.847
-39.5376 -14.1703
-29.0808 -9.3845
-69.8714 -9.6275
-29.7805 -6.1024
-16.9395 -11.7885
-12.1081 -6.6125
-13.909 -5.4694
-2.17877 -11.458
-22.0699 -12.3065
-25.7344 -9.375
-91.2303 -10.6035
-28.3645 -4.6755
-10.4871 -7.0157
-10.5162 -12.7906
-8.4835 -14.5286
-8.72914 -10.7347
-51.1057 -10.6145
-13.3555 -3.4795
-71.2567 -7.6115
-56.4126 -6.776
-114.515 -15.464
-20.7322 -5.3331
-17.4855 -7.0295
-12.4051 -8.7368
-3.61501 -5.089
-10.2101 -1.809
-21.7728 -6.9937
-32.5293 -9.8392
-49.8465 -9.091
-94.3614 -8.8353
-54.8773 -5.1285
-46.3014 -19.531
-36.6549 -10.272
-71.6169 -10.137
-9.56845 -2.3295
-112.495 -3.4725
-35.5177 -8.934
-27.47 -12.1195
-68.8624 -10.1739
-1.5694 -8.9306
-14.1628 -9.3212
-18.9044 -11.9733
-45.6579 -6.5084
-108.636 -5.2681
-10.0694 -9.2504
-14.2844 -2.4814
-18.84 -9.5366
-80.8607 -5.665
-38.8946 -7.6756
-2.24567 -6.6405
-86.1285 -8.9555
-25.057 -3.6879
-55.6972 -9.8468
-10.6458 -3.8401
-10.0485 -1.9783
-19.5445 -7.3227
-8.74489 -15.871
-31.5554 -4.4945
-16.1762 -5.7484
-89.6485 -11.9331
-434.394 -9.9969
-12.7666 -16.7323
-27.3041 -13.3075
-6.91078 -4.1536
-9.49044 -7.01
-24.9918 -8.0672
-20.1218 -11.4244
-13.0276 -9.8585
-4.0054 -10.4459
-4.30695 -10.3195
-24.9756 -11.0156
-7.40195 -8.2039
-9.31306 -11.6485
-32.7782 -2.2175
-23.4492 -9.0892
-7.30034 -6.181
-28.155 -9.673
-13.0455 -7.1874
-31.3102 -9.4071
-20.9211 -10.048
-36.7415 -13.7625
-50.0284 -9.543
-18.9689 -8.5934
-52.7458 -8.5215
-56.7465 -12.2155
-34.6472 -9.8933
-46.9963 -5.1039
-25.557 -8.9468
-2.7288 -14.2515
-19.1341 -8.1105
-39.6305 -9.4793
-78.0421 -17.362
-7.12312 -9.019
-52.0127 -8.74
-39.5316 -16.8337
-16.4981 -5.248
-59.2518 -9.077
-20.0669 -8.1142
-26.9988 -10.1615
-22.4198 -8.5273
-11.1247 -7.8711
-2.38345 -20.412
-5.8679 -10.8023
-12.1987 -10.2425
-37.9968 -9.1965
-45.8681 -18.6115
-13.4974 -14.498
-54.3396 -7.1015
-1.15348 -10.8143
-56.4158 -9.5863
-97.666 -5.708
-100.871 -13.896
10.4899 -8.509
-12.0591 -7.0746
-8.36515 -6.7217
-31.0189 -7.561
-21.9834 -9.6514
-35.7529 -8.5635
-16.3078 -14.0217
-20.4478 -12.4937
-8.11445 -10.3515
-78.2884 -12.652
-33.3794 -7.0006
-76.5864 -6.673
-0.24818 -3.3357
-13.2174 -13.5805
-14.3625 -17.1564
-92.1677 -11.3052
-43.8668 -6.3455
-23.7468 -10.5311
-159.695 -9.6845
-17.7432 -12.265
-16.0469 -6.34
-80.8428 -5.1075
-38.5727 -12.2618
-13.3559 -11.9089
-43.2595 -11.544
-21.488 -9.216
-44.2867 -13.4015
-88.849 -8.1858
-7.47304 -6.2244
-11.3156 -9.257
-6.9276 -4.1011
-16.7205 -7.3151
-82.1842 -11.1136
-57.1185 -16.615
-5.39654 -10.6821
-7.46785 -16.1535
-18.7408 -15.7659
-12.3674 -9.5011
-65.496 -15.56
-15.4411 -4.1756
-151.118 -10.493
-46.9896 -11.2302
-10.7388 -11.2123
-16.6966 -7.837
-33.8503 -14.3375
-9.372 -18.929
-21.1079 -8.6173
-69.6913 -12.7739
-11.2095 -11.9923
-19.2839 -4.5506
-97.8667 -15.1175
-3.87235 -3.8505
-38.9006 -8.7395
-60.5571 -16.8155
-27.2282 -6.419
-14.6407 -11.7114
-196.498 -13.046
8.5294 -20.404
-28.8979 -26.2752
10.6412 -27.1238
15.5524 -25.971
-34.2346 -26.7395
-27.9138 -19.805
-22.8732 -27.7327
40.408 -27.6903
2.039 -20.841
-7.04075 -20.109
-37.5153 -23.9825
-11.9591 -27.206
-16.9427 -25.1075
-6.2766 -24.6058
-32.0987 -23.3925
-141.624 -20.266
-9.5563 -27.7387
0.5507 -21.3657
-19.2377 -20.935
-82.2903 -27.237
6.4945 -23.3075
-11.8099 -34.538
-22.1603 -25.6487
-23.4305 -19.953
-15.28 -25.3145
-51.0367 -21.6524
1.5374 -24.0175
-3.88537 -24.0836
0.4893 -22.1765
-181.074 -21.075
-12.4119 -24.5725
-82.6584 -25.048
-15.0422 -22.6235
-9.6356 -19.247
-19.3877 -25.6325
68.209 -34.59
-38.6572 -22.988
-11.6902 -19.6153
-102.337 -23.6445
-33.077 -23.6663
-0.84755 -25.175
-18.7907 -20.86
-14.9526 -31.8779
-3.90565 -26.3679
-21.8658 -20.36
-25.7214 -28.2345
-8.01327 -23.6731
-47.5971 -23.624
-160.54 -30.3329
-10.2089 -20.3098
-14.9698 -22.2395
-34.3916 -24.7817
42.4502 -21.0382
12.4974 -22.5328
-82.5348 -23.0975
-64.0342 -23.378
16.7892 -20.1248
-24.3795 -23.4571
-90.3699 -21.883
-31.8784 -23.91
22.4667 -29.0655
29.1184 -20.2545
-22.0713 -23.4895
-10.8634 -26.8038
-9.18215 -18.234
-28.0883 -23.7689
16.4686 -19.2816
-70.6528 -24.5217
-13.8289 -22.1645
-62.2888 -23.376
-62.8016 -21.298
-33.474 -28.1033
-12.5625 -25.2293
-10.9796 -22.89
-6.83443 -33.2935
-51.478 -27.977
-12.8038 -21.271
-6.95831 -19.7428
13.5564 -17.7913
-19.9036 -23.4075
-12.3355 -22.5871
-15.8386 -34.482
-17.002 -27.418
15.3381 -23.5786
-49.785 -19.942
-13.8777 -21.1285
-19.3123 -21.668
-59.9161 -25.1995
-24.4384 -27.2645
-14.3981 -17.84
7.4131 -21.6003
57.593 -24.4579
-33.0793 -19.6757
-28.8913 -25.4358
12.3569 -21.9925
-11.495 -24.6535
-65.652 -25.0332
-8.93597 -28.3782
23.8873 -23.3859
-10.2268 -26.444
1.1805 1.3349
6.0912 -2.9503
2.1597 -0.4263
7.9993 -5.8163
1.5574 2.2139
6.5565 3.7548
-2.32826 3.9086
4.5402 -0.0462
0.6821 1.5772
1.7147 -1.3726
0.6107 1.6457
2.639 0.9468
2.9588 0.8684
0.3655 -3.2246
3.5626 1.9189
10.5067 -0.4609
4.4587 1.0574
8.0073 2.689
0.3527 -0.0843
2.1964 -8.2621
0.3695 -2.9462
1.3702 -1.2296
4.5465 -0.422
2.1621 -3.7631
6.6959 -1.2429
5.5609 1.5788
1.2593 3.4431
3.5156 8.10435
0.5359 1.0181
3.0954 5.5704
4.3082 1.9232
0.317 3.5113
3.0826 -0.2454
1.9952 2.9015
0.3945 -1.7762
4.7193 1.4635
0.7935 0.7177
3.3378 -0.6363
0.3772 0.4588
0.3611 -0.1126
0.5908 -5.2986
2.7449 -3.2381
3.1334 -0.5971
9.8714 2.3593
0.3519 4.286
1.3659 -1.3314
2.2528 -0.4058
0.9893 1.8195
1.5706 -1.3693
1.7594 0.9229
0.2579 1.2982
4.8819 2.6649
0.3351 0.5398
3.9079 1.7946
3.1224 2.9783
0.8686 0.3263
0.3651 -4.2107
0.8584 1.3972
8.3687 1.3303
6.0107 2.0547
4.3738 5.6785
0.2232 5.74496
0.5988 1.2388
3.2208 3.8668
0.3815 2.2918
-3.93576 4.5803
5.693 5.20359
3.8685 -4.4723
0.7374 -0.0914
0.3955 0.8774
5.9651 6.00315
6.2101 1.9633
1.7416 0.9876
20.88 -8.7584
1.4082 0.7039
5.9613 1.0873
11.2161 -2.1558
2.8875 -0.0302
6.852 0.7728
0.2688 1.2225
0.9288 0.6973
-0.02521 2.0857
0.2421 -1.2538
1.3399 -2.2526
1.4971 0.4757
6.3185 4.3012
1.9251 3.4651
1.6894 -2.2598
0.391 2.0853
-4.74888 1.1056
4.8256 2.1004
4.0254 -0.5865
2.8486 5.87785
-0.052 6.42785
2.6983 -1.4676
0.5275 1.7137
1.3377 -0.6153
0.5662 5.05805
2.1834 -3.3465
4.7879 8.42075
1.4832 -2.0768
4.368 3.3479
24.3623 -1.7826
1.8929 2.106
9.8387 0.565
13.7385 2.0898
14.4564 1.0366
8.1528 -0.1275
5.4727 0.8559
1.3655 3.5653
1.096 -2.2984
11.1206 -1.2069
1.1062 1.2447
22.4879 -0.5837
17.2633 1.8257
5.1557 2.8975
82.0493 3.713
33.3325 1.0848
11.7442 2.0898
20.5183 -0.3855
41.1231 -2.3415
1.1049 0.6626
2.4839 3.4065
37.6023 1.8087
16.5074 1.1266
4.0818 1.6958
16.6699 -2.3678
1.1652 -1.3611
1.0971 1.9716
1.9035 2.2267
2.6361 1.9134
8.2597 -0.0572
3.2052 -2.8125
-14.935 3.3268
8.3346 1.2184
1.8164 -0.5392
1.0461 3.292
30.9607 3.8409
1.0747 2.1334
1.0983 -2.2317
3.2327 3.1439
6.0494 2.1998
3.7952 -6.4229
7.3952 3.2096
12.4367 -0.5575
7.9442 2.3956
1.079 -3.485
1.9746 -3.4498
8.0969 1.2397
-1.16343 2.606
8.2032 3.2314
5.159 1.2999
35.3455 -1.1706
3.7418 -3.837
1.1375 2.7356
15.7804 -2.9796
5.8184 0.1961
-3.99013 2.6309
3.5384 2.9574
4.3579 -5.3806
7.1248 3.4792
12.1097 -0.2702
25.8274 0.7314
8.8624 1.4265
10.9175 1.9935
14.5149 1.2804
1.1104 -0.8312
13.5734 1.2204
26.3823 3.5022
5.7805 3.0603
1.0743 4.6807
17.7056 0.8083
27.4463 1.2975
12.7175 0.1943
-17.1586 0.3125
29.3052 3.527
36.9228 2.1364
25.2464 2.6873
12.3339 2.77
11.4203 -0.2316
1.055 2.8994
5.8835 -0.1098
7.3949 0.5177
7.341 1.0034
-18.7535 -3.6773
10.9445 0.5701
2.2145 1.5267
1.1311 -3.942
5.9543 -0.1876
3.2089 -2.6177
55.7135 -3.1105
1.1085 -0.9627
1.0919 2.8316
8.382 3.9784
32.7871 -8.0808
18.6612 -4.2725
20.2598 0.7101
7.9982 1.5529
26.5505 1.2068
2.0635 -3.5635
95.545 -14.3508
43.4752 -16.9034
3.5529 -11.456
128.677 -9.5855
205.299 -12.31
273.679 -11.986
26.8694 -17.9929
22.6812 -10.7004
104.175 -12.8957
55.1451 -12.6606
206.724 -0.2087
20.519 -21.252
24.54 -14.0689
58.4978 -14.963
3.7045 -21.5905
39.8757 -10.7686
42.5711 -12.8503
134.384 -13.2116
37.7593 -11.712
12.8283 -11.985
98.982 -0.1255
3.6054 -10.5432
17.1814 -13.714
187.924 -21.4465
3.6491 -14.153
22.4654 -13.1498
69.634 -14.7684
-1.47555 -9.1459
68.6585 -25.619
96.314 -14.8452
55.2678 -15.2544
90.463 -38.9741
35.5513 -28.1966
124.204 -25.469
22.3232 -31.9241
103.698 -16.557
26.1679 -10.2351
2.6687 -10.5955
122.284 -10.6455
3.6903 -16.2952
38.4198 -12.9209
3.5083 -13.3725
64.267 -15.9166
265.449 -12.4181
13.4877 -53.4955
270.447 -12.9831
24.1335 -13.9966
78.709 -19.549
24.9317 -28.8864
152.411 -23.084
55.0463 -13.0147
53.9885 -8.988
49.2715 -2.8786
12.0374 -14.7325
105.949 -19.4435
3.5945 -13.7104
23.8342 -12.8716
3.5497 -14.7131
53.951 -10.6998
44.5219 -19.8666
3.533 -18.939
25.0587 -16.607
34.0731 -13.9959
44.0093 -16.6673
59.7811 -16.6099
85.7861 -15.0119
3.3937 -11.901
220.31 -8.891
79.511 -13.7717
13.0847 -20.5874
3.5617 -17.3731
108.89 -12.2295
65.427 -15.034
50.5978 -18.8546
53.7061 -1.8296
33.9684 -19.2689
16.0407 -22.9109
43.1332 -95.484
43.033 -18.5887
3.5484 -23.359
192.88 -7.5731
27.1052 -24.4435
21.2533 -23.4359
24.8281 -22.4808
117.575 -3.5004
109.769 -18.169
16.5308 -10.8959
3.53 -15.2645
48.6855 -16.6235
114.09 -11.2732
27.4397 -17.084
16.219 -23.3825
3.6861 -14.0425
126.289 -19.182
102.854 -15.4888
-18.1925 0.0389
-1.24015 1.6159
-0.25482 2.4901
-14.8535 1.5262
-6.7419 2.2399
1.5078 2.8175
4.0476 2.4508
-12.5773 0.8457
0.126 3.7171
-0.58441 3.2
-1.8364 1.2248
-54.6919 2.5857
-5.6415 3.3106
-32.4542 2.8206
1.4509 3.4459
1.4333 3.3812
0.9968 2.2418
4.5951 2.6711
-2.98004 2.3816
2.957 0.8338
0.741 0.1907
-15.152 2.6872
-5.20261 3.6859
-16.7508 2.2911
-4.17303 0.2051
5.2999 3.0315
-0.8069 2.9499
-0.87776 3.8921
-0.83086 2.7553
3.0636 3.0099
1.7368 3.2196
1.8365 2.9637
-6.2763 3.2651
-6.4551 2.7051
-13.7254 2.1456
0.0667 1.8249
7.3155 2.9517
-13.3133 2.1752
-5.31762 2.2324
-3.99365 2.3092
-9.29215 0.6564
4.1987 2.3908
-18.6589 3.1683
3.6358 3.8647
-1.28948 3.5171
3.7934 1.3135
-31.3846 4.379
-2.1344 3.7739
-13.3985 1.8451
2.2759 2.8689
-0.5716 3.6723
0.829 2.5593
2.9962 1.8671
5.5812 3.058
3.1337 2.343
-11.3661 0.4653
2.5761 2.012
2.0444 2.4758
5.405 2.7323
1.3724 2.797
-5.25122 3.5025
2.8061 2.9358
-1.06299 3.0123
1.7532 2.0046
1.733 1.8697
5.8396 3.5693
-0.21453 2.4645
-0.51134 3.3666
-4.31998 3.18
1.375 3.7188
1.0781 3.0339
0.2129 3.423
4.1784 2.521
0.1782 3.7272
0.0781 2.0448
-3.03072 3.5584
3.8438 2.1573
6.9971 3.2336
-6.69017 3.2679
-15.6351 2.7692
-2.8573 2.6429
1.3345 2.7661
-2.10263 1.7007
-12.4079 2.3114
-17.3084 2.945
-2.54139 4.0082
-8.56596 3.7323
3.9905 3.1892
0.4974 4.1498
-1.25292 2.9301
3.2893 2.7332
1.474 3.5306
3.4594 3.3107
-1.83542 3.3285
-4.28992 3.1259
-3.26019 4.1166
5.5553 3.0002
2.3474 3.255
0.4878 3.3097
1.2169 3.8578
9.3126 -2.8486
3.7058 -4.3765
6.1865 -0.4313
-2.20949 -3.4214
4.7954 -2.3612
-12.9287 -4.4383
4.4176 -2.247
1.5893 -3.4126
5.1283 -2.5313
14.4327 -4.419
5.1188 -2.6364
-8.27695 -2.3784
-0.37317 -1.996
9.9241 -0.9433
6.28 -3.2664
-9.17665 -3.7875
2.8118 -1.98
-1.44277 -2.3908
-7.9996 -4.3182
-0.23152 -0.9233
-10.3364 -2.6844
0.1059 -2.5421
-27.4369 -4.411
-5.38729 -2.2788
-0.7186 -1.746
-5.32746 -0.5418
-4.20305 -0.6883
-12.7669 -1.3421
-0.46241 -0.9743
1.6895 -2.533
3.9911 -3.783
-44.7756 -3.547
3.1111 -2.0499
-1.94147 -1.6202
3.9588 -3.591
4.2408 -3.1983
5.9223 -0.0109
11.7185 -4.0801
5.1579 -2.1034
-6.14959 -2.9724
9.2605 -3.0266
-10.8929 -2.786
8.0587 -1.3298
0.3511 -2.0459
-7.2092 -1.4866
2.4303 -2.8436
-2.14367 -4.8059
0.6855 -0.8836
-23.7302 -4.2259
7.3445 -3.027
2.8474 -1.0911
8.4772 -2.8376
-6.87858 -6.7283
13.7573 -2.9341
-10.7651 -2.7941
-0.45966 -2.2143
2.2286 -2.0213
-2.55861 -2.4278
-37.984 -6.0404
16.7154 -3.0405
-1.07764 -1.1087
1.2898 -4.6625
25.3355 -3.4233
1.0099 -4.4801
19.8224 -1.358
9.5521 -2.8971
-2.39301 -2.548
-5.93324 -1.5911
-16.4113 -4.4438
-3.07465 -4.0789
-2.4428 -2.281
8.2084 -2.3503
17.0225 -1.6629
-5.94344 -1.2806
-3.87605 -6.3008
2.4577 -3.4039
6.4226 -2.1739
14.9019 -4.5303
3.4804 -3.7679
15.7677 -2.6234
6.7288 -1.6073
-1.21892 -2.4269
-2.28345 -2.3775
-12.7164 -0.0159
11.1324 -6.4237
-11.2257 -2.082
-23.4026 -2.8276
21.8218 -2.4901
8.4382 -3.3383
11.4933 -3.8895
4.0865 -2.5769
-10.5898 -1.4954
-34.2108 -3.3231
7.5551 -1.9133
3.5806 -1.0368
-0.24252 -2.0532
-2.75662 -2.9879
2.4622 -1.6583
-0.43158 -0.6637
6.6948 -3.9445
73.7986 -25.6317
166.021 -26.76
-7.52449 -23.1445
2.3985 -20.572
33.0947 -30.2195
10.9831 -20.4368
4.1108 -21.209
46.0209 -20.642
13.5696 -19.258
18.8133 -23.8715
-2.3117 -22.1486
25.2256 -26.1953
34.3852 -26.6741
53.4444 -27.2805
3.2931 -25.1138
29.7866 -20.3918
17.473 -22.2443
28.3797 -24.8289
1.2589 -27.052
-0.36827 -25.2011
-5.4419 -18.319
4.728 -27.1136
41.208 -29.0525
4.279 -23.8447
42.0545 -24.1906
59.3613 -19.9613
7.3346 -22.072
29.1318 -24.8935
-2.54894 -24.742
48.4706 -29.7985
1.5389 -22.5239
8.0714 -23.6195
36.0433 -24.9796
8.9428 -23.0284
54.9463 -23.7036
38.6804 -24.714
18.5581 -18.0035
60.7954 -24.542
18.3832 -25.3948
49.3142 -26.4685
28.6753 -20.2154
34.4899 -21.2407
18.759 -18.4739
-0.08522 -24.7854
34.184 -21.5565
-3.88861 -22.1639
42.5021 -21.0106
35.3028 -30.4114
25.024 -19.6954
17.3594 -20.3214
16.2146 -23.356
39.1163 -19.9139
34.2166 -26.0063
16.1775 -21.4244
23.2512 -22.102
4.7886 -26.0298
9.2588 -22.4883
45.7403 -22.0504
-12.9395 -20.4815
0.713 -19.5508
28.8166 -22.6435
11.9965 -22.7415
2.141 -23.4034
12.0712 -28.235
4.0022 -20.1773
-24.0769 -22.654
-6.88976 -23.4672
-3.49196 -20.4165
60.2432 -25.6655
44.2958 -24.5164
6.4558 -24.6569
11.1426 -21.9648
11.3609 -22.5323
33.3424 -22.8657
3.1784 -19.8167
5.2267 -25.2036
65.7274 -24.9626
25.8199 -20.2891
3.1406 -19.8477
21.4302 -28.0383
90.023 -19.0694
35.9268 -26.8927
2.6473 -19.9535
-6.7413 -25.5935
10.3139 -20.369
6.0299 -20.0289
18.801 -22.7465
4.1815 -19.897
12.9589 -21.8696
29.216 -28.4539
32.6222 -22.518
-13.2067 -22.2764
32.9271 -21.1884
17.1445 -21.7417
20.8032 -23.077
-62.059 -20.6735
4.6538 -20.1953
67.1185 -21.3672
-1.52618 -25.0922
44.6634 -23.61
-5.29181 -2.5831
2.1647 -4.1941
-10.7438 -1.2439
-1.68222 -1.1244
-0.02573 2.5631
-11.0989 -2.231
3.4764 0.3606
-7.85442 5.10691
-1.84961 -1.2712
3.429 -1.1507
-2.42575 -0.8184
4.9196 -1.1488
-2.44321 4.9835
-1.90557 -1.7064
-10.0468 -1.9733
-4.19672 -2.3564
-8.3333 -3.9851
-23.6398 -4.1368
-10.1915 -1.8813
3.3514 -1.5956
-0.61373 4.1014
-10.4022 -1.8556
1.5597 -1.863
2.8124 -4.1155
6.868 -1.476
-1.91166 -1.4301
8.2796 -1.2689
7.2492 -6.2181
-0.90803 -4.8614
-5.07111 -0.6575
1.9055 -3.2323
-7.69261 -1.1619
-3.01355 -2.4575
-2.84933 -0.9053
2.7932 -0.298
-1.41452 -3.0143
1.902 -1.2426
-3.22089 -0.3255
-2.17462 -2.3033
-6.06822 -0.4558
-4.88035 -0.8653
15.8002 -2.2525
-16.8461 -0.3847
-4.97785 -3.1267
-2.10759 -2.1812
-34.7406 -1.9345
-2.9961 -0.7594
-10.9343 -1.5928
3.865 -1.614
-23.637 -1.0694
-0.05943 -2.4273
-9.96867 -3.878
2.8771 -2.0637
-0.1563 -1.328
-2.27628 -1.976
-1.06836 4.8248
-2.03464 -2.3107
4.9007 -4.4024
-3.13099 -3.0257
-7.95133 -1.4997
5.7888 -2.0786
0.7634 -4.1929
4.738 -0.2653
3.7818 -4.7584
2.1382 -2.9087
-23.2624 -3.8427
-15.9608 -2.2786
16.4687 -3.6317
12.1703 -0.644
-7.05953 -2.3479
1.6558 0.4149
-6.50425 -1.1992
-34.9158 -2.5932
-12.106 5.5146
4.6229 -0.8932
0.2421 -1.8824
-9.53587 2.9267
-23.4871 -1.4524
4.744 -0.5369
-0.49071 -0.4334
-5.673 -1.4301
-0.59291 -2.1182
2.6328 -1.6197
2.3314 -1.0121
3.2356 -3.1915
-3.32566 -1.399
5.2382 -0.1941
-6.88398 -1.4887
3.7996 -2.2565
-0.28555 -2.4486
0.1603 -2.1893
-3.86726 -1.7755
-18.6037 -1.8857
0.1897 -1.2152
-3.91332 -1.9651
-5.03555 -2.0244
-9.21931 4.9435
-3.44612 -0.3653
-7.65402 -2.0622
-2.53349 -4.0279
0.0748 -2.1732
16.7375 -4.5067
11.174 -0.9104
-11.9273 -0.7895
16.0202 0.5556
-13.9414 3.2751
-0.15626 -0.2328
-26.2743 -2.5059
-10.2155 0.8258
0.8436 -0.8195
20.2768 -0.6327
-14.9688 -1.7403
23.4996 -3.992
-32.4525 -3.0241
1.8876 -0.4355
-3.15418 -1.4167
8.9505 -5.9748
-18.7972 -1.3815
8.943 -0.1929
-2.27704 -1.871
33.5982 -1.0923
-10.4823 0.1072
2.1111 0.4361
-0.4256 -1.4693
-9.40125 -1.2679
30.406 -2.6456
5.7501 0.4439
4.1131 -2.4785
5.8465 -2.014
12.4599 -0.6116
-32.6185 -1.2816
2.5499 -0.9902
1.6168 -1.1715
0.0796 0.0526
-11.6988 -1.9809
9.5333 -0.7192
-3.73205 0.1961
8.4639 -0.8063
-11.4583 -0.7648
-1.42195 3.2275
1.6233 -1.2342
-2.08943 -3.0074
-9.41179 -2.8049
27.1874 -2.8887
3.7948 -3.9766
2.0541 1.7691
-4.09953 -0.805
2.0257 -0.6783
-4.95343 -2.9541
-14.4157 -2.4446
-9.35015 -1.9118
-2.20688 1.1897
-7.8302 1.4277
8.2963 1.5291
2.5282 0.2969
1.5903 -0.906
0.0106 -0.7615
-13.1988 -0.8418
7.5378 -1.3796
3.4071 -0.9049
-2.60727 -1.0836
7.7131 0.1237
20.3172 0.7316
8.0903 -2.6551
6.6722 1.0982
-2.65475 -1.8316
3.5184 0.3397
-16.636 -8.3434
0.9623 1.3999
6.9117 2.8702
-4.38778 -3.3894
-17.1369 -1.4152
4.7756 -1.2088
3.0362 2.414
-12.9732 -1.6235
0.1358 -3.3991
-60.4651 -0.6785
0.3282 -0.3849
-5.83673 -0.1054
15.232 0.551
-14.0636 -3.2283
10.3002 -6.334
11.2214 -1.797
7.0879 -1.4659
-9.0272 1.3842
-2.05563 -1.8788
14.8915 -1.6504
18.054 -0.6861
-26.5529 -1.3434
38.0138 2.2869
3.3075 0.7853
-7.01578 -0.497
-0.39258 -2.825
-2.42585 -5.225
9.2013 -2.5663
18.8659 -1.7221
-0.67906 1.7315
12.7036 0.0724
-8.88236 -1.9941
13.7577 0.1464
17.7548 -13.4883
11.9361 -16.628
41.0906 -18.3969
44.3027 -17.1531
2.3521 -10.5686
20.4317 -11.3128
38.781 -14.5333
-6.73725 -14.2645
9.3183 -12.8415
3.1087 -11.7035
82.8044 -11.9256
52.2753 -17.5352
18.8076 -14.6366
49.2634 -19.1912
18.9316 -11.0264
105.903 -10.4716
10.4764 -19.3387
21.7906 -12.9648
-7.2418 -12.2345
28.5952 -17.2165
74.1035 -12.4335
2.5624 -18.3265
50.3906 -12.9586
-11.5656 -9.7015
95.399 -12.9845
15.5431 -22.7637
22.3083 -13.0768
27.2211 -9.2734
-7.4129 -12.594
9.3287 -11.0865
-8.1545 -9.7895
122.785 -9.5905
59.6276 -13.1056
110.714 -21.9248
2.9109 -14.812
51.344 -28.7868
25.8484 -27.1757
-8.13321 -11.3235
-16.9001 -21.6373
77.9439 -13.743
69.8119 -11.5814
25.2652 -16.5112
-24.9661 -28.88
-4.42485 -15.7435
3.5245 -9.958
32.002 -16.0602
21.6268 -10.0403
32.9266 -15.2482
318.047 -2.5125
37.8268 -14.5914
19.417 -13.8078
3.614 -12.7555
44.2793 -22.6231
-15.0623 -15.307
2.8344 -14.4602
-2.3593 -16.8614
-10.1172 -1.8031
0.1853 -14.2297
11.3795 -12.5751
78.8447 -17.1216
20.9119 -11.3738
-29.2083 -12.1422
27.3327 -11.1727
-15.6713 -2.8338
-12.6379 -19.4015
150.777 -4.0231
51.8785 -15.5333
141.395 -15.345
17.2362 -55.7936
3.3206 -15.9015
1.7625 -18.8295
17.1498 -0.0881
22.8078 -13.0936
64.751 -10.948
34.4366 -16.1152
64.0611 -24.5729
7.6755 -12.0508
-8.46722 -12.7325
0.6796 -13.6348
8.0255 -18.8125
102.023 -0.9125
3.0773 -11.0324
121.762 -13.9598
15.0015 -2.7559
75.3283 -9.2222
53.031 -16.5777
-2.69385 -14.6806
64.1897 -14.8995
262.865 -16.001
97.172 -15.9271
92.1 -9.843
3.8863 -13.0436
1.9158 -15.4339
-15.5819 -23.083
-81.2423 -0.713
-14.8084 -0.1085
-9.78235 -1.6957
-20.1933 -1.866
-42.7359 -0.8185
-6.08681 -1.3648
-47.8455 -2.3269
-90.1412 0.5534
-39.2628 -0.543
-10.8974 -2.409
-11.6592 -1.1434
-12.6671 -0.8865
-8.31265 -2.8105
-20.9618 -0.8333
-43.4838 -7.4806
-156.803 -1.9706
-13.0901 -2.6174
-37.6043 -1.2592
-7.75422 -1.1451
-27.0404 0.814
-53.6063 -5.0915
-21.7295 -5.498
-25.2813 -0.1025
-57.5246 0.3155
-8.98921 0.151
-20.3275 0.1064
-31.4656 -0.9709
-32.1543 -3.403
-32.3408 -2.485
-19.2312 -3.5645
-31.3777 -0.106
-16.1993 -2.1434
-2.81909 -0.7738
-5.13842 -1.766
-12.6447 0.1122
-35.0374 -6.2738
-8.16931 -6.2758
-4.02558 -0.7631
-5.95154 -5.1419
-13.212 -3.239
-21.3751 -1.0145
-47.0948 0.3695
-8.0624 -1.8554
-37.0053 -1.9467
-46.4207 -2.2196
-13.0402 -3.1109
-50.5306 -0.0237
-7.72656 -4.2369
-49.2766 -0.5839
-39.0601 -0.8677
-35.9312 -0.967
-11.6824 -3.8611
-15.2128 -3.414
-32.7364 -2.2838
-17.2185 -3.3645
-17.5997 0.3472
-13.9838 0.0445
-70.5761 -0.2521
-7.02543 -2.4948
-10.2424 -0.2745
-47.9291 -6.0825
-39.8083 -1.0198
-24.1287 -0.4565
-5.56937 0.3097
-88.3216 -3.5102
-7.85077 -1.2244
-25.13 -4.3956
5.3817 0.6421
-21.1793 -4.2589
-81.4039 -0.3912
-13.3118 1.2189
-27.6702 -4.022
-23.0299 -1.1255
-10.3524 -0.7926
-6.21113 -1.124
-12.4629 -0.912
-14.2778 -0.0448
-23.8209 -4.0673
-72.7431 -4.628
-105.074 -1.5262
-72.2751 -4.4813
-4.48273 -5.5213
-36.3618 -2.505
-55.9279 -2.4796
-26.934 -2.057
-49.9681 -6.569
-24.3452 -4.0485
-50.329 0.5625
-8.10467 -0.8272
-7.39621 -0.1851
-22.0149 -0.7108
-28.0494 -0.4565
-25.9595 -6.9759
-9.23488 -0.489
-5.57021 -4.9457
-44.7214 -3.6664
-113.768 -2.7396
-8.78655 -3.2687
-44.4502 -0.0745
-34.4168 -0.4741
-28.3132 -11.2197
-26.0226 -3.903
-6.97144 -2.5094
-44.6665 -6.0652
-10.6089 -1.1149
-36.0602 -3.7386
-10.0948 -3.0714
-10.599 -2.7426
-5.02061 -9.4666
-6.29481 -4.2669
-9.82226 -2.1132
-10.8104 -4.1094
-34.6252 -4.6429
-23.6645 -5.6841
-22.2431 -5.5622
-0.1936 -3.0859
-13.9527 -2.982
-9.80941 -3.6885
-144.44 -7.5826
-49.721 -6.846
-11.5064 -0.4294
-23.334 -4.2039
-43.9335 -11.0882
-36.006 -3.2508
-28.1003 -7.0448
-27.4158 -2.3125
-12.0069 -4.328
-4.87098 -3.9943
-1.59572 -4.645
-56.8276 -0.7839
-50.2918 -1.3095
-2.50409 -1.3496
-37.3056 -3.9479
-11.4189 -6.2096
-11.4331 -2.271
-38.2683 -3.8399
-12.5986 -5.6543
-38.1907 -5.685
-4.41778 -4.4498
-42.7075 -1.69
-12.2211 -5.339
-67.1193 -3.0488
-23.9376 -4.385
-25.5861 -4.6937
-19.865 -5.4188
-41.4793 -2.5982
-13.9931 -4.9755
-35.1225 -3.3116
-5.26448 -8.2723
-66.6033 -3.5621
-1.1688 -6.837
-30.2216 -1.59
-23.1442 -2.1295
-36.663 -3.8441
-11.939 -2.9425
-13.5129 -2.1115
-20.7 -2.7165
-38.4363 -2.2714
-49.2017 -4.3026
-148.5 -8.1301
-16.9037 -1.155
-11.5546 -0.6071
-38.77 -4.9274
-35.9995 -1.2895
-6.69679 -5.1277
1.7891 -4.444
-63.6414 -2.3687
-18.4605 -3.2773
-18.5799 -1.6165
-10.776 -3.0837
-6.35138 -3.4605
-2.87836 -8.309
-24.8249 -1.7865
-88.0566 -11.8075
-10.5154 -2.4305
-13.811 -4.8032
-3.88797 -4.8845
-15.1285 -5.228
-16.5611 -2.0975
-33.3898 -4.4092
-26.3857 -3.358
-9.7127 -1.3363
-49.9246 -3.8197
-16.2806 -2.6418
-39.9436 -2.965
-46.7375 -3.2111
-59.7621 -3.3495
-46.9418 -3.4393
-9.47749 -1.3422
-16.3545 -4.6685
-10.2504 -4.4305
-3.6732 -2.0269
-66.4959 -2.2287
-40.0896 -3.963
-95.2209 -1.6035
-18.8869 -3.5992
-27.1545 -5.981
-28.8735 -3.8469
-26.3524 -2.4128
-1.33417 -5.659
-12.7317 -16.593
-69.8597 -15.1155
-10.2739 -20.3305
-9.89456 -18.7145
-25.5432 -18.058
32.0502 -20.7201
6.8147 -18.3957
-29.0356 -20.2752
-51.645 -18.426
-52.0785 -16.4225
-11.3829 -21.178
-10.7162 -18.3725
-7.37483 -17.2691
-10.4251 -21.4355
-15.6526 -19.8665
1.8158 -18.8323
-9.81881 -17.1591
-38.8464 -22.6535
43.6932 -15.8445
-11.0916 -18.9185
-47.9398 -16.8301
-56.718 -19.4454
-56.8573 -20.1505
-19.2083 -19.4395
-27.377 -21.871
-18.912 -17.5532
-13.4837 -17.8554
22.3393 -17.1223
-31.645 -16.5755
-11.7226 -20.086
-33.9001 -16.9232
-17.4232 -21.0027
-14.472 -24.588
-32.138 -22.2767
-47.2164 -21.0987
-49.7327 -18.7312
-24.0356 -16.8835
-12.0627 -19.16
-11.7231 -20.1562
47.0325 -18.142
-15.6842 -17.8345
-10.2225 -17.9051
32.8909 -18.703
2.4128 -17.8813
-31.1008 -18.6735
-10.6404 -21.7805
-43.8145 -20.6375
-59.4748 -21.0875
-16.3446 -17.6195
-11.7875 -18.319
57.3439 -15.581
24.4971 -18.2035
-41.712 -22.241
-7.34994 -19.5448
-38.874 -17.7942
-6.288 -18.3495
-64.7821 -20.2491
-12.4923 -20.54
-24.9678 -19.227
-58.0464 -16.825
-9.94654 -16.5553
-16.5842 -20.2626
-16.8316 -18.2186
-28.1555 -17.9032
-134.736 -20.1223
-2.47159 -20.7159
-4.83904 -21.8795
-26.0193 -31.4955
-8.73272 -19.046
-72.1265 -17.639
-11.8448 -20.7008
-16.8213 -16.6657
-64.7148 -17.4596
-6.7439 -18.4763
-12.0427 -20.5692
-11.1878 -17.8167
-17.6984 -15.2195
-25.6967 -16.193
-15.8018 -17.9611
45.7671 -18.88
-48.0174 -22.873
-1.84698 -20.2982
-40.1186 -19.1776
14.0941 -19.1885
-85.3364 -21.44
-63.614 -16.509
-40.2431 -20.7456
31.3754 -19.0621
-15.5935 -20.9852
-60.3148 -16.136
11.1465 -19.8443
-24.0573 -17.9165
-53.0628 -21.305
-9.77988 -17.535
-14.8341 -19.161
-76.0427 -20.2055
-5.69678 -22.4854
-8.92197 -19.6419
-39.122 -17.3809
48.3752 -17.1944
7.8495 3.035
0.3712 2.7964
2.2845 4.0265
0.4688 0.81
0.3028 0.8384
0.4445 1.1993
9.5314 2.4448
1.4067 -4.8419
2.2796 3.1741
4.4342 1.3828
1.8956 4.8095
4.9691 6.42475
0.8633 2.5755
0.3609 0.5582
7.8846 1.4019
7.4636 2.3108
0.3786 -2.7483
1.7067 0.5619
7.6645 2.2812
11.388 -0.2199
3.2006 6.7149
7.7148 2.8288
5.1665 0.6395
0.3482 1.9354
-8.30591 6.9283
7.3698 1.2789
7.6142 6.29225
6.4128 5.37445
0.3553 6.56785
-1.87718 1.8109
2.1873 3.2085
4.8411 2.8271
1.5876 1.7644
6.9205 4.04
6.1122 -0.4428
8.9673 -0.0307
13.3421 1.8661
2.2297 6.98515
0.4005 2.4554
7.3674 2.2156
6.6229 4.1923
2.2113 1.5652
5.0836 3.1632
9.7068 -0.1772
2.3564 2.0452
0.3574 0.9427
2.6488 -0.0458
7.3218 1.3865
0.3815 3.628
0.862 3.353
-1.83203 4.921
1.9966 5.76345
0.3743 2.114
4.7662 5.65525
3.0151 1.2047
4.9391 6.27996
14.0587 4.6782
0.5982 2.1203
0.3531 3.0195
6.4452 2.9806
0.8759 6.69398
0.8765 4.9503
1.7726 2.776
1.0975 1.4055
3.83 7.39306
0.628 3.8716
0.3689 0.9589
4.5672 2.2243
0.3574 2.0746
0.3321 2.7353
2.3449 2.5544
0.3666 0.9321
3.442 6.482
3.8788 1.5997
8.5458 3.4834
-0.53273 3.0036
1.3131 0.3593
0.7682 4.2126
0.4618 3.1383
0.3699 0.7605
2.5021 -2.0767
0.3598 7.74622
0.3462 2.2657
5.5929 -1.1746
3.031 0.6991
6.9403 4.7775
0.3241 0.3848
9.7071 1.7828
1.8649 3.5142
7.8577 2.7981
3.5657 1.3358
0.3775 1.7774
0.7966 7.0035
3.243 1.8495
-3.19862 0.0845
0.3668 1.8683
12.7113 2.6002
0.3475 4.7127
0.6617 1.9896
2.5579 6.69586
4.6994 1.1723
10.0594 2.3192
7.1742 0.9964
3.0812 -0.1523
1.103 4.8064
2.7649 3.8479
5.8577 1.749
1.7956 -1.8536
19.9492 4.1966
12.9144 1.646
23.2614 0.0244
1.0176 4.8426
4.9037 2.7598
4.9435 3.2234
2.8876 5.07525
1.0762 2.8348
3.1208 2.9706
6.8724 3.5795
21.3558 2.6707
-4.3661 3.4657
7.2048 2.3262
37.9644 -1.1042
18.6628 2.2484
5.502 3.0022
28.9254 -2.5106
23.7122 2.6845
1.1452 1.137
3.3069 2.0013
24.4228 0.9201
5.3422 0.3019
1.0678 1.5926
19.1028 3.3062
1.8911 2.9879
1.4041 2.1153
8.4924 -5.2523
2.1036 1.542
21.045 3.4942
2.3297 2.0897
1.102 3.5304
3.1255 0.6962
22.1056 4.305
-0.993 2.3117
2.8659 1.8871
19.8873 4.8951
6.9652 3.5742
17.6325 3.3104
3.2457 2.3305
1.1078 2.7632
10.0392 1.3228
2.4578 -1.1611
11.6623 3.7954
8.9862 2.9001
1.0421 3.0275
31.846 2.3919
1.095 -3.0228
1.1216 2.7151
4.5248 2.1097
58.999 2.9055
10.4473 3.5952
14.4467 1.944
15.8738 -0.514
8.9286 0.9596
6.2403 3.6974
9.899 1.8588
13.9823 4.2775
2.5521 1.6077
1.0868 -2.7985
7.4023 2.8944
28.5827 -1.2666
3.2639 3.6476
4.1759 3.0561
14.6788 3.4776
2.8913 -2.7509
3.0235 -0.4147
1.0693 2.6052
4.2458 -0.0061
3.681 1.6704
17.4376 2.5812
1.7268 4.571
0.6584 2.7128
25.2437 2.2157
27.3747 2.3826
1.1175 3.5701
23.355 1.9955
7.353 2.3686
15.7783 2.2948
3.8627 2.3432
17.9668 0.7704
1.0444 0.908
17.1044 3.3279
1.0392 2.9688
1.6361 4.2222
1.0915 1.7016
-2.63254 4.0265
35.7002 -7.7323
0.2602 -0.1689
17.9517 3.2058
1.0733 4.7886
-1.11507 1.6691
19.814 3.7421
150.433 -17.7833
75.6417 -14.7084
39.6676 -6.8199
99.277 -17.9676
48.9739 -11.7788
143.438 -14.211
147.672 -12.2938
67.9958 -18.511
59.751 -18.383
111.277 -8.9337
0.3214 -12.9268
114.478 -11.0001
111.382 -17.2398
37.11 -10.7647
134.779 -10.752
215.992 -15.316
36.1029 -16.9817
3.6152 -12.5471
104.464 -10.8612
14.6045 -16.5709
38.0283 -10.5427
35.645 -15.0153
102.63 -15.0401
123.026 -1.3383
101.45 -3.5968
9.8635 -5.8
16.2361 -14.0768
24.2395 -10.8843
81.411 -10.254
16.6165 -13.5946
41.4445 -13.0084
28.1917 -9.4964
3.6198 -11.3895
45.178 -10.2503
3.5849 -10.5988
75.4154 -18.7974
62.116 -5.5045
44.9431 -18.33
140.241 -1.6369
178.74 -4.3762
52.6479 -20.6212
62.845 -26.1007
65.7575 -10.088
51.172 -10.4635
70.8505 -0.9586
90.01 -23.3287
39.1599 -16.5259
99.168 -11.6971
3.4849 -17.6174
70.5175 -13.4004
83.9038 -10.645
3.542 -11.3718
36.2638 -21.3023
108.643 -15.8951
118.242 -11.9792
21.7594 -1.7737
3.7105 -23.2756
15.8833 -17.4545
75.281 -17.0609
89.4535 -2.3843
64.7105 -1.1419
3.603 -0.1619
58.9072 -9.8108
82.4189 -23.988
3.4785 -9.4355
105.012 -9.6764
3.6485 -28.2304
3.4983 -21.6675
107.905 -10.0205
3.671 -10.0273
3.1301 -10.426
40.6739 -11.3862
34.899 -12.4318
67.655 -18.8736
49.029 -36.4449
159.29 -15.14
3.7173 -10.583
116.597 -2.5001
50.8585 -14.2602
98.233 -12.4943
26.6364 -10.6245
-1.48063 -11.7206
3.6334 -9.874
7.9514 -12.1149
3.6268 -11.859
49.742 -11.2507
48.055 -17.8087
3.4214 3.9623
2.4663 4.372
-1.981 3.9646
5.1014 4.6175
2.9142 3.0377
-8.523 5.11758
0.0176 4.4563
2.4028 4.8677
3.7376 3.5928
-0.65517 4.6298
1.1284 4.2664
2.2077 3.8504
1.8777 3.5758
-1.00962 4.4735
-9.36429 4.1431
-4.08637 4.4585
-3.92901 3.7431
-10.0883 3.8285
-3.38902 5.0158
-11.2363 3.9945
-8.58385 3.2385
-1.79733 3.9385
-7.40339 5.03832
-1.27856 5.25251
2.5844 3.4955
-1.64419 4.2171
-3.63696 1.0084
-1.12894 4.6514
-4.29265 3.3537
1.7386 3.5915
-0.67566 4.3462
3.8913 2.9415
-8.63335 2.8547
3.3165 3.6072
-14.2657 3.5806
1.1418 3.5722
3.7703 4.2293
-5.27364 4.5936
0.1232 4.7745
3.3477 4.9061
1.8496 4.4655
2.6325 3.7279
1.5176 4.7908
-10.3982 4.0285
1.6899 4.7557
-8.76265 4.1414
5.2179 3.4032
-3.24822 4.5539
1.1851 4.3417
-6.85574 4.2832
0.4383 4.2706
2.7039 4.386
-1.15061 3.9703
10.4554 3.548
-1.7784 3.8225
-5.45815 4.6012
4.1018 3.3492
-11.407 3.493
5.0351 4.2714
-6.52903 3.0714
0.9558 3.8284
-1.62986 5.27603
3.4127 2.4254
-24.2209 3.7674
-3.10934 4.4385
2.908 3.8148
-0.55724 3.9347
2.4474 3.7431
-9.1249 4.9866
4.1937 3.6126
3.5242 5.4202
10.2789 4.8039
3.7533 3.6094
0.1625 4.2163
-2.2272 4.1415
0.1669 4.0917
3.0792 3.2552
2.4249 3.6543
6.0178 4.2663
-4.16373 4.2565
1.4312 2.8897
-8.65725 3.2138
-17.4306 3.6313
1.6148 3.1704
1.4163 4.2521
1.7121 4.742
-2.52944 4.0926
1.5526 4.3949
-1.80265 3.3526
-0.76424 4.7743
0.7815 3.8343
2.4756 4.0458
2.0794 3.7106
-1.62833 3.5945
-6.36017 3.901
0.3724 4.3004
-7.06064 3.3685
-1.8799 4.0825
-1.07587 3.78
1.2779 3.8565
-0.99318 -2.9932
-7.5962 -0.295
6.4503 -1.3745
10.5901 -0.1181
1.4512 -0.3122
-6.99347 -0.8636
-5.07875 0.942
-1.00018 -0.7116
4.5304 0.873
-2.40421 -0.3134
-10.616 0.0481
2.8312 -0.9431
11.8267 -1.6252
-4.54299 -3.0857
-5.74542 -0.3653
5.2808 -1.71
5.8233 0.2929
-18.4332 -0.6376
1.7081 0.4673
11.9351 0.5524
-0.60468 -0.7294
8.8306 0.3422
-14.5963 -0.2165
-14.1433 -1.1735
15.7528 -1.7631
9.2592 -0.1029
-2.99873 0.6645
14.4949 -0.5131
5.6873 0.5666
-3.30063 0.4046
3.4875 -1.7901
-4.10007 0.562
0.6498 -1.9138
5.441 -0.53
-12.7914 0.0161
-8.41184 0.7164
11.2601 0.2142
10.6901 -1.2512
-6.67732 -1.4713
2.0548 -0.2572
9.8525 0.2568
-0.8029 -0.4847
-4.38565 -1.3441
5.8046 -1.3175
-8.86027 0.0963
5.4096 -1.7792
9.5889 -1.6986
5.1682 -0.4828
4.5379 0.5142
-11.0995 -0.8806
11.4129 0.6639
6.659 -0.6287
0.52 0.1578
-0.76724 -1.48
8.3803 -2.0255
1.9849 -0.5609
-2.08885 0.8545
-6.20137 -1.0025
3.0702 -1.2751
9.324 0.0394
6.1252 -0.0598
15.7588 0.1967
0.7056 -0.4741
0.1271 0.4326
7.2637 -1.0926
9.2151 1.1364
-39.3191 -0.7238
7.6454 -0.4528
4.2633 -0.4731
-13.6464 -1.7548
-0.71952 -1.4676
4.6627 -0.3538
2.5487 -0.3367
2.567 -0.0517
1.9321 -0.7761
11.6652 -0.4647
4.5986 -0.5018
3.384 -0.5424
2.0367 0.2746
3.524 0.6251
8.1438 0.4094
2.0637 -0.0207
-7.35955 -0.2871
-3.52476 0.7854
-0.63656 0.556
-0.14184 0.5904
3.1572 0.8354
11.4803 -0.5575
1.2871 0.7703
-0.38739 -1.5162
5.2375 -1.0799
-5.19825 -0.9052
4.375 -1.2695
4.841 -1.1424
9.1868 0.8788
-16.9066 0.2884
6.2852 -0.1532
1.8366 -0.4216
14.7441 -0.3505
5.1653 -0.7916
38.897 -16.9649
51.9568 -19.8933
31.2438 -20.4887
49.6915 -17.2215
5.6017 -16.6373
60.4622 -22.034
3.3084 -14.2535
-6.84573 -18.5154
0.0254 -16.1726
20.8081 -19.3937
11.403 -18.7437
22.5338 -18.8194
10.1165 -20.3127
28.935 -17.5408
21.2165 -18.3333
114.502 -16.943
176.38 -20.0175
29.2768 -16.5238
-6.81579 -18.842
53.7948 -13.4468
44.9685 -20.7889
0.988 -17.6443
83.8528 -16.0722
31.3307 -16.1442
30.6423 -16.0925
43.76 -18.9452
100.304 -18.2904
46.0557 -18.4617
14.5877 -19.8419
3.3002 -22.107
50.5581 -17.788
35.8991 -20.9657
29.2572 -17.6871
35.455 -16.0299
67.915 -18.7812
4.3272 -19.4699
4.1371 -19.6031
105.298 -17.6681
14.8825 -16.4386
9.1323 -15.6606
13.3796 -19.5743
8.4083 -21.9042
65.7734 -20.2345
9.0127 -14.3661
27.8444 -14.4484
29.963 -25.35
17.6397 -19.4543
48.2839 -16.2755
-9.43412 -17.9453
15.1387 -18.4889
9.1438 -18.0613
0.9717 -18.324
8.5429 -20.67
25.2195 -19.436
29.1044 -19.676
86.0855 -17.339
71.449 -21.8734
32.5601 -20.5508
53.0475 -15.5511
6.8055 -22.7495
15.2889 -17.7146
43.9678 -21.3514
35.7155 -20.4008
16.907 -17.3045
73.0105 -16.5255
139.418 -18.9485
2.5103 -18.4168
5.7818 -17.5014
2.3521 -22.4292
0.1547 -20.6088
81.6576 -16.275
30.7985 -20.5208
27.193 -20.7394
-0.38631 -19.9372
91.309 -17.5474
1.1369 -20.0275
13.4625 -16.7143
45.9898 -18.6586
25.2825 -14.3222
8.4071 -19.9751
83.3424 -17.525
-0.02495 -17.824
34.5913 -18.5205
3.3743 -16.824
57.976 -19.5968
93.944 -17.4395
80.5934 -17.3274
32.2081 -15.8636
128.186 -16.568
9.7544 -18.1321
-0.504 -19.8177
91.911 -18.0071
51.4612 -20.1587
41.7651 -22.3596
80.1063 -18.338
12.622 -19.4614
19.8187 -19.6995
19.8762 -18.5785
5.03 -17.9682
22.3773 -20.856
-10.5238 -6.8431
0.4937 -2.9864
-0.88969 -1.232
-22.9315 -2.7489
-14.458 -0.7584
0.4108 -1.4775
-6.17082 -0.5996
-6.97044 -0.9738
7.7034 -0.757
-7.12757 -0.4674
0.6496 -0.0202
3.7599 -3.1326
2.6705 -4.1984
1.9979 -1.2452
-7.90785 -0.5151
-8.53899 -1.3761
-11.637 0.1853
-0.62954 -1.9563
-18.8721 -0.5777
4.7195 -1.6853
0.7434 -2.4348
-6.83777 -4.6431
-13.5159 -0.0542
16.1791 -1.7859
-4.45863 -1.8851
-6.37872 4.876
-9.14127 0.3575
-3.99174 -0.0779
5.4753 -3.2466
8.5727 -0.0822
4.1392 -0.9263
-15.0807 5.065
-7.34971 -1.7194
5.4314 -2.1299
-0.37755 -0.5342
-4.98231 -0.7585
-2.09738 -1.1811
0.4534 -0.0352
5.0448 -1.3319
3.7886 -0.8806
5.936 -0.8957
-9.57372 -1.1291
-14.6783 5.6023
-6.5278 0.3277
-5.97255 -3.9693
0.9649 -0.6311
-0.49851 -1.912
-14.7754 -4.414
-12.1779 5.5572
0.6064 -2.0688
3.1381 -0.8067
-1.58788 -0.5017
-12.335 -1.1567
-3.5793 -1.489
-6.98984 -2.7247
0.5468 -0.4528
-7.22238 -1.7724
-8.3032 0.1034
-12.7037 -2.0497
-12.2564 -2.9956
-2.29401 -0.1346
5.3727 -1.8926
-6.79552 5.3787
-10.7324 -1.3072
2.5996 5.27375
-2.61147 -3.2737
-10.2061 -2.0826
-6.32817 -0.8594
-1.14804 -1.6397
-7.4032 -2.0728
-0.32977 -1.3169
-8.45735 -1.0579
-10.4756 -0.1632
-6.77912 -0.4601
3.7431 -4.4738
6.2589 -1.3691
-2.7333 -0.8791
-20.0061 -0.7074
-9.80835 -2.6615
-1.26619 -2.8065
7.9049 -1.6959
0.9094 -1.166
-32.2184 -3.2704
-9.85342 -0.9798
-9.6935 -0.7533
-0.71 -2.2992
-6.32734 -0.5148
5.0436 -0.7093
-4.04272 -1.102
-11.7315 -1.7452
-0.16468 -0.2577
-2.62158 -1.1042
-1.58 -1.1442
-2.64336 -1.2767
-2.5733 -1.428
-6.81806 -3.293
-1.05783 0.1469
-17.8606 3.9161
-3.49133 -1.4742
5.9575 -2.1571
13.6544 0.2375
9.0618 1.1914
15.8097 2.5173
-10.3079 1.4881
-16.1233 0.861
23.2106 -2.623
0.5643 -1.5631
-2.37563 0.7295
13.6098 -0.5161
-5.85597 -1.9466
-2.62439 -0.204
1.7904 -1.9661
-4.00154 0.9862
-5.58532 1.6892
-13.3225 -3.2041
4.8467 -1.8911
-14.3443 0.7904
20.3813 -0.9002
-10.8191 -0.2025
20.0497 0.5076
17.1924 -2.8471
-0.38267 3.2051
1.943 -1.4699
9.2264 0.341
-3.84734 -0.4801
6.0125 -0.9484
-2.75466 1.6425
3.1991 3.5071
27.5153 0.2973
18.7973 -1.397
-5.53985 1.9587
6.9089 0.8347
11.3288 -0.4797
3.8467 -0.1981
10.5234 -1.1123
-13.5911 -2.0073
20.436 -0.1863
2.4506 -0.0906
8.9539 -3.6785
4.7778 -0.4947
9.8488 -2.2926
-20.1568 -5.5035
14.6312 -3.4146
-4.5514 -0.9002
-0.93853 -6.3462
7.2509 -0.7872
12.7299 -0.7036
5.1122 -0.4318
3.5254 -1.9626
0.8001 -0.1017
-5.42104 0.6092
-7.93569 -0.8797
6.9899 -0.8633
-5.64531 -0.3512
-6.13799 -1.5037
-11.6991 -0.6771
-0.4706 -2.095
17.5605 1.1109
-1.80837 2.4519
-7.68439 1.0087
-4.78807 0.2418
-14.1088 -0.4716
1.8755 -1.8351
-1.29471 0.2328
10.8405 -2.3216
-4.76389 -1.8976
-8.17783 -0.416
7.6394 -9.4443
-25.3442 0.4439
21.9296 -1.0844
-9.15658 -0.9238
5.0945 0.0257
3.3696 3.2084
1.2525 -0.7547
-18.3661 1.6182
18.4736 -0.9108
16.0328 -1.489
5.441 -3.9731
7.5864 -2.2709
13.5445 -2.2504
1.7739 0.7248
0.8149 -1.8029
2.6587 -0.0593
-1.07033 -1.0307
-11.058 3.5417
21.7732 0.0408
-1.9136 0.9855
-10.0702 -0.3382
-15.7971 -1.4958
11.6981 -3.877
-18.0083 -3.9515
5.5334 -2.1354
5.0907 3.1748
5.0521 -1.2597
-16.5112 0.8829
-13.784 -0.876
24.4141 -1.9545
-4.3794 -2.9935
7.9171 0.9282
-3.16519 -1.9153
69.1553 -15.1325
88.6707 -16.4372
113.704 -14.8291
101.394 -1.8839
84.1666 -15.9937
38.6713 -21.2488
81.7754 -12.2199
12.5085 -11.9932
160.492 -9.009
108.253 -12.6395
-5.81102 -12.7053
187.105 -13.9485
72.0262 -10.9106
45.4434 -11.3066
11.3816 -13.7486
27.091 -7.7123
20.8268 -10.5925
-32.4322 -17.6305
-0.75737 -13.7445
2.9925 -13.4744
2.2866 -19.3835
88.0623 -12.0846
41.6308 -10.3843
58.5232 -27.7904
-8.85654 -13.001
212.162 -11.1875
89.2303 -17.4318
90.409 -14.5973
50.1634 -28.6767
3.9773 -12.7604
2.4326 -18.2195
-2.04544 -13.171
51.3483 -15.4072
10.318 -13.3925
139.339 -9.1463
55.2186 -10.2284
86.4213 -14.196
144.08 -10.8355
94.361 -12.079
1.1876 -12.8279
17.5332 -14.9998
310.054 -13.5985
132.444 -14.112
43.537 -8.7279
15.2222 -4.8164
2.8925 -10.5117
240.989 -0.845
60.6764 -19.3066
17.015 -17.189
31.417 -10.429
4.1011 -4.9794
115.75 -1.3956
15.9139 -15.5233
10.3791 -12.6556
-5.14505 -9.6703
-6.1528 -10.5586
36.0163 -22.6199
57.3407 -12.3497
0.4059 -12.429
55.48 -14.046
54.8847 -11.5275
61.3098 -17.3453
124.87 -13.5594
-3.44495 -10.0353
3.1055 -24.1566
-12.4606 -14.7148
37.5539 -9.7864
-10.0491 -15.4045
16.5611 -10.6947
-18.4629 -5.565
-7.37697 -2.3606
93.303 -13.4556
-1.06831 -10.854
35.8249 -9.3577
85.3958 -20.2225
-16.0511 -14.9175
127.411 -18.5445
92.518 -10.7042
3.7126 -14.2858
135.592 -9.1455
131.227 -15.5159
183.922 -14.459
117.006 -17.0093
91.108 -14.1366
2.3863 -57.029
63.7812 -11.362
104.427 -18.518
45.4694 -12.2154
14.7744 -18.193
17.0623 -14.7345
24.0903 -12.2971
47.9152 -8.3587
38.3495 -13.1295
66.8158 -11.2707
35.6477 -11.6995
-8.7537 0.3382
-6.52371 -3.5945
-25.4787 1.211
-5.14161 -2.4125
-9.20988 1.3148
-10.183 -2.6015
-35.8642 1.3948
-18.5243 0.3901
-20.5958 0.0897
-14.4575 0.8728
-32.0172 -0.4523
-69.7796 -0.3868
-21.081 1.0689
-40.4014 -1.0594
-10.8116 -1.1482
-43.8062 1.0153
-74.3347 0.886
-10.3389 1.2848
-9.32145 -4.02
-0.51825 1.0275
-42.2818 0.8175
-18.3737 0.7159
-12.8492 1.1151
0.7801 0.6884
-36.586 0.3415
-61.1078 0.1842
-18.5434 1.0562
-22.8779 -1.6345
-10.9191 0.5818
-17.4304 1.0345
-35.0472 -3.3069
-7.93548 1.1132
-13.7008 -2.5942
-24.7276 0.0466
-6.96439 -0.8939
-11.0437 1.5827
-12.3524 -0.3265
-9.3873 0.1271
-26.2657 0.271
-93.0875 -0.2426
-29.4721 -0.7844
-21.2388 0.5361
-9.10266 -0.4567
-39.2836 -0.257
-21.7569 0.0676
-10.3669 -2.8036
-9.80109 0.785
-39.8362 0.0993
-69.9664 -0.1974
-43.6913 -2.1023
-7.8162 0.3922
-38.2054 1.6623
-23.0724 1.605
-85.1521 -0.0032
-10.6864 -0.7843
-34.2608 0.909
-9.68356 0.7599
0.4063 -1.7614
-8.17047 -2.3371
-7.83225 1.3192
-63.7559 0.3821
-5.15381 1.6321
-60.2011 0.4783
-7.36633 1.2546
-44.3119 -1.677
-22.7994 -1.1576
-11.1432 0.216
-39.798 0.8175
-27.2415 0.9395
-8.83537 -0.3851
-7.4495 -0.4213
-31.0639 -1.1763
-14.9512 -0.2686
-18.6791 1.3147
-9.1678 0.7189
-21.4383 1.0535
-43.5355 0.54
-32.1166 0.7105
-48.0027 -0.5595
-6.67108 -0.4367
-76.2435 1.308
-11.2462 1.2657
-62.5868 -0.7563
-25.9987 -0.428
-19.1165 0.1147
-21.7019 0.7828
-50.3269 0.8165
-30.1677 0.525
-28.595 -1.8005
-8.80376 0.6657
-12.6158 1.4278
-51.0155 -1.6189
-55.6865 -0.4007
-7.18936 0.2629
-92.2117 -0.0922
-63.5486 1.1969
-12.1277 0.8515
-10.8857 -1.4595
-69.0654 0.4025
-27.9916 -0.187
-43.0761 -2.904
-7.71248 -4.0905
-11.2396 1.1789
-21.5044 -2.3127
-57.4107 -0.9375
-30.9552 -1.849
-8.46289 -0.8883
-7.46121 -0.0892
-54.7762 -2.3357
14.5381 -4.2253
-18.1506 0.3537
-19.4571 -5.7121
-42.6845 -0.4125
-16.4366 -4.7635
-28.9007 -0.021
-10.3959 -1.6813
-26.5748 -1.1785
-22.2853 -0.954
-8.98427 -2.0695
-70.5013 -1.5307
-17.1554 -0.1995
-32.8788 -1.0398
-14.0802 -1.7225
-5.21771 0.7338
-67.8959 0.4729
-30.3383 -1.1162
-44.1081 0.5785
-53.2099 -1.4262
-31.3079 -2.1487
-22.5917 -3.2496
-17.6623 -0.0274
-84.254 0.0162
-23.1455 -1.2447
-3.43887 -0.7121
-19.1429 -2.3712
-13.8854 -0.3125
-33.3261 -4.1735
-0.89711 -0.5892
-53.0979 -2.9104
-42.5892 -1.3993
-18.4979 -0.8465
-10.9955 0.0107
-8.99862 -0.8132
-37.0917 -1.8714
-18.6681 -2.2418
-57.9608 -0.9031
-5.71143 -3.0448
-28.2409 -1.6828
-24.8422 0.229
-10.8307 -1.0523
-17.2325 -2.3368
-60.992 -1.0445
-23.6017 -6.2272
-8.43128 -2.5789
-9.11964 -0.883
-108.731 -3.57
-38.5052 -0.656
-14.4576 -2.4669
-12.8651 -2.9905
-11.2532 -2.1182
-11.1565 0.6025
-26.1481 -0.8135
-14.3202 0.3915
-20.3905 -0.1689
-36.7621 -1.4334
-34.8822 0.5399
-2.29156 -3.519
-57.2212 -3.3615
-41.784 -0.5289
-17.3205 -0.4335
-5.84256 -2.3672
-30.6125 -4.1095
-10.1704 0.5175
-45.5113 -0.8557
-27.4717 -2.499
-7.53315 -2.4109
-91.2488 -1.9966
-17.3084 -0.635
-28.0579 0.3356
-3.67476 -1.7678
-61.2825 -2.9474
-21.5673 -2.425
-5.30565 0.4092
-26.5445 -1.3774
-11.5159 -0.0229
-14.0365 -1.3031
-25.9111 -1.6584
-65.9436 -1.701
-16.883 -0.5415
-7.27649 -1.3593
-22.1702 -2.1929
-18.3255 -2.6314
-10.3451 -1.234
-25.0247 -1.278
-18.3511 -0.7328
-25.9404 -0.8408
-22.6468 -0.8475
-9.92018 -3.3152
-2.22247 -2.3625
-94.5406 -1.1322
-0.36082 -19.2065
-51.7309 -17.9805
12.7305 -19.339
-26.7006 -17.7595
-26.2162 -19.318
-14.3918 -21.9275
54.017 -21.6549
27.2923 -14.5725
-20.3016 -18.5497
17.3072 -22.0982
-26.4429 -16.9962
108.213 -16.2837
-2.1951 -17.5572
-2.46491 -17.677
-13.2773 -14.65
-7.4918 -22.8247
-36.9096 -16.5221
-43.416 -17.8666
-3.8484 -19.5731
-15.5118 -17.688
-0.56815 -18.671
4.2323 -21.1475
-29.5303 -15.0221
-4.76766 -15.6272
50.723 -17.7467
-9.87409 -18.7276
25.8497 -17.7202
-12.7741 -16.55
-4.47515 -17.9765
22.2111 -15.8837
-13.8403 -23.4708
-36.4038 -15.2797
-38.5968 -19.0639
1.0794 -19.7225
2.1227 -19.122
-20.6874 -15.7315
19.4963 -17.4746
-32.3048 -14.3403
-1.29085 -18.6221
-12.183 -19.316
-50.2357 -16.7002
-3.26872 -16.7506
7.1575 -20.5486
-23.5033 -18.5525
-8.4612 -17.218
-10.9461 -18.8757
23.8 -12.7922
-16.3224 -17.6983
12.6889 -21.1678
-39.883 -17.2276
5.3168 -17.8148
4.6894 -21.171
-10.5123 -19.1374
-16.4619 -18.812
-80.1879 -16.5725
-13.375 -16.5775
-21.9905 -15.1068
-4.77441 -18.617
75.2742 -17.0259
-6.90986 -17.1619
23.0805 -14.6594
-11.6646 -15.8858
-40.0582 -18.0753
13.9269 -17.1872
-46.576 -17.6556
-11.9987 -16.5684
-27.9229 -18.8607
-0.14952 -19.8754
32.8701 -17.761
35.6178 -20.996
-8.23058 -15.2705
-27.2377 -16.491
6.2735 -18.256
-11.3188 -18.597
-32.9551 -19.054
-27.0324 -16.1312
20.1635 -18.8392
-18.5774 -18.5744
-16.7816 -19.887
-77.7936 -17.1564
14.5084 -19.526
8.806 -17.9865
18.7646 -18.9214
69.2215 -17.0818
19.0092 -14.0335
-10.5555 -17.3781
-22.6115 -17.7619
-33.0953 -20.501
5.2571 -19.3901
7.9349 -17.5413
-92.8589 -19.7638
90.638 -19.19
-10.7242 -16.005
-10.698 -17.3874
-13.2824 -15.1405
-30.2981 -17.0255
-31.1737 -16.2765
-6.6629 -16.5277
24.3114 -15.0965
58.0227 -17.511
0.3694 2.6406
10.6721 3.4032
2.7044 2.0436
13.7781 2.3588
2.4292 2.564
11.9278 2.5543
2.0089 6.84725
-0.79262 3.6456
4.6608 1.9528
0.4688 -0.0269
-0.5256 2.3248
4.0456 3.1758
5.5011 1.2267
0.8967 2.4608
11.0809 2.0197
18.97 2.3476
4.3195 3.5975
5.6355 1.1719
2.6582 2.7714
2.1723 3.9758
0.6834 1.3965
0.6988 7.99397
3.6646 3.0299
7.013 2.7192
9.347 1.0193
2.1663 6.24143
3.2155 5.42165
0.9065 0.5714
4.8075 2.8672
4.4359 3.076
6.1236 3.7268
1.7412 6.96575
-0.40806 3.1907
6.8509 3.3679
0.3573 2.9328
4.3582 1.7569
1.8819 2.3747
2.6201 -0.4287
3.8127 4.3217
2.0899 6.84574
6.0536 2.1272
-0.61023 2.5974
2.0625 0.9518
0.3721 6.26944
0.3557 3.3678
-3.90498 3.0601
2.7052 1.0777
0.8103 3.0782
6.3519 0.8442
5.5981 6.05845
1.1387 5.98901
0.3605 1.8926
8.2114 6.21365
1.816 6.91874
4.6494 2.5418
5.9979 3.8728
6.1615 0.4139
0.365 3.5648
0.3799 3.9802
10.1674 2.1764
5.1495 7.14648
3.167 2.6153
1.951 4.9924
2.6231 2.02
6.2073 2.2981
-8.34085 6.755
1.3402 3.2654
3.6774 2.2256
6.2717 3.1042
4.1313 7.00405
2.6542 4.1452
0.9359 2.9726
0.3729 6.93441
1.4377 3.8872
3.0794 2.4356
5.4552 1.8545
0.1753 5.98114
2.1174 1.2224
2.132 2.4141
4.3799 -1.6954
0.3697 3.2015
-0.57149 4.4239
0.3614 3.4075
5.35 5.78595
0.3489 5.59394
4.547 2.6222
0.4069 5.8437
4.6985 1.3523
0.3509 4.9064
6.2902 0.6101
3.543 4.8206
-1.76357 1.9867
1.6938 6.71615
3.2616 2.9921
0.3516 1.4878
9.7151 4.1171
-0.91177 0.6644
4.0704 3.0938
0.3564 3.9991
1.9965 3.4856
55.017 3.263
1.0788 0.1567
6.6799 1.516
1.189 1.7744
41.6875 1.9069
19.1913 3.8304
19.4604 2.338
24.9806 2.0095
2.0485 3.5116
1.1343 1.7924
2.4605 2.6472
8.4056 2.2813
7.5511 1.1469
32.2389 0.8495
8.1718 4.9226
5.9967 1.568
4.66 2.6001
2.043 2.7637
12.9763 2.744
1.0903 2.9287
1.1102 3.6678
40.6008 2.3606
1.5659 4.7145
0.409 4.7967
9.0841 4.0408
6.1519 1.8579
1.114 2.7338
1.1642 2.0034
2.06 4.3825
19.6214 2.9152
7.3746 4.1523
20.5416 3.2182
19.9462 4.0343
14.0321 0.8505
2.2446 2.179
1.0802 3.3347
4.1423 3.1957
0.5019 3.6058
7.8299 2.72
33.9681 5.03855
38.7346 3.5786
1.1461 3.7155
41.074 4.517
19.931 2.9259
6.2868 0.8836
24.8268 3.2799
1.0815 3.2405
0.9685 4.8817
22.3869 1.2598
41.6827 4.2771
1.0969 4.2092
8.8287 1.882
3.9884 2.0609
6.7872 4.4033
2.7606 2.7781
7.6135 2.5965
5.7835 3.1872
13.0139 3.2358
1.1584 1.9443
9.2369 5.3299
11.88 1.8929
23.5653 3.8883
14.8221 2.9151
3.1005 -0.3653
3.3618 4.6998
7.1496 -1.173
8.2925 1.9655
2.3037 3.8252
1.0986 2.2568
14.8615 4.6826
17.349 2.8403
6.6478 3.3067
13.2685 3.4486
-2.27245 2.3843
6.664 3.2652
1.7754 3.1477
31.2179 2.9058
7.7204 3.9634
3.7445 0.2607
4.5904 3.0417
31.8888 1.7573
10.0653 2.633
24.33 -0.8711
3.6672 0.5576
-0.03488 3.9196
23.0972 3.513
-0.00259 1.425
4.4382 2.5451
9.8302 2.2027
4.9228 2.0833
34.3717 3.1391
34.0942 4.8269
1.0877 2.8418
1.0975 3.9228
1.7015 2.2988
13.3889 3.2841
28.4521 0.6476
23.1072 3.0212
5.0961 2.9436
6.2181 -1.3326
65.2495 -22.1255
40.072 -0.3956
38.3458 -7.2538
194.445 -2.32
46.744 -9.5844
24.8551 -1.1499
153.597 -11.7598
3.6006 -11.2345
34.3377 -5.483
61.5855 -3.641
3.6072 -6.1325
75.0805 -11.0955
128.338 -13.2475
26.0563 -16.9084
14.9844 -9.17
148.94 -4.1648
78.3759 -20.8372
3.5967 -11.374
54.19 -14.4073
3.5774 -22.576
89.9684 -1.0678
63.569 -0.8658
3.6055 -9.278
264.773 -5.9956
245.008 -1.535
101.688 -24.3522
112.535 -12.4126
38.5467 -11.0983
20.1441 -16.1007
71.7875 -11.344
3.43 -2.6156
23.7362 -5.4946
113.631 -10.6356
101.337 -5.0896
67.353 -0.4757
41.7757 -10.4727
1.9278 -12.2163
214.577 -11.8865
101.115 -8.3752
144.016 -13.7704
56.4639 -12.4575
181.821 -11.0395
79.616 -4.1956
126.916 -9.8961
3.5491 -14.1135
21.1717 -10.0249
76.598 -8.9577
22.8165 -15.0211
36.2497 -9.177
192.313 -4.5587
190.816 -14.546
37.0021 -13.1042
96.535 -11.8205
5.4525 -11.6085
3.5831 -11.3114
150.614 -13.7825
95.228 -16.9633
56.5925 -12.1619
34.7281 -18.6828
3.5941 -13.7205
58.123 -11.0005
149.934 -3.3774
125.721 -23.0004
40.6988 -9.8744
3.4713 -12.3935
43.8558 -4.8993
90.8 -18.8379
7.4349 -15.7123
47.8351 -1.3368
23.8614 -10.8478
64.3662 -11.5467
20.0104 -17.5092
3.5794 -10.7397
49.1895 -12.9846
5.4784 -5.7516
20.2166 -10.8
88.236 -12.8246
3.7142 -22.496
15.9758 -4.402
176.457 -5.6562
74.266 -17.1666
40.096 -14.9533
3.5343 -2.9494
1.3979 4.8864
-0.60978 4.721
-6.98936 5.44465
0.5148 4.5012
-16.3528 5.3836
3.3884 5.552
-7.32365 4.9972
-0.81376 4.4109
1.116 4.424
0.3873 4.3173
-1.03261 4.4657
1.9571 4.1625
1.2746 4.7908
4.3037 5.21372
-6.25624 5.30283
1.0194 4.5008
1.2473 4.4656
-10.0852 4.34
-1.02416 5.92272
-1.8163 3.9562
2.6782 4.2844
3.6198 4.3735
1.0993 5.03158
-8.61015 4.0139
2.1972 5.14122
2.2002 4.7225
-3.07743 4.4338
-0.84847 4.8788
1.1678 4.3227
5.1133 4.784
-24.6805 3.9887
-1.85131 5.12193
-6.17448 4.9109
-5.0983 5.2763
-10.3491 4.5912
-1.80363 4.4872
-0.39826 3.4575
-3.11666 5.1384
-0.3431 4.1763
-15.2267 3.4368
2.0452 4.8977
-6.6465 5.08355
4.2505 4.799
4.6107 4.4401
-18.1556 4.8855
0.5308 5.2003
-4.66805 3.9
0.8864 4.3873
2.0541 4.5507
3.6596 4.4196
-1.40939 4.5413
1.3353 5.17013
-5.45289 4.3444
-9.17095 4.3556
1.732 4.1245
1.2778 5.36905
0.3898 4.0394
1.7012 4.9258
1.1921 5.29976
2.9857 4.9466
3.3276 5.45401
1.1122 4.326
3.5017 4.6206
-7.00315 3.9505
2.3236 4.8742
-2.20096 4.5762
1.6083 5.29861
1.1947 3.4862
0.8291 4.4455
-10.2622 4.4606
2.1898 5.30683
-0.44489 4.7942
-7.12448 5.43991
-0.30114 4.3998
-4.51372 4.4876
1.2437 4.2159
0.3093 4.6166
1.8265 4.3034
-1.95633 4.5382
-0.1885 3.5725
-10.5262 4.732
3.4589 4.1753
-5.46848 4.7723
-13.8255 4.5067
-1.27661 5.2556
-2.12693 4.9472
-8.85416 5.10965
0.3242 4.8973
-2.0427 4.9757
0.3946 4.0723
-1.34354 4.7403
1.8207 4.8925
-2.81773 4.9381
-4.03462 5.0494
3.3649 4.5524
0.4459 5.36718
-1.01267 4.1717
1.0741 4.3458
-8.8806 4.3331
5.973 3.8584
13.9657 -0.5414
-8.55703 0.4139
-25.1075 -0.8416
-12.2042 1.5194
11.2849 1.0993
14.8885 0.7838
4.5116 1.377
-0.21421 1.2932
1.3627 1.0007
6.0646 0.4412
-0.69991 0.7341
1.7112 0.0961
8.9503 1.3053
-1.51201 1.3483
10.2654 1.2688
3.4346 -0.3793
1.4751 0.4233
7.9602 0.1414
0.697 -0.1293
4.588 1.2026
3.4619 -1.1702
-0.67061 1.9005
5.0215 1.7217
-8.68448 1.8919
-1.71486 -0.5363
7.0947 0.4643
2.0987 1.7713
-1.07098 1.6849
-3.56307 0.0477
10.5848 0.3056
10.6669 0.503
3.9517 0.1314
-2.0898 0.6194
1.8302 1.3406
1.3401 2.2292
-3.85923 0.558
11.3769 1.0397
4.026 -1.1031
12.5569 1.1993
6.4456 0.576
2.9233 0.2136
-5.21775 1.0987
10.9342 1.3558
-0.32966 0.3067
8.44 0.5085
0.2614 1.0931
-1.49953 0.7535
-14.0458 0.789
0.7242 0.2852
-8.9491 0.7882
-4.35501 0.4256
5.7093 0.8267
0.6471 -0.1018
6.8403 0.5206
-4.70028 -0.2113
10.8174 0.5746
6.5526 1.1181
5.6489 -0.294
2.5302 1.465
-3.2887 -0.0416
13.6949 0.0469
8.9493 -0.3524
-10.8373 -0.0921
-4.4065 1.148
2.1497 0.1559
8.4315 -1.5032
2.7164 0.266
5.4416 0.6402
2.0731 0.3797
1.9249 1.2926
2.1106 -0.0846
-6.64162 -0.4317
3.7338 1.0965
3.0848 1.1054
4.4982 0.5548
7.2789 -0.714
13.1716 1.7569
3.6156 -0.2373
5.3139 1.1441
0.276 0.2068
2.5981 0.9245
4.6087 0.9992
3.1754 0.2634
6.0354 0.2109
8.1921 2.142
1.8899 0.1823
0.3153 1.6642
3.1647 -0.7577
1.6821 1.3245
-6.99295 0.1139
7.2283 0.2145
-4.09872 0.8214
5.7507 -0.2172
2.5273 0.8455
3.0544 -0.0037
3.6585 -0.1778
-2.2325 1.064
1.9319 1.0159
3.2962 1.1153
14.4737 -0.0086
1.1446 -17.3521
63.1507 -16.8705
4.2985 -18.1985
170.089 -19.9912
76.2805 -16.5455
14.2014 -19.2738
32.5945 -16.5945
36.7854 -19.4093
38.7855 -16.664
20.5673 -15.7728
20.8774 -16.3835
52.6712 -16.7545
1.5308 -18.8385
69.6376 -21.0371
66.7054 -16.5195
82.2764 -19.3832
18.8066 -16.653
176.579 -18.6625
1.345 -18.9109
59.4894 -14.4331
-1.82378 -16.6095
69.0511 -17.5025
132.83 -14.7447
22.8641 -16.4881
47.1372 -16.829
-19.8676 -19.3409
14.0604 -13.2115
86.3098 -17.2608
-3.46295 -17.2023
123.044 -15.2785
-3.26302 -16.5599
55.3554 -22.2552
19.5335 -16.6266
16.5307 -19.7287
-9.0003 -16.9412
2.2477 -19.0045
73.9864 -14.5226
38.5817 -17.5023
4.2088 -18.005
-8.4146 -14.4648
2.5119 -15.298
41.7249 -16.6025
3.4322 -18.998
35.6623 -17.6155
31.0756 -18.4632
34.0595 -13.5585
4.2856 -20.0819
40.6499 -17.1722
118.134 -16.5019
15.5972 -18.4336
181.37 -19.012
24.3737 -17.0354
73.6111 -15.3285
-7.97319 -18.877
-17.7082 -16.6978
114.007 -18.8691
23.274 -16.9895
42.9878 -18.1481
11.3599 -17.78
43.6955 -17.3843
-10.1235 -19.8492
2.148 -16.6482
44.1418 -15.6845
8.9651 -17.1999
149.326 -16.7875
10.8864 -17.3514
60.7006 -16.4827
102.348 -31.639
125.624 -19.6415
54.4071 -14.905
1.0377 -17.2882
70.2903 -16.251
113.655 -16.268
-24.7009 -15.4755
20.5123 -18.1962
8.1683 -14.4318
68.4 -22.1923
-6.88568 -18.196
3.7909 -18.3616
39.3273 -26.15
-0.23516 -16.4771
69.8293 -17.1486
17.765 -15.7176
88.1646 -16.8434
78.6409 -14.3458
17.6396 -17.8703
20.2827 -16.6355
20.6333 -13.1587
16.2611 -19.6407
25.0344 -15.011
58.9966 -17.7407
117.812 -21.2972
27.0151 -16.3845
71.9767 -17.1588
19.6123 -15.2821
19.4791 -17.786
69.4851 -15.4205
4.4148 -16.3685
48.2918 -16.3005
33.879 -16.0272
