-14.9637 -154.782
-6.0562 -104.767
-117.215 -1.096
-47.0416 38.6572
-21.2055 -50.442
-22.7836 -8.893
-22.1966 -180.022
-113.945 -35.77
-30.0364 -66.078
-82.2357 -66.731
-13.8208 -2.178
-5.5349 -122.722
-38.6246 24.0106
-51.7252 -43.943
-13.9725 3.7269
-304.183 -53.204
10.714 -67.985
-47.8581 -3.127
-110.562 -70.113
-7.967 17.8644
-20.4796 -16.8
-4.3158 -14.09
-20.4445 -12.605
4.70754 -125.404
-33.1604 24.4387
-119.735 -7.121
-415.098 -14.011
-0.9511 -7.77
-123.699 37.4806
-20.0834 37.4937
-44.9217 -27.378
-29.6004 -36.438
-14.3282 -16.203
-149.555 -12.337
-26.0055 -26.837
-70.9586 -13.797
-116.925 -15.22
-3.6173 -22.066
-115.285 -19.122
-20.1455 -63.595
-68.7488 -12.658
-48.4021 -2.483
4.61882 19.4931
-7.652 -16.774
-70.2819 -17.135
-58.262 -27.933
-4.8909 -85.293
2.3217 -108.611
-318.393 -18.024
-34.9627 -14.865
-87.2694 -40.866
-3.1789 27.6056
-147.762 -14.433
-30.2001 -23.406
-7.5713 -18.911
-57.0008 32.5093
-204.344 -108.427
5.53916 -443.23
-1.6341 -64.971
-680.338 26.92
-28.9514 -8.373
-23.0431 -3.664
-25.6154 -289.475
-18.7685 -94.724
-252.599 -16.98
-31.977 -38.517
-84.88 -7.891
-2.65 -26.053
-27.4081 -36.351
-687.741 -13.842
-29.7338 -118.726
-236.05 -248.938
-36.2178 -116.135
-76.5652 -54.866
-18.7251 35.4625
-31.8429 -8.821
7.57835 9.8463
-11.5965 34.5568
6.01676 -62.569
-86.9099 -56.376
-24.7146 -166.848
-12.7515 -47.498
1.20324 -390.484
-332.181 -85.45
-89.7716 -51.619
-47.6373 -30.4
-9.9004 23.948
-12.6712 -54.214
-79.6236 -32.719
-43.3813 -10.984
-20.5936 -9.728
-61.1433 -42.947
-2.6647 -25.388
-109.543 -138.858
-207.653 -27.487
-36.9635 -28.023
-4.3472 -40.501
-0.3192 27.96
-56.3813 -151.047
0.6853 -26.78
-137.044 -13.142
-81.9582 -157.183
8.1619 -70.125
-22.6972 -9.459
-6.0898 -83.548
-60.1887 -18.48
-30.8893 -11.262
-138.138 -62.863
8.32745 -8.668
-18.412 -4.309
-36.9424 -54.355
19.2129 -225.418
-24.4243 -65.513
-2.8406 -74.793
-1159.95 -88.95
-45.1914 -103.614
-54.4021 -208.763
-47.4821 -48.276
-6.653 -14.287
13.7609 -118.73
-97.946 -25.137
-140.683 32.1781
-35.806 -156.705
-72.2026 -13.194
14.7168 -12.108
-7.0245 -19.904
0.62768 -153.848
3.3134 12.8463
-67.2011 30.1931
10.5667 33.9515
1.79281 -20.878
-115.448 -7.193
-31.0221 -111.888
-47.0567 16.18
27.0734 -16.053
-38.8871 -65.317
-5.6869 -55.786
-29.2018 -14.675
-7.5184 -13.101
-54.6262 32.9625
-243.334 -0.924
-36.528 -33.302
-28.71 -92.481
-52.1967 -60.154
-72.0765 -41.812
-2.1337 27.7131
-340.863 -27.381
-11.3467 28.4531
-5.2587 -120.49
10.5382 -19.509
-34.0668 -38.121
-90.196 0.2743
-4.0289 -5.972
-73.5119 26.2281
-2.0043 -49.642
-69.9988 -34.612
-272.241 -58.418
-63.4964 -27.948
9.4377 -30.489
-17.1494 1.1034
-70.4318 1.2497
-1.0993 -36.017
-58.7934 -26.153
-65.629 5.6188
-0.7129 -1.994
-110.291 -12.434
-161.476 -14.802
-7.9035 -21.854
-8.6328 -9.621
-28.458 -89.098
-43.618 -40.05
-14.0391 -23.209
-52.2963 -42.144
-77.636 -36.548
-11.9362 -39.516
-23.9413 -11.07
-57.0935 -2.856
-49.5638 -34.63
-33.7843 -51.344
3.5322 -48.553
-24.3113 27.0944
-25.6061 -202.311
13.2285 35.1913
-34.3993 -67.723
-70.7603 -95.26
-40.3394 -88.763
33.0537 -58.802
-18.5662 -85.801
-121.766 -18.457
-17.5151 -92.985
-73.1864 -94.871
-33.656 -66.425
-33.44 -13.041
10.1039 -70.909
-8.7705 -149.431
7.39035 16.6006
8.58195 38.8467
-35.2696 -15.162
-37.2714 -17.397
-8.3226 -32.616
-141.065 -58.286
-112.135 -212.797
-93.398 -44.94
24.9722 -459.478
-3.3364 -23.749
-16.297 20.6606
30.2171 -41.204
-29.1557 -45.681
-93.287 -27.052
41.7126 -34.089
-105.154 22.9638
-73.1207 -286.372
31.4165 -4.957
-83.8708 -5.718
-52.1899 -6.65
-75.3971 -175.893
-89.1327 -16.178
10.0097 -38.596
-40.233 16.2112
-62.6753 30.2365
44.5292 -242.865
-188.996 -12.49
-24.2455 -14.398
7.25675 -111.056
-271.487 -3.958
-42.4382 -9.416
-83.0446 -13.47
-424.457 18.2756
-7.746 -101.555
17.9824 18.4144
-44.6409 -12.691
2.16435 -188.911
-4.8349 -9.958
6.9556 -19.408
44.008 25.855
20.2925 -85.786
-347.827 -8.382
-93.386 -14.139
-110.058 -143.72
-75.7028 -71.697
36.7879 -1.468
-45.8873 -16.391
17.6405 -21.585
-17.2097 -24.492
49.3091 -50.089
12.3977 79.0658
-45.6045 -21.971
-31.7503 -235.226
-168.143 -27.138
23.8567 -14.799
12.252 -143.159
-78.3988 -70.898
-422.089 -18.699
-71.062 -9.676
27.0231 -61.545
-68.0846 -144.156
-19.9419 -11.888
-9.9227 -13.323
47.018 -87.882
-123.647 -26.865
-136.103 37.9806
16.2965 -38.436
-65.3385 -26.16
-175.009 -71.114
-55.1477 -19.004
-33.3423 -27.645
-79.9716 -68.001
-82.2129 -48.268
-56.5906 -50.837
60.1315 -28.69
22.581 -123.188
41.3425 -80.692
3.57345 -428.204
-255.517 -63.889
-10.7227 -37.947
-226.442 -19.44
-21.6925 -14.483
94.0964 -41.69
-0.9887 32.6424
-588.58 -47.047
-241.093 -95.103
-78.2634 -54.084
-190.982 -234.13
-412.055 -4.695
-84.3719 -46.254
-93.451 -4.603
-1897.6 -79.25
-98.929 -94.118
-2483.48 -84.508
-244.322 -26.555
-165.262 1.047
-74.4424 -81.804
-566.587 -33.736
-83.8399 -39.964
-95.788 -74.499
-76.8581 -36.928
-341.294 -29.972
-121.714 -7.013
-28.2468 -48.145
-134.441 -21.757
-147.404 -30.732
-139.332 -127.048
-81.0842 -67.26
-168.196 -55.208
-52.4278 -56.737
-289.015 -37.538
-87.4119 -82.851
-227.833 -21.349
-396.353 -120.45
-137.276 -3.968
-686.573 -63.648
-43.1593 -6.352
-123.064 -64.246
-462.178 -7.989
-78.2091 -56.531
-325.816 -28.606
-515.641 -76.154
-93.316 -208.28
-37.6103 -120.773
-447.562 -102.154
-391.086 -41.239
-677.781 -58.603
-175.016 -3.391
8.78595 -48.032
-91.469 -10.78
-252.284 -24.135
-174.135 -42.709
-43.4266 -61.924
-260.305 -69.231
45.1605 -93.27
-49.5688 -44.855
-309.935 -9.005
-60.3655 -74.299
-216.18 -30.78
-248.841 -40.264
-363.25 -10.969
-478.229 -56.779
-169.104 -92
-511.745 -8.519
-114.278 -26.846
-248.365 -105.399
14.0615 -50.995
-48.7833 -104.194
-72.1881 -884.87
-70.29 -47.682
-98.177 -12.905
-276.692 -65.694
-153.089 -6.447
-458.7 0.371
-67.6999 -100.045
-58.865 -75.644
-205.623 -30.377
-416.072 -3.71
-208.743 -105.239
-112.51 -10.677
-435.881 -137.92
-11.3265 -73.395
-14.017 -106.392
-250.865 -56.536
-208.543 -88.018
-246.37 -119.028
-82.8911 -17.755
-79.127 -13.678
-59.4632 -26.073
-105.553 -66.954
-136.311 2.4855
-111.98 -14.801
-520.367 -136.001
-472.665 -78.621
-342.597 -99.052
-46.2919 -67.564
-104.127 -73.582
-421.158 -3.52
-621.706 -126.325
-1260.64 -20.812
-81.332 -13.488
-14.5696 -195.21
-76.2535 -2.983
-292.232 -31.026
-668.325 -349.304
-76.1415 -17.462
-531.584 -154.84
-153.39 -78.965
-160.461 -48.238
-238.144 -56.318
-600.382 -15.882
-665.959 -232.597
-638.632 -71.898
-96.895 -83.752
-161.904 -233.475
-318.543 1.5015
-56.8605 -40.075
-53.4023 -79.681
-72.9564 -16.166
-50.8246 -20.752
-322.483 -25.351
-53.9513 -13.968
-609.284 0.6205
-70.1933 -41.478
-25.898 -68.3
-90.757 -72.68
-246.42 -146.41
-386.196 -27.425
-124.029 -71.572
-39.3261 -28.665
-508.93 -120.055
-654.397 -33.956
-301.034 -86.114
-51.799 -1.91
-88.7522 -44.263
-100.243 -45.799
-212.152 -60.839
-2315.2 -73.156
-238.9 -18.287
-101.957 -115.287
-301.036 -132.305
-121.366 -65.18
-268.302 -12.526
-81.7811 -34.525
-188.725 -64.21
-463.12 -4.012
-168.171 -69.02
-101.231 -9.24
-520.159 -74.452
-77.0271 -55.077
-168.687 -32.548
-42.6808 -78.799
-187.063 -17.96
-77.5802 -41.125
-94.759 -60.613
-866.489 -2.421
-281.376 -53.888
-89.5836 -75.452
-464.004 -52.723
-127.372 -13.093
-46.1624 -6.424
-303.962 -24.569
-82.2516 -20.562
-190.471 -49.577
-33.714 -41.585
-128.547 -37.84
-421.103 -61.738
-300.092 -90.194
-271.233 -47.63
-92.619 -19.798
-820.239 -66.291
-597.211 -17.915
-481.145 -52.077
-61.3248 -8.236
-229.553 -1.591
-778.092 -94.56
-256.397 -21.929
-55.535 -23.918
-39.4006 -28.305
-235.071 -67.797
-311.32 8.859
-405.13 -9.516
-389.229 -55.317
7.0555 -88.398
-96.162 -12.148
-217.185 -102.822
-943.373 -148.785
-606.076 -38.775
-496.538 -47.555
-86.2565 -50.84
-589.255 4.731
-190.268 -74.464
-96.164 -1.668
-92.45 -5.519
-268.872 -135.695
-469.426 -80.875
-536.317 1.314
-146.79 -31.865
-51.1849 -155.775
-87.5914 -32.707
-200.623 -345.129
-65.7795 -62.96
-187.605 -48.458
-43.0352 -76.941
-141.707 -133.489
-273.243 -34.763
-166.365 2.21
-107.85 -37.166
-167.95 -27.65
26.5666 -68.855
-156.608 -46.35
-360.929 -71.897
-97.793 -30.847
-93.269 -32.305
-939.508 -188.185
-110.219 -140.231
-173.761 -98.538
-37.7438 -57.824
-101.458 -9.674
-89.2774 -72.085
-124.964 -111.25
-454.836 -110.08
-495.262 -33.644
-625.844 -30.101
-433.559 -5.595
-134.875 -98.554
-119.079 -93.827
-158.213 -36.594
-60.1166 -82.62
-70.3556 -52.565
-274.423 -10.158
-258.999 -10.536
-75.9118 -23.751
-422.097 -40.442
-80.6065 -92.465
-211.132 -24.66
-986.113 -155.585
-39.2929 -4.679
-586.582 -63.625
-335.805 -88.577
-196.433 -144.844
-99.389 -12.863
-106.3 -63.022
-436.807 -51.694
-109.862 -38.484
-185.908 -161.464
-6.818 -81.435
-272.475 -81.173
-645.774 -39.984
-482.367 -14.365
-243.018 -24.896
-95.374 -111.485
-130.092 -40.558
-63.2297 -55.164
-131.545 -77.233
-375.01 -30
-134.09 -6.434
-355.899 -76.751
-598.055 -95.594
-836.862 -38.44
-105.276 -62.935
-328.031 -20.326
-64.9325 -96.855
-34.1057 -72.905
-93.473 -39.076
-191.984 -82.1
7.81085 -85.704
-172.117 -76.525
-467.203 -93.925
-263.977 -39.29
-66.834 -26.618
-247.211 -334.67
-144.436 -39.918
-238.538 -45.302
-245.319 -35.477
-86.5463 -51.228
-45.3173 2.2095
-498.103 -15.312
-175.513 -3.113
-97.539 -58.197
-119.543 -112.682
-252.141 -15.089
-82.1985 -28.297
-342.544 -155.28
-66.7294 -55.036
-50.6007 -10.197
-774.115 -11.552
-219.336 -61.497
-188.73 -62.382
-255.162 -51.428
-105.051 -144.74
-125.822 -61.899
-1559.24 -238.03
-293.895 -8.956
10.2295 -108.25
-84.3111 -114.76
-808.248 -100.103
-44.8527 -66.349
-79.589 -14.151
-148.391 -80.193
-304.299 -63.613
-286.863 -104.975
-47.7296 -43.35
-269.872 -76.545
1.14569 12.5294
2.95608 -11.959
1.27923 9.4543
2.13763 47.0346
7.70559 9.913
1.86678 9.6626
-0.2337 -61.597
1.13403 -34.082
9.14393 -27.155
-19.4006 26.2768
5.17577 19.5591
2.76393 4.4717
9.69946 16.0537
3.34446 -29.609
3.15408 6.135
6.05055 20.0454
2.94158 -19.29
3.59352 -15.969
0.34813 -13.154
0.6485 16.4565
7.52015 4.1813
9.10097 15.9274
2.29069 27.4176
-69.9677 16.9083
2.34554 20.7433
3.12111 -11.069
6.52533 11.9898
0.32833 -49.638
8.6878 -474.433
2.73606 -78.552
1.94895 12.81
8.27606 -40.933
2.65762 9.0765
-13.1542 1.0706
1.41328 -32.496
1.69879 32.5319
2.98658 48.337
2.28146 10.68
0.23616 2.8289
2.59042 8.7527
7.1281 1.4672
2.58721 -30.297
0.67675 -24.242
0.3878 1.0998
1.87909 -74.519
0.44109 3.4658
3.95296 -2.253
-40.5545 33.3375
4.26043 -191.748
3.57084 21.417
10.2718 -0.554
2.78042 -119.607
2.37465 -92.131
9.8836 -22.102
4.19658 21.3639
0.44626 45.4929
0.37265 -18.456
5.06931 -23.306
0.17517 24.8976
6.48061 21.7175
2.26103 42.4193
0.65212 17.5802
5.78288 4.6155
5.22465 -256.376
2.11401 4.1538
0.35967 -5.051
0.3694 -3.871
-131.246 38.5276
3.46455 -16.01
11.2316 3.4682
-7.9739 -9.031
4.4238 -39.165
0.47512 -9.022
-205.011 22.5063
8.56567 54.8321
5.05378 59.5592
2.3314 38.6067
3.09101 -8.421
0.35264 -115.507
-21.1148 8.4514
4.69158 -61.408
3.18143 14.1045
2.8562 5.4524
1.18887 -27.959
5.71159 -36.546
1.18513 -47.577
1.31987 -22.262
3.85643 39.1887
5.61286 1.3055
9.59516 8.4018
-17.5775 4.5265
4.70107 32.3556
0.98387 -50.325
0.52482 -94.185
21.2907 -39.66
15.4231 8.6293
1.14894 -1.352
8.39544 -62.947
27.3059 5.59
-24.2888 24.0058
-7.5359 -21.949
14.4656 -35.642
12.963 -146.724
1.09001 -18.477
3.68396 10.3014
15.0282 36.6251
9.30766 19.981
2.6661 -12.406
6.67991 -44.346
30.2703 12.8625
23.2445 12.7681
4.737 -81.954
3.31547 -4.767
1.14239 -11.35
1.15281 38.0095
13.5832 -82.731
14.035 -2.675
10.0439 8.7957
20.6912 10.2582
20.1271 -45.997
24.5823 31.84
4.87648 1.7335
1.30191 17.7912
3.22976 -35.192
2.37331 27.9738
1.0297 51.5067
11.3585 3.526
6.56257 -23.213
12.5493 20.2359
4.76172 -2.352
8.39027 13.8747
-16.8621 46.6265
1.06959 51.9304
11.2819 -15.03
24.9801 -222.879
14.1453 7.1585
20.4199 -2.491
24.5191 -79.818
-0.0968 -34.511
1.22561 16.4049
3.62744 49.4662
0.8498 8.3494
1.07829 -14.224
5.96274 10.8482
7.07939 -0.579
-1.7739 -10.168
8.37978 -24.531
5.61954 12.1919
12.9239 33.1806
1.0751 -23.766
12.6092 8.807
17.2079 44.5278
16.4266 3.9783
10.0841 7.4937
1.05364 -114.276
3.94625 -6.904
16.4241 -99.93
23.4545 8.4794
-0.5303 -32.641
9.6437 -10.261
-0.1867 20.9761
5.97304 -65.775
15.9284 52.0648
1.0164 -6.617
5.58759 15.6007
1.09375 -5.407
2.17134 20.6883
39.7208 54.9088
1.11519 -118.75
11.5103 -23.678
-7.5107 -22.432
7.34699 -27.668
12.2733 -325.949
5.06462 -37.645
9.323 7.2823
19.6383 -111.142
6.0827 15.4527
4.85718 -3.73
-2.8459 -3.903
3.04561 3.0712
10.3074 -58.6
3.95616 15.6197
-24.6641 8.563
1.08193 -141.774
1.04358 22.8945
14.8006 -26.474
14.3919 25.7928
62.732 -15.768
70.282 -36.87
24.1808 -23.184
39.5147 -3.645
86.2335 23.2638
59.5015 1.8026
37.0067 0.8809
3.58681 9.9392
36.8714 55.3881
55.762 -64.738
39.4046 -21.364
34.6558 49.9275
30.2017 -16.461
112.26 23.686
3.54243 -9.674
15.816 -6.533
54.0114 -59.258
9.70743 -37.079
87.036 -23.362
11.5633 -47.036
41.798 -90.107
79.447 -18.583
17.4889 51.1228
51.2617 13.6225
73.661 -25.332
116.204 -49.204
65.1457 23.7558
56.0015 -63.51
3.52137 44.9594
48.6719 33.3888
25.2152 -32.004
10.9291 11.7169
3.94359 8.06
29.1491 -5.019
40.02 5.1456
3.64526 0.569
63.5825 24.6106
4.28026 -7.24
27.0486 56.096
3.47343 18.8444
3.73535 4.0072
22.6387 -3.881
12.7255 20.3516
27.7499 19.673
10.471 -1.72
3.6923 -33.298
13.1204 -9.447
5.62168 -9.54
21.8982 -21.002
13.5563 1.2703
14.8888 -42.751
20.948 -4.776
95.063 -14.716
49.1224 -38.873
84.5532 -29.661
3.3756 44.355
3.9482 -24.214
4.05799 -7.441
39.2471 52.7588
12.2766 -22.024
12.1035 -18.338
19.1822 39.7426
49.5413 8.8597
62.9162 13.9874
46.6562 -15.962
47.95 21.0204
15.0658 10.9322
62.3455 -1081.25
-8.3296 14.486
43.7041 -30.564
-20.8376 -145.694
90.17 -15.976
15.7542 -211.82
43.118 -14.768
32.8245 33.7606
5.28592 -41.789
3.49155 10.0847
3.74523 24.2396
28.8917 -6.66
3.36931 6.2221
15.2074 16.8015
107.391 -25.755
142.033 11.2244
63.8102 11.1955
6.33933 1.3
24.8046 9.0865
82.6236 12.6268
57.4745 -41.355
-5.6576 5.0307
31.6216 28.6863
-44.8763 17.2945
-15.7782 4.918
-36.5708 28.5435
-170.846 11.842
0.01114 25.344
16.5678 14.9612
9.85475 28.43
-34.3306 19.7265
-76.8013 28.2659
-5.2812 -1.178
-88.793 7.9511
-8.8121 22.7535
12.4793 21.6302
-110.802 18.927
11.5527 25.487
-3.4601 5.1505
9.0365 6.4547
48.9562 1.9586
-26.6833 15.1907
26.2762 17.758
23.9888 1.8906
-69.8379 31.3475
-104.096 16.9014
-37.9768 22.956
3.18452 26.3147
14.7933 -0.555
-21.2221 23.559
-19.6458 -27.325
-14.8509 17.3575
-29.9402 0.801
14.5163 17.0465
-79.083 14.9695
-26.6735 34.2566
-34.2951 21.5415
23.4389 7.195
-55.528 -16.456
-142.401 -4.902
-5.6232 13.3645
15.3427 26.1735
17.5146 18.4022
-37.6039 28.782
25.7464 21.7775
-6.815 12.4455
-34.2865 14.5797
17.9738 -9.963
9.5399 -9.712
25.7469 -3.996
-60.4219 28.806
9.58235 14.656
-15.0527 34.9915
-33.6816 19.8163
38.2979 -22.244
-162.489 25.1199
-20.2548 7.1625
-87.9294 30.4995
-80.8626 18.6684
4.65445 10.6674
2.76782 22.4139
-52.7857 5.5318
5.07081 20.2007
25.1516 4.8979
16.5822 17.3494
-44.1557 35.6155
-37.6856 17.2853
37.8817 -40.217
0.69891 24.2287
-1.2999 37.031
29.8614 10.7579
-10.7382 29.8716
-199.862 17.6118
-7.1125 4.2251
-18.8359 -19.91
6.0361 11.6035
-61.9452 15.5217
1.51974 30.957
-29.6959 4.0435
-7.853 18.3495
43.4098 10.2527
-32.5051 -5.529
34.3284 26.0383
-20.3453 34.119
10.3778 -4.623
-2.8264 13.7659
-26.6455 15.1089
5.39145 19.1345
-47.4877 42.2393
5.34645 11.713
-5.7441 -0.688
30.662 -15.033
-94.054 18.4199
-44.1235 26.1992
1.40085 2.0294
15.4874 23.1305
-73.1127 25.4505
14.7812 18.435
-24.6337 14.2235
-67.5762 5.3045
-2.2544 11.0005
11.6519 9.1736
33.1472 -18.954
-26.2329 21.0375
-18.6979 17.7085
5.00957 7.998
6.75505 35.257
9.4135 7.9965
-41.8419 -4.953
-23.3195 13.6815
-3.8881 25.3828
-141.144 4.0025
8.43435 20.6825
-32.956 21.255
5.54904 26.7658
-86.3611 27.901
-33.0359 -16.156
-34.9061 25.7755
-47.6752 33.6803
-44.0049 40.5446
-46.9624 42.7241
29.7899 15.2333
1.18096 45.1619
-39.6766 17.8377
27.8146 18.5749
-11.5362 10.3675
-52.2364 16.5648
-29.3939 20.9633
-15.8222 -14.044
-12.9533 44.2087
-11.2548 22.1775
-15.2722 22.6094
2.54535 -17.912
8.98075 26.9883
4.33415 6.291
-20.3942 -0.822
-5.9349 21.632
21.6466 -16.501
21.2619 1.6029
-21.6458 17.9536
30.4451 12.709
-7.5856 -0.546
-124.809 21.1414
-57.4355 1.4123
-90.604 10.2074
80.4524 14.446
1.40478 26.9681
-43.9767 23.0751
-147.947 -31.447
-5.8197 17.507
1.16765 24.508
-2.4971 8.2626
19.5731 21.6894
-98.913 5.8575
11.1419 9.0155
-0.1407 5.3895
3.05905 30.7495
2.20225 16.598
-67.5906 36.8665
35.2499 13.14
-10.1122 23.871
-52.7047 39.2103
-133.714 33.971
11.1022 19.163
49.1163 -7.565
7.78274 28.5665
-111.043 21.3405
-37.438 -39.196
-8.3833 23.8597
31.734 18.998
-9.0861 -4.126
-35.5101 -3.992
-18.2306 9.8963
17.2357 17.4975
-69.9072 -0.435
13.904 9.6841
-43.0885 -54.537
8.79343 22.6055
-310.63 27.037
-121.254 4.0264
-71.3124 3.8948
3.2986 18.436
-24.471 22.2236
-43.8357 35.0219
-147.917 32.6156
15.3069 -41.404
-49.4124 17.6825
11.2231 18.9934
-80.8008 17.9571
-18.6555 21.595
-45.0426 18.0475
18.2949 20.1935
-12.2332 17.9926
-38.1343 23.702
-95.163 -4.819
22.8319 0.1779
-83.2347 27.3061
0.60532 24.5443
-102.552 13.9534
25.9611 -68.001
-60.1063 28.4225
-10.0438 11.4981
-559.388 -4.865
33.8118 19.2959
10.5379 1.9981
26.666 13.632
-9.6088 -1.576
9.3582 30.9115
32.0965 10.1508
19.3542 15.9127
-16.1942 -0.378
13.4889 -11.294
-42.7636 18.6715
27.5053 -9.594
-37.3781 29.7665
2.77386 14.3253
-59.5542 -0.92
-162.639 -25.928
-148.015 -10.349
-23.7109 21.7177
-42.981 12.877
3.7336 12.7077
-15.4829 0.062
-179.187 -19.227
-20.1736 29.5719
8.3731 -21.001
6.07765 -15.754
-0.7211 12.865
14.1527 13.0815
-44.159 29.3406
41.6917 13.7419
-24.4843 -5.134
-19.5386 6.9465
-44.1703 -2.454
-14.3066 19.7369
12.3842 18.357
24.4237 -4.904
-44.9526 -44.108
-124.817 28.6029
42.8027 -50.467
-22.6767 13.4262
1.60188 19.6312
15.021 11.322
14.1787 9.1625
-10.0575 17.7674
3.3787 -3.507
-123.601 -22.311
-46.7143 11.0205
-17.8085 14.9255
17.1371 9.9103
23.1424 13.6853
1.63175 -0.621
-21.3002 9.8105
4.9889 12.0849
4.05245 10.8675
34.2225 0.8084
-127.993 20.2635
4.03782 16.5328
16.3811 5.5408
-22.999 -10.045
33.8751 9.7452
-43.1411 -3.032
24.1124 -4.124
8.29655 9.172
27.3663 -43.418
-8.9516 -75.776
13.3633 -9.401
-29.1404 -11.339
22.6748 6.5685
19.3111 1.382
-95.116 26.435
13.3307 6.47
-66.8132 -7.799
-94.301 -4.227
-11.8354 4.611
-6.4311 21.3422
15.3372 7.8545
-16.6083 5.054
-44.051 -5.606
-112.009 14.8934
41.1345 15.4604
7.94035 -0.079
14.3611 -27.184
46.5891 7.1201
-214.38 -37.99
-1.1721 0.7172
-128.811 10.4702
49.8316 5.1814
55.935 -7.322
32.5056 16.9934
24.8125 -25.559
-21.3369 19.7956
32.1193 5.0142
-22.4339 25.5345
5.3984 12.9421
6.1014 25.0385
-4.6442 6.6395
-40.9837 -36.896
-5.7781 27.7462
29.446 -26.792
35.2493 28.6826
-37.1705 -16.782
-16.0972 -0.446
-14.4772 17.4818
-1.4624 -28.388
2.8989 -4.99
-17.3277 -4.189
-11.4031 -32.486
8.89473 -67.681
-68.3482 23.8168
-61.236 -220.969
-41.889 -15.758
-185.482 -24.525
-75.5447 -102.397
-7.7558 -11.109
-3.7046 -14.757
-41.6727 -61.334
-31.5355 -12.032
-80.4105 -76.208
-110.935 -18.96
-17.1594 -17.766
-30.8647 -33.04
-31.9835 -7.224
0.87496 -27.916
-28.0105 -21.99
-23.4315 -50.859
-39.5773 -23.304
0.30917 -0.401
-32.9708 -38.407
-142.563 -11.445
-36.5785 -15.364
-177.218 -14.238
-23.407 -22.624
-59.2914 -43.25
-11.8206 -179.081
-54.4068 -21.746
8.4634 -8.2
0.17815 -84.526
-19.8567 -34.744
-6.7616 -16.819
-39.0997 -19.9
-24.4267 -142.897
-119.025 -32.076
-25.1897 -20.541
8.60886 -44.463
-6.0755 -36.949
-44.5667 -22.175
-238.707 3.3263
-61.9341 -2.774
-32.1655 -10.084
-104.777 37.1162
-53.1969 -7.924
-161.502 -7.918
-9.4348 -38.387
-110.168 -0.727
-106.978 -1.801
-60.4039 -25.868
-100.406 -11.93
-71.5378 -49.469
-21.6231 -15.273
-3.1821 -191.925
-24.3297 -11.299
-184.132 8.87
0.36444 -1.537
-26.856 18.33
-20.6859 -24.196
-45.6923 -8.681
-28.7833 -27.186
-9.4521 -117.93
-15.9915 -86.911
-175.922 -40.226
-60.9378 -21.588
-177.07 -51.722
-125.797 -15.147
-32.9465 28.7563
-42.8509 -2.312
2.22329 -10.382
-103.926 29.8656
-105.693 -42.421
-53.8397 -113.672
-24.7844 -29.303
3.32725 -47.512
-43.8353 -14.625
-18.3666 -16.977
4.17205 -5.238
3.96166 36.9256
-3.7626 -8.871
-309.666 -99.541
-105.601 -3.985
-19.6179 -41.665
-0.5844 -1.18
-14.2884 -2.868
-58.033 -56.031
1.92587 38.2178
-246.139 -12.886
-3.0472 -21.599
-31.8972 -22.971
-103.517 -1.778
-32.3308 28.7082
-37.7585 -2.534
0.0156 -19.251
7.39913 33.2001
9.2443 31.1325
-3.688 -27.054
-10.8027 -69.017
-13.5904 -14.427
-22.5278 -12.672
-22.4085 -21.861
-46.4268 -15.946
-29.6862 -2.267
-12.2276 36.7674
1.93265 -45.481
3.622 -91.697
-97.801 -42.852
-28.2439 -6.864
-84.3013 -15.757
-44.9332 -50.946
5.96289 -99.471
28.2016 17.2649
-42.4245 -13.14
-16.0768 26.6101
-79.3962 -14.721
-23.6929 -20.186
-60.5979 2.6845
-70.1045 -31.399
-57.8139 -220.078
-49.459 3.3991
-56.3098 -30.474
-95.882 -50.785
10.9474 -11.1
-16.0967 -6.227
-14.6883 -27.464
-79.4821 -12.118
7.00675 -62.606
-56.2307 -24.209
-124.495 -18.894
-53.7922 -66.692
-71.1577 34.1563
2.86743 -9.347
-2.1087 -18.626
-48.207 -43.304
18.2678 -8.719
5.3315 -36.317
-72.2464 -17.28
-5.6566 -5.866
-13.2026 -86.424
-1.7532 20.2937
-87.9321 -59.618
-21.8657 20.8531
-83.4501 -16.155
-1.8943 40.2578
-121.225 -3.415
-70.3312 19.2875
-42.8724 -20.513
17.8124 -45.782
-65.8974 -8.732
34.3689 31.9825
-61.166 -3.497
-119.624 33.5475
-52.592 -31.282
-8.4102 -6.774
-50.9898 -48.228
-24.8922 -39.685
19.7323 -82.863
-85.2048 -7.803
-177.36 -36.478
-0.1528 -2.392
-7.0881 -9.559
-103.249 -19.424
-36.9685 -60.801
-41.5057 0.0563
-9.7762 -15.215
-44.9269 -21.163
-41.452 16.9469
-41.4811 -1.715
-0.2076 31.3381
-182.219 -136.582
-13.442 23.8344
-51.4088 10.9844
-14.1009 -67.282
-111.222 -35.719
0.6748 -119.543
-41.3349 -2.77
2.417 27.1701
-88.0794 -29.21
-41.5172 -15.672
4.10567 -4.539
-86.2619 -32.009
-64.5567 -7.414
-85.7209 -32.086
-8.3044 -160.653
-125.579 -73.801
-28.2645 25.5813
-1.8957 -1.221
9.8316 23.2169
-139.728 -20.691
-203.128 -63.801
-41.0781 -24.954
-1.0758 32.475
4.41725 -55.876
-130.495 34.2819
-219.037 -3.395
-88.2172 -4.303
-46.7711 -40.245
-90.246 0.9075
9.80415 -1.661
18.9586 -9.238
-31.369 4.118
-20.2658 -38.085
-115.183 -72.861
-137.492 -25.898
-4.6894 25.6994
15.6231 -12.547
7.03075 -26.898
-153.268 -27.045
3.7621 -42.102
-207.226 -42.906
-37.6069 -6.199
19.2392 37.7259
-47.29 -47.75
38.0393 85.0312
-81.1765 1.863
32.5048 -2.279
-63.746 -66.4
-125.016 -1.091
-5.7721 -33.313
28.3986 -11.463
-33.7066 28.105
-129.156 -105.839
-22.579 -55.589
-3.8811 34.4481
-50.122 -12.244
64.6901 1.1593
81.3886 -9.634
26.2899 -13.642
94.5443 34.1587
-1.7047 34.8269
-17.2111 -0.118
20.5625 -31.648
-64.5795 -9.079
123.999 34.5893
-9.3161 -27.81
12.7818 -8.712
11.5906 -4.477
-35.1726 -27.212
-13.243 -18.995
-29.4878 40.4422
-67.607 -89.212
-1.0098 -32.153
35.4813 -33.767
32.9036 -0.558
-66.0559 -2.519
88.3595 -13.697
46.867 -27.357
53.0256 -199.214
-94.612 31.1814
6.459 24.9374
-98.883 -2.532
-60.4898 24.225
-70.7729 -30.525
-38.0736 -8.588
32.2865 -18.462
-4.1184 -30.373
20.1722 23.5649
93.3328 -20.377
-82.6225 -27.719
-12.8657 -4.03
-62.1954 -51.803
-31.813 -30.839
-92.546 -29.047
-18.1435 -8.807
-51.032 45.2444
-70.588 -29.968
3.9479 -24.276
2.07155 -52.915
41.3147 -44.801
40.3478 -30.06
-11.5063 -14.378
-136.922 6.3135
-491.234 -1.425
-54.6938 0.044
-21.8607 15.5175
-75.7602 -66.942
-205.269 -5.322
-189.507 0.5565
-113.965 -2.587
-72.9658 1.564
-72.929 -41.055
-148.45 -4.521
-94.851 -10.544
-318.254 -10.814
-841.383 -35.596
-218.293 -27.702
-150.225 -8.387
-97.284 8.0715
-43.892 -8.27
-464.611 -57.29
-54.9708 -27.474
-155.296 7.4155
-48.8557 -3.35
-78.8816 -0.742
-272.928 -62.933
-149.774 0.5505
-332.705 -45.62
-186.909 -34.37
-212.9 4.441
-70.2973 -31.788
-67.5789 9.313
-79.9303 5.776
-312.363 1.42
-89.0906 -4.6
-260.237 -78.031
-135.325 4.872
-76.1676 2.8875
-135.384 -87.58
-48.6662 -111.73
-399.073 -0.633
-11.7752 -46.796
-185.463 -44.336
-59.0643 -5.512
-388 -30.537
-34.3226 -9.401
-139.897 3.274
-103.845 -1.329
-307.956 -4.935
-79.9914 -10.046
-35.5847 -19.094
-258.46 5.7695
-57.9197 -7.16
-422.357 -4.325
-1318.03 -23.974
-265.305 -29.226
-141.383 -21.672
-214.567 10.5025
-76.4796 -11.711
-83.5745 -24.088
-126.043 1.0135
-77.638 -12.701
-76.6461 -28.971
-365.192 -10.382
-448.768 -34.785
-341.755 -30.166
-159.004 -76.74
-240.089 -48.009
-465.904 5.2605
-81.0952 -2.733
-115.841 -23.404
-48.4531 6.2905
-212.764 -67.789
-76.809 -19.43
-69.619 1.288
-238.671 2.2065
-81.1876 4.1655
-522.289 -4.112
-114.771 -28.384
-91.157 -4.596
-39.5288 -1.724
-87.2246 4.7235
-219.914 0.739
-263.248 6.2335
-80.9718 -17.172
-78.4472 -36.671
-316.24 0.245
-109.984 -0.415
-207.934 10.2825
-195.617 -9.355
-86.4437 -52.403
-93.27 -13.858
-86.2096 -43.316
-262.006 -19.615
-238.608 -32.154
-175.94 -2.094
-609.161 -15.602
-188.152 3.3475
-108.598 -51.626
-146.997 -3.309
-490.435 -60.066
-121.962 -7.575
-398.235 -0.684
-68.6851 -1.8
-178.636 -0.052
-151.94 2.192
-289.706 -3.22
-141.933 -43.295
-82.374 -68.98
-165.108 -1.981
-95.58 -16.89
-289.641 -25
-624.757 1.0395
-230.811 -32.223
-284.207 -25.989
-88.9769 -22.097
-351.93 -21.852
-277.91 1.465
-64.5751 -11.607
-102.123 -4.406
-291.108 -3.035
-602.95 -10.483
-303.141 -4.472
-69.9934 -28.468
-120.05 -51.05
-180.261 -7.53
-115.537 7.706
-71.2665 -4.654
-170.312 -38.101
-234.046 -5.471
-450.186 -17.966
9.1155 -68.336
-402.696 -2.986
-244.809 -9.819
-16.0281 -3.236
-386.936 -62.387
-325.944 -53.798
-170.165 4.175
-181.887 -28.361
-132.564 -11.219
-78.0876 -9.24
-93.877 -23.595
-123.724 -13.12
-483.319 -53.1
-240.314 1.525
-242.814 -49.964
-63.8509 -2.604
-261.781 -8.703
-332.341 -85.317
-95.752 1.2155
-211.425 3.5335
-72.2366 -11.222
-264.547 -1.655
-196.812 -11.833
-68.6395 4.899
-246.018 -2.78
-67.3286 -16.071
-154.482 -22.69
-208.012 -2.256
-122.504 -47.69
-203.513 -3.01
-104.32 5.4
-339.223 -22.198
-333.668 -79.38
-76.9785 4.432
-238.79 -22.811
-498.572 14.476
-336.356 -26.153
-262.427 7.6525
-216.763 -4.362
-13.5288 -8.827
-136.554 7.4725
-340.631 -6.402
-89.8562 -18.45
-93.886 -18.228
-292.253 -117.996
-195.774 0.516
-262.212 -3.441
-198.263 -4.209
-103.88 -132.821
-320.808 1.328
-95.442 -1.839
-313.896 1.5305
-199.655 -6.339
-471.58 -14.344
-62.5214 -3.292
-113.846 0.195
-319.846 -12.21
-88.5221 0.865
-92.761 -34.921
-140.037 4.727
-42.753 -4.541
-85.2516 -22.19
-134.092 1.3075
-466.216 -4.655
-194.053 -4.002
-673.514 -41.56
-207.88 -10.403
-322.526 2.4425
-96.254 1.1025
-86.4074 1.338
-102.822 -3.579
-183.482 9.873
-278.527 -4.394
-194.454 -2.944
-221.135 -8.139
-560.303 -3.941
-142.584 2.9395
-224.98 -38.554
-267.761 -2.375
-289.658 3.0035
-506.823 -4.638
-143.115 1.7725
-71.2924 -14.118
-176.899 10.3595
-97.712 3.4
-389.678 -66.738
-418.234 -16.242
-103.957 -58.56
-3.9364 -3.307
-316.584 -46.553
-238.742 -6.801
-874.075 -38.107
-215.099 -3.138
-119.748 -58.913
-457.053 -12.953
-173.885 -3.07
-280.896 5.051
-183.906 -77.77
-175.484 3.2045
-14.8037 -13.848
-813.103 -18.296
-48.1451 4.7755
-138.096 -32.211
-522.24 -2.996
-182.2 0.761
-434.073 -22.759
-86.4634 -5.81
-159.988 -11.256
-174.154 6.6095
-84.0244 5.18
-174.428 -5.523
-268.198 10.9385
-584.708 -26.483
-91.246 -6.981
-318.651 5.977
-82.7714 -5.308
-52.5962 0.627
-113.51 -20.434
-132.566 -30.022
-174.762 -2.602
-170.228 0.0485
-148.402 1.873
-344.523 -4.578
-263.125 -7.035
-91.392 -15.465
-56.5108 -15.583
-457.411 -25.399
-62.7319 -45.101
-202.63 -16.575
-392.317 -20.647
-461.556 7.11
-100.632 -0.475
-207.399 1.9165
-102.136 -0.123
-192.137 -4.679
-69.5368 3.6245
-83.6179 -0.557
-512.801 -52.392
-134.555 -14.785
-232.677 4.0265
-222.615 9.8565
-58.3392 -14.543
-322.673 2.0725
-159.888 -9.391
-131.163 -4.043
-72.7149 -13.035
-60.3276 2.4045
-107.883 -4.73
-90.345 -1.888
-97.06 -17.547
-361.288 -46.073
-124.158 -3.499
-137.625 -13.216
-338.542 -24.456
-52.1078 -33.811
-159.45 -0.651
5.2835 -32.134
-116.559 -3.506
-85.0445 -28.918
-330.957 -8.356
-101.093 -9.968
-334.928 -30.205
-67.6731 -14.106
-190.737 -1.074
-176.251 -20.332
-67.2859 -4.202
-21.8629 -7.613
-75.9257 -45.242
-275.734 1.3595
-284.141 -6.361
-93.489 9.297
6.5022 6.2711
18.355 7.0351
-6.0488 21.1752
4.48996 -91.742
0.36497 -14.354
4.84142 8.2876
2.71282 17.6772
5.8339 15.2379
3.38088 43.1383
1.73391 -17.333
-5.283 11.6192
2.27808 -13.58
0.8837 2.7693
-0.8926 51.297
0.45918 28.2049
-0.3921 13.5583
-41.1482 22.2837
1.397 24.9036
2.1002 -2.14
9.36546 45.4756
3.62621 37.9737
1.81897 -51.74
5.15069 39.1068
6.62422 17.2185
2.53617 29.3312
4.0053 38.5792
3.85751 29.1338
4.54534 13.6513
3.84576 -32.978
1.58206 -6.212
1.64688 27.3949
5.73033 -19.861
4.32512 -287.963
7.48508 -22.831
3.59746 63.0707
-0.0685 20.6776
2.95116 48.3876
2.03653 0.7048
0.38686 -26.114
1.48201 4.4826
0.3689 30.12
2.28336 13.5887
2.45915 2.0534
-0.9544 -3.089
2.07105 58.7475
0.59681 52.8683
0.61294 -37.746
0.38321 18.9056
3.72963 39.3442
-0.5135 -5.881
-1.2491 8.0944
0.1935 10.9646
2.75906 6.7073
-1.8747 18.7297
9.93401 -48.902
1.26258 -6.578
-15.3254 33.7131
0.37887 19.9117
0.92307 2.8814
0.40015 5.4852
2.1192 27.9319
3.77248 -17.676
0.83498 -14.953
1.46406 26.0264
3.03622 -0.37
3.36437 41.2321
0.39194 -22.055
3.00316 0.8392
3.45389 -16.562
3.04162 49.4312
1.65454 21.5883
-38.4143 32.7075
0.38181 -16.621
-46.53 6.2155
0.93853 14.6156
1.55299 11.9533
0.36533 47.3879
-17.6088 8.725
3.22227 -16.506
5.12645 -69.931
6.86901 17.6423
1.56259 10.1888
3.24461 6.6385
8.4072 -8.667
3.00316 37.2206
1.44243 -72.096
-37.3628 -10.518
14.3401 -260.942
1.19288 9.0472
4.23189 58.2542
20.5775 8.2396
1.11637 11.8662
1.12496 -6.547
8.31806 -87.181
3.0961 29.3293
4.03471 5.4573
2.98895 -6.261
1.09516 -58.653
6.57323 12.1103
1.15922 13.4055
1.12836 -143.347
-15.1228 -10.159
17.1233 49.6617
21.2238 -166.889
13.6032 57.0996
1.19125 -12.275
11.138 13.5627
10.4883 4.1511
1.15473 -0.01
33.7443 41.3679
18.9024 25.1305
3.06264 54.5165
9.49113 10.8216
4.3396 30.3888
15.04 22.1882
19.2898 27.9388
10.1493 3.703
10.2237 53.462
13.1819 17.7972
1.31116 22.4371
3.16709 24.6899
7.69324 14.2712
1.12385 -11.42
-1.8481 -28.46
5.90142 12.1135
13.6779 31.0025
26.1238 11.0102
5.58515 91.4577
1.29438 24.7294
19.709 -37.189
6.42982 6.7663
18.7369 12.3688
37.2894 39.2355
10.1994 -0.894
34.2476 5.5972
-0.1175 37.6493
19.6308 13.627
11.3983 0.6916
11.9108 42.2449
11.6452 34.3362
20.159 18.5016
0.75384 61.0181
-1.3139 91.8445
4.57122 -21.514
4.61003 5.6405
40.9339 16.8939
9.46156 8.3682
1.09351 -92.099
3.19155 24.6168
6.05582 -7.585
1.17802 -19.137
1.18886 -0.503
7.09698 -16.565
1.20868 7.9011
12.2871 -3.529
16.3914 10.3224
5.87683 8.8582
12.5582 -49.946
30.2937 -8.837
5.12596 -50.501
1.19226 28.6099
7.05984 30.8665
13.978 -7.522
9.20462 47.0545
28.5691 17.2634
10.9764 -2.159
9.15772 30.2757
-39.6819 8.8101
9.23619 29.7048
12.7705 13.059
1.03336 44.5823
5.06767 -25.819
1.15399 50.7045
21.1909 4.1789
8.79699 54.6169
-4.5459 35.5894
16.5704 9.0536
98.0628 43.0768
7.53244 52.3973
3.54758 -11.353
96.1728 -11.466
16.79 18.7281
73.6034 -11.507
-36.7291 -29.189
130.562 15.5744
47.2747 38.1731
15.6002 19.0315
3.79059 18.1826
28.2503 -30.346
-25.5381 9.9283
81.1079 1.487
98.783 -6.663
107.88 55.9892
29.1457 40.9537
64.7865 -6.546
-11.1992 4.24
11.6615 43.5233
27.6131 -18.719
15.5457 59.9765
94.7653 -10.189
-6.5206 38.3515
13.9138 -39.826
48.1842 46.7107
46.6522 -1.939
4.96135 -3.38
28.8755 10.7229
52.9748 34.7862
76.2732 39.1609
21.4468 8.5949
25.2255 27.3315
38.9649 45.0675
6.36945 26.3444
34.7325 -8.834
15.2586 47.3272
3.94035 -26.227
3.21836 39.3271
42.5237 -29.337
13.6605 19.4538
30.4911 20.0631
30.1756 -8.523
14.6253 8.2895
41.9316 0.45
3.9792 14.9071
19.804 20.1402
3.94388 2.9545
3.62871 29.4029
14.2858 -14.067
38.9431 40.1656
21.6853 -42.453
72.5775 16.9675
12.0348 12.4409
19.4288 6.5109
43.5255 -55.358
61.0395 -13.91
16.2501 -55.554
117.121 -38.421
35.1728 -13.386
106.672 24.6424
19.7742 -28.376
120.837 46.8398
69.3407 44.4097
11.028 47.8378
23.29 6.9466
38.7334 43.7267
29.6078 15.2599
1.84829 2.7991
12.9114 -11.411
99.265 -1.961
51.1569 41.4446
5.76084 9.6125
5.64411 -4.569
0.94125 10.3826
3.71634 46.242
89.0275 5.5732
3.46962 23.4282
30.3664 17.7374
47.5795 28.1581
53.3366 24.1619
-20.8939 -25.555
3.52812 19.622
21.9851 49.2095
34.0301 2.7835
14.9333 29.4734
28.099 -6.386
48.1425 -36.062
3.8485 -9.694
4.21327 -52.002
-50.9313 28.513
-26.014 17.6948
0.76948 31.9299
-62.523 39.7132
4.27204 26.7679
-38.7315 40.415
2.71465 14.082
-107.236 32.172
-74.2595 24.859
13.1732 -15.713
-50.1765 15.105
-3.1198 32.067
17.2968 23.5149
-46.4569 17.0013
-4.3381 25.84
23.1647 19.4561
-97.837 30.7424
-9.1112 21.3161
0.34033 30.5457
12.6457 34.5376
-54.0765 32.0447
-20.9952 25.2575
25.2021 16.9964
-46.5007 21.5539
10.4764 38.333
14.1112 19.2682
-8.6585 28.8535
3.95639 32.848
-2.2753 6.1805
1.8102 36.587
6.2327 29.37
-11.9482 36.9594
-33.4641 9.5041
14.4426 33.263
7.7081 50.1653
9.61745 26.8581
-0.8335 37.7985
9.07375 17.2278
7.72187 14.9
15.5972 -1.179
12.6454 27.6081
-38.7021 28.426
13.9681 19.0944
-18.8279 17.0486
13.8995 12.3646
-1.1297 24.5631
-36.994 26.1084
-52.8514 32.7754
-9.427 26.2656
-19.6004 17.7673
-93.209 40.8535
-44.9861 11.7465
-44.5794 44.3899
-104.768 40.3174
-41.8983 13.5658
53.4278 -7.963
-48.2048 28.9425
14.8101 31.0473
-14.0097 35.8234
8.3194 34.0465
-7.2069 12.109
15.2706 21.6859
-29.926 19.7276
13.6473 30.4766
-24.3981 20.7505
16.2764 35.8546
-122.601 32.1327
7.20413 34.9415
-134.537 20.298
14.6399 30.9574
6.75655 38.4611
0.01758 37.7453
0.6908 36.3181
25.7696 34.3468
-24.1371 24.3807
21.6397 27.0161
-43.3808 19.9631
-13.0093 16.2733
-8.4618 24.6366
-16.8543 35.3505
12.9315 25.5494
13.4768 25.3
-14.1929 27.4408
-12.4614 25.7237
3.68093 20.4359
-89.3428 10.647
-25.6908 33.9367
11.2522 31.3675
-107.129 32.8718
-16.9097 38.2156
27.5146 6.3443
11.8728 20.2889
-36.1576 34.8234
19.9715 16.5485
-16.249 2.0932
-45.1819 28.5079
-99.927 26.843
-59.8512 30.6086
-56.7975 26.0925
6.6161 29.3283
-27.6551 30.3415
-33.0774 30.7646
-40.8715 31.9615
4.2269 29.0003
-27.946 25.1927
17.6136 15.1568
-2.737 38.0384
17.5976 29.2755
24.8733 20.835
-3.6683 40.7623
-0.8155 39.2499
2.82454 36.9052
13.2133 30.6699
-34.7467 19.1345
-25.2708 42.9558
5.39637 39.986
-52.2209 35.6231
-56.1429 24.1535
-33.1941 24.032
-51.9435 24.8406
-50.3177 29.0675
-70.2328 20.7224
35.9239 -4.143
2.2951 27.3165
10.5884 23.5597
-55.713 35.7216
-14.6273 20.8049
-51.2456 38.723
16.232 34.6873
13.2146 27.9334
21.7321 30.0615
-27.834 29.2998
-21.5326 25.6261
17.3816 38.341
-22.8315 23.7428
10.5495 33.1232
45.307 2.6261
12.268 9.3285
-17.6862 41.5136
-49.9773 11.1327
30.8411 21.9981
11.0959 16.5909
-18.7066 23.1965
-34.8689 28.9437
1.2422 34.942
-1.2456 32.591
25.2348 25.966
16.4674 23.7065
-72.9452 23.631
-8.986 -2.01
-39.3906 30.0745
-80.9201 42.5441
11.4987 25.3704
-18.0791 25.5376
34.1142 12.4358
-31.4762 25.4795
-0.0263 25.6084
-25.6692 26.3995
-22.8699 16.4082
-12.517 25.5335
-12.5115 15.9136
-2.6982 28.8774
2.83075 24.8593
-28.7535 36.8624
4.37435 45.4009
-48.2833 18.776
28.7749 15.5102
-5.2888 12.7368
-2.9124 34.1342
5.79315 23.4703
-38.5307 30.979
31.409 -3.515
21.2471 35.5085
-161.603 32.2765
25.5049 23.8178
-55.3519 29.116
30.8864 24.4982
23.3541 34.0861
11.5503 -2.158
-17.1814 20.3611
-49.72 16.1711
3.20175 22.1786
-46.9523 16.3321
-19.8549 18.2815
16.3345 9.7028
5.56927 30.1925
1.5581 12.319
5.42713 27.9335
13.4809 -13.807
3.78245 27.3374
-27.6775 14.664
-77.8024 33.154
-47.2471 28.2905
-17.861 23.4539
-20.1099 27.7139
-8.6764 42.2679
15.2348 21.375
-6.8441 31.202
0.53597 21.111
-3.8686 27.8794
29.6472 12.6633
16.2588 21.4579
-235.374 12.171
-23.2134 20.4887
-41.2828 23.1184
29.3216 16.8207
25.6397 20.4492
-128.299 16.0293
0.58506 19.9068
4.2225 30.127
-9.3601 15.8156
17.0218 27.6553
-45.3865 23.2634
10.041 0.4798
-34.5384 11.9745
9.01825 2.12
-49.5333 22.0495
39.3093 16.9904
-3.5865 15.4982
20.6701 22.6154
-0.8317 13.836
20.2118 22.5275
-0.3452 0.2088
-63.8294 13.9642
14.6682 19.105
31.7061 27.2366
6.89635 2.876
23.67 19.304
6.5837 11.2974
49.5849 31.8865
-19.1374 29.4878
16.8969 20.1189
11.0757 37.3985
-29.6433 13.821
-87.2237 10.6995
23.4707 -5.933
-5.7593 19.9391
-18.041 -20.993
24.6289 20.0251
9.43345 14.4572
-22.8441 22.7145
-5.3425 -29.592
-1.5227 20.7676
20.5884 12.2516
6.8738 21.6784
21.9689 24.3499
-83.681 13.1457
-40.7771 23.4322
37.306 20.4801
56.24 3.7351
14.1524 3.179
-21.4564 15.898
8.40325 5.131
-60.4581 13.9171
19.1252 25.6623
-8.4695 18.1955
58.855 11.0027
-5.4316 13.674
-24.612 21.206
13.1203 1.1081
-53.0595 25.2628
14.055 22.8213
9.61765 15.1604
-61.3276 26.6018
29.1075 22.54
13.1382 17.503
-66.2398 16.811
61.8621 26.0901
1.03545 23.2273
37.8503 15.6035
6.6702 22.9403
57.5287 -19.587
-105.447 23.3741
17.3896 27.5457
8.9231 16.2798
-94.511 25.1381
19.9868 25.4551
-92.707 28.3447
2.02489 20.7152
64.7131 4.74
12.5532 12.7365
-55.2855 12.9022
-18.8829 2.176
-51.393 23.7185
-39.2026 16.794
27.0827 4.9115
27.298 14.4205
-47.8171 26.1021
-15.8273 23.6181
33.1285 21.687
31.665 2.6465
7.74095 21.9188
-140.567 3.6944
8.03614 23.5123
1.7895 2.3362
19.849 22.8924
42.6223 18.0925
10.1297 13.0845
45.9807 9.3999
13.6672 10.8106
-20.5292 -99.663
-6.9602 -3.576
-0.1924 -19.85
-1.5611 -5.702
-60.655 0.6732
-41.644 28.9257
-25.228 -0.094
-64.2706 -3.725
-16.0172 -36.051
-54.2783 -9.504
11.8761 -23.013
-76.2078 -21.401
-37.4383 -6.947
-117.664 -1.897
-54.1877 15.9144
-34.9137 -7.535
-37.8184 -7.778
-100.987 -18.763
-31.2764 -62.123
-139.565 -9.788
-77.672 1.2295
-0.838 30.3006
-0.5312 -24.666
-36.8992 -12.855
-13.508 -29.96
-85.2586 -39.946
-25.8356 9.0824
-5.6515 -12.154
-32.7243 35.3006
-2.2936 38.186
-1.6455 -38.826
2.28581 -12.066
-25.4612 -18.603
4.76633 37.0944
-63.2147 18.7613
-24.7929 -5.768
-81.81 -19.934
-102.792 -49.616
-59.2512 -49.359
-29.3368 -39.484
-31.7138 0.7184
10.0616 -23.892
2.0437 0.1545
-44.0164 -19.921
1.11114 -34.953
-63.3631 28.5694
-45.2451 8.6282
-71.6121 36.9526
-50.7574 -9.516
4.42904 -15.414
-51.6726 -15.647
-75.7665 -14.285
-48.9631 35.1056
-3.0163 -7.183
-76.1817 24.6987
-80.7304 35.545
-20.737 29.9631
-28.8535 0.9154
-71.7096 32.2574
1.10828 -11.558
-8.9495 -15.248
-16 -8.132
-53.9136 -41.16
-19.5981 -4.712
-7.2516 -4.872
-65.4256 -105.983
-73.8709 -8.43
-11.6881 -11.654
-97.937 -36.835
-104.063 -1.575
-38.6423 18.255
-55.7074 -11.377
-46.5188 -11.689
-32.2273 26.5755
-45.8806 -24.087
-52.4448 -55.263
-1.3342 -13.66
-162.519 -7.627
-90.67 -4.398
-31.7097 -83.047
-40.4727 -13.861
-98.524 -3.672
4.73733 -24.763
1.67342 -10.06
-19.5692 -23.799
-95.854 -6.103
-169.326 -8.376
-47.8066 -4.528
-39.955 -53.23
-6.7554 19.8394
-1.5912 37.3668
-5.9401 -24.334
-0.8473 -11.831
-3.5432 -28.124
-67.3119 1.3325
-34.4925 -4.732
-26.5087 32.9469
4.7021 -46.093
-80.1254 -13.224
-64.7457 18.1813
-70.9498 -3.422
16.1283 9.7124
-14.9408 -4.899
0.25468 -18.471
1.46955 -8.11
-6.3518 -26.056
14.9298 33.2131
-28.2137 -27.84
14.8789 6.2882
-45.1415 -4.995
-34.6172 38.5821
-102.159 -31.244
-86.7059 -93.506
-20.4044 -57.896
-10.053 -49.389
-72.7444 0.7332
-17.431 33.7976
-39.1078 -18.978
-79.4904 -21.816
-14.1472 1.0001
-26.4492 -63.486
-37.6353 -2.85
-32.0391 -8.987
16.3903 -24.615
-20.5703 34.7963
-53.2374 -36.65
-106.005 -4.037
24.2379 -27.445
-38.232 -35.125
-42.4369 -8.887
-88.6117 -10.996
-13.5102 95.679
-6.9162 -36.879
-21.9301 -1.319
-35.1088 -10.634
-43.9019 -23.101
-0.1461 -137.243
9.05845 -6.207
-0.3798 29.9918
-10.1563 95.513
-17.952 35.2293
-22.3041 -95.105
0.36995 -17.259
-13.8782 0.6472
-137.244 -26.728
-74.8695 33.1749
-10.8001 32.6762
-22.3285 12.5832
-36.7268 -68.144
28.9843 34.3
-0.073 -7.992
-51.5148 -27.717
12.2922 11.1594
-51.5604 -15.94
-1.564 36.3302
-47.1005 -19.341
-46.6435 -21.007
-27.5939 30.7756
-57.9298 27.0095
13.1603 0.2304
-139.39 -21.782
-4.2969 -24.369
2.1541 -8.011
-35.8037 -8.222
-7.0666 36.0169
12.7272 -12.881
-63.0738 -58.577
9.7631 34.5057
-47.0799 -25.278
-46.1644 -12.307
-125.034 0.1135
-21.1074 -28.856
-101.466 -15.328
-60.1414 -9.95
-2.0183 -15.892
-65.6111 -30.778
-17.0114 -4.386
-80.2847 -15.374
-111.026 -2.802
-88.2194 -16.715
-111.625 -32.615
-24.8628 -10.335
-33.8466 -26.616
-68.5233 -12.503
-46.6364 -84.12
-29.2668 -8.085
-29.1628 -2.383
-28.8036 -6.189
17.908 2.6793
-12.9276 24.4213
17.423 -3.165
-147.117 -26.909
32.2563 24.025
-166.463 -12.474
-157.429 32.1925
-229.063 -17.74
-10.431 -28.494
-12.4956 -4.721
3.0867 -16.424
23.0864 -6.522
24.8377 -19.115
-171.882 -24.023
8.3896 -4.99
-28.5896 2.5144
66.1401 2.435
51.6822 -8.167
-122.757 -3.667
-109.705 -23.533
-18.603 -0.761
6.51965 -15.65
-44.0538 -14.888
-36.1798 -31.267
35.1979 37.821
18.482 -13.221
-43.3143 -8.236
-22.2664 32.375
-61.3469 -18.358
-69.1722 5.3352
6.88683 -71.375
-25.2928 -25.672
-1.4353 34.4575
26.5376 83.3343
5.5171 -67.579
-60.638 76.4611
-18.8848 -16.405
20.379 3.1281
3.94155 -18.414
-12.4037 22.5319
83.5038 -26.612
67.5074 -70.544
86.8154 -5.081
-23.9635 35.6256
0.139 -12.966
-8.6146 -7.008
1.9885 -16.276
27.1606 -66.719
-39.3221 -7.703
-147.862 -7.128
-7.6441 -144.335
59.3879 -21.773
-23.2214 -32.349
16.9271 -2.301
-74.6034 -20.983
-0.7923 -25.066
67.4586 -35.207
-6.5249 -25.694
-57.298 -11.299
-102.868 -21.064
-9.8294 -48.991
-70.1846 9.035
40.464 -6.384
12.7471 -7.439
6.99385 -18.965
26.9759 -7.295
-113.852 -2.249
-31.8096 -2.758
-66.0106 -35.816
-80.5854 -22.646
-60.3238 -9.099
-25.8064 -20.949
-27.2956 -17.661
-16.4873 -8.068
16.8981 -30.031
-80.8624 -5.784
-13.0308 -4.069
-40.1054 83.185
-49.1286 2.2059
-70.5404 -2.528
-29.871 -13.636
-71.0368 -11.218
85.7544 -32.573
-6.7218 3.7638
1.32282 -0.69
-87.717 0.8207
7.4388 -7.969
35.959 27.0324
-87.4947 -36.611
-46.8191 6.7894
76.8434 -78.255
-16.1278 -12.535
-45.7173 -24.809
-179.293 2.341
-308.513 3.121
-168.853 9.118
-86.8167 -3.495
-77.7567 10.5575
-186.543 4.918
-236.345 -2.399
-95.614 1.2935
-454.192 -0.073
-342.272 8.3545
-104.107 -9.338
-128.573 5.9405
-130.817 7.211
-155.528 8.453
-182.445 6.4415
-116.972 -2.846
-320.63 11.506
-71.4818 11.6055
-309.491 -1.122
-76.6282 9.2205
-451.751 -3.445
-210.163 -9.84
-64.016 8.0355
-260.576 8.5735
-503.274 -0.174
-121.804 4.3605
-173.909 3.942
-95.822 -0.868
-85.9005 0.7725
-474.637 13.3935
-65.1088 2.643
-186.051 11.713
-30.8412 1.4625
-96.572 2.579
-383.611 -3.518
-215.654 -0.472
-557.061 -12.162
-125.514 7.4675
-579.906 -9.32
-248.814 8.0735
-79.0754 8.74
-491.467 5.817
-150.826 -4.419
-552.341 9.135
-267.175 -0.733
-133.983 11.9745
-39.5412 11.4525
-86.4227 10.128
-342.192 0.3235
-176.06 9.7085
-156.23 5.1645
-196.406 -39.625
-59.8825 -23.173
-24.0695 3.462
-217.238 -31.296
-157.499 -23.667
-122.062 -6.899
-326.012 -3.38
-197.706 3.2415
-89.1216 7.096
-335.629 -71.227
-109.096 5.3395
-54.4767 -20.141
-118.918 -4.653
-70.0974 3.3245
-83.8948 8.913
-116.898 -4.441
-429.463 2.5775
-351.976 -1.738
-57.6837 5.9405
-90.532 -2.382
-836.507 7.126
-658.332 0.4645
-105.859 -6.005
-209.001 5.4625
-88.4641 -14.211
-116.179 3.498
-211.077 3.85
-91.785 -0.332
-74.4026 5.043
-90.562 0.426
-213.934 5.0295
-60.1657 -2.738
-224.816 -2.028
-65.5589 8.555
-233.285 -7.605
-249.745 8.0975
-147.77 -7.627
-320.636 5.907
-100.345 7.6245
-56.7715 -3.873
-92.496 -0.693
-208.089 -0.153
-263.258 9.9805
-79.9967 4.2285
-186.296 6.14
-502.578 1.9425
-268.513 6.584
-61.2994 1.9875
-68.4019 2.1035
-88.354 7.21
-151.152 -7.882
-201.989 4.4135
-876.599 -12.826
-277.358 -0.945
-281.283 8.567
-69.3168 -0.544
-26.3211 -8.448
-133.817 1.647
-113.553 2.6835
-88.0093 4.3855
-514.322 6.3005
-572.042 -9.173
-83.1445 -1.1
-88.44 -70.223
-76.6819 -2.825
-96.745 -2.319
-178.032 9.9055
-91.078 10.971
-111.648 2.4335
-103.679 3.835
-77.5305 11.3325
-88.6252 4.24
-173.452 -4.106
-447.909 3.6115
-124.587 2.7625
-213.776 -9.365
-270.261 2.7695
-511.713 4.439
-363.632 0.885
-115.385 -1.695
-315.207 -3.424
-60.6491 2.782
-97.719 1.528
-98.72 -2.305
-93.606 2.525
-391.82 4.249
-253.637 3.982
-56.4116 0.375
-209.106 -1.382
-48.9749 -3.257
-64.3503 -3.401
-122.469 -4.538
-155.769 5.1035
-257.184 -43.464
-12.1192 3.788
-186.673 -0.596
-320.909 3.602
-179.44 3.3945
-59.7489 -35.087
-126.89 -29.409
-181.193 -11.782
-415.555 5.87
-88.3683 0.8975
-49.1272 -1.212
-113.077 -15.773
-141.053 0.4095
-92.885 11.0605
-471.761 4.405
-217.957 -1.913
-183.099 9.9925
-170.449 -15.507
-117.833 -1.518
-81.8855 5.662
-58.0431 -2.663
-104.858 11.1615
-37.4091 7.1425
-249.923 -12.245
-119.666 5.599
-96.666 11.2065
-82.9085 5.296
-605.455 4.5985
-63.7277 -0.705
-69.65 -4.576
-91.825 4.183
-149.974 -7.876
-136.084 5.923
-129.396 7.8825
-157.587 -33.863
-46.5797 -12.562
-70.0412 7.617
-48.5266 2.6915
-53.4943 -2.261
-119.495 1.396
-75.3954 6.5605
-222.633 3.499
-90.049 3.8195
-235.337 0.7275
-93.353 1.8
-231.93 9.6165
-224.845 0.96
-325.044 4.552
-274.02 3.876
-71.2407 3.7985
-25.9375 -3.329
-159.42 7.696
-71.8597 5.211
-345.961 0.4135
-368.809 -1.314
-278.236 2.595
-116.412 -29.431
-324.06 -2.323
-157.097 -31.522
-160.318 -12.169
-106.09 10.0425
-526.297 5.5285
-124.193 1.2545
-303.043 3.9485
-208.868 -12.073
-238.618 5.49
-34.4476 -13.774
-61.9407 -4.88
-134.643 2.3585
-170.709 -20.721
-73.3212 8.5355
-50.3957 -1.12
-103.457 3.125
8.17245 -30.971
-228.812 -23.535
-180.478 -0.947
-63.1947 4.317
-242.321 2.955
-61.596 7.352
-271.775 5.9695
-60.3945 -33.481
-214.369 -8.003
-345.573 -9.122
-269.962 -28.451
-326.99 -47.332
-225.263 -6.246
-463.514 5.644
-171.17 -21.514
-23.5394 -11.93
-58.0406 7.099
-52.6719 1.5025
-93.124 -14.522
-345.538 -15.858
-67.4441 2.686
-181.673 10.103
-113.601 -2.094
-253.831 11.5445
-95.012 1.6155
-381.387 7.372
-58.7768 -2.064
-290.188 -4.805
-302.275 -2.828
-95.48 -6.942
-69.1272 -7.428
-72.083 -18.035
-33.1123 -2.619
-63.5789 3.416
-172.558 17.0125
-197.16 3.953
-190.494 5.1055
-104.297 -0.01
-130.891 -28.873
-130.008 -9.293
-92.882 7.088
-119.779 3.7465
-61.7169 4.4045
-315.358 -7.849
-76.9151 -26.596
-238.594 -0.212
-97.351 3.717
-68.7237 1.973
-47.2843 3.583
-280.602 5.9735
-30.9542 -0.753
-620.817 -3.132
-193.411 5.9715
-326.061 5.569
-42.2887 -36.302
-90.193 3.8683
-218.469 2.872
-329.464 3.5945
-76.2885 4.8485
-99.075 -34.964
-240.788 8.369
-110.422 8.3645
-157.389 -5.178
-258.158 8.921
-204.957 -29.224
-115.834 -20.038
-243.099 3.453
-112.046 4.182
-117.261 7.7125
-88.952 10.5245
-175.474 -1.32
-83.1025 -0.524
-75.3268 4.513
-266.673 -46.245
-219.6 -11.751
-180.51 2.9605
-197.351 10.6775
-198.526 -26.315
-75.6149 3.34
-27.9597 -24.131
-274.512 5.252
-240.516 5.651
-84.684 -0.05
0.38225 -25.866
7.66674 0.834
2.13636 40.3062
1.31545 3.757
0.36285 53.178
1.5298 -13.633
4.02424 -0.454
6.62486 15.0877
11.0735 -5.525
2.47862 16.6867
0.96895 12.6374
2.7384 35.0162
1.50176 -0.194
1.57845 9.5345
4.53251 -16.189
0.39765 38.16
2.60762 10.9972
0.24113 20.9094
-15.3185 26.4488
1.93014 9.0431
0.86729 1.7045
7.27881 -23.901
5.79629 9.9587
0.49103 5.3833
6.1209 -20.297
3.90226 7.4588
3.21077 1.6684
0.34453 -0.128
7.64114 2.6925
0.34602 -86.704
11.3115 22.5569
3.1326 40.3588
10.3971 33.7612
0.38915 -1.956
2.61659 17.8236
7.74988 -80.098
-52.1328 21.6645
3.81411 4.3519
7.26604 12.52
1.74917 6.9286
0.37592 -34.548
0.5015 25.7002
7.83702 49.8613
1.33401 38.7164
1.58338 19.1219
2.1 -5.406
-14.946 2.4502
2.28339 38.2576
2.89977 16.6926
0.37473 5.8452
-2.9841 27.2386
1.92877 9.8225
-59.0687 28.13
0.97601 41.9947
3.76284 58.0085
3.21081 12.1409
0.95028 21.7729
5.80353 4.916
2.40654 -43.794
3.44767 11.4505
3.81214 53.3167
2.57788 13.0663
11.5192 32.6262
-0.2357 -13.124
8.78637 2.6998
1.43435 2.3987
8.39797 15.8834
6.37494 41.3376
0.63688 23.5995
0.94304 2.5918
-22.0632 20.8936
3.01041 10.1616
6.42335 4.5233
0.42283 12.8822
0.36058 -9.665
3.89419 10.957
-0.1892 -16.553
1.97565 47.2762
5.97916 9.5487
1.22224 38.418
10.0366 37.4244
0.42262 58.8576
4.46727 -15.888
-53.4934 12.1231
2.61468 58.5264
0.33666 18.9943
-2.2943 36.7762
3.05964 3.6317
0.33512 11.1849
1.58561 -15.116
0.81929 5.4265
6.47345 23.1576
3.27937 22.1316
1.06476 13.6879
-22.8749 24.8514
1.00075 51.6812
-28.1815 -11.928
5.82758 23.4968
2.07141 10.8923
7.06657 14.7433
10.3104 20.8984
-67.3711 22.0104
9.80958 1.3963
14.1859 20.8638
1.10555 -19.569
9.62045 15.7245
30.8422 42.9804
9.17675 48.982
3.66103 60.6313
3.45909 21.9567
7.81006 1.2545
-3.5395 -10.538
0.98955 19.5693
1.06494 15.7012
4.05315 15.4454
8.15967 -7.848
6.18291 40.2277
1.25857 12.8999
8.83399 8.1554
1.07484 -11.805
17.2306 2.0694
25.4195 -8.442
7.45012 11.1731
6.13556 27.5632
7.55399 1.079
13.8784 21.1356
5.30035 21.7508
1.82861 7.9759
1.17331 58.002
10.3479 31.3334
3.62685 13.3516
5.61723 28.892
3.42826 -18.353
1.09753 -8.295
1.13805 -49.394
-1.8816 -30.936
1.08315 8.0038
0.91681 45.7285
2.46626 -34.244
17.9959 -26.126
-0.913 -26.299
5.35215 18.1155
9.59893 -22.689
7.4511 19.8815
8.94158 49.5219
9.04355 19.7476
1.10077 -29.534
12.2757 59.7487
16.1347 40.2207
11.7622 18.4257
1.14691 -90.626
7.14928 21.6037
3.74808 22.4055
4.74819 27.188
17.9275 0.1603
5.11972 18.8063
17.7645 45.0248
1.09945 15.823
1.88378 -0.007
15.4889 28.1903
24.117 12.3511
29.2842 58.823
10.737 61.0032
1.14873 21.1042
22.618 -43.975
1.67845 6.5601
21.5018 -7.951
1.80903 44.483
1.1617 -8.972
1.75712 5.1374
30.6397 38.5393
5.6463 14.4281
8.7137 20.7717
2.33746 19.088
3.79886 9.6256
2.60595 23.5742
15.3472 6.7629
15.7286 -7.379
1.63982 -42.724
10.3362 3.8649
23.3862 -13.06
12.4668 45.0684
3.1784 27.4066
-24.0594 -33.332
17.1315 -55.355
53.638 35.8564
3.8153 4.8229
-1.4991 47.3886
12.8621 52.3109
17.7752 19.0696
51.7178 28.5856
12.3484 16.5596
57.203 34.9008
84.059 24.447
47.9879 7.65
32.607 12.2803
14.6308 26.1048
19.7512 16.9472
3.51675 8.0005
3.55897 2.5996
34.1275 16.7331
103.882 26.0582
13.2407 -21.873
20.0838 7.9332
40.571 -16.725
14.0954 25.4463
45.6597 30.3371
88.646 14.162
15.815 27.4974
6.18293 -1.37
65.0995 63.1467
3.84994 21.7808
3.72799 -9.578
18.4708 15.851
21.1433 13.6927
3.79021 4.6306
97.2829 14.2369
29.1314 -2.9
15.0949 2.8021
3.07122 13.2805
18.1806 23.5632
47.868 -2.069
20.1669 10.9283
66.13 19.1142
3.32422 46.4176
34.0642 56.2592
-34.2081 26.4758
37.2484 -4.681
3.61642 24.889
19.3712 57.563
27.6196 3.4155
3.8292 17.5653
60.856 34.0455
38.5481 44.3015
45.3358 20.9744
14.746 16.1282
30.9797 7.2523
10.434 33.385
22.8264 1.1463
29.1883 -23.999
3.79809 23.3538
160.054 -60.975
17.6382 -18.44
47.2634 20.9581
75.034 3.7242
19.9156 25.7596
0.5854 0.2516
31.9123 19.7065
50.8767 1.0721
25.6594 9.3059
3.72879 42.5537
76.294 29.0862
53.6384 -25.332
45.6893 -0.62
4.60752 7.471
-0.6182 17.9649
8.24542 12.9183
43.0469 12.0618
14.1453 34.1135
42.4449 53.2414
80.547 10.2471
47.6439 17.7863
133.399 47.9767
31.2891 4.1633
7.4143 -23.267
17.3977 18.8698
21.9992 28.5199
10.628 1.3077
53.5551 6.5843
79.535 -6.541
29.8908 10.9848
19.4175 48.0427
54.2765 6.1026
23.1467 30.213
-59.152 48.112
-22.5386 40.4517
-27.8392 9.6955
-55.449 -10.335
-11.6001 47.4673
-22.1089 39.3949
-2.5618 45.7217
-10.675 33.3188
-3.766 30.6085
22.8747 37.2636
-0.4374 35.2503
1.70568 33.4745
-3.953 32.0982
-10.6394 22.9771
24.8682 29.4768
5.07295 31.6656
-63.5865 29.6796
18.1248 38.7743
-85.6132 40.1512
7.09695 25.2702
-1.8504 30.4275
-6.1389 41.7891
-36.9026 32.1939
-22.0876 33.669
28.8052 3.9963
7.21081 30.0056
-33.7996 35.1454
18.7349 21.876
-134.993 31.3334
8.8528 32.7261
-4.8446 32.4074
-7.1866 37.9316
19.1045 26.1876
-3.5072 21.6891
-127.082 33.646
-24.3283 20.831
-10.2629 34.8886
-61.0031 25.4725
-70.8536 43.6675
-2.6191 32.0898
-1.2158 44.1647
-137.732 34.6608
17.1591 29.6111
-56.222 25.1676
-4.2466 32.3186
-6.727 17.6756
3.94146 47.8233
1.75744 41.2465
-13.8753 34.021
-6.9522 46.4954
1.50489 34.6018
-29.6069 15.06
-1.0262 30.1209
4.93798 35.8895
91.7711 -19.994
4.99 2.3163
0.5596 25.0213
41.6616 10.7814
-2.1521 27.9566
3.58746 33.6901
-4.9326 37.8051
-99.325 30.8586
9.7203 36.8684
-41.7121 33.1981
5.6535 25.2607
-13.0471 24.3923
-12.0846 13.277
10.8364 35.9994
-34.3619 21.9834
9.45222 35.2338
-34.6917 36.9105
-19.7525 23.9686
10.0584 29.4797
-129.889 41.5895
-18.2152 27.1041
-97.015 22.4999
-5.5527 32.3346
2.66229 29.4437
14.1564 22.8374
-10.4629 48.1307
-8.7399 27.1764
-4.2725 23.4505
-89.7112 37.0896
-28.9017 23.4208
-3.4814 30.9358
4.03333 22.9082
5.65196 35.0246
-24.0445 34.4658
18.8162 35.4677
11.8417 25.2845
-36.2032 35.7047
-8.62 43.7128
-35.644 39.3946
-45.8055 36.3755
-36.0436 37.8348
-30.5616 21.2021
-3.6931 47.0072
-7.4706 34.7364
3.0343 13.2991
14.5157 19.0787
17.0588 23.3165
-0.9629 39.8131
2.66908 41.7263
7.79487 38.7174
23.665 34.7085
-6.0715 34.9475
-0.9425 26.8632
5.3069 20.0839
-7.5224 28.7798
-47.6486 40.6963
-57.0681 31.2587
0.52735 38.6022
-37.3071 37.5429
-41.814 22.9335
-34.2618 27.4246
-7.915 32.3685
14.7164 37.9502
-14.7801 24.0911
-12.3657 23.9085
-61.6067 46.2389
-10.2925 24.6572
6.2419 25.9919
-11.234 31.028
-51.1387 32.7063
-26.1298 29.5568
-59.627 26.8434
-35.368 21.8319
11.1348 37.0037
-34.0303 46.2096
-49.6476 23.8532
-152.858 23.4669
36.1985 28.1607
15.1609 24.2749
29.5166 27.2374
10.1568 33.9136
-34.2964 19.608
-8.0347 41.465
-3.2655 35.454
-47.9838 39.9758
-42.7362 32.4457
20.3098 15.5563
-43.0687 33.7774
-84.3801 32.73
-16.0784 34.9035
-0.6475 34.6106
-4.5156 24.3742
-7.5019 30.1949
-90.077 34.8915
-52.7161 35.7011
11.1011 28.2987
-33.7899 26.0728
-58.699 35.2245
-10.7433 21.4613
12.0464 17.5975
7.14035 33.6127
24.9428 17.0038
-65.5388 33.1392
-69.106 33.3712
-31.2266 27.5467
23.2154 21.718
6.8472 34.9614
-1.7689 39.5303
25.0177 13.8931
22.539 22.808
-8.5765 23.735
20.8978 16.6457
-27.7587 25.9864
-4.6196 24.5318
-8.7603 29.0519
-31.7371 35.842
-7.3171 22.6179
-6.3239 28.4728
-16.9557 42.2762
7.66516 29.9183
5.014 23.8949
3.93002 37.8725
10.3437 43.5963
32.0031 1.0178
-76.4497 40.359
20.9993 23.7178
4.47121 25.8707
-74.881 31.8865
2.8217 35.7503
-34.3935 29.2745
20.1888 8.9726
-11.2736 32.364
-24.2354 35.5118
17.5596 6.0746
-35.7187 22.4977
9.8241 31.2822
-3.1525 22.4982
-11.9515 22.7316
17.5452 27.178
-44.2047 33.6018
16.9226 22.578
-31.0797 22.1315
-51.4794 24.0911
-168.665 41.1899
-12.4669 30.5418
55.7792 24.8282
6.31545 13.7105
-31.5269 22.2993
16.5634 36.0371
-25.9534 28.1775
-13.5527 15.7901
-2.8318 30.0297
4.06924 15.0507
-23.8509 13.2084
-27.5508 23.6483
16.9322 38.3211
3.15015 26.0648
16.9329 28.1625
33.7898 12.1084
-3.5705 28.605
3.386 16.312
22.7377 28.3474
16.9527 20.2953
28.6681 13.4518
-104.278 28.9364
7.9618 26.9225
-10.7937 28.5332
-44.3457 -16.455
26.0589 20.8499
-14.2506 23.8194
4.8748 23.6251
28.3011 26.6643
6.98705 28.5479
-30.0859 -2.932
-115.725 23.7142
-5.8126 22.3885
20.0916 21.1309
8.752 27.3787
26.1168 23.1874
-28.0875 21.7385
-9.7062 15.3921
4.64755 21.4382
-58.2929 28.7589
7.1033 23.2453
9.18081 27.773
11.8141 34.836
26.946 20.5435
51.3211 23.8269
21.8654 13.619
-74.7218 29.4697
-17.3235 22.4411
14.2756 16.91
7.81227 23.92
-31.1853 26.478
-38.7625 17.0139
-9.9798 28.5018
37.6959 7.1315
32.6545 17.5798
-8.7492 28.3525
-13.6595 24.6797
-52.7395 22.751
24.7848 4.0353
2.81085 29.742
5.99296 28.5823
11.1998 16.0142
-10.2991 21.548
9.4767 25.2763
21.202 31.1568
-48.5742 27.3605
32.1359 6.9081
-88.2322 4.886
27.6059 7.4793
-2.3215 21.5395
7.7774 26.9907
19.0134 13.6613
17.4878 10.1915
1.72569 22.5247
-231.653 33.7031
-22.6321 27.3148
-28.9093 26.4624
-43.3487 20.9361
13.6465 15.803
15.0278 7.541
2.3022 8.9538
-7.1033 24.4664
-26.5804 15.5547
65.945 17.4405
17.9527 20.5494
-51.122 28.4912
8.64697 27.6393
8.8371 26.7854
-73.7871 36.7816
9.08464 28.8094
20.7673 15.2237
51.5098 17.3243
-42.5921 20.2002
37.8038 30.9981
-33.3774 12.4951
-30.0958 18.875
19.0639 22.2578
15.7309 24.7983
39.3316 16.8534
-42.1154 27.236
6.91925 23.2061
20.7668 19.4351
