-137.138 -26.25
-212.541 -21.872
-16.8802 -18.357
-67.7253 -30.082
10.7454 -43.022
-188.601 -1.032
-22.3351 -44.443
-13.4977 -26.291
-116.069 -14.369
8.70084 -20.444
-88.5624 -57.463
-51.4449 -10.966
-48.7901 -22.564
11.9634 -29.328
-10.7314 -13.841
0.43905 -41.602
-24.0935 -14.679
-40.6887 -26.426
-19.5678 -13.407
-14.0651 -23.8
-65.3239 -27.587
-59.8317 -14.329
-46.5875 -5.703
-123.525 -8.185
-5.6036 -24.306
-91.556 -3.259
-9.047 -48.449
10.8978 -22.069
-7.425 -11.354
-96.948 -31.741
-39.5153 -16.31
-97.712 -20.42
-1.1757 -73.251
-109.571 -32.44
-20.6837 -48.94
7.2914 -21.023
-4.6054 -41.618
-192.286 -9.981
9.95755 -24.581
-11.5438 -20.281
25.8273 -18.293
-308.701 -5.434
-76.7692 -3.802
-15.874 -38.907
-83.4731 -9.384
-87.3741 -42.746
13.2599 -10.984
-55.3376 -5.62
7.99245 -15.367
-170.815 -12.885
-195.579 -18.999
-54.4297 -34.024
-56.9346 -24.369
6.41407 -6.285
-15.3645 -30.695
-15.463 -56.245
-93.33 -16.933
-114.439 -18.964
-81.4989 -33.479
-11.8367 -20.828
8.3514 -18.455
-4.903 -40.663
-108.578 -51.913
-33.7553 -8.381
-5.2059 0.2405
-69.4434 -12.404
-18.4661 -43.509
-288.722 -38.149
-22.8287 -13.726
-20.2485 -34.12
-48.4066 -5.212
-46.8313 -29.01
-75.8153 -15.285
-98.452 -18.204
-93.084 -13.16
-47.121 -30.897
-23.7892 -16.182
-5.7595 -18.405
-88.7577 -22.22
-359.747 -41.921
-62.0904 -21.645
-92.295 -21.671
4.58188 -20.356
-1.2287 -17.691
-59.8384 -26.413
-95.393 -45.294
-61.6424 -10.441
-155.997 -39.997
-49.2712 -23.407
-59.7855 -6.315
-35.2011 -8.295
-78.7387 -12.743
-11.8868 -3.473
-15.8316 -8.335
-229.43 -37.642
-13.5973 -29.109
-4.2312 -5.584
-38.7765 -23.242
-9.9359 -30.859
-34.0514 -31.077
-60.4562 -0.153
-107.217 -17.247
6.5456 -38.036
25.0637 -58.804
-62.3237 -0.803
-5.7297 -12.655
-23.3791 -29.42
-55.2134 -39.285
4.33315 -5.438
-124.152 -31.907
-24.1933 -26.174
-212.782 -8.898
-58.6908 -21.485
-1.3013 -3.626
-235.816 -19.483
-101.915 -16.239
-35.7689 -14.532
-26.8541 33.406
7.53626 -21.054
-55.3292 -48.541
-66.3715 -58.315
-9.2805 -45.634
-46.5932 -14.98
-379.069 -29.604
-4.5646 -19.17
-327.519 -40.202
-31.4434 -13.688
-13.7712 -21.74
-733.575 -27.413
6.78019 -11.625
3.07256 -26.803
-56.1022 -31.423
-44.4236 -37.185
-271.639 -24.949
-27.6767 -19.452
-2.6179 -16.608
-89.6995 -16.961
-0.7989 -23.081
21.905 -3.266
-18.1686 -17.889
-7.3882 -20.082
18.5538 -9.926
-25.3855 -16.11
-205.392 -25.12
-1.3923 -38.394
-53.8389 -10.244
-16.7835 -41.846
-84.6188 -16.123
21.4213 -11.016
-186.298 -24.814
-26.8678 -20.73
-200.811 -26.521
20.1433 -34.288
-81.0041 -47.824
-96.546 -6.918
-41.5269 -26.771
-3.7784 -11.249
-2.3068 -29.312
-37.0034 -16.402
-39.1151 -6.207
-124.824 -29.825
22.5923 -10.053
10.0373 -14.434
-72.6817 -49.096
-399.037 -3.559
-72.2647 -10.321
-49.6371 -38.022
-248.249 -23.668
-13.332 -16.086
40.2796 -10.094
2.6491 -29.49
39.3502 -36.653
-94.483 -11.682
-131.031 -35.197
4.03875 -22.489
-214.645 -23.446
-47.4869 -58.007
-26.7614 -177.795
23.1942 -16.987
-62.5436 -6.948
-159.15 -52.345
18.4348 -15.739
-114.796 -38.335
-31.425 -11.162
-87.3707 -30.166
-59.4494 -16.654
-27.7575 -14.78
-18.2112 -41.498
-34.8319 -10.005
4.608 -24.07
-4.1859 -9.485
3.19855 -8.303
-37.4237 -16.351
-44.913 -17.427
-100.138 -10.803
-101.414 -32.68
-25.3935 -15.365
-67.3322 -21.418
-46.9284 -16.994
-35.2078 -19.249
78.7361 -33.529
-91.252 -12.787
-4.5091 -43.771
-63.8219 -25.474
35.7204 -22.284
77.0377 -38.056
18.773 -20.718
-195.332 -45.79
46.108 -38.743
-31.2256 -10.708
-36.2391 -9.183
-72.721 -4.932
1.4213 -24.524
-12.3472 -17.846
17.7731 -16.161
20.7669 -30.656
-1.6017 -9.553
-92.232 -16.152
-201.105 34.7439
149.975 -44.13
81.5908 -50.526
27.4704 -20.911
-64.8999 -11.968
9.69245 -30.172
-7.4179 -24.037
-28.9425 -12.783
-94.128 -10.445
-1.1783 -18.478
-158.416 -22.772
-79.6494 -29.081
-75.5613 -33.769
-61.2843 -11.576
1.3724 5.3614
-36.3395 -13.011
4.7395 9.025
-91.341 -24.272
75.9042 -0.006
-182.808 -17.151
106.722 -2.034
-85.7383 -14.81
-19.6523 -18.896
-88.6187 -20.905
-240.538 -22.248
-74.3354 -22.115
-60.767 -36.453
-22.499 -4.972
-4.2568 -5.194
-56.9822 16.3439
26.4259 -20.429
-47.016 -26.264
68.1242 -33.453
-33.2243 -25.507
-43.1858 -15.384
-49.0031 -27.899
62.1616 -0.593
129.108 -62.119
102.939 -41.178
4.7427 -40.798
-32.2737 -22.84
-33.0067 -8.105
30.7771 -1.797
72.0923 -20.959
-10.9301 -11.353
-100.751 33.1527
-26.3915 -36.617
-0.1857 -11.385
-281.585 -28.192
8.02415 -52.465
41.8388 -18.159
55.283 30.462
-6.9478 -51.736
49.0939 -39.489
5.83365 -6.58
50.865 3.582
12.6595 -12.169
-57.0979 -43.68
-143.161 -10.561
16.5385 -13.081
28.6452 -28.587
-96.408 -29.791
54.8028 23.9457
-5.478 -15.765
-306.703 -31.039
-79.638 -23.388
59.2252 28.9871
110.226 -35.662
123.836 -8.071
-70.0875 -7.768
-182.947 29.1962
14.386 -3.162
-6.5608 -32.044
0.37658 -18.446
-15.4372 -46.573
-43.0657 -63.096
26.9585 -11.537
-136.033 -27.65
50.3375 -14.635
11.2565 -23.237
-95.963 14.2165
-216.887 -13.736
-243.589 -55.085
-117.716 -7.281
-351.099 -92.493
-383.615 -51.568
-481.989 -81.653
-144.205 -94.584
-85.665 -70.208
-152.596 -11.174
-403.053 -57.921
-307.968 -107.938
-1048.38 -61.32
-302.127 -53.101
-140.779 -43.081
-63.0974 -60.395
-358.123 -30.171
-77.9263 -42.713
-148.427 -50.486
-109.841 -71.52
-43.9507 -15.647
-316.44 -19.311
-201.68 -29.529
88.8615 -91.139
-257.911 -69.289
-225.142 -41.705
-183.347 -44.775
-136.911 -18.499
-529.196 -23.849
-307.361 -24.131
-182.751 -57.566
4.4915 -91.456
-224.82 -53.081
-182.441 -67.505
-116.088 -121.235
-67.669 -39.981
-287.524 -79.377
-127.315 -29.701
-152.168 -71.174
-42.3259 -75.702
-148.619 -49.072
-103.403 -132.437
-54.9334 -48.543
-61.5075 -66.611
-44.1614 -98.325
-440.691 -35.487
-369.011 -53.225
-136.875 -42.935
-203.081 -77.799
-124.502 -59.625
-157.442 -35.237
-264.184 -50.534
-68.3574 -22.564
-111.537 -96.356
42.162 -47.264
-433.49 -36.556
-156.365 -42.691
-110.854 -29.246
-90.556 -14.875
-83.4069 -80.125
-150.527 -55.34
-243.957 -54.885
-184.453 -19.774
-658.835 -15.609
-328.832 -28.791
-203.352 -30.865
-89.618 -43.328
-325.511 -65.649
-170.056 -95.308
-94.431 -47.053
-64.7446 -66.135
-33.1225 -4.299
-322.29 -16.502
-95.1 -27.633
-258.6 -59.998
46.5564 -101.196
-72.1941 -36.322
-51.4219 -38.549
-155.21 -35.5
-99.907 -57.621
-104.592 -51.857
-59.7987 -4.475
-1041.67 -48.733
-256.197 -27.841
-394.668 -33.924
-97.821 -81.976
-82.5746 -56.674
-248.699 -35.569
-106.913 -48.241
-5.6429 -56.142
-195.613 -49.082
-94.594 -116.497
-73.0343 -48.524
-45.2685 -47.835
-126.541 -60.961
-335.798 -78.407
-204.659 -40.894
-828.196 -57.126
-282.699 -65.113
-68.6286 -65.95
-167.122 -86.113
-559.444 -40.306
-433.553 -70.755
-936.388 -56.902
-180.421 -66.225
-492.973 -25.547
-169.083 -59.207
-104.247 -79.422
-186.407 -47.234
-15.9002 -74.091
-82.5847 -61.179
-129.017 -62.269
-264.998 -27.558
-16.931 -68.026
-328.283 -31.255
-44.2058 -42.732
-496.605 -24.653
-914.661 -81.148
-102.595 -83.923
-47.1716 -78.701
-171.081 -20.735
-212.689 -7.626
-47.4057 -70.956
-74.8307 -39.801
-124.551 -72.042
-76.0398 -77.621
-213.779 -33.434
-188.162 -35.844
-486.637 -47.585
-330.338 -41.709
-402.33 -53.543
-1214.78 -54.41
-25.59 -40.397
-1537.85 -41.988
-41.4006 -42.343
-529.964 -93.017
-74.5325 -64.029
-137.185 -21.61
-299.343 -61.703
-393.735 -69.986
-343.669 -90.588
-317.733 -47.665
-77.8486 -26.286
-239.854 -35.294
-235.413 -39.529
-185.754 -53.596
-154.632 -66.823
-391.543 -60.47
-35.2562 -80.857
-180.2 -73.509
-88.7357 -56.343
-125.976 -31.268
-327.937 -52.231
-180.086 -48.2
-353.525 -51.488
-164.369 -51.195
-32.5184 -56.043
4.9565 -112.904
-47.3661 -26.237
-219.744 -47.212
-250.437 -31.57
-122.581 -26.296
-144.009 -78.825
-41.8659 -55.012
-482.12 -98.856
4.5595 -47.162
29.8895 -62.868
-321.101 -65.51
-119.803 -60.471
-85.4952 -66.018
-188.293 -54.251
-181.204 -22.466
-31.1485 -36.472
-407.005 -32.161
-479.827 -73.043
-240.99 -100.675
-693.531 -44.305
22.0615 -52.255
-160.853 -77.31
-357.485 -118.895
-97.666 -44.878
-102.928 -57.319
-335.23 -76.26
-176.005 -48.014
-222.819 -57.517
-247.648 -55.313
-29.043 -58.682
-130.788 -26.685
-53.5325 -64.469
-303.919 -38.291
-73.4575 -68.885
-624.247 -38.36
10.9828 -42.423
-157.109 -58.351
-116.734 -34.179
-171.838 -37.174
-80.4546 -44.957
-400.723 -86.436
-86.302 -66.648
-72.3137 -57.215
-262.546 -37.774
-387.695 -30.69
-98.777 -56.617
-73.4077 -76.96
-529.038 -45.388
-87.4155 -42.883
-173.155 -94.92
-94.006 -98.178
-88.4613 -60.68
-42.401 -57.72
-478.101 -45.538
-123.838 -63.57
-303.269 -41.88
-262.163 -45.351
-25.8265 -129.39
-233.067 -36.606
-4.7458 -53.216
-487.745 -60.385
-98.515 -62.315
-541.558 -59.175
-84.386 -106.957
-175.025 -61.491
-35.5466 -61.355
-227.015 -113.534
-216.757 -52.011
-855.405 -79.5
-468.44 -78.776
-180.64 -65.695
-207.967 -47.332
-241.564 -53.079
-317.255 -27.969
-146.559 -43.504
-543.357 -71.593
-62.6431 -45.585
-216.251 -46.876
-50.3572 -67.189
-39.4125 -90.625
-269.838 -74.589
-37.4147 -4.309
-24.0137 -75.569
-127.04 -69.06
-85.1004 -68.145
-626.084 -60.704
-56.8958 -25.657
-108.972 -75.681
-37.1356 -64.385
-112.006 -42.172
-18.2855 -139.319
-49.756 -87.614
-64.686 -46.75
-117.431 -66.938
-24.7177 -36.712
-385.789 -77.665
-256.419 -54.846
-135.378 -38.396
-1599.11 -54.963
-365.05 -33.995
-106.007 -13.025
-87.1121 -74.183
-104.649 -50.444
-685.706 -66.639
-73.2295 -64.029
-504.241 -64.061
-218.811 -78.464
-11.8968 -64.968
-2.8805 -25.948
-53.4235 -57.501
-124.654 -87.029
-349.418 -96.245
-728.294 -45.418
-86.5495 -58.933
55.3735 -62.285
-280.337 -64.608
-296.303 -77.412
-262.531 -79.081
-85.5515 -117.235
-93.252 -52.913
-168.562 -60.113
-431.894 -37.225
-241.431 -67.114
-144.056 -141.985
-85.5054 -72.264
-115.383 -94.129
-338.899 -50.539
-148.865 -56.8
-99.239 -78.952
-309.509 -73.605
-331.971 -100.326
-47.1007 -53.688
-41.559 -25.706
-291.515 -59.181
-61.7118 -46.05
-263.827 -99.245
-370.565 -77.66
-101.773 -37.662
-79.1063 -61.94
-957.374 -40.925
-944.782 -9.671
-244.214 -34.476
-356.737 -71.817
-73.571 -74.894
-394.914 -66.955
0.34229 48.5305
0.36705 37.5269
4.64876 -15.962
0.35412 -3.01
0.29504 -6.83
5.34244 9.8569
1.83207 13.312
2.28192 19.9837
10.6979 6.6495
-39.0766 7.4294
0.37021 -10.661
1.51678 51.4857
0.38035 1.5384
1.28221 4.5114
5.99551 6.648
0.50725 18.2542
2.9865 2.0417
-12.4059 -3.114
2.21431 14.2998
0.36496 15.9461
3.62387 -11.382
-80.5466 -4.826
2.29877 -16.372
3.64635 -8.043
1.9867 16.2455
2.66476 37.9194
5.41944 3.2916
2.00858 -4.031
1.74371 14.8605
6.81056 14.276
3.20444 6.2648
5.89774 -23.131
1.22673 11.7029
5.51372 -23.035
1.32172 -3.155
3.89704 15.6728
0.39142 14.8887
-35.5023 28.8025
1.73219 17.431
7.94269 -14.925
2.90374 11.6113
6.17508 -19.834
5.17463 -22.794
3.78604 -6.723
23.6657 1.1394
2.26756 23.7784
0.36966 -15.703
0.35701 -26.314
-68.7332 15.6068
4.17351 -2.129
0.35824 40.8075
7.60243 -10.545
4.58838 20.6015
2.60377 18.3645
0.37336 5.49
0.35307 52.6837
5.71218 -1.45
1.59357 -10.34
-20.8904 5.8712
-1.5299 7.9931
2.09681 -1.911
-5.0494 15.3151
0.83035 8.1958
-7.3941 -6.506
-2.3156 22.0293
-2.7341 14.4701
3.68028 -7.191
1.84709 8.3511
3.1613 23.3303
5.06447 12.0156
4.11755 12.9261
-8.4635 -0.909
0.36814 -2.748
1.71252 -1.649
4.49923 33.014
6.23044 10.2996
2.87759 52.847
4.4529 -40.58
0.38959 13.7551
-15.8577 5.9413
1.68666 4.043
7.52937 -35.639
2.89957 -19.441
1.83975 36.535
1.99203 15.3837
2.60819 12.366
-9.7003 27.3893
6.09475 11.6387
0.35297 -21.489
0.64766 -14.832
0.36279 36.859
4.73088 31.478
0.36866 -4.341
0.32161 13.3995
0.7843 -0.696
3.24408 13.0007
6.33355 -49.843
2.22263 10.0857
0.36678 -14.823
-14.4394 -2.614
-29.9724 2.5805
1.1092 12.5984
1.09255 0.7135
5.23851 13.2924
9.86437 -3.167
8.79006 22.8542
13.7434 -16.498
1.14409 3.1542
28.0267 -3.622
-10.5714 53.3044
1.11111 13.5143
1.04861 6.4927
9.69845 6.3836
29.8945 15.2695
6.07899 9.5597
15.0119 9.6135
5.33752 -28.07
3.186 13.7738
11.3426 11.6771
0.00718 -0.48
13.0877 -4.318
-3.0238 10.049
2.4326 -15.294
-13.9991 -31.985
1.08329 34.5172
38.3809 13.8457
-2.2031 12.6519
6.56098 -18.881
31.2684 20.3782
8.85977 11.3187
23.1933 11.0844
1.12254 0.7264
1.33803 -4.848
1.08105 6.259
7.58375 -11.817
-21.8048 7.0292
15.0506 20.7787
4.10934 13.4934
14.813 1.1352
-24.234 -19.752
10.4422 9.0125
4.00054 1.158
16.493 16.2413
13.8734 18.1901
12.4757 6.3335
-36.4898 -25.592
1.10107 -8.791
1.10675 11.1146
24.7934 4.2596
1.18009 11.6642
1.07503 9.3401
-10.2118 4.8471
2.70225 9.925
1.12512 17.327
-6.2839 -19.594
11.3517 10.182
3.97697 -12.388
22.1903 12.3039
4.73622 2.6786
7.26528 10.7339
7.64253 -14.917
17.6965 11.5079
13.5645 -52.511
-1.2752 11.4942
10.4925 15.945
1.11086 7.326
12.5091 7.9826
18.8063 -64.108
9.63981 6.7571
-54.7206 1.3922
5.4697 14.1865
12.7164 2.6838
16.471 -24.298
8.98741 7.8595
5.98484 50.839
5.35686 35.9658
4.4988 -1.757
9.68493 -17.58
37.3223 8.0746
1.12648 -41.261
3.50977 38.6751
1.12711 10.9111
3.38945 -3.231
-24.5791 -0.79
14.9974 16.2837
-55.7416 8.2405
-65.1929 -10.801
1.10946 7.6524
16.6374 -91.697
21.5408 13.8437
1.06846 22.6663
1.08603 18.3965
2.00493 -0.922
83.5295 27.0717
32.4797 3.0847
28.2866 3.8329
28.787 -3.343
14.1147 12.1757
2.70831 19.1743
2.60008 13.6128
4.30139 12.2336
57.4165 3.9836
7.17355 19.8123
3.8436 13.8272
20.6574 -33.01
95.397 3.9329
68.4926 18.4015
42.8894 16.2727
91.565 -11.794
31.5363 10.68
85.047 17.5245
17.6703 25.886
30.2403 18.9605
72.2725 4.5987
65.9465 -12.487
38.8666 -17.395
31.4916 21.3295
27.9058 -2.734
39.943 -13.482
13.3019 4.6501
-27.9109 13.1925
3.76221 11.624
26.1756 11.3369
3.65864 1.7685
26.3914 6.219
7.19332 -25.955
69.2623 16.7722
54.529 -3.351
78.8265 5.4117
3.62975 0.5622
7.9221 32.7765
3.69314 -23.369
19.0193 -31.458
12.0276 33.3068
34.3038 -3.634
-20.5318 24.8631
108.788 34.5622
3.56151 16.3795
28.981 -43.311
80.3655 11.4465
22.1331 -45.298
3.43534 -22.937
9.47646 3.108
5.99221 2.9658
39.8886 -10.615
54.3415 4.072
51.3393 -4.602
3.55672 21.6135
3.69005 16.921
3.44074 5.6019
51.9821 29.6115
15.1174 14.851
10.4723 -47.324
96.1725 21.258
32.6816 3.5226
65.8635 15.8335
-329.716 16.1375
3.67595 -9.258
45.0618 -23.555
9.84645 4.0818
43.2514 -6.345
22.0609 -8.817
78.1842 -5.423
22.3533 10.2035
67.167 -58.269
33.7214 40.6619
22.925 4.1275
58.071 -15.863
3.60043 -29.762
36.855 37.4227
10.6873 6.2842
11.3677 24.9185
3.70759 7.765
67.6747 9.2679
-30.8625 -7.171
3.75391 11.069
45.1688 3.5675
1.88755 39.0449
-34.6337 0.0095
44.8376 18.9805
138.242 42.001
30.4382 10.0457
-9.2351 7.0944
-21.0874 16.945
8.02339 -0.278
82.1098 1.3336
67.65 9.428
32.1315 10.4618
3.75751 9.8926
102.912 5.9355
55.2475 -8.519
44.5096 5.6893
17.0061 38.664
3.80035 -35.839
98.952 -3.054
65.7435 -1.804
4.12138 13.3737
16.2325 10.4485
68.7578 1.0691
31.4714 2.8137
-2.8114 25.4029
3.32559 26.905
-133.295 19.9745
-82.2372 35.0656
-47.4465 25.001
3.5238 23.2735
-94.946 24.2884
27.0466 19.205
-97.421 26.0575
20.1216 16.113
-65.4662 23.2106
-40.1778 17.7624
-14.9339 21.2529
-52.5489 22.3975
-6.2629 32.804
14.9095 25.025
-2.4783 21.7365
-17.6004 25.4488
-171.776 28.8865
-32.7093 36.9354
-12.6315 19.801
-1.3057 17.874
-2.3943 26.0349
-8.9589 5.5353
-33.2587 36.6805
-143.167 24.5216
-89.2648 11.5205
19.4301 16.1255
-239.435 20.966
-22.3687 17.937
10.0207 22.8928
0.4803 32.737
-30.5781 23.787
-180.876 22.354
4.97828 34.406
2.6848 26.8575
-26.9671 19.594
-4.3585 22.8805
-53.9142 9.5142
10.7982 20.616
-47.7524 35.183
35.7467 28.8955
-9.5768 26.3635
-172.756 24.018
14.6181 22.824
-25.2985 18.28
-78.3455 12.5705
-65.5186 21.4445
-23.7428 21.4
22.8147 27.0575
-39.3964 21.318
15.2984 13.0475
5.21795 22.771
16.1653 32.9045
-154.09 8.602
13.7026 29.0652
1.72823 29.302
-34.8529 20.7445
-36.3122 29.0585
-6.2758 34.3925
-43.0971 19.4245
-24.281 24.583
-94.396 38.648
21.6821 20.952
-102.636 31.0155
14.0954 31.444
-2.9995 25.8315
-3.6277 27.1353
15.5704 23.204
-4.8668 3.9314
8.8477 11.8253
-46.9425 34.489
22.374 24.8263
-240.671 19.9663
-57.9686 28.9265
-77.2191 10.155
-12.8584 17.574
11.6854 34.208
-71.5642 17.2267
7.61128 34.338
-79.6114 24.76
-109.543 27.938
8.5206 24.6912
-26.4986 13.7325
-1.9371 23.5837
0.26195 29.065
1.90203 30.5505
4.21405 3.7609
10.6954 24.586
18.6385 22.697
26.4458 31.1435
1.19336 27.647
13.7766 28.3665
-60.4434 21.5318
24.708 10.3508
-12.2695 27.628
-21.3993 19.7444
10.7661 23.096
-106.125 21.669
-163.358 16.6285
-26.0797 21.6571
-42.1361 37.0285
16.5249 24.4205
17.663 28.8361
17.6379 18.683
17.5358 19.4663
-6.1357 13.624
16.9143 26.6671
-105.428 15.4925
-89.5573 23.195
-36.4413 28.2982
-1.3222 24.1996
-63.007 27.684
-5.1391 4.2095
-18.7731 17.957
8.36442 22.6925
6.44814 24.8085
1.26435 26.2705
-96.559 6.082
26.2397 27.91
-52.6975 21.205
-123.845 22.6961
-56.9988 28.3085
-140.226 35.6075
14.1604 40.4151
-16.0267 23.0823
3.75265 24.3747
-133.467 21.2699
15.9291 21.3883
-9.6589 17.0913
-134.275 21.173
25.7781 20.9213
-41.3197 21.4559
5.32565 24.747
6.8099 24.477
-2.9072 26.583
12.4382 26.7595
4.8531 28.715
-10.7433 38.566
-201.327 27.5345
2.4814 28.323
-224.197 13.2615
5.48855 9.5965
-0.6028 13.1924
7.5705 21.4345
-10.1239 23.5945
27.6961 14.2103
5.794 28.4737
-42.392 18.6015
-4.3588 27.466
-6.3328 23.4935
-38.7531 18.765
13.444 23.0475
-9.5172 22.1369
-38.7841 27.6345
40.6709 9.7344
-16.3083 12.9663
12.5398 24.923
21.1095 13.9045
13.0887 27.0445
4.7104 23.022
33.8402 17.2905
-55.0888 20.6045
-313.317 21.793
-64.9752 23.39
-58.0186 18.2095
-22.0401 30.647
-114.779 11.51
-24.432 25.4315
-8.6747 18.7725
-203.646 21.469
-10.0226 19.49
-27.4218 15.4645
-18.1463 27.2367
-11.6895 23.3273
22.768 25.921
31.4708 16.2372
-83.2105 18.777
-43.7094 26.6051
-15.4183 16.1845
2.46955 29.035
15.7635 14.907
-35.8579 18.9835
0.9293 16.8855
9.8124 18.228
2.1948 29.4989
-19.6547 28.996
12.9478 12.4483
15.6172 21.668
-33.9984 9.9342
2.09265 23.3126
-8.9383 30.3709
2.47125 33.0065
-222.671 27.8779
2.25735 22.3455
8.8139 17.9775
4.56575 18.637
-91.752 19.406
16.2809 23.792
-210.581 15.8085
1.96495 16.538
-6.7687 6.7591
-3.143 17.247
-12.2504 13.889
23.8505 5.0338
10.836 9.9537
30.215 19.0355
-42.2781 5.5918
7.51017 21.373
-93.586 -2.438
10.0058 10.1325
-45.6409 11.025
-26.195 7.458
-12.6644 10.0942
19.2639 6.6735
15.3007 20.8195
32.0221 21.6406
-2.2834 18.2499
8.09664 11.2252
58.1268 8.0519
10.8858 7.2981
31.885 9.0263
-29.6887 20.6763
9.4452 19.5547
-34.0365 7.3627
36.1792 5.4395
-35.4869 12.2173
-96.449 21.3295
-164.964 4.7969
9.84361 11.2545
-25.337 15.298
34.608 14.818
27.2694 19.0755
17.4843 10.7055
-67.9155 17.7171
-128.627 14.6115
39.0503 9.5774
35.7335 6.2
8.6248 18.1285
18.4829 4.1111
-10.5226 3.5229
-54.3504 13.3648
16.2867 9.418
63.8746 11.0024
35.3366 8.107
-36.0294 21.987
-49.3174 4.9303
-3.4566 9.5904
-46.8088 6.521
24.8822 18.6365
17.9655 13.0085
11.65 11.313
-6.5759 7.8258
3.4551 14.022
23.8892 21.3005
-7.859 21.799
-256.627 18.2845
-7.6981 8.787
-21.755 15.4985
-28.7266 -7.464
22.7087 6.506
-35.2538 6.5175
46.295 12.6475
19.57 16.5815
-40.9458 15.566
-6.9464 -9.318
17.9462 2.8805
6.08245 9.4797
-2.3101 18.3375
-974.589 5.5461
2.178 1.0302
-80.6734 17.038
-124.795 21.0515
-23.3476 17.58
1.64965 2.8545
19.3771 17.3715
46.9651 14.5237
-62.0472 15.5252
5.79094 8.2725
-64.3144 9.487
-79.751 5.884
40.2045 5.218
-37.2587 10.7564
35.5061 9.9979
38.7204 9.6113
9.96725 -5.33
10.9116 11.2225
0.866 13.3933
47.2215 3.1635
2.7413 13.68
8.82335 11.0271
20.2717 14.0755
70.9128 5.466
-81.4335 13.4595
23.2681 14.0031
1.76035 12.7015
24.1461 8.4575
-44.4412 13.4045
-9.905 16.094
32.0502 16.0955
-26.4597 -15.413
4.3587 -7.556
-9.6864 -12.065
-57.3988 -12.129
-57.1419 -23.236
-30.2179 -18.435
-86.6842 -10.445
-53.6666 -14.025
-21.9012 -6.959
-73.9657 -23.997
-25.4422 -18.407
5.38305 -29.488
-22.249 -3.248
-99.753 -11.646
-28.1133 -12.223
-34.4458 -31.238
-111.065 -10
-43.1605 -8.359
-13.5501 -13.575
10.796 -17.151
-33.4107 -15.054
-123.678 -18.273
-50.419 -12.262
-27.4159 -9.853
-10.6959 -26.238
-2.0536 -3.7
16.4371 -16.168
-52.5688 -11.528
-46.3696 -23.39
13.0937 -18.643
-22.3116 -11.876
-8.8135 -29.195
0.15629 -34.033
-20.6016 -22.35
-28.9128 -13.281
-56.6625 -7.531
-103.267 -15.482
-7.2165 -19.277
-37.0243 -24.11
4.69097 -10.732
-95.217 -7.331
-27.3957 -4.244
-7.6634 -8.004
-50.7296 -0.59
-115.93 -11.891
13.5809 -21.036
10.4566 -25.46
-34.8904 -5.279
-52.2677 -5.032
-20.7014 -10.114
-48.2243 -3.272
-23.2351 -7.606
5.5022 -29.984
-6.1916 -20.317
-123.241 -6.176
-19.2302 -11.682
-47.6363 -23.745
-19.701 -9.785
-10.7853 -13.256
-45.1157 -32.533
-9.0188 -7.705
5.95035 -17.31
-117.659 -15.596
-21.4961 -31.247
-41.1102 -26.601
-74.4167 -13.061
2.07726 -21.669
-106.688 -16.295
-196.029 -9.681
-33.2893 -18.655
-85.6082 -35.715
2.00134 -9.356
-42.1123 -8.213
-22.7027 -14.934
-41.8483 -16.732
-45.3774 -11.559
-97.212 -14.204
-147.129 -13.546
-8.1722 -10.225
-27.5459 -10.096
10.4057 -15.55
-39.0862 -3.475
-140.534 -14.048
-31.7236 -12.537
3.97602 -8.603
-34.0682 -12.176
-28.73 -35.107
-59.0265 -6.152
-36.703 -85.638
8.83855 -14.157
-184.249 -13.601
3.43329 -20.404
-13.3569 -15.831
4.85482 -3.196
-24.2511 -1.184
11.9771 -7.373
-81.7759 -22.7
-13.9358 -13.111
-71.9485 -5.618
-63.3717 -14.86
-75.8241 -9.702
-42.4932 41.0176
-112.346 -7.66
24.659 -9.95
-232.603 -7.952
3.07789 -5.752
-11.717 -7.287
-40.5316 0.833
-45.8221 -41.788
-38.732 -12.747
-51.7486 -27.826
3.00006 -28.802
3.3497 -43.968
-120.609 -34.325
-55.6984 -15.659
-63.7031 -52.725
-15.0168 -12.947
-30.2188 -14.992
10.7139 -24.171
-2.0247 -7.352
-85.8353 -13.02
-50.0063 -3.529
-4.5817 -30.855
-10.0846 35.6856
4.8595 -1.418
-44.4981 -10.422
-31.2837 -3.854
-24.6193 -37.666
-27.7426 -15.913
-27.2604 -19.177
-15.4346 -23.284
-29.5909 -4.138
17.3303 -27.921
-14.299 -8.546
-18.955 -10.2
-19.6252 -8.097
-82.713 -8.468
-24.6996 -22.758
-213.644 -28.204
9.0866 -30.188
-195.827 -27.212
14.8413 -28.69
-75.8184 -33.979
21.0055 -12.668
20.21 -10.043
8.55175 -4.976
-17.7748 -6.596
-8.1578 -18.066
-99.201 -3.501
9.61415 -18.693
0.50775 -19.647
-64.2934 -9.189
-6.3801 -1.546
-38.078 -20.206
2.1213 -7.074
-1.0381 -7.954
-28.7051 -25.189
-59.5331 -5.775
-86.5529 -28.717
-66.1412 -12.907
-124.466 -17.792
-84.0867 -7.192
-9.0289 -10.796
-109.991 -29.61
-9.2127 -31.867
-37.8146 -11.197
20.2358 -11.007
-70.9354 -6.265
-51.6138 -9.417
10.3207 -11.106
-11.659 -16.265
11.7323 -12.189
0.7817 -17.4
-2.2793 -19.556
4.9182 -5.889
-29.1367 -7.905
-31.5412 -4.835
-16.8248 -27.498
3.3493 -4.567
-81.9257 -7.365
8.17631 -16.901
-41.4694 -18.309
-101.575 -15.065
-84.8832 -11.179
-14.9149 -31.082
-90.68 -21.261
-2.1749 -27.141
-14.6714 -11.987
-43.8798 -7.954
-38.3258 -16.215
-21.7798 -8.891
8.05905 -5.691
-50.6618 -21.685
-12.1146 -22.916
-48.4462 -1.165
12.7043 -18.022
-48.463 -9.276
-18.447 -14.222
-236.498 -10.585
10.6783 -25.872
2.70616 -19.995
-30.2711 -7.464
-5.4161 -23.404
-79.4503 -13.46
27.2237 -4.141
87.7689 -8.681
20.1577 0.7826
-61.5352 -13.656
24.4081 -4.308
-44.2466 -5.382
-17.8861 -17.289
-13.6546 28.6259
35.9758 -8.784
-29.9882 -9.545
114.426 -4.162
-16.9578 -4.642
-28.189 -25.056
-142.024 -25.554
27.5315 -18.966
40.8701 -5.589
45.8066 -6.589
-6.1279 -31.354
-11.9453 -16.716
-0.6353 -32.517
-13.2674 -6.776
40.7308 -4.797
-116.352 -14.912
-89.4812 -2.055
-13.4548 -2.974
-5.2097 -20.017
-49.4853 -16.04
-88.1192 -14.347
0.54835 -19.682
1.04742 -12.409
26.2434 -10.466
-58.1507 -11.41
12.573 22.369
-13.6913 -14.701
-50.4188 -22.463
-47.0579 -2.293
24.2181 -21.299
4.9377 -6.053
-2.3445 -6.061
-104.888 -64.718
97.8844 -15.779
-10.3003 -12.805
-18.853 -13.343
-181.63 -11.243
2.94604 -1.016
-16.3545 -8.48
87.2269 23.4826
26.4155 -22.062
54.0632 -3.205
28.239 30.8205
107.214 -8.791
73.4347 -17.843
-3.2438 -9.243
-150.529 -17.895
102.088 -11.019
46.5614 -6.319
1.5778 -2.763
-139.079 -19.989
-13.9842 -16.989
-0.0229 -0.62
8.17725 19.2434
-96.297 -17.228
18.6799 -16.921
-113.347 -29.597
8.8985 -18.05
24.5674 -5.348
-24.4908 -5.989
-0.0364 -7.11
-67.8157 -12.187
-25.3116 -15.587
-7.0223 -14.058
-342.88 24.463
-35.8342 -3.297
91.7345 -27.768
-73.5423 1.051
-61.2169 -0.498
-2.1172 -14.484
-102.552 -13.489
71.9762 -12.857
-173.508 -18.789
-64.1484 -3.36
-58.1424 -3.338
-9.5401 -24.552
71.4364 -13.643
53.6365 27.8907
38.7676 16.6208
7.14425 -23.841
-90.905 -26.498
29.285 -13.436
-10.81 -17.883
-8.9428 -22.901
-5.8908 -14.826
-14.4978 -10.589
129.295 -21.165
-13.3724 -24.256
-18.8676 -17.264
-18.021 -18.486
-68.1577 -8.459
-89.5559 -31.133
-157.953 -11.817
-289.75 -29.001
-168.183 -3.331
-65.7005 -19.886
-118.786 -11.834
-105.681 -7.147
-265.062 -10.581
-86.1812 -10.328
-62.2118 -17.105
-342.362 -20.691
-107.413 -18.213
-355.086 -23.474
-87.196 -23.701
-253.168 -0.266
-103.099 -30.735
-250.112 -1.303
-123.832 2.6765
-172.221 -4.618
-49.0931 -33.366
-78.5344 -30.803
-103.273 -23.497
-184.823 -25.186
-284.308 -10.963
-34.7071 1.7365
-166.548 -16.994
-62.7061 -8.144
-38.3706 -42.57
-631.54 7.0695
-427.109 -39.047
-258.712 10.0835
-77.8282 -6.32
-474.674 1.0805
-56.7869 -22.377
-49.0139 -5.758
-162.742 -26.053
-117.477 -5.16
-229.781 -14.811
-531.038 -20.494
-48.0452 -4.468
-151.213 0.6835
-89.0909 -16.974
-908.4 -19.124
-59.3153 -7.865
-49.9158 -18.856
-95.195 -31.68
-76.4458 3.8715
-48.7212 -16.678
-188.344 3.5295
-474.726 -2.907
-78.3788 2.739
-108.022 -27.912
-281.034 -18.54
-73.7998 -3.812
-89.762 -26.218
-102.716 -13.014
-195.322 -22.326
-70.4359 -6.695
-641.669 -8.612
-206.659 -20.412
-102.652 -5.516
-422.659 -49.539
-70.5805 -66.539
-257.093 -17.006
-38.5866 0.861
-1469.43 -12.465
-374.594 -27.912
-210.18 -25.033
-253.781 -12.059
-93.788 5.482
-79.2544 -6.772
-42.4756 -19.297
-83.9053 -8.373
-115.195 -2.886
-65.1551 -56.292
-144.542 -4.01
-236.544 -12.624
-374.235 -6.062
-98.696 -31.875
-83.5033 -8.066
-177.502 -6.429
-220.203 -3.925
-411.371 -14.584
-72.5457 -10.465
-721.857 -18.426
-578.323 -23.82
-75.2656 -4.024
-285.68 -6.791
-480.242 5.026
-107.172 3.2905
-107.868 -15.334
-504.287 2.108
-141.666 -51.314
-601.249 -10.653
-68.7636 3.103
-115.011 -2.148
-53.2753 -19.467
-102.78 -22.456
-411.082 -2.669
-110.558 -34.759
-141.945 -12.915
-184.919 -7.742
-244.111 -5.65
-194.741 -21.809
-164.267 3.3985
-119.061 -13.84
-64.5537 6.9265
-350.802 8.7285
-250.073 -5.996
-171.885 -25.483
-152.422 -3.694
-107.633 -23.419
-117.288 0.6195
-69.707 -9.904
-89.8125 -28.04
-74.9842 -11.453
-300.596 -12.981
-181.715 -17.934
-115.215 0.399
-113.553 -13.969
-105.193 -6.611
-92.174 -7.354
-84.5211 -2.503
-238.599 -17.814
-10.6955 -22.05
-413.354 -5.695
-76.4586 -0.614
-207.342 -12.745
-85.3953 -1.638
-231.156 -8.438
-99.704 -2.099
-75.969 -21.212
-107.345 -5.922
-259.911 0.514
-171.592 -14.174
-49.4011 -7.851
-88.6472 -20.185
-89.5742 3.9195
-96.694 -13.403
-135.72 -18.03
-328.467 -13.145
-77.6343 8.4225
-30.1729 -1.38
-142.37 -29.222
-163.822 -2.221
-63.8861 -30.118
-96.972 -9.636
-98.427 -7.372
-57.6112 -10.988
-100.309 -61.898
-254.83 3.066
-465.5 -17.831
-79.1107 -47.225
-66.4131 -29.972
-80.1917 -8.431
-89.1517 -41.781
-111.448 2.005
-155.309 -33.934
-70.7302 -13.435
-77.4736 4.149
-289.427 -20.603
-484.464 -48.171
-193.548 -3.644
-129.706 -0.217
-374.222 -31.007
-187.894 -9.544
-54.5571 6.1015
-266.404 0.889
-54.1993 -7.921
-113.309 -8.911
-375.886 -20.704
-54.1661 4.9615
-87.6012 -8.411
-122.103 1.0155
-33.8702 6.438
13.9885 -30.02
-232.141 -0.813
-147.983 2.404
-74.2238 -10.737
-73.9718 0.8355
-128.969 -3.47
3.278 -21.625
-347.098 0.9205
-111.695 3.884
-78.7664 -22.802
-197.854 -19.705
-65.2408 -10.703
-102.868 -5.565
-175.651 1.4025
-374.477 -6.415
-294.293 -4.071
-348.031 -12.924
-79.0377 -36.558
-117.178 2.823
-629.593 -19.117
-247.68 -4.466
-120.991 0.579
-214.55 -8.767
-95.338 -19.995
-279.111 -18.075
-87.8658 -43.904
-417.406 -22.107
-74.0942 -6.276
-455.039 -8.552
-88.0282 -19.388
-68.1023 -3.88
-336.45 -1.553
-52.8035 -40.702
-71.5837 -9.78
-148.357 -12.096
-70.0717 -14.547
-144.137 -24.68
-486.567 -40.651
-241.063 -17.59
-46.9645 -14.475
-86.8608 1.7465
-227.638 -26.099
-287.412 -44.32
-201.253 -31.575
-290.283 -5.169
-472.1 3.3435
-119.243 0.7425
-375.048 -36.549
-718.661 -17.555
-130.308 -12.743
-487.5 -43.015
-104.931 -15.538
-519.3 -13.29
-112.781 -52.74
-267.981 -2.287
-138.993 -7.163
-127.264 -0.092
-82.0734 -21.87
-136.861 -67.952
-221.098 -20.31
-173.971 -32.49
-364.302 -28.454
-108.794 -41.732
-434.039 -16.134
-253.229 -36.912
-183.526 -9.536
-115.575 -13.543
-131.915 -36.99
-172.831 -4.859
-246.075 -28.737
-114.222 0.189
-228.013 -8.106
-75.585 1.493
-56.4364 -17.591
-159.422 -22.091
-85.2645 -2.994
-150.437 -12.767
-64.8558 -3.367
-75.1012 -10.52
-95.819 -11.815
-38.4368 -2.839
-351.937 -21.119
-195.216 -15.415
-243.196 -14.593
-284.688 0.456
-62.8678 -3.624
11.2156 -14.844
-183.938 -24.684
-151.064 -32.536
-101.416 -21.694
-108.675 -19.701
-156.351 -17.208
-166.465 2.198
-97.429 -5.628
-99.053 -30.576
-119.3 -6.297
-111.528 -8.638
-66.4308 -22.189
-107.153 -14.25
-77.555 -55.681
-456.236 -34.346
-76.1141 -25.925
-86.1061 -19.03
-222.048 -26.986
-143.825 -13.421
-241.511 -21.525
-204.798 -12.877
-281.049 2.7125
-78.5297 -9.84
-191.113 -4.058
-80.6895 5.245
-99.176 5.749
-164.802 -26.375
-43.7694 -32.336
-227.487 -20.35
-19.4002 -11.394
-637.478 -7.111
-392.523 -10.713
-99.932 -11.35
-210.187 -5.494
-115.334 -10.835
-379.647 -17.201
-410.064 -26.489
1.93105 7.3504
11.687 17.5014
0.39609 12.3155
8.4369 15.9207
5.77033 8.4782
-1.6511 18.2873
1.16228 41.1153
0.64886 16.6038
3.67765 -0.033
-8.7388 24.2996
2.62757 10.5934
3.02135 15.1806
16.6755 17.2772
0.36318 24.9447
7.80392 8.2486
1.10212 16.5219
0.37856 6.4299
3.04071 17.0042
6.48308 12.827
0.33563 8.5636
1.10602 12.5199
1.09579 14.8792
9.28904 5.7886
4.18759 7.2704
-10.063 15.5215
0.54866 25.8942
1.2361 11.8882
2.06724 23.0543
5.21112 57.1547
5.95241 -3.069
-26.2248 15.6075
1.33065 7.6553
0.35787 5.4571
0.37883 19.3642
-0.9025 49.7446
0.40076 27.0581
-1.8636 14.5713
3.68824 15.5678
3.87514 18.6688
2.4592 17.0628
0.80887 16.3565
3.08058 9.6415
1.45124 28.8359
-10.5746 14.3909
1.77022 10.0355
0.37604 44.3748
0.38255 4.4909
0.35676 53.1807
-14.7744 15.6598
4.09653 21.6829
6.755 50.2937
9.47732 -23.694
1.78218 -67.288
-6.3519 14.352
3.4453 12.9795
3.72243 28.0566
0.3677 15.69
10.8115 20.6093
3.65708 7.4736
8.30518 -1.954
0.08085 18.1328
0.92953 31.0359
8.74374 5.2595
1.87844 4.7029
0.35591 2.7419
0.36602 18.5226
2.57113 11.9749
4.22972 9.0702
4.07841 14.5957
4.70926 8.19
-4.8161 5.1632
7.65912 32.989
3.1022 26.2249
2.0443 19.5825
1.3529 23.33
0.38703 7.2498
12.1695 9.968
-15.9816 29.257
5.975 17.2723
4.29757 -5.351
0.77389 14.065
6.26179 8.1634
12.676 -8.86
0.38078 41.4275
-1.4369 22.0015
6.46267 8.1304
0.38068 -23.05
3.87022 26.4874
9.07353 21.459
15.3362 7.5221
6.90027 -6.816
3.00791 15.9547
3.84966 52.9189
2.28458 47.7794
0.81801 12.304
1.87868 15.6998
0.41304 12.9221
0.37724 29.5965
0.45228 44.3185
-1.6458 25.0722
0.6333 -0.54
-7.5056 12.4798
1.20387 32.6355
5.57079 12.3367
19.2167 10.5071
-15.2473 14.136
8.50946 16.733
-5.4322 13.5127
-55.4615 -4.581
16.6585 1.5096
-16.7397 49.5992
-6.687 11.8182
8.34366 19.3378
28.9338 -4.237
1.19309 8.6005
1.17962 18.7658
7.47807 26.0811
14.8396 1.4959
7.23909 16.4113
5.62649 28.5485
1.80411 14.7391
5.73534 -1.378
1.10909 15.4581
-19.4667 14.522
4.92688 -25.824
6.41146 7.1879
5.35793 4.0381
32.5857 11.2332
1.07306 3.8139
4.88176 2.5036
50.0318 -6.494
15.8849 7.0923
8.54664 17.808
9.66365 14.939
3.97289 24.3426
5.27574 3.7942
31.6411 14.301
31.6725 3.4615
3.08373 20.5166
10.5763 15.5503
-1.1851 17.6124
1.12684 50.5736
7.73037 28.8279
8.94162 3.0513
16.0163 21.3297
9.58582 2.4206
9.14241 37.6621
1.09301 13.9271
1.14102 16.4249
1.10422 20.6303
7.07076 31.12
24.5877 51.1556
19.059 8.6881
19.4414 46.6212
4.32167 20.4022
9.26765 18.4314
1.13499 24.8791
2.25036 13.1403
-1.6183 -14.534
11.1232 2.95
12.2024 22.3213
8.08349 50.2679
6.2603 -19.952
38.2912 -6.25
8.54645 15.6719
5.10356 4.7174
13.2323 25.1929
47.6989 21.2472
12.3643 18.5346
8.46249 -2.323
-6.2512 45.6982
6.10196 10.4904
2.71971 19.6136
12.6915 -10.92
24.9207 14.2154
19.4692 39.487
2.29316 14.8244
5.71659 36.8144
1.41811 19.3424
0.87002 -4.162
49.7525 11.4302
-50.1236 7.5049
6.97129 10.1653
19.093 21.8753
-28.1075 16.3998
42.3862 9.0406
33.6508 5.8999
18.8301 5.1274
1.3028 12.6714
28.1252 22.3565
12.0045 39.9426
3.40986 -0.481
2.24817 11.638
23.0915 14.2581
28.6032 0.813
16.1691 20.4896
8.44801 13.0871
3.158 52.9972
1.65967 45.1495
13.4178 -26.026
9.94633 22.5437
45.139 40.5216
-1.2592 16.3465
3.78783 18.0109
29.0084 9.4424
46.5982 15.8472
9.70776 16.5605
3.80075 18.2786
112.776 -1.298
22.8338 16.5904
27.7483 11.7833
3.6684 18.3345
21.823 16.985
9.00872 28.715
3.62134 -6.434
77.6945 17.5625
59.2839 38.2038
2.30654 18.918
29.7229 18.174
14.127 4.1225
8.42911 9.8415
3.84824 2.5215
14.1997 -4.434
38.6502 16.8987
51.8087 31.7589
7.09359 43.7529
14.5678 24.5199
16.5025 29.7135
3.78985 12.7285
52.7218 -18.953
162.316 15.029
36.7521 4.4764
71.7783 14.2896
85.431 10.3645
-9.6041 48.9956
25.9222 22.1321
17.0116 9.2935
68.8556 -7.026
9.5066 36.3952
3.38101 36.3036
83.3915 14.2845
10.8033 21.799
35.1602 19.0866
9.86826 13.4895
88.3353 33.108
95.7413 -0.678
25.6707 35.0452
9.57518 27.1812
117.333 15.471
16.5892 33.9926
25.5838 23.4518
3.66153 3.5495
89.313 16.016
1.7041 19.392
3.76156 13.5743
3.86074 12.72
52.9843 8.7125
6.55207 22.2564
76.877 2.0905
83.2152 15.9507
26.7691 11.092
102.596 -4.646
120.234 19.1312
57.8732 5.822
18.1535 7.3053
50.5284 11.4741
-7.8613 8.7707
3.365 19.2919
3.69572 14.9274
35.0366 41.0219
28.1702 28.2875
3.84642 15.2973
30.8262 10.0442
3.66938 12.856
82.2099 29.5543
36.6227 14.6986
22.9568 16.4554
3.54185 10.7625
67.9219 18.4699
3.75549 14.0716
3.59244 5.5075
42.5783 12.5295
3.4102 4.802
3.6696 18.4069
66.246 -16.17
26.8366 -3.874
45.0314 15.96
3.56296 30.9766
3.55921 33.0252
42.3718 16.58
-56.7627 28.0765
4.0386 2.7555
37.8059 20.7078
10.2059 19.3055
8.49689 25.9906
38.8269 9.9065
3.61811 14.4065
55.4664 19.502
89.2729 8.7815
54.5609 21.5959
-18.015 26.4125
-35.7264 22.8879
1.37537 38.5804
-8.1281 26.5793
-50.2567 33.5888
-17.4033 31.9583
13.6088 35.0542
-33.6342 41.9037
-111.221 38.7176
29.944 33.0703
10.0666 20.4315
-30.2159 30.4158
-16.2374 32.3007
17.1572 23.8931
-4.5747 35.6568
-18.8137 27.8308
9.58055 32.0195
-1.3903 27.9745
-63.6825 22.2125
-10.1264 31.7679
-66.5758 38.5328
5.84103 38.6089
-42.3383 37.9297
16.9256 33.3544
6.60104 33.4731
22.3738 33.139
-43.4905 23.0228
-2.915 37.187
10.3192 24.9236
-21.502 33.5349
8.92265 37.855
-10.8434 28.1073
-19.4405 27.491
-29.3122 29.3601
-42.9827 33.8364
1.09795 34.2651
5.85465 36.8005
-13.6777 30.4079
15.2189 39.5917
-45.5688 31.5102
4.11365 24.307
-14.3792 27.2707
-52.2869 28.5655
-26.8449 28.705
8.3866 30.7923
17.0523 30.9254
4.7553 31.5888
-70.1412 31.9241
-53.0724 23.7651
18.7948 24.1914
0.2787 29.0825
11.1707 35.6274
-25.4411 32.8761
-30.2746 44.3756
2.35114 24.198
15.7591 30.2387
13.4075 33.9777
17.6343 33.8505
-32.0925 32.8436
-17.1097 31.4909
36.4328 27.1121
-135.415 32.5152
-129.357 37.5108
-40.0117 23.535
-9.8999 32.9874
14.5411 27.3272
-0.6461 35.8306
-86.1506 27.9971
6.1187 35.9601
22.4606 24.9266
5.47478 36.0946
-2.4482 31.827
-12.0038 31.2694
4.5925 27.509
9.2707 32.1806
4.42715 36.1295
5.21314 36.7039
19.26 29.4385
0.14995 31.4738
21.6284 29.2237
6.15355 30.89
16.3519 37.7192
-42.3313 28.451
9.28575 34.4233
-56.5537 31.7984
12.941 24.8703
-5.1868 36.1685
7.45965 33.3141
22.5367 29.9919
-40.2517 40.5672
-10.6875 29.2508
19.958 34.6921
20.3131 27.6171
-31.6407 27.2277
13.1799 22.1401
-9.6022 30.6203
4.207 15.107
-0.2286 29.565
7.64595 31.638
20.154 31.326
-11.7965 38.6655
-9.5026 40.2198
-6.9184 27.6689
-40.9467 30.7009
-66.4094 37.5259
-15.1249 34.5919
-4.2425 27.2175
-56.9119 28.8637
-10.1092 26.9032
14.9728 36.3425
-47.3974 26.6163
12.3116 35.3871
-21.1169 24.6344
11.9545 24.7866
-21.6889 40.4906
17.9334 35.6985
-1777.27 27.9507
-31.4496 36.332
6.07721 33.0745
9.90755 25.54
-4.4675 34.2648
-48.2717 36.283
-31.5897 33.784
-34.1103 35.87
-2.4634 27.8458
11.1521 25.313
-69.8939 32.1804
-62.1469 27.438
5.08154 31.7255
20.8197 33.1798
6.78435 33.4046
9.64385 28.6518
-106.562 31.7807
12.7737 35.1754
-41.2965 28.452
-77.0735 39.0256
-107.601 28.5069
4.30914 33.547
19.0711 26.7055
-48.6367 33.4546
-36.8221 34.3775
-19.9192 16.9976
-9.5342 22.8503
17.3903 29.243
29.5859 27.582
13.5145 37.3653
-15.7438 22.8008
15.6321 29.8668
-55.3727 31.5181
-17.6712 41.9356
-46.2894 27.213
-56.2388 28.376
-5.9399 29.247
-240.013 29.0328
9.7148 34.1933
-7.8024 34.6118
9.3628 30.871
38.4057 19.6431
0.37293 32.0226
9.56945 33.4106
-2.3569 21.0754
24.6632 31.8577
-9.341 33.12
-14.7027 28.5904
21.193 26.3414
-53.4624 35.0811
38.1262 30.4709
0.89251 35.5074
25.9079 30.9651
14.4462 30.1188
36.5218 25.6352
18.2897 31.009
-83.7334 30.1664
11.3237 33.3855
-29.7428 34.0015
-36.4198 28.6522
20.7699 31.758
19.6266 34.199
-4.7415 29.5422
-54.0868 25.5855
-1.7162 24.51
9.2023 25.3088
-259.942 21.1574
10.2051 27.678
28.127 31.3262
2.6134 37.2561
-12.0637 22.9172
-23.2753 33.0799
11.2325 40.7828
-62.7812 32.0365
-65.708 27.638
-16.2435 37.7005
-57.798 19.308
-63.3923 35.1745
4.0261 24.2147
8.5857 37.6707
-107.41 44.511
-32.8135 35.5015
-31.3566 31.4951
-178.941 36.2179
27.9268 18.9142
-53.7883 27.7497
19.2835 13.102
-5.576 22.9825
-133.099 24.168
-37.371 25.0321
-25.0835 21.286
42.3521 23.8655
-34.1731 21.3042
36.0939 25.3829
45.3488 17.3261
26.5621 12.7568
28.2346 21.7804
2.57744 27.362
15.7393 24.6385
13.3434 20.1995
-27.6896 29.324
59.2142 18.4065
-2.1311 19.1312
-10.4916 11.498
20.729 23.2528
23.3597 22.8721
16.4083 21.1004
14.0503 17.936
-14.1227 21.7285
25.2612 25.3479
-16.0204 23.4665
-56.6063 22.329
15.6105 6.889
30.367 26.0581
-34.2685 19.5662
-37.6679 21.7155
44.1119 24.9372
-19.4076 13.87
32.0885 18.5241
31.7783 15.484
0.45645 27.1471
37.012 28.49
-36.5248 16.54
30.2212 18.8073
21.651 23.2963
19.9183 19.2976
21.0744 20.1422
20.4754 18.122
14.791 21.0358
-10.4323 16.8815
-17.4599 14.7035
12.4168 22.9497
19.158 20.0336
4.8989 17.376
29.7667 29.4293
10.1372 18.2374
-69.9415 28.3653
28.0828 21.3629
4.1092 19.7353
10.227 22.589
13.3382 19.7315
-80.8663 20.245
39.5371 13.9465
-41.8781 19.2956
-31.0859 18.1516
28.7488 25.703
1.58271 23.1607
-1.0467 20.3341
20.9517 24.1095
-46.093 20.1903
-1.852 20.5446
10.5304 22.0978
-12.8642 19.3545
20.9381 17.6385
36.328 19.7055
7.584 17.4106
40.7152 23.085
-43.9197 22.545
-8.1806 18.7352
-38.7683 21.9274
10.4399 19.5991
-55.8345 23.763
-16.5853 23.442
-17.2683 16.081
9.15728 21.9532
-4.2201 3.364
32.6542 10.936
-6.8815 30.6333
27.2815 20.3485
41.9759 20.4954
30.5824 22.0438
1.786 21.5999
47.0704 11.8281
4.77215 26.376
31.5189 19.0858
21.7929 19.968
-29.5387 16.3315
13.16 26.1011
55.8302 20.3286
-2.3618 25.356
22.0848 21.9005
-49.6859 24.5246
43.0815 13.8474
-13.9093 20.0611
-22.3002 -27.812
4.32917 -15.725
7.67215 -11.17
-81.743 -12.784
-38.4077 -42.249
-11.2803 -8.626
-12.1207 -8.136
-77.4902 -15.22
-56.7114 -10.522
-2.7543 -6.99
-0.3198 -10.815
-47.645 -8.972
-18.7581 -8.715
-85.0002 -34.268
-42.8646 -17.785
-41.2788 -10.48
-31.5576 -6.313
-74.2266 -2.941
-34.9625 -6.451
12.3236 -36.427
-117.76 -1.995
-18.2141 -12
-34.207 -40.52
-12.7522 -6.795
4.68563 -0.541
-8.0728 -7.002
3.02644 -11.025
-110.267 -2.863
-157.774 1.4175
-105.977 -11.394
-12.9658 -10.765
-23.992 -14.073
-31.1653 -1.189
-12.7951 -6.328
-14.4938 -12.676
-40.8815 -13.928
-111.906 -5.649
-73.2794 -12.833
-45.3799 -11.164
-29.7403 -6.781
-0.4057 -22.767
-29.8403 -7.489
0.50045 -5.624
-0.3007 -9.728
-62.6427 -10.325
-41.0615 -16.851
-111.163 -9.498
-33.0263 -10.183
-91.744 -7.247
7.2827 -5.276
-62.4679 -21.252
-69.6997 -8.389
-422.523 -5.741
-28.7332 -17.29
7.25667 -7.544
-23.1268 -8.814
-7.4133 -11.255
-21.239 -16.581
-21.7126 -10.814
-22.208 -20.735
1.33517 -21.27
-39.8588 -9.434
-374.446 -1.661
-71.8989 -22.579
-41.7459 -8.285
-16.4327 -22.133
-37.9798 -1.313
-7.5808 -11.415
-12.8099 -4.906
4.64117 -31.087
-57.4327 -3.934
-27.4726 -5.849
-51.2688 -3.663
14.2975 -6.855
-2.3579 -12.159
11.3649 -7.705
-96.031 -16.265
-38.3781 -12.908
-67.2676 -9.353
-59.7971 -12.145
-7.0563 -7.818
4.26593 -13.25
-37.9428 0.575
-6.9293 -2.184
-3.6312 -20.096
-8.9206 -12.024
-26.2769 -2.13
-174.571 -8.29
-98.81 -4.871
-38.9378 -15.817
-69.3659 -4.046
-60.6282 -21.28
2.5264 -6.084
-35.0263 -2.636
-5.8495 -21.52
-15.2636 -6.231
-287.199 -11.365
-9.2399 -13.802
-86.0283 -5.719
-33.2594 -7.498
2.62625 -6.513
-20.2071 -7.126
3.06525 -9.997
-1.5222 -7.561
-26.0168 -11.211
-60.7572 -4.541
-1.3507 -30.769
-49.8227 -7.098
33.1203 -5.951
4.16779 -11.147
25.992 -7.876
-208.315 -13.029
-43.0883 -17.659
-104.613 -12.507
-109.443 -6.088
-14.4071 -3.828
-14.4545 -0.258
-83.885 -17.701
11.3328 -23.881
-1.3596 -10.029
-8.738 -8.238
-8.983 0.3702
-56.5121 -18.047
31.9849 -12.249
20.4627 -2.951
0.26375 -7.584
-44.0153 -2.554
-102.084 -6.787
-35.7924 -14.856
-17.3426 -16.774
-9.6283 -6.106
-21.2278 -13.623
-28.7955 -0.155
-36.0026 -4.423
-65.0207 -6.292
-47.1595 -5.291
-4.6224 -12.934
-6.9399 -5.543
-7.9583 -5.108
-25.0866 -7.365
12.066 -5.94
2.46185 -9.601
-49.8013 -2.826
18.3325 -4.642
-106.806 -13.201
-40.8362 -12.083
12.3375 -15.531
-15.0241 -8.204
-24.0597 -16.62
17.6216 -13.292
-43.3212 -7.066
-20.8668 -6.585
-71.032 0.8205
-46.2336 -13.071
4.41435 -19.159
-81.3211 -13.572
-156.469 -7.64
-26.8927 -6.753
-54.6149 -21.434
-94.133 -18.591
-56.4913 -4.918
0.84888 -17.555
3.2172 -18.465
-15.27 -6.414
-7.1609 -13.569
5.46467 -21.429
-34.8895 -13.7
-96.086 -12.043
35.7619 -4.131
-77.8331 -11.484
-18.4725 -3.603
-32.8695 -14.035
-19.9978 -15.806
9.22135 -19.217
-21.2853 -6.866
-26.7424 -13.847
-18.259 -10.025
-45.8654 1.2825
2.68875 -8.737
-126.606 -9.941
-70.7929 -5.716
-39.3818 -13.483
-75.9808 -6.303
-21.8576 -26.693
-35.8134 -3.448
-92.079 -7.9
-27.4229 -4.446
-112.944 -11.165
-68.2982 -22.251
-7.7965 2.315
6.69016 -14.495
-23.3205 -9.053
29.7869 -7.128
-9.8065 -12.632
-6.2902 -2.937
-66.0026 -8.735
-24.4736 -1.725
-61.6349 -8.195
-26.1538 -5.469
-5.4157 -9.808
-45.0525 31.1105
-79.3077 -9.678
90.1943 -24.53
18.6655 26.2635
-80.9066 29.2395
54.9858 -5.703
-10.7518 -13.042
-51.8865 -9.921
-4.6959 29.3474
43.0525 -3.566
-49.4213 -6.077
7.70965 0.561
-39.9548 -5.374
14.7254 -10.916
-24.5573 -0.653
5.53465 28.3958
-112.684 -11.102
53.4323 24.0582
2.2264 -13.852
0.84572 -9.804
-3.633 -7.826
-1.5961 1.6058
36.8529 -5.547
-61.0796 -9.037
1.3859 -2.707
12.6364 -3.186
-41.3287 -8.63
6.34547 -15.39
-82.8662 -4.898
-31.3082 -7.524
-35.841 -18.969
36.6125 -11.078
71.6345 -9.689
6.40595 -7.288
-34.4566 -8.012
35.8802 -9.365
-3.9697 -8.352
24.1724 -6.548
-71.2461 -1.106
-41.7887 1.748
-23.4403 4.748
-1.397 -13.744
30.6326 0.0513
-10.4268 -0.921
-83.093 30.733
-26.9762 -17.063
50.4261 -4.922
-253.509 -1.032
-43.4659 -1.368
-47.4471 -9.791
66.5252 2.7979
89.8514 31.8282
-126.981 -3.229
-78.0706 -7.02
-49.1731 -6.674
40.6263 1.7647
32.6501 -22.603
-107.947 -3.198
-30.6739 -3.541
-37.492 -9.389
-9.5623 -11.564
-19.1071 -3.869
-41.0237 -0.826
63.1175 -2.346
9.8812 -6.103
-28.8473 0.6872
38.4058 -1.792
81.6406 -0.74
-11.137 -10.568
4.0507 -5.672
-34.73 -9.291
-98.371 -2.495
-132.513 -20.379
41.0055 -7.082
34.7823 -7.361
58.0563 -3.986
123.005 -15.141
-13.1524 -21.601
-56.9637 -31.055
75.1465 -4.038
-3.3526 -1.512
23.3538 -17.332
-60.3986 -18.834
86.1345 -6.432
37.2475 -11.203
-13.4528 -26.502
8.0165 -10.679
-14.4609 -16.662
-205.694 1.3865
3.28936 -6.177
58.756 -15.138
-37.7505 -13.205
-92.509 -6.13
-11.099 -19.162
-57.8353 -5.034
-87.121 3.2008
-46.1065 -10.513
-32.5944 -7.097
-62.1625 -10.338
-8.1965 -9.154
-66.6513 -7.666
-95.441 7.4915
-288.217 1.884
-379.697 5.4755
-318.216 -2.931
-231.868 -1.287
-87.1002 6.2865
-185.866 9.141
-365.894 5.881
-83.5045 10.7395
-103.736 5.741
-134.075 5.4575
-116.742 5.1295
-70.479 6.5125
-195.616 -9.383
-365.01 5.449
-89.7952 -15.483
-54.855 -9.6
-112.459 10.7275
-127.932 5.708
-440.563 7.2015
-166.063 3.531
-53.3964 -1.721
-278.631 10.2075
-296.999 3.042
-47.5871 3.866
-52.9495 5.167
-110.64 -0.967
-46.3187 1.772
-79.3706 11.44
-124.147 -11.684
-87.284 10.2905
-288.853 2.035
-478.197 9.172
-164.824 -16.694
-220.925 11.008
-293.392 -6.767
-456.807 2.371
-69.4556 -6.293
-53.9534 -9.745
-193.523 5.2615
-191.827 -0.304
-36.6284 -13.131
-241.343 7.8295
-26.0329 11.2235
-232.992 8.511
-631.823 8.67
-76.2556 -1.33
-99.514 0.7125
-223.721 8.8985
-82.6502 10.3075
-253.472 9.0515
-305.911 9.109
-41.8437 4.2665
-210.077 7.096
-91.176 5.8075
-511.44 -0.149
-545.815 5.3725
-284.27 -1.45
-16.1838 10.93
-34.8447 1.034
-85.4371 8.4565
-178.889 -3.232
-230.129 -12.766
-156.853 -3.34
-182.663 7.6035
-382.545 6.8525
-113.75 9.4135
-133.464 11.1415
-52.6552 3.0275
-33.0165 7.2955
-106.857 -2.942
-90.083 -18.639
-171.571 -10.806
-419.142 4.637
-73.1981 -20.418
-67.2968 4.299
-215.984 3.547
-72.9292 -4.792
-278.945 5.4995
-112.256 5.3205
-296.214 -9.233
-85.4378 4.9995
-78.9847 7.781
-404.093 9.2175
-102.316 11.619
-117.391 9.522
-219.245 10.8255
-81.8957 6.1675
-186.457 8.6365
-74.0887 -9.169
-81.7315 7.585
-156.819 7.973
-101.045 7.081
-113.447 -7.605
-145.387 6.6515
-89.3229 1.7695
-314.691 4.9215
3.7809 9.8495
-195.923 7.612
-68.7981 7.88
-184.072 6.943
-33.9395 5.011
-82.2766 9.089
-114.02 10.8615
-81.1359 -3.765
-36.2869 -2.568
-84.5377 -4.328
-437.985 4.2815
-181.249 7.5405
-236.292 9.1005
-108.206 3.804
-18.5945 -3.346
-183.961 -10.545
-128.966 -18.68
-54.7106 0.631
-41.5899 -2.033
-60.9133 7.6665
-89.1719 2.0985
-112.156 4.2545
-341.768 4.474
-219.89 1.7585
-176.445 -5.617
-228.766 7.1805
-165.685 -10.749
-39.1824 7.498
-182.012 4.0615
-122.56 2.8125
-132.081 6.7595
-148.189 -3.508
-135.619 5.6515
-302.678 4.143
-183.346 -4.749
-317.059 4.987
-281.971 -7.296
-46.338 6.7195
-78.1736 3.236
-99.11 -21.453
-73.148 -23.04
-70.995 -5.566
-158.275 8.224
-448.644 2.4285
-90.423 -1.928
-544.601 -16.033
-144.565 -5.499
-77.8807 3.6625
-58.9716 1.6035
-316.591 10.314
-389.058 0.944
-92.329 -2.666
-85.501 6.8005
-68.9035 7.585
-183.889 4.4245
-85.8806 2.617
-150.433 -6.445
-260.263 9.2505
-216.88 5.799
-97.807 -0.084
-70.7709 5.7495
-70.1616 0.5295
-64.5071 5.4125
-62.4752 4.59
-143.183 2.252
-77.051 -16.965
-109.135 9.083
-231.222 5.0245
-446.297 9.5405
-79.4543 8.861
-149.49 -3.378
-209.562 3.421
-308.731 8.706
-34.6353 0.9735
-371.966 1.8235
-69.387 7.601
-91.195 -19.623
-393.875 6.2275
-238.115 -0.18
-79.5483 7.166
-92.071 -4.418
-60.6199 5.1525
-90.909 -2.953
-135.702 3.304
-211.543 -1.906
-126.294 -0.839
-373.579 9.526
-153.117 -10.761
-341.75 -0.32
-216.845 4.6355
-90.807 -1.365
-39.4351 -6.557
-467.243 7.465
-783.482 0.4185
-17.3537 -21.535
-413.772 5.802
-225.34 4.662
-68.4553 4.507
-122.241 9.2145
-463.176 7.388
-116.3 3.057
-161.726 3.6825
-318.177 6.71
-582.712 1.3735
-128.419 -0.052
-368.295 -4.931
-317.804 9.306
-75.3916 7.3945
-273.313 7.6075
-95.101 5.495
-175.579 -4.007
-81.9874 -4.969
-53.604 -4.523
-108.014 -17.867
-160.14 9.76
-63.9613 5.6025
-144.318 1.592
-84.0507 2.065
-213.587 -4.048
-508.01 -2.667
-391.602 -8.066
-209.305 10
-54.0538 3.6325
-519.578 0.48
-50.1402 -1.487
-52.4677 9.0805
-196.457 -1.957
-84.5452 1.243
-106.946 2.4075
-147.263 -12.496
-95.563 -3.999
-83.9688 1.217
-260.471 6.8135
-301.972 2.264
-382.017 8.889
-407.569 5.108
-71.903 5.328
-138.673 0.1075
-291.675 -4.249
-90.653 0.8325
-207.928 4.1245
-367.289 -3.427
-88.755 -21.517
-53.5864 -11.002
-231.288 4.55
-244.024 3.86
-74.1875 -6.576
-138.398 -1.192
-65.5617 -10.459
-108.616 -26.476
-41.8623 -3.974
-161.205 8.28
-95.207 5.6985
-79.1586 -8.31
-40.2698 -6.739
-430.358 0.7365
-119.675 -3.16
-92.119 7.9
-82.1858 4.7915
-46.4904 1.992
-167.987 1.565
-84.8389 3.9805
-81.3571 7.8565
-508.004 5.3265
-25.4768 4.6825
-70.4596 3.945
-107.132 12.9515
-240.168 2.4555
-144.328 -10.594
-515.349 -12.52
-95.761 3.392
-93.705 1.8635
-178.758 -12.191
-155.287 2.109
-73.8438 10.8705
-72.5782 7.1215
-156.214 6.4675
-599.418 -0.983
-80.6552 -12.77
-341.178 -7.076
-85.4676 5.183
-108.864 2.3725
-302.526 5.473
-117.398 -10.978
-101.463 5.2655
-149.782 -2.501
-33.6814 -6.977
-264.715 1.7805
-95.161 -1.531
-356.501 -5.567
-76.8643 10.2175
-69.7576 2.205
-456.524 -4.336
-282.382 -5.858
-76.454 3.9525
-254.883 5.783
-411.675 -12.422
-104.898 -3.742
-161.885 -21.407
-200.266 -2.487
-47.5171 -13.153
-80.6163 13.544
2.00314 16.3264
0.37286 9.8196
9.2529 32.4517
1.55059 7.7563
2.98519 58.1861
4.30761 12.6001
1.40161 18.7071
7.70876 12.0108
0.3812 18.616
0.49648 24.2049
-2.2873 14.4054
1.80926 23.2828
2.30749 46.4425
0.37829 10.98
3.3956 23.1199
0.52323 18.8194
5.06958 4.5771
0.37919 12.1055
-9.5235 13.1848
7.63438 19.9049
4.45661 18.6047
9.24634 8.1133
8.28512 3.8933
6.12869 57.3538
0.36899 7.0166
-1.0856 18.5062
0.37106 15.243
0.50204 17.2516
5.27702 14.504
3.7874 26.046
6.63772 23.3719
3.33935 12.4845
5.63146 11.7096
2.83046 18.1007
1.34562 8.6874
5.09471 34.9714
4.67783 12.7749
8.86247 53.6192
0.35283 55.0884
3.32223 16.9531
-0.3927 23.9891
2.42999 23.9754
-8.1068 15.6244
2.02252 10.6155
-8.8764 3.1238
3.7009 9.8889
1.78552 6.9751
0.36109 14.0384
-11.1959 2.7741
0.37171 37.2223
15.0962 16.5512
2.67843 37.0631
2.30044 15.7464
3.50716 -12.771
0.61593 28.2636
2.20987 19.6497
6.60547 18.0208
1.62725 15.2715
0.36797 15.6962
0.3799 18.7116
0.5381 14.1197
4.45595 22.7098
6.75682 15.6996
1.74613 19.1258
3.35498 -5.628
-20.6802 17.3939
3.12337 8.9161
8.2266 60.4562
1.566 26.0576
2.07414 21.7103
3.00255 26.838
7.27916 54.1891
1.0682 20.0998
-0.0263 17.6174
1.21527 4.617
-10.8892 18.094
5.7848 14.8168
2.63438 24.1746
-1.3962 30.0419
2.92737 10.7475
-68.9847 18.864
7.44477 15.5826
4.76737 12.2639
0.25124 14.2801
10.3196 18.739
0.41801 21.8262
-25.5028 52.001
1.25513 12.3753
1.58378 19.7987
7.04698 12.8487
3.4261 50.9665
0.35005 5.2917
3.60839 13.5416
2.80949 17.9763
-3.5984 14.8447
5.13543 27.1615
7.9318 21.1506
2.52208 24.5662
1.62746 20.7153
1.07857 19.3935
2.02802 24.6931
6.34817 19.2738
17.0937 14.9151
25.974 21.659
1.19861 27.7738
1.0862 34.555
-18.9443 22.6709
11.8079 21.5054
14.4945 21.4958
9.34344 20.1695
-32.1101 15.7048
-28.3279 21.7249
3.74193 10.6282
34.7828 12.9537
22.2431 25.0277
9.53224 8.2535
24.3088 6.3354
2.03356 47.12
8.11529 18.401
1.15919 24.9764
17.0857 22.72
21.2293 8.3638
37.0594 18.9841
10.7012 15.8145
1.13398 53.283
8.62996 25.3975
11.4017 22.3563
1.9492 18.4474
-52.2055 14.8897
15.5441 15.5777
17.0842 8.5549
-0.2154 21.7911
-38.1206 47.5795
0.92503 24.2255
1.1028 51.9254
1.06225 52.0855
10.5504 24.948
1.12186 25.4793
24.9421 15.1873
-24.8499 12.7668
19.6869 23.8297
13.5636 21.2081
13.7365 13.6548
-11.7235 29.3487
1.1021 20.1661
2.85832 32.5892
3.34929 2.1248
-9.7929 21.1244
7.49114 19.5422
2.93077 19.6801
31.594 17.5012
5.10867 14.0347
6.15183 17.6174
1.18319 16.5596
25.2641 10.3353
1.11803 23.345
2.24687 45.9233
3.92568 24.4655
22.2814 18.2022
42.9252 19.6769
3.70493 15.955
1.11017 19.1966
1.18321 18.9365
3.81794 21.9695
9.03327 8.6971
5.32106 0.0769
1.10444 10.684
14.533 14.2456
8.22874 40.7763
7.92869 34.8884
10.8425 14.7275
18.7681 8.213
2.69137 52.3082
11.8625 27.5195
13.0958 42.7982
-29.8786 28.9321
4.0335 18.6315
0.95367 9.203
3.42678 17.7768
2.68635 14.8438
10.2121 5.2193
12.1535 10.9778
14.1908 14.8962
6.88085 17.7508
1.80631 9.0783
-0.2331 15.4607
-0.3836 14.3868
33.1055 46.4049
9.63323 17.266
12.1499 10.2797
-1.4962 24.1112
-49.6484 22.778
3.0861 23.0135
19.6303 13.2155
1.08803 20.9873
19.6664 17.552
17.1983 27.9603
-5.3593 28.5297
1.0579 20.4874
-36.0935 17.0208
86.802 2.946
61.137 23.7055
99.5441 36.4348
18.9357 9.724
19.9309 27.042
46.5613 24.064
-12.142 14.418
67.5595 26.7135
12.9236 -1.531
63.6995 22.3255
-53.9924 14.451
113.471 -0.284
0.53202 9.3094
13.5235 24.379
78.837 -2.92
3.09118 19.7893
58.7549 38.862
12.5341 24.8238
45.2368 24.1991
36.4771 20.3261
43.0971 19.2504
3.78059 23.72
58.13 -1.257
41.3557 22.2135
23.0774 43.9372
56.568 17.0154
153.067 16.2323
28.4832 14.1706
3.63941 1.3406
-26.7675 25.9751
31.0239 16.6716
1.6741 38.8866
25.2954 17.4627
55.9355 13.2097
3.54518 19.4294
60.9879 6.152
6.6735 15.0859
116.03 11.5775
3.51873 39.2021
-54.7884 17.923
26.9118 43.1776
3.41969 23.7176
7.43661 22.6951
53.7665 27.4335
6.7296 16.7971
49.1128 25.5765
38.5572 31.2197
16.1635 17.0624
66.445 19.5724
3.76055 28.291
3.77172 20.947
145.474 8.539
19.6975 35.631
69.399 23.7885
26.508 9.999
82.7975 14.0529
-8.8014 25.2337
6.46751 20.398
99.267 12.4115
19.5086 18.2086
38.4859 50.1506
6.82656 20.5849
3.6656 14.452
29.3935 20.2964
6.79421 24.606
39.5143 49.8233
7.51514 17.478
16.3921 31.0572
18.7965 16.2223
26.81 18.356
49.8871 20.7891
3.69425 28.903
18.6936 18.468
3.68815 19.5761
7.99101 24.6758
113.047 13.2938
-3.8647 19.8555
12.172 19.5119
20.7194 15.1851
209.548 6.436
41.9487 12.3337
130.425 18.1431
3.9685 17.8245
64.367 19.4312
59.0505 34.0821
3.54985 27.2995
-25.489 17.7943
8.03159 19.989
27.3702 39.4971
22.1441 25.8805
3.89846 25.7192
86.573 23.0251
5.46576 26.4305
77.1509 17.0096
159.117 20.298
152.264 27.5815
54.1726 36.4326
34.9383 17.8148
3.7582 10.6905
9.84142 31.247
10.4335 38.2133
-4.4298 42.4246
-46.6531 42.8404
-64.3141 37.513
18.9459 36.9931
-8.5506 31.8007
16.2884 34.3732
3.15988 38.4809
-29.66 37.1142
-12.4477 24.9089
-21.1839 39.0756
-29.5456 45.2647
16.4675 37.3629
2.97723 43.8668
-28.5111 36.2777
13.3431 37.8165
-48.0405 41.6911
12.8255 40.2108
7.4003 43.0989
-11.9083 38.2473
-102.375 32.3372
2.5578 31.2815
10.3013 38.738
7.5613 38.9597
-6.8946 39.5675
21.7805 30.998
-75.9188 29.2652
-32.5229 44.8311
-28.5516 41.9778
13.2265 29.9507
-66.8518 37.5246
1.32305 34.7331
1.1721 28.8821
10.5852 36.5873
10.5558 39.2335
28.407 31.3447
-105.123 35.2575
6.69196 43.3681
-95.723 36.9174
3.36515 33.6223
6.19615 31.6162
9.22995 39.2164
-26.1933 36.2476
-43.9819 38.7459
-34.0771 36.7566
-7.2147 39.1468
15.6306 36.1319
7.29581 39.0106
21.1293 27.9133
8.74525 35.1491
-57.2121 33.8674
6.13565 36.581
-0.6349 43.154
-5.0854 36.7957
-1.6858 40.4646
-6.5872 34.1095
7.38105 31.9997
-46.6382 40.3388
5.00601 27.9601
11.4861 36.6836
-25.0198 35.0284
14.4782 38.6693
7.4984 42.0759
12.2096 34.6435
-104.553 42.1121
19.4956 37.5793
-23.146 41.3436
3.73529 43.624
15.498 34.9383
-8.1464 36.5161
13.6156 47.2
24.3738 35.4492
-13.6698 35.0585
-21.9123 27.1572
-44.0853 44.257
6.40365 35.2796
-156.456 46.6117
0.0456 44.6209
5.73355 37.7514
-12.8133 44.0663
4.83101 42.9125
-47.8776 39.5476
-135.337 39.5568
8.67375 35.2236
-123.386 38.6875
-43.9151 34.6315
-23.9835 31.4443
-31.6502 32.2426
6.8205 35.6609
-26.7811 32.1709
21.4756 43.0004
-99.463 34.3635
-88.275 41.737
-31.8296 36.418
-25.34 37.2927
7.14674 40.0571
0.8741 31.9472
-0.4467 36.0795
-4.2422 39.4998
-18.9997 37.566
-13.7866 36.0747
-188.694 39.6777
-34.1065 30.4373
-30.997 36.4044
-19.2883 38.4855
-79.2266 37.46
25.8846 39.0509
-28.7743 37.6316
27.8017 39.1234
-22.5097 43.1313
-120.378 33.7193
-15.8078 32.126
-26.1368 36.8311
-36.1084 42.4768
15.2858 38.5493
12.1737 33.5051
-34.1973 41.1804
-84.2571 29.4725
12.8297 31.3925
-12.9057 37.8645
17.4071 38.0947
13.2847 35.8906
27.1924 38.2792
3.00513 36.5754
-3.8409 37.5349
18.0776 41.3247
-1.8105 38.6354
3.75776 40.8177
16.3008 33.3718
-92.347 34.2459
-63.757 34.9571
25.1706 39.5738
-0.8675 33.9115
-2.1433 38.3847
4.33145 37.9561
1.5814 34.6223
-38.0213 38.9553
2.04115 28.8581
-19.0237 36.5699
-3.1228 33.5938
13.1599 39.6582
-28.4761 33.3879
25.3069 40.6846
-1.8284 32.3272
6.85565 33.9185
-54.5863 35.5371
-31.9702 31.62
-11.6161 37.471
-45.0453 39.9963
-58.6639 35.8692
8.87497 39.6159
-11.4692 31.0436
-48.4829 36.5929
16.1677 30.697
2.6949 40.4425
-74.7978 42.3783
-71.096 44.1329
-30.2997 42.6702
24.0606 35.0131
-33.4524 36.1064
-74.807 37.3849
-56.9749 40.7167
17.3479 37.6761
31.3738 33.0097
-0.1344 27.0786
5.98898 38.2775
-17.5708 38.0701
6.2211 44.6735
-15.3904 31.2417
-7.309 33.4135
15.6108 39.9293
-0.8695 33.1727
3.33645 29.8351
-58.2218 43.2264
26.0478 37.5766
-63.9895 26.6415
-21.2341 32.0427
26.2441 38.9353
-13.5954 32.5504
-57.9212 37.8685
-3.3015 33.6949
-6.8036 34.2448
-70.2563 38.7336
-61.503 39.0512
9.36299 29.0061
-28.5224 33.1976
9.7265 45.4123
11.7792 36.9295
23.6813 24.7772
-4.5085 36.777
2.99975 36.061
14.2566 32.6038
-155.424 40.3682
-116.94 32.3901
-23.2739 35.9777
-20.9132 25.8851
-81.0431 37.1485
-42.9574 34.6919
-78.1306 40.3769
-6.9706 33.781
-48.2146 30.2815
-74.6367 22.5488
20.1775 22.4475
13.4248 27.512
67.7814 28.183
20.6737 25.259
-150.901 26.8316
-16.3025 23.8572
-11.8033 29.815
14.997 25.7195
2.8327 33.1921
10.2526 20.0252
13.3487 29.2515
-16.978 25.1908
11.4734 25.7111
17.8993 26.3306
-1.8963 26.6414
17.5454 24.5655
-42.6754 31.515
10.1033 26.1645
-116.712 24.1589
15.6165 27.18
11.3901 29.9197
-13.4667 30.1864
-4.9617 20.6022
-35.0027 23.2189
-12.0467 24.6381
-39.2327 28.2501
-17.6135 21.842
-25.0574 24.8911
19.8892 20.83
-8.241 24.4047
26.1135 25.5554
9.25645 27.1998
6.66587 30.6825
-0.2425 29.462
8.3322 25.6037
8.74475 28.0462
-26.7478 29.2623
-4.9788 29.8255
14.477 26.662
-48.5638 28.471
-47.582 27.4322
3.07967 21.1493
18.196 33.449
-16.27 26.7944
-2.6532 25.686
16.94 25.5526
-60.0657 24.005
20.2508 25.4254
-13.8715 29.9044
-11.8984 21.3298
-49.9118 29.58
22.5254 28.133
4.5748 27.507
-18.9849 26.4486
-15.547 23.3389
-46.0399 20.6906
-3.9173 24.9405
15.4636 29.7028
-24.9944 30.0439
-51.5979 20.8662
17.1436 22.4445
45.2103 11.601
-49.5763 26.054
30.7801 27.1689
-3.6454 30.6306
-147.95 26.5358
-20.0225 28.073
18.3813 23.0118
30.9729 25.0916
41.011 24.11
-5.0355 29.9175
5.3843 28.145
-30.7754 28.5251
12.2828 24.2554
-2.8952 28.5628
14.5572 32.3749
16.1395 28.045
-55.0845 24.215
-11.0241 29.3709
-2.4396 30.6736
-42.6779 23.488
1.41359 29.9873
-37.0153 29.0232
6.2587 29.9053
18.2895 22.7503
12.9187 30.3719
-40.8892 14.7207
-10.0825 24.2741
-78.0014 32.2766
-64.9647 30.3409
-3.8636 20.8459
-69.481 19.5513
10.1584 27.2843
14.9505 29.9753
-13.5153 22.7975
12.6396 31.0828
6.5508 22.3613
-3.5441 30.114
