-126.547 -225.023
-27.6115 36.0299
-31.7079 -8.268
-94.7537 -38.074
-26.7496 -35.733
-29.3371 -32.44
-16.4827 -11.608
-5.7363 -254.796
-52.327 7.1368
-13.6533 -84.889
-74.38 -75.473
-8.6509 -49.337
-104.508 -16.796
-70.1202 -21.956
-6.34775 -324.524
-87.0586 -111.798
5.8947 -69
-59.7197 -29.008
-192.985 -55.396
10.3055 -223.08
-52.8933 -60.476
-31.5989 -5.154
-47.5779 -18.178
4.1709 -32.311
-54.0011 28.71
-65.7743 0.635
-52.2785 21.2343
-95.8391 -695.385
-56.5365 -47.016
-8.70129 11.7944
20.9019 -34.153
-87.5105 -6.337
-11.5955 -59.175
-55.4282 1.4771
-35.4304 -26.88
-1.71242 -1.153
-59.1315 -47.714
-54.1679 -20.415
-0.77005 -71.531
-20.9607 38.8939
-26.3738 -17.794
-93.0793 -46.601
-19.2021 -29.94
-71.3516 -25.498
-50.878 -29.413
-7.95083 -54.574
6.7143 -232.178
0.3493 -290.688
-29.2417 -23.658
-30.7647 -47.585
-24.637 -41.707
-155.164 -41.2
-137.509 -21.282
-16.6828 -27.41
-233.925 -22.172
-8.08825 -1.141
-11.6816 -15.626
21.8559 -157.663
-5.97147 19.1919
6.4701 21.4319
-151.517 -56.904
-53.194 32.7088
1.538 -46.464
-103.248 -465.726
-78.9634 -192.18
-170.755 30.4244
-23.1819 -70.044
-27.6829 23.4782
-44.8573 -35.293
-72.3342 -20.821
-171.333 37.8752
-76.9051 25.612
-0.35986 -25.904
7.7731 -10.443
-8.77876 -14.553
-197.173 2.3632
-188.103 -21.692
-366.342 -20.566
-19.8768 -19.975
-60.2997 31.2119
21.8681 -340.394
-47.0419 -9.668
-28.7104 36.3744
-9.17295 -47.13
-43.6816 32.6206
-65.7805 -38.298
-140.371 -27.681
-76.1712 -13.136
-152.261 -13.387
-157.891 -19.63
-81.2585 -50.589
-52.3307 33.3356
-27.2514 -14.333
-7.12565 -345.288
-109.812 -29.879
20.5221 -42.924
7.0287 -35.399
-82.7 -57.744
-31.1028 -40.791
-59.9931 -19.847
-131.268 -45.641
-24.7426 -71.256
-60.2779 -55.805
-67.2797 28.12
11.9036 -85.019
-112.614 -63.852
-27.9454 -35.733
18.0348 -49.439
-200.095 -7.797
-84.9841 -20.051
-69.9166 -57.548
-14.8209 -175.037
-57.4784 -52.154
-11.7979 -28.139
-14.1316 -8.031
-19.1296 20.9632
-84.1269 -57
-55.3038 -16.972
-60.378 -19.665
-139.741 -2.784
17.615 -25.021
-38.3683 -62.017
-19.767 -16.18
-108.815 -45.272
-42.1453 41.2459
-42.1873 -23.212
-51.6182 -56.829
-123.47 -105.546
-197.442 -115.397
-72.2848 -17.579
-48.6224 -63.843
-46.0257 36.215
-52.4415 -64.871
-75.0618 -44.102
-66.5921 -22.055
-22.1783 -159.103
4.019 -54.472
-33.7858 -55.752
28.4472 -62.075
-84.2482 1.0945
-190.606 -50.772
-45.1366 -179.823
-82.296 -21.546
-102.834 -87.403
13.3954 -10.907
-8.1697 -253.868
-56.4489 -40.072
0.8555 -25.754
-7.31105 19.7938
-51.7544 -220.913
-118.224 -45.302
-192.828 -3.032
-29.7736 -78.822
-25.0243 93.781
-7735.36 -74.552
6.0846 -113.066
-100.542 -39.866
-22.5534 5.2569
-18.2126 1.645
-17.0286 -54.827
13.7098 -36.589
-4.34985 -36.648
1.482 -112.536
-11.1315 -52.218
-8.42055 -262.719
6.7235 -97.654
7.7155 -158.834
-19.9839 -13.365
-22.4919 -19.876
-61.8445 -42.866
-91.0274 -23.048
-29.5899 30.3562
-19.5592 29.7738
-154.88 -66.588
14.2072 -21.253
-161.125 -20.158
-26.0418 35.6769
-38.5839 -18.99
-129.55 -92.483
-42.638 -3.919
-61.9819 -62.553
32.2289 -38.815
-83.2002 -1.489
-26.5744 -73.039
83.6814 -154.11
38.3285 -4.286
-96.4051 -98.55
-486.514 -27.109
-74.7827 -38.332
50.3037 -36.258
-15.9931 -67.941
11.6835 -23.599
-1.29725 -48.868
-17.7178 -46.237
-70.8117 -28.407
-7.86625 13.9086
-334.183 -15.353
-32.929 -6.489
40.7595 -150.238
-143.113 -42.917
-114.764 -78.236
21.8649 -24.733
-36.1666 -247.12
51.1437 -57.07
-15.1076 -17.053
52.9289 -181.05
-88.6633 -26.293
-71.8282 -133.803
50.0453 -23.686
40.9655 -23.804
-6.8158 -33.803
-17.2247 26.7432
-47.4971 -0.285
-7.3265 -42.548
-8.63455 -15.379
25.1246 0.0183
9.7564 -118.523
-4.31885 37.0901
-133.954 -14.249
1.3577 -10.915
3.2073 23.8918
10.7272 -10.424
17.0231 -96.719
-17.9122 -22.774
-43.5041 -15.392
17.1532 -5.572
-59.4827 -58.034
-218.338 -221.535
-13.9815 -8.806
-51.6722 -25.519
-35.0765 -31.296
67.723 -277.788
33.4675 -224.576
-205.316 31.0281
88.7223 -11.994
-1.58765 -60.125
17.377 -34.357
-25.3874 -4.817
-14.3725 18.8769
132.705 -1.851
17.0099 84.6729
-79.6482 -106.067
-397.28 -40.604
-514.344 -80.13
-4.09115 -48.043
-75.1325 -34.894
-91.0704 2.8425
-135.028 -6.726
3.6745 -287.75
-158.958 33.0869
-38.4282 -14.63
-63.4035 -6.162
-119.965 -34.274
23.3031 -67.41
-337.619 -68.395
-60.3379 -289.36
-119.689 24.117
-104.445 25.9676
38.4683 33.6875
-222.525 -15.606
-61.7469 -363.362
-64.5677 -11.933
-61.4521 36.9201
8.2036 -7.691
-23.3154 -58.718
-51.9288 5.1769
50.0576 -0.859
-125.08 -48.575
-15.7645 -17.135
-25.7772 -192.416
61.9343 -36.547
-28.2855 -9.897
-90.5785 -129.584
-26.7566 -56.157
-18.0217 -29.981
21.9222 -71.42
3.5891 -44.451
-14.6958 -102.483
-276.966 -95.7
-356.223 -38.762
-470.888 -35.737
-62.7732 -88.507
-82.4544 -3.289
-61.6288 -55.113
-33.691 -38.721
-127.391 -122.159
-77.414 -0.795
-469.244 -16.755
-130.154 -21.189
-181.213 -90.428
-77.4639 -19.47
-85.2239 -64.352
-298.38 -56.594
-492.393 -79.457
-385.834 -42.714
-175.406 -31.326
-62.8065 -20.001
-175.529 -56.88
-74.1804 -138.295
-175.072 -80.103
-152.109 -6.02
-787.282 -53.744
-296.802 -32.317
-125.601 -11.182
-277.832 -54.681
-84.8566 -27.468
-275.656 -114.26
-464.014 -77.715
-492.123 1.393
-117.398 -1.233
-60.2315 -30.93
-11.9566 -171.935
-348.858 -15.052
-624.735 -14.254
-290.634 -47.58
-414.356 -14.995
-419.196 -95.945
-318.656 -18.494
-45.102 -212.917
-350.507 -27.136
-1061.28 -92.675
-69.4258 -9.695
-240.679 -71.72
-193.714 -45.18
-206.29 -9.059
-86.4418 -8.302
-240.167 -0.479
-65.2478 -38.838
-116.852 -18.709
-142.059 -23.843
-548.567 -22.505
-88.3019 3.5005
-115.378 -58.956
-133.707 -56.201
-119.775 -54.022
-104.441 5.6715
-85.3728 -18.567
-49.174 -67.418
-534.536 -45.041
-5.201 -41.946
-115.88 -37.928
-482.094 -32.123
-60.6917 -72.195
-237.278 -13.93
-184.302 -37.381
-665.187 -38.321
-780.158 -6.053
-730.975 -125.615
-90.1837 3.896
-149.103 -35.148
-466.868 -51.851
-35.152 -53.138
-418.187 -26.402
-51.3827 -48.734
-147.923 -101.567
-75.0758 -85.634
-234.339 -10.542
-635.493 -31.365
-184.556 -91.225
-109.388 -23.329
-30.7096 -8.396
-76.487 -108.59
-43.0886 -14.724
-967.151 -73.594
-494.691 -55.31
-157.347 -10.018
-146.686 -38.981
-533.784 -87.65
-366.166 -5.285
-361.938 -196.295
-417.287 -16.216
-193.572 -11.422
-164.296 -7.385
-288.566 -136.413
-188.345 -33.585
-207.23 -45.238
-207.039 -2.678
-52.5621 -18.646
-391.181 -33.643
-181.607 -174.22
-230.321 -82.892
-189.257 -3.635
-473.933 -50.962
-205.209 -60.488
-786.195 -6.936
-609.841 -61.553
-657.7 -46.995
-558.942 -60.144
-114.342 -60.201
-233.751 -121.725
-17.1059 -57.766
5.1052 -132.817
-785.658 -36.318
-235.399 -12.517
-620.312 -67.56
-144.871 -5.977
-898.543 -91.29
-18.3115 -45.495
-341.661 -5.507
-55.9776 -46.132
-3531.52 -128.075
-126.691 -12.922
-312.334 -136.275
-447.61 -21.605
-490.582 -10.763
-46.3288 3.564
-207.239 -43.566
-87.5661 -174.115
-73.6928 -19.803
-70.4401 -10.254
-225.004 -40.981
-112.471 -69.749
-137.604 -84.284
-496.472 -87.279
-78.7682 -1.16
-180.741 -63.419
-436.671 -208.43
-102.897 -2.291
-190.505 -85.041
-548.591 -22.41
-1955.96 -61.169
-90.3876 -44.066
-511.054 -30.425
-458.337 -34.579
-782.091 -92.149
-57.7063 -116.166
-570.662 -70.643
-83.5591 -75.173
-614.888 -139.26
-148.692 -105.793
-57.0437 -17.418
-110.076 -56.403
-257.809 -37.152
-443.913 -119.595
-62.8644 -70.043
-232.433 -95.748
3.7277 -352.51
-149.784 -49.648
-263.868 -17.922
-104.779 -39.043
-847.546 -24.68
-227.106 -7.334
-126.655 -0.255
-269.091 -12.949
-446.806 -25.207
-589.294 -68.529
-214.798 -96.567
-483.785 -162.5
-60.5873 -69.61
-97.156 -18.861
-56.7985 -10.534
-143.083 -8.809
-145.718 -75.335
-257.423 -7.043
-283.576 -125.056
-372.405 -66.425
-175.13 -7.417
-172.222 -106.285
-328.509 -43.812
-124.745 -116.537
-71.4229 -96.411
-293.771 0.53
-189.31 -35.709
-173.077 -116.853
-1245.33 -59.472
-731.539 -51.735
-570.39 0.4775
-252.233 -119.626
-146.704 -68.946
19.1058 -13.759
-64.6675 -41.933
-76.9055 -80.595
-447.255 -54.145
-220.376 -20.873
-786.936 -50.312
-13.1165 -124.52
-146.819 -132.916
-213.569 -41.584
-36.8216 -64.219
-488.753 -160.753
-290.986 -73.315
-342.682 -16.859
-557.571 -85.921
-9.38805 -154.565
-121.014 -34.489
-213.064 -124.216
-465.617 -160.546
-40.0303 -9.735
-776.185 -79.846
-312.505 -47.702
-326.13 -274.322
-110.645 -8.044
-76.9121 -61.32
-359.043 -92.404
-60.8539 -99.672
-240.437 -39.401
-147.008 -33
-91.7572 -72.541
-334.332 -82.024
-66.8595 -111.708
-239.139 -33.445
-28.9125 -66.083
-87.0511 -41.681
-46.2338 -8.272
-96.696 -246.495
-55.3015 -58.771
-58.373 -22.2
-258.196 -44.774
-545.835 -128.599
-149.469 -73.945
-25.8956 -89.534
-45.3487 -3.184
-228.829 -25.423
-153.524 -99.778
-50.8294 -84.428
-355.871 -12.334
-126.446 -71.905
-90.5248 -1.184
-104.783 -16.724
-523.349 -61.462
-240.367 3.99
-78.701 -27.44
-298.329 -36.105
-22.4274 -114.584
-407.305 -36.541
-450.967 -9.37
-84.0771 -11.376
-50.1862 -2.745
-428.722 -59.3
-50.2432 -153.337
-381.02 -14.531
-147.195 -121.885
-330.566 -68.029
-130.593 -40.659
-112.741 -30.945
-345.1 -7.454
-482.656 -96.704
-1548.38 -85.768
-96.1233 -35.35
-267.762 -33.383
-239.301 -46.273
-114.514 -164.1
-241.743 -24.478
-226.699 -19.161
-88.6171 -101.485
-451.074 -20.452
-171.123 -15.112
-220.448 -5.937
-70.892 -59.205
-3.17675 -99.508
-98.266 -25.56
-237.331 -139.919
-63.0618 -111.745
-619.73 -50.258
-181.228 -70.119
-335.527 -13.141
-2460.06 -136.829
-390.34 -53.298
-465.956 -67.95
-357.836 -46.742
-550.085 -122.036
-3246.66 -83.566
-182.817 2.2665
-99.6694 -34.647
-87.0803 -58.157
-177.806 -25.686
-293.106 -37.954
-654.703 -60.216
-101.766 -120.99
-561.912 -7.207
-161.716 -35.508
-1457.05 -67.595
-480.364 -131.755
-106.251 -68.975
-305.286 -9.816
-264.993 -16.593
-836.252 -30.875
-191.764 -24.232
0.9892 -7.865
-3.41295 -14.001
2.3736 -19.619
3.4468 -10.913
2.6929 -23.508
5.3473 28.435
2.7569 -537.649
2.736 -3.45
8.7157 -19.099
0.6529 -15.466
5.8418 23.7606
7.3867 -126.736
0.3354 44.4475
1.8457 -39.727
6.2501 -4.381
2.6989 -92.555
3.1651 15.9116
2.217 3.1596
0.877 3.7592
10.9785 11.4594
0.5021 32.7062
0.3767 -59.036
-11.6734 37
-49.7419 31.0038
2.3959 39.131
6.19 -111.415
-23.7849 -1.696
-29.1212 1.8256
1.3099 -283.995
1.3477 31.27
2.1828 -11.295
0.2492 -25.223
0.6707 51.0654
8.5816 20.7146
2.5692 -25.448
-21.6959 48.3724
4.718 39.3752
0.662 42.4125
8.023 20.3832
3.3188 -178.993
1.7264 -78.706
1.9771 -36.761
6.089 24.87
0.8143 15.6907
1.5919 -35.797
3.0431 2.221
1.4002 -45.995
0.377 35.6319
0.3571 -268.774
3.272 -28.474
4.6911 -78.358
5.7498 1.7164
5.172 -2.117
1.2796 2.9352
0.3454 23.3718
4.3985 -23.523
9.356 48.0513
6.2197 29.9087
2.7982 -2.313
-0.28723 -42.691
3.3225 -248.716
0.3422 21.325
0.3422 -22.992
0.3525 47.868
2.4969 17.6189
8.6622 -74.018
8.3205 -5.523
3.3966 43.249
0.7073 -20.72
5.8023 32.6693
1.2561 5.1157
1.9416 9.0278
-64.4789 -172.759
2.0694 -5.302
1.9722 26.892
3.2314 -0.918
3.6032 -18.006
0.4202 -14.216
3.555 -3.048
0.5503 -49.667
0.6548 19.9264
0.3655 31.0784
5.6966 24.8271
0.3557 -8.196
-2.33126 -13.666
5.2639 -16.531
7.1261 59.9761
12.1377 -32.677
1.7653 -6.905
1.0865 9.874
0.3613 18.4881
-24.915 35.2781
3.8658 -5.324
1.1777 22.6106
0.6828 14.9942
1.1648 -4.216
-11.771 -82.703
5.2803 16.801
28.9382 94.8213
4.3203 -74.166
2.6745 53.6581
10.3738 -89.709
-1.15031 45.1022
19.1971 -287.926
3.5688 -30.383
31.7489 17.3663
9.4468 -27.616
1.1432 -29.279
38.4352 28.1388
13.2699 1.5426
15.5382 -6.038
11.8582 -23.129
12.0717 -6.469
28.7315 -12.407
9.1846 28.7416
1.0982 3.6718
8.4662 -23.881
4.4983 17.4635
-48.5125 -21.124
20.8673 -44.813
5.7485 9.6987
10.55 -7.345
-42.4482 54.7245
2.6703 -63.923
4.2408 -48.135
15.5657 -3.618
15.3303 38.645
24.3989 -65.042
5.1373 -1385.78
13.6234 -106.144
1.0702 39.255
0.9137 55.0913
4.7342 18.8526
33.3646 35.5529
12.416 2.0935
5.7347 -109.097
3.5675 -61.607
1.7692 4.5652
-26.7016 -53.372
4.0837 -19.751
1.132 11.3204
8.5753 -10.784
1.1327 -217.088
-25.0101 -33.976
1.1773 -5.353
1.4204 -11.924
11.1066 43.9117
14.8578 -31.498
23.0379 -49.891
26.5112 -442.474
7.1957 -2.436
4.7627 3.868
1.0815 -1.834
1.0605 -219.218
1.1834 -72.23
1.2007 21.0044
9.2135 16.1068
23.653 0.4588
23.6945 -31.369
29.1148 52.4455
7.6804 6.252
1.154 -37.769
7.4261 -90.126
1.1698 29.0135
-6.98525 -81.578
10.2394 -60.993
8.5479 35.2391
3.1761 -34.28
6.5489 -4.76
12.3337 10.2674
12.8935 9.0452
-33.6981 -14.044
5.0478 -21.721
1.0926 35.2062
1.2335 -36.672
10.7878 19.9299
7.5671 37.3462
2.1106 23.8631
2.5853 11.8307
9.5303 -62.417
3.6874 -6.399
3.7165 -7.899
23.5688 -71.206
1.3248 -16.876
16.4302 43.1375
0.3456 -0.29
11.0816 -39.588
4.0249 -16.344
-10.0123 -15.474
63.498 10.8535
24.371 48.2315
34.1791 -4.116
20.5475 -42.447
30.2302 41.4103
5.5339 5.1779
11.4947 -33.367
31.5053 11.2862
4.0558 7.7885
3.7097 -1.121
7.7875 5.6753
3.6475 14.2323
22.1873 28.8725
18.8469 13.2379
16.9575 2.106
-20.3405 19.4122
41.023 -113.22
26.0603 -37.7
78.646 -16.373
43.8873 0.3288
68.7231 -22.281
10.2599 2.4139
47.7965 -27.776
11.4724 5.2232
3.7009 26.9051
34.4518 11.3219
81.7355 30.9412
21.9329 15.0686
165.916 40.6125
14.8354 30.8152
17.7293 -22.271
5.3855 9.1795
59.539 -8.597
114.81 -19.03
3.4969 -1.764
64.7041 -65.113
18.6129 47.4462
32.4697 17.4756
7.3315 86.0678
32.5956 84.1555
13.5037 46.9215
42.8794 -53.032
19.7142 -1.998
-5.11892 -26.63
71.0002 39.7371
-11.5625 -50.611
22.2236 -15.076
59.6905 -13.365
81.7705 -18.212
14.3512 8.8785
25.0042 -23.585
35.81 29.7494
13.3484 -35.464
17.5816 22.9133
18.5588 12.4703
123.482 -28.171
3.6533 42.9185
-5.1868 5.8392
54.0303 -1.818
49.537 -21.322
13.1806 -5.366
85.8539 -23.757
33.0841 8.8522
45.5225 10.29
1.1971 -8.093
-18.5658 -27.848
24.5859 -7.893
24.4485 -8.543
65.2655 -54.711
3.7376 -52.094
71.8545 -2.177
3.4755 -87.866
3.7202 50.0925
34.3313 51.6119
55.5665 11.1354
-6.39255 -1.804
-1.0347 -9.999
100.689 21.3016
16.1537 57.1521
24.659 -88.395
93.469 37.7387
3.597 20.1337
68.5185 -16.105
39.5607 17.2038
41.1844 20.8274
75.6677 -0.854
35.7148 1.8379
10.5627 1.0725
34.8257 45.992
13.8174 -10.054
18.2051 -7.06
5.6079 17.224
100.624 -7.971
29.2419 13.4135
15.8421 -18.283
-12.7485 26.521
6.586 -9.374
10.0653 11.1518
-95.8322 19.267
4.244 20.3129
20.8067 19.4254
1.7913 39.9439
-5.76515 28.3952
-58.9796 -57.114
9.7841 9.421
-10.906 10.0299
-1.02217 23.332
-98.319 -36.011
2.3131 1.3091
-201.394 0.7418
0.204 9.058
-142.153 -0.757
-19.8914 19.5964
-39.0495 19.3722
-9.3615 -11.595
30.3866 -3.135
-8.2793 21.557
-22.5494 22.0753
11.2326 18.4291
5.99 27.48
-51.5665 24.3503
-6.12426 21.447
9.7535 10.5378
-6.98845 34.3555
-92.7946 23.6435
-53.5549 23.346
-16.1416 13.3482
-5.2325 5.8402
-21.7738 32.2416
3.9543 3.2744
56.3382 -12.193
31.2473 -16.278
92.814 -24.893
15.3833 19.6221
-27.7298 24.6947
6.5918 6.939
11.502 7.4205
14.4075 -51.598
-80.9472 -12.265
4.9258 13.938
-54.8023 25.5885
10.0605 20.0298
-15.2241 12.9945
-20.0283 31.8272
19.0641 10.6064
-6.16215 3.6639
7.2806 36.2648
22.7348 28.3404
19.5962 10.5742
51.0482 3.8293
-0.0652 38.236
5.6315 21.6465
-18.554 -11.309
16.4516 12.2366
-12.3385 -7.717
-46.3185 31.7846
-133.397 40.0996
2.2063 22.8175
-49.9823 11.891
4.7246 22.8577
19.0877 4.7191
-8.30865 21.2002
-22.5812 31.2843
-42.5996 25.3054
14.3355 23.9043
-119.735 32.0757
5.1044 19.7405
10.2368 3.113
-4.84965 -4.191
4.8775 19.6471
13.2418 0.4994
21.1707 -27.974
-21.6998 39.0863
14.9514 5.5768
-25.4156 20.946
-18.4809 -8.484
0.3254 12.7484
18.4994 7.937
-77.2232 30.5378
-95.8499 12.7222
18.0092 5.3207
-12.5128 6.7785
-10.7699 -5.295
-15.2769 21.6075
-76.4265 31.965
-12.6671 15.541
3.0538 21.846
-16.6314 2.0658
-163.65 34.0009
2.8067 13.9438
0.6948 6.8555
-74.6345 27.9131
-0.7676 14.5284
-37.6658 31.4831
8.5645 3.7294
31.2148 5.8364
15.7945 10.2478
-301.991 21.8245
12.1362 37.5751
4.2103 25.5224
11.2607 27.454
-258.888 11.405
-13.8007 22.506
-11.6576 20.1641
-26.1707 16.5108
29.1723 -1.37
3.2276 10.4911
-64.9499 35.6795
3.6276 11.264
-41.5309 -18.642
13.7146 17.663
-25.0031 29.3589
9.0631 22.8242
30.6654 29.6377
-24.115 16.9826
-3.20425 3.0133
-136.352 3.8211
-49.3933 24.618
-13.4913 26.2963
-32.295 7.1133
-27.8169 29.3829
7.1445 32.5277
7.3183 28.7395
11.0948 21.0677
-88.619 13.4962
-33.5897 22.9613
8.5787 16.382
-291.963 -20.102
4.7831 39.2645
-61.05 -53.095
46.2155 13.8163
-1.3997 -6.807
-38.73 27.9146
-34.4125 -1.854
-104.093 -5.388
3.1302 26.6735
-17.3299 33.9102
-34.5797 9.5873
19.8032 31.2401
-52.2116 17.3235
-42.5211 5.4717
-19.3417 19.2015
3.8791 25.2155
-19.8875 8.2234
21.708 18.8272
-36.1646 19.7963
-58.278 -9.875
12.5921 -15.463
16.2271 16.686
-11.6016 25.6235
12.677 10.9209
-30.7241 -27.001
-87.4971 12.5665
-27.5769 15.6245
-24.5676 -50.411
-46.2142 -31.717
45.2057 6.3238
37.965 -19.316
6.4753 24.7038
17.0303 16.0888
-60.614 27.2762
21.4843 15.3953
5.2355 27.6145
-47.54 31.3405
-55.7151 14.1606
-14.4215 21.3961
-17.5691 4.3607
-39.9292 22.7977
-21.4504 -2.68
5.2821 15.4726
21.0094 -1.201
-1.16664 -3.25
-9.32265 24.94
-27.5589 8.3145
42.2669 21.195
4.7126 29.3364
52.2085 -26.203
-21.3564 29.1671
-56.8726 13.9065
6.1907 16.1833
4.1726 32.397
-19.8756 22.4608
-15.5108 19.9965
-45.0562 11.3511
-80.6339 33.1033
22.8737 9.9481
-55.6495 11.6187
39.5315 13.8914
2.0014 22.9515
-59.3281 -15.649
9.7994 18.1897
-51.444 -8.273
14.4145 23.3145
6.546 -21.451
-61.9297 8.3615
30.7792 12.7656
-42.9687 -4.599
-83.4709 0.8335
-58.0094 8.0057
-27.7065 29.5118
-25.7507 -46.791
-7.22525 18.2627
-32.733 29.0992
27.2448 22.8291
-42.6904 12.6335
18.0779 20.6429
2.5048 14.1205
20.4348 21.9389
-22.7023 -2.944
51.1058 -5.615
-64.936 24.9666
-32.5575 -6.477
9.787 11.2442
-17.234 -1.901
26.3538 -3.222
33.7231 -57.255
-204.388 10.2488
-28.7084 17.366
-45.2475 10.5154
-24.6992 15.5051
45.861 -38.556
-70.6524 -0.236
15.8379 24.7278
-15.8342 13.1356
-37.8808 -5.006
-37.6575 16.5252
44.3209 11.1788
61.9361 5.3499
10.518 20.0911
-57.9782 14.9436
1.9748 11.8503
9.3647 4.2715
-14.9459 17.288
-60.9359 -4.67
-80.4546 -0.156
5.4113 3.8569
-18.0694 18.7908
-17.3596 -3.199
-44.1579 18.1675
-25.296 8.3628
-60.2327 14.9008
-16.4573 18.0315
66.7536 11.5848
0.3037 11.7769
-146.656 -4.474
0.6705 14.0596
17.4108 13.5897
-19.0264 15.2421
40.3948 10.0068
42.1021 -11.608
-4.04985 -37.514
42.8649 11.8145
-48.4607 11.9767
28.9909 -11.665
26.4242 14.5774
51.9414 14.7402
42.8963 20.4172
-38.6014 22.044
-48.0155 -4.609
-159.786 7.6065
-105.56 2.6756
-7.4536 18.62
2.1097 -27.592
10.6373 -4.514
-25.0877 3.887
21.8692 0.1927
31.5587 4.3415
-53.9372 -6.552
-4.78155 16.7919
-181.556 -23.65
-3.296 -4.927
12.0318 20.1332
9.3457 -24.988
50.1499 23.431
-6.20825 15.5823
18.6473 6.7188
37.253 11.6415
-29.5534 -7.467
-24.115 10.3505
8.349 22.9374
27.342 8.3301
32.9467 -17.514
-57.9804 17.9102
-39.918 -5.927
12.4413 21.9855
-121.532 13.4968
-2.99882 14.8776
-70.9357 24.373
-11.9123 5.816
-34.7092 19.3999
9.5043 11.9136
12.6313 20.9489
13.6388 2.4825
-69.1087 -26.557
-48.7537 -1.857
-61.2498 -82.307
-58.1169 -89.249
-19.7543 -32.106
-78.4228 -14.761
4.69 -47.06
8.3528 -7.412
-1.72176 -23.974
-233.234 -5.122
-2.45899 -32.339
-37.794 -19.663
-11.2371 35.1612
-163.607 -5.964
-32.1678 -26.516
-88.9787 33.8819
-3.32478 -13.813
-27.6115 -47.897
-182.696 -3.454
-24.1666 -58.453
-175.075 -16.95
3.1689 18.6607
-43.7028 12.3788
-117.244 -25.678
-14.4731 -25.606
-16.0267 -4.626
-1.39331 15.9569
-48.7674 28.5331
1.8519 -3.172
-97.0531 -20.645
-75.6052 -27.735
-38.7179 -28.64
-3.27583 -9.639
-31.3143 -22.87
-37.7869 -55.118
7.1548 -61.288
-16.1347 -104.025
-2.27281 -24.709
-8.54805 30.3712
-54.6159 17.2237
8.1198 -6.732
-16.2055 -18.037
-148.131 -16.123
-78.4643 -21.784
-51.7041 -34.732
-41.4569 -12.201
-33.587 -68.661
-165.679 -2.974
-20.5873 -38.362
11.0094 -120.771
-38.9767 -12.405
-28.6778 28.3225
-204.894 5.8887
-19.7669 -1.3
-11.7267 -30.397
-59.8172 -8.719
-9.70255 -6.83
-38.8877 -41.939
-4.92045 -3.847
-68.6617 -30.701
6.1476 -7.138
5.3947 -40.442
-21.0314 -48.952
-32.6515 -25.799
1.868 -68.692
-45.1764 -20.055
-2.2253 34.3043
-53.523 -24.603
-18.1505 -23.749
-16.2962 -59.583
-14.6457 -23.037
-32.5577 -18.082
-273.271 -13.291
-21.4928 -48.022
-21.9642 -18.032
-27.6751 -18.484
-21.1337 9.7937
-19.4529 -69.13
-24.0576 36.6076
-13.4272 -32.885
-68.7575 -0.221
-22.5479 -27.326
-135.822 -14.563
-32.6981 36.2594
-11.5685 -10.168
-128.254 -38.247
-98.6959 -3.198
5.5069 -17.06
1.4965 -16.212
-26.5103 35.9506
-80.3968 -21.968
-67.4043 -69.771
-270.655 -3.428
-48.2326 -59.022
-186.538 -14.511
-73.6787 -8.852
8.5474 -10.543
-43.5456 -13.429
-45.4473 -20.535
1.3288 -5.035
12.8041 -59.159
-21.9252 24.5194
-38.5707 -31.892
-86.2754 -3.987
9.6124 -5.605
-19.4364 -20.219
-77.0319 -80.681
-133.498 -0.96
-197.305 -0.232
-53.7845 37.0207
-76.286 -134.521
3.6291 -70.613
-164.182 -39.993
-13.6852 20.1525
-89.9585 -15.442
-35.4896 -4.925
-58.6701 -28.18
-93.0513 -47.023
-51.6142 -38.027
-50.9525 -3.306
-36.553 -25.074
-53.0917 -20.037
-17.9875 -10.505
-48.5352 -4.013
-130.342 -188.061
-8.70209 -26.446
6.4456 -13.924
-30.7689 -14.543
-19.6895 -25.948
-54.5321 -26.389
-14.6591 -52.228
-3.42888 -8.482
-53.8832 -44.66
-30.6481 -7.541
-87.2001 -2.381
-166.695 -31.477
8.3603 -2.459
-50.1407 -27.792
-2.23135 -92.254
-9.1553 -57.023
-139.619 -66.226
-100.852 -23.945
1.2261 -12.267
-18.6311 -26.138
-293.526 -13.19
-136.573 -40.281
15.3255 -24.753
-142.45 -17.056
-19.9745 -30.888
0.8257 -13.933
-63.2019 -44.552
-51.2472 35.9338
11.4554 -24.766
11.2748 44.944
-19.5217 -182.249
-15.7094 -11.21
-65.9844 -15.207
9.0028 -25.089
-3.28236 -12.092
-125.422 -1.596
-6.1233 28.8106
11.3946 31.01
-87.839 2.7918
-18.5036 1.1724
-35.4526 -83.244
-39.2069 -8.41
-117.338 -10.859
-90.5667 -3.953
6.9529 -34.065
-8.2811 -17.285
-4.08561 -20.481
45.475 -28.069
18.4126 -2.725
-77.1634 -5.167
-11.2347 -13.038
-11.7811 -16.852
-8.72697 34.9755
-26.8128 -49.599
14.0752 -35.796
-79.5475 -29.522
-79.4899 -8.563
-34.8581 -5.763
-78.173 -3.384
-53.2597 -12.173
-25.659 -30.179
-22.1669 -16.583
-30.7885 -19.632
-61.9195 39.1427
-63.3655 -4.529
-0.69252 23.9506
-164.938 -82.827
-1.49525 29.0487
9.4787 16.6125
-47.2886 -22.8
-2.42157 -23.984
31.4727 -44.989
-176.716 -2.848
-91.5492 -69.196
48.3528 24.8013
-54.1001 -10.117
-27.09 31.0949
-19.235 -15.523
-35.878 -22.636
-74.7638 32.1538
-61.8624 -27.406
-59.2645 -7.557
-28.6822 -27.184
24.3007 -8.388
-51.7497 -9.509
-138.177 -19.21
53.698 -15.82
-25.1523 32.505
-23.5024 -21.607
-40.0287 -38.707
11.2482 -60.698
-20.1955 15.6943
16.3945 -29.107
-60.8999 -43.555
-5.36805 -20.949
6.3132 -10.805
-5.31085 -56.48
-18.2022 -9.953
-99.4536 -14.237
-81.9953 -0.954
14.4314 -23.745
77.947 31.6575
14.1322 -26.725
17.101 -9.162
41.2377 27.2987
-97.7866 -26.15
-64.4708 -14.308
-61.481 -8.191
-6.2897 -30.7
-76.1522 -122.497
79.2337 27.3662
50.9563 -12.948
-28.3173 -11.276
-105.843 -30.92
-21.4318 -26.335
63.0788 -98.809
28.3135 -19.846
-62.2004 -16.003
4.0567 24.5718
14.7603 -37.804
-0.679 11.9968
-35.5059 16.5237
-90.6086 34.4306
-58.2532 -33.79
-58.6838 -51.498
-220.459 -5.663
33.7435 -100.464
-80.7569 -19.975
-19.6231 -2.64
24.2559 35.2238
91.562 -23.3
1.2195 -1.527
62.2614 -20.892
-115.875 -58.683
-113.427 -18.649
10.8261 -6.231
-49.5065 28.9519
54.0654 -9.949
27.6105 28.0256
-60.7165 31.5437
67.3473 -26.602
17.1531 28.6043
5.1212 -129.334
-7.82795 30.2382
20.648 27.7938
-20.9367 -14.969
-31.9756 -93.051
-16.8107 -29.157
4.5284 -8.451
-13.5604 -34.866
-49.3411 -35.844
4.7525 -21.27
106.406 22.6194
72.1804 -25.206
-74.9351 -12.708
-1.93746 16.0307
-2.3265 20.9281
-4.6185 8.17
-358.425 -2.001
-180.507 3.0655
-41.7056 5.4545
-200.924 -45.181
-104.032 -46.57
-274.126 -35.212
-187.858 -4.006
-197.418 -45.606
-383.139 -30.498
-78.0451 -82.698
-403.861 -62.44
-127.265 -9.585
-270.454 3.487
-318.112 -33.079
-60.6158 -13.66
-9.8386 -59.19
-158.206 -2.897
-174.636 -4.25
-68.8782 -48.578
-54.0688 -36.119
-72.0206 -12.938
-225.405 5.707
-13.4227 -51.892
-266.146 -12.481
-419.656 -18.251
-75.1664 7.984
-349.358 -6.805
-90.5213 4.954
-312.921 5.492
-61.2123 -14.317
-332.596 -4.647
-354.03 -14.198
-147.632 1.3435
-312.954 -70.274
-69.6324 -1.422
-1.22225 -61.757
-154.781 1.6025
-295.715 -32.39
-24.6483 10.568
-143.078 -31.84
-151.901 -26.707
-318.089 -18.025
-25.5855 -20.373
-159.294 -29.455
-65.371 5.5985
-116.537 -25.204
-158.457 -11.203
-238.437 -1.067
-147.644 -11.264
-120.064 1.4375
-352.029 4.4205
-307.41 -0.192
-422.654 -3.488
-388.04 -38.726
-15.9361 -11.429
-107.59 -3.279
-616.039 5.9785
-609.851 5.381
-191.555 -23.148
-60.7559 -17.522
-144.755 -37.97
-121.849 4.687
-70.1317 -18.902
-103.343 1.9775
-217.639 5.4795
-630.268 -31.098
-72.9913 -0.372
-281.122 -30.592
-236.362 5.556
-43.9654 -25.532
-78.7426 10.297
-118.237 -5.323
-79.662 -41.18
-156.894 -11.944
-579.045 -2.475
9.068 -61.274
-180.459 -15.421
-82.1335 -23.399
-487.103 0.52
-577.416 -19.073
-34.7754 -18.033
-93.5844 -74.294
-71.9174 6.273
-259.828 4.719
-436.38 -5.734
-311.728 4.375
-200.994 -20.073
-149.141 -8.904
-205.619 0.7425
-92.0224 3.3575
-117.74 0.114
-252.084 -1.555
-223.21 -16.631
-255.742 -18.075
-164.532 -7.968
-579.853 -4.071
-100.812 7.684
-267.24 -0.383
-248.667 -9.374
-325.808 1.953
-170.273 5.1315
-46.3345 -12.002
-97.1832 -3.668
-307.062 -2.102
-140.119 -1.453
-105.884 4.411
-23.9795 -45.682
-137.049 -5.066
-653.477 -7.568
-181.781 5.346
-21.2509 1.9445
-119.83 1.3965
-82.3825 5.757
-68.993 2.4
-80.2459 -14.463
-97.5622 -32.974
-420.988 3.3105
-362.746 -48.224
-266.372 5.2905
-331.99 -17.356
-174.097 3.664
-154.673 -18.767
-57.4971 -1.873
-162.452 -41.633
-354.162 -12.405
-220.745 -17.609
-205.278 0.8495
-444.181 5.3095
-62.9246 -13.837
-510.381 7.9415
-832.248 -56.271
-57.1099 -2.359
-436.779 2.54
-155.753 -0.501
-261.827 1.369
-18.6786 -0.856
-151.202 -0.921
-283.634 4.8205
-216.307 -19.23
-428.983 4.2555
-377.038 -32.411
-424.382 8.8215
-41.1952 -2.085
-662.88 -67.668
-464.737 -6.702
-426.362 -83.992
-491.768 -3.888
-79.5786 -7.652
-323.939 -17.913
-28.6806 -17.587
-68.9894 -15.595
-60.4544 -14.437
-198.022 3.8185
-49.8254 -6.058
-504.046 -14.107
-72.7364 4.3155
-64.012 -89.712
-651.099 -4.751
-138.417 1.447
-29.5846 -29.518
-170.816 -4.064
-72.5763 -2.284
-135.185 10.898
-56.6806 -39.484
-341.726 -4.904
-39.8467 2.537
-143.943 2.12
-186.421 -9.888
-523.766 -56.095
-38.8907 -82.937
-208.832 -8.288
-452.61 7.101
-164.51 -2.445
-112.628 -3.144
-63.3268 -10.484
-294.167 -2.999
-301.541 -52.627
-84.0317 -6.891
-84.9782 -24.522
-189.291 -8.934
-31.0699 -85.764
-289.447 -13.95
-60.3745 2.7765
-194.702 -4.973
-181.585 -27.913
-81.6821 -2.265
-243.077 2.0015
-4.3304 -69.26
-322.328 -38.155
-754.218 -92.7
-424.546 -0.113
-301.096 3.6635
-353.048 -18.256
-257.399 -11.781
-61.7828 -20.472
-449.453 -29.28
-46.2094 2.5815
-97.7198 -6.656
-108.408 -26.272
-689.851 -23.859
-60.8252 -16.928
-110.876 -8.981
-83.4359 4.547
-113.21 6.417
-242.566 1.4105
-296.082 2.3015
-95.3177 -13.02
-350.547 3.3135
-297.343 -8.891
-294.017 -66.134
-338.493 -23.794
-226.849 -76.733
-110.112 -31.903
-89.467 -8.876
-82.437 1.589
-293.062 3.73
-252.484 -37.909
-163.722 -13.439
-109.374 -0.087
-253.185 -14.526
-118.848 -2.662
-221.161 -19.818
-108.58 4.774
-152.276 -26.3
-187.238 1.932
-93.3247 5.898
-189.808 -18.708
-320.669 -8.268
-215.288 -33.176
-802.038 -79.019
-17.337 -9.005
-285.169 -6.919
-53.3979 -69.608
-319.358 -82.505
-65.1618 4.927
-180.221 1.825
-235.351 -55.81
-444.053 -37.869
-1046.46 -67.332
-348.696 -11.489
-602.669 -19.983
-198.194 -7.986
-375.702 -61.895
-143.269 -92.739
-82.2917 5.0495
-85.6192 -39.66
-167.641 -1.198
-94.206 -15.429
-109.986 9.3225
-202.329 -47.449
-467.195 -10.941
-167.198 -24.696
-62.4162 -4.645
-422.432 -15.722
-88.7915 -6.234
-57.6159 -51.635
-166.204 -3.759
-670.033 -40.138
-20.8632 -2.085
-211.896 -3.965
-259.971 -0.57
-85.344 3.1735
-205.623 6.056
-138.829 -16.35
-19.1141 -27.278
-112.379 4.317
-216.772 -8.232
-158.106 -35.618
-439.349 -1.91
-48.6632 4.5665
-202.53 -29.334
-260.376 8.3225
-199.905 -57.077
-270.348 -0.259
-55.5658 -16.23
-442 -15.692
-111.163 -54.526
-318.417 -13.347
-450.309 -20.229
-395.185 -10.371
-450.322 -43.524
-95.0821 3.145
-699.585 1.969
-274.597 -7.151
-56.6322 -7.459
-240.706 -11.829
-320.649 -3.56
-316.313 -2.562
-341.721 3.302
-43.6839 -15.315
-251.714 5.7845
-251.87 -56.691
-90.2026 1.96
-163.283 -2.874
-112.221 -7.006
-223.926 -2.07
-97.183 0.6305
-182.704 -53.413
-194.857 -3.198
-93.4395 -12.415
0.994 15.7994
0.3775 18.5094
3.548 54.008
0.4017 21.5099
0.8146 6.0601
9.1071 -41.526
0.6346 29.8441
9.3294 20.8043
4.7833 -88.011
5.2684 -18.367
0.4551 9.0528
7.3515 -61.68
0.4322 -2.343
0.3895 30.8882
9.0891 10.5425
0.4008 -12.937
1.2664 -8.422
1.7334 5.0101
1.7068 -7.127
-46.5414 35.6356
0.3688 9.6736
1.5645 23.1152
4.8087 27.8382
1.6001 40.6056
-0.05437 14.6421
-9.5156 11.0136
4.2172 -62.452
0.3391 43.9245
6.344 35.0475
3.7182 -25.766
0.6163 19.6488
6.1522 10.2383
8.0885 -11.714
2.8605 17.4406
9.2884 56.542
2.9374 12.5504
1.1886 10.0763
0.3686 -9.097
3.2996 38.4067
2.0678 25.5613
8.1514 -7.742
4.4685 25.0919
0.781 -43.257
1.5649 47.694
1.6922 14.3738
-0.00943 4.5476
0.4019 12.6752
3.1839 -4.267
4.8406 5.7356
5.7707 16.0524
-0.11079 -0.517
3.2358 12.9697
2.121 -9.814
6.9633 10.073
2.691 9.0445
2.6832 25.2819
2.5741 20.0269
0.3502 15.404
1.688 2.8463
0.3905 0.8666
1.3505 20.8945
0.3586 34.6963
4.7416 -24.446
5.4639 51.0808
1.3773 -7.774
0.895 14.371
-19.282 24.5938
1.5793 5.0046
-0.29829 24.0782
0.3988 -0.675
6.9804 12.5423
4.2332 16.5661
9.8601 -12.653
0.4542 -14.225
0.3738 4.6295
7.0755 8.1825
-91.8899 53.05
1.1361 0.3323
1.7751 9.504
7.943 -49.207
0.4218 16.7875
5.6544 26.6844
0.3628 14.4438
4.098 14.1709
3.5132 26.1036
1.1673 21.0293
3.1788 7.1744
0.8446 2.5663
5.9035 46.9565
-54.0058 14.916
-0.80685 22.3924
16.8373 40.061
4.8875 -0.453
8.763 15.8321
1.217 7.5245
6.0843 -6.876
24.4318 53.3662
13.0815 26.8825
1.102 -32.821
22.941 32.6587
-15.2805 17.2094
1.0333 45.4786
17.6912 -9.204
16.6453 2.841
19.9151 45.491
4.7094 15.8507
4.7518 19.1612
3.8874 -15.954
14.3019 42.0703
12.652 -7.493
18.9326 14.6679
28.5517 34.1521
9.3111 16.5081
32.3847 30.8505
2.5754 3.996
29.59 14.5991
2.6058 22.5975
1.0704 11.7018
6.5637 11.4808
-23.725 14.2313
9.9511 18.3741
-109.646 3.9498
-17.8742 -1.221
1.0942 21.0992
5.4661 -164.966
15.2447 -0.796
19.0507 57.1969
3.8239 54.7013
4.3253 -49.471
38.7913 32.3069
3.2719 -268.673
-3.04092 25.1668
3.1499 34.9238
0.8496 21.4389
5.4236 30.7397
-1.55512 16.0695
4.3445 -16.384
13.4968 0.6589
21.7222 -3.263
7.6784 36.0549
4.6913 39.6167
1.1048 30.46
-56.1727 10.2095
1.0426 60.531
1.0972 12.2064
4.6741 11.1964
4.6418 -11.578
7.285 3.4768
25.4755 -2.956
2.8909 -10.198
16.5031 51.6095
1.2159 33.2587
2.6536 24.913
8.5051 -10.321
12.5141 1.771
11.9681 -25.262
7.5098 44.5855
11.0466 16.6401
2.2391 -9.269
4.4818 -5.715
12.609 5.0166
14.898 29.7732
3.5223 -34.373
6.0931 2.6349
5.4183 0.5819
15.7611 -39.21
1.1827 9.7297
1.0579 18.8083
4.1647 54.4105
10.5858 7.7407
6.0473 -9.3
11.439 54.13
4.0915 42.0205
6.0565 -4.113
6.0894 7.3254
7.562 24.3695
8.7682 31.9838
1.0137 65.8852
1.0736 -11.392
6.1908 17.6632
3.7055 1.6565
15.8222 19.8306
23.9459 48.163
3.4166 -49.138
19.3468 24.1303
69.3335 6.4792
112.654 50.9742
27.1673 5.2396
23.5983 47.8242
4.04 26.8876
8.0755 -5.609
10.4119 -28.442
12.2085 28.7326
-16.7713 6.1934
33.251 29.9081
3.6712 44.1296
19.7909 -131.636
3.4279 16.4911
8.402 -0.425
15.1827 -13.108
74.36 31.435
20.1455 15.4129
57.0515 1.4822
13.0133 -34.304
21.841 21.6911
51.5725 19.1249
18.0274 22.5942
23.2968 19.3233
23.9312 32.9506
10.3681 16.5405
52.0336 -7.049
16.889 -0.172
-4.00655 2.2291
3.5784 -3.952
61.6908 -16.541
3.6441 28.5774
73.0615 2.5332
13.6632 14.5053
13.2462 22.4151
58.6444 -15.897
3.3621 -74.445
41.6692 55.7944
4.2353 8.438
77.62 50.1663
13.7902 11.9006
17.2892 -26.61
12.0669 23.1961
75.1425 25.189
3.7265 5.0385
11.9559 17.8081
38.9953 6.6496
3.5913 0.1181
24.3695 11.7096
32.9444 -26.076
61.2395 -5.668
3.5968 14.6681
22.7483 5.2122
25.7526 44.6642
53.383 -40.083
22.3599 48.4728
-14.636 0.0568
11.3747 26.0194
130.878 -21.392
66.763 -14.674
-2.18358 4.7452
68.984 -13.127
24.5585 54.2915
13.4164 25.4778
27.8961 -2.33
3.6865 32.2106
6.0333 -13.914
-27.3708 8.567
37.3327 -26.429
3.5104 21.341
32.4587 44.2697
51.4272 15.3575
4.0556 14.0302
3.7297 47.4356
32.8851 29.3862
43.234 11.0523
4.0682 6.0325
8.4754 -20.805
57.2385 -8.069
42.5153 52.7378
3.4843 28.5797
48.4984 8.7897
3.3206 27.9358
-28.45 -0.506
47.579 18.022
39.2632 15.9663
-9.61745 33.3056
-46.5863 35.1442
-135.566 33.5914
45.1016 -2.872
2.019 26.3408
9.7511 14.6409
11.1634 34.897
-12.9174 20.6662
13.2048 4.9305
-62.8714 17.6257
-36.5464 20.3715
-0.95514 23.9645
68.2729 -34.325
-43.7658 29.3554
4.8903 26.2785
-60.1106 23.8855
72.7116 -2.134
-39.8382 30.3076
-26.0055 33.3315
25.0235 12.5234
-43.1341 28.1307
-27.5859 17.6702
-98.3415 24.2274
14.7271 13.0566
13.7715 28.5205
-9.5422 34.3292
14.5213 14.8489
-2.89288 33.554
6.0221 36.0939
-52.5328 20.9719
-13.7361 14.9677
2.1763 15.2926
-8.99916 32.9634
-16.1557 27.9758
-6.01495 18.1279
22.0887 21.432
-14.9965 32.0805
-3.6539 33.1487
-136.485 32.6475
18.2332 35.5751
14.541 36.4478
-37.5078 41.2398
-3.38806 42.0881
-21.656 3.7525
1.4422 26.2096
9.6951 20.0667
-24.8252 12.431
10.3393 27.9502
1.4885 51.1373
-0.0472 34.555
-31.4204 45.9538
40.0189 6.8751
6.7542 41.8169
-5.7474 15.0341
-38.7797 26.1604
29.5142 11.4415
-114.39 35.232
-38.8315 24.2931
-17.623 25.8175
4.8409 35.1195
-18.1526 38.654
-33.9397 30.977
-89.5468 19.3639
-27.8421 35.612
-92.8956 22.811
-1.85555 20.7452
9.6079 31.7856
-99.8999 19.8484
-151.329 33.466
-19.5284 27.4235
-19.2721 23.0178
25.2294 21.2193
-38.4605 24.7536
-33.1061 43.4475
12.6796 33.907
-30.0781 26.8117
-2.8572 25.3187
-9.6872 9.2203
-41.4713 12.9829
-1.35405 5.1975
16.4725 30.0838
-78.5905 28.0806
3.0412 33.7897
-17.2889 15.4725
15.3685 17.939
-4.9854 21.2638
-2.0913 26.0039
3.1044 40.7284
-132.103 31.3037
-23.8199 12.3918
6.6826 -14.493
-259.483 40.3323
-16.781 28.2695
-32.7093 20.529
-29.5458 24.3508
4.6875 24.7792
6.9149 29.5375
-7.3204 25.0816
-31.9714 40.4854
2.4201 47.209
11.8214 24.0893
29.1126 29.5773
-23.149 23.2217
-2.64938 24.7429
-39.1516 26.982
-25.0142 27.801
-26.6264 12.499
-61.4659 30.2785
-19.9519 5.6983
-49.7188 23.7416
-79.3755 5.4232
7.1863 20.5127
8.2526 29.086
24.2713 20.3269
-34.0222 23.4731
-18.9434 21.9894
-4.8567 29.1654
1.2897 20.5208
16.6828 23.5988
2.4063 25.7294
-58.3576 11.0888
-18.3134 28.2985
39.5477 -28.046
68.1304 -16.718
-27.1297 24.6127
-18.0714 28.425
-39.4886 17.007
-2.23295 43.8101
39.2888 12.514
-27.1697 37.1003
-59.1581 23.7052
-61.7105 25.5243
10.0827 27.4962
16.3459 23.891
-17.4527 35.7775
2.2558 26.7439
-7.54825 40.5256
7.1827 19.2385
-0.6621 14.0695
-10.8879 21.4451
-38.9849 33.305
-36.7498 30.5589
-25.0314 17.8423
8.8798 12.4065
25.2077 1.991
-92.4495 8.4728
16.4603 23.8836
-3.45805 33.2394
-33.2604 20.5541
-5.3279 21.7675
-0.10545 24.5832
-8.8454 31.5609
-12.1311 21.777
13.2939 39.3639
-150.288 39.8072
-11.0968 20.4903
34.1069 8.9305
8.8744 33.1636
10.1315 25.4412
21.7864 0.5827
0.7367 26.9362
-51.7959 8.0503
6.0912 18.9134
-2.9546 28.1553
-8.69075 5.472
-22.0195 25.8726
4.3269 22.5986
-119.477 22.404
22.1136 21.0955
-63.2433 29.2151
-10.5184 29.2209
-23.3533 25.8319
-74.9085 33.733
-34.5672 25.2007
-9.68565 28.577
-6.71555 28.893
7.8745 30.683
41.7756 -2.014
-11.9479 33.7157
4.3511 42.0273
-0.00095 -33.862
13.072 0.7682
10.7413 30.1651
15.4492 24.4924
-9.0311 35.5331
27.5512 20.1012
-13.4111 9.5969
-11.1149 33.519
8.7435 24.2239
6.2831 19.7715
-31.1499 33.391
9.1831 29.2285
-7.83317 30.6749
-61.1326 36.2631
8.0203 23.5785
-44.0571 -18.026
7.5942 20.4511
-40.1843 26.3571
6.0938 29.2194
-8.70345 30.0176
-27.7607 21.3739
-31.168 24.4166
18.2903 29.3085
9.4245 -29.886
3.0026 6.2783
-1.0821 17.5772
-45.8819 23.706
0.9935 14.9731
-85.0425 31.212
7.3472 12.243
-34.7637 20.4453
8.1284 2.6935
46.7243 13.3051
3.8329 24.8099
11.8912 22.0682
-231.213 15.634
10.3401 12.6376
-11.2821 17.9802
9.2424 26.1428
-5.73295 18.7841
-16.4045 5.558
-28.645 29.8841
18.8935 27.6578
6.5983 25.2675
-4.73505 13.2125
32.1934 -26.429
-85.9419 18.0035
-23.2156 6.7685
20.1 5.566
-36.1622 -2.536
-29.2151 -3.61
-5.6485 7.563
5.1713 22.0783
-9.8142 24.4075
12.934 20.0232
28.6908 29.409
-7.5055 22.2598
-63.392 -4.735
4.5621 33.2849
-62.1936 26.286
-3.171 15.8604
3.6297 13.6101
25.1072 22.2633
38.7048 21.4583
26.5299 15.6585
-6.7646 21.1176
-10.069 23.3362
-19.7892 19.7978
33.1182 23.5036
45.5127 9.342
-9.7705 15.4656
12.4298 20.6025
-33.347 18.8038
-32.2402 28.9703
-47.9783 13.696
43.2828 19.4599
35.3642 4.5118
-9.48125 7.4025
6.2483 20.7506
-49.4008 27.0355
-23.8794 30.9934
-96.4408 10.072
21.9721 8.0467
32.6784 13.3147
-41.2609 -21.828
-65.5411 22.8736
13.3597 18.3217
5.7265 22.1848
-9.17865 15.012
45.4891 21.3074
-14.8047 24.4599
-8.7838 16.965
44.8949 19.7446
-40.4855 19.2297
-36.5103 23.7391
-7.99995 17.9102
-110.399 14.3043
-0.01725 22.5011
-33.3167 -5.106
6.2309 6.4427
-36.74 18.8287
-14.1212 11.9299
-12.0035 -9.579
-43.191 17.0405
-17.0801 19.016
-4.50676 36.6125
13.2489 4.8939
-35.6282 21.747
-3.5115 -4.651
-24.6704 14.7086
-44.1522 16.7796
-1.35405 20.224
13.9973 20.9288
18.1242 4.0817
-4.0406 3.4879
-2.88685 4.9745
16.4887 12.6322
-23.025 19.9385
41.9805 5.1237
0.5085 -2.919
-72.3432 -26.799
-1.3476 38.7856
-46.7227 -16.893
-2.18985 -66.537
-44.0098 -53.511
-48.5756 -15.738
-63.3026 -30.44
-74.0307 -5.048
-41.0293 -31.954
-17.029 -7.471
-38.9724 -2.224
-40.9796 -10.735
-36.5892 -13.942
-15.7717 31.3037
-19.4024 -46.532
-41.113 -18.713
-26.0504 -14.33
-39.8416 -3.032
-57.2935 -18.743
-53.3765 -2.381
7.9341 21.3987
-105.955 -6.294
-50.6535 0.3912
7.1422 -59.482
-5.94585 20.4682
-158.777 -40.593
-47.3583 -9.394
-93.5761 -54.898
-24.5269 37.3912
-28.6898 -8.541
-14.7207 -4.52
11.9315 -8.096
-71.8847 -32.082
-14.1926 -2.982
-59.2175 36.5437
-43.2866 -3.888
-65.0039 36.4132
3.7582 -20.001
-67.6083 -11.171
-135.429 -15.647
-23.9581 36.3356
-173.331 -15.904
-29.0044 -40.763
-54.5323 -33.162
-71.8081 8.0812
8.1099 38.401
8.0925 -3.236
-26.672 -74.921
-99.347 -12.445
-19.4698 -16.454
-73.6989 -4.067
-42.6023 2.8276
-21.0874 -26.025
-44.4714 37.2856
-32.007 -1.089
-42.4902 37.1962
-11.2359 -10.156
-0.93403 34.6494
-30.6586 -37.933
-42.6263 -26.736
-14.9864 19.6287
2.1149 37.5246
-60.4591 -3.433
-16.5898 35.0881
-20.648 32.3201
-32.7121 -0.895
3.3437 -30.84
-66.7428 27.7837
-32.2613 -5.204
-32.7198 -4.203
-52.6009 -24.352
-66.9733 -3.123
-12.1216 -26.418
-64.9314 14.2449
-45.7497 -53.145
-42.6209 -42.684
-45.9743 -48.97
-22.5007 -14.814
4.4154 -58.623
-3.29451 -8.117
-31.9404 -10.43
18.6618 -99.919
-82.846 -15.154
-20.8681 -7.901
-38.0749 -4.829
-20.1543 -14.864
-3.4426 -27.12
-104.496 39.3454
-11.0536 -32.813
-23.3559 -8.555
-52.3918 -12.556
0.4764 -18.447
-67.4051 -23.245
-74.162 -1.225
13.651 -5.899
0.0051 -2.513
-40.9486 23.4851
-0.93788 -10.008
24.3965 -21.121
-167.258 -10.558
-21.3576 -12.451
-6.22365 15.2893
20.8865 -18.002
25.1375 -17.909
-101.288 -5.789
6.694 -23.386
-87.3039 -9.298
-2.27875 -12.139
-91.3562 -17.013
-6.549 -10.283
-28.9128 24.2969
-12.4575 -62.41
-10.8132 -14.495
-22.0025 -28.058
-49.4073 -16.587
-90.1571 35.4631
1.7606 -16.98
-58.5162 -16.211
11.8829 -27.077
-34.0508 -19.77
-6.60615 21.5175
-36.8745 -11.558
8.2616 -14.723
-75.3391 1.3862
-72.1904 -10.984
-11.6956 27.1401
2.3338 -18.749
-35.5615 36.3138
-6.42605 -13.062
4.0653 -6.359
-30.0069 -43.738
-40.7204 -20.768
-18.322 -26.977
-57.0734 -134.345
-64.0412 -4.551
-226.355 -2.75
0.1728 34.6569
-39.8229 -52.974
13.2536 -11.315
-164.058 -7.228
-58.0316 -13.782
-67.8819 -21.547
-39.019 -6.743
3.1399 -10.907
-80.9521 -54.214
-18.1734 -2.666
-7.3766 27.2368
-17.8729 96.1121
-72.546 -7.844
-102.365 -18.11
-85.8036 -14.545
-52.2392 20.0657
-65.505 31.1294
-175.599 -7.698
-49.5132 -8.694
-18.1216 -12.142
-22.8863 25.0705
9.9782 -26.261
2.6202 -10.997
2.6604 -25.678
15.267 -50.426
-59.1355 -1.605
8.874 33.3344
2.8691 -3.732
-3.74404 -4.018
-50.7877 -21.847
-10.7826 -7.769
20.8226 -111.017
-3.64831 -3.681
-44.5457 -16.011
14.4583 33.0331
-16.3603 -16.842
-50.054 -22.661
0.9755 34.7019
-1.09092 -6.222
-67.4502 16.155
-123.764 -0.483
9.8804 -160.853
-5.74545 -13.91
-50.035 -102.216
-18.0973 -1.412
-73.6751 -18.236
-29.2192 -9.16
-52.955 -6.156
-48.9541 -7.714
-56.6321 -19.543
-76.2601 -35.853
7.0851 -17.478
-41.9377 -45.723
-65.7816 2.3693
-60.3901 -45.958
121.012 27.0637
71.6457 39.2208
-77.042 26.8893
-15.5188 -9.096
-235.885 -17.165
-25.7332 28.19
-62.7852 -42.668
-87.1089 4.7362
20.0091 -20.007
-41.1479 -3.808
-69.9152 -30.879
-21.4927 5.6658
-83.9231 -25.289
-113.992 -14.243
-43.0012 10.3632
-89.1989 -12.657
22.8449 -4.904
1.0022 -8.374
-26.5828 -7.438
18.0057 -22.536
5.7538 44.5113
-18.6069 -19.603
1.0726 -0.294
-73.5914 -0.281
87.9519 26.7219
-41.3857 17.7694
30.397 0.4719
4.6827 -7.618
-1.50089 -0.222
-67.6431 -25.448
-5.00894 -26.855
-3.72107 -57.355
-0.72452 -23.389
-139.126 -8.088
-10.927 35.8713
14.8678 26.8931
-38.4549 23.0069
-24.5415 -24.639
-52.6466 -25.331
25.6045 23.6675
-22.0367 -11.19
-60.7904 -7.794
9.4212 -18.847
-11.55 -12.255
-93.0662 12.5763
-88.3096 -45.868
20.1029 19.4733
-20.5857 -17.038
-86.0927 5.892
-52.9193 0.5019
22.2436 -35.951
23.1192 -12.203
-93.3119 -3.462
40.2206 -0.691
-63.4557 -47.362
-13.4444 -30.182
-19.2281 4.5587
6.9024 -35.299
-36.2707 -25.767
49.9085 -4.553
-17.3815 22.6551
-13.2745 -67.252
-116.5 -21.86
-47.8632 -15.928
-14.1741 -34.062
-9.9544 -19.028
-18.1683 -10.221
-143.123 -12.79
-22.2996 85.1555
-104.014 0.713
-69.2626 13.5119
44.0662 11.1524
-60.9183 -12.093
-54.2723 1.3722
-33.3841 -25.973
17.8068 -38.931
3.5335 -19.357
-225.54 -39.019
36.0032 -20.886
85.4236 -8.196
-4.047 -16.605
-18.27 -17.632
11.8634 -44.911
-230.69 -5.047
-104.736 -30.305
111.806 33.6863
-6.46788 0.9971
-13.0935 35.0375
11.7665 -18.209
109.974 -101.176
-9.6548 -13.624
-159.599 1.36
-148.471 3.1875
-229.168 -6.457
-181.595 5.7185
-199.594 2.3455
-278.803 3.725
-169.292 0.552
-106.95 -74.168
-122.586 7.028
-71.2979 2.62
-114.892 6.741
-130.498 -7.563
-156.38 -5.042
-108.392 4.7815
-149.085 -0.554
-280.364 -9.642
-272.734 2.458
-50.2212 7.4195
-102.532 0.3345
9.5525 -43.156
-179.21 -15.944
-137.724 0.828
-80.1514 5.6305
-306.033 10.301
-114.797 -1.822
-54.9737 -23.279
-184.651 -15.255
-258.244 8.325
-48.3537 10.785
-286.973 -2.035
-108.252 6.3685
-32.9975 -3.088
-400.613 3.495
-308.183 4.3275
-93.8535 7.2035
-169.173 14.522
-61.3765 -16.557
-155.103 10.2755
-167.876 6.4825
-201.763 12.7955
-226.288 -1.472
-185.681 -33.062
-85.2195 7.109
-62.0314 2.5175
-88.1386 3.9995
-96.0875 -16.809
-127.65 6.1875
-195.582 7.2265
-22.5133 6.877
-68.2186 -2.757
-131.404 2.8795
-192.101 11.7365
-173.834 -5.742
-195.55 9.959
-336.014 -12.249
-102.096 4.2285
-219.512 7.0305
-13.8955 -3.939
-205.58 7.407
-83.6465 4.3855
-101.287 -35.141
-221.815 2.4435
-209.887 -1.649
-186.504 7.814
-323.738 3.428
-80.2869 3.107
-473.303 8.388
-90.0273 1.329
-81.1077 4.2425
-95.5392 -7.386
41.998 -59.498
-168.93 -3.438
-52.2769 -2.065
-71.084 0.8935
-304.88 2.7225
-124.443 8.1265
-87.575 3.5735
-106.342 -0.478
-27.6626 3.858
-379.832 7.295
-55.6233 1.439
-212.735 6.6795
-181.146 7.7425
-78.8201 -6.416
-71.888 5.023
-152.802 3.124
-244.704 4.0055
-87.6998 1.388
-92.7156 4.4785
-564.409 -19.987
-225.495 7.9985
-32.3106 3.5215
-100.711 -19.171
-201.59 -6.812
-97.3176 10.0365
-75.1072 3.5605
-74.5641 -12.999
-174.127 2.376
-224.668 6.7445
-98.4126 2.652
-63.5548 7.4975
-196.603 1.4005
-155.285 4.7475
-56.2918 7.0275
-456.717 -10.734
-225.911 5.0765
-256.657 1.259
-78.4131 -0.686
-63.1329 6.218
-98.5773 2.916
-216.643 0.536
-171.52 -3.138
-137.068 2.653
-353.288 2.432
-379.56 4.28
-133.53 3.6305
-92.2933 3.7385
-121.807 -3.78
-251.38 -4.519
-59.462 -5.285
-51.9972 2.1235
-149.598 -9.841
-77.4383 10.0925
-71.7235 -0.919
-242.831 4.212
-144.293 2.1485
-235.685 -18.268
-71.9119 4.1405
-275.116 1.702
-178.155 -4.285
-167.561 8.5015
-577.935 -3.983
-195.16 -4.406
-220.671 -18.987
-478.055 -3.715
-197.839 6.5605
-323.148 10.7175
-72.6451 5.8155
-48.3116 10.4985
-52.9686 3.672
-78.495 7.022
-249.311 -1.904
-82.0037 3.186
-114.911 -1.106
-178.097 5.2695
-79.3118 -75.363
-74.2055 1.462
-157.903 4.5165
-148.098 2.4525
-67.6061 9.6455
-160.024 -3.165
-82.6455 3.586
-99.6279 3.96
-172.812 9.549
-256.336 -1.738
-39.8591 2.994
-244.962 2.6055
-121.509 2.6225
-74.1234 -9.048
-50.3305 2.5765
-197.337 2.0805
-52.5842 7.104
-210.186 -57.237
-569.161 5.647
-126.519 -2.084
-78.1166 7.9025
-70.9873 -0.729
-220.315 -1.62
-154.193 -0.652
-77.8781 4.952
-365.291 -2.691
-569.051 2.851
-345.036 6.257
-85.3921 -20.62
-67.2311 6.0285
-439.217 -2.159
-209.418 0.849
-270.224 7.79
-54.7275 3.9755
-220.641 2.8125
-278.88 -8.839
-89.4491 6.2205
-260.322 6.1785
-91.1381 0.515
-73.5418 5.2945
-178.082 -1.132
-72.2086 10.1265
-224.456 -15.891
-75.3149 3.8585
-66.1485 5.431
-347.577 -4.248
-254.614 6.453
-106.892 4.361
-125.446 -2.304
-158.072 -1.754
-143.299 10.324
-92.4707 2.0745
-57.1763 4.5915
-106.406 7.521
-313.678 -9.897
-95.1945 -6.337
-87.0727 3.583
-82.3224 -68.93
-139.711 1.4985
-90.6492 2.8175
-173.906 2.4735
-186.726 -0.572
-55.8622 7.1485
-93.6299 4.6315
-355.011 -3.689
-96.6031 0.494
-167.644 10.352
-131.957 -28.923
-69.8948 7.8155
-374.123 5.946
-56.8674 3.0425
-43.9986 3.919
-217.501 -0.169
-108.473 10.237
-290.046 -1.368
-90.3414 6.2685
-211.631 -6.594
-106.344 10.803
-86.1303 4.3555
-337.286 -20.38
-247.151 5.684
-32.1653 0.202
-375.433 -0.933
-88.9016 1.5401
-15.5808 -12.519
-97.7431 0.203
-377.648 -11.763
-279.288 1.813
-241.931 2.606
-93.5339 4.6645
-206.775 -15.434
-218.69 2.536
-64.1939 6.229
-68.9069 0.6325
-353.951 8.3945
-159.676 8.92
-456.667 -9.601
-72.5363 5.425
-312.647 -2.052
-80.2933 5.707
-60.949 -6.841
-166.096 -10.143
-305.724 7.9365
-228.893 3.9695
-144.638 2.9725
-195.294 -10.578
-171.766 8.9935
-397.521 11.6015
-413.335 -3.385
-65.0139 18.0435
-125.462 2.713
-157.936 4.3635
-97.1598 0.883
-43.1792 3.2525
-69.2516 3.8245
-349.178 1.2075
-93.8116 5.172
-65.7076 4.035
-219.718 0.052
-46.3148 -57.748
-59.2066 -9.588
-87.0607 -0.067
-111.744 4.9725
-242.653 11.0145
-143.853 9.4535
-413.906 7.73
-5.0537 -20.917
-357.507 -6.05
-212.262 12.4665
-182.148 4.98
-47.3201 8.2595
-264.101 -5.067
-119.882 -2.27
-79.2626 6.589
-208.85 3.963
-57.6534 -28.282
-211.229 -0.715
-133.6 -24.346
-58.6557 -7.63
-91.7763 -5.304
-293.669 7.671
-150.611 6.9525
-132.028 1.4395
-121.111 -4.428
-91.0945 -3.934
-78.1026 -27.177
-177.734 -8.733
-357.474 17.2165
-187.732 9.9845
-564.899 -9.014
-204.436 9.211
-509.184 -39.638
-100.067 7.2825
-157.057 -2.787
-342.269 -29.089
3.1208 58.6198
-33.7047 22.2631
0.3514 39.1654
1.8351 14.6195
-6.55541 3.8795
0.4001 6.0416
0.3292 -3.067
3.3251 13.366
4.9804 -1.741
1.1013 14.7007
0.2501 24.6158
7.6629 2.7416
3.6505 -46.778
0.4793 -5.488
0.3822 13.5437
2.7659 40.4603
2.8053 -0.567
0.3467 15.4309
1.1255 25.5934
0.3952 11.1209
0.3593 45.251
1.245 24.7121
0.3639 -56.272
2.6077 24.5115
9.9053 -10.766
3.3289 26.9991
2.9032 57.5722
11.1468 16.2085
0.8026 18.1455
0.392 -30.855
2.4144 7.6949
-25.0604 0.5439
7.3031 1.2293
2.3538 31.0279
4.3331 -3.158
0.5294 24.9605
3.0904 14.3788
6.6478 -8.141
4.4674 21.2743
-56.4235 54.0266
0.3601 17.4334
13.5662 -73.084
8.0633 59.4193
-13.3895 14.2601
4.2218 16.3183
2.6128 44.483
0.3747 17.8777
12.3554 13.2311
0.3893 -16.662
4.1283 46.7121
4.3961 23.5883
1.6363 14.9217
-36.8569 -26.776
1.3405 15.6869
-26.1927 14.9389
6.0755 25.1625
2.1398 18.8634
1.6404 48.2152
0.4077 -7.433
4.2873 10.6095
4.4284 20.1239
0.5738 20.8922
1.7998 15.8509
2.1531 27.3638
0.3778 48.6168
4.1659 0.6307
-2.36678 14.9434
2.4629 6.9568
0.386 -23.244
1.8353 8.1112
7.1124 27.3614
4.1727 16.1253
0.3516 12.3639
3.0977 20.5598
0.7118 -20.817
10.8933 2.6137
0.8967 -21.994
9.0761 -29.544
0.363 47.5189
2.737 11.0344
0.3606 1.4484
6.9993 1.3304
2.7743 1.2891
0.3576 -19.1
1.6826 17.5029
1.3733 8.68
-0.04366 49.1835
0.6453 11.5687
2.5311 14.228
6.8233 41.9713
4.7553 25.9984
2.2994 -9.936
0.2397 19.7925
3.0433 0.6466
1.0193 -0.206
1.2017 14.8354
25.3177 7.1645
17.3062 19.4955
6.3995 -5.951
27.7889 -20.538
1.592 4.4977
7.5131 28.6563
12.6445 95.4787
1.1721 -23.78
11.0898 0.9404
4.2501 11.1714
13.5379 53.845
1.0741 8.9665
6.6066 -22.877
33.2573 -12.145
1.2962 23.179
5.2148 52.8199
5.7179 -1.885
-19.3263 10.4933
3.0148 26.5919
8.0256 -29.883
1.113 39.4117
1.9646 19.374
1.0994 31.2812
6.0362 -11.612
5.7079 21.154
1.1836 30.1927
4.7819 -27.943
3.0808 5.0429
6.2977 42.7096
3.8199 54.7326
13.4395 -7.359
19.3157 44.4106
7.2456 53.2985
16.2641 9.993
-1.18158 7.788
26.8268 39.7699
1.2015 -0.129
1.5065 -52.675
4.3308 5.7901
7.2094 50.7226
0.1944 -6.173
12.8295 28.2925
1.3848 36.9081
-2.36495 40.2973
1.7232 -5.679
11.0145 13.1201
18.465 -49.114
13.2572 -26.534
13.9291 18.4413
7.9764 11.1617
7.3712 -7.304
1.1565 17.8748
19.8864 27.3681
10.8195 13.3555
6.1805 -3.144
19.2956 32.1287
6.0826 33.7225
16.7595 29.2549
14.8003 4.7506
20.5704 12.3482
21.3546 27.2569
8.5983 0.4307
-5.65325 21.2196
2.0891 15.1859
9.5676 -42.326
6.6198 47.8789
6.3515 25.4998
-0.32889 27.5131
25.9672 29.6106
4.0931 -54.194
12.9205 13.7355
5.3155 -49.87
17.5045 -6.254
16.2823 -9.994
3.6578 49.7945
11.3134 24.9119
1.1989 30.0113
10.0079 35.6294
9.7899 2.6899
34.7489 4.9064
33.2796 -27.617
18.2714 49.2418
26.4534 -4.806
14.6807 9.9434
13.8454 -9.139
1.1379 23.0755
10.4553 -4.125
1.3348 20.0935
3.4899 11.6797
3.6013 36.1251
61.3545 1.5353
13.7125 24.1261
5.4303 -72.907
-11.4609 27.9088
15.7984 20.6281
15.492 6.4137
3.584 15.0955
3.206 14.867
28.9237 13.3948
107.789 0.453
20.0277 28.326
3.5341 66.8555
33.7482 -5.85
3.8539 52.1574
46.0319 2.0983
31.1703 22.6595
-15.81 6.993
52.6495 17.3398
35.2619 11.5035
57.5105 43.9508
7.7864 -3.933
37.4517 5.2113
3.2538 35.2482
35.1249 14.4264
12.9607 -4.903
20.3791 17.8567
12.9419 48.1895
-3.87375 -6.148
112.629 1.966
26.0781 25.7293
35.6363 27.513
3.468 -4.078
29.0042 50.7437
61.271 -8.484
3.4443 51.6427
21.5825 59.9965
3.6969 -70.483
24.6294 21.503
3.3535 23.8231
3.6219 4.7518
3.4159 26.9262
17.2095 24.585
27.7615 -1.633
69.3272 -18.76
16.0943 -19.572
28.8227 9.0891
6.3334 -9.665
3.5975 48.1095
-11.8108 44.4506
10.6181 16.1863
3.7007 30.24
3.9649 12.5334
3.771 10.5893
12.4479 20.1381
-4.65968 -21.544
3.6955 -32.95
39.4584 51.2523
3.6855 -10.32
76.3741 9.1366
66.5856 44.3698
3.5869 31.7321
39.6923 10.7948
26.6975 10.6564
3.5939 20.1419
51.1316 -1.019
17.892 14.0346
3.5593 33.1725
17.4805 2.6846
3.5433 31.1187
77.6329 -10.716
153.665 9.648
5.437 14.5819
11.2078 5.8474
53.2184 1.0113
35.3685 7.1248
96.501 14.7723
-2.06879 4.2509
28.0787 50.9797
5.4826 15.6805
3.962 10.0783
3.4732 24.2079
8.3555 -3.495
85.116 21.4225
3.6607 34.8327
20.179 28.4735
40.7008 17.7415
55.6975 -3.266
74.5839 7.0572
3.795 -0.007
-72.8276 29.0395
-26.2462 24.1791
-21.6094 -0.061
-5.5845 23.9659
-89.4607 40.3165
-92.0166 37.2536
3.8227 22.448
-15.3206 25.641
-8.85325 37.3516
-10.2557 31.7593
-24.7413 25.5404
-44.1709 36.892
20.0228 32.494
9.1643 27.8282
22.8057 19.2571
0.1257 27.5451
-29.5345 33.9582
-30.6512 29.2062
-10.3733 33.6294
-31.6232 27.6865
-23.9705 27.7456
70.4158 12.1123
-13.0355 14.7871
20.7427 35.3163
-23.5851 28.1179
-4.46716 36.7015
15.5249 2.9254
6.9423 36.503
-6.92775 27.2157
-51.4653 32.0938
-44.665 39.8504
-28.3954 34.3358
-10.1623 33.5637
-47.4768 36.8526
-62.3167 38.0953
3.3468 24.5764
-53.0125 35.8746
2.9293 32.5318
-11.5399 28.8482
-13.4576 19.9935
-2.7681 30.9147
24.0127 22.7322
-6.60576 19.3285
-72.9405 20.3289
-13.9955 31.2506
10.2319 20.1184
-71.5268 26.4818
2.6273 30.9998
17.0739 35.8906
-43.6032 42.2559
-68.9699 34.3053
-15.1097 36.4414
5.8702 39.6175
19.059 40.8314
-16.9245 28.847
-60.847 14.9419
-24.8013 39.3842
-46.6509 40.1544
4.7802 48.3151
-36.0731 36.5009
-28.9672 19.8868
-3.86113 19.9753
-45.5953 27.4966
-15.9509 25.8722
4.1234 45.976
-0.02527 36.602
-4.77365 37.5092
-3.3113 28.0639
4.1856 36.7674
-61.2228 43.0701
-41.4772 28.2903
1.9562 41.1286
-28.9625 44.5709
-0.61471 48.0215
-65.0704 39.83
-93.019 20.6801
-18.3376 34.3364
-21.118 39.3792
-1.21574 31.9264
4.2536 16.152
1.0949 21.4404
-29.4622 23.9343
-82.373 34.097
26.2123 14.2439
2.0215 37.1501
-7.02155 29.4468
-19.4111 14.606
15.4333 30.1502
5.7614 19.0979
-43.8128 24.6149
8.6784 26.8123
-38.495 43.1734
9.517 25.3477
-9.12375 24.1398
1.4588 31.5127
-26.4449 40.5523
-53.4948 38.9529
-2.951 43.1166
8.2602 23.9567
-25.6923 30.5844
-38.4245 33.1895
-50.2135 41.874
28.4968 26.0159
-45.8765 30.8126
8.343 29.757
16.9683 32.3563
23.3956 38.058
9.3398 34.9245
2.9554 35.5086
13.2167 24.1362
5.4622 28.4671
11.7125 10.7211
-10.6471 33.5315
-40.515 28.5718
-58.2386 36.4964
-4.17113 27.7713
-0.94035 20.6483
-40.691 15.609
1.9597 31.8662
-92.2636 33.8068
-15.5436 26.3578
-95.3219 35.3212
-34.2957 14.0867
-14.0275 36.214
-5.1446 28.4786
-90.403 25.111
21.3744 27.4095
-35.2256 21.3383
-35.4092 44.2475
-5.5101 32.4939
-1.4821 27.581
2.0965 26.0987
-21.9184 28.3137
-36.5904 22.4312
2.4172 22.6123
16.0505 20.4572
-161.808 27.4951
-2.12903 33.3987
18.45 28.9738
18.6727 37.496
53.2147 24.6462
-22.7434 36.0617
36.72 29.5019
19.8665 21.1418
16.7222 19.9873
20.2933 27.9547
-22.077 35.9032
10.8589 23.2689
-1.9694 34.1145
-32.4603 15.9147
-58.0866 25.4332
-70.7989 33.4579
1.8274 42.8198
-90.8739 -0.463
-38.7797 45.5785
11.885 35.2298
4.1063 33.4587
8.7029 26.5201
-8.33675 40.8406
12.3339 32.0939
-42.4906 19.0106
-7.7932 30.3503
9.182 40.9847
48.1792 16.3994
8.051 38.832
-9.8847 31.9211
-14.8918 35.4622
16.1101 28.2601
-34.2614 29.5312
-9.0277 34.9034
-22.9573 33.4256
-13.7074 22.9023
-39.8479 28.6627
22.1221 8.0667
-59.517 36.1881
26.4831 12.7509
-27.7843 38.7546
8.0591 20.3303
4.388 30.8917
-72.4057 35.415
28.1572 18.4702
-8.64869 23.2655
-13.8048 9.791
-13.3667 23.0893
-10.8947 35.2668
-43.9287 32.1243
-41.5442 38.9483
-54.5445 28.8046
-25.5145 36.9256
-142.903 26.542
-58.3765 40.8795
6.6596 18.6956
30.4127 33.5304
9.7525 27.6118
-2.1633 41.0692
17.2189 27.6292
13.1752 29.1045
-14.1677 44.3041
-0.96675 37.3689
-52.3124 45.3905
-24.4544 23.48
13.5772 17.2518
-53.3045 17.6014
34.0657 16.6146
-51.7035 24.85
0.3913 28.6803
12.6381 29.4228
10.8461 17.7588
-48.803 27.7807
-42.2933 27.1297
36.8352 19.1792
-55.6233 21.6988
-9.6298 23.35
38.0381 28.8877
-3.7882 20.421
46.6829 23.8401
39.1216 24.5365
31.5603 29.562
-111.467 13.0105
28.4596 21.6616
18.0882 27.6346
-41.3965 24.3143
-34.0022 20.8835
-6.67066 29.5404
12.7724 26.1629
-62.8376 19.8674
50.6625 26.2953
16.8764 17.6547
-27.8395 15.5624
21.0164 17.6221
-16.3865 27.6452
27.258 7.6732
0.0048 9.1609
-7.18665 22.3144
20.8313 26.8123
-28.9832 16.322
-112.877 26.2645
51.3268 24.487
-11.4921 24.6998
-21.2521 23.0309
-22.8983 25.7583
42.1514 5.0278
-5.93065 25.9921
-18.4095 18.1166
-39.9424 21.7862
-9.02655 30.7279
-37.4038 22.1302
-6.7702 34.0063
-41.5377 23.7275
2.2067 21.4151
10.5463 30.2927
-16.7858 23.9733
-9.4168 26.2278
-23.8279 18.7049
-39.7665 22.7258
0.1752 27.093
-1.5525 30.309
17.7139 26.0588
18.2129 12.8698
9.4084 -5.05
20.2298 28.6873
-30.8903 10.3307
-12.4957 17.5942
10.1405 23.6878
30.6205 20.0225
59.4424 14.2635
18.1118 20.5138
73.7923 9.9225
34.5527 22.2522
21.0986 15.969
-2.6694 11.2963
-46.0198 20.1855
21.3148 25.0359
-1.3019 14.8876
5.7809 16.5538
2.7435 17.7888
47.4917 16.534
-15.6752 13.9261
-7.5844 20.1112
-25.5162 27.2579
-11.7512 30.6171
-58.7375 26.2143
-2.8865 14.912
4.5537 28.3174
-73.088 23.0093
7.6406 7.0769
37.3925 31.9873
80.2204 12.3454
38.5656 9.3192
4.1965 17.4317
-7.603 14.414
42.6044 13.6188
-2.08235 28.2921
-12.683 21.0301
35.0616 20.5008
6.9984 19.4775
37.8953 23.1958
14.2195 19.9074
-35.0403 17.7905
15.8212 23.3299
