-42.8096 -4.6747
-20.675 -8.2509
-26.0866 -2.0769
-4.11253 -14.8711
-0.13354 5.30556
-2.0369 -2.9904
-0.11453 -3.7509
5.2637 -1.8622
-8.14594 -5.9598
-10.3763 3.1306
-26.3561 -3.8567
-7.32555 -6.6798
-7.5824 -7.2741
0.8207 -16.4393
-6.43855 5.97001
-12.2436 -6.5919
4.1611 -10.3458
-8.10386 -4.0102
0.6787 -64.3681
2.0813 0.5634
-0.73366 -11.4869
-5.72832 -8.8828
6.9218 -3.1859
-15.5697 -5.1628
-6.3815 -4.7573
4.2728 -1.1822
3.3749 -30.3274
-106.724 -2.2088
-3.56724 -19.1037
-3.96016 -6.7842
0.541 -28.453
-2.78023 -1.3346
-11.9244 -3.9512
-11.9104 3.7853
-13.1965 -3.6744
-87.4459 -3.1804
-7.55793 -0.4464
-97.6309 -4.4234
-0.87622 -14.7157
0.7751 5.85094
-15.1052 -20.4008
-6.8474 4.4322
5.417 -18.771
3.9966 -56.0288
-22.8049 -7.5783
-19.1512 -8.0439
-3.67852 -4.5208
0.2202 -4.0868
-0.59866 -0.2243
2.2088 -28.9168
-8.21269 -1.7614
-0.87458 5.63069
-21.121 -9.7193
-7.84762 -7.2227
-18.3679 -31.3487
-37.6222 -3.295
-1.7775 -7.9621
-10.2393 -0.7597
-9.3781 -2.265
-22.3454 -3.9123
-25.732 -10.7492
9.1036 -9.3206
-4.39861 -5.7041
-24.0969 -5.8809
-15.5925 -5.3024
3.5078 -5.9292
-20.1378 -1.099
-2.08859 -1.2963
4.8897 4.9596
-21.7376 -1.5515
4.503 -10.9847
-9.61853 -6.9825
-2.72955 -1.7457
-4.90025 -7.4293
7.8144 -6.7216
3.5392 -11.2255
-8.19427 -8.3455
6.0068 -3.0772
-0.88463 4.4202
2.992 -2.9331
-0.3522 2.5471
-4.80985 6.03375
6.6888 -1.2772
-8.62561 -2.6515
-6.10133 -0.1524
-20.1367 -3.1419
2.5614 -79.6656
-10.7624 -5.1899
2.7014 1.2403
-15.4238 -1.3801
-21.4464 -4.9164
-9.13894 0.13
3.602 -5.7545
5.0625 -6.8028
-34.2905 -1.1374
-10.1129 -6.2492
12.0631 -4.4953
9.994 -16.3592
35.2431 -2.3844
3.6457 4.5577
16.4941 -0.6591
0.8304 -4.6717
-13.2958 -90.018
-17.5411 -2.6838
8.3329 -8.2829
19.6714 -1.8157
-2.62314 -2.6463
1.4016 -3.1837
-12.2797 -5.099
-7.62772 -5.0137
8.7168 -3.5571
-0.29205 5.016
3.0092 -15.3644
-4.23526 -6.8457
-1.81437 -3.4273
7.3146 2.0063
-4.45655 -5.4012
-7.35887 -0.8549
-5.8086 -23.2418
11.3416 1.4538
20.5539 -7.8731
-28.8509 -1.5869
-5.86405 -2.3614
-3.90334 -17.9612
-8.58926 -5.2831
-100.218 -3.3916
5.038 -0.8458
-2.52009 -22.0042
-13.8259 -6.6095
3.4243 -10.222
-19.5801 1.7519
-11.9058 -10.0158
-50.1406 -2.2412
-0.79205 -1.9924
2.402 -10.7818
-6.74675 -11.3941
-10.0806 -13.6868
-26.4592 -23.6395
1.1889 -2.8183
4.138 -5.7871
12.8637 -35.7802
0.1091 -4.1322
-3.82081 -11.5433
-15.7248 2.5801
1.7444 0.0099
-6.60962 -13.1917
10.4905 3.7863
-9.69506 -2.5167
0.2731 -10.0846
-2.70525 -6.1322
2.8687 -20.3443
-5.8536 -1.9592
-13.1664 -13.2587
-10.0118 -6.2243
1.7987 -13.1339
-2.18073 -5.1523
-18.9584 -7.3073
29.7629 1.1502
10.8856 5.83406
-41.98 -10.1749
-8.3667 -0.8089
-4.2482 3.5684
3.133 -29.7344
-6.14165 -8.4374
-2.79871 -9.1443
1.536 -4.1654
3.8757 10.5719
-6.01525 2.6516
2.5 -2.0116
7.7261 -8.2313
0.8117 -12.1971
-35.819 -0.5923
-0.00859 -4.8241
-6.08042 1.3023
-67.0768 -6.8341
-13.7121 -18.7768
6.4731 -14.8655
4.3554 -7.2467
32.767 -2.0155
12.2207 -1.6233
10.8763 -6.2901
20.579 -4.9933
30.9797 -0.9027
12.8052 -22.2096
3.5091 -0.3688
11.795 -4.9514
20.5738 3.5338
-12.6683 -3.9534
1.0981 -8.5498
7.7178 -6.8626
26.4736 -6.1677
-13.3861 -16.5944
14.9162 -39.565
50.1744 -1.3097
-38.7029 -41.3769
-32.3449 -15.2881
-3.19417 -8.971
0.481 -23.171
-3.67988 -11.4023
-7.90149 -36.2279
-5.74355 -15.5445
2.107 -5.1186
76.014 -19.2543
-14.7996 -17.7756
17.8133 -26.3189
73.7496 -27.6273
66.347 -1.5253
20.1471 -15.4594
13.857 -27.8854
38.662 -11.9428
65.8478 -326.636
-10.9702 -12.858
106.051 -27.4595
24.0117 -15.7353
-22.7964 -23.835
-6.70995 -28.9481
12.0988 -20.5694
44.9519 -21.2536
99.185 -40.1178
-0.0647 -30.2097
27.1593 -12.7691
-0.12222 -39.3725
30.7413 -0.0594
1.2318 -16.0616
45.3404 -4.0626
22.9044 -7.7725
33.856 -23.9008
-13.0029 -34.799
81.2662 -1.1788
70.211 -11.6813
7.9753 -10.9365
2.2611 -22.5542
2.202 -30.6043
38.4212 -5.6451
43.6412 -14.8668
-2.39105 -9.5186
75.9433 -74.3649
130.01 -9.8387
27.2954 -5.7983
-0.40165 -13.1689
6.8184 -24.5206
94.126 -20.2602
11.4673 -15.485
89.9138 -0.9619
-31.2105 -17.2289
4.2933 -17.2091
165.152 -9.9831
61.6529 -5.9281
1.401 -28.5565
16.9016 -16.8703
11.3441 -27.7553
45.0054 -18.3216
40.9736 -44.0779
38.192 -26.9746
40.3223 -21.1459
16.0893 -16.4096
24.4618 -76.9289
-2.80021 -11.806
-9.78621 -1.4999
-16.0935 -14.077
-44.5662 -2.4179
-78.1041 -19.3329
-29.2429 -4.7125
-8.8217 -17.0785
0.536 -12.7908
-71.2217 -3.7095
-75.0239 -14.1254
-9.90935 -10.202
-114.477 -5.621
-142.81 -8.1388
-70.9201 -4.9126
-8.52545 -9.6332
-85.6439 -11.4328
-29.8661 -4.105
-12.2485 -4.0705
-31.8445 -10.939
-84.8786 -18.9648
-3.02875 -8.2242
-28.2028 -5.9746
4.4866 0.8662
-104.276 -21.103
-11.8927 -10.79
-28.5941 -0.1055
-29.6837 -2.5144
2.8196 -14.0224
-11.0626 -21.634
-20.951 -10.135
-18.4946 -20.5782
-22.2586 -13.959
-9.75698 -12.7621
-13.1563 -6.1226
-119.642 -9.9765
-12.8075 -12.3805
-7.89554 -18.0355
-20.5946 -3.7304
-32.2351 -0.3708
-27.3002 -1.2211
-39.7243 -3.6761
-26.7475 -23.5578
-59.7121 -20.159
-13.4531 -1.3435
1.6644 -8.6002
-7.00606 -0.824
-57.8388 -2.879
-29.494 -5.7163
-94.3693 -11.0865
-25.0146 -10.6185
-93.782 -36.2946
-11.9855 -0.8105
-64.68 -4.8425
-14.2595 -1.9718
-37.7272 -8.0973
-65.3086 -1.6007
-64.0299 -0.8418
-17.1165 -5.152
-0.32384 -13.9215
-42.2076 -4.1058
-68.106 -6.6855
-22.4951 -7.1255
-22.513 -22.0065
-54.8098 -14.6276
-16.1628 -3.3833
-53.2729 -5.4524
-93.1904 -7.6235
-14.3143 -11.4354
-61.8778 -1.3558
-26.2028 -4.067
-9.20955 -18.9195
-30.511 -12.5125
-15.2735 1.2223
-25.9967 -22.8419
-19.8585 -5.2305
-75.0328 -1.377
-89.162 -11.789
-64.8228 -10.922
-17.5369 -3.4549
-11.5038 -8.4335
-12.6339 -4.3049
-31.2554 -7.4542
-17.488 -7.133
-36.7558 -14.6906
-49.5343 -18.73
-26.3484 -24.3612
-18.9252 0.669
-15.1432 -3.1015
-42.1568 -2.5949
-106.82 -8.9682
-25.6968 -4.6968
-15.0543 -4.1613
-2.68094 -10.7808
-34.0936 0.7465
-137.22 -11.1985
-111.281 -9.5453
-68.2805 -9.8295
-10.3298 -3.8045
-55.1633 -8.3391
-44.3783 -5.1864
-14.5145 -13.1882
-19.3375 -9.8048
-55.3093 -18.794
-15.9316 -8.675
-6.50601 -8.7034
-19.3304 -5.5215
-14.9556 -4.877
-27.0858 -1.4395
-23.1816 -10.5736
-97.7475 -11.2987
-10.0625 -17.4886
-31.5671 -8.8977
-13.828 -11.8245
-6.94213 -10.9555
-21.6499 -12.7906
-149.509 -17.4285
-103.518 -16.903
-200.909 -28.16
-32.021 -1.5811
-28.7032 -16.3605
-40.8261 -7.5532
-12.4112 -10.7855
-231.95 -11.1354
-84.1386 -4.218
-12.4946 -16.468
-39.5207 -17.3869
-329.032 -22.5722
-80.0734 -16.247
-43.8957 -21.65
-14.1501 -4.7695
-37.1548 -9.354
-76.3222 -7.2587
-7.5442 0.0425
-95.8094 -8.246
-19.0851 -5.254
-44.296 -9.2525
-44.9935 -7.6584
-66.0258 -13.654
-39.6104 -2.0843
-25.8316 -7.0136
-10.2012 -30.7805
-65.6314 -6.5788
-12.8865 -12.925
-49.9729 -10.7175
-15.4413 -14.9258
-56.8338 -18.8921
-43.962 -4.2453
-26.0783 -13.5223
-152.581 -13.0539
-36.0186 -15.932
-18.6198 -2.3594
2.8396 -10.2757
-38.6965 -9.4545
-120.492 -10.6055
-97.1478 -11.5322
-16.609 -0.0361
-25.0983 -6.7405
-7.82654 -2.255
-17.8386 -13.9564
-21.9741 -3.2495
-46.3491 -6.7142
-16.2537 -0.9541
-17.3378 -2.2052
-28.1367 -5.8404
-45.8507 -7.5455
-13.7882 -10.5525
-28.0624 -17.395
-33.9791 -10.089
-11.8056 -3.8015
-41.2211 -2.6105
-20.5449 -4.0161
-12.6327 -6.2215
-31.8717 -8.822
-12.6198 -8.5455
-8.74205 -8.5573
-60.2361 -23.665
-12.3789 -3.193
-49.1203 -4.0576
-13.9503 -23.389
-34.4253 -7.1494
-15.7723 -15.9119
-6.18354 -3.501
-6.02206 -3.432
-28.2993 -6.4675
-1.3832 -8.9576
-6.0526 -7.8905
-13.281 -1.684
-14.8492 -28.775
-21.2523 -6.9776
-13.1897 -7.403
-16.2401 -7.2725
-3.58965 -9.9363
-10.986 -1.1865
-22.0092 -1.7304
-15.9359 -13.0566
-39.1956 -2.4565
-20.5008 -4.6414
-79.7565 -4.1369
-19.0983 -4.5175
-5.2026 -17.6029
-18.1389 -14.7524
-58.816 -3.0786
-8.80105 -180.784
-6.06637 -17.5083
15.6759 -20.9112
1.7769 -32.0553
-11.4172 -22.199
-122.172 -30.4539
-0.05269 -28.3009
-4.31685 -35.6435
-14.2984 -21.0029
-10.4606 -32.2135
-31.9777 -16.8866
2.0466 -30.8595
-148.033 -26.475
-129.564 -23.574
-37.3432 -17.4574
-42.0722 -23.3122
-27.8791 -29.7793
-24.8971 -17.2157
-9.89785 -24.2745
-19.525 -20.2415
-231.237 -28.2016
-32.5833 -26.205
-2.58993 -39.4057
-66.7157 -16.8522
-65.5109 -39.542
-10.0203 -21.5516
-12.6653 -21.3163
-32.8428 -20.6605
25.4067 -27.1924
8.6373 -45.301
-95.5823 -30.8681
4.737 -24.0241
-13.9344 -19.9995
-24.6602 -30.837
-14.7402 -17.191
-9.75023 -18.2884
9.2316 -22.267
-12.8106 -20.9275
-23.0152 -28.5325
42.765 -28.301
-106.619 -18.2165
44.4966 -28.569
4.4998 -23.0177
-57.0877 -24.3669
-24.4954 -23.3225
-18.285 -21.3372
10.0708 -33.8178
-38.6268 -24.3889
-355.327 -26.9492
18.953 -16.8265
-93.4276 -16.5622
37.0993 -41.7658
19.6018 -20.266
-12.9672 -41.1502
-45.2347 -34.8435
-23.0434 -40.3942
-12.1676 -18.8436
-216.692 -36.2761
-53.7452 -19.871
-121.849 -54.666
-34.6305 -21.8475
-26.4856 -15.3255
-78.6809 -24.8304
-41.9685 -21.906
-57.4549 -24.5945
-116.712 -19.4075
-12.0133 -13.6437
-46.8901 -37.313
62.0166 -33.3943
1.922 -34.6665
-32.8117 -32.526
-40.8794 -14.6655
-4.10027 -38.43
-21.8887 -24.1489
-20.1215 -17.6584
-21.0307 -36.5648
43.0762 -27.6184
55.4625 -33.4582
-11.3853 -23.9239
-9.91074 -25.9511
-64.5068 -16.5753
-18.3315 -18.9019
-32.8506 -30.27
-29.8196 -18.0823
-19.4335 -19.38
-35.8318 -35.558
-5.53209 -47.669
-73.4217 -28.055
-14.1534 -24.7987
-68.2157 -27.6655
-1.52627 -28.288
-49.7349 -29.2735
-160.428 -27.792
-14.7393 -25.3525
11.8567 -20.1984
-29.1545 -21.9415
-9.40019 -17.361
-44.5418 -20.4
-13.616 -34.2202
-8.05471 -19.7375
0.8659 1.2836
2.1557 -6.7692
4.5913 -1.3478
0.357 1.4159
1.8373 -2.3844
0.4096 8.47344
-0.73669 2.4831
3.0661 -3.8467
2.0274 -2.9128
2.4528 1.4889
1.3853 1.8704
0.9696 -5.6621
1.0584 -0.3948
3.0002 -7.4525
1.0959 12.7392
0.8625 1.5245
8.0203 -12.4449
4.2949 4.7005
0.2934 -2.0821
3.5628 -1.4802
0.371 -6.4428
-1.82012 -10.68
5.2723 3.0092
1.7192 -0.9816
7.3406 1.3282
0.3658 -2.83
8.9297 -13.6461
5.4001 2.0189
3.8352 1.5106
2.9521 3.7899
0.3639 3.2245
2.7908 1.6714
3.3735 3.8905
2.5184 2.4859
6.9015 -26.3284
0.4082 0.7457
0.3758 -23.9002
4.67 4.9102
4.6052 -22.6923
0.3657 -2.4685
2.2843 2.2135
0.3631 1.618
1.0716 1.2569
2.6377 1.1799
-1.22605 2.3796
8.1048 -3.0174
0.3736 -6.6152
14.6659 -2.5283
0.3642 -2.7989
-0.54202 -0.7911
0.3373 -10.666
3.5801 7.54395
1.5842 -3.822
8.4248 -0.6011
0.3749 -14.3329
1.0742 5.21874
1.8853 -1.2826
0.3701 -246.829
0.1539 -1.2688
7.4923 -2.1316
2.8658 4.5387
2.2247 8.19652
1.1387 -5.6371
5.7963 7.79725
0.9866 1.3008
3.0712 2.4472
1.0433 -2.554
2.3893 2.6857
-4.83244 8.08481
2.1181 -0.2925
4.7954 -2.452
2.5334 3.9588
4.1697 1.6352
2.2227 0.6279
1.0725 -0.0585
0.6453 -1.5765
-25.901 0.2605
2.371 0.3226
2.8213 -15.8132
0.3692 5.19726
0.412 -0.739
2.3345 2.8471
8.626 1.6009
0.6053 -0.5655
1.42 5.73893
4.3586 -2.9643
0.3772 -43.664
0.5773 0.6398
2.3964 -3.1445
0.4087 -0.3147
2.1924 -25.5139
7.4413 2.7053
8.6645 -8.7058
6.6736 2.5295
1.1327 -10.498
25.3724 6.71057
1.128 0.681
0.9644 -1.0463
3.8248 -10.7576
13.4651 2.31
5.686 -1.8128
8.0296 0.5154
16.8245 -45.0596
-2.94286 -3.3247
5.5143 5.30627
-0.15942 3.9689
-2.30102 -3.6507
1.7745 7.76931
25.9934 -4.8817
3.5071 2.9875
15.7871 8.16231
2.456 -22.81
14.4068 -2.3505
1.0883 1.9279
1.1227 -7.594
6.0203 1.2616
-6.58404 1.147
4.8498 0.9136
5.0276 -4.8357
9.5143 -3.5582
11.0774 -3.5762
0.3777 -12.2432
11.939 -3.6588
4.4781 0.1776
-0.25608 9.84244
16.5578 -5.5836
5.905 6.45519
6.4279 -4.3601
1.0924 1.6546
9.9218 -9.9819
13.143 -14.3434
1.4483 3.1352
1.5866 -0.7574
1.0433 0.8243
11.1308 -54.2027
11.2035 -1.8281
4.066 -7.0068
21.77 -3.0183
13.6298 8.50838
1.0906 5.75257
28.0452 4.0365
1.9421 4.7875
35.7786 2.9482
6.6647 -5.9787
-1.4554 -4.667
1.1641 0.725
13.7438 -2.4091
1.055 6.94694
9.1697 2.2579
12.1052 -3.578
4.2716 3.071
6.897 -7.7824
7.1851 4.2301
2.5794 1.0136
7.7314 -13.1872
1.1191 2.5839
6.4254 -12.1935
8.5934 -0.8269
2.8473 -1.039
14.8837 0.5945
2.7045 1.1385
4.166 8.107
1.1345 2.5071
1.737 1.4027
26.9655 0.5348
11.2353 6.49788
29.7235 -9.9168
0.964 2.4492
3.8836 -5.03
7.4444 -8.7381
3.2888 2.2515
23.5664 -4.774
1.1875 -32.5795
3.159 0.2848
0.9936 -1.0629
2.2193 4.1604
3.6574 7.25181
5.8679 -15.9125
17.6254 -15.5033
27.9093 -14.4589
23.8863 5.58488
19.9478 4.949
125.523 -8.1337
105.536 -1.3944
62.6186 -0.8282
93.061 -1.2723
56.4195 -3.5646
84.7751 -1.2764
3.5149 -18.7901
3.6247 0.3134
41.1885 -1.1329
0.385 -36.5955
67.379 -28.3451
26.2035 -10.1107
127.257 -17.38
17.8286 -0.369
50.4301 -2.8829
3.3646 -2.2596
78.554 -2.3534
60.1865 -12.2595
39.5596 -4.8447
16.2551 -8.9807
59.3158 -29.1029
18.2112 -11.2445
3.5706 -5.9472
20.009 -17.1471
7.6498 -24.0991
53.8709 -10.6691
35.7231 -10.628
6.2513 -10.5783
27.793 -22.6649
72.819 -2.4606
32.2763 -13.1553
47.7945 -9.6172
3.6454 -17.7106
4.2373 -2.483
21.2221 -2.2849
51.2615 -50.4644
21.8044 -2.4385
49.765 -2.2882
43.1948 -0.1641
20.0468 -6.6069
78.9085 -42.1498
19.6956 -3.0212
115.549 -4.2219
15.3967 -11.0981
50.0805 -27.8295
26.1872 -2.3337
53.1165 -8.2597
33.2056 -0.8806
3.5726 -1.2859
72.095 -11.5535
40.6583 -8.8953
3.3982 -10.4579
25.4954 -31.1487
64.401 -36.0664
26.5132 -1.0206
16.5951 -16.8807
11.3943 -13.7603
22.8168 -15.1585
67.028 -13.7161
3.9169 -3.9619
-12.3598 2.2326
-13.3926 2.7619
0.9528 -1.7337
2.7418 -0.341
0.2631 2.5851
-12.215 3.7146
-8.43511 -14.0421
0.632 0.0708
-2.04146 2.9844
-1.9968 3.0506
-2.76429 2.185
5.6939 1.8503
-4.84842 0.755
-2.32112 3.8039
0.6678 2.2765
-22.9079 3.5849
-10.2979 2.5151
-11.3396 2.8935
-10.42 1.5241
-3.22609 3.8529
-7.60239 2.4756
3.4642 2.0637
-6.74291 -5.1136
2.36 2.4485
-1.2483 2.4802
-3.34796 3.7703
-11.6424 1.7212
4.2331 0.9514
-13.5055 1.6426
-2.47561 1.1882
-3.3915 -2.0013
-5.26859 3.8793
-8.98505 1.9471
-8.80005 2.0768
-3.7297 3.116
-5.92635 -0.5572
2.2355 -0.6527
5.5031 -1.1343
-0.8866 2.665
2.4835 2.3069
-0.23763 3.5187
-8.3005 1.1946
-6.28263 1.1337
-1.57918 3.8523
0.016 0.0257
-10.2176 3.8808
1.8396 1.6672
-3.15798 1.9259
2.4545 2.9197
2.5768 1.3354
-7.67371 0.8712
-1.5095 3.0073
1.4432 2.2483
6.9696 -10.9974
-1.25408 2.0213
-17.988 -0.3455
2.1506 1.7907
-2.96998 3.7414
-8.7387 0.3427
-33.2738 1.4017
-18.8124 -1.5508
1.7993 1.8974
-1.96612 2.7436
5.6373 3.0739
2.82 1.4071
5.6566 1.7577
2.0487 2.3656
4.7707 2.2343
2.5362 -11.6622
7.1996 1.7202
-10.4488 2.435
-3.86722 5.42655
5.4853 3.5533
0.4903 2.5547
0.44 0.0821
4.9451 -2.0221
2.4654 -1.994
0.1086 3.1361
0.9042 4.8186
-2.10526 4.1872
-0.4692 -0.5587
-6.66749 2.2688
-10.0201 0.8662
1.186 -1.9605
-12.061 -2.9119
2.9683 1.9435
2.1568 0.8345
-1.54332 3.9052
-4.24704 -0.2202
0.8962 3.7955
-21.4717 5.5998
2.7907 3.7321
-8.72774 1.4343
-27.8212 1.8443
-6.25947 2.5666
4.0555 -1.1213
-25.4505 2.2168
1.5704 3.1576
1.9155 0.8288
7.0588 0.9494
7.9914 -4.6087
9.3246 -0.1938
-2.12302 -3.8513
2.2945 -4.8488
5.9881 -1.9308
2.8886 -5.4886
0.3329 -2.0573
5.173 -2.3306
-0.72893 -2.6638
4.633 -4.2683
-9.07715 -4.0095
1.5787 1.3285
0.6255 -1.8408
-14.3657 -8.0514
-6.6547 -1.5533
-7.95525 0.6458
2.6973 -7.7385
8.0756 0.2504
-2.14531 -3.453
7.3831 -5.8385
-1.64753 0.397
10.8587 -6.0706
2.6017 -5.7404
-4.63514 0.3459
-7.38972 -5.2397
0.2999 -4.691
6.7255 -1.6806
10.2602 -0.9896
-6.2247 -4.6316
2.5735 -2.827
17.4799 -1.695
1.8275 -0.1174
-24.0844 -10.9892
-10.3872 -4.3274
-11.4708 -3.1889
-16.4706 -4.0695
-1.11545 -1.5773
-3.9121 1.1185
-3.86132 -2.4688
10.4083 -3.0304
8.4726 -8.0463
4.6973 -10.0945
3.0296 -3.4451
6.5528 -5.6164
-2.65117 -4.7061
-0.47205 -7.6679
-12.3969 -5.7439
8.5106 -0.0433
-2.51471 -1.2274
0.4628 -7.3356
1.8592 -4.8998
3.0833 -8.9401
2.9939 -3.1504
3.5432 -2.7329
4.7217 -3.877
-0.89567 -2.796
3.2677 -4.3062
0.5419 -8.2629
9.7845 -5.8935
3.4451 -4.3888
1.6251 -8.336
9.5461 -4.2434
-16.0988 -2.2993
3.5926 -5.0185
-27.3292 -2.7429
-6.87437 -2.5098
-4.15754 0.7279
9.1614 -8.0689
-9.13145 1.5718
-7.84879 -2.8878
-0.58328 -5.069
-13.8026 -9.6206
10.1859 -0.9036
2.7883 -3.3154
-17.5887 -3.8563
11.6228 -3.2034
1.7386 -0.4218
-15.6421 -4.6582
1.3318 -1.7683
4.8756 -3.9953
-5.16181 -0.6514
-5.59736 -2.098
4.7396 -4.829
3.4078 -3.5613
5.94 -2.4255
1.4973 -6.0451
-6.66679 -1.9388
-4.96673 -1.8326
-10.5964 0.0573
-1.18937 -1.0157
1.0425 -7.0548
29.8176 -1.4918
8.3459 -18.3463
11.5469 -2.7656
-1.04263 -3.2828
5.5478 -2.1033
2.9731 0.3186
9.9591 0.8124
-4.73266 -1.7582
7.6799 -4.3843
23.7945 -35.6075
14.0194 -17.4636
27.5054 -29.1812
4.6225 -31.2683
50.2962 -26.2396
35.4451 -14.9092
38.4998 -37.827
30.1023 -25.7837
76.7332 -24.5049
17.3641 -21.828
55.1771 -30.7473
52.0558 -29.1195
45.8733 -32.0973
2.2981 -24.1047
4.3086 -39.4577
78.468 -49.3584
21.991 -20.7811
33.4335 -28.9484
27.604 -53.2124
17.4401 -22.7862
111.252 -20.0213
-12.3602 -23.7642
18.0847 -20.6906
19.3025 -32.1565
74.4691 -39.2598
4.8233 -24.4973
20.3254 -32.358
11.0957 -17.9299
-5.23285 -22.002
0.9774 -20.4111
1.9493 -23.0175
-3.17391 -29.8596
3.1942 -57.766
-22.6946 -43.6878
84.8043 -37.3869
-4.98377 -18.1023
14.7519 -21.9501
-32.6563 -31.5353
-7.16479 -18.2171
72.2203 -27.5919
35.3336 -22.9713
-49.9189 -24.8635
9.5972 -24.3542
-2.29217 -19.9207
-3.41149 -23.3925
19.7355 -27.2537
2.5356 -17.4686
4.2905 -21.8783
31.8398 -22.8141
71.3707 -49.1465
57.3036 -47.6691
10.9995 -46.455
3.4169 -24.4578
1.8427 -22.3293
46.1294 -18.8537
38.9774 -23.6586
6.3164 -48.0583
-2.03136 -20.8329
2.9006 -20.1678
16.266 -47.052
19.5901 -20.2345
-3.93893 -35.7201
59.8355 -34.446
26.4113 -39.2546
3.5789 -26.0735
49.4642 -46.0262
44.3587 -29.7013
14.8985 -19.7798
0.7937 -19.8075
45.0104 -19.8965
5.8812 -33.684
-0.09668 -21.8239
-7.44149 -16.6309
13.4773 -31.7461
2.7686 -21.1193
26.2955 -26.4179
-6.44806 -46.2901
-108.012 -17.9048
22.9496 -17.514
82.5895 -44.4477
36.8977 -26.2275
16.7472 -29.0307
33.3613 -21.4707
86.0482 -25.6709
11.5349 -28.4982
24.8383 -23.507
5.3197 -30.5154
11.5382 -29.6624
28.2199 -20.2172
-16.1647 -22.0007
4.5338 -18.4663
18.5086 -34.7055
14.5155 -33.5101
0.9754 -17.1708
28.0281 -19.4143
41.7973 -21.4278
16.9656 -21.9749
13.186 -36.2855
52.1132 -19.2987
16.9884 -30.6641
-6.41485 -5.5729
-5.48691 -0.1148
-1.49327 0.9262
-0.71786 -2.671
-3.09896 5.84244
0.5707 3.499
-11.9233 -6.9862
3.608 -2.341
-5.18982 -0.0982
0.5098 -6.9207
-2.96056 -4.1186
3.5257 4.1297
1.5597 -6.7329
-0.46017 -18.6969
1.4651 -1.3956
-4.86459 -2.4952
-10.8232 -3.7464
0.7286 -3.3404
-1.02759 -4.3433
-16.8749 0.3906
-5.00382 -5.3127
-5.71105 -1.6551
-6.7136 -6.5566
2.4833 -3.6675
0.5481 -2.3829
-26.115 -0.1858
-7.05825 -25.437
-7.20659 0.8541
-4.72016 0.3734
-8.26217 5.17668
-10.118 -6.9753
2.8428 5.30162
5.6508 -10.9548
-25.7308 -0.6811
-8.63523 -5.6342
-2.80795 -3.114
-24.0073 -3.5111
0.6963 4.3388
-7.66918 5.16655
-0.17251 3.4136
1.4333 -8.468
8.6613 3.8622
-0.48459 -2.5964
-46.5434 2.734
-7.98846 -6.2863
2.1473 -1.3084
-3.22432 -2.0056
1.3612 -0.1523
-3.85356 2.2752
-13.0375 -9.3522
-27.5074 -3.2011
3.1782 2.3786
2.3974 -3.8137
0.8584 3.4653
-16.2301 0.1246
13.6922 -8.5752
-2.92293 -0.7169
-6.75275 0.1192
-2.52081 -1.7062
-2.92049 -2.6077
2.1777 0.4057
-2.46724 -5.1066
-6.30833 -0.6518
2.9886 -6.138
-3.13637 -3.356
-8.49604 -8.0283
-8.24062 3.0894
-4.48674 -2.0128
1.2193 -44.5406
0.2662 -4.2385
3.3102 -4.0791
-10.0759 0.2878
0.3104 4.4085
-5.5445 -1.7055
-1.61981 -2.9288
-13.6358 -1.7897
7.0963 -3.0959
-7.53108 -2.748
-5.45254 -6.4442
-10.8064 -56.9637
-0.67872 3.6633
-2.89739 -0.7217
-2.65857 -3.974
-11.1307 0.1089
-1.02719 -0.8495
-2.75614 -0.821
2.7603 -6.6397
-4.86592 0.8864
5.3863 -0.6954
1.1475 -1.4579
0.2687 -4.4515
3.3807 -0.1586
3.6509 -2.7049
2.3295 0.4557
-4.12389 -1.1567
1.3379 3.2073
6.4596 -5.0731
-0.48579 3.9151
-12.9724 -1.8471
-19.8109 -2.917
2.5456 -4.5236
-6.86876 -5.29
-6.32513 -0.5798
1.8537 5.07813
14.7938 -0.214
-12.7802 3.7966
-0.81694 -2.0197
18.3602 -6.6019
-3.5716 -8.2773
23.4816 0.7011
19.4235 -1.434
-30.9853 -1.2012
-5.17176 -1.027
22.2854 2.8929
-2.2904 -6.0378
-3.35964 -6.0095
-10.595 4.8676
-5.30262 -11.0516
-16.9483 -3.1244
0.6166 -9.5333
-1.49903 -0.2656
-0.10415 -20.5723
-12.8214 -1.7757
-6.27717 -0.928
1.488 3.2892
-9.2091 -3.1195
-16.294 -1.8211
-18.6198 -3.2662
-4.85204 -5.55
-17.4904 1.8372
-21.6624 -2.17
-21.2034 5.34444
-17.699 -11.5099
-4.19705 0.7375
-22.1857 -4.9365
2.2362 -3.3256
0.0791 -19.5889
25.3079 -5.8338
-22.3421 -0.5988
5.1894 -19.4246
7.6352 1.3906
2.0544 3.2404
58.4987 2.1919
4.0959 -16.1557
-17.0064 -1.7233
-4.95 6.94881
3.8287 -6.0895
-8.19564 5.4616
18.6717 -4.4405
14.7417 7.20375
-15.7884 0.3146
-4.29461 -3.4396
-3.70908 -3.4877
-36.5405 4.6669
3.4248 1.5378
0.6424 -1.8421
-16.2257 -5.6097
42.6721 4.6129
-2.10102 0.8843
-11.4266 -0.1945
-0.99445 -2.6008
0.5271 0.8007
-2.75578 -4.5292
11.5681 -0.4894
-4.14972 1.1817
10.1848 -2.9673
25.6605 -3.51
-10.419 -2.2011
5.2292 -5.822
-1.5891 -1.449
4.4381 -25.4642
29.0749 -26.2277
-9.47866 5.6265
-5.28858 -8.5785
-7.22932 -13.6368
4.0978 -3.5481
-1.94679 -0.9481
8.1401 -2.7061
-15.8925 0.8115
38.2492 -1.5056
38.2567 -19.5016
23.4779 -7.5415
59.3573 -5.9453
82.8658 -52.677
41.1981 -9.2906
54.2124 -8.0102
-24.723 -13.6176
-6.39536 -6.9533
-10.9637 0.1759
55.8983 -18.1039
19.0528 -24.1166
76.3746 -1.2516
-9.422 -17.478
57.3229 -2.8506
12.9941 -13.1754
26.6495 -5.7975
69.8294 -3.7807
85.3637 -1.7351
91.164 -18.7472
0.4279 -0.1905
-28.4094 -3.434
-13.8417 -7.8527
-9.39615 -6.7847
91.344 -0.6131
77.6855 0.416
29.2392 0.195
8.3529 -3.2944
-3.718 -18.6971
16.8952 -11.3066
32.2391 -3.7341
58.9429 -21.5532
64.6722 -14.4747
88.5493 -5.6281
5.1582 -4.7175
19.5791 -1.9559
-5.96091 -18.9381
17.4361 -8.3638
11.5549 -14.1296
32.5223 -25.5115
78.5528 -2.0539
34.6968 -2.6444
26.0219 -5.9244
17.5575 -1.3408
52.4848 -12.151
22.0149 -4.3463
3.9041 -8.7101
-2.14792 -0.9738
-1.92938 -0.4356
23.4485 -18.7573
1.1431 -0.3617
21.2329 -8.9317
128.897 -11.4994
16.0067 -2.8253
-36.4952 -7.2106
-34.9688 -10.1953
41.2648 -5.9147
38.7472 -19.0225
-0.71333 -0.905
85.3631 -1.9683
63.3576 -42.4498
-102.18 -0.3845
-19.2842 0.7291
-6.09255 -0.1572
-24.0437 -0.4884
-29.5562 -0.0094
-10.6519 -2.9606
-27.6354 0.6624
-7.18234 -0.237
-5.02878 0.1162
-10.6659 -2.1581
-11.5909 -0.1305
-15.4303 -2.3319
-5.9689 -1.9629
-12.0719 0.9821
-27.6794 -2.6308
-95.8589 -0.2015
-13.8397 -1.3308
-21.8268 -2.9915
-36.6882 1.2466
-15.2381 -5.122
-18.949 -8.4103
-14.7962 0.3718
-4.1516 -0.9647
-105.822 -1.1027
-44.7802 -0.866
-39.8035 0.4679
-34.9537 -3.6204
-24.453 0.6769
-40.785 0.0107
-27.589 -1.9787
-28.7498 -2.0561
-78.673 -3.321
-14.5837 -7.305
-22.6398 0.0808
-15.8264 -0.3625
-26.4743 -1.9079
-22.6482 -0.4961
-45.035 -2.3674
-19.0329 1.5508
-59.724 -1.4935
-13.2982 -0.1298
-9.71354 -0.2992
-13.768 -0.367
-26.984 -2.924
-8.94836 -0.6502
-47.7687 0.8319
-161.635 -2.8896
-40.0438 0.0635
-67.1414 -0.2899
-10.3822 -10.304
-13.1127 -7.3916
-14.7257 0.1205
-68.4449 0.2594
-35.1685 -1.7204
-11.0131 -0.7691
-95.5207 -0.3265
-22.1079 -1.7643
-39.7542 -0.4771
-9.64226 0.9698
-38.3011 -0.8239
-37.7945 -0.2075
-12.9632 0.5943
-29.8875 -2.0476
-85.4104 -1.5603
-14.597 -4.2377
-107.417 -5.533
-12.4348 0.087
-78.7768 -1.2075
-6.41144 -2.3782
-37.4875 1.4625
-14.8745 -4.9549
-44.041 -2.5421
-31.4529 -8.467
-17.2688 0.3513
-6.044 -4.1516
-46.5281 -0.2285
-14.7443 -0.664
-42.5367 -5.2985
-19.7416 -13.02
-7.48753 -3.1145
-20.4614 -10.6456
-34.7432 -0.1718
-18.889 -4.819
-19.6682 -3.5898
-31.9534 -0.4043
-40.5303 -2.265
-23.1063 -0.371
-25.1262 0.4479
-33.1887 -2.2815
-51.6387 -6.265
-16.2873 -12.3901
-30.5717 0.3488
-31.3749 -5.0801
-7.8692 0.3666
-17.8278 -4.0225
-24.5294 -18.9465
-9.10673 0.9918
-39.9173 0.1275
-64.6506 -7.1392
-11.432 -0.7815
-48.4222 -11.6254
-27.6029 -8.2035
-3.7147 -3.4587
-56.1926 -2.3167
-8.59695 -3.4015
-58.9967 -6.4584
-105.454 -5.1025
-18.0296 -0.2123
-12.1177 -2.6249
-20.7224 -0.1075
-14.5282 -0.9321
-21.2085 -6.2315
-29.1844 -0.7778
0.4297 -3.3202
-12.6733 -1.5147
-29.9086 -0.8758
-17.4585 -1.0822
-32.8582 -1.7539
-18.9542 1.6274
-18.8543 -4.1041
-10.2898 -0.0502
-5.27472 -1.4757
-22.4623 -2.0695
-22.8965 -3.1188
-37.6281 -0.8994
-36.601 -4.577
-46.8839 -12.3285
-10.1664 -3.9735
-15.1732 -4.602
-7.31051 -0.4281
-11.6313 -3.2503
-5.34285 -0.3941
-9.62117 1.1421
-11.5296 -1.2949
-40.5561 -3.749
-3.48405 -2.8658
-64.5702 -0.6824
-70.118 -1.5356
-10.1094 -11.7997
-10.5801 -7.0729
-3.10364 -7.8601
-3.03055 -3.5358
-37.208 -4.1025
-36.1609 -8.8756
-14.5595 -2.6286
-9.27087 -3.6841
-28.3481 -3.1779
-30.8852 -0.7027
-13.3803 -9.2285
0.1516 -2.5533
-70.1774 -3.716
-34.506 -5.096
-38.9306 -0.5865
-38.8515 -6.6968
-34.2357 -6.1127
-8.94925 -3.4115
-74.79 -0.9366
-24.5113 -1.6728
-60.3482 -2.4669
-27.8892 -2.8095
-10.9973 -0.1485
-14.8859 -0.4796
-42.8269 -1.1219
-36.6596 -8.2003
-45.8954 -1.7771
-108.058 -5.0538
-72.9956 -0.324
-31.0797 -0.7996
-16.4684 -3.2733
-24.7742 -2.6822
-13.4568 -0.8307
-50.3219 -5.7001
-35.9288 -3.3744
-25.9715 -3.5058
-49.9872 0.8432
-8.8181 -2.5554
-5.79275 -10.5205
-27.9748 -2.2752
-23.7836 -7.311
-58.3537 -1.9206
-12.8119 -2.1411
-29.263 -1.7787
-30.1324 -0.2661
-10.6229 -1.975
-9.5054 -0.0511
-95.3893 -2.178
-73.918 -2.5274
-11.877 -3.636
-14.5641 -3.1896
-5.05164 -6.687
-5.11955 -1.29
-1.73874 -10.1913
-26.8839 -1.2903
-12.6484 -1.5511
-27.3343 0.3813
-39.7784 -6.4389
-21.9747 -3.9159
0.49 -1.7961
-23.6136 0.1369
-9.02112 -2.7092
-9.80664 -29.7788
-64.2409 -22.4736
-6.83455 -13.9101
-12.7197 -26.5368
36.3601 -20.6627
-13.3599 -17.6082
-62.9618 -29.3512
5.2613 -23.2506
-68.0519 -13.4999
-52.1664 -18.2397
1.182 -20.6686
-157.708 -21.1534
-10.0581 -20.422
-13.4765 -20.6838
-10.9062 -11.5986
-21.353 -13.1968
-73.2644 -20.6
28.5254 -17.7495
-17.216 -18.0919
-20.3102 -18.1912
-52.4604 -27.031
-16.1324 -12.4428
-10.5801 -19.612
30.6128 -16.6242
-32.4014 -15.3568
-72.4438 -24.599
-49.0444 -13.0145
-31.3023 -18.291
-75.9008 -19.9692
-10.2597 -18.9643
63.1441 -34.4165
5.456 -15.7899
-21.2896 -16.5491
-34.5167 -32.3869
-45.9049 -12.1934
-16.573 -12.1015
-8.99033 -19.3408
-4.17355 -21.8598
-33.9464 -23.362
12.9007 -17.3323
-46.2086 -17.5117
-49.0179 -27.3554
65.8144 -18.0876
-10.0606 -15.0974
-13.1756 -16.7884
15.2542 -21.5305
-19.8931 -19.8846
-2.52413 -17.424
-11.3827 -27.182
-20.2206 -19.8858
-20.0625 -20.8894
8.7601 -22.175
-26.6065 -25.9551
-3.212 -24.864
-21.2982 -17.4484
-16.9342 -17.2005
-38.945 -22.419
-97.0577 -18.3695
-28.3922 -15.7499
31.6844 -16.9765
-11.4031 -14.2365
18.9825 -26.3041
-14.7562 -11.1007
-40.4357 -19.6842
-9.1119 -15.11
11.8254 -19.494
-29.423 -14.7369
-51.9818 -15.568
12.718 -20.7302
-8.6572 -15.3259
-52.9813 -56.301
17.1535 -17.025
-62.2254 -15.4835
-10.1337 -16.3824
21.596 -32.8472
-17.1608 -29.9728
-96.7837 -18.7275
-45.85 -17.099
28.7743 -15.8674
5.8716 -26.9708
-11.3998 -18.7686
-31.3441 -20.2923
-7.46825 -19.1829
5.0981 -24.0605
-28.6502 -15.9495
-8.64694 -20.0993
-36.544 -22.0234
-8.28768 -23.8935
-29.5692 -20.4811
-28.4276 -19.1214
-57.6137 -20.8735
25.5455 -28.3091
23.2464 -19.0167
-1.4076 -23.7632
-39.6769 -20.7902
-33.5333 -16.9398
-19.674 -18.9192
-25.2062 -18.6394
-55.8877 -22.7801
28.2713 -15.865
5.6581 -9.1797
8.8194 -0.281
4.4785 -9.2265
0.3407 0.9604
1.5407 2.0305
3.9627 7.58957
0.3514 -4.5887
0.3505 5.80582
4.0871 5.32443
6.8838 7.37425
2.9515 3.0115
3.8038 7.66009
2.9366 1.2972
3.8857 -0.5297
0.3984 7.32305
0.3673 5.45737
0.4101 0.1307
0.0305 -4.1675
4.6462 8.04987
5.6899 -35.0787
3.122 3.9824
7.1091 5.06968
1.9171 0.6544
6.9289 1.6547
0.3661 2.4376
4.4166 8.68544
2.1686 -1.0168
-4.26121 1.2728
8.4745 2.8552
2.8407 1.7173
7.844 7.36293
7.8336 -0.1633
0.8894 -11.0276
6.906 2.1716
0.3859 2.3364
2.8734 13.3463
0.5246 -4.3843
4.8744 -5.1168
2.1094 0.266
0.2747 3.8439
1.385 -6.5985
0.3785 0.6724
3.2111 8.31807
0.3915 -0.086
0.1964 6.28794
0.7346 -0.0475
0.1619 -1.1921
-6.26456 -0.2337
3.1385 1.8273
4.6453 6.55544
3.5568 -0.6
6.7612 2.5978
0.1424 -4.5967
4.8333 0.598
0.3787 1.8204
1.0104 -14.5773
4.1566 6.79563
0.3609 5.97819
5.1285 2.5588
2.8271 0.9641
0.278 1.4255
0.3544 -2.2694
0.5765 -0.3277
3.1713 1.6374
1.8797 -2.7312
3.0811 0.3109
2.9022 -4.5724
3.7198 8.96118
1.4025 0.8468
-5.71949 -4.2598
3.22 -2.9437
0.5575 1.2265
0.6869 2.5161
2.8319 0.8189
0.2807 12.4597
0.3905 -6.0016
5.4292 -5.0401
1.0077 2.7878
9.0176 4.5554
0.364 3.4947
3.6233 3.6213
0.3861 2.4631
1.5437 -4.1499
1.1423 -0.321
0.3605 1.8402
4.6603 0.889
0.3379 0.3541
-1.06862 -0.2926
3.4099 -8.3164
0.3882 -17.8244
2.3195 0.3246
-8.29255 3.4346
5.882 3.7107
0.9395 5.49275
1.0635 5.22762
1.1406 1.9672
3.7477 -0.4246
9.8939 3.6282
1.0771 2.0489
9.9965 2.0957
13.1109 0.3285
13.2547 3.1682
13.9179 3.4059
9.2262 0.9068
6.07 0.9719
9.4517 1.742
23.6533 8.01532
6.912 2.0256
5.9902 -1.5314
1.0102 10.6952
11.5678 -4.0948
1.3491 2.0161
11.3938 7.7295
11.421 2.2188
2.7466 -3.4571
-2.93558 0.0115
18.3002 4.502
2.8692 2.2444
1.0785 -0.6498
12.5822 3.2651
1.0533 1.4172
4.0935 -0.8257
4.9568 2.4615
8.9717 0.1928
28.9325 5.01269
15.3458 3.5403
14.6659 3.0243
4.3761 2.4617
1.1285 6.011
41.9637 8.12175
1.1441 0.9575
2.5959 3.3674
1.7627 -3.1398
9.6725 1.0671
30.89 2.4451
16.303 3.2513
13.6909 -3.1407
33.2342 3.5442
1.0469 -1.0089
1.2182 -1.1397
1.1348 -2.5316
10.3723 3.66
7.8852 7.30837
14.5779 -3.6437
16.6857 0.0046
1.1028 2.2669
5.1883 1.8246
1.1514 0.8443
1.0111 4.3672
17.3186 5.96131
10.8038 2.919
15.6673 0.4343
1.8942 1.4911
4.116 8.08694
1.4537 -2.4565
-0.79331 -4.0892
7.7587 0.5514
2.1856 1.0755
15.9123 1.5122
19.9583 5.09606
1.0982 4.5541
9.7673 -3.4616
3.9373 -4.1027
3.2014 2.8978
12.9828 -4.534
21.9304 3.1691
1.5062 -3.6755
1.0342 -0.8957
26.7626 0.3604
18.5923 4.0378
6.6782 -29.9829
23.1873 2.2247
1.1475 -0.4923
29.9714 6.93831
4.1631 -3.5727
-10.086 -1.1842
7.2276 -4.7489
13.9829 1.2412
11.5341 0.1433
2.98 -1.8603
1.1434 1.9162
17.137 -4.3273
18.3504 5.12345
45.5468 1.2581
42.1812 -5.4016
43.8931 -2.4925
3.3656 -11.3052
55.7845 -19.7853
7.7638 -3.858
65.9385 -0.9109
71.911 -37.5061
54.9225 -0.5086
3.4976 -8.3239
35.3476 -16.7975
-1.65383 -3.9174
62.918 -3.2012
88.1225 -16.6229
22.3643 -1.8846
43.087 -0.8393
76.7735 -15.5346
3.2523 1.1606
3.8572 -20.241
4.4268 -1.4543
3.7016 -2.4136
58.7047 -5.7302
9.3138 -3.0712
21.496 -26.3613
3.2402 -12.5602
3.6339 -11.0305
84.9575 -0.1891
7.7159 -14.4659
3.644 -20.9765
44.5904 -10.7523
65.0195 -0.7381
18.1511 -9.4264
64.045 -6.5621
32.9214 -18.8631
45.2647 -3.2918
70.1336 -1.1858
61.8225 -1.9789
30.7108 -22.9689
-11.1359 3.1779
-6.84383 2.9975
3.1614 0.722
3.9736 2.7148
5.18 3.9335
1.2366 3.3346
-2.99797 3.5844
-3.1516 -0.5758
0.3853 4.4257
5.603 3.2323
-1.00136 4.6171
-9.05725 5.23454
-84.3909 2.4095
-0.36875 3.3863
5.7807 2.2607
2.653 1.7082
-6.6078 2.6703
-6.44307 3.6373
7.7064 2.4282
-5.52102 4.016
5.6298 2.8511
8.2381 3.3544
-0.14302 1.9629
-5.65038 3.7161
-7.61949 4.495
-1.03023 4.8769
3.6013 3.5871
0.7096 2.8803
2.7436 3.4924
4.1368 -0.4393
-8.71292 1.9785
3.1978 2.8303
5.0766 2.314
-3.42537 3.8944
-4.30485 4.9579
5.4572 3.0462
6.2036 2.6313
-1.90213 5.45018
-2.00046 1.6014
1.7493 3.2055
-7.12096 1.6522
-7.11916 4.704
-0.14655 1.4939
1.1751 3.4506
0.8257 3.4392
-3.98755 3.2597
-5.9899 5.49852
-1.20141 3.3527
1.7282 2.9172
-4.94542 4.1386
3.0365 2.5015
-3.24816 3.6321
-1.75691 -0.0426
-12.7855 5.10068
3.9696 4.0197
-7.50357 2.2334
-4.28382 2.8636
4.1948 4.1349
-3.02878 3.533
-70.0016 3.4324
8.8249 2.7834
-2.0911 4.189
0.1631 4.0311
-4.17582 3.8117
-3.75022 2.6796
1.0196 4.4091
2.5451 5.17715
4.189 2.9979
-1.72152 2.6109
-3.7305 3.3908
-1.08878 3.9066
1.7774 2.6913
2.6421 5.16548
0.6833 4.0992
-6.04139 4.6702
-16.3341 4.7538
-2.37144 3.6659
-11.7985 1.5437
-6.58667 4.2476
-2.68553 3.1057
-7.54248 6.2523
-4.30157 4.7305
2.5509 3.8316
-2.01635 3.54
-4.13828 4.0086
0.5116 3.8745
2.09 2.7964
5.1342 3.3993
-7.04005 2.439
7.1881 2.3285
4.1456 2.508
-4.13871 3.5971
1.2238 3.9597
-3.1892 4.6105
-2.89893 3.0009
6.3249 2.6154
-6.33795 3.091
-0.40021 3.819
2.0146 3.6861
5.0787 0.94
8.45 -1.0049
4.9964 0.7068
4.7471 -2.3326
2.5601 -0.9863
3.5173 -1.4373
22.4794 -6.1027
14.6282 -1.6244
3.8697 -2.5822
1.6813 -2.0968
-11.898 -0.306
8.5025 2.41
6.1055 -2.3545
-2.21644 -6.0453
16.8545 -4.782
1.0922 -0.2995
6.9604 0.1362
6.5258 -1.4933
15.8192 -3.001
2.718 1.7969
7.1608 -2.5329
2.5571 1.3657
16.9632 2.5069
1.1675 -0.9196
3.0516 -0.0467
-46.0224 -1.506
-16.9995 -3.9919
-11.8185 -3.5013
10.5492 -0.2068
-4.65291 0.7575
5.9202 -0.3471
-3.63359 0.0824
-4.2343 -0.5176
17.9737 -1.6134
-2.17129 2.2435
-1.51252 -2.7252
21.9189 0.8679
3.9045 -5.2167
-5.54301 0.4345
1.1695 1.8952
5.202 -3.2697
7.9278 0.6041
3.1547 -2.9758
-19.699 -2.8134
0.3614 -1.151
10.5875 -2.8053
1.3944 1.2239
1.4688 -1.7034
5.2388 -5.0342
1.4748 1.5049
-4.513 1.9425
2.461 -1.755
2.4917 2.1204
-3.98878 1.1807
1.9144 -0.7768
1.6083 0.0965
-0.43566 2.3614
-0.91293 2.0353
-6.8927 -1.1447
13.0281 -0.0912
0.9654 -1.674
-4.29216 -1.1262
1.3614 1.3102
11.0855 -1.6291
6.9374 -1.1638
-6.24419 1.0002
-5.04669 -1.455
-4.00217 -2.48
-11.9817 -6.0014
2.1538 0.1737
5.954 0.8653
4.8308 -2.1249
1.3043 0.3142
4.6882 0.6738
-11.8951 -1.4578
-8.3045 0.9836
-4.98198 -1.8932
-1.93537 1.0737
0.8325 1.2108
3.8843 0.6572
0.3622 -0.792
3.2434 1.2148
6.2869 -2.9961
7.211 1.4884
-9.18849 -2.1934
5.7315 -3.5898
8.1755 0.4077
1.8938 0.9383
1.8576 -1.3808
10.704 2.4151
15.8297 0.2654
8.5547 -0.3508
9.0933 1.5661
10.6054 -0.9512
5.1184 0.0365
-2.7445 -1.029
8.1754 0.2271
15.2247 0.296
-4.64212 -2.5602
1.6871 -3.3287
-2.40481 -1.7691
78.0063 -17.3858
9.4209 -16.4948
3.8171 -29.531
4.4864 -23.3205
39.5939 -27.8676
3.8662 -16.4162
98.745 -23.3105
76.7459 -24.6892
19.2425 -23.5754
45.1688 -13.232
19.2375 -15.5894
17.3858 -19.9995
-0.00981 -18.7013
24.4376 -13.5005
25.7897 -15.7651
23.0348 -20.1766
6.519 -23.2523
12.1503 -6.4679
133.649 -34.1202
29.0552 -19.2203
47.6578 -25.9316
3.6224 -16.5549
20.3333 -19.9068
27.7396 -51.3586
26.4151 -22.6397
8.4766 -18.3448
38.2457 -18.6285
25.3591 -24.2592
20.673 -23.8264
26.9599 -17.553
2.9523 -18.8125
32.4338 -15.7939
-6.96625 -17.0717
57.7378 -19.9039
-5.16033 -18.0457
13.3753 -15.922
12.9556 -45.6683
31.3188 -23.4065
-5.53931 -14.846
0.5149 -8.4759
56.1791 -19.549
57.9436 -22.069
35.3846 -25.9224
-12.5747 -15.2618
9.5024 -22.6596
19.7379 -34.2301
14.9535 -15.9028
4.3462 -17.601
3.5542 -17.6479
-20.0506 -39.4701
-6.78549 -17.6651
44.748 -10.4427
87.76 -15.749
-27.8222 -21.563
127.93 -8.7719
27.9465 -20.6003
27.8044 -26.025
2.7279 -30.2981
-5.75453 -18.5382
38.5418 -24.2698
11.0842 -29.8122
16.08 -25.1509
95.268 -29.8779
-6.11877 -28.06
8.8222 -22.359
67.5195 -25.2845
15.9034 -20.5985
-5.31506 -19.8899
-6.13058 -19.3843
1.0896 -18.275
70.0763 -20.7108
45.9684 -14.952
3.4383 -34.0446
52.9634 -16.7096
45.079 -19.7062
10.7712 -21.8654
61.2032 -20.2335
2.4491 -13.8225
12.2447 -17.013
69.9002 -19.2237
85.3115 -35.249
115.013 -20.776
51.9093 -17.8765
30.311 -16.7242
16.5052 -23.1838
52.3681 -31.3384
47.3991 -26.1254
57.297 -18.6414
0.4849 -31.7412
4.5536 -18.9853
11.1094 -14.6611
23.6198 -24.8029
-2.57659 -17.1715
37.8291 -21.1658
-1.26138 -13.9223
3.3148 -31.117
-4.59081 2.8285
-7.46652 -0.9579
-1.26295 1.1032
0.0523 -3.6791
6.5694 5.76925
0.7433 -4.1937
0.1009 5.96921
-2.4983 -0.8429
-8.16014 -2.7144
2.3312 -20.928
0.4186 -9.6248
-3.97718 -0.8123
-6.38521 5.15301
-12.6779 5.65013
-6.42687 -4.2829
2.0721 13.4116
2.743 -0.9197
-0.1867 3.7246
-6.23344 -2.6123
1.1426 -6.5253
8.9205 -1.1065
-2.73409 -0.5195
-0.33688 4.7685
6.3588 -6.6231
6.3834 -0.8169
0.3257 2.3621
-3.0982 2.0469
-1.06514 -8.4688
-18.0777 -0.1602
0.6142 5.52637
-6.49388 0.5332
-8.72169 -2.3608
-14.9975 -0.4264
-1.80099 -7.0832
-15.06 -0.0831
2.471 -3.6033
0.4176 2.7588
4.0753 2.7716
-5.61259 -8.5183
-3.18419 -0.4381
-1.54115 -3.1331
2.3786 -5.0705
0.2704 3.7547
0.4993 -7.1734
-2.16373 -0.6308
-4.86243 0.4328
0.3213 -0.2431
-8.9478 -3.667
-5.84187 -6.0618
-1.18093 1.2016
-7.31467 -0.8426
-8.18738 -0.5023
-1.78534 -2.1662
-6.13395 -2.0426
3.2901 3.7446
-5.05109 -6.5906
-15.7975 -4.4432
5.5227 -2.8017
-5.01285 -2.045
-3.26242 -1.328
-4.00551 4.3413
3.6131 -0.9603
-5.56788 -5.1867
12.5293 -14.9832
-2.09912 3.0785
-35.24 1.6797
0.0242 5.08312
2.8969 4.7921
-2.41655 -1.0459
6.0329 -10.6684
-7.36659 4.2632
0.7806 -3.7933
-18.8059 -3.1547
-8.92937 -2.8383
-4.00735 -0.4826
-8.17935 -4.9791
-11.0914 -0.3533
5.4312 -0.9843
8.4363 3.8978
-0.17346 -8.4112
-24.3803 -10.0264
-0.2839 -1.0272
-15.2051 -1.655
-12.812 -2.5079
4.0875 3.8276
-7.96541 -4.523
0.3826 -4.8124
-6.48972 -0.1565
-5.49465 -1.8013
0.071 -9.995
11.3899 -2.7407
-7.03818 -2.5975
3.2237 -1.3254
10.068 -3.5375
10.8546 -0.293
1.8899 5.40893
-11.2011 -0.374
-13.1295 -7.6379
-3.47095 4.8436
0.4621 -4.1377
-0.23912 -6.7178
0.0669 0.0993
0.3146 -3.2112
6.8077 -0.501
-5.84941 -0.8981
-17.5509 -1.834
9.2227 -3.5242
0.4888 -6.0723
31.3028 4.0841
0.0248 -1.9479
23.0591 -6.2551
-8.09293 -2.4686
-0.65959 -0.1911
-25.6013 -1.7681
-4.22309 -1.7988
3.6909 -0.4243
-10.6093 -2.1749
-5.8917 0.5235
6.5788 -4.6448
9.3005 -13.7414
-9.70642 -1.8149
20.4974 -4.3595
0.6288 -2.8972
7.3754 -0.774
6.2019 -1.475
-3.29065 -3.1078
-0.64964 0.0772
20.4396 -4.2398
-13.9144 0.8893
0.5076 0.9137
-15.8066 -0.713
5.2776 -0.4382
-9.54396 -1.604
-13.1895 -2.373
16.1168 2.3919
-0.91953 -2.0376
8.3894 -6.2051
21.4002 6.16981
-3.92194 -1.6098
11.5308 -0.5402
4.2647 -2.2129
-11.1934 -0.5827
-16.4339 -3.5615
-7.40761 0.5367
-3.51896 -16.5009
15.517 -5.9957
36.0788 3.2591
-4.73024 -1.0082
4.4064 -4.9607
9.6591 2.1791
11.2971 6.59088
9.2482 4.1867
8.816 -2.3892
-25.1468 -4.1096
-2.73716 1.0767
6.1917 -1.8298
-4.69484 0.9774
1.6692 -2.7041
10.9812 -2.4263
-11.4353 2.0853
9.4207 -5.3364
-7.56278 -5.8994
-16.1209 1.6497
4.7481 -2.9516
-10.7512 -4.1476
7.2469 3.1672
-0.85255 3.6355
0.8505 0.521
9.7106 2.6571
-5.84985 -3.593
2.0758 -0.543
11.1201 -2.0531
7.1847 -1.8837
6.1804 -3.2304
10.2517 -0.5716
-1.49117 -4.4295
-9.29073 2.3107
21.5191 -8.4265
2.1121 -3.8854
5.8411 2.3564
-7.73254 -5.5498
-26.3999 -1.6607
4.0245 -3.6695
-1.75231 1.4051
105.255 -12.2548
7.3127 -13.8511
2.5424 -2.875
59.4511 -15.6363
56.5559 -12.7178
122.649 0.9894
78.7361 -2.7803
-4.4892 -1.1911
35.8225 -5.0172
12.135 -24.501
-3.86906 -3.2648
-1.08148 -0.3806
22.3997 -21.752
-10.098 -18.0461
14.7247 -6.7168
5.3379 -3.1721
118.257 0.2775
14.6431 0.6431
92.348 -0.475
87.1421 1.52
92.819 -5.6823
18.3677 -3.8798
4.3282 -11.8767
23.1696 -1.0637
11.513 -1.8172
16.6414 -17.2364
68.5965 -0.8888
-1.18284 -15.0917
124.73 0.8556
11.6344 -0.8777
69.6008 -0.228
26.1279 -0.6048
60.4843 -22.1469
-3.31707 -16.665
32.853 -9.9127
24.0368 -10.0678
139.925 -1.8156
58.7006 -3.9989
45.1515 -4.7411
13.4726 -1.3388
10.7168 -14.239
3.2626 -38.321
3.2583 -3.6425
-24.3278 -1.8927
-1.32187 -2.3605
-30.1569 -0.4765
-11.9259 1.2605
-10.5805 1.0608
-12.6185 0.1878
-11.574 -2.5652
-15.0991 1.4788
-12.7668 -1.2326
-87.0978 0.4088
-22.2276 -1.2374
-41.905 1.7896
-62.2394 1.0672
-63.5074 -1.755
-50.1092 1.2358
-11.5848 1.0372
-11.6717 -1.5833
-23.0535 1.3684
-17.1283 -6.796
-31.8074 0.9806
-31.5548 -0.165
-19.8468 1.658
-31.5633 1.0804
-6.98217 -1.9462
-8.51199 -0.7825
-58.1921 -2.823
-10.566 -5.4892
-33.7507 0.268
-18.6599 0.641
-38.0643 1.1837
-12.6857 0.0647
-18.6186 -0.7345
-11.5767 1.8392
-12.6416 -1.1095
-5.40237 -2.4024
-8.86014 1.3272
-14.3108 0.4589
-27.5016 1.6694
-100.965 0.5332
-15.7257 -3.7557
-14.7211 1.0521
-9.25466 0.7647
-7.73563 -2.636
-16.1029 0.0508
-8.72951 1.0918
-17.7289 0.0056
-20.3072 -1.2248
-9.67507 0.6388
-44.9556 -0.147
-38.0649 0.3238
-7.37402 1.702
-13.2061 0.747
-12.4231 0.4479
-14.7517 -3.5057
-38.9847 -0.7556
-11.2675 -8.157
-9.45749 -3.9854
-21.1072 1.1428
-49.6386 -4.4611
-26.7146 0.1141
-39.9356 -0.2992
-9.84038 -0.5477
-48.3667 -0.6772
-8.98096 -5.0583
-54.138 1.3043
-41.3393 0.5146
-38.4428 0.8133
-12.2361 1.6
-14.0058 0.5942
-37.191 0.3871
-27.1536 0.7745
-14.5462 -0.1393
-37.9487 2.0322
-12.7878 0.723
-42.5063 0.0371
-13.5217 0.4508
-6.11084 -0.874
-35.0651 0.1177
-11.8261 -0.2636
-20.2351 0.3619
-15.0061 -5.2755
-37.5243 -4.7512
-33.9777 0.6944
-76.9596 -0.0365
-13.6103 0.2137
-14.1786 1.001
-65.3738 -0.5358
-44.8435 -2.144
-19.494 -4.2304
-52.1518 0.1733
-7.45144 -6.8545
-50.8725 -1.5021
-45.3018 -0.9501
-6.81724 -3.366
-92.8966 -5.197
-18.222 1.0172
-11.182 0.0098
-25.4613 0.9037
-14.4721 1.1305
-60.8283 -0.5755
-7.64824 1.0476
-16.1445 -0.1883
-8.7582 -5.3025
-37.1065 0.4553
-24.3554 -2.2646
-14.6146 -1.5158
-10.2402 -10.8466
-29.127 -1.478
-2.4695 -2.3233
-4.8961 0.925
-30.7491 0.6847
-60.7579 -1.4214
-10.5137 -1.5701
-10.1482 -2.9824
-192.421 -13.9278
-36.8521 1.2614
-46.3785 -0.6038
-24.0706 -3.0153
-1.31 -2.1645
-65.2945 -2.0102
-54.8881 -1.2733
-5.0959 0.726
-37.635 -5.4871
-13.0768 0.4072
1.1695 -1.2914
-8.86106 -1.8315
-51.3363 -1.679
-23.8776 -6.0361
-6.30394 -1.9087
-82.3482 -0.8825
-12.7219 0.0202
1.6178 0.0101
-10.9478 -6.4455
-14.8919 -3.1465
-29.5739 0.0205
-14.859 -1.2058
-33.3028 0.1315
-12.8023 -3.4076
-21.0804 -0.0785
-20.1014 -1.1016
-17.9657 0.174
-28.9758 -1.3353
-77.1164 -7.1981
-22.9837 -1.3226
-24.6291 0.168
-8.92545 -2.9574
-19.1979 -8.8596
-34.4788 -1.1974
-38.0614 -0.5281
-14.511 -0.2228
-20.2138 -1.9779
-9.52474 -1.979
-46.0542 -2.2171
-54.0503 -2.8937
1.578 -3.6165
-7.41454 -1.3592
-21.3988 -0.1381
-12.2996 -0.0223
-10.7187 0.844
-15.5103 -1.2914
-16.5144 0.2447
-16.7276 0.0537
-3.87584 -0.2563
-27.8999 -0.9783
-82.8781 -4.03
-11.0779 -0.8491
-63.5689 -13.3817
-15.6938 -0.4394
-44.015 -4.1296
-66.2675 -2.3132
-16.2503 -3.6831
-56.4004 -1.19
-2.74595 -2.4119
-6.03483 -1.797
-66.6857 -5.2742
-12.3326 -3.1787
-17.2229 -0.2028
-15.9982 -4.3914
-14.6367 -1.481
-27.3933 -4.5903
-7.5915 -2.2197
-4.37439 -0.7499
-48.9404 -7.6917
-17.9777 -7.5964
-50.2221 -0.7492
-8.72365 -5.2906
-11.1789 0.8366
-38.622 -2.1947
-96.411 -1.254
-26.4357 -5.4843
-24.2366 0.4054
-23.3059 -2.1346
-15.7169 0.0308
-31.0716 -0.5328
-8.6842 -0.1633
-58.0416 -0.2484
-12.3066 -1.7914
-12.2753 -5.1088
-13.1303 0.7567
-12.7031 -0.3405
-36.3388 -0.2952
-38.412 0.2238
7.0643 -14.7855
1.4017 -17.9901
-0.0345 -17.412
-6.5918 -16.3813
-10.783 -17.692
62.9604 -12.5725
7.6695 -16.6931
-37.4828 -17.6795
-58.032 -15.9915
-64.9718 -27.6028
-52.5289 -20.4075
3.3469 -20.6723
-51.8002 -24.7013
-22.0216 -1.1356
52.1911 -37.4774
31.1789 -19.6981
-26.1179 -18.7562
-10.8081 -24.4425
-6.1233 -16.8409
4.2122 -14.7112
-2.1124 -19.4079
-125.374 -18.011
-7.3078 -20.0998
-25.8042 -15.0291
-0.9291 -18.2468
-15.4736 -14.9877
-5.90177 -28.2869
-34.8405 -18.3965
3.4224 -20.8165
-11.0409 -20.34
-14.6124 -21.7388
12.3919 -22.5963
-21.7113 -15.5325
-12.8919 -15.74
-10.5715 -3.7356
2.4705 -18.8308
-12.4138 -20.6266
-2.90025 -18.2655
-1.76485 -16.5841
-7.1641 -14.6103
-44.1213 -12.446
2.9122 -20.9364
37.4009 -38.1412
2.7294 -14.449
-2.96227 -14.4912
-0.7208 -26.0804
-14.1092 -17.4135
41.6677 -6.1739
15.8562 -20.7404
2.9196 -21.4192
26.6838 -18.6075
-25.5802 -14.3964
-9.3856 -28.6548
9.2445 -11.0745
-12.1298 -20.5525
-12.364 -16.0308
2.1135 -16.678
-1.37195 -41.3706
7.0013 -11.0537
26.5137 -15.2092
66.6609 -6.5
-23.7955 -14.2506
-3.98795 -17.2966
4.2897 -14.4253
2.4057 -21.9338
-0.42 -20.4965
13.0485 -24.573
-30.8229 -23.598
18.9646 -19.1684
-5.9353 -28.1607
18.1986 -24.1249
-74.5268 -18.8455
35.398 -16.2919
8.9702 -12.5886
-31.6039 -17.5861
29.1422 -20.9393
-11.4085 -16.2953
-6.3005 -9.53
-13.6143 -18.823
0.9942 -24.2131
-86.2594 -20.3237
-7.96615 -31.0478
-26.8558 -18.758
-25.6776 -23.9665
-9.03017 -11.4736
-27.7471 -13.4888
97.036 -21.7431
-17.2658 -27.4232
-14.7982 -11.8365
-3.24005 -18.0557
43.5943 -22.2733
-8.96528 -17.4359
-8.7504 -18.392
43.777 -14.6869
2.3646 2.1814
1.349 2.1604
0.4832 5.85093
1.7695 -3.4501
4.1439 5.28781
1.5227 0.134
2.0617 2.5088
1.4931 -1.31
2.933 3.2268
2.3166 4.3409
9.721 8.65205
1.8568 2.6974
9.1784 1.0765
-6.31016 5.63765
3.288 5.90593
1.99 1.3339
8.4991 -16.6833
5.9841 1.1549
0.3681 3.6696
2.3903 3.0316
1.1004 2.6762
0.3849 0.408
7.9856 6.32225
2.1223 3.0677
9.8174 7.44888
-0.252 2.1064
1.4155 0.7824
0.3807 -1.4498
0.6684 -0.5429
0.3826 0.9806
5.6339 -2.6281
0.3659 3.1514
3.5865 2.1769
1.8023 4.4875
3.1898 3.2961
1.2503 7.17075
0.3816 1.6826
0.3196 4.5491
4.9572 0.6761
1.5778 4.3431
4.4791 4.2619
3.3338 1.7319
0.4505 3.8567
0.4036 1.1536
8.4037 4.9586
2.7229 -0.6802
3.5613 3.093
1.194 0.6432
0.414 2.7267
4.9017 0.5465
1.6649 -0.0735
6.4502 6.87318
2.1099 1.5484
4.6103 -10.8833
0.3333 13.4002
0.4179 2.4888
2.7952 -0.6313
0.2127 3.3909
8.5151 3.3345
1.3488 0.2841
7.5323 2.8755
2.1318 2.5412
3.4136 0.4451
2.6533 0.2515
4.7393 3.9138
0.3764 1.9223
7.3691 7.56637
0.3594 4.1061
3.0611 3.587
0.987 3.2713
0.3693 4.1151
0.3626 3.6872
0.8647 8.402
0.3583 4.2292
0.3882 0.9101
3.8903 2.3931
0.7111 7.49632
3.878 -2.3023
12.5434 1.1766
1.7182 -0.9372
2.3344 -2.7936
4.5696 2.2905
5.0724 4.2745
3.9335 0.5446
0.3935 13.3137
-2.57591 -6.7611
0.3913 3.9799
-0.51083 1.721
-0.53788 7.73313
0.4731 1.8651
0.7828 2.5528
3.1992 0.1545
1.6122 3.5385
1.1812 -1.005
-0.78379 7.68875
4.3084 -0.039
3.9592 2.1495
2.0838 1.954
2.877 2.1496
11.6032 4.6156
3.6768 1.0468
1.065 -8.3423
8.2811 -3.7892
-7.01608 0.7512
18.2023 0.2378
42.9515 -0.6035
6.838 1.6306
1.5368 -6.9947
5.8924 3.4857
34.4605 2.0484
9.8023 8.50219
18.7804 2.3608
5.4321 1.5189
25.8178 2.3931
1.0249 2.9325
6.8632 0.0305
3.831 -1.0421
1.1037 -1.0273
2.9371 6.30149
3.1591 2.3711
3.6657 -2.4402
3.2814 4.0459
19.6864 -0.5733
11.5098 0.9743
1.2267 1.642
5.6162 0.7112
15.3386 0.0987
6.9045 3.7209
2.1972 0.383
17.4603 1.4434
3.7858 0.0315
11.9603 5.27325
36.2207 -3.7683
7.6763 5.49678
18.4058 2.0628
0.8607 5.51518
20.4865 5.51525
5.189 2.4909
8.7751 3.4831
7.4371 -0.5312
12.2439 2.413
23.4197 2.8687
4.9899 10.1393
5.5474 2.3288
9.5406 9.43649
4.5086 0.8212
33.1711 6.86706
3.3199 -3.7742
14.8543 -10.9854
5.6506 0.3584
4.3241 0.9496
9.577 -8.9556
10.0867 0.7868
9.5282 7.29565
7.5164 3.7358
44.3829 1.502
11.8259 8.40969
3.7319 1.3738
9.0599 3.4341
0.7405 2.6578
1.0525 8.811
-0.94181 3.4036
15.4054 0.8766
20.1777 -4.3182
3.5001 4.3147
1.0659 3.4336
2.0207 -2.2957
14.1508 2.2269
2.034 2.2195
14.8534 0.5746
5.1193 3.6422
10.4538 7.95307
2.707 3.494
2.6397 2.5641
3.3664 -2.2604
14.1562 1.7734
7.6037 -0.2056
2.4764 -0.6669
12.9744 2.5904
2.035 0.4714
14.4952 1.9864
7.8171 -2.2855
10.0233 4.073
10.009 5.52925
7.7612 2.9081
1.7413 -4.3498
17.9703 -8.6367
3.2007 -14.139
4.9479 -10.73
94.347 -2.0358
77.3789 -24.9984
3.4605 -2.2367
62.3334 -17.02
27.876 -2.6894
37.47 -4.6057
85.7088 -3.0225
95.85 -2.1544
20.5205 -13.087
123.6 -18.4167
11.7738 0.3101
119.028 -3.8619
62.7866 -5.7406
94.385 -2.8069
48.513 -6.9463
16.0677 -2.2753
55.8935 -1.1402
15.8194 0.6956
3.6468 -22.5566
30.1462 -16.3883
33.8289 0.6527
3.7088 -7.3464
110.167 -0.5343
10.1103 -2.293
38.3235 0.4616
21.0554 2.4155
8.5356 -18.6462
3.7336 -2.0825
6.8337 -2.3978
138.272 -9.1487
15.0658 -24.1016
16.9731 -11.8563
29.0907 -8.8766
4.427 4.5572
2.194 3.27
1.141 4.6773
2.4342 3.0466
-1.37721 4.6751
-2.9256 3.8206
-7.09772 2.7334
-3.39078 3.7753
1.9076 1.596
2.0141 2.9269
3.7804 4.7066
-8.1856 4.7712
-9.799 3.6135
-4.22817 3.1208
3.3249 4.1875
1.9557 0.1323
0.4917 4.2762
-4.80546 4.529
2.0369 1.6209
2.9936 4.1654
-13.6761 3.9637
-1.23203 4.9462
-7.12508 3.4725
2.2411 3.4131
1.3489 3.0662
-1.0253 3.9105
-7.41824 3.4773
-27.6593 3.2616
0.7241 4.9024
-5.1714 3.909
1.0061 4.6468
3.0274 3.607
0.3686 4.331
0.9929 3.2112
1.5146 3.8071
4.752 5.546
-13.6244 3.503
-5.7643 3.1243
1.4141 3.6653
-0.80666 3.062
-10.9898 4.1544
-4.55741 4.3509
-0.3284 4.0886
-8.79179 6.84772
5.0593 3.6638
-2.02236 3.6692
0.8522 2.9656
1.8069 5.16285
-8.48216 2.7394
2.1287 1.4093
-0.96495 3.5142
-12.0901 4.5504
-0.10392 2.6749
-0.94224 4.7514
-2.1551 5.8067
-10.006 3.1961
1.9891 3.584
2.6635 3.6321
2.2674 2.6411
2.7978 3.059
3.3933 2.2051
4.3281 4.1463
-2.67512 3.0939
-2.0878 4.2934
-5.08 2.6265
-3.84441 2.4119
-6.6604 5.96125
-0.4461 2.8034
1.2566 4.2416
-2.11738 4.7939
4.5342 3.0847
-1.00482 3.2445
-7.1636 3.5062
-2.05494 3.8319
3.7685 2.8311
-15.883 4.5457
-2.29215 3.2373
-5.67501 1.8387
-3.70365 4.5563
5.5917 3.588
-7.39947 3.9993
-4.75141 4.4578
-5.47776 3.2871
-0.38112 4.6645
1.6806 2.1512
0.8292 3.0962
-5.96669 4.2085
-1.84923 1.8828
-3.78799 5.04251
-13.1219 3.5045
-1.40617 4.71
-6.73674 5.21639
3.5453 3.6844
1.8461 4.9117
-4.24278 4.0867
-11.4446 3.2238
-1.53935 4.8424
0.9971 2.6753
2.8691 4.132
-10.8791 5.25114
-2.28499 2.0158
5.238 -1.587
3.3033 -0.7722
0.6227 0.8868
-4.13278 -1.4339
3.6354 -0.5916
11.4388 -2.8394
0.7174 -1.0222
-1.36737 0.0516
11.7581 2.387
1.3873 0.9383
4.2045 0.9608
2.1817 0.7808
-8.21765 0.9513
6.506 2.9222
1.3457 1.7459
-0.51945 0.3369
13.7959 0.745
1.3531 -0.4924
-3.96201 -0.4439
3.7458 -4.3471
10.2458 0.43
3.3968 -13.4361
1.3928 -3.4598
-2.33878 -0.7342
6.3894 -0.2821
0.6202 1.2381
-10.0626 -0.5914
-4.3422 0.4676
-1.93713 -0.3929
-0.165 1.5812
1.321 -0.5517
9.7162 -1.1555
-2.34428 1.6665
2.8279 -0.9345
-1.01483 1.5297
5.6977 -3.2276
-7.38355 0.8141
6.125 1.3002
6.3913 -1.3923
-14.5575 -0.2444
-3.56715 -3.5519
13.8462 -0.1199
5.7825 3.1702
-12.8786 2.5722
0.4467 -3.4408
10.1254 0.0337
-0.42881 0.6188
1.5909 -0.1971
-5.23373 -5.2469
-12.1938 0.858
14.588 -0.7826
3.1487 1.2467
-0.36343 1.1924
-5.64816 1.6379
6.9313 1.6955
2.6612 -2.4687
5.7114 2.169
-1.03497 1.578
3.9819 -1.2805
2.8668 0.434
-0.84263 -0.2782
1.8835 -2.2843
4.0669 1.8899
15.0682 -1.498
18.9923 -1.4834
-1.35824 1.9265
-4.49493 -1.0108
2.601 0.1398
13.0671 -1.2011
2.4453 0.0966
4.6469 0.766
1.4474 1.9237
6.3063 -0.6641
6.3533 -1.2905
3.8859 -0.3875
-0.77038 1.3678
-6.938 -0.1111
-6.56905 0.1384
-0.65584 2.4325
4.0963 1.2518
1.7113 0.2994
13.6741 1.2487
1.6539 0.0913
3.021 1.0833
-2.25268 2.4677
-9.56277 0.6675
0.9567 1.6433
3.763 -1.3466
1.4322 -0.1085
-4.94777 1.9
3.5318 -0.0926
7.4263 -1.9929
12.0415 0.4836
1.117 1.5107
8.0235 -1.2784
-4.7728 -2.7951
13.6083 0.9792
4.282 -2.6145
-22.4867 2.1082
1.0904 -17.0306
118.264 -4.2919
62.2526 -20.1541
57.1583 -13.3278
12.2607 -13.3638
46.6246 -18.2366
-1.40201 -18.1007
15.7234 -18.2379
5.5251 -26.9155
47.6644 -21.9661
-5.24848 -31.9295
-5.50554 -18.0326
13.5798 -19.6169
82.6695 -15.5505
15.919 -20.2294
127.332 -1.9969
5.3879 -12.1684
35.1087 -23.4994
24.966 -28.5639
77.4355 -6.8111
-2.49023 -13.402
81.5671 -21.6315
36.8546 -13.3503
8.7051 -17.0143
30.7719 -22.8563
52.8475 -16.7554
77.9519 -26.3008
4.4337 -4.641
77.0973 -22.8997
2.0793 -13.9718
7.4467 -2.8304
76.9978 -6.5597
44.7368 -22.3076
3.27 -20.5419
90.639 -14.212
9.5987 -23.6538
27.8422 -15.7143
27.0096 -16.2491
39.5015 -17.7092
21.3179 -16.5451
28.6385 -16.7433
28.7265 -23.2943
11.677 -17.9352
114.558 -17.4917
-5.49236 -20.0079
95.216 -21.6953
15.3637 -20.718
-7.88169 -16.886
46.8045 -23.9742
19.7421 -24.0446
11.8926 -15.9104
95.128 -13.8363
20.8129 -19.4782
57.1236 -13.5759
20.2274 -15.1776
38.827 -16.0362
56.8055 -23.9861
37.4699 -19.9053
42.555 -10.2555
37.6765 -19.1092
29.8846 -20.4273
13.6377 -45.3841
28.2805 -20.7073
-3.33233 -3.8794
136.913 -5.26
6.8131 -17.5711
61.0122 -23.4603
38.0944 -5.9051
22.6297 -4.4736
74.8154 -1.9435
2.3704 -11.0679
-3.28194 -15.9359
87.8236 -5.5952
35.0982 -27.3187
64.1693 -23.0637
-3.7501 -21.1772
13.4204 -22.7606
15.7528 -14.2404
59.8393 -12.4891
45.534 -3.3043
2.9026 -14.7639
16.8565 -4.1263
9.6807 -20.1544
76.1657 -22.35
14.4554 -7.3709
0.2282 -6.5669
3.6642 -16.7825
16.9846 -6.4458
90.242 -17.5986
30.0929 -13.787
26.7123 -21.1375
75.958 -16.6522
10.315 -13.6602
-0.6306 -22.236
