-3.24876 -1.7935
1.3254 1.9014
5.0295 -27.3467
-7.12365 -1.3628
-7.90219 -8.096
-78.5216 4.6402
-12.9794 -3.9125
2.4693 -12.3559
-23.7245 -0.8582
-17.9101 -6.3769
0.7832 5.80382
-7.17046 -28.9982
-10.3885 -19.9202
1.54 2.6769
-3.69377 -16.3327
-2.43429 -2.4439
-0.82697 -33.4206
-0.65666 1.9892
-20.3163 -4.703
-14.3046 4.8613
1.534 0.7947
-12.2087 3.7527
0.3187 -4.1108
-71.2794 -6.614
-21.6492 5.42525
2.5857 4.9169
-27.6419 -6.7278
-28.6003 5.237
-8.10208 -4.6103
-12.5808 3.7163
-6.8146 4.7871
2.7843 -4.5969
-1.9383 -0.183
-4.21631 -6.6102
1.5189 -8.2102
-16.299 0.0141
-5.56579 -39.2133
3.6046 4.7847
-0.77609 0.1048
-0.11876 -3.3604
-18.1843 -6.0917
-13.9683 -111.832
-50.4314 0.2808
-5.89631 0.7573
-4.00099 -1.9705
-4.47157 3.2523
-18.0369 -6.1876
3.8779 3.9233
-8.86726 -0.3851
-13.1365 13.3708
-10.6539 -7.5526
-3.53374 -6.7561
-4.9198 -24.4634
-38.3102 1.6945
-1.66859 -21.4134
-8.66872 2.2287
-36.5816 -9.7135
-22.532 -1.7952
5.7044 5.21449
-8.23412 0.1514
0.267 -8.1418
-52.7732 -3.7981
-22.5604 -6.7949
-1.26549 -3.1147
-18.3652 -8.1942
-0.41518 -1.3293
-9.98325 2.4157
-88.4592 5.23731
6.1703 4.5787
3.8161 -2.9669
-4.87105 -7.4583
-0.2928 -14.8224
-1.62587 2.9758
5.7297 -7.2013
0.8476 -17.2435
-9.68944 -19.6365
1.1492 -12.4614
0.5639 -9.4271
-7.4631 -4.2091
-20.9239 -27.4327
-12.3142 -9.2771
-2.09363 4.0462
0.8102 -2.0568
12.9191 2.0151
-15.8904 -2.2398
5.611 -18.0014
-3.20917 -18.7252
-13.4476 5.83488
1.8099 -0.8147
-3.14105 4.1598
-1.29525 0.4539
-0.79923 6.19363
-5.57361 -4.8447
-9.94031 -175.694
-1.37021 -0.4701
-16.9996 -0.3877
-15.0965 -3.5254
-4.34837 -15.8578
-0.77373 1.5494
7.7341 3.827
6.3453 -0.1487
7.4772 -9.0823
0.7478 -3.4474
-5.99392 3.8055
-1.08822 1.2497
-6.73455 5.44032
-28.902 -6.3362
-4.81107 1.9079
5.7506 -11.0459
-7.46008 4.4446
-2.3407 5.92662
4.4836 4.4016
-18.7865 -25.2771
4.5007 -0.6866
19.3764 -16.3758
-4.96024 -6.8642
4.5651 5.04431
-40.5551 -6.8908
-3.756 3.961
-18.4907 -8.7456
-7.18443 3.4542
3.6215 -2.9411
2.7916 4.5417
-16.5264 3.4478
-0.3498 0.4027
-0.55691 -4.1681
24.3008 -1.3093
67.8403 -5.3517
40.74 -5.4177
3.3795 1.7608
-0.74148 -64.6647
53.9369 1.7162
11.1821 -21.6943
21.0707 1.0842
-11.5521 -13.31
26.5726 -1.7418
-6.49115 -4.2067
-4.243 -5.5628
28.8008 -5.4857
-7.46333 0.0094
4.6794 1.5941
16.7067 2.7674
30.9303 -85.391
-5.9117 -0.8276
31.8419 -0.9194
38.9353 -14.1777
-6.94523 -5.8189
-3.29432 -12.8522
55.2468 -50.5271
-1.30665 -16.8469
-1.46145 -0.0955
-7.9703 -129.159
87.6631 -6.2631
69.0965 1.7035
62.1636 -12.1735
3.194 -3.3629
-35.7322 -6.0604
52.1806 -14.9801
69.7625 -28.7459
21.6872 -3.8221
-3.7038 -12.2787
47.1395 -11.2629
-13.7965 -4.7843
-72.1433 -12.2925
-19.1277 -10.5382
-16.9369 -2.93
-55.7143 -16.753
-91.7502 -0.5236
-40.1449 -6.4795
-34.4263 -1.6102
-44.2379 -4.7885
-8.9521 -6.7279
-20.492 -2.0166
-30.0899 -17.6555
-66.9234 0.3744
-21.3264 -21.1467
-10.0345 -4.3305
-170.575 -24.755
-13.0866 -0.9249
-52.7332 -7.5749
-97.3889 -14.1185
-33.5517 -3.0394
-63.9851 -3.1078
-12.5975 -2.2359
-8.62813 -5.2202
-60.6719 -10.8732
-10.87 -3.8251
-23.6377 -11.4961
-10.6523 -81.904
-53.1271 -0.3125
-31.8655 -1.6807
-24.4565 -8.435
-45.0949 -247.456
-34.1001 -2.7997
-66.7198 -3.7676
-9.74061 -22.7354
-60.9629 -2.7998
-11.5011 -0.9123
-25.6955 -2.7152
-4.35407 1.3548
-10.8825 0.0425
-24.7578 -16.002
-127.096 -10.006
-20.4921 -0.8013
-15.1455 -0.5794
-31.8185 -5.188
-36.0801 0.7424
-20.0089 -1.3434
-255.177 -37.638
-34.8213 -2.9945
-83.9016 -5.56
-15.5898 -3.4765
-22.2341 -2.8855
-9.71937 -4.1141
-27.7752 -10.9611
-28.3513 -36.7236
-13.9169 -1.5302
-113.87 -20.8925
-9.95764 -24.1485
-102.111 -3.6246
-10.9345 -4.2928
-26.0583 -0.1937
-20.259 -4.8989
-22.6897 -5.856
-29.0854 -1.823
-31.4327 -1.9088
-9.53441 -16.4028
-22.1765 -6.9628
-63.474 -3.419
-15.7688 -6.9197
-161.473 -72.9945
-19.1444 -5.2448
-26.169 -6.3154
-35.0667 -6.8011
-20.4414 -493.877
-50.325 0.2281
-7.53985 -7.415
-11.1171 -2.1555
-35.3222 -2.5245
-51.117 -1.8015
-16.4869 -0.4519
-7.00852 -9.7393
-7.15669 -21.0437
-79.5703 -2.4275
4.2014 -151.076
-37.2053 -8.7176
-45.7078 1.5195
-94.3523 -2.6133
-20.8106 -3.8385
-152.656 -15.5515
-75.7236 -3.6969
-20.4871 -3.5985
-23.5 -3.5755
-57.8361 -3.0425
-45.8663 -2.098
-34.7583 0.2465
-24.2761 -2.5076
-5.04182 -16.4634
-40.9569 -5.8642
-94.8699 -1.3176
-10.991 0.2896
-81.6795 -8.6438
-52.1872 -7.7995
-10.7119 -20.6272
-28.3115 -4.4252
-26.8475 -3.2951
-37.2226 -18.5195
-13.8674 -2.124
-33.9192 -0.7094
-11.5776 -12.7109
-12.0215 -3.2174
-14.1693 -15.9395
-43.9864 -4.0957
-15.5984 -5.2236
-107.476 -12.7072
-21.1203 -5.8414
-116.636 -4.4995
-12.2309 -1.5261
-65.5563 -10.2039
-16.4029 -7.9008
-103.226 -14.5065
-13.1448 -16.196
-44.4528 -6.9628
-15.8065 -18.0033
-11.6415 -39.277
-194.085 -5.1828
-19.1408 -4.2912
-64.506 -15.8345
-12.4734 -5.4982
-18.158 -3.1639
-50.8059 -6.2548
-23.5605 -9.733
-6.92326 0.8327
-41.7288 -4.4225
-31.8894 -0.52
-12.2927 -6.8357
-47.654 -0.0071
-27.2703 -0.8644
-29.4695 -7.2385
-18.7633 -10.73
-28.2966 -0.4861
-7.8873 -23.6722
-41.1978 -6.4259
-43.3248 1.2117
-64.0304 -12.091
-4.95486 -6.5596
-62.681 -5.4065
-0.94837 -0.515
-19.9592 -5.2691
-130.484 -8.328
-6.38962 0.6455
-42.3758 1.0782
-9.17495 -12.8125
-8.27363 -9.0343
-16.9103 -6.4576
-77.9376 -13.362
-30.448 -3.4398
-39.3958 -4.299
-26.1651 -21.6535
-67.2019 -10.3335
-30.8271 -11.4176
-22.5201 -4.4679
-15.7112 -14.0061
-46.3818 -5.6086
-9.4161 -2.3395
-29.3384 -28.1874
-40.9614 -4.7116
-11.5785 -13.0692
-14.0632 -7.1409
-53.8055 -24.5375
-10.8551 -1.7162
-17.9481 -3.334
-32.2766 -2.318
-3.07338 -4.6547
-53.4018 1.2844
-11.6537 -5.609
-27.074 -3.8221
-89.1078 -4.0746
-64.504 -4.5529
-22.7318 2.0282
-85.4479 -13.289
-32.7799 -5.0684
-92.3971 -9.313
-23.1749 -0.1609
-17.5544 -1.5863
-56.6962 -2.0388
-35.8642 -2.9763
-21.2889 -1.3796
-28.9583 -6.0445
-68.1215 -18.2124
-13.6701 -2.389
-39.2082 -3.0803
-30.0292 -14.3068
-223.255 -18.552
-6.6579 -10.3147
-13.6246 -4.177
-5.69259 -15.9587
0.4936 -7.1928
-14.2733 -3.9225
0.6103 -17.7589
-37.4682 -14.0279
-74.5674 -13.9735
-11.1257 -19.2099
-11.7105 -36.897
-14.0607 -29.4462
-38.0856 -25.9323
-26.8142 -48.957
-27.0386 -15.906
-29.1034 -15.7779
-13.5604 -50.1069
-28.7037 -36.132
-33.9712 -205.556
-0.88528 -29.5658
-9.36205 -26.007
-163.699 -31.43
-28.9268 -22.4978
-15.775 -10.8207
-34.8875 -30.9536
-189.572 -10.511
6.7436 -17.6969
-299.139 -40.1769
-9.38734 -16.6272
-66.1275 -28.2335
-14.8237 -15.288
22.2978 -151.892
-10.4538 -23.9105
20.086 -27.7687
-5.01748 -31.8015
14.0975 -24.4891
-37.2244 -32.5553
-95.37 -14.8477
-11.9014 -33.1323
8.4601 -46.9284
-13.7312 -19.9085
-129.697 -22.0688
-8.45618 -24.2068
-14.1919 -26.8199
-47.2155 -297.86
20.2768 -18.371
-8.64517 -32.792
-31.7644 -360.896
-4.7288 -17.6002
8.5023 -27.6249
-11.4393 -30.2571
-14.902 -31.1823
-29.0271 -21.8898
-13.8576 -47.6741
-8.49639 -19.5119
-26.8976 -19.5481
-23.4221 -32.8725
-12.4273 -22.2239
-2.92765 -98.75
-15.0441 -135.031
-56.4256 -18.513
-12.388 -22.2459
-4.00509 -20.681
-52.9168 -22.1375
-13.2181 -23.6392
22.6504 -6.1908
-29.8767 -27.664
-56.0585 -23.7266
-12.0555 -27.0045
-12.9889 -18.4145
-1.74099 -16.8208
39.3836 -247.086
-4.16101 -20.2312
-26.4021 -28.2594
-56.9694 -22.764
-3.87628 -21.624
-62.7942 -20.067
-35.4975 -30.444
-51.2788 -48.9771
-35.0604 -37.577
8.1295 -30.531
-10.0438 -29.4705
-8.6375 -36.6075
-49.1075 -30.909
-31.346 -23.3231
13.931 -13.0986
-15.1669 -24.2475
27.4444 -33.4581
-5.48155 -29.9281
-32.7295 -38.3807
-10.5056 -9.2931
-29.924 -8.9944
-135.261 -31.2428
-11.066 -25.4285
-4.53656 -11.8247
-39.0723 -8.2505
-48.3759 -28.194
-14.6591 -31.083
-39.5618 -31.4783
-12.2463 -20.7349
-80.7379 -79.006
-70.416 -18.1485
-124.506 -15.7245
-31.3419 -30.5817
-11.5972 -15.7858
-12.1683 -20.0563
-12.3282 -19.6638
0.3328 8.28242
0.3289 4.2356
2.4982 0.8683
0.6094 3.8498
3.4845 4.847
6.1384 3.8971
2.5918 2.0942
7.1541 5.22288
2.6092 -11.5305
0.3826 -1.2362
0.5336 7.466
1.0329 -14.169
-7.2939 -1.621
-2.74925 -0.4749
0.4095 1.4396
4.438 6.83675
3.7819 -0.9835
0.4697 -2.5449
2.8446 -10.2621
0.6831 6.01037
3.4984 1.7612
0.396 1.3241
1.1996 8.38865
3.9611 0.9385
1.4243 8.10388
2.1749 0.4444
0.2805 8.68787
1.0451 6.99213
2.4273 -2.2231
0.5344 1.1745
-13.8017 -45.0376
0.3694 2.4808
5.5157 3.3521
1.5059 3.9174
8.3772 3.9461
6.584 -22.6072
0.4511 5.93557
6.217 5.10994
1.1115 6.49338
5.2843 7.2045
1.1583 3.2617
4.7879 6.18231
5.4788 7.0965
6.4566 2.1154
2.7581 5.51832
1.8012 -13.78
4.8121 0.9169
0.3722 3.9783
1.3384 -0.4346
1.5114 9.5467
0.3575 -0.2151
1.4123 8.52506
1.9736 2.0483
2.0376 -1.512
-0.84899 -20.8364
1.9125 -18.7825
0.4041 -0.737
16.7831 5.5465
5.2359 -1.7889
5.7988 -7.614
0.5502 0.829
3.2304 2.2945
0.904 0.6804
4.1035 -11.6623
0.8812 6.16868
1.1433 5.48313
1.1977 -4.055
16.455 -4.8084
21.4601 -14.9023
18.8946 4.9997
1.1168 -4.6915
1.8975 -12.8258
3.073 -48.0942
2.4704 5.93962
5.9676 -6.3545
23.3863 3.5083
13.5507 -2.7439
13.2343 -3.2317
4.466 -9.548
5.1596 -9.2126
3.1111 -15.7069
1.2151 3.9201
28.8275 -3.5403
1.0816 1.9861
1.1322 0.6517
2.464 -3.6277
1.7681 3.8755
6.4941 -3.0021
1.0825 -3.3874
35.6193 -4.6428
2.203 10.1994
8.7972 7.53331
1.3545 5.95444
12.4888 2.9067
4.8453 0.191
-2.0194 -2.2345
-0.00263 -6.9186
16.4484 -4.0814
1.1442 1.6235
0.9351 1.883
2.8531 0.0082
5.0491 -2.4752
0.8383 7.52944
2.6457 5.79157
23.5206 -2.1066
1.4477 -4.4934
3.3246 2.2116
11.8382 0.4445
3.3418 -0.4939
4.645 4.4698
13.4464 4.2391
-24.8482 1.6802
3.8968 4.1462
4.0607 2.6505
1.0379 1.6746
18.3715 6.67538
6.2353 -6.1314
2.7835 -1.5218
4.2406 1.6014
12.1343 6.26469
1.448 2.0026
12.3752 -4.3572
3.4215 5.632
1.06 -0.4345
6.4038 -3.2778
7.5397 -10.8928
2.6614 3.2133
16.3296 5.61307
5.4184 -38.275
1.7614 4.2177
12.5384 8.96789
74.384 -10.7807
4.1128 0.5539
3.8032 -9.9894
40.7128 -0.5205
3.6037 -5.3399
30.33 -24.0905
3.8213 -17.1938
22.1938 -11.3434
29.9262 -2.2481
38.6675 -15.987
24.7781 -11.523
64.1664 0.8996
-0.44956 -28.3641
35.2422 -1.2439
17.0939 -2.8696
28.5979 -2.8754
3.639 -3.5798
3.6378 -10.8806
84.167 -10.348
83.5115 -18.2534
22.8323 -48.315
33.9803 -8.3087
3.1044 -13.2714
94.984 -7.2167
9.9675 -0.6379
59.841 2.1698
33.423 -1.8636
16.1352 -10.8312
80.5565 -13.0281
43.0429 -40.726
3.0938 -10.1278
3.9625 -9.4029
34.2501 -10.6185
-2.24199 0.68
-12.3421 -8.9973
1.0736 5.04935
-14.3308 -0.1116
-6.77137 0.6416
-1.08006 -0.8711
0.1055 0.3666
4.723 1.6532
3.382 0.967
0.3983 -7.4519
-9.2991 1.2849
-2.28543 2.1356
7.3383 -0.4972
1.479 3.0077
3.5252 0.9612
-4.49342 -4.3558
5.5646 1.0761
3.2877 0.9078
2.4742 2.1114
-0.67282 1.2157
1.5118 1.4556
-2.92814 3.958
1.2313 -2.9451
-0.02034 2.9752
1.578 -1.9186
3.0099 2.8704
4.9444 -2.6256
3.0014 1.2499
3.6782 2.3708
0.9361 0.7908
0.085 2.3755
-1.47045 1.9369
1.0248 1.7996
0.403 3.1287
-2.66214 1.5103
14.2392 -10.8294
1.1455 4.7505
-0.16303 3.4345
3.5146 4.1136
-6.84864 2.1437
1.9118 -0.9397
0.8953 3.5861
0.5524 4.2261
-1.62983 -4.5463
-0.3564 3.9211
0.7723 1.0352
3.5479 -12.6497
-3.124 -18.2057
-1.64527 0.5894
-0.92455 4.0286
-8.0038 -0.8991
1.5255 -0.6519
-7.28758 2.6751
4.6344 -2.2366
-2.18452 -4.3454
0.6822 -5.1131
0.1498 2.5289
-12.2113 1.1479
-0.61425 3.7657
-11.5474 0.6483
-3.03741 3.0037
-8.04182 -13.6443
0.777 2.7698
5.0023 -1.0744
-10.4648 -8.5688
-0.25423 4.1931
0.6261 3.4578
1.2757 0.6908
3.8392 -0.2613
2.1266 -7.0877
5.6608 -4.5149
-3.83707 -15.358
-2.61233 1.0973
-24.9338 4.2193
0.8084 3.13
-0.1852 -4.3576
-7.81987 4.3391
1.3214 3.829
0.7735 1.7249
-0.82535 2.1083
-0.04006 0.8262
0.4225 -1.5731
0.9302 0.8049
-6.03195 2.2442
6.3163 -31.1375
-1.21466 0.6207
-2.2827 1.2974
5.0062 1.1008
0.9684 1.4837
-5.66981 -0.8264
-4.97624 0.8063
-2.30119 -3.7078
1.5252 3.3554
0.1603 -0.4569
1.7701 -0.8163
0.8838 -1.9314
1.5598 2.8011
-1.39743 -1.147
3.0514 2.2361
1.1481 1.427
5.9905 -3.5735
18.1551 -2.6078
0.191 -9.1989
5.4976 -3.7056
2.4113 0.8983
0.4412 -1.7796
13.4928 -8.4059
-9.6267 0.1033
11.3947 -3.4426
2.0175 -3.422
6.3351 -19.5992
13.4274 -6.1595
0.4869 1.1821
-7.31876 -4.4059
3.0304 -0.5854
9.3723 -0.7764
7.7884 -6.1014
-3.71975 -5.055
-1.6637 -1.4612
-0.2302 -0.529
5.6859 -0.7563
7.2222 -1.0883
12.1727 -6.4207
8.4135 -4.3949
3.2499 -1.7291
2.9734 -1.9333
-1.31163 1.984
14.648 -8.7501
-9.3881 -21.0842
6.9577 -6.3009
1.8416 -8.7308
7.6683 -4.3325
13.6945 -1.8994
6.2002 -5.0342
-0.05216 -8.3934
4.2134 -3.4664
1.3913 -17.3522
29.1013 -3.6949
-5.49724 0.269
3.0176 -3.2209
-3.93948 -9.6514
10.4186 -19.3362
0.3595 -6.3539
0.4314 -0.2945
-2.6474 0.1016
5.5079 -9.5042
21.7425 -5.2731
-1.84896 -2.9679
1.8114 0.8332
-4.0046 -3.243
4.811 0.4354
7.4358 -1.0803
0.058 0.1724
2.9925 -12.4493
-23.2127 -11.5496
-2.05715 -12.5115
17.6091 -14.673
4.8485 -3.3803
-6.2071 -13.8989
1.1603 -10.8879
-2.0591 -5.3057
-3.13553 -3.1856
1.2417 -6.3765
-2.32504 -2.9645
-14.5077 -2.8849
10.2495 -3.2239
3.2481 -5.7192
1.8616 -8.7621
-13.9149 -6.1801
-2.4229 -32.1439
1.9276 0.3252
-3.92777 -2.071
-8.66208 -8.2894
5.27 -14.8943
2.7446 -12.3556
10.8828 -6.8288
3.1247 -10.3473
1.1229 -1.9997
-3.99624 -1.6441
2.8533 -0.4986
7.7127 -1.6374
19.5201 0.6628
6.1906 -4.7222
-7.78923 0.207
8.6516 1.8207
1.6001 -0.4136
3.7478 -4.5952
-3.75775 -6.2821
4.5709 -4.4189
-3.41565 -9.4038
-7.421 -7.1357
3.5037 -2.9894
22.8841 -1.2547
9.0209 -21.7211
18.3764 -13.5438
1.3603 -4.5803
-0.59907 -1.8404
-3.75422 -2.4151
-17.0095 -4.1139
2.6605 -4.664
57.683 -17.8043
18.6451 -128.88
2.3665 -19.3163
20.3472 -51.1869
6.0015 -17.9374
14.3249 -27.6037
45.7273 -6.4478
26.8107 -38.8446
37.3905 -1.2186
89.85 -10.1688
36.608 -25.7275
12.2446 -124.846
27.3674 -18.693
11.0892 -25.2834
54.3495 -32.5189
47.8565 -13.1395
-7.0576 -25.1386
27.4707 -6.6327
-12.6869 -9.2893
10.1313 -26.0824
3.795 -52.1661
-1.38276 -65.4686
25.1761 -11.4181
10.6874 -34.6742
3.0317 -22.5218
25.0794 -18.0695
9.4743 -14.6042
10.3187 -45.4569
-5.45915 -22.4791
-4.8022 -34.9022
33.1387 -43.0173
8.1656 -49.9518
53.9889 -12.9135
47.3076 -35.5234
61.6984 -36.7689
8.4365 -18.0387
20.6204 -27.7969
-8.6085 -28.0091
67.1031 -11.7843
16.2423 -18.9646
2.2586 -8.3106
22.7198 -18.5537
8.3855 -30.0294
47.4199 -5.6922
29.5642 -84.4451
3.9958 -21.3928
30.6919 -26.9059
32.3348 -19.7976
86.0531 -31.5371
-22.8128 -23.6027
6.2218 -13.7674
2.929 -14.5708
2.5246 -52.8286
1.3394 -113.924
20.5154 -5.4988
9.7956 -3.7621
-95.0735 -42.487
38.917 -34.2846
41.183 -42.4412
14.9152 -21.4216
87.1997 -52.8038
13.9959 -17.9102
10.8277 -46.7717
15.9116 -26.5631
1.4664 -15.625
9.3407 -25.6118
20.6679 -9.2408
17.3205 -15.2007
13.8804 -23.4934
19.7036 -18.7715
3.4129 -17.0044
14.5904 -44.0999
38.5472 -11.5235
27.6379 -18.3807
50.8933 -10.1035
71.1436 -13.017
67.2778 -29.8331
-0.3715 -46.7815
3.9479 -50.1568
43.0847 -44.2842
52.3912 -17.7437
3.1039 -28.4977
68.917 -9.273
25.5392 -25.843
14.0044 -27.6302
43.8319 -28.031
8.4558 -35.937
20.9618 -11.8715
29.3212 -25.67
16.1921 -38.4582
3.5828 -19.435
24.403 -14.1877
1.1655 -70.0327
-4.45755 3.8647
-2.97436 -3.6598
1.9977 -6.8842
1.8236 -1.6921
0.9115 0.0826
-0.82597 4.7455
0.3875 -0.001
-2.63858 -3.7786
-5.41061 -18.0316
-7.73717 5.91456
-14.7319 -0.1955
-1.7545 -7.0236
-4.49022 6.04706
-2.56429 -3.0561
-14.3807 13.044
-10.8007 -18.543
-5.2311 4.4511
-3.8076 -2.9385
-24.2957 -1.8484
-40.2351 4.5264
-0.07322 -2.1159
-0.55203 -2.2531
-8.57346 4.7014
-1.52814 -2.7881
-18.5551 0.1426
-17.1145 -7.0748
-3.25994 -6.1163
-10.2246 4.8307
-6.85301 4.2357
-6.15892 -4.7116
-0.40497 0.1748
-12.4336 -0.9052
-7.66575 -6.4775
1.365 -2.5858
-10.0719 -0.9151
-17.9398 2.8224
-19.6816 -11.0457
-6.02846 0.1231
-4.85804 13.5985
1.1504 1.9508
-0.99099 -1.7577
-12.8298 -7.3878
-20.991 1.7609
-0.80102 -1.9306
-14.1249 4.3392
-0.777 -20.2353
-2.57889 -1.3781
-2.66963 3.6293
-2.00551 -29.1877
-22.9959 -6.7837
-1.65088 -2.9276
-2.68816 1.3677
-28.9972 4.4004
0.5415 -3.7527
-9.19506 -3.5064
-22.0799 -2.7298
-16.4246 -3.7851
0.22 -0.7206
-11.0748 -2.8477
-1.3391 3.346
-6.02654 13.7632
-11.4445 -5.9519
-5.83593 2.1189
-11.3473 -5.5703
-21.2633 0.8031
-7.06337 -0.423
-2.18365 10.7342
11.4059 7.88425
22.5466 3.1437
3.5767 6.84356
-31.7625 1.2889
8.9259 5.24431
-0.2942 -2.4356
-1.25359 -4.8459
-30.955 -3.5496
-9.30075 2.6685
-8.01082 -9.566
8.3809 4.9266
-7.4308 -0.899
-7.298 4.0739
3.43 -11.3464
2.3147 -2.2321
-5.82085 5.13631
-12.7008 4.3636
-2.26295 2.649
17.0428 -6.4646
12.8883 1.7354
-8.62745 3.7609
-15.5805 5.62231
-18.3673 -1.9545
-4.40917 -0.0428
-0.9611 -6.194
-15.4644 -0.5828
-13.286 1.8561
-3.51508 -7.5449
8.094 5.0815
-8.25981 -3.5291
-17.3396 -5.258
1.0585 -22.6637
-13.558 -2.1317
-8.1444 0.6769
2.6265 -8.6983
4.9402 4.7574
5.2541 2.3574
1.0473 -0.117
-0.20883 4.5141
-5.90324 -2.266
-17.9211 -5.0403
-5.5145 3.617
-8.10247 4.8467
8.1739 11.1896
-23.2645 3.6561
-14.4731 -7.7916
-5.42691 6.45306
-3.64963 -10.1987
-22.3388 -5.0441
5.7986 -10.1436
-5.3256 2.6997
20.6353 5.39431
20.2704 -1.5543
8.8446 -25.561
-4.22314 -22.1842
-10.4614 5.77412
1.8802 -1.7011
-16.3994 -1.1254
2.4652 -4.3706
-13.7116 4.6647
-35.3714 -4.1345
-0.09893 1.6454
2.5631 -43.5315
64.5839 1.4298
3.6394 -6.0092
1.377 -2.862
-11.2567 -3.229
-2.25864 -17.3738
19.2688 -10.3675
1.0699 -1.0897
34.3143 -1.3889
36.3479 -1.9523
-4.80982 -9.0242
1.2975 -21.355
0.7046 -3.2898
-2.50562 -32.9804
5.5965 -10.4905
13.6173 -5.4819
39.3086 -25.3615
4.5417 4.9606
47.4076 1.3076
-11.9894 -25.0823
54.2137 -1.9878
7.7934 -1.7258
8.7835 -8.5628
-2.38227 -0.8786
-0.9297 2.7293
46.4055 1.3657
9.8774 -6.638
68.0499 -3.0134
34.2823 -32.1799
49.5745 -2.3348
1.8855 -0.8164
52.4598 -1.8607
58.1404 -0.6442
2.4352 0.0602
30.6613 -5.8504
22.9044 -14.6363
11.5266 -13.9557
-18.5064 -5.6455
-4.06229 -4.051
-97.3758 -5.4866
-13.4233 1.0031
-7.63499 -3.2837
-10.2526 -10.785
-60.3917 -2.3463
-21.3524 -0.647
-15.4962 -0.3901
-11.5373 -1.0419
-55.1685 -0.0746
-2.16411 -8.7081
-58.859 0.2687
-11.2158 -2.0945
-23.5913 0.8029
-54.7315 -0.5947
-11.9555 -0.904
-13.3678 -2.6259
-10.2556 -0.928
-18.3035 -1.2335
-32.6209 -0.8321
-9.8015 -7.7205
-20.3106 -6.075
-20.7308 -0.4211
-9.81557 1.3462
-7.82272 -4.7165
-16.4458 0.1663
-16.1959 0.0084
-84.1744 -1.9145
-27.9892 -1.4541
-39.3597 -4.3094
-74.5339 1.3358
-39.5663 -0.9049
-11.3104 -1.6924
-34.4433 -1.4114
-26.0615 -2.6965
-32.6056 -1.5074
-15.0257 -9.4845
-24.467 -4.3169
-108.597 -0.02
-31.173 -0.7511
-96.8444 -1.4281
-105.966 -2.7793
-26.3048 0.5235
-14.533 0.6521
-32.853 -1.3772
-16.5495 -1.3805
-14.0054 -0.0735
-24.7669 -5.2265
-6.9957 -11.3307
-4.56708 -0.4387
-20.0006 0.4934
-110.102 -10.115
-31.1486 -1.4962
-13.1374 0.9478
-6.142 -0.2255
-13.1841 -7.088
-48.2499 -2.173
-27.2649 -0.0008
-46.608 -9.507
-12.6591 -1.7839
-18.3027 -3.5513
-39.0333 0.218
-8.68647 -0.0689
-17.1682 0.0837
-43.6458 -0.9838
-22.998 -0.1087
-8.81917 -3.6709
-28.42 -1.0693
-35.8498 -0.4782
-43.4558 -3.8255
-16.7219 -3.3388
-39.5203 -1.1474
-18.236 1.261
-12.0803 -0.5145
-20.3848 -4.7065
-35.4156 0.513
-27.7625 -0.3498
-18.0338 -2.5258
-13.4827 -13.501
-61.8592 -0.2829
-8.4319 -1.7996
-33.5045 -3.4021
-25.3061 -3.1056
-12.4725 -7.5589
-26.4826 -10.1375
-28.1494 -4.6415
-51.921 -3.117
-78.6716 -2.5814
-13.1233 -0.0439
-28.6565 -0.6674
-36.1279 1.0398
-27.8675 -0.224
-32.1113 -8.4124
-27.9274 -0.7175
-17.5333 1.4245
-48.6304 -5.0298
-34.3872 0.4837
-7.25949 -0.4221
-6.27322 -1.3182
-39.075 1.4667
-11.4893 -5.9505
-4.56548 -1.5955
-22.3758 0.6457
-23.8963 -2.0427
-47.4552 -0.4026
-30.9111 -0.3623
-13.032 -3.3472
-89.2599 -6.2486
-18.1935 -5.3761
-14.7355 -4.116
-11.4292 -13.3856
-32.7898 -5.4694
-48.5491 -2.8552
-8.74309 -1.0758
-12.8545 -0.8059
-53.0985 -0.6547
-28.2058 -2.5624
-61.1578 -8.6848
-12.8755 -16.6934
-34.4467 -1.7157
-86.0983 -17.06
-22.998 -1.7125
-15.4821 0.1188
-63.61 -5.4554
-22.8368 -0.939
-13.1753 1.7899
-16.1087 0.8507
-15.6755 1.496
-31.6851 -0.2089
-17.7489 -2.5804
-44.642 -0.3432
-7.99071 1.3137
-12.3437 -0.2537
-9.58805 -24.4118
-29.5376 0.2492
-52.7049 -3.9533
-1.87554 -2.1962
-38.1911 -6.2233
-8.82417 -0.81
-32.2604 -4.9197
-13.0983 -7.3359
-14.3405 -5.0906
-9.11202 -0.8529
-30.3663 -19.5999
-26.6368 -0.4204
-33.3212 1.2029
-35.2621 -1.3964
-25.4488 -1.1873
-14.1783 -3.0029
-21.8658 -1.3187
-30.3088 1.0852
-50.4652 -13.654
-12.4684 -2.665
-12.7692 0.3801
-15.3276 0.1227
-155.186 -4.0637
-36.4218 -3.8677
-8.68925 -0.5156
-12.9656 0.4368
-11.1568 -1.8134
-57.6436 -1.4093
-81.457 -5.519
-23.0593 -5.1234
-9.40325 -1.2257
-10.7045 -2.5411
-25.6839 -3.1099
-6.95398 -1.4648
-31.9667 -9.2256
-82.5537 -4.5605
-15.3148 -5.6782
-9.6418 0.049
-11.0001 -3.6895
-13.8533 -1.0355
-5.33137 -4.9963
-23.8058 -11.279
-50.2111 -6.2173
-13.3096 -4.2242
-32.3886 0.386
-52.3566 -2.1072
-14.4712 -1.6398
-4.84275 -0.5894
-34.7989 -1.2279
-105.297 0.4019
-25.4161 -4.03
-35.2078 -2.5089
-20.8172 -1.3287
-6.92034 -1.4245
-13.7603 -2.2242
-16.2622 -3.0259
-25.9782 -1.5324
-13.9536 0.2581
-10.0116 0.1379
-22.416 -2.2432
-30.8162 -4.623
-10.6349 -2.8976
-79.2208 -2.3515
-55.653 0.308
-12.7977 0.3555
-13.6895 -7.6923
-9.72209 -1.9346
1.0782 -21.2438
-15.5656 -15.8345
-16.2879 -14.4028
-7.65182 -23.594
-26.9197 -49.1105
-4.35286 -25.786
-11.0151 -6.8422
-6.07925 -19.0823
-53.0795 -10.022
-20.0584 -35.8527
-14.0446 -32.2236
-37.5017 -34.917
-15.6356 -9.9688
26.8711 -21.1345
-11.5156 -21.2335
-42.6247 -29.7387
4.3964 -12.3258
-41.2255 -7.43
-2.3377 -9.8265
-11.6317 -19.255
24.9652 -37.8409
-8.65076 -14.6197
-49.2474 -7.806
14.6501 -9.5048
-22.5046 -7.9312
-32.5165 -7.8904
-9.1873 -22.5134
-38.4757 -25.0131
-4.80804 -8.2532
8.6446 -14.0769
0.8003 -13.3575
-14.3898 -34.4021
-10.8222 -22.177
-22.5993 -16.249
-26.8028 -22.9269
-18.0188 -19.2086
-11.0033 -21.8839
-25.7509 -34.8845
-18.9979 -25.9286
-11.8527 -17.3341
5.9397 -18.9215
4.0435 -13.9556
-22.1946 -23.4172
-36.9983 -21.1749
-7.29925 -27.4703
-66.6511 -1.0444
-26.3251 -28.5556
-15.2265 -31.5869
-11.8915 -11.6352
-68.7711 -15.0541
-9.54308 -9.1495
-29.344 -20.745
-25.5958 -13.1481
-21.2183 -17.0744
-43.9601 -27.2995
5.2202 -28.099
-69.8674 -18.1493
-16.4431 -7.1631
28.7729 -35.784
-10.1914 -28.7775
-9.08405 -16.0058
-8.36552 -6.4618
5.4814 -16.0182
-21.7203 -25.1527
-86.5007 -26.5032
-3.8039 -16.7978
-1.88546 -16.5519
-13.1537 -19.495
-3.66545 -11.8762
1.9851 -13.0026
-35.0973 -28.9851
5.1468 -25.7811
27.7877 -34.1595
-18.0042 -18.6896
2.8522 -13.9133
30.6591 -15.6394
-10.23 -15.4209
-37.6397 -7.5566
-18.6534 -26.9517
-14.0074 -15.4188
-26.4999 -29.8847
-54.2627 -15.0238
3.3042 -25.1907
-9.67995 -16.9987
3.2319 -10.9021
32.9531 -15.7054
-23.8407 -24.4319
-1.25395 -14.762
-11.914 -21.638
3.5007 -25.9712
-25.2695 -33.5981
-28.1986 -23.288
13.265 -14.2799
-48.8243 -15.0348
4.6265 6.81875
1.5376 -4.5426
4.4254 3.1632
0.9161 -50.4481
-3.70707 -0.1852
3.594 5.69825
4.1987 0.1766
3.4161 13.4312
0.7936 -0.5226
2.0668 -1.3216
2.3214 7.88694
1.7821 2.2366
1.3944 0.9204
5.8153 6.67012
7.5562 4.1439
0.3836 5.69313
5.4604 0.2491
8.425 7.219
0.7876 5.63582
0.1276 -3.8886
1.1174 -6.5143
0.3884 8.22288
0.4928 4.6446
0.3744 2.9926
0.9313 1.0031
2.9784 0.8021
0.4006 2.0373
-0.34691 9.36191
-7.26643 -11.061
0.4317 4.1446
1.4193 1.0371
1.3053 5.37719
0.355 13.4043
3.2333 -3.6026
-0.9703 -3.3642
-0.15096 5.339
0.4419 -3.9444
5.2573 0.0901
4.7905 -0.6116
0.5053 5.40569
0.7516 1.5393
0.3463 -1.1783
2.6436 -0.3706
5.9718 -1.4695
1.202 1.5827
3.408 7.31575
5.9514 5.60112
0.3479 -1.458
6.6268 5.20181
1.6053 4.8402
6.8107 0.0274
2.2405 -0.1822
0.4524 -0.0925
3.0996 2.61
3.352 0.4127
1.3043 2.0773
0.8151 2.5233
1.7362 0.2578
1.6306 -19.9151
1.2382 6.871
1.7811 6.88369
0.3667 5.98618
-5.18834 1.4325
0.4064 3.5941
8.6167 4.0791
1.0053 10.3283
16.7694 0.9395
2.9054 -1.1292
14.558 5.55769
10.7276 4.4801
2.8427 4.522
1.7935 8.20525
5.6819 9.52875
1.0171 10.8878
1.1548 7.69362
1.2043 0.0309
4.2157 3.1449
-0.6791 3.0486
3.889 5.36001
30.1001 3.8498
4.108 1.9229
7.5706 -1.5422
1.1677 6.44769
1.0953 4.0102
9.4992 2.8014
7.1227 10.6058
6.6743 -1.3283
0.9478 8.25075
1.29 0.5113
8.0607 6.3285
8.6714 1.9021
1.8597 10.6237
1.0231 10.8663
12.6851 -2.3952
3.362 2.7817
1.1316 -7.2241
13.5591 0.3452
7.9064 7.32006
1.6107 -2.3896
-2.47217 -5.2444
8.512 1.6506
20.2129 2.4529
3.8194 6.64138
4.3836 7.72762
18.2075 2.168
20.2813 -7.2395
18.2263 -2.7967
7.3827 -0.9532
6.8924 5.36207
1.1832 4.8573
1.0978 -1.1527
6.245 10.9102
0.9586 0.9307
2.2401 -3.4034
1.2806 4.7501
3.8508 1.7412
7.1295 1.1364
12.1567 4.4124
7.7917 -4.1788
3.8624 -7.0116
1.1467 0.5587
12.3322 11.5129
5.3935 8.59662
8.0086 5.20826
12.417 3.4193
35.8641 -22.4922
3.6667 1.3338
13.6111 -5.3697
6.3461 1.9658
63.665 -3.7219
3.3429 -1.0494
17.1807 -16.7254
3.4457 -3.3469
15.6917 -7.0812
81.2725 0.8938
39.4194 -3.1145
41.0892 -13.6473
53.3361 -5.6696
38.8147 0.9744
45.7371 -3.8519
24.8909 -2.2203
9.5154 -10.4746
18.2263 -4.2651
3.958 1.53
-6.46326 2.3565
-9.86599 3.9074
0.3788 2.3787
-3.13893 -0.9473
2.0404 -0.2632
1.6364 4.0969
10.581 -9.872
-4.3301 0.8145
4.9636 -1.2199
1.4708 -7.4412
1.3522 -7.8042
2.9915 -0.7472
6.9543 -6.1217
-1.68846 1.7055
-0.2662 3.5302
2.6908 4.2322
5.8929 4.1133
-1.93607 2.7929
0.608 0.3652
-0.04375 3.6901
0.9755 4.2882
0.4185 -0.2798
-1.04916 2.6146
-24.9726 3.2321
-5.41458 5.3486
3.455 1.8466
1.7276 3.1617
5.2954 -7.6763
0.9881 0.8986
-4.14633 2.4846
2.3459 4.3598
6.0677 -2.4152
-2.44983 1.1596
2.7701 1.4263
-26.3765 5.35845
-4.36506 5.11809
2.4961 -0.4308
-1.84069 2.9229
6.2782 0.7303
-14.41 1.1329
-3.95984 -2.0372
5.7877 2.4263
0.7037 -0.517
2.7339 2.0723
3.9654 4.4305
1.4708 0.3582
-4.62322 -0.0373
-0.1862 4.0271
-0.84938 2.3453
-7.8337 3.9808
1.4025 3.6876
-1.8594 3.8651
3.4131 1.7847
4.7244 -3.1999
-4.69061 2.931
-7.0985 0.2187
1.3312 2.18
-50.1377 2.4796
1.3288 2.2311
-6.77023 0.3795
-7.72035 3.6454
-4.01745 1.8382
4.9362 2.1772
3.3032 4.5808
-1.56312 2.5598
0.9785 -0.4556
-0.9845 0.357
2.0552 3.5578
1.3572 3.9497
0.9156 4.44
-3.85674 2.7833
-6.6156 4.2073
3.2239 -1.2667
0.9876 4.0881
-1.77923 2.6958
-2.73426 2.0275
-18.1354 -0.1574
11.9933 -20.4692
-5.67733 3.6964
-7.3066 3.4461
14.3128 -4.2438
-6.94035 3.7394
2.4569 4.0483
-6.89825 -2.2035
1.8895 0.0604
-9.4746 2.5384
0.293 3.8711
10.6461 -0.7053
-2.3057 -1.3659
-1.93438 2.9049
2.8226 2.0494
2.0989 4.4811
-4.21834 1.7246
2.8161 3.3009
1.4736 4.1845
-13.4691 -1.2133
-15.9501 -5.1602
-0.69458 1.7996
5.5185 -1.161
11.6796 -3.2043
5.9883 1.2229
-20.8213 -1.2922
-3.56958 1.5585
4.8783 -9.9388
0.3474 -9.4427
18.9731 0.7529
1.0698 2.3465
-9.6463 -1.5127
0.8863 -1.6137
0.018 -0.0048
3.6961 2.0773
1.6464 -5.9381
1.1963 -4.2955
7.0308 0.1606
11.9117 -2.3737
-0.73339 0.6388
3.4148 -1.041
2.8769 -3.1303
-12.9155 -5.3842
-15.788 -0.3641
-1.08614 1.0853
11.6749 -7.2413
0.969 1.4948
3.1616 -2.1748
12.4671 -27.1409
9.7216 -7.3828
8.8201 1.2224
9.4293 -9.5127
-5.04235 0.2116
10.0658 -2.9176
17.859 -3.8417
-1.4318 -2.8335
-10.5449 -2.0914
-1.67564 -0.9104
3.3067 -2.5679
-4.65435 0.9855
-11.6496 -2.3973
1.7518 -4.0938
9.103 -3.7883
-1.93023 0.2431
-2.87538 2.7288
3.6488 -7.4004
1.5687 -0.8157
8.929 -5.3078
7.5251 -3.474
-1.30187 -3.0088
21.2814 -4.9881
5.2131 -3.4501
-3.08464 -1.2553
-27.0126 -2.8978
8.4978 1.7988
5.5055 -3.8766
-3.56139 -0.0378
-5.15165 -2.6607
-0.36535 -14.5613
1.5187 1.7933
9.0944 -3.7904
-14.8932 1.2846
5.2796 -12.6843
6.2427 2.5807
6.5482 -12.0568
18.6792 -1.412
0.0998 -10.763
15.3072 -2.6001
-7.41784 3.1757
-8.89275 0.4315
-1.93943 1.5015
-1.51415 -8.9194
6.5985 -1.5333
5.9421 -0.0305
2.4301 0.3761
-2.72298 -5.4734
-1.19658 0.2036
-9.3067 -0.2234
8.7086 -1.4652
-13.2462 -10.675
8.2697 -1.2428
-2.10179 -10.6584
11.9862 -7.6014
-0.52544 -0.0955
9.2655 -1.3838
-0.55425 -0.9899
-1.0584 -2.8261
0.9132 0.5777
1.5347 -5.2313
4.7175 -2.0491
0.4232 2.7073
-1.6486 -16.0157
3.7612 -5.234
17.6122 -0.3924
5.5636 -13.6415
-0.90996 -1.9424
-4.47535 -3.2954
0.8494 0.3801
3.2606 -8.055
-0.56618 -2.4485
2.5922 0.3
3.8563 -3.8908
-12.6697 -5.17
7.6649 -20.5282
27.0715 -27.1148
15.8316 -12.1186
51.4957 -43.2616
1.2217 -18.3103
51.4747 -16.7933
0.0156 -18.0455
15.0485 0.0137
11.0864 -6.3131
45.547 -8.9388
23.42 -35.0267
-18.8937 -30.8229
-6.28456 -13.2762
5.4452 -46.7981
-4.32498 -16.235
48.3975 -4.1261
-6.6517 -26.1354
-5.54269 -21.0302
30.1861 -22.9914
10.7892 -34.1055
44.7111 -13.3355
-15.2378 -11.549
24.0302 -2.0921
-0.01895 -3.6562
24.3596 -1.7713
68.7635 -19.2153
20.8805 -18.1721
4.194 -21.0369
7.4152 -81.1834
13.8821 -14.0078
0.1692 -26.5806
8.3265 -17.485
23.8022 -24.9951
51.8896 -11.7607
8.7785 -3.9466
25.3351 -5.0871
4.8596 -31.5469
27.2905 -24.3292
6.853 -27.1757
11.6128 -7.2306
52.9564 -52.0654
20.8611 -14.3383
24.5718 -21.0318
27.7813 -13.0188
28.0879 -14.6362
-34.5282 -7.8582
45.5163 -14.0781
75.6127 -6.1187
-9.3494 -27.8971
21.5074 -2.2538
20.2868 -15.2657
17.6834 -28.6666
15.308 -14.1097
43.9962 -8.4514
50.5525 -14.8102
12.4235 -4.4461
71.9056 -12.303
4.3271 -56.4694
9.9174 -4.1061
27.2063 -17.4767
15.0852 -11.1293
22.7926 -25.0357
1.2946 -24.9327
74.6379 -13.1367
-0.11116 -11.4257
24.5584 -5.822
-0.24695 -21.7345
0.1323 -28.8514
-1.10292 -0.0942
-5.40663 -2.0476
-5.22159 -0.5701
-1.56372 -2.1821
-10.6976 4.9539
-1.17172 -4.2437
-0.89814 3.6144
1.3874 4.5919
8.0456 5.43519
-8.20277 5.17544
0.1053 4.6001
1.0542 -0.3694
-4.50594 3.1364
0.7121 -0.0056
-17.54 -5.6895
-4.22165 5.22762
1.1083 -10.039
-3.37607 13.6531
-13.5942 -6.1127
0.1241 3.4819
0.8302 5.39338
-13.8225 0.2317
-2.04619 0.3742
-3.91664 3.6704
-9.08127 -1.2804
-1.08787 5.19244
5.5637 4.2263
-8.27205 2.3092
-1.8087 5.34099
-4.48306 4.461
-6.21471 4.1651
-11.2474 4.4076
-22.1311 -12.4603
-3.51177 5.17463
-4.13277 -4.8011
1.198 0.6251
-5.27134 -3.006
-7.32655 -1.1672
1.8587 -3.7196
-8.36818 0.5116
2.3904 5.23306
-2.16895 -5.643
-12.5928 3.7676
-7.67441 0.8312
-5.517 3.7274
-4.61659 -31.1688
-3.50337 -3.2377
-1.54527 4.4756
-1.98969 -0.246
-15.8423 4.6234
-3.65502 -2.3241
-4.68977 5.53725
-18.5821 5.64819
-13.3386 -2.001
-2.47714 -5.1596
-7.7388 4.1674
0.0808 0.6666
-8.75005 -0.0858
-6.09507 13.4962
-2.39937 -5.0398
-6.39089 -9.0322
-2.87052 3.9769
-4.83445 -1.9453
-2.35092 13.6441
1.8066 -2.048
-0.34713 5.74075
-3.42768 2.1393
-0.57775 -2.7769
-7.29788 -2.3333
-1.99609 4.8014
2.1527 -1.1202
-9.62101 1.1994
-14.7029 3.5981
-3.4742 3.5474
14.4204 6.13138
3.5585 4.4487
-3.37168 5.30562
7.165 1.6102
-5.74111 -0.4944
-0.40282 -1.5478
-10.1387 5.92675
-9.60222 6.17081
-8.87077 1.9881
-0.4185 5.00363
-10.2743 5.90663
7.5887 -0.9329
4.2139 3.6587
-8.52845 -0.6475
-4.85881 4.5404
-6.9035 -0.1535
20.4052 2.9623
-4.69273 2.3779
10.0893 3.4231
1.1884 4.837
-9.615 1.1275
10.2331 -0.2446
-1.36258 -2.4847
8.1413 6.35944
11.0828 2.5287
-5.68709 2.8566
-25.5477 11.3271
11.9 1.0775
10.1263 -5.5531
5.1274 3.7263
-3.33615 -3.1734
-0.69329 5.14237
1.5735 5.08519
8.9684 -0.4963
-0.53795 0.781
-5.0602 10.9044
-2.88909 4.4359
13.3557 3.4789
10.2545 5.45594
8.3069 1.9156
2.1623 -9.4855
-1.51244 3.7062
20.3503 3.4079
-4.54208 -2.8176
-17.3185 -4.7485
-2.06814 1.9921
-14.2757 -12.4539
-7.36022 -16.7516
-12.0687 -14.5206
11.9728 1.1351
-0.4151 -7.5165
-11.5553 1.0078
4.4487 -8.7895
-2.456 5.36475
0.3806 1.8929
-4.59343 -0.3014
-2.22247 -3.3802
-2.40616 3.9821
8.0769 7.70118
-5.38145 7.31388
-2.167 5.58887
-4.89841 4.5202
-8.06832 -3.5418
-17.8266 1.8673
-4.96512 -6.2447
8.2091 0.9353
9.7197 -1.0567
6.351 -1.0424
-5.71075 -7.986
-0.72891 1.5648
9.6283 4.1312
-3.00276 -3.5245
11.2203 -12.4562
13.5002 -19.1248
36.657 -4.4328
29.176 0.0612
57.1653 -0.8936
2.8902 -1.572
87.6625 -4.8422
7.0931 -14.319
-3.31073 -1.4953
36.4136 -4.1629
-4.98911 -4.3288
-8.51206 -3.1796
10.4851 -5.7309
-8.597 -2.6527
22.2206 -5.8146
25.8348 -8.4516
1.5539 -2.9443
15.0847 -0.4422
21.434 -0.443
55.0605 0.7153
-2.20975 -6.0708
-20.1568 2.9856
83.4595 -3.2577
12.2421 -4.597
26.7802 -1.7992
-4.67234 -7.9117
26.687 -12.1099
-35.0729 0.3294
-12.2858 -0.0167
-31.5308 0.6301
-49.1821 0.7185
-14.9871 0.39
-11.7916 1.4453
-13.3421 0.2419
-27.974 -2.3437
-27.3443 0.454
-9.64785 -0.6558
-12.27 1.0018
-85.6568 0.1988
-12.4549 -1.2113
-10.4848 -0.3755
-12.4007 -0.662
-58.1236 0.8248
-12.3758 0.2782
-28.3657 -9.5215
-76.9707 0.7648
-10.4466 -1.6448
-12.2838 -2.1743
-42.51 1.0059
-28.4907 -0.4019
-19.6043 0.2696
-34.4611 -1.5729
-9.95336 0.0785
-25.3801 1.5256
-9.28925 -1.7947
-39.7171 -4.2142
-13.372 -0.2236
-6.79608 0.4537
-8.77565 0.3737
-14.9471 -3.6433
-44.3727 -19.704
-38.4776 -5.5415
-4.0571 0.1158
-23.2796 -0.456
-12.0262 -0.0085
-52.1046 -0.3247
-25.847 -0.085
-18.7932 0.6504
-13.3434 -0.1389
-12.9569 0.8778
-51.0916 0.2226
-18.5519 -7.937
-79.8765 -4.3517
-1.03328 -2.041
-56.5532 0.3895
-43.2001 1.6716
-35.0185 0.8001
-11.687 -2.3266
-16.1561 0.2199
-66.0882 -2.0131
-8.87125 0.227
-28.8432 0.8867
-39.3381 -0.6453
-10.123 -1.5024
-39.9485 -0.6149
-21.3665 0.3952
-31.7136 -2.3723
-7.58387 -1.3716
-25.9692 0.5095
-17.3529 -0.0171
-7.57783 0.0863
-12.8499 0.6983
-38.0831 -0.905
-39.0099 -0.1308
-10.6826 -7.8575
-14.0436 -3.7404
-11.1864 0.2055
-8.96804 -2.9
-8.96571 -0.3381
-36.8216 1.5258
-9.09808 -3.5179
-52.5463 0.149
-24.1186 0.4439
-15.5539 -0.7358
-70.9305 0.9865
-10.413 -2.2343
-45.7511 0.9683
-25.3786 0.8123
-12.1341 -0.2459
-27.3796 1.1845
-22.6176 0.1913
-25.7033 0.5791
-13.9179 -0.5012
-11.6883 -0.3846
-10.589 0.0441
-47.2573 -0.9562
-11.9454 -1.339
-26.114 -2.2069
-9.99462 -9.7835
-17.1473 1.8264
-12.0055 1.396
-85.1771 -6.4661
-34.8011 0.0395
-33.4946 1.5429
-23.4065 -2.7815
-14.0675 1.0534
-20.2996 -1.723
-14.0764 1.0775
-22.3189 -2.3345
-2.56549 -1.7194
-22.9422 0.0004
-25.494 1.1474
-23.8598 -6.3599
-4.0315 -5.6134
-52.9274 -0.5919
-30.4515 -2.5517
-24.9121 1.215
-12.4727 -1.9489
-9.48344 -1.1854
-7.78319 -5.9995
-13.6108 0.7052
-22.7891 0.2477
-59.7724 -1.0245
-21.587 1.3396
-57.3911 -3.7268
-37.8032 -2.0068
2.1886 -7.9767
-18.3695 -2.8132
-12.6957 -0.4166
-46.8106 -0.137
-18.8719 0.3329
-22.5994 -2.3032
-12.449 -0.5484
-6.7295 -4.3011
-6.87033 -0.8143
-15.623 0.8134
-34.9282 -0.5557
-12.7173 -4.0776
-2.27062 -1.232
-45.8066 -1.0705
-34.537 -0.7677
-33.4368 -2.3858
-40.7294 -6.5095
-15.9436 -1.664
-4.72238 0.1322
-12.4174 0.1761
-21.7508 -1.0864
-38.403 1.6504
-57.7349 0.5481
-19.2912 -1.3653
-94.4099 0.2208
-11.9415 0.3453
-6.61825 0.855
-24.693 1.1208
-11.9149 0.3029
-17.6856 -1.3147
-26.4246 -1.7042
-13.3318 -1.3454
-12.8429 -0.5519
-22.0858 -3.3728
-53.3573 0.8182
-56.8755 -5.0855
-17.428 0.9744
-21.3978 -1.9819
-15.739 0.125
-17.4815 -21.7925
-28.2946 1.6451
-39.1788 0.9175
-66.2687 -4.9915
-64.6897 0.3227
-10.3664 -2.2154
-41.2234 -2.8415
-32.1181 0.4221
-42.8122 -5.5196
-10.384 -6.9215
-11.0621 0.6983
-90.7411 -0.9559
-6.92536 -1.4879
-30.0739 1.372
-50.0557 -3.3458
-31.1438 -1.3988
-18.0872 -6.7177
-18.8644 1.2002
-49.8682 -2.1341
-35.8477 -0.4412
-37.2675 -0.4231
-26.4582 -1.9249
-15.3949 0.4392
-27.3796 -1.4937
-15.0214 0.9344
-9.03673 -0.0186
-19.5864 -1.8084
-52.0686 0.2502
-19.008 -1.0829
-55.3777 -13.7758
-26.4131 -4.0294
-15.1951 -0.7768
-20.676 -1.446
-35.2927 -8.3862
-68.8083 -0.548
-18.26 0.3236
-14.7851 -1.6018
-12.5038 -14.9104
-18.4514 1.3047
-35.8961 -1.6242
-30.1929 -1.1205
-7.22978 -2.786
-34.322 -13.684
-8.56107 -13.3466
-22.1811 -21.9641
-6.14539 -19.5045
-9.51755 -16.1189
-8.99817 -19.676
44.7555 -22.8046
-25.4599 -15.9691
41.0616 -2.1765
-25.3634 -19.4093
-76.6668 -6.6856
-13.4085 -23.0281
-10.1338 -13.9872
7.2506 -14.6899
-27.9632 -15.7952
1.6849 -21.4155
-11.5081 -22.7357
-32.0792 -21.9307
-11.0856 -26.8228
-7.0362 -15.6161
-23.1349 -17.0877
-13.6393 -11.0251
-8.13049 -22.9381
-6.34075 -22.9772
-38.2741 -18.065
-13.7084 -21.685
5.7902 -18.1473
-0.4104 -15.3138
2.677 -5.1601
-2.76347 -27.7812
-13.993 -18.0245
-5.34521 -15.7221
-58.9329 -25.2069
-12.3057 -17.4237
-35.1494 -15.6125
-35.2115 -5.3764
-9.4795 -4.7413
-24.5291 -28.7069
42.3451 -8.5802
13.2478 -7.3368
-32.2255 -22.3545
4.0902 -15.5838
-14.9491 -13.6655
-29.5003 -13.5029
-20.884 -24.5598
35.5717 -6.5589
42.78 -31.4532
-44.9484 -9.0669
-3.95005 -5.0082
-41.5879 -12.0897
-22.8509 -13.2006
-4.47553 -5.7846
53.4486 -3.6283
-9.19803 -18.8005
-18.0389 -18.1998
-52.2427 -15.9296
-17.837 -9.8704
-10.2695 -20.4526
-53.7483 -1.6262
-32.5136 -12.0206
-30.4073 -12.9675
-9.11055 -21.9755
-10.2787 -26.6739
-16.2824 -4.9476
26.5246 -30.6964
-36.912 -21.6005
-11.1081 -15.498
-19.3275 -16.979
6.0303 -13.2651
64.1233 -17.9659
-29.5801 -20.6342
2.995 -9.1702
-33.9815 -22.826
-38.8725 -23.1803
-11.4546 -5.6519
26.2303 -9.6448
1.5901 -27.6865
-42.1875 -8.9237
-30.6529 -20.5693
0.7275 -19.9826
5.8685 -2.2076
-34.6731 -3.3494
1.9831 -0.2808
0.6379 9.77047
0.6119 4.8918
1.2855 0.0494
0.3281 3.6799
1.5739 5.83821
1.3867 3.8321
1.8814 2.5495
2.5046 -3.0041
-3.81454 8.54219
1.0954 4.5487
0.5677 -0.4003
2.7813 3.9355
1.0255 1.1491
4.8813 7.54688
0.9125 2.8643
0.3794 3.872
1.1931 -5.9229
0.4977 13.6864
2.1499 0.4742
0.7476 0.4146
2.7892 -2.3738
4.5902 6.65437
3.5425 8.17105
1.5621 2.9149
4.6769 -2.8409
0.4168 2.5324
2.5658 -2.6265
0.3278 5.422
0.4211 3.0896
3.8583 8.25725
0.3357 2.8514
5.1358 7.08094
2.3962 -6.7393
2.0868 6.37225
1.9929 2.551
0.9969 7.34357
-9.48154 3.8942
3.6681 13.6034
4.3594 5.40818
5.7265 -1.1752
1.4253 3.3451
-2.22121 6.773
6.2567 3.2196
3.6084 6.75344
2.4758 4.3489
3.5566 9.29279
1.1771 13.2723
0.348 4.415
2.4256 1.1355
2.0106 7.67844
0.1512 7.30404
0.3508 3.7651
0.3975 6.921
3.9076 13.7598
0.4002 4.3449
5.9217 7.22538
1.0097 3.1148
2.4143 4.3256
0.7478 0.7579
2.9044 1.5791
2.3935 13.5513
3.237 5.42126
2.9566 8.65231
23.0923 4.9313
2.2217 1.9876
18.4548 9.035
13.3007 1.0257
8.3256 3.3777
1.1186 6.4615
4.4821 6.70058
1.08 2.4588
-0.09331 -0.8833
5.2856 10.0509
0.9454 0.7268
28.8458 7.608
1.8529 -6.1122
8.9665 5.82976
3.6689 3.7212
1.0799 4.1708
3.9087 9.55597
1.8404 7.42387
4.0167 3.4762
6.8248 4.655
1.8461 6.68638
18.8588 -0.0655
5.2685 0.6317
7.671 7.372
4.0304 6.57531
11.8033 7.05912
5.7261 2.6054
13.5826 3.9419
13.4549 0.4039
1.862 1.9749
4.6101 2.5459
3.5382 0.009
0.9218 3.3017
14.4996 5.16762
3.36 9.33414
11.7178 1.0666
9.5343 3.0924
1.3956 1.0603
3.0057 1.7272
3.4811 1.4005
6.6018 -15.1783
11.3696 7.9505
22.8204 8.28256
1.2169 8.27018
6.9825 9.46139
12.5976 8.82556
-4.74132 -12.9053
11.4704 6.6755
1.0635 5.10088
9.4102 -0.4824
4.8916 1.8375
3.8174 5.73569
8.9977 -1.4456
1.0027 5.99512
1.2595 0.391
1.0502 -2.0499
1.995 2.9799
6.9572 3.5173
7.2353 6.58269
1.9056 2.2572
6.5593 0.0863
29.4815 2.1478
30.2377 -10.1784
46.4215 -1.4725
7.1561 -2.1671
4.869 -2.5009
25.4468 -4.8648
49.4355 0.0737
14.0078 -3.9405
5.1542 -8.6824
21.8762 -12.1405
14.7272 -1.1987
51.584 -2.007
18.0302 -2.3405
66.753 -3.6879
9.095 -0.7717
3.2309 0.7254
63.0805 -1.4042
23.1647 2.1753
34.9625 2.6513
36.5784 2.1588
58.915 -8.6959
36.4529 -6.1485
17.4566 -10.2762
72.49 -14.3116
3.5523 -1.2743
93.098 -2.1713
-10.542 4.7431
9.9271 0.3555
-2.32888 4.6224
3.5346 4.6446
3.7601 -0.538
2.7894 2.1605
-4.04136 4.3211
2.1429 4.1402
1.6916 1.0325
1.3336 3.0454
-7.339 1.042
-1.34234 0.8684
-4.06297 0.4979
0.8659 2.2358
1.8386 5.40392
-3.36545 2.5655
-9.30905 6.329
-4.25177 1.5867
10.3636 0.2716
-2.36174 4.6029
-4.27445 5.3766
-11.5758 3.2163
-8.07925 3.892
-2.35862 3.4314
-3.35917 5.15729
5.9114 4.9385
-1.23376 4.4446
1.2523 2.1587
-0.37332 5.03616
-0.52196 3.1665
-4.02904 3.6758
2.0644 -1.486
0.5336 3.7456
-1.81783 1.1763
-1.98917 5.38494
4.5046 0.5044
5.6782 -1.9306
-16.3697 3.6853
1.4859 3.0159
-19.2282 4.175
-4.06058 4.2381
0.5956 1.4664
1.3065 5.81153
-5.65798 3.5504
3.9388 0.2796
-6.77663 2.6602
-0.86334 4.2943
7.5803 4.3016
-6.37099 4.2287
1.4165 1.1982
0.878 4.4074
0.558 3.1439
-9.25135 3.6098
-7.14245 3.0008
-5.71895 5.32691
1.3932 4.2844
-0.30541 0.234
-3.41212 4.1965
0.9868 4.064
2.8159 2.6259
5.9567 4.4261
-3.74319 3.5851
9.5101 0.4192
-7.61069 -9.0544
2.5413 3.9185
-0.94862 2.6457
3.5245 3.9063
3.5106 2.3299
1.4322 0.1767
-3.15317 1.6051
-6.43703 2.0418
4.4639 -2.7814
3.8867 5.25335
-5.84649 1.9916
-17.7512 0.6701
-3.5024 1.8692
3.5199 3.5499
2.1059 4.6104
-3.85689 3.8404
1.0938 1.463
3.5125 4.0545
0.8145 1.5328
-5.04404 4.8556
2.6543 6.33186
1.5415 3.6073
2.7487 3.3024
5.4866 0.5414
2.1683 4.5315
-2.27244 0.5903
0.969 1.7589
-2.69838 4.9166
4.253 3.9374
-4.35799 4.7773
0.5028 2.2102
0.821 0.6129
-2.69533 4.4441
-12.5278 3.8519
-25.2975 1.7792
-0.25366 4.5238
8.2644 3.5769
5.5786 1.3622
-7.1599 -2.0899
7.2477 -0.5658
3.4974 -0.9582
12.395 -3.0565
7.1871 0.7733
8.3384 1.7206
16.3042 -1.1054
1.3107 -6.8623
2.9857 -6.425
4.0056 4.1392
4.3535 -2.593
21.4052 -1.8039
-4.38747 -0.5915
2.1787 0.7202
14.491 -8.8959
11.3654 2.105
-7.4898 2.2952
6.0824 1.5174
0.3436 0.5807
6.678 -10.0492
3.3867 -8.4471
4.1241 -4.4712
-3.52953 -5.1125
2.4673 -3.8984
-5.5465 0.5199
24.5122 -1.5509
1.6353 0.593
-2.05525 -0.5125
12.7846 -2.8312
-1.37018 0.5234
-2.06459 -0.4367
14.5682 -2.1186
2.8864 -1.545
-3.4424 -3.031
14.2195 -3.1891
-5.01886 -4.1585
-0.00043 1.2636
25.2373 -6.7634
1.8019 1.1096
-0.10103 -1.5191
2.2252 1.26
5.575 -0.5707
5.5306 3.2492
0.0835 -3.2688
-8.0968 -4.9917
11.7239 -12.3067
-1.0728 -1.022
-7.43005 1.4623
2.7494 -4.784
-12.0332 1.4946
4.9564 -0.8026
8.057 -4.2446
-12.948 -1.2509
-5.43795 0.7428
-2.1263 -4.9847
-4.00772 -0.9973
-11.078 -1.0231
-6.7407 -0.1994
-1.17434 0.1723
-12.9652 2.6852
19.439 -9.9192
2.6042 2.4012
-3.79089 0.9752
-6.81603 -4.1303
5.7864 2.8954
-1.36748 -6.0525
2.1986 0.7109
22.7433 1.7413
4.1417 1.3179
-2.9843 -2.8618
10.1736 -0.8726
3.6068 0.0055
9.2166 -7.7801
5.0682 -0.6839
-2.89261 3.1195
-5.23407 -2.9973
-0.73202 0.3287
-0.02561 1.7897
-2.1037 -0.4741
-0.04429 1.8469
-2.32595 -3.0926
2.5887 -0.7739
4.5842 0.0216
-8.27675 2.0853
-4.90365 0.7329
-2.89349 -2.2418
-0.75598 -12.9395
-4.88748 1.5911
3.8593 -0.3514
-1.2262 3.2093
4.3318 1.3939
7.5631 1.102
-23.2063 1.1365
2.3453 -0.293
-2.42465 -2.7528
2.6084 -0.5652
10.2129 -1.3836
7.8828 -4.3117
-1.78981 -4.5286
19.7129 -12.8871
1.2402 -25.3393
5.3857 -16.8391
101.862 -9.885
45.265 -15.7989
17.614 -12.0282
24.5877 -16.6957
29.9475 -32.2685
8.562 -28.9664
1.6872 -5.312
-9.50584 -14.4873
-0.18771 -23.9674
-4.4756 -14.0076
4.5121 -7.3302
8.6736 -22.949
44.3879 -6.0364
8.9358 -2.1116
25.8798 -17.4519
-8.93425 -3.2596
76.4273 -4.5374
-5.87086 -17.6641
3.3235 -10.6334
6.3897 -16.2514
40.6898 -8.0451
1.313 -9.6251
20.8225 -11.8247
57.3275 -0.9291
12.8924 -8.2692
16.661 -14.9156
43.0124 -15.2668
27.1061 -2.8269
27.3544 -19.7993
5.9249 -13.6308
34.5816 -39.1278
20.8816 -14.9669
45.1124 -2.7737
52.9682 -19.8275
31.8746 -6.344
1.6141 -4.3434
4.1159 -19.1862
5.2342 -4.1419
35.6675 -3.2164
-11.7185 -16.8284
20.7023 -13.6427
51.9595 -16.9643
17.0182 -7.8346
60.0578 -11.7354
-0.89405 -33.3495
-0.9258 -20.2482
65.7223 -24.7946
9.2051 -5.8518
42.2326 -3.55
19.9587 -16.1489
4.9591 -13.4756
-3.14357 -18.3312
-6.6534 -1.5747
1.7988 -15.3096
74.6445 -11.4138
