-9.7715 -55.858
-42.781 -0.437
-45.7018 37.1162
-240.296 20.77
-55.7815 -7.844
-96.728 -128.902
-3.4186 -91.753
-158.772 -132.534
-51.6617 -24.179
-75.0547 -48.068
-80.0815 -58.366
-75.8704 -171.236
-59.3108 -36.752
-116.891 -68.339
-60.6182 38.5957
-0.8241 27.0844
-120.347 -86.789
-51.638 -192.457
-2.2976 -6.688
7.32499 -93.803
-108.583 39.2839
-69.2709 -536.635
-98.238 -26.204
-92.57 20.6251
-75.0965 -2.259
-12.6752 -0.666
-62.5792 -259.942
-31.9943 24.8681
-25.6078 31.0687
-10.4442 -97.14
-68.3577 -5.101
-43.7043 10.5257
-6.6213 21.4107
-122.257 26.59
-168.154 -8.653
-42.5129 38.2049
-22.4107 -38.894
-103.812 -26.967
-18.5666 -36.334
-133.226 -8.408
-61.5633 -17.699
-23.4669 38.2017
-25.4205 -1.079
-18.1946 4.8325
3.76405 -32.114
-0.2336 -157.27
-121.447 36.1106
-164.374 -77.196
10.4998 -62.45
-11.944 -31.921
-67.3307 23.8719
0.93158 22.7613
-46.6658 -36.449
-70.1887 14.6506
-83.4918 -32.685
-113.394 -18.785
-72.9139 -34.43
3.88257 25.4906
-33.5601 -72.344
-71.6158 26.9725
-77.0291 -14.265
-29.3765 17.8693
-17.2084 37.3968
-1.0794 15.9531
-29.2225 -2.929
-65.2419 -23.903
-2.6941 -43.721
-73.9999 -143.93
-46.8849 30.3344
-245.975 40.3994
-170.499 20.11
23.8905 -58.334
7.9224 -10.489
-41.1708 -463.724
-79.5498 12.7163
-7.2716 -60.594
-198.185 35.6687
-9.4647 8.9375
-23.8679 26.4675
-58.5348 -50.632
-74.1839 1.5638
18.1657 -305.466
-39.2955 10.2119
-38.6756 -152.481
-77.2827 -21.108
3.76525 -37.98
-40.377 -98.107
-108.984 8.5056
9.0034 10.4675
-97.481 -70.065
-42.321 3.5518
-137.429 -250.642
-86.2138 -25.133
-83.9292 -69.665
-122.999 -96.137
5.93799 21.2194
-265.138 -95.511
0.56055 -57.624
-41.6606 33.8894
-100.316 -24.564
-139.132 15.5476
-74.766 33.2438
2.90625 37.2026
-109.029 5.255
61.0052 -2485.11
-15.8296 -21.794
-42.1861 -34.086
-30.0936 37.834
-93.517 13.6119
-1.9663 20.2012
-1.7693 0.5012
-33.7919 -14.018
-2.1141 13.2362
-0.5878 14.8863
-1.2596 -19.266
-7.6239 40.5682
8.38485 -48.176
-113.879 25.3031
-70.7006 36.7126
-19.3429 27.3612
-179.392 -10.636
-24.3522 -5.431
-34.8552 24.4419
-79.6086 -154.349
-39.7144 27.1031
5.08059 -404.06
-87.3694 -109.162
-80.087 -197.061
-48.46 -47.101
-145.399 20.045
-50.9979 -83.308
-18.8792 -17.809
-67.1627 -38.959
-136.275 -15.387
-61.5396 32.3401
-63.0522 -46.079
-203.015 -49.737
55.9198 -5.553
14.9979 -22.607
-95.365 28.3756
-17.3907 8.7331
-126.758 -0.821
-17.2759 12.7532
-0.5211 83.8702
-63.6788 -97.581
-6.4703 -83.61
-81.2685 2.0945
25.7695 -34.064
10.5252 4.2438
-9.8443 39.2427
-0.3691 -7.244
27.0286 -299.394
-29.3296 -1.306
4.89905 -209.332
-92.196 -40.886
-111.64 -23.553
-61.3694 -15.433
26.2153 -172.534
28.5501 -67.54
-57.3979 -3.391
16.9603 -31.192
21.9246 -19.2
5.0032 -12.726
-802.507 42.9331
14.5637 -116.677
28.3274 -33.909
-138.826 -21.463
19.9933 -21.498
-73.1367 35.5988
-13.8742 26.5006
-49.9161 -83.281
-30.918 -38.868
11.9428 -14.157
-149.181 38.5837
46.7246 -108.591
-3.9466 29.615
-40.2855 87.5003
-83.1005 18.1019
14.0123 -29.977
-36.2317 -21.817
-33.6385 -62.538
-785.863 -62.041
-12.6072 18.9918
-5.4865 82.9966
-70.5936 -17.996
-111.515 -48.785
-29.7429 -321.687
-53.7698 11.2325
-105.393 36.3475
-135.834 32.4956
-452.612 -31.497
-93.071 -153.581
-150.508 -0.977
-154.948 -81.196
-74.4344 -31.522
-345.88 -23.023
-88.9835 -5.936
-465.461 -1.112
-979.696 -34.243
1484.9 -34779.5
-174.379 -12.891
-218.47 -70.76
-181.852 -46.781
-268.33 -80.96
-251.514 -107.755
-178.562 -9.591
-1024.46 -83.32
-107.386 -26.976
-87.4459 -114.745
-436.737 -67.06
-128.566 -76.469
-184.773 -44.419
-489.558 -12.433
-228.81 -117.75
-277.151 -124.525
-147.372 -25.477
-288.818 -13.212
-289.114 -23.59
-171.238 -13.941
-346.73 -60.475
-330.009 -1.902
-141.163 -112.166
-107.551 -22.757
-314.701 -11.269
-313.845 -13.922
-523.994 -6.645
-82.296 11.8535
-503.964 -36.717
-503.419 -11.522
-494.266 -3.729
-196.266 -106.917
-146.569 -114.934
-376.638 -61.76
-266.208 -45.971
-109.521 8.585
-173.668 7.977
-221.633 -20.54
-71.6722 -30.335
-383.695 -155.147
-110.815 -16.684
-136.285 -28.507
-203.208 -17.998
-154.397 -22.513
-199.009 -13.45
-357.888 -18.516
-136.63 -3.573
-308.425 -33.656
-279.592 -37.292
-46.9937 -5.676
-384.41 -123.93
-198.744 -25.61
-151.822 -121.353
-112.807 -176.62
-92.117 0.029
-80.4077 -15.638
-300.568 -24.694
-93.237 -15.534
-553.256 -38.43
-296.057 -14.691
-288.362 -96.82
-92.001 -38.736
-74.0901 14.925
-185.241 -26.921
-207.519 -27.055
-707.147 -158.476
-176.901 -21.337
-185.221 -172.677
-83.6342 -157.869
-102.081 -237.697
-80.7376 -25.008
-96.552 -24.933
-556.777 -45.249
-336.776 -140.154
-76.6227 -147.588
-295.303 -73.716
-327.246 -182.671
-44.5764 -74.399
-297.875 -82.132
-62.1346 -21.252
-461.32 -55.377
-424.207 -92.904
-326.794 -97.797
-896.531 -38.06
-227.096 -29.513
-358.406 4.241
-411.575 -11.853
-130.826 -68.914
-103.38 -7.532
-514.522 3.9835
-72.4813 -34.892
-174.173 -24.07
-900.791 -23.809
-155.139 -33.996
-302.468 -5.108
-717.273 -48.303
-278.248 -9.624
-113.564 -36.682
-707.204 -168.784
-73.3536 -59.831
-165.505 -38.899
-66.4868 -6.455
-94.581 -0.847
-997.79 -48.951
-291.26 -17.576
-359.74 -2997.77
-145.921 -98.149
-144.546 -14.135
-143.201 -0.236
-65.7202 -29.226
-83.7767 -46.484
-95.152 -13.26
-488.332 -79.879
-697.431 -360.277
-86.0666 -6.983
-81.1221 -49.041
-90.628 -15.015
-69.1383 -21.106
-180.6 -58.298
-218.355 -30.6
-174.541 -18.623
-259.391 -8.586
-428.27 -79.4
-291.726 -6.893
-237.401 -13.114
-279.267 -12.404
-191.392 -1.28
-302.236 5.787
-80.1162 -0.382
-717.992 -71.276
-307.289 -24.246
-89.9451 -1076.28
-283.648 -5.092
-121.204 -36.13
-353.837 -17.515
-246.369 2.4665
-133.158 -29.069
-160.083 -13.118
-181.983 -40.827
-196.94 1.0445
-193.352 -40.219
-177.445 -4.044
-95.902 -29.056
-652.34 -3.535
-830.053 -79.112
-173.258 -19.863
-550.877 -29.441
-202.339 -147.123
-506.519 -1.277
-492.616 -71.394
-297.068 -89.619
-177.458 -6.931
-189.332 4.135
-250.134 -15.061
-80.2524 -14.052
-853.729 -125.119
-149.018 -32.07
-183.687 7.1845
-30.6142 -176.202
-190.911 -21.446
-461.523 -15.197
-239.65 -66.546
-473.627 -370.92
-266.559 -13.459
-424.568 -53.743
-309.63 -4.446
-104.561 -21.565
-672.86 -4.982
-505.868 -98.34
-638.058 -24.274
-79.4343 -221.812
-85.0727 -25.367
-238.405 -40.761
-175.962 -283.18
-220.297 -1.95
-77.0492 -35.323
-180.254 5.4735
-339.328 8.0475
-156.317 -12.932
-1444.48 -119.502
-57.2624 -82.985
-60.7593 -23.454
-374.502 -28.811
-506.413 -590.805
-135.454 -30.928
-81.936 -24.776
-121.009 -40.923
-370.861 -116.411
-118.932 -4.41
-115.732 -5.95
-158.529 -76.686
-278.382 -12.797
-125.305 -24.971
-129.158 -54.256
-765.511 -54.017
-462.88 -24.95
-42.4522 -36.857
-115.192 -74.452
-176.242 -31.456
-270.627 -34.518
-2.0472 -5.945
-296.75 0.6
-91.952 -51.76
-377.912 -22.454
-61.484 -10.084
-978.202 -25.343
-141.51 5.4005
-141.733 -81.733
-65.6989 -203.767
-89.2919 -22.131
-119.378 -7.783
-162.1 -6.644
-122.219 -57.645
-143.445 -18.779
-833.774 -60.659
-89.8948 -24.879
-374.476 -117.56
-175.517 -9.516
-92.582 -21.395
-520.977 -40.443
-264.166 -3.263
-179.613 -16.302
-35.914 -19.18
26.3541 -18.879
-600.897 -6.239
-184.867 -25.18
-1263.79 -2116.01
-198.921 -73.335
-74.7605 -13.382
-281.845 3.1285
-440.125 -112.111
-119.444 -33.24
-142.95 -17.495
-110.306 -16.698
-316.684 -32.223
-323.343 -153.685
-132.87 -201.97
-346.12 -24.096
-150.38 -7.204
-260.087 -87.548
-101.201 -23.939
-294.579 -133.426
-421.704 -133.7
-781.907 -77.853
-61.7323 -3.819
-114.514 -21.87
-379.102 -23.753
-61.8026 -17.471
-85.1472 -106.556
-424.773 -182.967
-80.7679 -4.481
-456.373 4.0245
-234.353 -95.671
-78.6647 -13.032
-76.5163 -66.811
-300.659 -205.651
-90.547 -21.794
-94.746 -18.394
-75.6637 -93.142
-174.024 -12.671
-625.892 -41.514
-152 -45.405
-540.132 -114.123
-57.7064 -95.974
-131.347 -0.049
-252.209 -42.946
-151.65 -45.722
-75.0263 -11.917
-63.1442 0.41
18.2012 -254.895
-914.634 -50.019
-112.809 -25.194
-65.7664 -23.753
-216.739 6.3935
-165.079 -44.04
-158.476 -252.841
-1022.98 -45.211
-116.444 -20.339
-1592.39 -339.868
-112.856 -44.652
-216.738 -71.524
-266.89 -143.327
-129.596 -131.224
-36.2353 -59.825
-96.795 -1.197
-52.6936 -10.878
-93.345 -20.82
-635.276 -83.999
-152.711 -2.99
-81.327 -15.371
5.02759 39.2077
5.63348 -69.129
1.34929 -473.006
0.35267 36.955
0.36862 34.2637
2.36188 2.1488
2.87315 14.6819
2.06186 5.6744
1.08794 -44.412
2.11481 54.8072
1.89932 98.3025
2.17553 -19.2
1.20351 -73.775
2.49702 -105.518
7.41908 20.2381
2.79119 26.9531
2.14522 -15.415
4.51879 -10.277
0.47869 97.2418
2.88181 -25.265
0.7027 -35.69
4.41702 34.48
-0.4338 -6.962
4.51008 7.9294
4.9948 -1.51
3.33465 -76.685
3.42127 34.4569
4.7271 55.0071
-0.0167 38.1093
0.48819 -29.891
-6.7579 -12.506
-3.2962 46.758
0.40288 -475.716
0.47938 17.7143
1.95709 58.6351
4.95716 -1.64
0.55245 -14.629
0.3514 1.7818
1.18946 7.6287
0.39861 -31.829
-2.0186 -95.599
4.13676 51.5121
5.78769 -91.844
-0.2053 48.5891
0.17214 36.2293
0.93262 -91.521
-46.3268 -23.242
7.58127 8.8264
5.91354 -117.106
3.64102 -24.648
0.49494 -70.826
3.89627 -1.83
0.36962 -81.44
0.34944 54.1525
-1.907 49.4855
1.59159 30.6838
1.67789 11.2159
6.54617 59.7952
5.66127 7.695
1.13098 8.5463
0.98959 37.9023
0.89649 42.5803
13.273 -38.017
11.3517 96.3093
5.29161 -1.083
1.33014 45.579
1.07397 27.6162
20.2907 28.6574
1.141 25.8812
2.95457 95.8455
12.2084 33.8844
13.9772 -5.892
7.27249 53.4988
29.6855 36.3875
16.8275 1.3684
6.24246 50.2555
1.21363 -36.925
4.78785 -229.413
2.17034 16.0832
-6.5467 -383.445
11.4579 -152.082
2.9832 -8.873
-3.8772 -1.495
7.87664 31.7581
9.14968 -6.161
3.086 -26.928
9.73728 -1.064
3.62279 8.149
1.35517 -5.468
3.30372 2.1191
6.62916 -17.206
7.44161 56.6432
0.9071 -56.993
6.96216 48.8023
9.43022 47.5746
6.53357 43.4709
1.86252 -41.689
1.1582 15.1977
23.6147 23.7437
6.74498 -10.597
-55.188 21.1407
1.60553 -66.37
-2.7669 38.0975
-1.0197 29.5587
12.1869 -12.657
0.93872 -35.208
11.7812 35.1843
12.016 -22.152
7.7479 48.1505
7.87684 17.3088
0.95167 43.8938
1.01154 49.1601
12.3943 -107.506
7.15221 -2.352
4.28494 -79.117
5.4746 15.6925
1.01567 33.8912
10.7736 33.7694
1.12572 17.5487
3.64334 33.6781
78.844 47.073
18.1534 -9.577
33.3976 -440.533
14.9626 36.5106
37.7989 -23.4
22.6326 23.7844
-30.4373 42.4669
10.2724 -22.815
5.02293 -203.307
13.8644 38.6044
20.5583 84.3403
49.8192 40.3221
11.6733 -26.113
59.9427 -13.608
3.35866 38.0658
3.3901 -5.237
67.1428 78.4622
4.45172 -30.506
10.8418 -122.079
8.54733 -27.743
41.7493 44.8901
29.424 27.7387
36.5653 -1.167
-50.7483 -94.165
4.78654 18.7392
-15.7282 14.964
3.65954 35.9482
8.29832 12.0726
16.4247 -15.006
51.241 -7.077
63.5455 -18.178
3.894 40.2769
29.9306 -33.981
18.0816 27.1644
5.28634 53.8812
26.4518 -4.591
34.7706 27.0838
3.59435 46.3014
57.9607 -46.113
34.1678 35.6813
35.7186 -31.925
5.96213 -100.109
13.6527 -88.332
3.28017 -6.661
29.7382 -103.29
87.1342 47.0751
27.2808 11.7655
5.45691 6.859
11.1747 10.7233
28.5483 -36.468
8.96284 83.0839
13.441 -35.705
22.6071 51.9895
20.5861 9.4428
22.4111 25.5049
19.374 -50.421
5.6514 -31.028
-7.1902 7.3235
8.0101 36.483
17.0594 8.2556
12.9958 21.481
-22.8233 9.5661
12.4792 3.187
6.1795 21.0031
-66.5705 -4.496
-91.141 -17.222
-1.347 -27.063
91.643 -128.64
-172.908 10.6319
-60.3449 -8.245
-29.0306 -4.648
-18.6356 -24.266
-33.9922 -8.861
3.2527 -11.227
-26.5545 19.2005
0.49346 42.9905
-99.576 -90.791
2.24798 -10.285
-11.0149 38.977
1.71204 18.0885
4.23695 31.536
-84.1301 16.0233
9.81729 0.1185
91.2447 -51.861
41.484 17.7687
-4.4546 38.0853
-85.1817 -4.656
24.2249 14.2157
-2.5879 11.342
-224.43 -11.372
17.844 25.2335
4.45109 24.0851
-128.368 -42
-184.76 23.384
5.3376 -16.3
-48.9621 16.3205
2.06518 5.4725
-88.5881 15.1159
-1.0265 24.8287
-32.5313 6.7815
-115.994 -141.484
-6.4477 -27
29.2519 4.4275
-5.5554 -32.935
-13.927 -37.554
-98.436 -24.384
12.2156 30.7933
14.1343 10.169
-22.3123 -3.246
9.4768 -10.011
-4.3153 3.365
-56.2652 9.0297
-20.1118 -4.306
0.00949 23.7215
9.5546 3.1133
8.30689 13.3233
-39.7541 -10.145
-34.536 -27.698
-30.5974 9.0435
-21.871 9.9821
-16.9809 -30.211
-21.1649 26.082
-47.3965 10.8816
44.9186 -21.794
9.00275 -27.954
-4.8509 -8.179
14.2976 -24.711
-48.4795 7.3207
29.8969 2.6474
-42.355 6.7257
9.4352 -14.336
-11.8284 -4.95
-281.492 4.3335
51.765 -107.656
-6.2256 -19.998
33.299 11.8661
-44.357 18.4938
6.9888 -37.785
-54.2781 13.105
18.9383 34.1856
-25.2048 -31.491
21.9513 -49.243
-41.3989 12.2678
-64.6142 -11.127
-37.5153 -6.507
23.4398 -11.61
53.4123 -22.816
23.1539 7.1197
-33.5664 7.8017
-10.5275 13.9145
4.31131 -25.371
-2.9059 -15.637
1.08833 -37.021
-21.7113 30.94
-11.3622 38.3368
-19.636 -40.655
-1.2264 -6.086
-65.091 23.248
-14.8296 17.159
13.0082 27.2214
31.151 -126.602
34.3989 28.0115
-97.182 62.1439
-160.849 26.949
-56.0446 -14.101
-6.4285 -35.758
7.45135 14.0396
-78.2937 19.6162
50.6244 -30.889
55.1123 -43.695
-103.023 5.4068
16.5932 9.2826
13.1182 29.5919
5.71108 -0.888
10.0905 -22.471
11.1181 25.585
35.0785 13.5828
-3.5463 -2.694
-270.043 -41.211
24.4156 -27.76
-25.7101 24.7415
-1.7147 2.5414
-50.6131 -12.196
-2.8216 -1.13
50.4627 -17.18
-139.292 24.944
8.97542 -2.928
3.87215 -49.383
-3.3053 29.4005
2.71744 8.5239
24.7387 -2.429
-92.643 10.3846
0.1015 -80.827
9.3486 19.587
-57.311 9.9515
-59.7179 31.6911
-17.0682 19.37
-3.8804 -9.272
-211.218 7.1529
17.1732 -77.508
11.1122 23.2641
11.2327 -13.214
23.7847 5.293
2.23816 -11.075
1.64272 1.1261
42.4342 -44.924
-30.6845 -0.418
0.85088 22.1613
-53.9907 12.3875
-66.0617 5.0058
-32.4788 0.9988
10.6688 25.9372
-83.3672 20.7019
-58.4777 12.6011
23.9159 -36.121
-13.8212 7.1996
4.6987 -57.252
-57.3477 17.1485
26.1069 -18.657
-7.3692 -33.163
-4.0215 20.125
-69.938 -56.958
-16.2048 -23.9
92.246 -223.21
3.4595 -48.4
-38.8752 -0.332
7.19805 30.11
-9.6039 9.5202
1.72195 2.1565
-114.33 30.8115
1.48995 -1.521
-35.4665 29.2772
-69.364 -4.234
-413.421 -77.223
3.94605 1.6851
2.47656 29.7595
-80.4506 15.469
-38.1064 18.2447
3.79096 21.5514
3.0075 8.2379
-35.2396 26.975
-1.9005 39.4075
15.8043 -130.837
-31.3186 -1.345
-90.297 -21.439
11.8023 20.2492
-50.9766 26.0262
-30.8105 -32.558
-56.6609 -52.976
-107.206 17.1292
11.6818 17.3345
-35.1692 -10.008
1.37731 -8.97
78.9107 -91.619
13.1795 22.8337
61.263 11.3905
8.31865 -21.4
-83.346 0.437
3.49045 -8.468
4.6281 -2.327
-153.216 -45.124
-56.9279 23.1262
-32.4789 10.9973
0.61067 24.8821
-368.703 8.7015
3.778 -17.041
5.1185 -69.831
28.2044 7.9498
1.4277 -7.066
11.296 -13.222
-26.3333 -1.108
31.7462 -21.14
-36.9779 16.0085
-25.522 -24.268
16.3944 -8.948
-25.7768 -14.045
-4.7065 -48.526
61.4646 -22.095
58.1579 -40.323
22.7279 -4.962
-11.9084 8.863
25.1706 16.427
24.2001 14.7176
-70.832 -62.307
-56.2894 10.5948
54.3058 -13.106
14.995 -60.997
-5.2171 32.187
-71.2627 -44.992
27.5511 2.9365
-7.9244 19.6513
-19.0867 -5.971
-4.7018 3.3803
-56.1188 -71.682
9.40258 1.2512
90.952 -25.526
23.5461 -34.962
-30.4945 14.8726
4.30122 12.2235
-29.34 -56.559
-127.652 22.262
12.3953 -15.545
-5.1407 8.3909
9.7178 7.7285
49.2475 5.5434
-100.236 8.451
-52.3051 15.3157
-15.9217 16.5759
20.8775 -49.463
5.17715 -0.227
44.9296 9.0275
6.8894 -1.947
-62.5214 17.402
5.21756 -9.12
-13.0123 -51.571
-8.8846 1.3338
-32.6504 12.844
14.3153 28.6791
5.93661 -20.685
33.2725 7.4297
20.899 -21.685
29.3537 1.3159
-189.6 -78.832
25.37 18.3133
-41.9284 16.5243
-45.0253 2.6897
26.2613 8.9951
-0.2295 20.7105
-3.5455 -74.512
-159.307 -31.585
46.4659 -10.667
10.3734 26.3646
-47.5745 -95.594
2.4386 10.7834
31.2299 9.475
18.1975 9.3316
-44.3761 -43.818
-76.9305 -19.181
-6.3609 28.8644
-63.0063 21.5305
-81.1019 18.1531
-44.8407 16.4816
59.2856 -33.868
-26.3543 36.0486
12.6673 16.5155
39.2916 -55.672
34.1239 -27.397
74.9933 -14.356
-8.5386 4.4474
12.1555 5.5267
24.6343 10.6082
48.0918 -73.798
8.9955 -8.289
-43.3355 -54.076
-130.099 26.7381
10.5482 -42.569
-76.2831 -13.953
-20.7304 38.9087
-92.654 -16.832
-30.1239 -2.217
-28.8154 -7.721
-110.896 38.1582
-8.9379 -39.03
-52.0147 -22.623
-25.8388 33.1412
-18.3073 -35.893
-98.067 -47.581
-19.9629 22.1732
-92.129 -2.671
-134.022 30.5556
-97.741 30.7493
-65.4064 -18.278
-27.8143 13.8094
-12.7968 -16.663
-93.226 0.8344
-38.5527 -51.418
-6.9519 -28.97
-38.9233 32.81
-86.184 39.7578
-88.4935 -8.694
-60.3665 -8.426
-79.6573 -15.191
-16.0588 31.3731
-44.6302 37.0263
-13.5407 10.4619
-145.344 -75.983
-162.931 29.0688
-38.9273 20.2313
-22.4275 29.9838
-48.3269 35.1612
-60.0364 -4.057
-121.347 -53.965
-8.2707 -73.276
-16.4508 34.4206
-28.6525 -87.826
-38.937 -15.829
-23.8672 23.9168
-45.8957 -14.59
-75.9067 31.7269
2.70378 34.8844
-20.1594 -47.189
-49.1822 26.535
-22.4751 -25.427
-57.1388 0.2293
-15.3743 -76.223
-63.1887 -65.854
-55.9157 30.0044
-64.4763 -4.526
-16.8991 -13.055
-141.224 -15.726
-55.6847 9.8512
-5.507 -48.692
-26.479 19.0119
-81.3733 4.6
-41.8072 30.2587
-91.349 -101.44
-83.8726 -3.763
-49.7847 -7.489
-38.2025 -65.541
-13.6869 29.9062
-15.109 -16.985
-23.463 -1.403
-81.6802 -30.553
-58.5376 31.2006
-27.4109 -24.883
-22.7115 4.6569
-0.2265 -26.398
8.85898 13.7063
-121.013 32.7418
-88.7726 -21.168
-45.2379 39.8173
-136.91 -5.814
-12.0684 -6.808
-58.7008 -76.281
-20.7997 -33.32
-0.2278 30.2875
-63.0573 -3.483
-99.338 -0.951
-9.269 -18.478
-37.5778 -0.846
-54.8551 31.495
-160.846 22.9075
-14.617 11.7806
-11.2699 -21.187
-2.1022 -2.284
-41.3802 -38.06
-76.894 22.0825
-62.2559 32.655
-36.7959 13.4856
-50.0431 20.5319
-128.935 14.4018
-121.27 -79.332
-68.6752 -47.846
-27.166 1.34
7.5797 14.6625
-10.2214 -3.269
-7.026 38.5115
-71.519 -55.89
-6.5895 11.2449
-1.8804 95.5767
-150.186 -23.606
-91.196 20.91
-0.0891 -138.357
-19.8939 38.7493
-90.574 3.405
-32.6801 -23.418
1.5096 20.9569
-85.7483 -12.858
-380.45 -4.519
-17.2546 17.1651
-98.121 37.4762
-66.7974 -18.072
-42.3559 18.1706
-74.924 -58.519
-54.0778 26.7175
-4.8047 -35.658
-18.802 33.2268
-8.1338 -3.975
-62.7919 21.0944
-120.971 -69.197
-62.4121 0.2771
-99.721 18.975
-48.4265 33.0575
22.2761 33.2007
-122.304 30.4213
-26.0269 -46.508
57.7672 40.0706
-37.8842 19.1025
-32.7552 -9.775
46.2134 -30.581
-122.294 -15.737
-37.5054 14.6588
-19.7614 -48.728
-9.2854 29.4587
-10.8047 18.5425
-69.5293 14.9213
-79.7216 86.73
10.823 -19.567
-56.736 1.5328
-3.597 -5.172
-40.4781 -4.583
22.8779 -36.971
7.6757 23.1594
-1.9469 31.1844
-7.2895 42.7431
38.3818 -206.697
-63.2454 -65.553
2.4703 -5.084
-54.2172 -49.358
-113.865 -46.765
56.0386 23.4475
-53.7535 9.57
-75.8486 8.2413
-92.543 -41.426
-117.243 -29.255
-34.2225 2.0626
-79.0169 14.0568
-8.4137 -27.799
-52.0431 82.6981
1.94977 34.7237
-63.0812 -36.868
-104.79 22.1669
-41.3175 39.4186
49.6766 11.9606
41.0027 23.9125
1.97095 10.1681
-42.263 41.08
-44.9442 -0.674
-25.3733 -44.344
-25.0012 -2.692
-32.5806 8.3762
6.18167 -61.024
-112.576 -52.817
-73.793 -65.505
30.0181 33.2594
1.69545 26.8731
-19.123 -36.814
87.6909 31.3512
9.0536 -282.46
46.7668 -5.249
14.2569 -93.673
18.454 15.6249
-24.9444 -30.845
-108.206 33.0844
-19.1066 6.5257
40.2381 9.8444
-42.2188 -23.272
-148.222 28.7775
15.3216 17.3812
-24.1561 85.7927
-238.672 -45.544
-137.011 -33.717
-395.301 -63.741
-15.1146 -46.718
-364.578 -28.695
-299.304 6.2725
-448.481 -20.095
-170.325 1.5245
-89.8578 0.1595
-520.281 4.2725
-85.2437 -3.568
-144.381 -51.987
-118.828 -17.964
-85.3922 0.9325
-161.089 4.9875
-215.646 -7.621
-65.4895 -7.189
-210.435 -64.166
-549.054 -5.137
-39.3635 -3.9
-414.958 -6.724
-264.346 -58.243
-193.602 -37.29
-68.5707 -50.309
-257.428 -18.702
-63.1148 -45.531
-398.59 4.8135
-94.413 5.5635
-478.755 0.653
-61.9154 -1.409
-93.595 -9.963
-177.127 -9.675
-419.327 -10.502
-360.977 -41.031
-76.4659 -7.241
-100.218 -9.616
-146.867 -13.553
-196.157 -28.554
-72.4699 -19.216
-60.159 -50.226
-52.2479 0.1095
-303.663 0.896
-269.539 0.101
-149.978 -3.794
-342.096 -12.115
-91.975 -25.185
-175.635 4.9225
-1816.2 -229.925
-79.303 -111
-78.7372 -3.581
-34.6762 -4.607
-67.0926 -2.51
-198.346 -19.945
-117.549 -2.763
-73.492 -6.873
-370.326 -14.572
-56.9712 -15.725
-297.538 7.5045
-850.095 -0.07
-181.972 -3.129
-80.828 -15.252
-88.7039 -2.663
-77.997 -0.767
-68.6936 -2.582
-402.683 1.596
-346.584 -0.887
-270.694 -4.504
-93.377 -2.28
-293.467 -28.231
-484.94 -2.88
-53.3865 2.3685
-128.738 -43.115
-112.204 -0.525
-98.17 1.9465
-73.2549 -23.255
-190.803 -16.246
-218.279 -1.461
-279.453 -0.577
-75.3187 -16.234
-56.6185 0.115
-151.459 0.999
-495.654 4.0485
-98.805 -110.94
-98.256 -7.817
-90.041 -13.341
-161.175 -13.382
-100.738 -25.349
-73.3917 -21.062
-102.32 -16.801
-114.514 -10.09
-65.9424 -51.834
-209.802 5.614
-735.413 -19.74
-173.037 -2.222
-647.897 -12.668
-69.7107 0.2145
-113.106 -7.168
-166.844 -0.394
-65.832 -5.583
-80.1713 -12.432
-126.007 3.3235
-113.011 -3.941
-41.3735 -10.742
-236.735 -30.377
-110.305 1.8635
-281.209 -9.209
-225.506 -10.042
-168.395 -15.018
-75.8145 -10.555
-164.244 -52.024
-117.568 -73.566
-370.323 3.2575
-102.838 -4.63
-120.94 0.6365
-414.548 -2.46
-446.235 8.1345
-153.396 -0.883
-91.195 -20.856
-125.903 -10.238
-47.0699 -8.49
-172.206 -31.757
-84.5429 -42.333
-88.0565 -0.541
-713.812 -26.114
-121.908 -3.595
-190.416 -41.387
-200.922 -37.163
-191.89 -12.052
-108.273 -21.691
-67.903 -7.035
-458.755 7.004
-61.4738 -20.498
-245.69 1.2485
-196.798 6.423
-33.7639 -0.912
-90.861 -8.957
-112.323 -1.173
-92.315 -194.48
-64.0865 -11.169
-51.897 -13.136
-176.062 7.3095
-191.153 -8.35
-514.612 12.49
-127.568 -19.779
-113.477 -31.573
-439.243 -84.894
-229.977 0.38
-106.177 3.9455
-189.673 1.9295
-70.2228 -13.35
-510.83 -6.091
-65.7655 -44.662
-175.821 7.855
-162.001 -9.922
-64.1261 -0.581
-53.2794 -15.155
-252.502 3.5075
-247.004 -5.87
-406.085 -7.838
-121.415 7.5795
-395.409 -12.971
-105.309 0.7225
-71.7796 -2.016
-390.749 -7.646
-126.865 -84.008
-98.564 -24.264
-53.8256 1.0035
-85.2777 -15.161
-509.821 -0.338
-173.774 -18.177
-98.704 -38.733
-133.249 2.8465
-71.2548 -140.346
-338.552 1.4785
-171.487 -4.65
-1541.7 -65.225
-102.235 6.1415
-275.049 -13.93
-221.937 5.668
-106.044 7.5235
-72.425 12.8095
-73.1519 -5.316
-128.921 -10.489
-43.3192 -21.183
-84.9924 0.9285
-88.3543 0.046
-92.966 6.0135
-79.9958 -5.99
-86.9922 -6.014
-191.685 -26.447
-63.207 9.7175
-285.087 0.331
-82.9872 -0.745
-84.4778 0.177
-320.477 0.915
-81.2863 -17.654
-173.521 -0.133
-107.614 -5.025
-110.067 -0.323
-250.351 -0.274
-78.8255 -11.707
-399.373 -8.8
-190.01 -6.504
-145.396 1.4565
-247.843 3.386
-42.1334 8.3535
-69.3631 1.83
-524.228 -16.68
-72.0023 -18.776
-48.3461 -31.453
-161.857 -20.068
-236.583 -14.141
-90.818 -16.203
-94.088 4.089
-257.48 -101.224
-211.93 -5.25
-359.269 -2.727
-180.436 -47.492
-127.667 -35.796
-150.682 -101.865
-561.217 -29.503
-473.74 -9.172
-170.315 -48.394
-257.962 -66.454
-348.659 1.026
-189.949 -3.478
-175.399 -65.862
-425.621 -17.428
-141.804 -2.21
-334.659 -9.227
-527.9 -89.51
-224.322 -28.256
-312.884 -46.243
-132.871 5.4265
-655.427 -10.668
-97.001 -4.023
-281.103 -9.337
-60.6559 -9.741
-102.359 3.255
-105.676 -0.497
-85.5981 -1.919
-102.468 -55.99
-141.919 0.3715
-174.355 -29.982
-495.213 -9.637
-86.8247 -2.822
-87.7548 -13.393
-93.311 -4.243
-300.399 -15.582
-185.279 -21.779
-271.003 -40.649
-105.143 -4.064
-90.425 -13.669
-89.1728 4.3365
-83.8431 -16.417
-95.629 -13.964
-269.796 7.2635
-173.944 -25.192
-121.961 -29.62
-599.122 0.482
-58.3982 -24.806
-209.36 0.974
-161.173 7.319
-312.682 -26.582
-289.901 -10.134
-266.831 7.2585
-61.0679 7.485
-300.447 -1.288
-91.978 -5.237
-214.425 3.3465
-159.773 -167.369
-40.5149 15.8775
-89.9785 -7.708
-93.778 -8.017
-469.171 3.6675
-176.757 -54.124
-118.765 11.369
-296.925 -0.998
-95.069 -4.528
-345.976 -1.428
-782.139 -119.349
-88.3363 -1.062
-77.0825 -38.001
-60.1629 -1.439
-93.426 -23.773
-496.676 -7.398
-84.0346 -7.713
-267.123 -15.177
-427.519 -12.662
-397.391 15.1745
-81.0075 3.994
-75.8203 3.121
-228.393 -27.993
-231.988 -2.507
-84.0858 -5.251
-124.149 -6.629
-112.084 1.899
-71.6576 -19.485
-91.306 -9.802
-109.695 -8.279
8.62319 42.6952
3.24631 -32.115
6.05146 44.691
-1.3261 58.924
2.44144 25.7218
-8.3986 39.8041
1.63984 44.8126
3.36167 23.0844
7.9622 44.5065
3.3138 -22.498
0.36388 38.3038
6.80642 38.836
1.42074 -67.773
2.03476 26.5931
1.32152 43.7456
0.51419 13.6299
0.71861 -11.153
0.37833 13.4787
3.30302 34.6331
-36.3772 12.1669
3.24217 47.5127
0.47221 25.9922
3.9016 -20.636
1.22081 20.0581
0.48589 0.8867
1.33079 -120.188
3.35636 -3.24
-24.7701 21.3519
1.58687 45.3758
0.42378 -49.478
0.37172 35.9119
2.17529 50.4219
2.05075 16.4274
0.38652 9.2303
1.12628 47.8888
0.38455 22.1238
2.49897 13.541
2.77797 25.3068
1.85741 13.6649
7.61578 -32.335
0.70474 44.6995
1.07388 34.6034
3.34842 37.9683
1.19638 43.7471
0.37162 -16.485
-0.2825 -123.834
0.34415 98.4221
7.86985 -27.552
5.01821 2.5788
3.01809 57.423
0.14081 -0.161
2.70575 -64.649
0.41478 41.6421
1.60078 5.1347
5.57161 22.3933
6.57349 7.0435
-2.7717 15.233
1.05729 -18.264
-0.4261 11.2688
1.82262 54.1266
3.44776 53.9322
4.37283 -19.609
0.96538 -0.014
5.4519 4.9632
3.22711 -2.212
1.25704 -105.358
3.38658 36.6819
-11.6714 23.4487
10.2498 40.584
18.7317 38.2234
9.91937 45.7786
-3.8914 57.6713
6.78902 40.0515
-46.3436 22.3619
2.17725 43.3286
16.322 53.3185
5.4341 0.3288
-18.4815 -36.237
4.33697 -2.404
5.4387 39.0249
1.09559 -53.513
17.3178 44.568
1.0934 41.4669
6.9873 53.2939
6.65899 -7.183
2.30761 -9.159
-0.28 7.3306
5.71719 -17.593
2.0073 -55.19
16.371 33.9806
1.4653 24.0412
3.64074 47.9689
12.9756 95.3703
8.2904 20.2769
10.0813 50.3024
15.3945 -14.736
20.6879 -20.333
1.18594 21.4929
10.5677 -173.116
1.02834 39.8563
11.7407 -39.064
12.1478 22.3141
18.2694 35.4031
1.08048 46.4055
5.88198 10.429
-12.5755 54.4757
14.3896 55.7155
4.17794 42.011
6.64221 46.621
1.23503 7.57
1.15506 -0.321
12.0982 47.2229
3.25077 57.6334
16.2786 35.9818
5.41838 57.8199
34.2518 4.885
0.87805 28.4588
8.94278 34.0906
1.23999 23.2229
3.06336 48.3462
2.05096 35.9968
13.3558 13.6396
-1.4417 13.4393
10.4721 -88.935
8.06625 32.3019
9.49109 53.7656
2.2861 -56.765
13.0599 -5.904
1.11647 55.9775
8.2722 46.571
5.05237 -32.167
5.0983 45.2781
3.4215 -52.846
7.25409 -7.452
14.0969 23.9006
12.0211 42.2971
10.5076 1.334
3.52061 23.6012
2.00607 26.5919
3.73447 30.7387
31.2759 -23.006
63.92 -5.505
10.88 54.5095
31.1812 58.4671
45.6757 55.734
55.7405 2.7372
93.7465 34.6782
25.5113 24.8509
8.4872 -84.379
16.3131 21.8632
46.3427 22.8662
3.52941 63.1518
21.3188 -9.298
44.6358 21.7007
3.50728 52.8915
78.697 -1.52
3.67551 -25.169
13.1648 24.0845
4.37595 14.1793
61.6174 -10.134
19.4057 -8.465
35.2753 47.7836
13.3415 18.4524
41.817 -38.329
24.7659 1.155
-9.5088 23.1354
49.2055 -443.803
12.1334 49.9989
4.36945 14.1481
3.89077 4.311
7.06518 -28.083
31.874 31.7258
32.7967 -4.846
17.2818 -99.516
11.7691 86.2032
31.8657 87.4964
4.70252 -1.396
48.6904 47.5764
22.5536 -22.228
12.1391 56.2302
25.7483 11.825
3.84378 42.2164
7.81578 33.0044
71.589 25.6569
-148.38 -46.978
11.3329 62.9703
4.69749 41.6971
-39.3962 27.8313
53.797 26.3175
58.36 20.6007
20.926 8.8708
3.64495 51.7008
9.47613 -11.96
3.29466 41.0271
4.17656 1.7702
42.0482 87.7308
15.2386 33.5469
24.4871 -28.964
-0.6166 13.5177
-66.0496 31.4825
33.9633 2.831
-24.2815 37.4677
28.8982 22.703
18.3539 6.7114
-94.908 3.2159
8.0898 28.4582
-112.961 28.787
-22.4787 3.307
-38.7013 14.2544
4.14461 0.6807
-7.8118 17.4302
-60.6029 34.9508
-115.279 27.3002
10.1822 21.8488
-96.267 33.5456
-35.7246 20.477
-25.4941 22.6195
10.6861 26.9969
5.7853 19.2163
-31.5081 23.5353
10.316 19.4159
27.2063 21.3988
-31.0153 21.57
-2.7595 -17.967
14.3515 20.46
2.12186 7.7989
-30.3956 26.4115
1.41399 40.2303
-20.7845 -1.405
-124.835 14.0838
-36.0258 29.5311
5.68975 24.2703
10.8247 -1.25
-42.7292 12.5829
-25.6142 23.2362
-100.98 24.4961
-3.3239 10.7803
-9.5885 27.3198
-33.8599 22.303
26.9636 25.8029
-24.1291 6.2506
-50.0094 10.5879
9.0271 -6.481
35.1742 20.449
0.16224 8.464
8.7317 34.2787
37.7257 20.9978
-0.5045 31.3648
-143.029 20.2882
-26.7654 34.2109
0.89113 45.7271
-19.4455 42.5885
8.1685 20.4464
5.4101 23.0294
-16.004 -30.051
-20.3544 24.8116
-183.585 36.4364
0.98147 28.659
-55.5123 21.7319
1.87573 31.2073
32.4505 20.4376
9.9576 22.642
36.5099 15.6684
-18.6646 48.1687
12.2288 16.5879
13.3885 31.3372
-24.6137 23.9941
108.44 -101.839
-47.7918 30.5156
-5.1202 16.6818
16.6764 7.4844
-32.2274 10.2023
-6.8108 29.8118
90.3492 -177.613
3.15329 24.1115
-17.5222 -10.453
40.5089 -22.013
0.60175 28.6576
21.6536 5.2453
-18.2538 22.9046
-37.0074 -8.427
-10.3674 5.5206
16.6373 11.6232
38.9372 1.4112
-0.3192 31.3467
2.83509 4.2318
-36.8295 27.0343
14.7155 23.7985
-74.1379 13.1577
-87.7812 29.5481
-13.6826 0.8308
4.1887 50.4359
12.5981 -14.17
42.662 -4.14
-35.6294 12.8055
2.34497 8.828
33.6419 -10.696
-3.2602 20.7837
-189.897 16.3212
-16.8789 22.259
24.8075 8.2351
10.2875 13.4327
11.556 -6.216
1.16895 21.3029
-23.9241 13.4044
24.2174 6.8239
-93.46 27.4535
-45.2007 6.0015
-14.675 -33.089
-15.5559 19.5431
4.5494 13.5575
15.0479 14.2006
-38.9571 20.8252
25.469 -93.285
28.5089 7.0819
-115.07 0.5033
15.6337 20.8639
4.18635 15.4669
-115.323 19.8098
24.9406 31.7862
-60.7271 24.23
-30.77 16.0345
-91.605 -26.441
-41.2386 11.4067
-54.1247 25.0667
13.5681 18.3883
10.6021 0.6546
1.04635 13.9949
28.8473 -11.225
16.1103 21.7844
-15.3433 15.4799
-11.0122 34.7895
6.2982 18.0739
-0.7854 3.3272
5.96945 13.4188
-8.6368 13.493
-30.4787 8.5069
8.617 21.4263
-7.0862 10.638
44.6684 -19.906
-22.8853 15.4504
2.17365 29.9093
20.6849 -19.664
-14.3656 8.0341
-3.0115 26.6327
-0.0024 28.9532
-35.8631 16.444
11.1559 34.0018
18.6004 9.6428
-55.3844 29.8297
5.96095 19.1696
-108.603 39.4815
-72.1369 0.2122
-5.429 23.8047
-2.7442 29.992
1.0984 13.8704
-33.8109 14.8074
3.6026 23.0679
-78.701 23.592
-0.1925 11.2958
-1.318 2.2101
-14.3078 29.238
-131.049 -14.925
21.094 -81.911
-89.0125 1.0459
0.02103 40.4845
-5.7492 36.9635
1.4648 24.2005
-65.9971 20.0003
12.5739 15.5384
-51.8337 27.3599
15.0284 12.8635
-147.079 -31.519
0.587 14.4301
-7.5351 18.1022
-39.0861 14.502
15.3943 -2.849
-45.4496 19.2421
-10.5339 17.65
11.5846 1.6727
33.6494 -46.031
10.9792 17.5314
-27.5984 20.1672
8.00412 33.6251
3.47645 33.0875
16.3758 17.852
-41.8688 17.021
-26.4379 35.445
20.1493 -12.519
-17.2361 11.7097
-18.4404 22.8929
-111.501 12.2593
14.6648 15.971
-14.607 40.256
-13.863 20.2203
-38.5425 10.874
-35.0162 34.0342
3.39845 39.2816
73.9573 -43.723
-92.826 25.706
-69.754 5.2315
-73.7575 11.9222
-1.0705 12.329
-2.3022 7.7973
35.968 -7.626
-31.7236 -46.075
-62.969 24.8438
25.036 -13.035
5.6855 -58.239
18.5012 21.3448
27.5609 6.5845
-39.9182 4.3124
16.2275 10.7804
-0.8967 -76.185
-54.1361 1.2898
8.9725 -24.614
-14.178 -5.636
-22.592 18.2941
-16.9669 15.7831
20.9176 -16.234
163.933 20.5968
33.6644 9.2166
-11.635 0.358
-6.7429 22.9241
25.114 10.1293
22.4759 1.0577
-81.243 39.2367
41.3044 8.4081
10.7409 5.3173
5.4247 17.677
-46.6512 21.1524
-2.1677 12.763
20.0205 23.6483
15.3675 11.584
7.88955 24.8991
-14.0099 -2.266
65.2321 -98.591
36.5734 20.2518
6.9639 21.0598
16.9069 25.7935
-52.1366 6.9849
1.38945 -16.05
34.6035 0.391
-25.4704 4.7796
-23.6616 14.9695
35.6893 2.3005
6.16175 4.0694
-14.2747 7.4725
28.6386 -8.724
10.4756 22.0421
-50.4932 12.7065
-17.5095 12.9312
-8.004 5.9116
14.2931 29.216
17.5721 26.4083
-69.3561 17.8457
5.01825 -9.557
-99.405 2.2105
42.0254 12.3933
-14.4051 10.6525
-13.6415 8.477
-8.8074 26.1222
21.0582 15.2706
-82.4922 8.9176
16.2609 -4.751
62.9877 -142.113
-0.7172 12.8875
41.0018 -10.155
5.3085 4.1611
0.30965 -5.747
-62.0097 22.0687
48.3216 34.1046
2.21713 6.9082
0.72145 14.498
-2.8911 25.8345
17.8801 8.7614
-65.0876 -1.315
24.7883 9.9588
8.63435 21.1153
7.35415 3.8081
1.37635 9.09
2.5339 -3.687
40.6765 -13.535
54.6712 -10.376
2.66774 17.2887
4.58575 6.3413
-72.3339 -8.309
-64.1413 39.4869
-4.4158 6.497
50.4134 3.5967
7.24324 8.5553
-22.5046 20.7901
61.535 -55.418
-149.348 -10.713
-106.461 8.9535
4.81485 -2.732
3.1393 -9.631
19.8425 2.392
-51.2975 -46.822
-42.2997 32.7631
-50.8751 -19.298
-102.496 -28.682
-8.7827 -100.683
-0.5732 24.9406
-13.5645 -2.717
-11.6517 21.1488
-52.8229 20.7849
-58.8672 31.5588
-29.0041 -20.963
-48.0505 -25.936
-22.9445 34.523
-24.7199 5.935
-7.8913 30.0431
-154.687 36.9487
-27.9223 28.3606
-0.2389 -6.624
-102.338 33.3251
-26.5992 37.9617
-69.5728 -104.083
-1.7604 -23.43
-31.7523 23.3587
0.06835 26.7582
-63.2258 3.1251
-69.7304 -3.94
-14.0839 -17.839
-73.7257 18.0043
-96.772 -11.163
-64.3633 23.4462
0.66348 27.0687
-5.1156 17.435
-7.2495 -4.213
-134.673 27.1081
-82.2864 -2.301
-29.2236 -108.196
-21.8716 31.5663
-14.8554 28.49
-21.6029 37.5587
-122.42 -15.95
-54.8529 31.5156
-42.0448 35.2288
-40.1754 -38.584
-62.6584 28.8512
-41.9028 -14.501
-50.0532 23.6063
-85.6516 38.1263
-176.332 -59.703
-107.215 -8.662
-3.6319 33.5087
-95.891 -130.841
-37.1293 -40.156
-6.6276 26.4094
-35.9504 -10.34
-39.5718 34.5375
-28.5525 3.6418
-96.702 -11.547
-92.666 -11.074
-22.5881 15.4476
-53.3549 -59.604
-2.0004 26.8594
-77.7548 -7.978
-98.418 -24.515
-30.1993 17.5857
2.80691 12.9781
-44.3637 -35.163
-26.7133 -24.983
-69.6987 -2.155
-45.1579 39.5838
-62.9054 18.1844
0.92943 -13.758
-45.0614 1.4151
-11.2815 -12.524
-1.7393 33.6537
-6.2893 -18.5
-93.067 -44.82
-53.6038 33.7601
-97.415 39.0188
1.5555 -13.535
-145.885 37.8511
-44.77 -29.148
-117.669 20.6562
-22.2796 26.0444
-95.427 31.7551
-8.3333 34.9807
-85.2841 -33.965
-1.2284 13.3713
-33.033 25.0044
-3.8316 33.9851
-34.9119 -2.545
-11.3571 -23.952
-97.315 -118.88
8.28115 23.4362
-74.8647 -28.339
-27.5891 11.565
-4.7428 12.9818
-2.4403 30.7449
-135.787 -12.343
-36.6718 35.7307
12.9211 -20.137
-31.362 -19.338
-73.5257 -6.451
24.2175 16.5657
-52.6263 32.7719
-82.1985 12.8037
-74.6512 -16.704
-17.5149 -36.762
-67.9918 27.5831
-9.8781 -7.757
-43.8076 29.8975
-24.6048 -18.519
-284.952 -11.893
-62.0152 -67.404
-57.7775 -37.543
-40.2884 36.8844
-48.3466 16.8525
-21.734 33.5387
-91.201 -21.139
-49.6418 -19.66
-50.5975 23.37
3.9981 -10.926
-72.8761 -17.188
-1.3415 28.2981
-4.0534 33.1463
44.5405 17.0694
-18.715 -12.101
-175.634 5.5975
-40.6454 33.0705
8.56745 -9.659
-63.8873 32.7237
-30.7471 31.1894
-0.0137 30.1625
-4.2716 -5.211
-51.2208 -15.71
-95.967 32.4544
-28.3153 -38.517
-92.722 3.8694
-2.2521 -6.311
-3.053 39.2071
-79.4116 9.0894
-3.3689 -8.535
-139.653 37.225
-18.1489 25.4869
7.5668 13.0737
-4.8906 -12.56
-37.2428 28.8345
23.6348 -22.497
1.35136 -6.867
-65.5786 28.3218
-18.6634 15.2106
-106.099 25.5837
-74.0284 -121.567
8.99545 0.3297
-36.259 -44.973
-40.9767 -125.708
-89.1298 42.7375
53.4639 29.2619
-68.8252 -50.803
-42.7392 29.0263
-6.6076 -23.33
-4.9691 -7.66
-86.9821 -26.581
-51.3178 35.9494
-17.6236 -11.114
3.7221 -17.837
-23.1366 -63.334
-18.2594 38.3576
0.44955 42.4056
-42.6583 -15.919
2.1722 -15.484
0.89205 27.63
-34.3603 0.9977
28.7591 -14.82
-244.274 -27.659
-96.022 4.4475
84.2388 37.7074
-46.189 37.2244
31.8685 31.0394
5.83737 38.9287
-5.44 -10.992
-122.431 19.8482
-76.8656 -15.037
5.55625 -4.128
-9.6858 4.0246
32.2829 -35.51
-50.7467 -42.834
22.49 31.3844
-109.63 37.21
-66.2223 20.9481
-40.9662 -53.904
-23.2173 -15.143
-92.074 0.4995
-171.459 -12.879
-88.1771 -1.738
-209.745 1.287
-174.515 5.216
-82.7409 6.057
-129.122 -3.785
-84.0812 -1.608
-74.1757 -7.181
-501.752 -0.487
-85.5936 -13.146
-125.718 0.916
-138.817 -4.945
-325.666 -2.126
-255.221 3.0125
-58.2329 4.8015
-170.633 -11.11
-232.383 -1.398
-80.4483 -41.466
-74.6683 -0.732
-66.8226 3.7265
-691.344 -0.001
-110.683 8.7705
-209.998 -45.796
-108.632 2.9955
-38.239 11.269
-82.1948 -7.756
-147.197 1.2065
-34.1687 1.139
-71.6185 1.244
-74.7861 -0.489
-74.6985 3.6275
-199.184 9.4735
-189.883 -19.838
-129.722 2.202
-200.113 -7.241
-457.488 -2.004
-64.4977 -15.218
-464.735 7.53
-95.317 -2.271
-289.375 7.1655
-208.126 6.739
-74.9124 -20.917
-186.375 -6.228
-96.553 -5.544
-69.4348 -7.188
-79.6504 -3.924
-146.303 -2.806
-220.695 9.4895
-90.545 3.9665
-47.4695 2.868
-81.2964 -5.649
-194.505 -50.718
-281.038 4.752
-115.157 -0.823
-205.974 -6.123
-89.6249 2.853
-142.44 -16.871
-35.9421 -3.506
-228.118 6.3575
-371.953 8.436
-263.911 0.508
-75.2385 -5.644
-99.422 -44.038
-165.634 -8.721
-203.053 -4.07
-85.5738 -30.28
-52.6456 -7.995
-79.2211 -0.339
-216.522 -14.665
-130.657 -14.73
-90.795 -1.144
-223.498 -13.272
-232.256 -55.488
-82.8354 -19.188
-231.464 0.379
-144.224 2.9035
-140.019 0.327
-212.534 10.9355
-68.8587 5.643
-98.151 -7.81
-90.36 -1.278
-434.725 7.3485
-66.9121 1.809
-178.676 2.4015
-472.839 4.0635
-130.046 3.8695
-98.013 -81.509
-104.659 3.811
-54.1352 -1.583
-53.1377 -14.928
-51.4259 -11.624
-359.21 -4.272
-76.5433 -8.863
-569.654 -16.525
-142.392 4.032
-98.917 2.338
-145.971 1.517
-273.832 -11.766
-258.655 -3.765
-259.404 7.1835
-184.4 3.0745
-85.3707 6.4395
-91.433 -4.041
-76.6938 -2.035
-83.6016 -13.393
-77.9963 -1.692
-119.335 5.1135
-110.835 -8.797
-650.346 3.783
-130.777 7.994
-144.793 -1.128
-103.079 -2.993
-176.315 -0.955
-135.559 -48.373
-314.579 -17.439
-37.0883 -26.328
-149.982 -11.616
-86.019 -17.636
-168.328 4.5425
-89.3501 -6.055
-362.55 -4.067
-204.728 7.97
-86.0217 -3.09
-87.1099 -0.303
-105.77 -9.976
-104.422 -4.281
-88.6782 2.267
-272.535 10.939
-185.292 7.013
-232.218 -47.025
-199.262 -57.379
-354.313 9.968
-185.407 3.2455
-412.986 -3.933
-248.728 -1.298
-92.273 3.843
-137.748 -6.118
-285.278 -5.707
-232.056 7.3365
-58.8924 -5.71
-187.375 10.1115
-454.739 -28.7
-331.886 6.087
-65.5827 -9.994
-267.077 7.94
-63.6466 -0.46
-110.754 -3.197
-68.5627 4.85
-60.3837 0.6655
-181.802 6.3045
-145.774 7.0375
-91.928 -7.13
-49.6548 8.1955
-95.882 0.8865
-632.389 -0.854
-229.62 -22.579
-104.512 -160.738
-82.225 -3.09
-257.13 1.4735
-96.687 -0.6
-120.802 -10.832
-105.663 -28.134
-137.046 -23.456
-624.016 -8.024
-76.6222 2.1535
-112.382 9.0755
-91.947 1.971
-114.571 3.59
-69.8762 -16.314
-363.327 1.033
-252.003 9.288
-153.904 -1.47
-456.813 4.0425
-185.698 2.403
-195.019 -30.408
-67.7937 6.074
-182.699 2.133
-105.098 1.834
-135.787 -34.873
-54.3481 13.132
-69.9836 -6.249
-178.712 -11.495
-330.65 6.8515
-79.7095 -0.915
-135.609 -12.311
-110.199 -5.935
-81.7312 -45.873
-350.61 -33.415
-96.818 3.319
-326.089 -16.32
-200.98 6.0465
-527.403 -9.604
-214.425 -0.864
-178.887 -0.297
-60.424 -20.276
-478.5 -5.611
-59.6641 4.9255
-268.583 -6.956
-23.824 -6.947
-299.643 -6.364
-93.206 -5.419
-52.1498 -4.927
-324.365 -10.202
-201.298 -1.714
-126.745 3.7055
-41.0704 -1.885
-98.947 9.407
-232.228 -12.416
-198.001 -34.701
-297.822 3.6715
-215.422 -2.881
-53.6984 -23.883
-149.688 2.1765
-241.329 -16.544
-158.818 -1.668
-90.676 -0.314
-343.785 -4.758
-61.222 5.7195
-146.546 12.9775
-61.956 -4.053
-136.786 -11.352
-101.593 5.1295
-250.95 -63.403
-146.278 -34.434
-99.109 -0.746
-185.079 -10.3
-78.9881 6.6025
-178.149 4.92
-289.179 4.604
-93.677 -10.616
-166.799 -2.658
-85.3348 4.6905
-73.1788 -1.85
-228.644 -16.15
-75.5714 -2.632
-73.3542 -25.634
-386.381 -3.181
-99.307 1.043
-201.395 1.5105
-31.4542 10.6295
-243.782 -1.736
-59.8409 -2.828
-237.587 8.18
-88.5531 6.123
-154.762 -0.155
-270.515 -65.076
-284.386 7.8115
-428.421 10.1775
-99.573 -17.079
-198.053 -3.825
-272.861 -4.696
-84.4757 0.8
-374.983 -1.365
-217.237 -125.897
-82.2903 -1.241
-92.283 -14.328
-106.652 4.826
-74.5414 8.0455
-232.816 2.929
-98.539 -18.876
-111.453 -2.37
-123.971 -9.18
-83.5416 9.0995
-117.516 -0.616
-78.4021 0.914
-179.764 4.8535
-122.382 -2.543
-103.453 7.483
-91.146 -0.962
-78.6334 7.235
-47.1539 4.1765
-345.989 -4.538
-277.393 -12.003
-254.877 -2.612
-208.221 -5.832
-87.747 -8.143
-298.193 2.734
-43.5312 -0.275
-96.016 -11.423
-214.613 -0.463
-362.259 3.92
-63.6091 -10.553
-223.038 -0.647
-80.7465 -28.362
-99.018 4.565
-155.207 -1.811
-420.738 4.532
-61.771 -9.825
-170.589 -5.114
-106.576 -5.853
-103.67 6.552
-270.552 -1.095
-582.862 3.384
-89.0062 -47.145
-162.706 -90.647
-317.534 8.1285
-101.278 8.1905
-66.0563 6.9175
-0.6104 -57.219
7.42738 7.6288
2.23577 98.5701
2.82744 41.0928
-4.295 36.2325
1.74293 33.9207
3.21519 35.1587
0.36126 17.0867
0.3132 98.5546
1.00614 52.3187
4.05802 98.6227
8.39996 41.0517
8.03505 56.2693
-6.2109 52.8385
5.20203 24.6063
-4.8348 1.0647
-0.766 45.5257
0.36354 0.3751
3.19454 14.6026
0.55516 8.519
0.3571 -28.603
3.61118 48.2741
2.10748 44.322
2.5624 51.2999
-0.929 -18.822
-1.9341 -17.198
0.37365 56.5324
1.62313 98.4944
1.70709 4.2627
5.82838 7.9137
9.78396 22.7568
0.83001 49.258
0.32772 56.7935
2.25005 42.9938
2.759 39.685
7.60938 45.8318
-6.5915 -2.063
0.3356 5.8085
4.99294 -26.11
1.01082 37.6558
6.3654 19.0787
1.86702 6.617
0.40847 -13.805
3.05314 39.6019
3.2423 11.7419
0.34367 56.468
6.6317 48.5798
1.44504 -1.157
2.4438 31.6256
-26.6806 -59.911
1.14256 -22.419
-64.4183 71.2591
1.53397 44.9138
0.85487 45.006
0.38565 57.924
7.40915 52.7997
-0.5998 13.1607
0.39213 12.3383
0.37079 42.363
1.20376 12.2168
2.01651 29.9434
5.18291 52.1129
2.69332 18.3324
0.36475 55.1785
0.58582 40.9791
-0.9455 15.2261
0.45732 -103.759
-6.2302 -0.165
0.82501 36.3419
2.7959 23.7266
1.04263 21.3851
13.0394 16.0888
27.9478 52.4033
6.92691 -2.418
6.02768 53.231
1.4316 -8.918
20.7133 60.1808
31.0099 37.3743
5.1032 3.6485
12.5639 39.0626
15.4252 44.0254
8.94482 32.4128
7.71922 14.82
15.8309 -21.93
1.45904 2.1424
1.64765 48.1326
1.19383 11.9104
6.94723 17.7132
5.59172 52.6807
12.2026 37.1568
2.36662 96.0452
15.0746 25.65
8.70455 4.9281
2.18201 46.2192
7.30084 -7.092
7.81367 -1.977
24.5622 -20.227
10.9038 36.9725
12.8572 48.0404
-5.5619 36.3025
1.19679 53.6174
3.09683 7.1649
1.05375 32.7968
-44.7785 -8.856
9.79969 -12.901
22.3474 41.0942
-0.1441 17.4384
29.2118 57.8551
8.51633 27.3594
5.64049 2.5351
9.365 41.2467
17.198 38.0803
10.5403 5.3919
-8.5743 31.0531
4.63455 26.3981
1.16611 17.0637
6.325 29.1089
-16.4857 47.4796
1.3252 11.1243
16.1214 4.0537
5.66149 41.7892
-6.7093 42.2626
1.24935 -1.69
15.4666 -3.777
4.8328 63.0981
4.707 52.029
16.4515 35.4906
1.04521 39.8579
5.57835 6.6776
7.30516 43.7708
3.06364 96.0827
2.86721 38.3117
1.00521 46.8255
1.209 59.8855
1.22546 10.0243
-54.1748 12.1206
4.26575 -5.252
6.58317 8.3941
9.21054 12.7913
4.18942 41.0018
-42.4579 94.6974
12.6178 95.6707
10.832 49.5192
4.37813 -37.863
-9.536 13.0445
28.8534 41.1415
20.6688 51.6322
26.7877 48.1744
3.43401 20.0731
81.4069 36.6457
16.4668 33.5382
3.90966 18.6088
17.0804 -16.025
32.5482 23.9306
5.56858 73.7991
5.20111 4.2697
51.8657 56.6801
17.7086 17.6469
29.0575 -3.07
9.51903 34.2281
19.95 -1.588
9.48304 21.7112
16.192 35.3013
80.781 18.3138
42.6728 9.7204
3.71919 31.6669
6.40156 62.5487
20.6021 -12.532
3.76648 3.5494
19.7792 -2.896
23.0435 2.662
4.05461 23.0466
36.9612 -8.076
4.76054 -9.042
-71.3406 30.2994
4.23935 9.9275
18.1283 27.0059
5.80627 27.9702
53.7182 1.5208
84.389 36.2775
4.19419 38.3473
-31.1589 39.0975
-4.0157 55.0394
3.43463 -20.762
17.4483 37.3256
25.1156 38.9705
2.54405 -31.655
41.26 34.9625
20.4374 16.9725
2.97421 35.2576
3.29869 52.3704
64.3105 38.874
18.6931 32.6837
-19.9173 48.127
40.5627 30.69
6.6146 0.9853
7.06725 13.7005
25.7985 55.215
41.6041 45.0352
38.6503 62.6166
79.9452 -43.173
17.4332 60.5001
3.96941 -0.028
78.5075 48.3416
4.21083 27.4463
3.80317 -6.37
73.222 0.1964
32.2251 1.3257
19.4724 22.1852
4.45773 13.8096
78.049 28.6862
-4.5823 16.6858
10.5382 31.7889
8.44528 37.9949
-4.7421 29.5009
-1.3193 27.1121
-3.838 24.464
30.0171 28.1769
-79.7516 20.0303
-12.886 4.8561
-7.4834 24.4575
-55.3587 35.5713
-1.9539 21.1625
17.836 27.5192
-11.9969 27.8215
12.7099 23.5853
-81.5996 23.6518
-9.3862 36.0067
6.96992 2.8317
10.7661 13.5212
-46.8419 16.0858
22.1001 -12.113
2.9722 26.1804
3.04455 -6.095
-80.5716 41.379
18.3729 14.3458
2.4559 15.4313
-107.671 43.3273
-86.0046 29.2317
-112.533 18.1637
13.0705 30.3698
-14.4946 36.6361
8.39045 38.2825
-1.6025 18.2626
-47.0017 -0.074
-24.9786 16.4111
18.469 13.575
12.6151 9.8202
5.93273 20.0918
6.18045 34.408
12.466 21.3358
-119.024 34.8466
-8.1064 3.2412
-216.333 29.5701
6.32775 7.3432
10.5252 -11.745
-33.3964 36.5625
-3.6035 34.4766
-33.0811 40.0169
-52.5812 39.514
8.39915 42.4111
1.03897 28.9857
-3.2103 17.7355
11.9559 17.1367
-10.2781 25.5025
-69.4461 24.1639
4.28898 35.7881
16.2613 33.2497
-39.0001 13.7157
-14.6349 14.1021
-4.0736 5.1389
-34.9915 -1.534
-6.632 11.6441
-51.6399 33.293
-88.4249 39.0436
-23.972 32.56
-32.6064 1.7703
-25.2432 25.7241
14.726 29.1669
-21.8166 11.2634
3.71628 48.8914
1.54613 28.2858
9.5618 -6.566
-66.5597 25.2305
2.94206 39.9664
-22.9396 14.0968
38.1497 16.7305
-1.7978 30.5979
23.3398 30.6803
7.38175 34.0837
-47.4124 18.1005
-23.8002 23.3516
-10.0464 7.7387
25.9926 21.1589
-0.5089 35.4611
-49.8799 11.6746
-161.654 21.515
-68.9005 28.5462
-47.3014 22.2186
-21.9153 31.334
-79.6009 5.257
23.5662 12.6162
-75.9751 18.3505
8.29422 -7.288
-10.862 18.2819
25.6319 0.8016
-13.6641 9.9803
-2.0495 22.9243
-40.1604 7.5703
-5.1647 38.0472
-47.5117 31.3828
17.6761 18.9864
-3.0335 10.6921
25.0729 17.572
-85.5429 41.1281
-2.3325 32.4748
-20.4315 -17.858
56.9246 -10.032
3.6904 -20.137
117.698 -60.704
-69.7712 -26.079
30.6465 -3.897
0.6857 13.8648
4.53765 35.6903
-28.1612 17.4028
5.2738 33.5938
-29.4924 30.6695
-30.396 26.0284
-26.0969 29.8533
22.2288 27.135
1.94255 33.953
-51.9331 32.9209
-8.2799 29.9475
2.8627 39.6599
-0.8133 17.7529
-39.0622 33.0876
-57.4221 4.4971
10.4436 32.3964
-19.5406 42.8623
4.8243 33.8253
-58.9394 28.6831
-76.2493 14.4985
-46.3462 37.1063
7.44477 29.875
-78.2508 -17.147
-31.9639 5.5879
10.9971 24.9776
-11.7924 16.4847
16.5256 15.5819
0.31515 -15.646
-4.6261 23.9685
1.8329 11.8274
-31.6959 24.1579
-15.94 19.4757
4.69375 -8.544
-2.5109 22.9134
3.1007 34.3928
28.88 1.1416
13.3188 13.7698
30.8912 22.0383
1.92265 31.2288
11.4515 -2.76
-3.1824 10.9108
7.9996 17.1419
-14.1575 7.1568
4.8195 -9.722
-99.338 7.4657
46.8854 -17.422
-12.4832 26.5225
3.8462 25.7077
-2.796 33.2516
7.5505 42.567
35.4203 9.6295
-50.8063 29.0521
10.2348 40.1371
15.5065 20.5718
4.38 8.2271
-33.9461 27.5591
-20.0444 -8.45
-6.5776 5.5211
-92.105 27.6774
6.49495 30.0556
-94.823 22.8927
36.9765 4.4279
-0.9717 19.6095
19.0617 -14.931
16.6234 26.1228
-5.1543 21.6578
42.8349 9.7973
2.43816 24.3641
8.93935 21.2873
-4.9101 36.211
54.992 -65.702
-13.2523 42.6198
-1.4376 10.7313
-16.6816 29.2286
-42.6279 31.7393
14.5191 27.724
7.129 25.3598
-167.668 41.2871
36.2811 4.7924
-30.9123 19.2737
3.6719 14.3955
-34.4566 15.547
-23.0504 33.8632
6.09715 13.7835
41.3757 -3.854
2.76155 18.3952
-134.52 19.7193
7.22378 25.7787
-19.2287 20.9167
19.3454 -0.342
-53.2156 21.4009
-14.5701 25.1942
-24.9416 11.9467
-38.1411 19.2355
-76.284 -97.265
21.3197 16.9732
-28.0233 21.8742
7.04506 18.3521
11.1729 9.892
-2.004 17.2939
7.07265 23.8168
10.566 19.9998
20.7344 11.609
9.09033 3.113
29.2968 26.6157
33.7685 28.6046
12.0103 39.2434
1.77085 21.8808
20.5449 -6.541
36.2514 -5.872
-13.3124 5.859
-24.5765 20.1864
-17.4159 12.9455
-88.2968 17.0549
20.1103 19.0815
16.5648 19.6344
-33.4021 16.8175
-21.798 14.3442
5.54225 27.5273
9.3444 22.573
-68.5381 19.964
13.8406 -3.937
4.91205 17.9948
74.1192 14.3432
13.4247 9.4675
-21.8148 19.5207
7.5045 -7.91
39.7481 30.1259
-0.9086 19.7567
10.4655 14.4445
22.5872 14.9779
-40.9935 7.0139
2.74855 21.5444
-0.0847 18.3674
7.60511 13.372
-13.006 34.1854
34.4627 16.179
-10.6166 32.5315
6.77967 25.153
2.78148 -2.378
31.548 27.2137
-59.0421 9.539
41.062 11.555
-2.4807 19.0847
26.4555 -34.317
-0.1513 14.6119
21.7052 17.7099
-25.0515 27.0988
3.5242 16.6954
23.7864 18.7743
14.6977 12.0672
-9.4835 -7.281
29.0707 8.4848
25.8027 17.9083
6.121 21.0982
19.9879 2.1507
15.9249 3.4587
12.723 20.6616
-9.8688 22.6878
-30.0603 15.1051
-12.1711 23.3637
-25.9735 19.6505
15.6198 29.2055
0.20958 37.7564
11.5093 15.3696
41.8325 -21.315
-33.6991 11.7387
-40.6598 27.1971
13.6654 -7.99
-7.2255 22.0218
10.3497 21.3595
-6.5019 19.514
-5.328 25.9057
1.30775 12.3995
48.4448 13.3369
65.073 -30.838
-14.0475 27.3255
1.0325 13.38
25.1735 -0.204
-72.017 14.9176
-51.0016 19.0995
40.9382 33.8991
1.55998 11.6408
-49.992 22.1927
1.83717 19.0775
-10.9969 33.5804
99.9215 -14.382
-27.0828 22.6897
-107.496 35.3287
