0.01 0.01 0.156158
0.01 0.059 0.0867837
0.01 0.108 0.0249296
0.01 0.157 0.00697751
0.01 0.206 0.00633041
0.01 0.255 0.00921477
0.01 0.304 0.00951893
0.01 0.353 0.00674196
0.01 0.402 0.00870266
0.01 0.451 0.0146838
0.01 0.5 0.0177816
0.01 0.549 0.0142324
0.01 0.598 0.00598238
0.01 0.647 0.00109432
0.01 0.696 8.06328e-05
0.01 0.745 2.34899e-06
0.01 0.794 1.75132e-06
0.01 0.843 6.04902e-05
0.01 0.892 0.000811833
0.01 0.941 0.00417045
0.01 0.99 0.00820034
0.059 0.01 0.813727
0.059 0.059 0.452224
0.059 0.108 0.129907
0.059 0.157 0.0363593
0.059 0.206 0.0329874
0.059 0.255 0.0480176
0.059 0.304 0.0496025
0.059 0.353 0.0351319
0.059 0.402 0.045349
0.059 0.451 0.0765161
0.059 0.5 0.0926586
0.059 0.549 0.0741641
0.059 0.598 0.0311738
0.059 0.647 0.00570241
0.059 0.696 0.000420172
0.059 0.745 1.22404e-05
0.059 0.794 9.126e-06
0.059 0.843 0.00031521
0.059 0.892 0.00423041
0.059 0.941 0.0217319
0.059 0.99 0.0427314
0.108 0.01 2.19678
0.108 0.059 1.22085
0.108 0.108 0.350703
0.108 0.157 0.0981576
0.108 0.206 0.0890544
0.108 0.255 0.129631
0.108 0.304 0.13391
0.108 0.353 0.0948439
0.108 0.402 0.122427
0.108 0.451 0.206567
0.108 0.5 0.250146
0.108 0.549 0.200217
0.108 0.598 0.0841584
0.108 0.647 0.0153945
0.108 0.696 0.00113432
0.108 0.745 3.30449e-05
0.108 0.794 2.4637e-05
0.108 0.843 0.000850959
0.108 0.892 0.0114206
0.108 0.941 0.0586686
0.108 0.99 0.11536
0.157 0.01 2.62795
0.157 0.059 1.46047
0.157 0.108 0.419536
0.157 0.157 0.117423
0.157 0.206 0.106533
0.157 0.255 0.155074
0.157 0.304 0.160192
0.157 0.353 0.113459
0.157 0.402 0.146455
0.157 0.451 0.24711
0.157 0.5 0.299243
0.157 0.549 0.239514
0.157 0.598 0.100676
0.157 0.647 0.018416
0.157 0.696 0.00135695
0.157 0.745 3.95307e-05
0.157 0.794 2.94726e-05
0.157 0.843 0.00101798
0.157 0.892 0.0136622
0.157 0.941 0.0701836
0.157 0.99 0.138002
0.206 0.01 3.13006
0.206 0.059 1.73951
0.206 0.108 0.499695
0.206 0.157 0.139859
0.206 0.206 0.126888
0.206 0.255 0.184703
0.206 0.304 0.190799
0.206 0.353 0.135137
0.206 0.402 0.174438
0.206 0.451 0.294325
0.206 0.5 0.356418
0.206 0.549 0.285277
0.206 0.598 0.119912
0.206 0.647 0.0219347
0.206 0.696 0.00161622
0.206 0.745 4.70837e-05
0.206 0.794 3.51038e-05
0.206 0.843 0.00121248
0.206 0.892 0.0162726
0.206 0.941 0.0835934
0.206 0.99 0.164369
0.255 0.01 4.92068
0.255 0.059 2.73464
0.255 0.108 0.785557
0.255 0.157 0.219868
0.255 0.206 0.199478
0.255 0.255 0.290367
0.255 0.304 0.299951
0.255 0.353 0.212446
0.255 0.402 0.274229
0.255 0.451 0.4627
0.255 0.5 0.560315
0.255 0.549 0.448477
0.255 0.598 0.188511
0.255 0.647 0.034483
0.255 0.696 0.00254082
0.255 0.745 7.4019e-05
0.255 0.794 5.51858e-05
0.255 0.843 0.00190611
0.255 0.892 0.0255817
0.255 0.941 0.131415
0.255 0.99 0.258401
0.304 0.01 4.22393
0.304 0.059 2.34743
0.304 0.108 0.674325
0.304 0.157 0.188736
0.304 0.206 0.171232
0.304 0.255 0.249252
0.304 0.304 0.257479
0.304 0.353 0.182364
0.304 0.402 0.2354
0.304 0.451 0.397183
0.304 0.5 0.480976
0.304 0.549 0.384974
0.304 0.598 0.161818
0.304 0.647 0.0296003
0.304 0.696 0.00218105
0.304 0.745 6.35381e-05
0.304 0.794 4.73717e-05
0.304 0.843 0.00163621
0.304 0.892 0.0219594
0.304 0.941 0.112807
0.304 0.99 0.221812
0.353 0.01 3.7139
0.353 0.059 2.06398
0.353 0.108 0.592901
0.353 0.157 0.165946
0.353 0.206 0.150556
0.353 0.255 0.219155
0.353 0.304 0.226389
0.353 0.353 0.160344
0.353 0.402 0.206975
0.353 0.451 0.349224
0.353 0.5 0.422899
0.353 0.549 0.338489
0.353 0.598 0.142279
0.353 0.647 0.0260261
0.353 0.696 0.00191769
0.353 0.745 5.5866e-05
0.353 0.794 4.16516e-05
0.353 0.843 0.00143864
0.353 0.892 0.0193078
0.353 0.941 0.0991858
0.353 0.99 0.195029
0.402 0.01 8.21584
0.402 0.059 4.5659
0.402 0.108 1.31161
0.402 0.157 0.367104
0.402 0.206 0.333058
0.402 0.255 0.484812
0.402 0.304 0.500814
0.402 0.353 0.354711
0.402 0.402 0.457868
0.402 0.451 0.772549
0.402 0.5 0.935532
0.402 0.549 0.748801
0.402 0.598 0.314747
0.402 0.647 0.0575746
0.402 0.696 0.00424229
0.402 0.745 0.000123586
0.402 0.794 9.21411e-05
0.402 0.843 0.00318254
0.402 0.892 0.0427125
0.402 0.941 0.219417
0.402 0.99 0.43144
0.451 0.01 14.476
0.451 0.059 8.04497
0.451 0.108 2.31101
0.451 0.157 0.646824
0.451 0.206 0.586838
0.451 0.255 0.854222
0.451 0.304 0.882417
0.451 0.353 0.624988
0.451 0.402 0.806748
0.451 0.451 1.3612
0.451 0.5 1.64838
0.451 0.549 1.31936
0.451 0.598 0.554574
0.451 0.647 0.101445
0.451 0.696 0.00747476
0.451 0.745 0.000217754
0.451 0.794 0.00016235
0.451 0.843 0.00560752
0.451 0.892 0.075258
0.451 0.941 0.386606
0.451 0.99 0.760182
0.5 0.01 17.1004
0.5 0.059 9.50345
0.5 0.108 2.72998
0.5 0.157 0.764088
0.5 0.206 0.693227
0.5 0.255 1.00909
0.5 0.304 1.04239
0.5 0.353 0.738294
0.5 0.402 0.953005
0.5 0.451 1.60798
0.5 0.5 1.94721
0.5 0.549 1.55855
0.5 0.598 0.655114
0.5 0.647 0.119836
0.5 0.696 0.00882988
0.5 0.745 0.000257232
0.5 0.794 0.000191782
0.5 0.843 0.00662412
0.5 0.892 0.0889017
0.5 0.941 0.456695
0.5 0.99 0.897997
0.549 0.01 13.8322
0.549 0.059 7.68719
0.549 0.108 2.20823
0.549 0.157 0.618059
0.549 0.206 0.56074
0.549 0.255 0.816233
0.549 0.304 0.843174
0.549 0.353 0.597194
0.549 0.402 0.77087
0.549 0.451 1.30067
0.549 0.5 1.57507
0.549 0.549 1.26069
0.549 0.598 0.529911
0.549 0.647 0.0969331
0.549 0.696 0.00714235
0.549 0.745 0.00020807
0.549 0.794 0.00015513
0.549 0.843 0.00535814
0.549 0.892 0.0719111
0.549 0.941 0.369413
0.549 0.99 0.726375
0.598 0.01 9.61983
0.598 0.059 5.34616
0.598 0.108 1.53575
0.598 0.157 0.429837
0.598 0.206 0.389974
0.598 0.255 0.56766
0.598 0.304 0.586397
0.598 0.353 0.415327
0.598 0.402 0.536112
0.598 0.451 0.904568
0.598 0.5 1.0954
0.598 0.549 0.876762
0.598 0.598 0.368534
0.598 0.647 0.0674135
0.598 0.696 0.00496724
0.598 0.745 0.000144705
0.598 0.794 0.000107887
0.598 0.843 0.0037264
0.598 0.892 0.0500116
0.598 0.941 0.256913
0.598 0.99 0.505168
0.647 0.01 6.68792
0.647 0.059 3.71677
0.647 0.108 1.06768
0.647 0.157 0.298833
0.647 0.206 0.271119
0.647 0.255 0.39465
0.647 0.304 0.407676
0.647 0.353 0.288744
0.647 0.402 0.372717
0.647 0.451 0.628876
0.647 0.5 0.761549
0.647 0.549 0.609545
0.647 0.598 0.256213
0.647 0.647 0.0468673
0.647 0.696 0.00345334
0.647 0.745 0.000100602
0.647 0.794 7.50054e-05
0.647 0.843 0.00259067
0.647 0.892 0.0347692
0.647 0.941 0.178612
0.647 0.99 0.351204
0.696 0.01 3.61594
0.696 0.059 2.00954
0.696 0.108 0.577262
0.696 0.157 0.161569
0.696 0.206 0.146585
0.696 0.255 0.213374
0.696 0.304 0.220417
0.696 0.353 0.156115
0.696 0.402 0.201516
0.696 0.451 0.340013
0.696 0.5 0.411745
0.696 0.549 0.329561
0.696 0.598 0.138526
0.696 0.647 0.0253396
0.696 0.696 0.00186711
0.696 0.745 5.43924e-05
0.696 0.794 4.0553e-05
0.696 0.843 0.00140069
0.696 0.892 0.0187986
0.696 0.941 0.0965696
0.696 0.99 0.189884
0.745 0.01 3.83568
0.745 0.059 2.13166
0.745 0.108 0.612344
0.745 0.157 0.171388
0.745 0.206 0.155493
0.745 0.255 0.226341
0.745 0.304 0.233812
0.745 0.353 0.165602
0.745 0.402 0.213762
0.745 0.451 0.360676
0.745 0.5 0.436767
0.745 0.549 0.349589
0.745 0.598 0.146944
0.745 0.647 0.0268796
0.745 0.696 0.00198057
0.745 0.745 5.7698e-05
0.745 0.794 4.30174e-05
0.745 0.843 0.00148581
0.745 0.892 0.019941
0.745 0.941 0.102438
0.745 0.99 0.201424
0.794 0.01 6.41891
0.794 0.059 3.56727
0.794 0.108 1.02474
0.794 0.157 0.286813
0.794 0.206 0.260214
0.794 0.255 0.378776
0.794 0.304 0.391278
0.794 0.353 0.27713
0.794 0.402 0.357726
0.794 0.451 0.603581
0.794 0.5 0.730917
0.794 0.549 0.585027
0.794 0.598 0.245907
0.794 0.647 0.0449822
0.794 0.696 0.00331443
0.794 0.745 9.65559e-05
0.794 0.794 7.19885e-05
0.794 0.843 0.00248647
0.794 0.892 0.0333707
0.794 0.941 0.171428
0.794 0.99 0.337077
0.843 0.01 7.15594
0.843 0.059 3.97687
0.843 0.108 1.1424
0.843 0.157 0.319745
0.843 0.206 0.290092
0.843 0.255 0.422268
0.843 0.304 0.436205
0.843 0.353 0.308951
0.843 0.402 0.3988
0.843 0.451 0.672885
0.843 0.5 0.814842
0.843 0.549 0.6522
0.843 0.598 0.274143
0.843 0.647 0.0501471
0.843 0.696 0.003695
0.843 0.745 0.000107643
0.843 0.794 8.02543e-05
0.843 0.843 0.00277197
0.843 0.892 0.0372023
0.843 0.941 0.191111
0.843 0.99 0.375781
0.892 0.01 11.4262
0.892 0.059 6.35007
0.892 0.108 1.82413
0.892 0.157 0.510553
0.892 0.206 0.463204
0.892 0.255 0.674256
0.892 0.304 0.696511
0.892 0.353 0.493317
0.892 0.402 0.636784
0.892 0.451 1.07443
0.892 0.5 1.3011
0.892 0.549 1.0414
0.892 0.598 0.437738
0.892 0.647 0.0800724
0.892 0.696 0.0059
0.892 0.745 0.000171878
0.892 0.794 0.000128146
0.892 0.843 0.00442614
0.892 0.892 0.0594028
0.892 0.941 0.305157
0.892 0.99 0.600028
0.941 0.01 32.736
0.941 0.059 18.1928
0.941 0.108 5.2261
0.941 0.157 1.46272
0.941 0.206 1.32707
0.941 0.255 1.93173
0.941 0.304 1.99549
0.941 0.353 1.41335
0.941 0.402 1.82438
0.941 0.451 3.07822
0.941 0.5 3.72763
0.941 0.549 2.9836
0.941 0.598 1.25411
0.941 0.647 0.229406
0.941 0.696 0.0169034
0.941 0.745 0.000492429
0.941 0.794 0.000367136
0.941 0.843 0.0126808
0.941 0.892 0.170188
0.941 0.941 0.874269
0.941 0.99 1.71907
0.99 0.01 56.6698
0.99 0.059 31.4939
0.99 0.108 9.04699
0.99 0.157 2.53215
0.99 0.206 2.29731
0.99 0.255 3.34405
0.99 0.304 3.45443
0.99 0.353 2.44667
0.99 0.402 3.15821
0.99 0.451 5.32876
0.99 0.5 6.45296
0.99 0.549 5.16495
0.99 0.598 2.17101
0.99 0.647 0.397129
0.99 0.696 0.0292617
0.99 0.745 0.000852451
0.99 0.794 0.000635556
0.99 0.843 0.021952
0.99 0.892 0.294615
0.99 0.941 1.51346
0.99 0.99 2.97591
