0.01 0.01 15.9804
0.01 0.059 9.93119
0.01 0.108 3.79263
0.01 0.157 1.77586
0.01 0.206 2.2728
0.01 0.255 2.8276
0.01 0.304 2.34536
0.01 0.353 2.69767
0.01 0.402 4.87863
0.01 0.451 7.23265
0.01 0.5 7.80473
0.01 0.549 6.10442
0.01 0.598 3.65878
0.01 0.647 1.83222
0.01 0.696 1.67339
0.01 0.745 2.37516
0.01 0.794 2.47349
0.01 0.843 1.36935
0.01 0.892 1.2868
0.01 0.941 4.49586
0.01 0.99 8.26675
0.059 0.01 9.34421
0.059 0.059 5.80705
0.059 0.108 2.21766
0.059 0.157 1.0384
0.059 0.206 1.32897
0.059 0.255 1.65338
0.059 0.304 1.3714
0.059 0.353 1.57741
0.059 0.402 2.85268
0.059 0.451 4.22914
0.059 0.5 4.56365
0.059 0.549 3.56943
0.059 0.598 2.13939
0.059 0.647 1.07135
0.059 0.696 0.978479
0.059 0.745 1.38882
0.059 0.794 1.44632
0.059 0.843 0.8007
0.059 0.892 0.752431
0.059 0.941 2.62885
0.059 0.99 4.8338
0.108 0.01 3.56738
0.108 0.059 2.21698
0.108 0.108 0.846647
0.108 0.157 0.396434
0.108 0.206 0.507368
0.108 0.255 0.631218
0.108 0.304 0.523565
0.108 0.353 0.602214
0.108 0.402 1.08908
0.108 0.451 1.61458
0.108 0.5 1.74229
0.108 0.549 1.36272
0.108 0.598 0.816765
0.108 0.647 0.409016
0.108 0.696 0.373559
0.108 0.745 0.530217
0.108 0.794 0.552169
0.108 0.843 0.305687
0.108 0.892 0.287259
0.108 0.941 1.00363
0.108 0.99 1.84542
0.157 0.01 2.45059
0.157 0.059 1.52294
0.157 0.108 0.581598
0.157 0.157 0.272327
0.157 0.206 0.348532
0.157 0.255 0.43361
0.157 0.304 0.359659
0.157 0.353 0.413687
0.157 0.402 0.748135
0.157 0.451 1.10912
0.157 0.5 1.19685
0.157 0.549 0.936109
0.157 0.598 0.561071
0.157 0.647 0.28097
0.157 0.696 0.256613
0.157 0.745 0.364228
0.157 0.794 0.379308
0.157 0.843 0.20999
0.157 0.892 0.197331
0.157 0.941 0.689436
0.157 0.99 1.2677
0.206 0.01 2.01412
0.206 0.059 1.25169
0.206 0.108 0.47801
0.206 0.157 0.223824
0.206 0.206 0.286456
0.206 0.255 0.356381
0.206 0.304 0.295601
0.206 0.353 0.340006
0.206 0.402 0.614886
0.206 0.451 0.911578
0.206 0.5 0.983681
0.206 0.549 0.76938
0.206 0.598 0.461139
0.206 0.647 0.230927
0.206 0.696 0.210908
0.206 0.745 0.299356
0.206 0.794 0.31175
0.206 0.843 0.172589
0.206 0.892 0.162184
0.206 0.941 0.566642
0.206 0.99 1.04191
0.255 0.01 0.93728
0.255 0.059 0.582482
0.255 0.108 0.222445
0.255 0.157 0.104158
0.255 0.206 0.133304
0.255 0.255 0.165844
0.255 0.304 0.137559
0.255 0.353 0.158223
0.255 0.402 0.28614
0.255 0.451 0.424208
0.255 0.5 0.457761
0.255 0.549 0.358035
0.255 0.598 0.214594
0.255 0.647 0.107463
0.255 0.696 0.0981473
0.255 0.745 0.139307
0.255 0.794 0.145075
0.255 0.843 0.0803151
0.255 0.892 0.0754734
0.255 0.941 0.26369
0.255 0.99 0.484859
0.304 0.01 0.683638
0.304 0.059 0.424853
0.304 0.108 0.162248
0.304 0.157 0.0759709
0.304 0.206 0.0972297
0.304 0.255 0.120964
0.304 0.304 0.100334
0.304 0.353 0.115406
0.304 0.402 0.208706
0.304 0.451 0.309411
0.304 0.5 0.333884
0.304 0.549 0.261145
0.304 0.598 0.156521
0.304 0.647 0.0783819
0.304 0.696 0.0715871
0.304 0.745 0.101608
0.304 0.794 0.105815
0.304 0.843 0.0585806
0.304 0.892 0.0550491
0.304 0.941 0.192331
0.304 0.99 0.353649
0.353 0.01 1.23015
0.353 0.059 0.764488
0.353 0.108 0.291951
0.353 0.157 0.136703
0.353 0.206 0.174957
0.353 0.255 0.217664
0.353 0.304 0.180542
0.353 0.353 0.207663
0.353 0.402 0.37555
0.353 0.451 0.556759
0.353 0.5 0.600796
0.353 0.549 0.469909
0.353 0.598 0.281647
0.353 0.647 0.141042
0.353 0.696 0.128815
0.353 0.745 0.182836
0.353 0.794 0.190406
0.353 0.843 0.105411
0.353 0.892 0.0990562
0.353 0.941 0.346084
0.353 0.99 0.636362
0.402 0.01 1.82787
0.402 0.059 1.13594
0.402 0.108 0.433807
0.402 0.157 0.203126
0.402 0.206 0.259966
0.402 0.255 0.323425
0.402 0.304 0.268266
0.402 0.353 0.308564
0.402 0.402 0.558025
0.402 0.451 0.827282
0.402 0.5 0.892717
0.402 0.549 0.698233
0.402 0.598 0.418496
0.402 0.647 0.209572
0.402 0.696 0.191405
0.402 0.745 0.271674
0.402 0.794 0.282922
0.402 0.843 0.156629
0.402 0.892 0.147187
0.402 0.941 0.514243
0.402 0.99 0.945563
0.451 0.01 2.09865
0.451 0.059 1.30422
0.451 0.108 0.498072
0.451 0.157 0.233217
0.451 0.206 0.298478
0.451 0.255 0.371337
0.451 0.304 0.308007
0.451 0.353 0.354275
0.451 0.402 0.640692
0.451 0.451 0.949836
0.451 0.5 1.02496
0.451 0.549 0.80167
0.451 0.598 0.480493
0.451 0.647 0.240619
0.451 0.696 0.21976
0.451 0.745 0.31192
0.451 0.794 0.324834
0.451 0.843 0.179832
0.451 0.892 0.168991
0.451 0.941 0.590423
0.451 0.99 1.08564
0.5 0.01 1.30753
0.5 0.059 0.812579
0.5 0.108 0.310317
0.5 0.157 0.145303
0.5 0.206 0.185963
0.5 0.255 0.231357
0.5 0.304 0.191899
0.5 0.353 0.220726
0.5 0.402 0.399174
0.5 0.451 0.591782
0.5 0.5 0.63859
0.5 0.549 0.499469
0.5 0.598 0.299364
0.5 0.647 0.149914
0.5 0.696 0.136918
0.5 0.745 0.194337
0.5 0.794 0.202383
0.5 0.843 0.112042
0.5 0.892 0.105287
0.5 0.941 0.367855
0.5 0.99 0.676393
0.549 0.01 0.795713
0.549 0.059 0.494503
0.549 0.108 0.188847
0.549 0.157 0.0884255
0.549 0.206 0.113169
0.549 0.255 0.140795
0.549 0.304 0.116782
0.549 0.353 0.134325
0.549 0.402 0.242922
0.549 0.451 0.360135
0.549 0.5 0.388621
0.549 0.549 0.303957
0.549 0.598 0.182181
0.549 0.647 0.0912318
0.549 0.696 0.0833231
0.549 0.745 0.118266
0.549 0.794 0.123163
0.549 0.843 0.0681842
0.549 0.892 0.0640738
0.549 0.941 0.223862
0.549 0.99 0.411626
0.598 0.01 1.48232
0.598 0.059 0.921204
0.598 0.108 0.3518
0.598 0.157 0.164727
0.598 0.206 0.210822
0.598 0.255 0.262284
0.598 0.304 0.217552
0.598 0.353 0.250233
0.598 0.402 0.452536
0.598 0.451 0.670892
0.598 0.5 0.723957
0.598 0.549 0.566238
0.598 0.598 0.339383
0.598 0.647 0.169955
0.598 0.696 0.155221
0.598 0.745 0.220316
0.598 0.794 0.229438
0.598 0.843 0.12702
0.598 0.892 0.119362
0.598 0.941 0.41703
0.598 0.99 0.766813
0.647 0.01 2.41779
0.647 0.059 1.50256
0.647 0.108 0.573815
0.647 0.157 0.268683
0.647 0.206 0.343868
0.647 0.255 0.427808
0.647 0.304 0.354846
0.647 0.353 0.40815
0.647 0.402 0.738123
0.647 0.451 1.09428
0.647 0.5 1.18083
0.647 0.549 0.923582
0.647 0.598 0.553562
0.647 0.647 0.27721
0.647 0.696 0.253179
0.647 0.745 0.359354
0.647 0.794 0.374232
0.647 0.843 0.207179
0.647 0.892 0.19469
0.647 0.941 0.68021
0.647 0.99 1.25074
0.696 0.01 2.69773
0.696 0.059 1.67653
0.696 0.108 0.640253
0.696 0.157 0.299792
0.696 0.206 0.383682
0.696 0.255 0.47734
0.696 0.304 0.395931
0.696 0.353 0.455407
0.696 0.402 0.823585
0.696 0.451 1.22098
0.696 0.5 1.31755
0.696 0.549 1.03052
0.696 0.598 0.617655
0.696 0.647 0.309306
0.696 0.696 0.282493
0.696 0.745 0.400961
0.696 0.794 0.417562
0.696 0.843 0.231167
0.696 0.892 0.217232
0.696 0.941 0.758967
0.696 0.99 1.39555
0.745 0.01 2.87051
0.745 0.059 1.78391
0.745 0.108 0.681258
0.745 0.157 0.318992
0.745 0.206 0.408255
0.745 0.255 0.507912
0.745 0.304 0.421289
0.745 0.353 0.484574
0.745 0.402 0.876332
0.745 0.451 1.29918
0.745 0.5 1.40194
0.745 0.549 1.09652
0.745 0.598 0.657214
0.745 0.647 0.329116
0.745 0.696 0.300585
0.745 0.745 0.426641
0.745 0.794 0.444305
0.745 0.843 0.245973
0.745 0.892 0.231144
0.745 0.941 0.807575
0.745 0.99 1.48493
0.794 0.01 3.21579
0.794 0.059 1.99848
0.794 0.108 0.763204
0.794 0.157 0.357363
0.794 0.206 0.457363
0.794 0.255 0.569006
0.794 0.304 0.471964
0.794 0.353 0.542862
0.794 0.402 0.981743
0.794 0.451 1.45545
0.794 0.5 1.57057
0.794 0.549 1.22841
0.794 0.598 0.736267
0.794 0.647 0.368704
0.794 0.696 0.336742
0.794 0.745 0.47796
0.794 0.794 0.497749
0.794 0.843 0.27556
0.794 0.892 0.258948
0.794 0.941 0.904715
0.794 0.99 1.66354
0.843 0.01 3.20723
0.843 0.059 1.99317
0.843 0.108 0.761173
0.843 0.157 0.356412
0.843 0.206 0.456146
0.843 0.255 0.567492
0.843 0.304 0.470708
0.843 0.353 0.541417
0.843 0.402 0.97913
0.843 0.451 1.45158
0.843 0.5 1.56639
0.843 0.549 1.22514
0.843 0.598 0.734308
0.843 0.647 0.367723
0.843 0.696 0.335845
0.843 0.745 0.476688
0.843 0.794 0.496424
0.843 0.843 0.274826
0.843 0.892 0.258259
0.843 0.941 0.902308
0.843 0.99 1.65912
0.892 0.01 4.37049
0.892 0.059 2.71608
0.892 0.108 1.03725
0.892 0.157 0.485681
0.892 0.206 0.621588
0.892 0.255 0.77332
0.892 0.304 0.641432
0.892 0.353 0.737787
0.892 0.402 1.33426
0.892 0.451 1.97806
0.892 0.5 2.13452
0.892 0.549 1.6695
0.892 0.598 1.00064
0.892 0.647 0.501095
0.892 0.696 0.457655
0.892 0.745 0.649581
0.892 0.794 0.676476
0.892 0.843 0.374505
0.892 0.892 0.351928
0.892 0.941 1.22957
0.892 0.99 2.26087
0.941 0.01 8.73378
0.941 0.059 5.42769
0.941 0.108 2.07279
0.941 0.157 0.970562
0.941 0.206 1.24215
0.941 0.255 1.54537
0.941 0.304 1.28181
0.941 0.353 1.47436
0.941 0.402 2.66632
0.941 0.451 3.95286
0.941 0.5 4.26552
0.941 0.549 3.33625
0.941 0.598 1.99963
0.941 0.647 1.00136
0.941 0.696 0.914557
0.941 0.745 1.29809
0.941 0.794 1.35184
0.941 0.843 0.748393
0.941 0.892 0.703277
0.941 0.941 2.45712
0.941 0.99 4.51802
0.99 0.01 13.9188
0.99 0.059 8.64994
0.99 0.108 3.30334
0.99 0.157 1.54675
0.99 0.206 1.97958
0.99 0.255 2.4628
0.99 0.304 2.04278
0.99 0.353 2.34964
0.99 0.402 4.24923
0.99 0.451 6.29955
0.99 0.5 6.79782
0.99 0.549 5.31687
0.99 0.598 3.18675
0.99 0.647 1.59584
0.99 0.696 1.4575
0.99 0.745 2.06873
0.99 0.794 2.15438
0.99 0.843 1.19269
0.99 0.892 1.12079
0.99 0.941 3.91583
0.99 0.99 7.20023
