0.01 0.01 1.90167e-84
0.01 0.059 3.14032e-76
0.01 0.108 1.98531e-68
0.01 0.157 4.80415e-61
0.01 0.206 4.44976e-54
0.01 0.255 1.57757e-47
0.01 0.304 2.1408e-41
0.01 0.353 1.11197e-35
0.01 0.402 2.21078e-30
0.01 0.451 1.68241e-25
0.01 0.5 4.90059e-21
0.01 0.549 5.46385e-17
0.01 0.598 2.33175e-13
0.01 0.647 3.8089e-10
0.01 0.696 2.38149e-07
0.01 0.745 5.69944e-05
0.01 0.794 0.00522094
0.01 0.843 0.183062
0.01 0.892 2.45686
0.01 0.941 12.6211
0.01 0.99 24.8168
0.059 0.01 1.44184e-84
0.059 0.059 2.38097e-76
0.059 0.108 1.50525e-68
0.059 0.157 3.64248e-61
0.059 0.206 3.37378e-54
0.059 0.255 1.19611e-47
0.059 0.304 1.62314e-41
0.059 0.353 8.43092e-36
0.059 0.402 1.6762e-30
0.059 0.451 1.27559e-25
0.059 0.5 3.7156e-21
0.059 0.549 4.14266e-17
0.059 0.598 1.76792e-13
0.059 0.647 2.88788e-10
0.059 0.696 1.80563e-07
0.059 0.745 4.32128e-05
0.059 0.794 0.00395848
0.059 0.843 0.138796
0.059 0.892 1.86278
0.059 0.941 9.56922
0.059 0.99 18.8159
0.108 0.01 1.22169e-84
0.108 0.059 2.01743e-76
0.108 0.108 1.27542e-68
0.108 0.157 3.08632e-61
0.108 0.206 2.85865e-54
0.108 0.255 1.01348e-47
0.108 0.304 1.37531e-41
0.108 0.353 7.14364e-36
0.108 0.402 1.42027e-30
0.108 0.451 1.08083e-25
0.108 0.5 3.14828e-21
0.108 0.549 3.51014e-17
0.108 0.598 1.49799e-13
0.108 0.647 2.44695e-10
0.108 0.696 1.52994e-07
0.108 0.745 3.66148e-05
0.108 0.794 0.00335408
0.108 0.843 0.117604
0.108 0.892 1.57836
0.108 0.941 8.10814
0.108 0.99 15.943
0.157 0.01 1.2814e-84
0.157 0.059 2.11603e-76
0.157 0.108 1.33776e-68
0.157 0.157 3.23717e-61
0.157 0.206 2.99837e-54
0.157 0.255 1.06301e-47
0.157 0.304 1.44253e-41
0.157 0.353 7.49279e-36
0.157 0.402 1.48969e-30
0.157 0.451 1.13365e-25
0.157 0.5 3.30215e-21
0.157 0.549 3.68169e-17
0.157 0.598 1.5712e-13
0.157 0.647 2.56654e-10
0.157 0.696 1.60472e-07
0.157 0.745 3.84044e-05
0.157 0.794 0.00351801
0.157 0.843 0.123352
0.157 0.892 1.6555
0.157 0.941 8.50443
0.157 0.99 16.7222
0.206 0.01 1.34778e-84
0.206 0.059 2.22565e-76
0.206 0.108 1.40706e-68
0.206 0.157 3.40487e-61
0.206 0.206 3.1537e-54
0.206 0.255 1.11808e-47
0.206 0.304 1.51726e-41
0.206 0.353 7.88094e-36
0.206 0.402 1.56686e-30
0.206 0.451 1.19238e-25
0.206 0.5 3.47322e-21
0.206 0.549 3.87242e-17
0.206 0.598 1.65259e-13
0.206 0.647 2.6995e-10
0.206 0.696 1.68785e-07
0.206 0.745 4.03939e-05
0.206 0.794 0.00370026
0.206 0.843 0.129742
0.206 0.892 1.74126
0.206 0.941 8.94499
0.206 0.99 17.5885
0.255 0.01 1.29213e-84
0.255 0.059 2.13376e-76
0.255 0.108 1.34896e-68
0.255 0.157 3.26429e-61
0.255 0.206 3.02349e-54
0.255 0.255 1.07192e-47
0.255 0.304 1.45461e-41
0.255 0.353 7.55556e-36
0.255 0.402 1.50217e-30
0.255 0.451 1.14315e-25
0.255 0.5 3.32982e-21
0.255 0.549 3.71254e-17
0.255 0.598 1.58436e-13
0.255 0.647 2.58804e-10
0.255 0.696 1.61816e-07
0.255 0.745 3.87261e-05
0.255 0.794 0.00354748
0.255 0.843 0.124385
0.255 0.892 1.66937
0.255 0.941 8.57567
0.255 0.99 16.8623
0.304 0.01 1.21849e-84
0.304 0.059 2.01215e-76
0.304 0.108 1.27208e-68
0.304 0.157 3.07825e-61
0.304 0.206 2.85118e-54
0.304 0.255 1.01083e-47
0.304 0.304 1.37171e-41
0.304 0.353 7.12495e-36
0.304 0.402 1.41655e-30
0.304 0.451 1.078e-25
0.304 0.5 3.14004e-21
0.304 0.549 3.50095e-17
0.304 0.598 1.49407e-13
0.304 0.647 2.44054e-10
0.304 0.696 1.52594e-07
0.304 0.745 3.6519e-05
0.304 0.794 0.0033453
0.304 0.843 0.117296
0.304 0.892 1.57423
0.304 0.941 8.08692
0.304 0.99 15.9013
0.353 0.01 1.21377e-84
0.353 0.059 2.00435e-76
0.353 0.108 1.26715e-68
0.353 0.157 3.06631e-61
0.353 0.206 2.84012e-54
0.353 0.255 1.00691e-47
0.353 0.304 1.36639e-41
0.353 0.353 7.09733e-36
0.353 0.402 1.41106e-30
0.353 0.451 1.07382e-25
0.353 0.5 3.12787e-21
0.353 0.549 3.48738e-17
0.353 0.598 1.48827e-13
0.353 0.647 2.43108e-10
0.353 0.696 1.52002e-07
0.353 0.745 3.63775e-05
0.353 0.794 0.00333234
0.353 0.843 0.116842
0.353 0.892 1.56813
0.353 0.941 8.05558
0.353 0.99 15.8397
0.402 0.01 1.28145e-84
0.402 0.059 2.11611e-76
0.402 0.108 1.33781e-68
0.402 0.157 3.23729e-61
0.402 0.206 2.99849e-54
0.402 0.255 1.06305e-47
0.402 0.304 1.44258e-41
0.402 0.353 7.49307e-36
0.402 0.402 1.48974e-30
0.402 0.451 1.13369e-25
0.402 0.5 3.30228e-21
0.402 0.549 3.68184e-17
0.402 0.598 1.57126e-13
0.402 0.647 2.56664e-10
0.402 0.696 1.60478e-07
0.402 0.745 3.84059e-05
0.402 0.794 0.00351815
0.402 0.843 0.123357
0.402 0.892 1.65556
0.402 0.941 8.50475
0.402 0.99 16.7229
0.451 0.01 1.27036e-84
0.451 0.059 2.0978e-76
0.451 0.108 1.32623e-68
0.451 0.157 3.20927e-61
0.451 0.206 2.97254e-54
0.451 0.255 1.05385e-47
0.451 0.304 1.4301e-41
0.451 0.353 7.42823e-36
0.451 0.402 1.47685e-30
0.451 0.451 1.12388e-25
0.451 0.5 3.2737e-21
0.451 0.549 3.64997e-17
0.451 0.598 1.55766e-13
0.451 0.647 2.54443e-10
0.451 0.696 1.59089e-07
0.451 0.745 3.80735e-05
0.451 0.794 0.0034877
0.451 0.843 0.122289
0.451 0.892 1.64124
0.451 0.941 8.43115
0.451 0.99 16.5781
0.5 0.01 1.0949e-84
0.5 0.059 1.80806e-76
0.5 0.108 1.14306e-68
0.5 0.157 2.76603e-61
0.5 0.206 2.56199e-54
0.5 0.255 9.08303e-48
0.5 0.304 1.23258e-41
0.5 0.353 6.40229e-36
0.5 0.402 1.27288e-30
0.5 0.451 9.6866e-26
0.5 0.5 2.82156e-21
0.5 0.549 3.14586e-17
0.5 0.598 1.34253e-13
0.5 0.647 2.19301e-10
0.5 0.696 1.37117e-07
0.5 0.745 3.2815e-05
0.5 0.794 0.003006
0.5 0.843 0.105399
0.5 0.892 1.41456
0.5 0.941 7.26669
0.5 0.99 14.2885
0.549 0.01 9.78515e-85
0.549 0.059 1.61586e-76
0.549 0.108 1.02155e-68
0.549 0.157 2.472e-61
0.549 0.206 2.28965e-54
0.549 0.255 8.11749e-48
0.549 0.304 1.10156e-41
0.549 0.353 5.72172e-36
0.549 0.402 1.13757e-30
0.549 0.451 8.6569e-26
0.549 0.5 2.52162e-21
0.549 0.549 2.81145e-17
0.549 0.598 1.19981e-13
0.549 0.647 1.95989e-10
0.549 0.696 1.22541e-07
0.549 0.745 2.93267e-05
0.549 0.794 0.00268646
0.549 0.843 0.0941953
0.549 0.892 1.26419
0.549 0.941 6.49423
0.549 0.99 12.7696
0.598 0.01 1.0881e-84
0.598 0.059 1.79683e-76
0.598 0.108 1.13596e-68
0.598 0.157 2.74884e-61
0.598 0.206 2.54607e-54
0.598 0.255 9.02658e-48
0.598 0.304 1.22492e-41
0.598 0.353 6.3625e-36
0.598 0.402 1.26497e-30
0.598 0.451 9.62641e-26
0.598 0.5 2.80402e-21
0.598 0.549 3.12631e-17
0.598 0.598 1.33419e-13
0.598 0.647 2.17938e-10
0.598 0.696 1.36264e-07
0.598 0.745 3.26111e-05
0.598 0.794 0.00298732
0.598 0.843 0.104745
0.598 0.892 1.40577
0.598 0.941 7.22154
0.598 0.99 14.1997
0.647 0.01 1.10352e-84
0.647 0.059 1.82229e-76
0.647 0.108 1.15206e-68
0.647 0.157 2.7878e-61
0.647 0.206 2.58215e-54
0.647 0.255 9.1545e-48
0.647 0.304 1.24228e-41
0.647 0.353 6.45267e-36
0.647 0.402 1.28289e-30
0.647 0.451 9.76283e-26
0.647 0.5 2.84376e-21
0.647 0.549 3.17062e-17
0.647 0.598 1.35309e-13
0.647 0.647 2.21026e-10
0.647 0.696 1.38196e-07
0.647 0.745 3.30733e-05
0.647 0.794 0.00302966
0.647 0.843 0.106229
0.647 0.892 1.42569
0.647 0.941 7.32388
0.647 0.99 14.4009
0.696 0.01 1.09024e-84
0.696 0.059 1.80037e-76
0.696 0.108 1.1382e-68
0.696 0.157 2.75426e-61
0.696 0.206 2.55109e-54
0.696 0.255 9.04437e-48
0.696 0.304 1.22734e-41
0.696 0.353 6.37504e-36
0.696 0.402 1.26746e-30
0.696 0.451 9.64538e-26
0.696 0.5 2.80955e-21
0.696 0.549 3.13247e-17
0.696 0.598 1.33681e-13
0.696 0.647 2.18367e-10
0.696 0.696 1.36533e-07
0.696 0.745 3.26754e-05
0.696 0.794 0.00299321
0.696 0.843 0.104951
0.696 0.892 1.40854
0.696 0.941 7.23577
0.696 0.99 14.2277
0.745 0.01 9.49845e-85
0.745 0.059 1.56852e-76
0.745 0.108 9.91621e-69
0.745 0.157 2.39957e-61
0.745 0.206 2.22256e-54
0.745 0.255 7.87965e-48
0.745 0.304 1.06928e-41
0.745 0.353 5.55408e-36
0.745 0.402 1.10424e-30
0.745 0.451 8.40326e-26
0.745 0.5 2.44774e-21
0.745 0.549 2.72908e-17
0.745 0.598 1.16466e-13
0.745 0.647 1.90246e-10
0.745 0.696 1.18951e-07
0.745 0.745 2.84675e-05
0.745 0.794 0.00260775
0.745 0.843 0.0914355
0.745 0.892 1.22715
0.745 0.941 6.30396
0.745 0.99 12.3955
0.794 0.01 9.71174e-85
0.794 0.059 1.60374e-76
0.794 0.108 1.01389e-68
0.794 0.157 2.45345e-61
0.794 0.206 2.27247e-54
0.794 0.255 8.05659e-48
0.794 0.304 1.09329e-41
0.794 0.353 5.67879e-36
0.794 0.402 1.12904e-30
0.794 0.451 8.59196e-26
0.794 0.5 2.5027e-21
0.794 0.549 2.79036e-17
0.794 0.598 1.19081e-13
0.794 0.647 1.94518e-10
0.794 0.696 1.21622e-07
0.794 0.745 2.91067e-05
0.794 0.794 0.0026663
0.794 0.843 0.0934887
0.794 0.892 1.2547
0.794 0.941 6.44551
0.794 0.99 12.6738
0.843 0.01 1.15211e-84
0.843 0.059 1.90253e-76
0.843 0.108 1.20278e-68
0.843 0.157 2.91055e-61
0.843 0.206 2.69584e-54
0.843 0.255 9.55758e-48
0.843 0.304 1.29698e-41
0.843 0.353 6.73679e-36
0.843 0.402 1.33938e-30
0.843 0.451 1.01927e-25
0.843 0.5 2.96897e-21
0.843 0.549 3.31022e-17
0.843 0.598 1.41267e-13
0.843 0.647 2.30758e-10
0.843 0.696 1.4428e-07
0.843 0.745 3.45295e-05
0.843 0.794 0.00316305
0.843 0.843 0.110906
0.843 0.892 1.48846
0.843 0.941 7.64635
0.843 0.99 15.035
0.892 0.01 1.22209e-84
0.892 0.059 2.01808e-76
0.892 0.108 1.27583e-68
0.892 0.157 3.08732e-61
0.892 0.206 2.85958e-54
0.892 0.255 1.01381e-47
0.892 0.304 1.37576e-41
0.892 0.353 7.14596e-36
0.892 0.402 1.42073e-30
0.892 0.451 1.08118e-25
0.892 0.5 3.1493e-21
0.892 0.549 3.51127e-17
0.892 0.598 1.49847e-13
0.892 0.647 2.44774e-10
0.892 0.696 1.53044e-07
0.892 0.745 3.66267e-05
0.892 0.794 0.00335517
0.892 0.843 0.117642
0.892 0.892 1.57887
0.892 0.941 8.11077
0.892 0.99 15.9482
0.941 0.01 1.15752e-84
0.941 0.059 1.91146e-76
0.941 0.108 1.20843e-68
0.941 0.157 2.9242e-61
0.941 0.206 2.7085e-54
0.941 0.255 9.60243e-48
0.941 0.304 1.30307e-41
0.941 0.353 6.7684e-36
0.941 0.402 1.34567e-30
0.941 0.451 1.02405e-25
0.941 0.5 2.98291e-21
0.941 0.549 3.32576e-17
0.941 0.598 1.4193e-13
0.941 0.647 2.31841e-10
0.941 0.696 1.44957e-07
0.941 0.745 3.46915e-05
0.941 0.794 0.0031779
0.941 0.843 0.111427
0.941 0.892 1.49545
0.941 0.941 7.68224
0.941 0.99 15.1056
0.99 0.01 1.07632e-84
0.99 0.059 1.77737e-76
0.99 0.108 1.12366e-68
0.99 0.157 2.71908e-61
0.99 0.206 2.5185e-54
0.99 0.255 8.92885e-48
0.99 0.304 1.21166e-41
0.99 0.353 6.29362e-36
0.99 0.402 1.25127e-30
0.99 0.451 9.52218e-26
0.99 0.5 2.77367e-21
0.99 0.549 3.09246e-17
0.99 0.598 1.31974e-13
0.99 0.647 2.15578e-10
0.99 0.696 1.34789e-07
0.99 0.745 3.2258e-05
0.99 0.794 0.00295498
0.99 0.843 0.10361
0.99 0.892 1.39055
0.99 0.941 7.14335
0.99 0.99 14.0459
