0.01 0.01 32.918
0.01 0.059 19.2094
0.01 0.108 6.11538
0.01 0.157 2.4737
0.01 0.206 2.73474
0.01 0.255 2.8685
0.01 0.304 1.53958
0.01 0.353 0.375562
0.01 0.402 0.326617
0.01 0.451 1.00056
0.01 0.5 1.5444
0.01 0.549 2.04593
0.01 0.598 2.6263
0.01 0.647 1.67343
0.01 0.696 0.467831
0.01 0.745 0.416508
0.01 0.794 1.30472
0.01 0.843 2.59362
0.01 0.892 4.77071
0.01 0.941 10.7893
0.01 0.99 17.9086
0.059 0.01 19.5806
0.059 0.059 11.4263
0.059 0.108 3.63762
0.059 0.157 1.47143
0.059 0.206 1.62671
0.059 0.255 1.70627
0.059 0.304 0.915792
0.059 0.353 0.223396
0.059 0.402 0.194282
0.059 0.451 0.595161
0.059 0.5 0.918658
0.059 0.549 1.21698
0.059 0.598 1.56221
0.059 0.647 0.995408
0.059 0.696 0.27828
0.059 0.745 0.247752
0.059 0.794 0.77609
0.059 0.843 1.54276
0.059 0.892 2.83776
0.059 0.941 6.4178
0.059 0.99 10.6526
0.108 0.01 7.66168
0.108 0.059 4.47099
0.108 0.108 1.42336
0.108 0.157 0.575756
0.108 0.206 0.636513
0.108 0.255 0.667645
0.108 0.304 0.358339
0.108 0.353 0.0874123
0.108 0.402 0.0760205
0.108 0.451 0.23288
0.108 0.5 0.359461
0.108 0.549 0.476191
0.108 0.598 0.611274
0.108 0.647 0.389492
0.108 0.696 0.108888
0.108 0.745 0.0969426
0.108 0.794 0.303676
0.108 0.843 0.603666
0.108 0.892 1.11039
0.108 0.941 2.51122
0.108 0.99 4.16825
0.157 0.01 3.31023
0.157 0.059 1.93169
0.157 0.108 0.614963
0.157 0.157 0.248756
0.157 0.206 0.275006
0.157 0.255 0.288456
0.157 0.304 0.154821
0.157 0.353 0.0377665
0.157 0.402 0.0328447
0.157 0.451 0.100616
0.157 0.5 0.155305
0.157 0.549 0.205739
0.157 0.598 0.264101
0.157 0.647 0.16828
0.157 0.696 0.0470451
0.157 0.745 0.0418841
0.157 0.794 0.131203
0.157 0.843 0.260814
0.157 0.892 0.479742
0.157 0.941 1.08497
0.157 0.99 1.80089
0.206 0.01 2.79587
0.206 0.059 1.63154
0.206 0.108 0.519406
0.206 0.157 0.210103
0.206 0.206 0.232274
0.206 0.255 0.243634
0.206 0.304 0.130764
0.206 0.353 0.0318981
0.206 0.402 0.0277411
0.206 0.451 0.0849816
0.206 0.5 0.131173
0.206 0.549 0.17377
0.206 0.598 0.223064
0.206 0.647 0.142132
0.206 0.696 0.0397349
0.206 0.745 0.0353759
0.206 0.794 0.110816
0.206 0.843 0.220287
0.206 0.892 0.405197
0.206 0.941 0.916383
0.206 0.99 1.52106
0.255 0.01 3.96412
0.255 0.059 2.31327
0.255 0.108 0.73644
0.255 0.157 0.297894
0.255 0.206 0.329329
0.255 0.255 0.345437
0.255 0.304 0.185403
0.255 0.353 0.0452267
0.255 0.402 0.0393326
0.255 0.451 0.120491
0.255 0.5 0.185983
0.255 0.549 0.246379
0.255 0.598 0.316271
0.255 0.647 0.201522
0.255 0.696 0.0563382
0.255 0.745 0.0501577
0.255 0.794 0.15712
0.255 0.843 0.312334
0.255 0.892 0.574509
0.255 0.941 1.29929
0.255 0.99 2.15663
0.304 0.01 3.99727
0.304 0.059 2.33262
0.304 0.108 0.742598
0.304 0.157 0.300385
0.304 0.206 0.332083
0.304 0.255 0.348325
0.304 0.304 0.186953
0.304 0.353 0.0456049
0.304 0.402 0.0396615
0.304 0.451 0.121499
0.304 0.5 0.187539
0.304 0.549 0.24844
0.304 0.598 0.318915
0.304 0.647 0.203207
0.304 0.696 0.0568092
0.304 0.745 0.0505771
0.304 0.794 0.158434
0.304 0.843 0.314946
0.304 0.892 0.579312
0.304 0.941 1.31016
0.304 0.99 2.17467
0.353 0.01 2.5006
0.353 0.059 1.45923
0.353 0.108 0.464552
0.353 0.157 0.187913
0.353 0.206 0.207743
0.353 0.255 0.217904
0.353 0.304 0.116954
0.353 0.353 0.0285293
0.353 0.402 0.0248113
0.353 0.451 0.0760067
0.353 0.5 0.11732
0.353 0.549 0.155418
0.353 0.598 0.199506
0.353 0.647 0.127121
0.353 0.696 0.0355385
0.353 0.745 0.0316398
0.353 0.794 0.0991127
0.353 0.843 0.197023
0.353 0.892 0.362404
0.353 0.941 0.819603
0.353 0.99 1.36042
0.402 0.01 2.67114
0.402 0.059 1.55875
0.402 0.108 0.496235
0.402 0.157 0.20073
0.402 0.206 0.221912
0.402 0.255 0.232766
0.402 0.304 0.12493
0.402 0.353 0.0304751
0.402 0.402 0.0265035
0.402 0.451 0.0811905
0.402 0.5 0.125321
0.402 0.549 0.166018
0.402 0.598 0.213113
0.402 0.647 0.135791
0.402 0.696 0.0379623
0.402 0.745 0.0337978
0.402 0.794 0.105872
0.402 0.843 0.21046
0.402 0.892 0.387121
0.402 0.941 0.875502
0.402 0.99 1.45321
0.451 0.01 4.30455
0.451 0.059 2.51193
0.451 0.108 0.799683
0.451 0.157 0.323476
0.451 0.206 0.35761
0.451 0.255 0.375101
0.451 0.304 0.201325
0.451 0.353 0.0491106
0.451 0.402 0.0427104
0.451 0.451 0.130839
0.451 0.5 0.201955
0.451 0.549 0.267538
0.451 0.598 0.343431
0.451 0.647 0.218828
0.451 0.696 0.0611763
0.451 0.745 0.0544651
0.451 0.794 0.170613
0.451 0.843 0.339156
0.451 0.892 0.623845
0.451 0.941 1.41087
0.451 0.99 2.34184
0.5 0.01 4.09343
0.5 0.059 2.38873
0.5 0.108 0.760462
0.5 0.157 0.307611
0.5 0.206 0.340071
0.5 0.255 0.356705
0.5 0.304 0.191451
0.5 0.353 0.046702
0.5 0.402 0.0406157
0.5 0.451 0.124422
0.5 0.5 0.19205
0.5 0.549 0.254416
0.5 0.598 0.326587
0.5 0.647 0.208095
0.5 0.696 0.0581759
0.5 0.745 0.0517938
0.5 0.794 0.162246
0.5 0.843 0.322523
0.5 0.892 0.593249
0.5 0.941 1.34167
0.5 0.99 2.22698
0.549 0.01 2.39956
0.549 0.059 1.40027
0.549 0.108 0.445782
0.549 0.157 0.180321
0.549 0.206 0.199349
0.549 0.255 0.2091
0.549 0.304 0.112228
0.549 0.353 0.0273767
0.549 0.402 0.0238089
0.549 0.451 0.0729357
0.549 0.5 0.11258
0.549 0.549 0.149138
0.549 0.598 0.191445
0.549 0.647 0.121985
0.549 0.696 0.0341026
0.549 0.745 0.0303615
0.549 0.794 0.0951082
0.549 0.843 0.189062
0.549 0.892 0.347762
0.549 0.941 0.786488
0.549 0.99 1.30545
0.598 0.01 2.46995
0.598 0.059 1.44135
0.598 0.108 0.458859
0.598 0.157 0.185611
0.598 0.206 0.205197
0.598 0.255 0.215234
0.598 0.304 0.115521
0.598 0.353 0.0281797
0.598 0.402 0.0245073
0.598 0.451 0.0750753
0.598 0.5 0.115882
0.598 0.549 0.153513
0.598 0.598 0.197061
0.598 0.647 0.125564
0.598 0.696 0.035103
0.598 0.745 0.0312521
0.598 0.794 0.0978982
0.598 0.843 0.194608
0.598 0.892 0.357963
0.598 0.941 0.80956
0.598 0.99 1.34375
0.647 0.01 3.80031
0.647 0.059 2.21768
0.647 0.108 0.706008
0.647 0.157 0.285584
0.647 0.206 0.31572
0.647 0.255 0.331162
0.647 0.304 0.177742
0.647 0.353 0.0433578
0.647 0.402 0.0377073
0.647 0.451 0.115512
0.647 0.5 0.178298
0.647 0.549 0.236198
0.647 0.598 0.303201
0.647 0.647 0.193194
0.647 0.696 0.0540101
0.647 0.745 0.048085
0.647 0.794 0.150628
0.647 0.843 0.299428
0.647 0.892 0.550768
0.647 0.941 1.2456
0.647 0.99 2.06752
0.696 0.01 4.06437
0.696 0.059 2.37177
0.696 0.108 0.755063
0.696 0.157 0.305427
0.696 0.206 0.337657
0.696 0.255 0.354172
0.696 0.304 0.190092
0.696 0.353 0.0463704
0.696 0.402 0.0403273
0.696 0.451 0.123538
0.696 0.5 0.190687
0.696 0.549 0.25261
0.696 0.598 0.324268
0.696 0.647 0.206618
0.696 0.696 0.0577628
0.696 0.745 0.0514261
0.696 0.794 0.161094
0.696 0.843 0.320233
0.696 0.892 0.589037
0.696 0.941 1.33215
0.696 0.99 2.21117
0.745 0.01 2.83414
0.745 0.059 1.65387
0.745 0.108 0.526516
0.745 0.157 0.212978
0.745 0.206 0.235453
0.745 0.255 0.246969
0.745 0.304 0.132553
0.745 0.353 0.0323347
0.745 0.402 0.0281208
0.745 0.451 0.0861448
0.745 0.5 0.132968
0.745 0.549 0.176148
0.745 0.598 0.226117
0.745 0.647 0.144077
0.745 0.696 0.0402788
0.745 0.745 0.0358601
0.745 0.794 0.112333
0.745 0.843 0.223302
0.745 0.892 0.410743
0.745 0.941 0.928925
0.745 0.99 1.54188
0.794 0.01 3.35447
0.794 0.059 1.95751
0.794 0.108 0.623182
0.794 0.157 0.25208
0.794 0.206 0.278681
0.794 0.255 0.292311
0.794 0.304 0.15689
0.794 0.353 0.0382712
0.794 0.402 0.0332836
0.794 0.451 0.101961
0.794 0.5 0.157381
0.794 0.549 0.208488
0.794 0.598 0.267631
0.794 0.647 0.170529
0.794 0.696 0.0476738
0.794 0.745 0.0424439
0.794 0.794 0.132957
0.794 0.843 0.2643
0.794 0.892 0.486154
0.794 0.941 1.09947
0.794 0.99 1.82496
0.843 0.01 5.41041
0.843 0.059 3.15726
0.843 0.108 1.00513
0.843 0.157 0.406579
0.843 0.206 0.449483
0.843 0.255 0.471468
0.843 0.304 0.253047
0.843 0.353 0.0617275
0.843 0.402 0.053683
0.843 0.451 0.164452
0.843 0.5 0.253839
0.843 0.549 0.33627
0.843 0.598 0.43166
0.843 0.647 0.275046
0.843 0.696 0.0768929
0.843 0.745 0.0684575
0.843 0.794 0.214445
0.843 0.843 0.426288
0.843 0.892 0.784115
0.843 0.941 1.77333
0.843 0.99 2.94347
0.892 0.01 7.36362
0.892 0.059 4.29706
0.892 0.108 1.36799
0.892 0.157 0.553358
0.892 0.206 0.61175
0.892 0.255 0.641672
0.892 0.304 0.344399
0.892 0.353 0.0840117
0.892 0.402 0.073063
0.892 0.451 0.22382
0.892 0.5 0.345477
0.892 0.549 0.457666
0.892 0.598 0.587494
0.892 0.647 0.37434
0.892 0.696 0.104652
0.892 0.745 0.0931713
0.892 0.794 0.291862
0.892 0.843 0.580182
0.892 0.892 1.06719
0.892 0.941 2.41352
0.892 0.99 4.00609
0.941 0.01 13.4529
0.941 0.059 7.85045
0.941 0.108 2.49923
0.941 0.157 1.01095
0.941 0.206 1.11763
0.941 0.255 1.17229
0.941 0.304 0.629195
0.941 0.353 0.153484
0.941 0.402 0.133482
0.941 0.451 0.408906
0.941 0.5 0.631164
0.941 0.549 0.836127
0.941 0.598 1.07331
0.941 0.647 0.683895
0.941 0.696 0.191192
0.941 0.745 0.170218
0.941 0.794 0.533213
0.941 0.843 1.05996
0.941 0.892 1.94969
0.941 0.941 4.40935
0.941 0.99 7.31888
0.99 0.01 20.4507
0.99 0.059 11.934
0.99 0.108 3.79925
0.99 0.157 1.53682
0.99 0.206 1.69899
0.99 0.255 1.78209
0.99 0.304 0.956484
0.99 0.353 0.233322
0.99 0.402 0.202915
0.99 0.451 0.621607
0.99 0.5 0.959478
0.99 0.549 1.27106
0.99 0.598 1.63162
0.99 0.647 1.03964
0.99 0.696 0.290645
0.99 0.745 0.258761
0.99 0.794 0.810575
0.99 0.843 1.61131
0.99 0.892 2.96386
0.99 0.941 6.70298
0.99 0.99 11.126
