0.01 0.01 4.86418
0.01 0.059 3.18033
0.01 0.108 1.49973
0.01 0.157 0.963868
0.01 0.206 0.697518
0.01 0.255 0.347703
0.01 0.304 0.398813
0.01 0.353 0.768725
0.01 0.402 0.954448
0.01 0.451 0.898433
0.01 0.5 0.916334
0.01 0.549 0.726963
0.01 0.598 0.383246
0.01 0.647 0.402496
0.01 0.696 0.643339
0.01 0.745 0.781496
0.01 0.794 0.646438
0.01 0.843 0.726334
0.01 0.892 1.35316
0.01 0.941 2.92819
0.01 0.99 4.73744
0.059 0.01 3.34509
0.059 0.059 2.18711
0.059 0.108 1.03136
0.059 0.157 0.662851
0.059 0.206 0.479682
0.059 0.255 0.239115
0.059 0.304 0.274264
0.059 0.353 0.528651
0.059 0.402 0.656373
0.059 0.451 0.617851
0.059 0.5 0.630162
0.059 0.549 0.499931
0.059 0.598 0.263558
0.059 0.647 0.276796
0.059 0.696 0.442424
0.059 0.745 0.537434
0.059 0.794 0.444554
0.059 0.843 0.499499
0.059 0.892 0.930568
0.059 0.941 2.01372
0.059 0.99 3.25793
0.108 0.01 2.15551
0.108 0.059 1.40933
0.108 0.108 0.664591
0.108 0.157 0.427128
0.108 0.206 0.309098
0.108 0.255 0.154081
0.108 0.304 0.17673
0.108 0.353 0.340652
0.108 0.402 0.422954
0.108 0.451 0.398131
0.108 0.5 0.406064
0.108 0.549 0.322146
0.108 0.598 0.169831
0.108 0.647 0.178362
0.108 0.696 0.285089
0.108 0.745 0.346312
0.108 0.794 0.286462
0.108 0.843 0.321868
0.108 0.892 0.599639
0.108 0.941 1.2976
0.108 0.99 2.09935
0.157 0.01 2.65567
0.157 0.059 1.73635
0.157 0.108 0.8188
0.157 0.157 0.526237
0.157 0.206 0.38082
0.157 0.255 0.189833
0.157 0.304 0.217738
0.157 0.353 0.419696
0.157 0.402 0.521094
0.157 0.451 0.490512
0.157 0.5 0.500285
0.157 0.549 0.396895
0.157 0.598 0.209238
0.157 0.647 0.219749
0.157 0.696 0.35124
0.157 0.745 0.426669
0.157 0.794 0.352932
0.157 0.843 0.396552
0.157 0.892 0.738777
0.157 0.941 1.59869
0.157 0.99 2.58647
0.206 0.01 2.43587
0.206 0.059 1.59264
0.206 0.108 0.751032
0.206 0.157 0.482683
0.206 0.206 0.349301
0.206 0.255 0.174122
0.206 0.304 0.199717
0.206 0.353 0.38496
0.206 0.402 0.477966
0.206 0.451 0.449915
0.206 0.5 0.458879
0.206 0.549 0.364046
0.206 0.598 0.191921
0.206 0.647 0.201561
0.206 0.696 0.32217
0.206 0.745 0.391356
0.206 0.794 0.323721
0.206 0.843 0.363732
0.206 0.892 0.677633
0.206 0.941 1.46637
0.206 0.99 2.3724
0.255 0.01 1.09474
0.255 0.059 0.715772
0.255 0.108 0.337533
0.255 0.157 0.21693
0.255 0.206 0.156985
0.255 0.255 0.0782547
0.255 0.304 0.0897578
0.255 0.353 0.173011
0.255 0.402 0.21481
0.255 0.451 0.202203
0.255 0.5 0.206232
0.255 0.549 0.163612
0.255 0.598 0.0862541
0.255 0.647 0.0905867
0.255 0.696 0.144791
0.255 0.745 0.175885
0.255 0.794 0.145489
0.255 0.843 0.16347
0.255 0.892 0.304545
0.255 0.941 0.659026
0.255 0.99 1.06622
0.304 0.01 0.666617
0.304 0.059 0.435852
0.304 0.108 0.205532
0.304 0.157 0.132094
0.304 0.206 0.0955921
0.304 0.255 0.0476513
0.304 0.304 0.0546558
0.304 0.353 0.105351
0.304 0.402 0.130803
0.304 0.451 0.123127
0.304 0.5 0.12558
0.304 0.549 0.0996274
0.304 0.598 0.0525223
0.304 0.647 0.0551606
0.304 0.696 0.0881671
0.304 0.745 0.107101
0.304 0.794 0.0885918
0.304 0.843 0.0995413
0.304 0.892 0.185446
0.304 0.941 0.401298
0.304 0.99 0.649248
0.353 0.01 1.17097
0.353 0.059 0.765612
0.353 0.108 0.361036
0.353 0.157 0.232035
0.353 0.206 0.167916
0.353 0.255 0.0837037
0.353 0.304 0.0960078
0.353 0.353 0.185058
0.353 0.402 0.229768
0.353 0.451 0.216283
0.353 0.5 0.220592
0.353 0.549 0.175004
0.353 0.598 0.0922601
0.353 0.647 0.0968944
0.353 0.696 0.154873
0.353 0.745 0.188132
0.353 0.794 0.155619
0.353 0.843 0.174853
0.353 0.892 0.325751
0.353 0.941 0.704914
0.353 0.99 1.14046
0.402 0.01 1.73309
0.402 0.059 1.13314
0.402 0.108 0.53435
0.402 0.157 0.343423
0.402 0.206 0.248524
0.402 0.255 0.123885
0.402 0.304 0.142096
0.402 0.353 0.273895
0.402 0.402 0.340067
0.402 0.451 0.320109
0.402 0.5 0.326487
0.402 0.549 0.259015
0.402 0.598 0.136549
0.402 0.647 0.143408
0.402 0.696 0.22922
0.402 0.745 0.278445
0.402 0.794 0.230324
0.402 0.843 0.258791
0.402 0.892 0.482128
0.402 0.941 1.04331
0.402 0.99 1.68794
0.451 0.01 2.15552
0.451 0.059 1.40934
0.451 0.108 0.664594
0.451 0.157 0.42713
0.451 0.206 0.309099
0.451 0.255 0.154082
0.451 0.304 0.176731
0.451 0.353 0.340654
0.451 0.402 0.422956
0.451 0.451 0.398133
0.451 0.5 0.406066
0.451 0.549 0.322147
0.451 0.598 0.169832
0.451 0.647 0.178363
0.451 0.696 0.28509
0.451 0.745 0.346313
0.451 0.794 0.286463
0.451 0.843 0.321869
0.451 0.892 0.599642
0.451 0.941 1.2976
0.451 0.99 2.09936
0.5 0.01 1.48003
0.5 0.059 0.967681
0.5 0.108 0.456325
0.5 0.157 0.293277
0.5 0.206 0.212234
0.5 0.255 0.105796
0.5 0.304 0.121347
0.5 0.353 0.233901
0.5 0.402 0.290411
0.5 0.451 0.273367
0.5 0.5 0.278814
0.5 0.549 0.221194
0.5 0.598 0.116611
0.5 0.647 0.122468
0.5 0.696 0.195749
0.5 0.745 0.237786
0.5 0.794 0.196692
0.5 0.843 0.221002
0.5 0.892 0.411728
0.5 0.941 0.890964
0.5 0.99 1.44147
0.549 0.01 0.529024
0.549 0.059 0.34589
0.549 0.108 0.16311
0.549 0.157 0.104829
0.549 0.206 0.0758615
0.549 0.255 0.0378159
0.549 0.304 0.0433746
0.549 0.353 0.0836059
0.549 0.402 0.103805
0.549 0.451 0.0977128
0.549 0.5 0.0996597
0.549 0.549 0.0790638
0.549 0.598 0.0416815
0.549 0.647 0.0437752
0.549 0.696 0.069969
0.549 0.745 0.0849949
0.549 0.794 0.070306
0.549 0.843 0.0789955
0.549 0.892 0.147169
0.549 0.941 0.318468
0.549 0.99 0.51524
0.598 0.01 0.640371
0.598 0.059 0.418691
0.598 0.108 0.19744
0.598 0.157 0.126893
0.598 0.206 0.0918284
0.598 0.255 0.0457751
0.598 0.304 0.0525039
0.598 0.353 0.101203
0.598 0.402 0.125653
0.598 0.451 0.118279
0.598 0.5 0.120636
0.598 0.549 0.0957048
0.598 0.598 0.0504544
0.598 0.647 0.0529888
0.598 0.696 0.0846958
0.598 0.745 0.102884
0.598 0.794 0.0851037
0.598 0.843 0.0956221
0.598 0.892 0.178144
0.598 0.941 0.385497
0.598 0.99 0.623685
0.647 0.01 1.47577
0.647 0.059 0.964896
0.647 0.108 0.455011
0.647 0.157 0.292433
0.647 0.206 0.211623
0.647 0.255 0.105491
0.647 0.304 0.120998
0.647 0.353 0.233227
0.647 0.402 0.289575
0.647 0.451 0.27258
0.647 0.5 0.278011
0.647 0.549 0.220557
0.647 0.598 0.116275
0.647 0.647 0.122115
0.647 0.696 0.195186
0.647 0.745 0.237102
0.647 0.794 0.196126
0.647 0.843 0.220366
0.647 0.892 0.410542
0.647 0.941 0.888399
0.647 0.99 1.43732
0.696 0.01 2.27506
0.696 0.059 1.4875
0.696 0.108 0.701451
0.696 0.157 0.450818
0.696 0.206 0.326241
0.696 0.255 0.162627
0.696 0.304 0.186532
0.696 0.353 0.359546
0.696 0.402 0.446412
0.696 0.451 0.420213
0.696 0.5 0.428585
0.696 0.549 0.340013
0.696 0.598 0.179251
0.696 0.647 0.188255
0.696 0.696 0.300901
0.696 0.745 0.365519
0.696 0.794 0.30235
0.696 0.843 0.339719
0.696 0.892 0.632897
0.696 0.941 1.36957
0.696 0.99 2.21578
0.745 0.01 2.38046
0.745 0.059 1.55641
0.745 0.108 0.733947
0.745 0.157 0.471703
0.745 0.206 0.341355
0.745 0.255 0.170161
0.745 0.304 0.195173
0.745 0.353 0.376203
0.745 0.402 0.467093
0.745 0.451 0.43968
0.745 0.5 0.44844
0.745 0.549 0.355765
0.745 0.598 0.187555
0.745 0.647 0.196976
0.745 0.696 0.314841
0.745 0.745 0.382453
0.745 0.794 0.316357
0.745 0.843 0.355457
0.745 0.892 0.662217
0.745 0.941 1.43301
0.745 0.99 2.31843
0.794 0.01 2.32122
0.794 0.059 1.51768
0.794 0.108 0.715684
0.794 0.157 0.459965
0.794 0.206 0.332861
0.794 0.255 0.165926
0.794 0.304 0.190317
0.794 0.353 0.366841
0.794 0.402 0.45547
0.794 0.451 0.428739
0.794 0.5 0.437281
0.794 0.549 0.346912
0.794 0.598 0.182888
0.794 0.647 0.192074
0.794 0.696 0.307006
0.794 0.745 0.372936
0.794 0.794 0.308485
0.794 0.843 0.346612
0.794 0.892 0.645739
0.794 0.941 1.39736
0.794 0.99 2.26074
0.843 0.01 3.39749
0.843 0.059 2.22137
0.843 0.108 1.04752
0.843 0.157 0.673235
0.843 0.206 0.487197
0.843 0.255 0.242861
0.843 0.304 0.27856
0.843 0.353 0.536933
0.843 0.402 0.666655
0.843 0.451 0.62753
0.843 0.5 0.640034
0.843 0.549 0.507763
0.843 0.598 0.267686
0.843 0.647 0.281132
0.843 0.696 0.449354
0.843 0.745 0.545853
0.843 0.794 0.451519
0.843 0.843 0.507324
0.843 0.892 0.945145
0.843 0.941 2.04526
0.843 0.99 3.30897
0.892 0.01 6.34867
0.892 0.059 4.15093
0.892 0.108 1.95743
0.892 0.157 1.25803
0.892 0.206 0.910392
0.892 0.255 0.453817
0.892 0.304 0.520526
0.892 0.353 1.00333
0.892 0.402 1.24573
0.892 0.451 1.17262
0.892 0.5 1.19599
0.892 0.549 0.948822
0.892 0.598 0.500208
0.892 0.647 0.525333
0.892 0.696 0.839678
0.892 0.745 1.02
0.892 0.794 0.843722
0.892 0.843 0.948003
0.892 0.892 1.76613
0.892 0.941 3.82184
0.892 0.99 6.18325
0.941 0.01 16.7416
0.941 0.059 10.9461
0.941 0.108 5.16179
0.941 0.157 3.31745
0.941 0.206 2.40072
0.941 0.255 1.19673
0.941 0.304 1.37264
0.941 0.353 2.6458
0.941 0.402 3.28502
0.941 0.451 3.09223
0.941 0.5 3.15384
0.941 0.549 2.50206
0.941 0.598 1.31906
0.941 0.647 1.38531
0.941 0.696 2.21425
0.941 0.745 2.68976
0.941 0.794 2.22491
0.941 0.843 2.4999
0.941 0.892 4.65732
0.941 0.941 10.0783
0.941 0.99 16.3054
0.99 0.01 28.7621
0.99 0.059 18.8054
0.99 0.108 8.86797
0.99 0.157 5.69938
0.99 0.206 4.12445
0.99 0.255 2.05598
0.99 0.304 2.3582
0.99 0.353 4.5455
0.99 0.402 5.64368
0.99 0.451 5.31246
0.99 0.5 5.41831
0.99 0.549 4.29855
0.99 0.598 2.26614
0.99 0.647 2.37997
0.99 0.696 3.80409
0.99 0.745 4.62101
0.99 0.794 3.82241
0.99 0.843 4.29484
0.99 0.892 8.00129
0.99 0.941 17.3145
0.99 0.99 28.0127
