0.01 0.01 6.81706
0.01 0.059 4.34124
0.01 0.108 1.74476
0.01 0.157 0.595315
0.01 0.206 0.490802
0.01 0.255 0.613583
0.01 0.304 0.824793
0.01 0.353 1.01069
0.01 0.402 0.579828
0.01 0.451 0.134628
0.01 0.5 0.0655017
0.01 0.549 0.2661
0.01 0.598 0.542719
0.01 0.647 0.708211
0.01 0.696 0.989212
0.01 0.745 0.862681
0.01 0.794 0.400638
0.01 0.843 0.579271
0.01 0.892 2.29048
0.01 0.941 7.70469
0.01 0.99 13.6859
0.059 0.01 5.17108
0.059 0.059 3.29305
0.059 0.108 1.32349
0.059 0.157 0.451576
0.059 0.206 0.372297
0.059 0.255 0.465433
0.059 0.304 0.625647
0.059 0.353 0.766661
0.059 0.402 0.439828
0.059 0.451 0.102122
0.059 0.5 0.0496863
0.059 0.549 0.20185
0.059 0.598 0.41168
0.059 0.647 0.537213
0.059 0.696 0.750366
0.059 0.745 0.654387
0.059 0.794 0.303904
0.059 0.843 0.439406
0.059 0.892 1.73744
0.059 0.941 5.84439
0.059 0.99 10.3814
0.108 0.01 3.00358
0.108 0.059 1.91274
0.108 0.108 0.768736
0.108 0.157 0.262294
0.108 0.206 0.216246
0.108 0.255 0.270343
0.108 0.304 0.363402
0.108 0.353 0.445309
0.108 0.402 0.25547
0.108 0.451 0.0593165
0.108 0.5 0.0288599
0.108 0.549 0.117243
0.108 0.598 0.239121
0.108 0.647 0.312036
0.108 0.696 0.435844
0.108 0.745 0.380095
0.108 0.794 0.17652
0.108 0.843 0.255225
0.108 0.892 1.00918
0.108 0.941 3.39467
0.108 0.99 6.02997
0.157 0.01 1.46505
0.157 0.059 0.932975
0.157 0.108 0.374966
0.157 0.157 0.127939
0.157 0.206 0.105478
0.157 0.255 0.131865
0.157 0.304 0.177256
0.157 0.353 0.217208
0.157 0.402 0.124611
0.157 0.451 0.0289328
0.157 0.5 0.014077
0.157 0.549 0.0571876
0.157 0.598 0.116636
0.157 0.647 0.152201
0.157 0.696 0.212591
0.157 0.745 0.185399
0.157 0.794 0.086101
0.157 0.843 0.124491
0.157 0.892 0.492246
0.157 0.941 1.65581
0.157 0.99 2.94123
0.206 0.01 1.14386
0.206 0.059 0.728432
0.206 0.108 0.292759
0.206 0.157 0.09989
0.206 0.206 0.0823533
0.206 0.255 0.102955
0.206 0.304 0.138395
0.206 0.353 0.169588
0.206 0.402 0.0972913
0.206 0.451 0.0225896
0.206 0.5 0.0109908
0.206 0.549 0.0446499
0.206 0.598 0.0910648
0.206 0.647 0.118833
0.206 0.696 0.165983
0.206 0.745 0.144752
0.206 0.794 0.0672244
0.206 0.843 0.0971979
0.206 0.892 0.384327
0.206 0.941 1.2928
0.206 0.99 2.29641
0.255 0.01 1.35562
0.255 0.059 0.863286
0.255 0.108 0.346957
0.255 0.157 0.118383
0.255 0.206 0.0975993
0.255 0.255 0.122015
0.255 0.304 0.164016
0.255 0.353 0.200983
0.255 0.402 0.115303
0.255 0.451 0.0267716
0.255 0.5 0.0130255
0.255 0.549 0.0529159
0.255 0.598 0.107924
0.255 0.647 0.140833
0.255 0.696 0.196712
0.255 0.745 0.17155
0.255 0.794 0.0796696
0.255 0.843 0.115192
0.255 0.892 0.455477
0.255 0.941 1.53213
0.255 0.99 2.72154
0.304 0.01 1.85264
0.304 0.059 1.1798
0.304 0.108 0.474164
0.304 0.157 0.161786
0.304 0.206 0.133383
0.304 0.255 0.16675
0.304 0.304 0.22415
0.304 0.353 0.274671
0.304 0.402 0.157577
0.304 0.451 0.036587
0.304 0.5 0.0178011
0.304 0.549 0.0723167
0.304 0.598 0.147492
0.304 0.647 0.192467
0.304 0.696 0.268833
0.304 0.745 0.234446
0.304 0.794 0.108879
0.304 0.843 0.157425
0.304 0.892 0.622471
0.304 0.941 2.09386
0.304 0.99 3.71935
0.353 0.01 1.67633
0.353 0.059 1.06752
0.353 0.108 0.42904
0.353 0.157 0.146389
0.353 0.206 0.120689
0.353 0.255 0.150881
0.353 0.304 0.202818
0.353 0.353 0.248532
0.353 0.402 0.142581
0.353 0.451 0.0331052
0.353 0.5 0.016107
0.353 0.549 0.0654347
0.353 0.598 0.133456
0.353 0.647 0.174151
0.353 0.696 0.243249
0.353 0.745 0.212135
0.353 0.794 0.0985178
0.353 0.843 0.142444
0.353 0.892 0.563234
0.353 0.941 1.8946
0.353 0.99 3.36539
0.402 0.01 0.646044
0.402 0.059 0.411414
0.402 0.108 0.165349
0.402 0.157 0.0564173
0.402 0.206 0.0465127
0.402 0.255 0.0581485
0.402 0.304 0.0781646
0.402 0.353 0.0957821
0.402 0.402 0.0549495
0.402 0.451 0.0127585
0.402 0.5 0.00620752
0.402 0.549 0.025218
0.402 0.598 0.0514329
0.402 0.647 0.0671163
0.402 0.696 0.0937464
0.402 0.745 0.0817553
0.402 0.794 0.037968
0.402 0.843 0.0548968
0.402 0.892 0.217066
0.402 0.941 0.730164
0.402 0.99 1.297
0.451 0.01 0.130411
0.451 0.059 0.0830481
0.451 0.108 0.0333773
0.451 0.157 0.0113884
0.451 0.206 0.00938906
0.451 0.255 0.0117379
0.451 0.304 0.0157783
0.451 0.353 0.0193346
0.451 0.402 0.0110921
0.451 0.451 0.00257543
0.451 0.5 0.00125305
0.451 0.549 0.00509051
0.451 0.598 0.0103822
0.451 0.647 0.0135481
0.451 0.696 0.0189237
0.451 0.745 0.0165031
0.451 0.794 0.00766422
0.451 0.843 0.0110815
0.451 0.892 0.043817
0.451 0.941 0.147391
0.451 0.99 0.261812
0.5 0.01 0.268397
0.5 0.059 0.170921
0.5 0.108 0.0686935
0.5 0.157 0.0234384
0.5 0.206 0.0193235
0.5 0.255 0.0241576
0.5 0.304 0.0324733
0.5 0.353 0.0397924
0.5 0.402 0.0228286
0.5 0.451 0.00530047
0.5 0.5 0.00257889
0.5 0.549 0.0104767
0.5 0.598 0.0213676
0.5 0.647 0.0278832
0.5 0.696 0.0389466
0.5 0.745 0.033965
0.5 0.794 0.0157737
0.5 0.843 0.0228067
0.5 0.892 0.0901793
0.5 0.941 0.303344
0.5 0.99 0.538833
0.549 0.01 0.790602
0.549 0.059 0.503472
0.549 0.108 0.202347
0.549 0.157 0.0690411
0.549 0.206 0.0569203
0.549 0.255 0.0711597
0.549 0.304 0.0956547
0.549 0.353 0.117214
0.549 0.402 0.067245
0.549 0.451 0.0156133
0.549 0.5 0.00759651
0.549 0.549 0.0308608
0.549 0.598 0.0629414
0.549 0.647 0.0821341
0.549 0.696 0.114723
0.549 0.745 0.100049
0.549 0.794 0.0464636
0.549 0.843 0.0671804
0.549 0.892 0.265636
0.549 0.941 0.893545
0.549 0.99 1.58721
0.598 0.01 1.12678
0.598 0.059 0.717556
0.598 0.108 0.288388
0.598 0.157 0.0983986
0.598 0.206 0.0811238
0.598 0.255 0.101418
0.598 0.304 0.136329
0.598 0.353 0.167056
0.598 0.402 0.0958387
0.598 0.451 0.0222524
0.598 0.5 0.0108267
0.598 0.549 0.0439833
0.598 0.598 0.0897052
0.598 0.647 0.117059
0.598 0.696 0.163505
0.598 0.745 0.142591
0.598 0.794 0.0662208
0.598 0.843 0.0957467
0.598 0.892 0.378589
0.598 0.941 1.2735
0.598 0.99 2.26212
0.647 0.01 1.50555
0.647 0.059 0.958763
0.647 0.108 0.38533
0.647 0.157 0.131475
0.647 0.206 0.108394
0.647 0.255 0.13551
0.647 0.304 0.182156
0.647 0.353 0.223212
0.647 0.402 0.128055
0.647 0.451 0.0297325
0.647 0.5 0.0144661
0.647 0.549 0.0587683
0.647 0.598 0.11986
0.647 0.647 0.156408
0.647 0.696 0.218467
0.647 0.745 0.190523
0.647 0.794 0.0884809
0.647 0.843 0.127932
0.647 0.892 0.505852
0.647 0.941 1.70158
0.647 0.99 3.02253
0.696 0.01 1.90042
0.696 0.059 1.21022
0.696 0.108 0.486393
0.696 0.157 0.165958
0.696 0.206 0.136823
0.696 0.255 0.171051
0.696 0.304 0.229931
0.696 0.353 0.281755
0.696 0.402 0.161641
0.696 0.451 0.0375306
0.696 0.5 0.0182602
0.696 0.549 0.0741818
0.696 0.598 0.151296
0.696 0.647 0.197431
0.696 0.696 0.275766
0.696 0.745 0.240493
0.696 0.794 0.111687
0.696 0.843 0.161486
0.696 0.892 0.638525
0.696 0.941 2.14787
0.696 0.99 3.81527
0.745 0.01 1.16672
0.745 0.059 0.742991
0.745 0.108 0.29861
0.745 0.157 0.101886
0.745 0.206 0.0839993
0.745 0.255 0.105013
0.745 0.304 0.141161
0.745 0.353 0.172977
0.745 0.402 0.0992358
0.745 0.451 0.0230411
0.745 0.5 0.0112104
0.745 0.549 0.0455423
0.745 0.598 0.0928849
0.745 0.647 0.121208
0.745 0.696 0.169301
0.745 0.745 0.147645
0.745 0.794 0.068568
0.745 0.843 0.0991405
0.745 0.892 0.392009
0.745 0.941 1.31864
0.745 0.99 2.3423
0.794 0.01 0.534054
0.794 0.059 0.340096
0.794 0.108 0.136686
0.794 0.157 0.0466374
0.794 0.206 0.0384498
0.794 0.255 0.0480685
0.794 0.304 0.064615
0.794 0.353 0.0791785
0.794 0.402 0.0454241
0.794 0.451 0.0105468
0.794 0.5 0.00513146
0.794 0.549 0.0208465
0.794 0.598 0.0425171
0.794 0.647 0.0554818
0.794 0.696 0.0774956
0.794 0.745 0.0675831
0.794 0.794 0.0313863
0.794 0.843 0.0453805
0.794 0.892 0.179438
0.794 0.941 0.603592
0.794 0.99 1.07216
0.843 0.01 1.39957
0.843 0.059 0.891275
0.843 0.108 0.358206
0.843 0.157 0.122221
0.843 0.206 0.100764
0.843 0.255 0.125971
0.843 0.304 0.169333
0.843 0.353 0.207499
0.843 0.402 0.119041
0.843 0.451 0.0276396
0.843 0.5 0.0134478
0.843 0.549 0.0546315
0.843 0.598 0.111423
0.843 0.647 0.145399
0.843 0.696 0.203089
0.843 0.745 0.177112
0.843 0.794 0.0822526
0.843 0.843 0.118927
0.843 0.892 0.470245
0.843 0.941 1.58181
0.843 0.99 2.80977
0.892 0.01 5.34991
0.892 0.059 3.40693
0.892 0.108 1.36926
0.892 0.157 0.467193
0.892 0.206 0.385173
0.892 0.255 0.481529
0.892 0.304 0.647284
0.892 0.353 0.793175
0.892 0.402 0.455039
0.892 0.451 0.105653
0.892 0.5 0.0514047
0.892 0.549 0.208831
0.892 0.598 0.425917
0.892 0.647 0.555792
0.892 0.696 0.776317
0.892 0.745 0.677018
0.892 0.794 0.314414
0.892 0.843 0.454602
0.892 0.892 1.79753
0.892 0.941 6.04651
0.892 0.99 10.7405
0.941 0.01 17.0354
0.941 0.059 10.8485
0.941 0.108 4.36005
0.941 0.157 1.48766
0.941 0.206 1.22648
0.941 0.255 1.53331
0.941 0.304 2.06111
0.941 0.353 2.52566
0.941 0.402 1.44895
0.941 0.451 0.336426
0.941 0.5 0.163685
0.941 0.549 0.664969
0.941 0.598 1.35622
0.941 0.647 1.76978
0.941 0.696 2.47198
0.941 0.745 2.15579
0.941 0.794 1.00117
0.941 0.843 1.44756
0.941 0.892 5.72377
0.941 0.941 19.2536
0.941 0.99 34.2003
0.99 0.01 29.8396
0.99 0.059 19.0025
0.99 0.108 7.63716
0.99 0.157 2.60581
0.99 0.206 2.14834
0.99 0.255 2.68577
0.99 0.304 3.61029
0.99 0.353 4.42401
0.99 0.402 2.53802
0.99 0.451 0.589292
0.99 0.5 0.286714
0.99 0.549 1.16477
0.99 0.598 2.37559
0.99 0.647 3.09998
0.99 0.696 4.32998
0.99 0.745 3.77613
0.99 0.794 1.75367
0.99 0.843 2.53558
0.99 0.892 10.0259
0.99 0.941 33.725
0.99 0.99 59.9059
