0.01 0.01 15.0825
0.01 0.059 9.9963
0.01 0.108 4.95163
0.01 0.157 4.17105
0.01 0.206 4.56139
0.01 0.255 4.55318
0.01 0.304 4.99685
0.01 0.353 3.98646
0.01 0.402 3.22062
0.01 0.451 4.04219
0.01 0.5 3.53299
0.01 0.549 1.74419
0.01 0.598 1.838
0.01 0.647 3.73439
0.01 0.696 4.76228
0.01 0.745 4.72089
0.01 0.794 4.95298
0.01 0.843 4.67791
0.01 0.892 7.00686
0.01 0.941 15.5087
0.01 0.99 24.2153
0.059 0.01 9.05937
0.059 0.059 6.00433
0.059 0.108 2.97422
0.059 0.157 2.50536
0.059 0.206 2.73982
0.059 0.255 2.73489
0.059 0.304 3.00138
0.059 0.353 2.39449
0.059 0.402 1.93448
0.059 0.451 2.42796
0.059 0.5 2.12211
0.059 0.549 1.04765
0.059 0.598 1.104
0.059 0.647 2.24308
0.059 0.696 2.86048
0.059 0.745 2.83562
0.059 0.794 2.97503
0.059 0.843 2.80981
0.059 0.892 4.2087
0.059 0.941 9.31539
0.059 0.99 14.545
0.108 0.01 3.58791
0.108 0.059 2.37798
0.108 0.108 1.17792
0.108 0.157 0.992232
0.108 0.206 1.08509
0.108 0.255 1.08314
0.108 0.304 1.18868
0.108 0.353 0.948321
0.108 0.402 0.766139
0.108 0.451 0.961579
0.108 0.5 0.840448
0.108 0.549 0.414917
0.108 0.598 0.437234
0.108 0.647 0.888357
0.108 0.696 1.13288
0.108 0.745 1.12303
0.108 0.794 1.17824
0.108 0.843 1.11281
0.108 0.892 1.66683
0.108 0.941 3.6893
0.108 0.99 5.76047
0.157 0.01 1.71955
0.157 0.059 1.13967
0.157 0.108 0.564532
0.157 0.157 0.475539
0.157 0.206 0.520041
0.157 0.255 0.519106
0.157 0.304 0.569688
0.157 0.353 0.454494
0.157 0.402 0.367181
0.157 0.451 0.460848
0.157 0.5 0.402795
0.157 0.549 0.198854
0.157 0.598 0.20955
0.157 0.647 0.425756
0.157 0.696 0.542945
0.157 0.745 0.538226
0.157 0.794 0.564687
0.157 0.843 0.533326
0.157 0.892 0.798848
0.157 0.941 1.76814
0.157 0.99 2.76077
0.206 0.01 1.57787
0.206 0.059 1.04577
0.206 0.108 0.518019
0.206 0.157 0.436358
0.206 0.206 0.477194
0.206 0.255 0.476335
0.206 0.304 0.52275
0.206 0.353 0.417047
0.206 0.402 0.336928
0.206 0.451 0.422878
0.206 0.5 0.369608
0.206 0.549 0.18247
0.206 0.598 0.192284
0.206 0.647 0.390677
0.206 0.696 0.49821
0.206 0.745 0.49388
0.206 0.794 0.518161
0.206 0.843 0.489384
0.206 0.892 0.733029
0.206 0.941 1.62246
0.206 0.99 2.53331
0.255 0.01 1.69659
0.255 0.059 1.12445
0.255 0.108 0.556994
0.255 0.157 0.469189
0.255 0.206 0.513097
0.255 0.255 0.512174
0.255 0.304 0.56208
0.255 0.353 0.448425
0.255 0.402 0.362278
0.255 0.451 0.454694
0.255 0.5 0.397416
0.255 0.549 0.196198
0.255 0.598 0.206751
0.255 0.647 0.42007
0.255 0.696 0.535694
0.255 0.745 0.531038
0.255 0.794 0.557146
0.255 0.843 0.526204
0.255 0.892 0.78818
0.255 0.941 1.74453
0.255 0.99 2.72391
0.304 0.01 0.998251
0.304 0.059 0.661616
0.304 0.108 0.327728
0.304 0.157 0.276065
0.304 0.206 0.3019
0.304 0.255 0.301357
0.304 0.304 0.330721
0.304 0.353 0.263848
0.304 0.402 0.21316
0.304 0.451 0.267537
0.304 0.5 0.233835
0.304 0.549 0.115441
0.304 0.598 0.12165
0.304 0.647 0.247164
0.304 0.696 0.315196
0.304 0.745 0.312457
0.304 0.794 0.327818
0.304 0.843 0.309612
0.304 0.892 0.463756
0.304 0.941 1.02646
0.304 0.99 1.60271
0.353 0.01 0.305085
0.353 0.059 0.202203
0.353 0.108 0.10016
0.353 0.157 0.0843709
0.353 0.206 0.0922666
0.353 0.255 0.0921006
0.353 0.304 0.101075
0.353 0.353 0.0806371
0.353 0.402 0.0651459
0.353 0.451 0.0817645
0.353 0.5 0.0714645
0.353 0.549 0.035281
0.353 0.598 0.0371786
0.353 0.647 0.0755383
0.353 0.696 0.0963302
0.353 0.745 0.0954929
0.353 0.794 0.100188
0.353 0.843 0.0946236
0.353 0.892 0.141733
0.353 0.941 0.313707
0.353 0.99 0.489821
0.402 0.01 0.32453
0.402 0.059 0.21509
0.402 0.108 0.106544
0.402 0.157 0.0897483
0.402 0.206 0.0981472
0.402 0.255 0.0979707
0.402 0.304 0.107517
0.402 0.353 0.0857766
0.402 0.402 0.069298
0.402 0.451 0.0869758
0.402 0.5 0.0760194
0.402 0.549 0.0375296
0.402 0.598 0.0395482
0.402 0.647 0.0803528
0.402 0.696 0.10247
0.402 0.745 0.101579
0.402 0.794 0.106573
0.402 0.843 0.100654
0.402 0.892 0.150766
0.402 0.941 0.333701
0.402 0.99 0.52104
0.451 0.01 0.695146
0.451 0.059 0.460725
0.451 0.108 0.228218
0.451 0.157 0.192242
0.451 0.206 0.210232
0.451 0.255 0.209854
0.451 0.304 0.230303
0.451 0.353 0.183734
0.451 0.402 0.148437
0.451 0.451 0.186303
0.451 0.5 0.162834
0.451 0.549 0.0803888
0.451 0.598 0.0847127
0.451 0.647 0.172116
0.451 0.696 0.219491
0.451 0.745 0.217584
0.451 0.794 0.228281
0.451 0.843 0.215603
0.451 0.892 0.322943
0.451 0.941 0.714791
0.451 0.99 1.11607
0.5 0.01 0.983474
0.5 0.059 0.651822
0.5 0.108 0.322877
0.5 0.157 0.271978
0.5 0.206 0.297431
0.5 0.255 0.296896
0.5 0.304 0.325826
0.5 0.353 0.259942
0.5 0.402 0.210005
0.5 0.451 0.263576
0.5 0.5 0.230373
0.5 0.549 0.113732
0.5 0.598 0.119849
0.5 0.647 0.243506
0.5 0.696 0.31053
0.5 0.745 0.307831
0.5 0.794 0.322966
0.5 0.843 0.305029
0.5 0.892 0.456891
0.5 0.941 1.01127
0.5 0.99 1.57899
0.549 0.01 1.32711
0.549 0.059 0.879573
0.549 0.108 0.435693
0.549 0.157 0.36701
0.549 0.206 0.401356
0.549 0.255 0.400634
0.549 0.304 0.439672
0.549 0.353 0.350768
0.549 0.402 0.283382
0.549 0.451 0.355672
0.549 0.5 0.310868
0.549 0.549 0.153471
0.549 0.598 0.161725
0.549 0.647 0.328588
0.549 0.696 0.419032
0.549 0.745 0.41539
0.549 0.794 0.435812
0.549 0.843 0.411609
0.549 0.892 0.616532
0.549 0.941 1.36461
0.549 0.99 2.1307
0.598 0.01 1.09737
0.598 0.059 0.72731
0.598 0.108 0.36027
0.598 0.157 0.303477
0.598 0.206 0.331877
0.598 0.255 0.33128
0.598 0.304 0.36356
0.598 0.353 0.290046
0.598 0.402 0.234325
0.598 0.451 0.294101
0.598 0.5 0.257053
0.598 0.549 0.126903
0.598 0.598 0.133729
0.598 0.647 0.271706
0.598 0.696 0.346493
0.598 0.745 0.343482
0.598 0.794 0.360369
0.598 0.843 0.340355
0.598 0.892 0.509804
0.598 0.941 1.12838
0.598 0.99 1.76185
0.647 0.01 0.381195
0.647 0.059 0.252646
0.647 0.108 0.125147
0.647 0.157 0.105419
0.647 0.206 0.115284
0.647 0.255 0.115077
0.647 0.304 0.12629
0.647 0.353 0.100754
0.647 0.402 0.0813978
0.647 0.451 0.102162
0.647 0.5 0.0892927
0.647 0.549 0.0440825
0.647 0.598 0.0464536
0.647 0.647 0.0943828
0.647 0.696 0.120362
0.647 0.745 0.119315
0.647 0.794 0.125181
0.647 0.843 0.118229
0.647 0.892 0.177091
0.647 0.941 0.391967
0.647 0.99 0.612016
0.696 0.01 0.0726268
0.696 0.059 0.0481352
0.696 0.108 0.0238436
0.696 0.157 0.0200848
0.696 0.206 0.0219644
0.696 0.255 0.0219249
0.696 0.304 0.0240613
0.696 0.353 0.019196
0.696 0.402 0.0155082
0.696 0.451 0.0194644
0.696 0.5 0.0170124
0.696 0.549 0.00839878
0.696 0.598 0.00885053
0.696 0.647 0.0179822
0.696 0.696 0.0229318
0.696 0.745 0.0227325
0.696 0.794 0.0238501
0.696 0.843 0.0225255
0.696 0.892 0.0337401
0.696 0.941 0.0746792
0.696 0.99 0.116604
0.745 0.01 0.180809
0.745 0.059 0.119836
0.745 0.108 0.05936
0.745 0.157 0.0500025
0.745 0.206 0.0546818
0.745 0.255 0.0545835
0.745 0.304 0.0599021
0.745 0.353 0.0477896
0.745 0.402 0.0386087
0.745 0.451 0.0484578
0.745 0.5 0.0423535
0.745 0.549 0.0209093
0.745 0.598 0.0220339
0.745 0.647 0.0447678
0.745 0.696 0.0570901
0.745 0.745 0.0565939
0.745 0.794 0.0593763
0.745 0.843 0.0560787
0.745 0.892 0.0839981
0.745 0.941 0.185918
0.745 0.99 0.290293
0.794 0.01 0.633644
0.794 0.059 0.419964
0.794 0.108 0.208027
0.794 0.157 0.175234
0.794 0.206 0.191632
0.794 0.255 0.191288
0.794 0.304 0.209927
0.794 0.353 0.167479
0.794 0.402 0.135304
0.794 0.451 0.16982
0.794 0.5 0.148428
0.794 0.549 0.0732766
0.794 0.598 0.0772179
0.794 0.647 0.156889
0.794 0.696 0.200072
0.794 0.745 0.198333
0.794 0.794 0.208084
0.794 0.843 0.196528
0.794 0.892 0.294371
0.794 0.941 0.651551
0.794 0.99 1.01733
0.843 0.01 1.27945
0.843 0.059 0.847985
0.843 0.108 0.420046
0.843 0.157 0.35383
0.843 0.206 0.386942
0.843 0.255 0.386246
0.843 0.304 0.423882
0.843 0.353 0.338171
0.843 0.402 0.273205
0.843 0.451 0.342899
0.843 0.5 0.299704
0.843 0.549 0.147959
0.843 0.598 0.155917
0.843 0.647 0.316788
0.843 0.696 0.403984
0.843 0.745 0.400472
0.843 0.794 0.420161
0.843 0.843 0.396827
0.843 0.892 0.594391
0.843 0.941 1.3156
0.843 0.99 2.05418
0.892 0.01 2.39724
0.892 0.059 1.58883
0.892 0.108 0.787021
0.892 0.157 0.662954
0.892 0.206 0.724995
0.892 0.255 0.723691
0.892 0.304 0.794208
0.892 0.353 0.633616
0.892 0.402 0.511891
0.892 0.451 0.642474
0.892 0.5 0.561541
0.892 0.549 0.277224
0.892 0.598 0.292135
0.892 0.647 0.593551
0.892 0.696 0.756926
0.892 0.745 0.750347
0.892 0.794 0.787237
0.892 0.843 0.743516
0.892 0.892 1.11368
0.892 0.941 2.46499
0.892 0.99 3.84882
0.941 0.01 5.48579
0.941 0.059 3.63584
0.941 0.108 1.801
0.941 0.157 1.51709
0.941 0.206 1.65906
0.941 0.255 1.65608
0.941 0.304 1.81745
0.941 0.353 1.44995
0.941 0.402 1.1714
0.941 0.451 1.47022
0.941 0.5 1.28502
0.941 0.549 0.634394
0.941 0.598 0.668516
0.941 0.647 1.35827
0.941 0.696 1.73213
0.941 0.745 1.71708
0.941 0.794 1.80149
0.941 0.843 1.70144
0.941 0.892 2.54853
0.941 0.941 5.64082
0.941 0.99 8.80756
0.99 0.01 9.12025
0.99 0.059 6.04467
0.99 0.108 2.9942
0.99 0.157 2.52219
0.99 0.206 2.75823
0.99 0.255 2.75327
0.99 0.304 3.02155
0.99 0.353 2.41057
0.99 0.402 1.94748
0.99 0.451 2.44428
0.99 0.5 2.13637
0.99 0.549 1.05469
0.99 0.598 1.11142
0.99 0.647 2.25815
0.99 0.696 2.8797
0.99 0.745 2.85468
0.99 0.794 2.99502
0.99 0.843 2.82869
0.99 0.892 4.23698
0.99 0.941 9.37798
0.99 0.99 14.6428
