0.01 0.01 10.3949
0.01 0.059 6.21666
0.01 0.108 2.35886
0.01 0.157 1.66373
0.01 0.206 2.10055
0.01 0.255 1.99408
0.01 0.304 0.931247
0.01 0.353 0.559623
0.01 0.402 1.46077
0.01 0.451 3.14681
0.01 0.5 6.43344
0.01 0.549 12.9369
0.01 0.598 15.9565
0.01 0.647 9.48151
0.01 0.696 2.51358
0.01 0.745 0.284699
0.01 0.794 0.0137407
0.01 0.843 0.0144317
0.01 0.892 0.190321
0.01 0.941 0.977746
0.01 0.99 1.92259
0.059 0.01 6.90161
0.059 0.059 4.12751
0.059 0.108 1.56615
0.059 0.157 1.10462
0.059 0.206 1.39465
0.059 0.255 1.32396
0.059 0.304 0.618296
0.059 0.353 0.371558
0.059 0.402 0.969868
0.059 0.451 2.08931
0.059 0.5 4.27144
0.059 0.549 8.58935
0.059 0.598 10.5942
0.059 0.647 6.29519
0.059 0.696 1.66888
0.059 0.745 0.189024
0.059 0.794 0.00912303
0.059 0.843 0.00958182
0.059 0.892 0.126362
0.059 0.941 0.649168
0.059 0.99 1.27649
0.108 0.01 3.6682
0.108 0.059 2.19377
0.108 0.108 0.83241
0.108 0.157 0.587105
0.108 0.206 0.741253
0.108 0.255 0.703682
0.108 0.304 0.328624
0.108 0.353 0.197483
0.108 0.402 0.515484
0.108 0.451 1.11047
0.108 0.5 2.27027
0.108 0.549 4.56523
0.108 0.598 5.63082
0.108 0.647 3.34589
0.108 0.696 0.887008
0.108 0.745 0.100466
0.108 0.794 0.00484888
0.108 0.843 0.00509273
0.108 0.892 0.0671615
0.108 0.941 0.345033
0.108 0.99 0.678455
0.157 0.01 2.44379
0.157 0.059 1.46151
0.157 0.108 0.55456
0.157 0.157 0.391135
0.157 0.206 0.49383
0.157 0.255 0.4688
0.157 0.304 0.218933
0.157 0.353 0.131565
0.157 0.402 0.343421
0.157 0.451 0.739804
0.157 0.5 1.51248
0.157 0.549 3.0414
0.157 0.598 3.75131
0.157 0.647 2.22907
0.157 0.696 0.590933
0.157 0.745 0.0669317
0.157 0.794 0.00323037
0.157 0.843 0.00339283
0.157 0.892 0.0447437
0.157 0.941 0.229864
0.157 0.99 0.451993
0.206 0.01 1.6258
0.206 0.059 0.972311
0.206 0.108 0.368936
0.206 0.157 0.260214
0.206 0.206 0.328534
0.206 0.255 0.311882
0.206 0.304 0.145651
0.206 0.353 0.0875273
0.206 0.402 0.22847
0.206 0.451 0.492175
0.206 0.5 1.00622
0.206 0.549 2.02338
0.206 0.598 2.49566
0.206 0.647 1.48295
0.206 0.696 0.393135
0.206 0.745 0.0445281
0.206 0.794 0.0021491
0.206 0.843 0.00225717
0.206 0.892 0.0297669
0.206 0.941 0.152923
0.206 0.99 0.300701
0.255 0.01 1.54153
0.255 0.059 0.921914
0.255 0.108 0.349813
0.255 0.157 0.246726
0.255 0.206 0.311505
0.255 0.255 0.295716
0.255 0.304 0.138101
0.255 0.353 0.0829906
0.255 0.402 0.216628
0.255 0.451 0.466664
0.255 0.5 0.954061
0.255 0.549 1.9185
0.255 0.598 2.36631
0.255 0.647 1.40608
0.255 0.696 0.372758
0.255 0.745 0.0422201
0.255 0.794 0.0020377
0.255 0.843 0.00214018
0.255 0.892 0.0282241
0.255 0.941 0.144997
0.255 0.99 0.285115
0.304 0.01 1.88431
0.304 0.059 1.12691
0.304 0.108 0.427597
0.304 0.157 0.301588
0.304 0.206 0.380771
0.304 0.255 0.361471
0.304 0.304 0.16881
0.304 0.353 0.101444
0.304 0.402 0.264797
0.304 0.451 0.570431
0.304 0.5 1.16621
0.304 0.549 2.3451
0.304 0.598 2.89247
0.304 0.647 1.71874
0.304 0.696 0.455644
0.304 0.745 0.0516082
0.304 0.794 0.0024908
0.304 0.843 0.00261607
0.304 0.892 0.0344999
0.304 0.941 0.177238
0.304 0.99 0.348513
0.353 0.01 1.81759
0.353 0.059 1.08701
0.353 0.108 0.412457
0.353 0.157 0.290909
0.353 0.206 0.367289
0.353 0.255 0.348672
0.353 0.304 0.162832
0.353 0.353 0.0978524
0.353 0.402 0.255421
0.353 0.451 0.550233
0.353 0.5 1.12491
0.353 0.549 2.26206
0.353 0.598 2.79006
0.353 0.647 1.65788
0.353 0.696 0.43951
0.353 0.745 0.0497808
0.353 0.794 0.00240261
0.353 0.843 0.00252344
0.353 0.892 0.0332784
0.353 0.941 0.170963
0.353 0.99 0.336173
0.402 0.01 2.51201
0.402 0.059 1.50231
0.402 0.108 0.570041
0.402 0.157 0.402054
0.402 0.206 0.507616
0.402 0.255 0.481886
0.402 0.304 0.225044
0.402 0.353 0.135238
0.402 0.402 0.353008
0.402 0.451 0.760456
0.402 0.5 1.5547
0.402 0.549 3.12631
0.402 0.598 3.85603
0.402 0.647 2.29129
0.402 0.696 0.60743
0.402 0.745 0.0688001
0.402 0.794 0.00332055
0.402 0.843 0.00348754
0.402 0.892 0.0459927
0.402 0.941 0.236281
0.402 0.99 0.464611
0.451 0.01 4.26014
0.451 0.059 2.54778
0.451 0.108 0.966736
0.451 0.157 0.681847
0.451 0.206 0.860869
0.451 0.255 0.817235
0.451 0.304 0.381654
0.451 0.353 0.229351
0.451 0.402 0.598668
0.451 0.451 1.28966
0.451 0.5 2.63662
0.451 0.549 5.30193
0.451 0.598 6.53947
0.451 0.647 3.88582
0.451 0.696 1.03014
0.451 0.745 0.116679
0.451 0.794 0.00563135
0.451 0.843 0.00591455
0.451 0.892 0.0779994
0.451 0.941 0.400711
0.451 0.99 0.787937
0.5 0.01 4.81556
0.5 0.059 2.87995
0.5 0.108 1.09277
0.5 0.157 0.770742
0.5 0.206 0.973104
0.5 0.255 0.923781
0.5 0.304 0.431412
0.5 0.353 0.259252
0.5 0.402 0.676719
0.5 0.451 1.4578
0.5 0.5 2.98037
0.5 0.549 5.99316
0.5 0.598 7.39204
0.5 0.647 4.39243
0.5 0.696 1.16445
0.5 0.745 0.131891
0.5 0.794 0.00636553
0.5 0.843 0.00668565
0.5 0.892 0.0881685
0.5 0.941 0.452953
0.5 0.99 0.890664
0.549 0.01 3.31992
0.549 0.059 1.98548
0.549 0.108 0.753375
0.549 0.157 0.531361
0.549 0.206 0.670873
0.549 0.255 0.636869
0.549 0.304 0.297422
0.549 0.353 0.178733
0.549 0.402 0.466541
0.549 0.451 1.00503
0.549 0.5 2.05471
0.549 0.549 4.13178
0.549 0.598 5.09619
0.549 0.647 3.02821
0.549 0.696 0.802789
0.549 0.745 0.0909273
0.549 0.794 0.0043885
0.549 0.843 0.00460919
0.549 0.892 0.0607847
0.549 0.941 0.312273
0.549 0.99 0.614037
0.598 0.01 1.68427
0.598 0.059 1.00728
0.598 0.108 0.382205
0.598 0.157 0.269572
0.598 0.206 0.34035
0.598 0.255 0.323099
0.598 0.304 0.150889
0.598 0.353 0.0906753
0.598 0.402 0.236687
0.598 0.451 0.509876
0.598 0.5 1.04241
0.598 0.549 2.09615
0.598 0.598 2.58542
0.598 0.647 1.53628
0.598 0.696 0.407274
0.598 0.745 0.0461296
0.598 0.794 0.00222639
0.598 0.843 0.00233835
0.598 0.892 0.0308375
0.598 0.941 0.158423
0.598 0.99 0.311516
0.647 0.01 1.36841
0.647 0.059 0.81838
0.647 0.108 0.310528
0.647 0.157 0.219018
0.647 0.206 0.276522
0.647 0.255 0.262506
0.647 0.304 0.122592
0.647 0.353 0.0736705
0.647 0.402 0.1923
0.647 0.451 0.414256
0.647 0.5 0.846917
0.647 0.549 1.70305
0.647 0.598 2.10056
0.647 0.647 1.24818
0.647 0.696 0.330896
0.647 0.745 0.0374787
0.647 0.794 0.00180886
0.647 0.843 0.00189983
0.647 0.892 0.0250544
0.647 0.941 0.128713
0.647 0.99 0.253096
0.696 0.01 1.63215
0.696 0.059 0.976106
0.696 0.108 0.370376
0.696 0.157 0.261229
0.696 0.206 0.329816
0.696 0.255 0.313099
0.696 0.304 0.146219
0.696 0.353 0.087869
0.696 0.402 0.229362
0.696 0.451 0.494096
0.696 0.5 1.01014
0.696 0.549 2.03127
0.696 0.598 2.5054
0.696 0.647 1.48874
0.696 0.696 0.394669
0.696 0.745 0.0447019
0.696 0.794 0.00215748
0.696 0.843 0.00226598
0.696 0.892 0.0298831
0.696 0.941 0.15352
0.696 0.99 0.301875
0.745 0.01 1.29188
0.745 0.059 0.77261
0.745 0.108 0.293161
0.745 0.157 0.206769
0.745 0.206 0.261057
0.745 0.255 0.247825
0.745 0.304 0.115736
0.745 0.353 0.0695502
0.745 0.402 0.181545
0.745 0.451 0.391088
0.745 0.5 0.799551
0.745 0.549 1.6078
0.745 0.598 1.98308
0.745 0.647 1.17837
0.745 0.696 0.312389
0.745 0.745 0.0353826
0.745 0.794 0.0017077
0.745 0.843 0.00179358
0.745 0.892 0.0236532
0.745 0.941 0.121515
0.745 0.99 0.23894
0.794 0.01 0.563117
0.794 0.059 0.336772
0.794 0.108 0.127786
0.794 0.157 0.0901282
0.794 0.206 0.113792
0.794 0.255 0.108024
0.794 0.304 0.050448
0.794 0.353 0.0303162
0.794 0.402 0.0791335
0.794 0.451 0.170471
0.794 0.5 0.348516
0.794 0.549 0.700822
0.794 0.598 0.864404
0.794 0.647 0.513638
0.794 0.696 0.136167
0.794 0.745 0.0154229
0.794 0.794 0.000744366
0.794 0.843 0.0007818
0.794 0.892 0.0103102
0.794 0.941 0.052967
0.794 0.99 0.104152
0.843 0.01 0.653803
0.843 0.059 0.391007
0.843 0.108 0.148365
0.843 0.157 0.104643
0.843 0.206 0.132117
0.843 0.255 0.125421
0.843 0.304 0.0585723
0.843 0.353 0.0351984
0.843 0.402 0.0918774
0.843 0.451 0.197924
0.843 0.5 0.404642
0.843 0.549 0.813685
0.843 0.598 1.00361
0.843 0.647 0.596356
0.843 0.696 0.158096
0.843 0.745 0.0179066
0.843 0.794 0.000864241
0.843 0.843 0.000907704
0.843 0.892 0.0119705
0.843 0.941 0.0614969
0.843 0.99 0.120924
0.892 0.01 1.57868
0.892 0.059 0.944132
0.892 0.108 0.358244
0.892 0.157 0.252672
0.892 0.206 0.319013
0.892 0.255 0.302843
0.892 0.304 0.14143
0.892 0.353 0.0849906
0.892 0.402 0.221849
0.892 0.451 0.477911
0.892 0.5 0.977054
0.892 0.549 1.96474
0.892 0.598 2.42333
0.892 0.647 1.43997
0.892 0.696 0.381741
0.892 0.745 0.0432376
0.892 0.794 0.00208681
0.892 0.843 0.00219176
0.892 0.892 0.0289042
0.892 0.941 0.148491
0.892 0.99 0.291986
0.941 0.01 2.64821
0.941 0.059 1.58376
0.941 0.108 0.600946
0.941 0.157 0.423852
0.941 0.206 0.535137
0.941 0.255 0.508013
0.941 0.304 0.237245
0.941 0.353 0.14257
0.941 0.402 0.372146
0.941 0.451 0.801685
0.941 0.5 1.63899
0.941 0.549 3.2958
0.941 0.598 4.06509
0.941 0.647 2.41552
0.941 0.696 0.640362
0.941 0.745 0.0725302
0.941 0.794 0.00350058
0.941 0.843 0.00367662
0.941 0.892 0.0484863
0.941 0.941 0.249091
0.941 0.99 0.4898
0.99 0.01 3.20357
0.99 0.059 1.91589
0.99 0.108 0.726972
0.99 0.157 0.512739
0.99 0.206 0.647362
0.99 0.255 0.614549
0.99 0.304 0.286998
0.99 0.353 0.172469
0.99 0.402 0.45019
0.99 0.451 0.969808
0.99 0.5 1.9827
0.99 0.549 3.98697
0.99 0.598 4.91759
0.99 0.647 2.92208
0.99 0.696 0.774654
0.99 0.745 0.0877407
0.99 0.794 0.0042347
0.99 0.843 0.00444766
0.99 0.892 0.0586544
0.99 0.941 0.301329
0.99 0.99 0.592518
