0.01 0.01 6.49717e-05
0.01 0.059 9.03552e-05
0.01 0.108 0.000131051
0.01 0.157 0.000167544
0.01 0.206 0.000176001
0.01 0.255 0.000150327
0.01 0.304 0.00012216
0.01 0.353 0.000106222
0.01 0.402 9.55724e-05
0.01 0.451 8.63675e-05
0.01 0.5 8.32066e-05
0.01 0.549 6.54421e-05
0.01 0.598 5.42972e-05
0.01 0.647 6.78838e-05
0.01 0.696 7.05284e-05
0.01 0.745 7.5439e-05
0.01 0.794 9.25848e-05
0.01 0.843 9.23143e-05
0.01 0.892 7.96615e-05
0.01 0.941 6.33608e-05
0.01 0.99 6.14928e-05
0.059 0.01 0.00173616
0.059 0.059 0.00241446
0.059 0.108 0.00350193
0.059 0.157 0.00447709
0.059 0.206 0.00470307
0.059 0.255 0.00401702
0.059 0.304 0.00326434
0.059 0.353 0.00283844
0.059 0.402 0.00255387
0.059 0.451 0.0023079
0.059 0.5 0.00222343
0.059 0.549 0.00174873
0.059 0.598 0.00145092
0.059 0.647 0.00181398
0.059 0.696 0.00188465
0.059 0.745 0.00201587
0.059 0.794 0.00247403
0.059 0.843 0.00246681
0.059 0.892 0.0021287
0.059 0.941 0.00169312
0.059 0.99 0.0016432
0.108 0.01 0.0210452
0.108 0.059 0.0292673
0.108 0.108 0.0424493
0.108 0.157 0.0542698
0.108 0.206 0.0570092
0.108 0.255 0.048693
0.108 0.304 0.0395693
0.108 0.353 0.0344067
0.108 0.402 0.0309572
0.108 0.451 0.0279756
0.108 0.5 0.0269517
0.108 0.549 0.0211976
0.108 0.598 0.0175876
0.108 0.647 0.0219885
0.108 0.696 0.0228451
0.108 0.745 0.0244357
0.108 0.794 0.0299895
0.108 0.843 0.0299019
0.108 0.892 0.0258034
0.108 0.941 0.0205234
0.108 0.99 0.0199184
0.157 0.01 0.0977998
0.157 0.059 0.136009
0.157 0.108 0.197267
0.157 0.157 0.252199
0.157 0.206 0.264929
0.157 0.255 0.226283
0.157 0.304 0.183883
0.157 0.353 0.159892
0.157 0.402 0.143862
0.157 0.451 0.130006
0.157 0.5 0.125248
0.157 0.549 0.0985078
0.157 0.598 0.0817318
0.157 0.647 0.102183
0.157 0.696 0.106164
0.157 0.745 0.113556
0.157 0.794 0.139365
0.157 0.843 0.138958
0.157 0.892 0.119912
0.157 0.941 0.095375
0.157 0.99 0.0925632
0.206 0.01 0.178356
0.206 0.059 0.248037
0.206 0.108 0.359754
0.206 0.157 0.459932
0.206 0.206 0.483147
0.206 0.255 0.412669
0.206 0.304 0.335346
0.206 0.353 0.291593
0.206 0.402 0.262359
0.206 0.451 0.237091
0.206 0.5 0.228413
0.206 0.549 0.179647
0.206 0.598 0.149053
0.206 0.647 0.18635
0.206 0.696 0.19361
0.206 0.745 0.20709
0.206 0.794 0.254158
0.206 0.843 0.253415
0.206 0.892 0.218682
0.206 0.941 0.173934
0.206 0.99 0.168806
0.255 0.01 0.171919
0.255 0.059 0.239085
0.255 0.108 0.346769
0.255 0.157 0.443331
0.255 0.206 0.465709
0.255 0.255 0.397774
0.255 0.304 0.323242
0.255 0.353 0.281069
0.255 0.402 0.25289
0.255 0.451 0.228533
0.255 0.5 0.220169
0.255 0.549 0.173163
0.255 0.598 0.143673
0.255 0.647 0.179624
0.255 0.696 0.186622
0.255 0.745 0.199616
0.255 0.794 0.244984
0.255 0.843 0.244269
0.255 0.892 0.210789
0.255 0.941 0.167656
0.255 0.99 0.162713
0.304 0.01 0.25944
0.304 0.059 0.360799
0.304 0.108 0.523304
0.304 0.157 0.669024
0.304 0.206 0.702794
0.304 0.255 0.600275
0.304 0.304 0.487799
0.304 0.353 0.424156
0.304 0.402 0.381632
0.304 0.451 0.344876
0.304 0.5 0.332254
0.304 0.549 0.261318
0.304 0.598 0.216815
0.304 0.647 0.271068
0.304 0.696 0.281628
0.304 0.745 0.301237
0.304 0.794 0.369702
0.304 0.843 0.368622
0.304 0.892 0.318098
0.304 0.941 0.253007
0.304 0.99 0.245548
0.353 0.01 0.443828
0.353 0.059 0.617226
0.353 0.108 0.895226
0.353 0.157 1.14451
0.353 0.206 1.20228
0.353 0.255 1.0269
0.353 0.304 0.834487
0.353 0.353 0.725612
0.353 0.402 0.652865
0.353 0.451 0.589985
0.353 0.5 0.568393
0.353 0.549 0.447042
0.353 0.598 0.37091
0.353 0.647 0.463722
0.353 0.696 0.481787
0.353 0.745 0.515332
0.353 0.794 0.632456
0.353 0.843 0.630609
0.353 0.892 0.544176
0.353 0.941 0.432825
0.353 0.99 0.420064
0.402 0.01 0.715966
0.402 0.059 0.995684
0.402 0.108 1.44414
0.402 0.157 1.84628
0.402 0.206 1.93947
0.402 0.255 1.65656
0.402 0.304 1.34616
0.402 0.353 1.17053
0.402 0.402 1.05318
0.402 0.451 0.951741
0.402 0.5 0.916908
0.402 0.549 0.721149
0.402 0.598 0.598336
0.402 0.647 0.748057
0.402 0.696 0.777199
0.402 0.745 0.831312
0.402 0.794 1.02025
0.402 0.843 1.01727
0.402 0.892 0.877843
0.402 0.941 0.698215
0.402 0.99 0.67763
0.451 0.01 1.33814
0.451 0.059 1.86094
0.451 0.108 2.69911
0.451 0.157 3.4507
0.451 0.206 3.62488
0.451 0.255 3.09611
0.451 0.304 2.51598
0.451 0.353 2.18772
0.451 0.402 1.96839
0.451 0.451 1.77881
0.451 0.5 1.71371
0.451 0.549 1.34783
0.451 0.598 1.11829
0.451 0.647 1.39812
0.451 0.696 1.45259
0.451 0.745 1.55373
0.451 0.794 1.90686
0.451 0.843 1.90129
0.451 0.892 1.64069
0.451 0.941 1.30497
0.451 0.99 1.26649
0.5 0.01 1.67467
0.5 0.059 2.32894
0.5 0.108 3.37791
0.5 0.157 4.31852
0.5 0.206 4.53651
0.5 0.255 3.87475
0.5 0.304 3.14873
0.5 0.353 2.73791
0.5 0.402 2.46342
0.5 0.451 2.22616
0.5 0.5 2.14469
0.5 0.549 1.6868
0.5 0.598 1.39953
0.5 0.647 1.74974
0.5 0.696 1.8179
0.5 0.745 1.94447
0.5 0.794 2.38641
0.5 0.843 2.37944
0.5 0.892 2.05331
0.5 0.941 1.63315
0.5 0.99 1.585
0.549 0.01 1.2378
0.549 0.059 1.72139
0.549 0.108 2.49671
0.549 0.157 3.19195
0.549 0.206 3.35306
0.549 0.255 2.86394
0.549 0.304 2.32732
0.549 0.353 2.02367
0.549 0.402 1.82079
0.549 0.451 1.64542
0.549 0.5 1.5852
0.549 0.549 1.24676
0.549 0.598 1.03444
0.549 0.647 1.29328
0.549 0.696 1.34366
0.549 0.745 1.43722
0.549 0.794 1.76387
0.549 0.843 1.75871
0.549 0.892 1.51766
0.549 0.941 1.20711
0.549 0.99 1.17152
0.598 0.01 0.714857
0.598 0.059 0.994142
0.598 0.108 1.44191
0.598 0.157 1.84342
0.598 0.206 1.93647
0.598 0.255 1.65399
0.598 0.304 1.34408
0.598 0.353 1.16872
0.598 0.402 1.05155
0.598 0.451 0.950267
0.598 0.5 0.915489
0.598 0.549 0.720033
0.598 0.598 0.59741
0.598 0.647 0.746899
0.598 0.696 0.775996
0.598 0.745 0.830025
0.598 0.794 1.01867
0.598 0.843 1.0157
0.598 0.892 0.876484
0.598 0.941 0.697134
0.598 0.99 0.676581
0.647 0.01 0.746626
0.647 0.059 1.03832
0.647 0.108 1.50599
0.647 0.157 1.92534
0.647 0.206 2.02253
0.647 0.255 1.7275
0.647 0.304 1.40381
0.647 0.353 1.22065
0.647 0.402 1.09828
0.647 0.451 0.992498
0.647 0.5 0.956174
0.647 0.549 0.752032
0.647 0.598 0.623959
0.647 0.647 0.780092
0.647 0.696 0.810482
0.647 0.745 0.866912
0.647 0.794 1.06394
0.647 0.843 1.06084
0.647 0.892 0.915435
0.647 0.941 0.728115
0.647 0.99 0.706649
0.696 0.01 1.18065
0.696 0.059 1.64191
0.696 0.108 2.38143
0.696 0.157 3.04456
0.696 0.206 3.19824
0.696 0.255 2.7317
0.696 0.304 2.21986
0.696 0.353 1.93023
0.696 0.402 1.73671
0.696 0.451 1.56945
0.696 0.5 1.51201
0.696 0.549 1.18919
0.696 0.598 0.986673
0.696 0.647 1.23357
0.696 0.696 1.28162
0.696 0.745 1.37086
0.696 0.794 1.68242
0.696 0.843 1.67751
0.696 0.892 1.44759
0.696 0.941 1.15138
0.696 0.99 1.11743
0.745 0.01 1.64896
0.745 0.059 2.29319
0.745 0.108 3.32605
0.745 0.157 4.25222
0.745 0.206 4.46686
0.745 0.255 3.81526
0.745 0.304 3.10038
0.745 0.353 2.69588
0.745 0.402 2.4256
0.745 0.451 2.19198
0.745 0.5 2.11176
0.745 0.549 1.6609
0.745 0.598 1.37805
0.745 0.647 1.72287
0.745 0.696 1.78999
0.745 0.745 1.91462
0.745 0.794 2.34977
0.745 0.843 2.34291
0.745 0.892 2.02179
0.745 0.941 1.60808
0.745 0.99 1.56067
0.794 0.01 1.49851
0.794 0.059 2.08396
0.794 0.108 3.02258
0.794 0.157 3.86425
0.794 0.206 4.0593
0.794 0.255 3.46715
0.794 0.304 2.8175
0.794 0.353 2.4499
0.794 0.402 2.20429
0.794 0.451 1.99198
0.794 0.5 1.91908
0.794 0.549 1.50936
0.794 0.598 1.25231
0.794 0.647 1.56568
0.794 0.696 1.62667
0.794 0.745 1.73993
0.794 0.794 2.13538
0.794 0.843 2.12914
0.794 0.892 1.83732
0.794 0.941 1.46136
0.794 0.99 1.41827
0.843 0.01 0.870372
0.843 0.059 1.21041
0.843 0.108 1.75559
0.843 0.157 2.24445
0.843 0.206 2.35774
0.843 0.255 2.01381
0.843 0.304 1.63648
0.843 0.353 1.42297
0.843 0.402 1.2803
0.843 0.451 1.15699
0.843 0.5 1.11465
0.843 0.549 0.876673
0.843 0.598 0.727374
0.843 0.647 0.909384
0.843 0.696 0.944811
0.843 0.745 1.01059
0.843 0.794 1.24028
0.843 0.843 1.23666
0.843 0.892 1.06716
0.843 0.941 0.848793
0.843 0.99 0.823768
0.892 0.01 0.446978
0.892 0.059 0.621606
0.892 0.108 0.90158
0.892 0.157 1.15263
0.892 0.206 1.21082
0.892 0.255 1.03419
0.892 0.304 0.84041
0.892 0.353 0.730762
0.892 0.402 0.657499
0.892 0.451 0.594173
0.892 0.5 0.572427
0.892 0.549 0.450214
0.892 0.598 0.373542
0.892 0.647 0.467013
0.892 0.696 0.485206
0.892 0.745 0.518989
0.892 0.794 0.636945
0.892 0.843 0.635084
0.892 0.892 0.548038
0.892 0.941 0.435896
0.892 0.99 0.423045
0.941 0.01 0.304513
0.941 0.059 0.423482
0.941 0.108 0.614219
0.941 0.157 0.785255
0.941 0.206 0.824892
0.941 0.255 0.704562
0.941 0.304 0.572546
0.941 0.353 0.497846
0.941 0.402 0.447934
0.941 0.451 0.404792
0.941 0.5 0.389977
0.941 0.549 0.306718
0.941 0.598 0.254483
0.941 0.647 0.318162
0.941 0.696 0.330557
0.941 0.745 0.353572
0.941 0.794 0.433931
0.941 0.843 0.432664
0.941 0.892 0.373362
0.941 0.941 0.296963
0.941 0.99 0.288208
0.99 0.01 0.366661
0.99 0.059 0.509911
0.99 0.108 0.739576
0.99 0.157 0.94552
0.99 0.206 0.993246
0.99 0.255 0.848358
0.99 0.304 0.689398
0.99 0.353 0.599453
0.99 0.402 0.539354
0.99 0.451 0.487407
0.99 0.5 0.469568
0.99 0.549 0.369316
0.99 0.598 0.306421
0.99 0.647 0.383096
0.99 0.696 0.39802
0.99 0.745 0.425733
0.99 0.794 0.522493
0.99 0.843 0.520967
0.99 0.892 0.449562
0.99 0.941 0.357571
0.99 0.99 0.347029
