0.01 0.01 0.00535991
0.01 0.059 0.00351355
0.01 0.108 0.00201268
0.01 0.157 0.00140788
0.01 0.206 0.00123277
0.01 0.255 0.00140793
0.01 0.304 0.00146276
0.01 0.353 0.00153466
0.01 0.402 0.00119252
0.01 0.451 0.000818746
0.01 0.5 0.00101025
0.01 0.549 0.00115363
0.01 0.598 0.000857604
0.01 0.647 0.000877805
0.01 0.696 0.00124783
0.01 0.745 0.00108558
0.01 0.794 0.000869076
0.01 0.843 0.0014024
0.01 0.892 0.00230955
0.01 0.941 0.00383146
0.01 0.99 0.00530806
0.059 0.01 0.0622008
0.059 0.059 0.0407742
0.059 0.108 0.0233568
0.059 0.157 0.0163382
0.059 0.206 0.0143061
0.059 0.255 0.0163388
0.059 0.304 0.016975
0.059 0.353 0.0178094
0.059 0.402 0.013839
0.059 0.451 0.0095014
0.059 0.5 0.0117238
0.059 0.549 0.0133877
0.059 0.598 0.00995235
0.059 0.647 0.0101868
0.059 0.696 0.0144808
0.059 0.745 0.012598
0.059 0.794 0.0100855
0.059 0.843 0.0162746
0.059 0.892 0.026802
0.059 0.941 0.0444635
0.059 0.99 0.0615991
0.108 0.01 0.34635
0.108 0.059 0.227041
0.108 0.108 0.130057
0.108 0.157 0.0909752
0.108 0.206 0.0796602
0.108 0.255 0.0909784
0.108 0.304 0.0945214
0.108 0.353 0.0991675
0.108 0.402 0.0770589
0.108 0.451 0.0529063
0.108 0.5 0.065281
0.108 0.549 0.074546
0.108 0.598 0.0554172
0.108 0.647 0.0567226
0.108 0.696 0.0806329
0.108 0.745 0.0701488
0.108 0.794 0.0561585
0.108 0.843 0.0906209
0.108 0.892 0.14924
0.108 0.941 0.247584
0.108 0.99 0.342999
0.157 0.01 0.739446
0.157 0.059 0.484725
0.157 0.108 0.277667
0.157 0.157 0.194229
0.157 0.206 0.170072
0.157 0.255 0.194236
0.157 0.304 0.2018
0.157 0.353 0.211719
0.157 0.402 0.164518
0.157 0.451 0.112953
0.157 0.5 0.139373
0.157 0.549 0.159153
0.157 0.598 0.118314
0.157 0.647 0.121101
0.157 0.696 0.172149
0.157 0.745 0.149765
0.157 0.794 0.119897
0.157 0.843 0.193473
0.157 0.892 0.318623
0.157 0.941 0.528584
0.157 0.99 0.732293
0.206 0.01 0.631706
0.206 0.059 0.414099
0.206 0.108 0.23721
0.206 0.157 0.165929
0.206 0.206 0.145292
0.206 0.255 0.165935
0.206 0.304 0.172397
0.206 0.353 0.180871
0.206 0.402 0.140548
0.206 0.451 0.0964955
0.206 0.5 0.119066
0.206 0.549 0.135964
0.206 0.598 0.101075
0.206 0.647 0.103456
0.206 0.696 0.147066
0.206 0.745 0.127944
0.206 0.794 0.102427
0.206 0.843 0.165283
0.206 0.892 0.272199
0.206 0.941 0.451568
0.206 0.99 0.625595
0.255 0.01 0.474084
0.255 0.059 0.310774
0.255 0.108 0.178021
0.255 0.157 0.124527
0.255 0.206 0.109039
0.255 0.255 0.124531
0.255 0.304 0.129381
0.255 0.353 0.13574
0.255 0.402 0.105478
0.255 0.451 0.0724181
0.255 0.5 0.0893566
0.255 0.549 0.102039
0.255 0.598 0.0758551
0.255 0.647 0.0776418
0.255 0.696 0.11037
0.255 0.745 0.0960196
0.255 0.794 0.0768698
0.255 0.843 0.124042
0.255 0.892 0.20428
0.255 0.941 0.338893
0.255 0.99 0.469497
0.304 0.01 1.09029
0.304 0.059 0.714712
0.304 0.108 0.40941
0.304 0.157 0.286384
0.304 0.206 0.250766
0.304 0.255 0.286395
0.304 0.304 0.297548
0.304 0.353 0.312173
0.304 0.402 0.242577
0.304 0.451 0.166546
0.304 0.5 0.205501
0.304 0.549 0.234666
0.304 0.598 0.17445
0.304 0.647 0.178559
0.304 0.696 0.253827
0.304 0.745 0.220824
0.304 0.794 0.176784
0.304 0.843 0.285269
0.304 0.892 0.469799
0.304 0.941 0.77938
0.304 0.99 1.07974
0.353 0.01 1.54409
0.353 0.059 1.01219
0.353 0.108 0.579816
0.353 0.157 0.405584
0.353 0.206 0.35514
0.353 0.255 0.405599
0.353 0.304 0.421394
0.353 0.353 0.442107
0.353 0.402 0.343543
0.353 0.451 0.235866
0.353 0.5 0.291035
0.353 0.549 0.33234
0.353 0.598 0.24706
0.353 0.647 0.25288
0.353 0.696 0.359476
0.353 0.745 0.312736
0.353 0.794 0.250365
0.353 0.843 0.404005
0.353 0.892 0.66534
0.353 0.941 1.10378
0.353 0.99 1.52915
0.402 0.01 1.07324
0.402 0.059 0.703535
0.402 0.108 0.403008
0.402 0.157 0.281906
0.402 0.206 0.246844
0.402 0.255 0.281916
0.402 0.304 0.292895
0.402 0.353 0.307292
0.402 0.402 0.238784
0.402 0.451 0.163941
0.402 0.5 0.202287
0.402 0.549 0.230997
0.402 0.598 0.171722
0.402 0.647 0.175767
0.402 0.696 0.249858
0.402 0.745 0.217371
0.402 0.794 0.174019
0.402 0.843 0.280808
0.402 0.892 0.462453
0.402 0.941 0.767192
0.402 0.99 1.06286
0.451 0.01 1.37585
0.451 0.059 0.901907
0.451 0.108 0.516642
0.451 0.157 0.361393
0.451 0.206 0.316445
0.451 0.255 0.361406
0.451 0.304 0.37548
0.451 0.353 0.393937
0.451 0.402 0.306112
0.451 0.451 0.210167
0.451 0.5 0.259325
0.451 0.549 0.296129
0.451 0.598 0.220142
0.451 0.647 0.225327
0.451 0.696 0.320309
0.451 0.745 0.278662
0.451 0.794 0.223086
0.451 0.843 0.359986
0.451 0.892 0.592847
0.451 0.941 0.983513
0.451 0.99 1.36254
0.5 0.01 2.42966
0.5 0.059 1.5927
0.5 0.108 0.91235
0.5 0.157 0.638194
0.5 0.206 0.558819
0.5 0.255 0.638216
0.5 0.304 0.66307
0.5 0.353 0.695663
0.5 0.402 0.540571
0.5 0.451 0.371139
0.5 0.5 0.457948
0.5 0.549 0.522942
0.5 0.598 0.388754
0.5 0.647 0.397911
0.5 0.696 0.565642
0.5 0.745 0.492096
0.5 0.794 0.393954
0.5 0.843 0.635709
0.5 0.892 1.04692
0.5 0.941 1.73681
0.5 0.99 2.40615
0.549 0.01 2.25083
0.549 0.059 1.47548
0.549 0.108 0.845202
0.549 0.157 0.591223
0.549 0.206 0.51769
0.549 0.255 0.591244
0.549 0.304 0.614269
0.549 0.353 0.644463
0.549 0.402 0.500785
0.549 0.451 0.343823
0.549 0.5 0.424244
0.549 0.549 0.484454
0.549 0.598 0.360142
0.549 0.647 0.368625
0.549 0.696 0.524011
0.549 0.745 0.455878
0.549 0.794 0.364959
0.549 0.843 0.588921
0.549 0.892 0.969871
0.549 0.941 1.60898
0.549 0.99 2.22906
0.598 0.01 1.5821
0.598 0.059 1.03711
0.598 0.108 0.594089
0.598 0.157 0.415568
0.598 0.206 0.363882
0.598 0.255 0.415583
0.598 0.304 0.431767
0.598 0.353 0.45299
0.598 0.402 0.352
0.598 0.451 0.241672
0.598 0.5 0.298199
0.598 0.549 0.340521
0.598 0.598 0.253142
0.598 0.647 0.259105
0.598 0.696 0.368325
0.598 0.745 0.320435
0.598 0.794 0.256528
0.598 0.843 0.41395
0.598 0.892 0.681718
0.598 0.941 1.13095
0.598 0.99 1.5668
0.647 0.01 1.62842
0.647 0.059 1.06747
0.647 0.108 0.61148
0.647 0.157 0.427734
0.647 0.206 0.374535
0.647 0.255 0.427749
0.647 0.304 0.444406
0.647 0.353 0.466251
0.647 0.402 0.362304
0.647 0.451 0.248747
0.647 0.5 0.306928
0.647 0.549 0.350489
0.647 0.598 0.260552
0.647 0.647 0.26669
0.647 0.696 0.379108
0.647 0.745 0.329815
0.647 0.794 0.264038
0.647 0.843 0.426068
0.647 0.892 0.701675
0.647 0.941 1.16405
0.647 0.99 1.61266
0.696 0.01 1.61569
0.696 0.059 1.05912
0.696 0.108 0.606701
0.696 0.157 0.42439
0.696 0.206 0.371607
0.696 0.255 0.424405
0.696 0.304 0.440933
0.696 0.353 0.462606
0.696 0.402 0.359472
0.696 0.451 0.246802
0.696 0.5 0.304529
0.696 0.549 0.34775
0.696 0.598 0.258516
0.696 0.647 0.264605
0.696 0.696 0.376144
0.696 0.745 0.327237
0.696 0.794 0.261974
0.696 0.843 0.422738
0.696 0.892 0.69619
0.696 0.941 1.15495
0.696 0.99 1.60006
0.745 0.01 1.13199
0.745 0.059 0.742046
0.745 0.108 0.425068
0.745 0.157 0.297337
0.745 0.206 0.260356
0.745 0.255 0.297348
0.745 0.304 0.308927
0.745 0.353 0.324112
0.745 0.402 0.251854
0.745 0.451 0.172915
0.745 0.5 0.21336
0.745 0.549 0.243641
0.745 0.598 0.181122
0.745 0.647 0.185388
0.745 0.696 0.263535
0.745 0.745 0.229269
0.745 0.794 0.183545
0.745 0.843 0.296179
0.745 0.892 0.487766
0.745 0.941 0.809187
0.745 0.99 1.12104
0.794 0.01 1.98709
0.794 0.059 1.30259
0.794 0.108 0.746164
0.794 0.157 0.521945
0.794 0.206 0.457029
0.794 0.255 0.521964
0.794 0.304 0.542291
0.794 0.353 0.568946
0.794 0.402 0.442105
0.794 0.451 0.303535
0.794 0.5 0.374532
0.794 0.549 0.427687
0.794 0.598 0.317941
0.794 0.647 0.32543
0.794 0.696 0.462609
0.794 0.745 0.402459
0.794 0.794 0.322194
0.794 0.843 0.519913
0.794 0.892 0.856225
0.794 0.941 1.42045
0.794 0.99 1.96787
0.843 0.01 4.60793
0.843 0.059 3.02061
0.843 0.108 1.7303
0.843 0.157 1.21036
0.843 0.206 1.05982
0.843 0.255 1.2104
0.843 0.304 1.25754
0.843 0.353 1.31935
0.843 0.402 1.02521
0.843 0.451 0.703878
0.843 0.5 0.868515
0.843 0.549 0.991779
0.843 0.598 0.737285
0.843 0.647 0.754651
0.843 0.696 1.07276
0.843 0.745 0.933277
0.843 0.794 0.747147
0.843 0.843 1.20564
0.843 0.892 1.98553
0.843 0.941 3.29392
0.843 0.99 4.56335
0.892 0.01 8.10573
0.892 0.059 5.31351
0.892 0.108 3.04375
0.892 0.157 2.12912
0.892 0.206 1.86431
0.892 0.255 2.12919
0.892 0.304 2.21211
0.892 0.353 2.32084
0.892 0.402 1.80343
0.892 0.451 1.23818
0.892 0.5 1.52779
0.892 0.549 1.74462
0.892 0.598 1.29695
0.892 0.647 1.32749
0.892 0.696 1.88707
0.892 0.745 1.64171
0.892 0.794 1.31429
0.892 0.843 2.12083
0.892 0.892 3.49271
0.892 0.941 5.79428
0.892 0.99 8.02731
0.941 0.01 14.1275
0.941 0.059 9.2609
0.941 0.108 5.30495
0.941 0.157 3.71084
0.941 0.206 3.2493
0.941 0.255 3.71097
0.941 0.304 3.85548
0.941 0.353 4.045
0.941 0.402 3.1432
0.941 0.451 2.15802
0.941 0.5 2.66278
0.941 0.549 3.0407
0.941 0.598 2.26044
0.941 0.647 2.31369
0.941 0.696 3.28898
0.941 0.745 2.86134
0.941 0.794 2.29068
0.941 0.843 3.69639
0.941 0.892 6.08744
0.941 0.941 10.0988
0.941 0.99 13.9908
0.99 0.01 20.2978
0.99 0.059 13.3057
0.99 0.108 7.62196
0.99 0.157 5.3316
0.99 0.206 4.66848
0.99 0.255 5.33179
0.99 0.304 5.53942
0.99 0.353 5.8117
0.99 0.402 4.51604
0.99 0.451 3.10057
0.99 0.5 3.82579
0.99 0.549 4.36876
0.99 0.598 3.24772
0.99 0.647 3.32422
0.99 0.696 4.72549
0.99 0.745 4.11107
0.99 0.794 3.29117
0.99 0.843 5.31084
0.99 0.892 8.74621
0.99 0.941 14.5097
0.99 0.99 20.1015
