0.01 0.01 0.0047614
0.01 0.059 0.0029985
0.01 0.108 0.00131032
0.01 0.157 0.000555582
0.01 0.206 0.000436042
0.01 0.255 0.000612602
0.01 0.304 0.000787451
0.01 0.353 0.000606167
0.01 0.402 0.000271559
0.01 0.451 0.000334603
0.01 0.5 0.000651865
0.01 0.549 0.000862882
0.01 0.598 0.000725115
0.01 0.647 0.000682872
0.01 0.696 0.00106765
0.01 0.745 0.00139279
0.01 0.794 0.00145289
0.01 0.843 0.0014147
0.01 0.892 0.00186054
0.01 0.941 0.00329767
0.01 0.99 0.00479055
0.059 0.01 0.0659664
0.059 0.059 0.0415424
0.059 0.108 0.0181538
0.059 0.157 0.00769727
0.059 0.206 0.00604111
0.059 0.255 0.00848724
0.059 0.304 0.0109097
0.059 0.353 0.00839809
0.059 0.402 0.0037623
0.059 0.451 0.00463573
0.059 0.5 0.00903121
0.059 0.549 0.0119547
0.059 0.598 0.010046
0.059 0.647 0.0094608
0.059 0.696 0.0147917
0.059 0.745 0.0192963
0.059 0.794 0.0201289
0.059 0.843 0.0195999
0.059 0.892 0.0257768
0.059 0.941 0.0456873
0.059 0.99 0.0663703
0.108 0.01 0.486314
0.108 0.059 0.306257
0.108 0.108 0.133832
0.108 0.157 0.0567454
0.108 0.206 0.044536
0.108 0.255 0.0625692
0.108 0.304 0.0804278
0.108 0.353 0.0619119
0.108 0.402 0.0277362
0.108 0.451 0.0341753
0.108 0.5 0.0665794
0.108 0.549 0.088132
0.108 0.598 0.0740609
0.108 0.647 0.0697464
0.108 0.696 0.109047
0.108 0.745 0.142255
0.108 0.794 0.148393
0.108 0.843 0.144493
0.108 0.892 0.19003
0.108 0.941 0.336813
0.108 0.99 0.489291
0.157 0.01 1.7433
0.157 0.059 1.09785
0.157 0.108 0.479752
0.157 0.157 0.203417
0.157 0.206 0.159649
0.157 0.255 0.224294
0.157 0.304 0.288312
0.157 0.353 0.221938
0.157 0.402 0.0994268
0.157 0.451 0.122509
0.157 0.5 0.238669
0.157 0.549 0.31593
0.157 0.598 0.265488
0.157 0.647 0.250022
0.157 0.696 0.390902
0.157 0.745 0.509946
0.157 0.794 0.531949
0.157 0.843 0.517969
0.157 0.892 0.681206
0.157 0.941 1.20738
0.157 0.99 1.75398
0.206 0.01 3.51257
0.206 0.059 2.21204
0.206 0.108 0.96665
0.206 0.157 0.409863
0.206 0.206 0.321676
0.206 0.255 0.451928
0.206 0.304 0.580917
0.206 0.353 0.44718
0.206 0.402 0.200334
0.206 0.451 0.246843
0.206 0.5 0.480893
0.206 0.549 0.636564
0.206 0.598 0.53493
0.206 0.647 0.503767
0.206 0.696 0.787626
0.206 0.745 1.02749
0.206 0.794 1.07182
0.206 0.843 1.04365
0.206 0.892 1.37256
0.206 0.941 2.43275
0.206 0.99 3.53408
0.255 0.01 4.30478
0.255 0.059 2.71094
0.255 0.108 1.18466
0.255 0.157 0.502302
0.255 0.206 0.394226
0.255 0.255 0.553854
0.255 0.304 0.711935
0.255 0.353 0.548035
0.255 0.402 0.245517
0.255 0.451 0.302515
0.255 0.5 0.589351
0.255 0.549 0.780132
0.255 0.598 0.655576
0.255 0.647 0.617385
0.255 0.696 0.965264
0.255 0.745 1.25922
0.255 0.794 1.31355
0.255 0.843 1.27903
0.255 0.892 1.68212
0.255 0.941 2.98142
0.255 0.99 4.33114
0.304 0.01 3.55109
0.304 0.059 2.2363
0.304 0.108 0.97725
0.304 0.157 0.414358
0.304 0.206 0.325204
0.304 0.255 0.456884
0.304 0.304 0.587288
0.304 0.353 0.452084
0.304 0.402 0.202531
0.304 0.451 0.24955
0.304 0.5 0.486166
0.304 0.549 0.643545
0.304 0.598 0.540797
0.304 0.647 0.509292
0.304 0.696 0.796263
0.304 0.745 1.03875
0.304 0.794 1.08357
0.304 0.843 1.0551
0.304 0.892 1.38761
0.304 0.941 2.45943
0.304 0.99 3.57283
0.353 0.01 2.94691
0.353 0.059 1.85582
0.353 0.108 0.810981
0.353 0.157 0.343859
0.353 0.206 0.269874
0.353 0.255 0.37915
0.353 0.304 0.487367
0.353 0.353 0.375167
0.353 0.402 0.168073
0.353 0.451 0.207091
0.353 0.5 0.40345
0.353 0.549 0.534053
0.353 0.598 0.448786
0.353 0.647 0.422641
0.353 0.696 0.660788
0.353 0.745 0.862022
0.353 0.794 0.899216
0.353 0.843 0.875584
0.353 0.892 1.15152
0.353 0.941 2.04098
0.353 0.99 2.96495
0.402 0.01 2.51739
0.402 0.059 1.58533
0.402 0.108 0.69278
0.402 0.157 0.293741
0.402 0.206 0.230539
0.402 0.255 0.323888
0.402 0.304 0.416333
0.402 0.353 0.320486
0.402 0.402 0.143576
0.402 0.451 0.176908
0.402 0.5 0.344647
0.402 0.549 0.456214
0.402 0.598 0.383375
0.402 0.647 0.361041
0.402 0.696 0.564477
0.402 0.745 0.736381
0.402 0.794 0.768154
0.402 0.843 0.747966
0.402 0.892 0.983686
0.402 0.941 1.74351
0.402 0.99 2.53281
0.451 0.01 1.33831
0.451 0.059 0.8428
0.451 0.108 0.368298
0.451 0.157 0.15616
0.451 0.206 0.12256
0.451 0.255 0.172187
0.451 0.304 0.221332
0.451 0.353 0.170378
0.451 0.402 0.0763284
0.451 0.451 0.0940483
0.451 0.5 0.183223
0.451 0.549 0.242534
0.451 0.598 0.203811
0.451 0.647 0.191938
0.451 0.696 0.30009
0.451 0.745 0.391478
0.451 0.794 0.408369
0.451 0.843 0.397637
0.451 0.892 0.522951
0.451 0.941 0.92689
0.451 0.99 1.3465
0.5 0.01 0.8399
0.5 0.059 0.528927
0.5 0.108 0.231138
0.5 0.157 0.0980034
0.5 0.206 0.0769168
0.5 0.255 0.108062
0.5 0.304 0.138905
0.5 0.353 0.106926
0.5 0.402 0.0479024
0.5 0.451 0.0590232
0.5 0.5 0.114987
0.5 0.549 0.15221
0.5 0.598 0.127909
0.5 0.647 0.120457
0.5 0.696 0.188331
0.5 0.745 0.245685
0.5 0.794 0.256286
0.5 0.843 0.24955
0.5 0.892 0.328196
0.5 0.941 0.581701
0.5 0.99 0.845042
0.549 0.01 1.25739
0.549 0.059 0.791845
0.549 0.108 0.346031
0.549 0.157 0.146719
0.549 0.206 0.11515
0.549 0.255 0.161777
0.549 0.304 0.207951
0.549 0.353 0.160077
0.549 0.402 0.0717136
0.549 0.451 0.0883623
0.549 0.5 0.172145
0.549 0.549 0.227871
0.549 0.598 0.191489
0.549 0.647 0.180333
0.549 0.696 0.281946
0.549 0.745 0.367809
0.549 0.794 0.38368
0.549 0.843 0.373596
0.549 0.892 0.491334
0.549 0.941 0.870851
0.549 0.99 1.26509
0.598 0.01 1.81208
0.598 0.059 1.14116
0.598 0.108 0.498679
0.598 0.157 0.211442
0.598 0.206 0.165948
0.598 0.255 0.233142
0.598 0.304 0.299686
0.598 0.353 0.230693
0.598 0.402 0.103349
0.598 0.451 0.127342
0.598 0.5 0.248085
0.598 0.549 0.328393
0.598 0.598 0.275962
0.598 0.647 0.259885
0.598 0.696 0.406323
0.598 0.745 0.530064
0.598 0.794 0.552935
0.598 0.843 0.538403
0.598 0.892 0.70808
0.598 0.941 1.25502
0.598 0.99 1.82317
0.647 0.01 1.92142
0.647 0.059 1.21002
0.647 0.108 0.528769
0.647 0.157 0.2242
0.647 0.206 0.175961
0.647 0.255 0.24721
0.647 0.304 0.317769
0.647 0.353 0.244613
0.647 0.402 0.109585
0.647 0.451 0.135026
0.647 0.5 0.263054
0.647 0.549 0.348208
0.647 0.598 0.292614
0.647 0.647 0.275567
0.647 0.696 0.430841
0.647 0.745 0.562048
0.647 0.794 0.586299
0.647 0.843 0.570891
0.647 0.892 0.750806
0.647 0.941 1.33074
0.647 0.99 1.93318
0.696 0.01 1.15916
0.696 0.059 0.729984
0.696 0.108 0.318999
0.696 0.157 0.135257
0.696 0.206 0.106155
0.696 0.255 0.149138
0.696 0.304 0.191705
0.696 0.353 0.147571
0.696 0.402 0.0661112
0.696 0.451 0.0814592
0.696 0.5 0.158697
0.696 0.549 0.210069
0.696 0.598 0.176529
0.696 0.647 0.166245
0.696 0.696 0.25992
0.696 0.745 0.339075
0.696 0.794 0.353706
0.696 0.843 0.34441
0.696 0.892 0.45295
0.696 0.941 0.802818
0.696 0.99 1.16626
0.745 0.01 1.04298
0.745 0.059 0.656816
0.745 0.108 0.287025
0.745 0.157 0.121699
0.745 0.206 0.0955145
0.745 0.255 0.13419
0.745 0.304 0.17249
0.745 0.353 0.13278
0.745 0.402 0.0594847
0.745 0.451 0.0732943
0.745 0.5 0.14279
0.745 0.549 0.189013
0.745 0.598 0.158835
0.745 0.647 0.149582
0.745 0.696 0.233868
0.745 0.745 0.305089
0.745 0.794 0.318253
0.745 0.843 0.309889
0.745 0.892 0.40755
0.745 0.941 0.722349
0.745 0.99 1.04936
0.794 0.01 1.89788
0.794 0.059 1.19519
0.794 0.108 0.522291
0.794 0.157 0.221453
0.794 0.206 0.173805
0.794 0.255 0.244181
0.794 0.304 0.313876
0.794 0.353 0.241616
0.794 0.402 0.108243
0.794 0.451 0.133372
0.794 0.5 0.259831
0.794 0.549 0.343942
0.794 0.598 0.289029
0.794 0.647 0.272191
0.794 0.696 0.425563
0.794 0.745 0.555162
0.794 0.794 0.579116
0.794 0.843 0.563896
0.794 0.892 0.741607
0.794 0.941 1.31444
0.794 0.99 1.9095
0.843 0.01 2.55217
0.843 0.059 1.60723
0.843 0.108 0.70235
0.843 0.157 0.297799
0.843 0.206 0.233724
0.843 0.255 0.328363
0.843 0.304 0.422084
0.843 0.353 0.324913
0.843 0.402 0.145559
0.843 0.451 0.179352
0.843 0.5 0.349408
0.843 0.549 0.462516
0.843 0.598 0.388671
0.843 0.647 0.366028
0.843 0.696 0.572275
0.843 0.745 0.746554
0.843 0.794 0.778766
0.843 0.843 0.758299
0.843 0.892 0.997276
0.843 0.941 1.76759
0.843 0.99 2.5678
0.892 0.01 4.48432
0.892 0.059 2.82401
0.892 0.108 1.23407
0.892 0.157 0.523252
0.892 0.206 0.410668
0.892 0.255 0.576953
0.892 0.304 0.741628
0.892 0.353 0.570893
0.892 0.402 0.255757
0.892 0.451 0.315132
0.892 0.5 0.613931
0.892 0.549 0.81267
0.892 0.598 0.682919
0.892 0.647 0.643134
0.892 0.696 1.00552
0.892 0.745 1.31174
0.892 0.794 1.36834
0.892 0.843 1.33238
0.892 0.892 1.75228
0.892 0.941 3.10577
0.892 0.99 4.51178
0.941 0.01 14.7194
0.941 0.059 9.26952
0.941 0.108 4.05072
0.941 0.157 1.71752
0.941 0.206 1.34798
0.941 0.255 1.89379
0.941 0.304 2.43432
0.941 0.353 1.8739
0.941 0.402 0.839496
0.941 0.451 1.03439
0.941 0.5 2.01517
0.941 0.549 2.66751
0.941 0.598 2.24161
0.941 0.647 2.11103
0.941 0.696 3.30053
0.941 0.745 4.30566
0.941 0.794 4.49144
0.941 0.843 4.3734
0.941 0.892 5.75167
0.941 0.941 10.1944
0.941 0.99 14.8095
0.99 0.01 27.2007
0.99 0.059 17.1297
0.99 0.108 7.48556
0.99 0.157 3.1739
0.99 0.206 2.491
0.99 0.255 3.49965
0.99 0.304 4.49852
0.99 0.353 3.46288
0.99 0.402 1.55135
0.99 0.451 1.9115
0.99 0.5 3.72394
0.99 0.549 4.92944
0.99 0.598 4.1424
0.99 0.647 3.90108
0.99 0.696 6.09923
0.99 0.745 7.95667
0.99 0.794 8.29999
0.99 0.843 8.08185
0.99 0.892 10.6288
0.99 0.941 18.8388
0.99 0.99 27.3672
