0.01 0.01 0.110244
0.01 0.059 0.0854195
0.01 0.108 0.0923403
0.01 0.157 0.123779
0.01 0.206 0.0948779
0.01 0.255 0.0332978
0.01 0.304 0.00508169
0.01 0.353 0.000330466
0.01 0.402 9.00358e-06
0.01 0.451 1.0083e-07
0.01 0.5 4.55347e-10
0.01 0.549 8.15843e-13
0.01 0.598 6.95626e-16
0.01 0.647 2.00513e-13
0.01 0.696 1.25402e-10
0.01 0.745 3.0018e-08
0.01 0.794 2.75027e-06
0.01 0.843 9.64464e-05
0.01 0.892 0.00129453
0.01 0.941 0.00665055
0.01 0.99 0.0130773
0.059 0.01 0.477607
0.059 0.059 0.37006
0.059 0.108 0.400042
0.059 0.157 0.536242
0.059 0.206 0.411036
0.059 0.255 0.144255
0.059 0.304 0.0220152
0.059 0.353 0.00143167
0.059 0.402 3.90059e-05
0.059 0.451 4.36823e-07
0.059 0.5 1.97268e-09
0.059 0.549 3.53444e-12
0.059 0.598 3.01363e-15
0.059 0.647 8.68676e-13
0.059 0.696 5.43273e-10
0.059 0.745 1.30046e-07
0.059 0.794 1.19149e-05
0.059 0.843 0.000417831
0.059 0.892 0.00560826
0.059 0.941 0.0288119
0.059 0.99 0.0566543
0.108 0.01 1.19039
0.108 0.059 0.922337
0.108 0.108 0.997066
0.108 0.157 1.33653
0.108 0.206 1.02447
0.108 0.255 0.35954
0.108 0.304 0.0548707
0.108 0.353 0.00356828
0.108 0.402 9.72183e-05
0.108 0.451 1.08874e-06
0.108 0.5 4.91671e-09
0.108 0.549 8.80925e-12
0.108 0.598 7.51118e-15
0.108 0.647 2.16509e-12
0.108 0.696 1.35405e-09
0.108 0.745 3.24126e-07
0.108 0.794 2.96967e-05
0.108 0.843 0.0010414
0.108 0.892 0.013978
0.108 0.941 0.0718109
0.108 0.99 0.141205
0.157 0.01 1.83708
0.157 0.059 1.42341
0.157 0.108 1.53873
0.157 0.157 2.06261
0.157 0.206 1.58102
0.157 0.255 0.554864
0.157 0.304 0.0846797
0.157 0.353 0.00550679
0.157 0.402 0.000150033
0.157 0.451 1.6802e-06
0.157 0.5 7.58776e-09
0.157 0.549 1.3595e-11
0.157 0.598 1.15917e-14
0.157 0.647 3.34129e-12
0.157 0.696 2.08966e-09
0.157 0.745 5.0021e-07
0.157 0.794 4.58297e-05
0.157 0.843 0.00160715
0.157 0.892 0.0215717
0.157 0.941 0.110823
0.157 0.99 0.217916
0.206 0.01 3.09347
0.206 0.059 2.39688
0.206 0.108 2.59108
0.206 0.157 3.47325
0.206 0.206 2.66229
0.206 0.255 0.934339
0.206 0.304 0.142593
0.206 0.353 0.00927292
0.206 0.402 0.000252642
0.206 0.451 2.82931e-06
0.206 0.5 1.27771e-08
0.206 0.549 2.28926e-11
0.206 0.598 1.95194e-14
0.206 0.647 5.62643e-12
0.206 0.696 3.51879e-09
0.206 0.745 8.42308e-07
0.206 0.794 7.71729e-05
0.206 0.843 0.0027063
0.206 0.892 0.0363248
0.206 0.941 0.186615
0.206 0.99 0.366951
0.255 0.01 6.27984
0.255 0.059 4.86575
0.255 0.108 5.25998
0.255 0.157 7.05081
0.255 0.206 5.40453
0.255 0.255 1.89674
0.255 0.304 0.289468
0.255 0.353 0.0188243
0.255 0.402 0.000512871
0.255 0.451 5.74359e-06
0.255 0.5 2.59379e-08
0.255 0.549 4.64728e-11
0.255 0.598 3.96249e-14
0.255 0.647 1.14218e-11
0.255 0.696 7.14326e-09
0.255 0.745 1.70991e-06
0.255 0.794 0.000156664
0.255 0.843 0.00549388
0.255 0.892 0.0737405
0.255 0.941 0.378835
0.255 0.99 0.744923
0.304 0.01 11.9695
0.304 0.059 9.27422
0.304 0.108 10.0256
0.304 0.157 13.439
0.304 0.206 10.3011
0.304 0.255 3.61522
0.304 0.304 0.551732
0.304 0.353 0.0358796
0.304 0.402 0.000977543
0.304 0.451 1.09474e-05
0.304 0.5 4.94382e-08
0.304 0.549 8.85782e-11
0.304 0.598 7.55259e-14
0.304 0.647 2.17703e-11
0.304 0.696 1.36152e-08
0.304 0.745 3.25913e-06
0.304 0.794 0.000298604
0.304 0.843 0.0104714
0.304 0.892 0.140551
0.304 0.941 0.722068
0.304 0.99 1.41984
0.353 0.01 13.3131
0.353 0.059 10.3153
0.353 0.108 11.151
0.353 0.157 14.9475
0.353 0.206 11.4575
0.353 0.255 4.02104
0.353 0.304 0.613666
0.353 0.353 0.0399072
0.353 0.402 0.00108727
0.353 0.451 1.21763e-05
0.353 0.5 5.49878e-08
0.353 0.549 9.85213e-11
0.353 0.598 8.4004e-14
0.353 0.647 2.4214e-11
0.353 0.696 1.51435e-08
0.353 0.745 3.62498e-06
0.353 0.794 0.000332123
0.353 0.843 0.0116469
0.353 0.892 0.156328
0.353 0.941 0.803122
0.353 0.99 1.57922
0.402 0.01 8.30935
0.402 0.059 6.43826
0.402 0.108 6.9599
0.402 0.157 9.32948
0.402 0.206 7.15116
0.402 0.255 2.50973
0.402 0.304 0.383018
0.402 0.353 0.024908
0.402 0.402 0.00067862
0.402 0.451 7.5998e-06
0.402 0.5 3.43205e-08
0.402 0.549 6.14919e-11
0.402 0.598 5.24309e-14
0.402 0.647 1.51131e-11
0.402 0.696 9.45181e-09
0.402 0.745 2.26252e-06
0.402 0.794 0.000207294
0.402 0.843 0.00726938
0.402 0.892 0.0975719
0.402 0.941 0.501267
0.402 0.99 0.985666
0.451 0.01 4.09261
0.451 0.059 3.17104
0.451 0.108 3.42796
0.451 0.157 4.59505
0.451 0.206 3.52216
0.451 0.255 1.23612
0.451 0.304 0.188648
0.451 0.353 0.0122679
0.451 0.402 0.000334241
0.451 0.451 3.74313e-06
0.451 0.5 1.69039e-08
0.451 0.549 3.02866e-11
0.451 0.598 2.58238e-14
0.451 0.647 7.44368e-12
0.451 0.696 4.6553e-09
0.451 0.745 1.11436e-06
0.451 0.794 0.000102099
0.451 0.843 0.00358039
0.451 0.892 0.0480571
0.451 0.941 0.246889
0.451 0.99 0.48547
0.5 0.01 3.03529
0.5 0.059 2.3518
0.5 0.108 2.54235
0.5 0.157 3.40792
0.5 0.206 2.61222
0.5 0.255 0.916767
0.5 0.304 0.139911
0.5 0.353 0.00909852
0.5 0.402 0.00024789
0.5 0.451 2.7761e-06
0.5 0.5 1.25368e-08
0.5 0.549 2.24621e-11
0.5 0.598 1.91523e-14
0.5 0.647 5.52061e-12
0.5 0.696 3.45261e-09
0.5 0.745 8.26466e-07
0.5 0.794 7.57215e-05
0.5 0.843 0.0026554
0.5 0.892 0.0356416
0.5 0.941 0.183106
0.5 0.99 0.36005
0.549 0.01 2.99861
0.549 0.059 2.32338
0.549 0.108 2.51163
0.549 0.157 3.36674
0.549 0.206 2.58065
0.549 0.255 0.905688
0.549 0.304 0.13822
0.549 0.353 0.00898857
0.549 0.402 0.000244895
0.549 0.451 2.74255e-06
0.549 0.5 1.23853e-08
0.549 0.549 2.21907e-11
0.549 0.598 1.89208e-14
0.549 0.647 5.4539e-12
0.549 0.696 3.41089e-09
0.549 0.745 8.16479e-07
0.549 0.794 7.48065e-05
0.549 0.843 0.00262331
0.549 0.892 0.0352109
0.549 0.941 0.180893
0.549 0.99 0.355699
0.598 0.01 1.9988
0.598 0.059 1.54871
0.598 0.108 1.67419
0.598 0.157 2.24419
0.598 0.206 1.7202
0.598 0.255 0.60371
0.598 0.304 0.0921343
0.598 0.353 0.00599157
0.598 0.402 0.000163241
0.598 0.451 1.82812e-06
0.598 0.5 8.25574e-09
0.598 0.549 1.47918e-11
0.598 0.598 1.26122e-14
0.598 0.647 3.63544e-12
0.598 0.696 2.27362e-09
0.598 0.745 5.44246e-07
0.598 0.794 4.98642e-05
0.598 0.843 0.00174864
0.598 0.892 0.0234708
0.598 0.941 0.120579
0.598 0.99 0.2371
0.647 0.01 1.55531
0.647 0.059 1.20509
0.647 0.108 1.30273
0.647 0.157 1.74625
0.647 0.206 1.33853
0.647 0.255 0.469761
0.647 0.304 0.0716918
0.647 0.353 0.00466217
0.647 0.402 0.000127021
0.647 0.451 1.4225e-06
0.647 0.5 6.42398e-09
0.647 0.549 1.15098e-11
0.647 0.598 9.81381e-15
0.647 0.647 2.82882e-12
0.647 0.696 1.76915e-09
0.647 0.745 4.2349e-07
0.647 0.794 3.88005e-05
0.647 0.843 0.00136065
0.647 0.892 0.0182631
0.647 0.941 0.0938251
0.647 0.99 0.184493
0.696 0.01 2.29421
0.696 0.059 1.7776
0.696 0.108 1.92163
0.696 0.157 2.57587
0.696 0.206 1.97443
0.696 0.255 0.692934
0.696 0.304 0.105751
0.696 0.353 0.00687708
0.696 0.402 0.000187367
0.696 0.451 2.0983e-06
0.696 0.5 9.47588e-09
0.696 0.549 1.69779e-11
0.696 0.598 1.44762e-14
0.696 0.647 4.17273e-12
0.696 0.696 2.60964e-09
0.696 0.745 6.24681e-07
0.696 0.794 5.72338e-05
0.696 0.843 0.00200707
0.696 0.892 0.0269396
0.696 0.941 0.1384
0.696 0.99 0.272142
0.745 0.01 2.70542
0.745 0.059 2.09622
0.745 0.108 2.26606
0.745 0.157 3.03756
0.745 0.206 2.32833
0.745 0.255 0.817136
0.745 0.304 0.124706
0.745 0.353 0.00810973
0.745 0.402 0.00022095
0.745 0.451 2.4744e-06
0.745 0.5 1.11743e-08
0.745 0.549 2.0021e-11
0.745 0.598 1.70709e-14
0.745 0.647 4.92065e-12
0.745 0.696 3.07739e-09
0.745 0.745 7.36649e-07
0.745 0.794 6.74924e-05
0.745 0.843 0.00236682
0.745 0.892 0.0317682
0.745 0.941 0.163206
0.745 0.99 0.320921
0.794 0.01 2.00172
0.794 0.059 1.55098
0.794 0.108 1.67664
0.794 0.157 2.24747
0.794 0.206 1.72271
0.794 0.255 0.604593
0.794 0.304 0.092269
0.794 0.353 0.00600033
0.794 0.402 0.00016348
0.794 0.451 1.83079e-06
0.794 0.5 8.26781e-09
0.794 0.549 1.48134e-11
0.794 0.598 1.26306e-14
0.794 0.647 3.64075e-12
0.794 0.696 2.27694e-09
0.794 0.745 5.45041e-07
0.794 0.794 4.99371e-05
0.794 0.843 0.00175119
0.794 0.892 0.0235051
0.794 0.941 0.120755
0.794 0.99 0.237447
0.843 0.01 1.92555
0.843 0.059 1.49195
0.843 0.108 1.61283
0.843 0.157 2.16194
0.843 0.206 1.65716
0.843 0.255 0.581585
0.843 0.304 0.0887577
0.843 0.353 0.00577198
0.843 0.402 0.000157258
0.843 0.451 1.76112e-06
0.843 0.5 7.95317e-09
0.843 0.549 1.42497e-11
0.843 0.598 1.21499e-14
0.843 0.647 3.5022e-12
0.843 0.696 2.19029e-09
0.843 0.745 5.24299e-07
0.843 0.794 4.80367e-05
0.843 0.843 0.00168455
0.843 0.892 0.0226106
0.843 0.941 0.11616
0.843 0.99 0.228411
0.892 0.01 3.54505
0.892 0.059 2.74678
0.892 0.108 2.96933
0.892 0.157 3.98027
0.892 0.206 3.05093
0.892 0.255 1.07073
0.892 0.304 0.163408
0.892 0.353 0.0106266
0.892 0.402 0.000289522
0.892 0.451 3.24233e-06
0.892 0.5 1.46423e-08
0.892 0.549 2.62345e-11
0.892 0.598 2.23688e-14
0.892 0.647 6.44777e-12
0.892 0.696 4.03246e-09
0.892 0.745 9.65268e-07
0.892 0.794 8.84386e-05
0.892 0.843 0.00310136
0.892 0.892 0.0416275
0.892 0.941 0.213857
0.892 0.99 0.420518
0.941 0.01 6.95429
0.941 0.059 5.38833
0.941 0.108 5.8249
0.941 0.157 7.80806
0.941 0.206 5.98497
0.941 0.255 2.10045
0.941 0.304 0.320557
0.941 0.353 0.0208461
0.941 0.402 0.000567953
0.941 0.451 6.36045e-06
0.941 0.5 2.87236e-08
0.941 0.549 5.1464e-11
0.941 0.598 4.38806e-14
0.941 0.647 1.26485e-11
0.941 0.696 7.91044e-09
0.941 0.745 1.89356e-06
0.941 0.794 0.000173489
0.941 0.843 0.00608391
0.941 0.892 0.0816602
0.941 0.941 0.419522
0.941 0.99 0.824927
0.99 0.01 10.2838
0.99 0.059 7.96812
0.99 0.108 8.61371
0.99 0.157 11.5463
0.99 0.206 8.85042
0.99 0.255 3.10609
0.99 0.304 0.474031
0.99 0.353 0.0308266
0.99 0.402 0.000839874
0.99 0.451 9.40566e-06
0.99 0.5 4.24758e-08
0.99 0.549 7.61036e-11
0.99 0.598 6.48895e-14
0.99 0.647 1.87043e-11
0.99 0.696 1.16978e-08
0.99 0.745 2.80014e-06
0.99 0.794 0.000256551
0.99 0.843 0.00899673
0.99 0.892 0.120757
0.99 0.941 0.620378
0.99 0.99 1.21988
