0.01 0.01 10.1007
0.01 0.059 7.26548
0.01 0.108 6.52193
0.01 0.157 8.67736
0.01 0.206 7.92837
0.01 0.255 5.06304
0.01 0.304 3.33226
0.01 0.353 2.12958
0.01 0.402 1.05102
0.01 0.451 0.960915
0.01 0.5 1.38239
0.01 0.549 0.931145
0.01 0.598 0.243163
0.01 0.647 0.0243235
0.01 0.696 0.000931297
0.01 0.745 1.67279e-05
0.01 0.794 0.000282334
0.01 0.843 0.00989821
0.01 0.892 0.132857
0.01 0.941 0.68254
0.01 0.99 1.34211
0.059 0.01 7.77156
0.059 0.059 5.59013
0.059 0.108 5.01803
0.059 0.157 6.67644
0.059 0.206 6.10016
0.059 0.255 3.89555
0.059 0.304 2.56387
0.059 0.353 1.63852
0.059 0.402 0.808666
0.059 0.451 0.739336
0.059 0.5 1.06362
0.059 0.549 0.716431
0.059 0.598 0.187091
0.059 0.647 0.0187147
0.059 0.696 0.000716548
0.059 0.745 1.28706e-05
0.059 0.794 0.00021723
0.059 0.843 0.00761577
0.059 0.892 0.102221
0.059 0.941 0.525152
0.059 0.99 1.03263
0.108 0.01 6.08723
0.108 0.059 4.37858
0.108 0.108 3.93048
0.108 0.157 5.22946
0.108 0.206 4.77807
0.108 0.255 3.05127
0.108 0.304 2.00821
0.108 0.353 1.2834
0.108 0.402 0.633404
0.108 0.451 0.5791
0.108 0.5 0.833105
0.108 0.549 0.561159
0.108 0.598 0.146543
0.108 0.647 0.0146587
0.108 0.696 0.000561251
0.108 0.745 1.00811e-05
0.108 0.794 0.00017015
0.108 0.843 0.00596521
0.108 0.892 0.0800669
0.108 0.941 0.411336
0.108 0.99 0.808831
0.157 0.01 5.62714
0.157 0.059 4.04763
0.157 0.108 3.6334
0.157 0.157 4.8342
0.157 0.206 4.41693
0.157 0.255 2.82064
0.157 0.304 1.85642
0.157 0.353 1.1864
0.157 0.402 0.585529
0.157 0.451 0.53533
0.157 0.5 0.770136
0.157 0.549 0.518745
0.157 0.598 0.135467
0.157 0.647 0.0135508
0.157 0.696 0.00051883
0.157 0.745 9.31918e-06
0.157 0.794 0.00015729
0.157 0.843 0.00551434
0.157 0.892 0.0740151
0.157 0.941 0.380246
0.157 0.99 0.747697
0.206 0.01 5.28264
0.206 0.059 3.79983
0.206 0.108 3.41096
0.206 0.157 4.53824
0.206 0.206 4.14652
0.206 0.255 2.64796
0.206 0.304 1.74277
0.206 0.353 1.11377
0.206 0.402 0.549682
0.206 0.451 0.502556
0.206 0.5 0.722987
0.206 0.549 0.486987
0.206 0.598 0.127174
0.206 0.647 0.0127212
0.206 0.696 0.000487066
0.206 0.745 8.74865e-06
0.206 0.794 0.00014766
0.206 0.843 0.00517674
0.206 0.892 0.0694838
0.206 0.941 0.356967
0.206 0.99 0.701922
0.255 0.01 6.19625
0.255 0.059 4.45699
0.255 0.108 4.00086
0.255 0.157 5.32311
0.255 0.206 4.86364
0.255 0.255 3.10591
0.255 0.304 2.04417
0.255 0.353 1.30639
0.255 0.402 0.644747
0.255 0.451 0.589471
0.255 0.5 0.848025
0.255 0.549 0.571209
0.255 0.598 0.149168
0.255 0.647 0.0149212
0.255 0.696 0.000571302
0.255 0.745 1.02617e-05
0.255 0.794 0.000173197
0.255 0.843 0.00607203
0.255 0.892 0.0815007
0.255 0.941 0.418703
0.255 0.99 0.823316
0.304 0.01 7.18247
0.304 0.059 5.16639
0.304 0.108 4.63766
0.304 0.157 6.17036
0.304 0.206 5.63776
0.304 0.255 3.60026
0.304 0.304 2.36953
0.304 0.353 1.51432
0.304 0.402 0.747368
0.304 0.451 0.683294
0.304 0.5 0.983
0.304 0.549 0.662125
0.304 0.598 0.17291
0.304 0.647 0.0172961
0.304 0.696 0.000662233
0.304 0.745 1.1895e-05
0.304 0.794 0.000200764
0.304 0.843 0.00703848
0.304 0.892 0.0944727
0.304 0.941 0.485345
0.304 0.99 0.954358
0.353 0.01 5.95803
0.353 0.059 4.28564
0.353 0.108 3.84705
0.353 0.157 5.11846
0.353 0.206 4.67666
0.353 0.255 2.9865
0.353 0.304 1.96558
0.353 0.353 1.25616
0.353 0.402 0.619959
0.353 0.451 0.566808
0.353 0.5 0.815421
0.353 0.549 0.549248
0.353 0.598 0.143433
0.353 0.647 0.0143476
0.353 0.696 0.000549338
0.353 0.745 9.86717e-06
0.353 0.794 0.000166539
0.353 0.843 0.00583859
0.353 0.892 0.0783674
0.353 0.941 0.402605
0.353 0.99 0.791662
0.402 0.01 3.89563
0.402 0.059 2.80215
0.402 0.108 2.51537
0.402 0.157 3.34668
0.402 0.206 3.05781
0.402 0.255 1.95271
0.402 0.304 1.28519
0.402 0.353 0.821335
0.402 0.402 0.405358
0.402 0.451 0.370605
0.402 0.5 0.53316
0.402 0.549 0.359123
0.402 0.598 0.0937828
0.402 0.647 0.00938108
0.402 0.696 0.000359182
0.402 0.745 6.4516e-06
0.402 0.794 0.00010889
0.402 0.843 0.00381753
0.402 0.892 0.0512401
0.402 0.941 0.263241
0.402 0.99 0.517625
0.451 0.01 2.86065
0.451 0.059 2.05768
0.451 0.108 1.8471
0.451 0.157 2.45754
0.451 0.206 2.24542
0.451 0.255 1.43392
0.451 0.304 0.943741
0.451 0.353 0.603125
0.451 0.402 0.297663
0.451 0.451 0.272144
0.451 0.5 0.391511
0.451 0.549 0.263713
0.451 0.598 0.0688669
0.451 0.647 0.00688875
0.451 0.696 0.000263756
0.451 0.745 4.73756e-06
0.451 0.794 7.99608e-05
0.451 0.843 0.0028033
0.451 0.892 0.0376268
0.451 0.941 0.193304
0.451 0.99 0.380104
0.5 0.01 1.64967
0.5 0.059 1.18662
0.5 0.108 1.06518
0.5 0.157 1.41721
0.5 0.206 1.29488
0.5 0.255 0.826908
0.5 0.304 0.544233
0.5 0.353 0.347808
0.5 0.402 0.171655
0.5 0.451 0.156939
0.5 0.5 0.225775
0.5 0.549 0.152077
0.5 0.598 0.0397139
0.5 0.647 0.00397258
0.5 0.696 0.000152102
0.5 0.745 2.73204e-06
0.5 0.794 4.61115e-05
0.5 0.843 0.0016166
0.5 0.892 0.0216985
0.5 0.941 0.111474
0.5 0.99 0.219197
0.549 0.01 0.695576
0.549 0.059 0.500332
0.549 0.108 0.449128
0.549 0.157 0.59756
0.549 0.206 0.545981
0.549 0.255 0.348662
0.549 0.304 0.229474
0.549 0.353 0.146652
0.549 0.402 0.0723778
0.549 0.451 0.0661726
0.549 0.5 0.0951973
0.549 0.549 0.0641226
0.549 0.598 0.0167452
0.549 0.647 0.00167502
0.549 0.696 6.41331e-05
0.549 0.745 1.15195e-06
0.549 0.794 1.94427e-05
0.549 0.843 0.000681632
0.549 0.892 0.00914908
0.549 0.941 0.0470026
0.549 0.99 0.0924235
0.598 0.01 0.859022
0.598 0.059 0.6179
0.598 0.108 0.554664
0.598 0.157 0.737974
0.598 0.206 0.674276
0.598 0.255 0.430591
0.598 0.304 0.283395
0.598 0.353 0.181112
0.598 0.402 0.0893851
0.598 0.451 0.0817219
0.598 0.5 0.117567
0.598 0.549 0.07919
0.598 0.598 0.02068
0.598 0.647 0.00206862
0.598 0.696 7.9203e-05
0.598 0.745 1.42264e-06
0.598 0.794 2.40114e-05
0.598 0.843 0.000841802
0.598 0.892 0.0112989
0.598 0.941 0.0580472
0.598 0.99 0.114141
0.647 0.01 1.12246
0.647 0.059 0.807395
0.647 0.108 0.724766
0.647 0.157 0.964294
0.647 0.206 0.88106
0.647 0.255 0.562643
0.647 0.304 0.370306
0.647 0.353 0.236655
0.647 0.402 0.116797
0.647 0.451 0.106784
0.647 0.5 0.153622
0.647 0.549 0.103476
0.647 0.598 0.0270221
0.647 0.647 0.00270301
0.647 0.696 0.000103493
0.647 0.745 1.85893e-06
0.647 0.794 3.13751e-05
0.647 0.843 0.00109996
0.647 0.892 0.0147641
0.647 0.941 0.075849
0.647 0.99 0.149146
0.696 0.01 1.40725
0.696 0.059 1.01224
0.696 0.108 0.908648
0.696 0.157 1.20895
0.696 0.206 1.1046
0.696 0.255 0.705393
0.696 0.304 0.464258
0.696 0.353 0.296697
0.696 0.402 0.14643
0.696 0.451 0.133877
0.696 0.5 0.192597
0.696 0.549 0.129729
0.696 0.598 0.0338779
0.696 0.647 0.0033888
0.696 0.696 0.00012975
0.696 0.745 2.33056e-06
0.696 0.794 3.93354e-05
0.696 0.843 0.00137904
0.696 0.892 0.0185099
0.696 0.941 0.0950928
0.696 0.99 0.186986
0.745 0.01 1.9934
0.745 0.059 1.43386
0.745 0.108 1.28712
0.745 0.157 1.7125
0.745 0.206 1.56469
0.745 0.255 0.999206
0.745 0.304 0.657632
0.745 0.353 0.420279
0.745 0.402 0.207422
0.745 0.451 0.189639
0.745 0.5 0.272819
0.745 0.549 0.183764
0.745 0.598 0.0479888
0.745 0.647 0.00480032
0.745 0.696 0.000183794
0.745 0.745 3.3013e-06
0.745 0.794 5.57195e-05
0.745 0.843 0.00195344
0.745 0.892 0.0262197
0.745 0.941 0.134701
0.745 0.99 0.26487
0.794 0.01 1.43683
0.794 0.059 1.03352
0.794 0.108 0.927752
0.794 0.157 1.23436
0.794 0.206 1.12782
0.794 0.255 0.720223
0.794 0.304 0.474018
0.794 0.353 0.302935
0.794 0.402 0.149509
0.794 0.451 0.136691
0.794 0.5 0.196647
0.794 0.549 0.132456
0.794 0.598 0.0345902
0.794 0.647 0.00346005
0.794 0.696 0.000132478
0.794 0.745 2.37956e-06
0.794 0.794 4.01624e-05
0.794 0.843 0.00140803
0.794 0.892 0.018899
0.794 0.941 0.0970921
0.794 0.99 0.190917
0.843 0.01 0.605279
0.843 0.059 0.43538
0.843 0.108 0.390823
0.843 0.157 0.519986
0.843 0.206 0.475104
0.843 0.255 0.3034
0.843 0.304 0.199684
0.843 0.353 0.127614
0.843 0.402 0.062982
0.843 0.451 0.0575823
0.843 0.5 0.082839
0.843 0.549 0.0557984
0.843 0.598 0.0145714
0.843 0.647 0.00145757
0.843 0.696 5.58075e-05
0.843 0.745 1.00241e-06
0.843 0.794 1.69187e-05
0.843 0.843 0.000593145
0.843 0.892 0.00796138
0.843 0.941 0.0409008
0.843 0.99 0.0804253
0.892 0.01 1.34238
0.892 0.059 0.965578
0.892 0.108 0.866761
0.892 0.157 1.15322
0.892 0.206 1.05368
0.892 0.255 0.672875
0.892 0.304 0.442856
0.892 0.353 0.28302
0.892 0.402 0.13968
0.892 0.451 0.127705
0.892 0.5 0.183719
0.892 0.549 0.123749
0.892 0.598 0.0323162
0.892 0.647 0.00323258
0.892 0.696 0.000123769
0.892 0.745 2.22313e-06
0.892 0.794 3.7522e-05
0.892 0.843 0.00131547
0.892 0.892 0.0176566
0.892 0.941 0.0907091
0.892 0.99 0.178366
0.941 0.01 4.0322
0.941 0.059 2.90038
0.941 0.108 2.60356
0.941 0.157 3.464
0.941 0.206 3.16501
0.941 0.255 2.02117
0.941 0.304 1.33024
0.941 0.353 0.850128
0.941 0.402 0.419568
0.941 0.451 0.383597
0.941 0.5 0.551851
0.941 0.549 0.371713
0.941 0.598 0.0970706
0.941 0.647 0.00970996
0.941 0.696 0.000371774
0.941 0.745 6.67777e-06
0.941 0.794 0.000112708
0.941 0.843 0.00395137
0.941 0.892 0.0530365
0.941 0.941 0.27247
0.941 0.99 0.535771
0.99 0.01 6.40772
0.99 0.059 4.60911
0.99 0.108 4.13741
0.99 0.157 5.50479
0.99 0.206 5.02964
0.99 0.255 3.21192
0.99 0.304 2.11394
0.99 0.353 1.35097
0.99 0.402 0.666752
0.99 0.451 0.609589
0.99 0.5 0.876968
0.99 0.549 0.590704
0.99 0.598 0.154259
0.99 0.647 0.0154305
0.99 0.696 0.000590801
0.99 0.745 1.06119e-05
0.99 0.794 0.000179109
0.99 0.843 0.00627927
0.99 0.892 0.0842824
0.99 0.941 0.432993
0.99 0.99 0.851415
