0.01 0.01 5.24334
0.01 0.059 3.22
0.01 0.108 1.5596
0.01 0.157 0.835426
0.01 0.206 0.295357
0.01 0.255 0.221149
0.01 0.304 0.433682
0.01 0.353 0.580362
0.01 0.402 0.811801
0.01 0.451 0.772894
0.01 0.5 0.335558
0.01 0.549 0.229203
0.01 0.598 0.629526
0.01 0.647 1.11699
0.01 0.696 1.20269
0.01 0.745 1.24771
0.01 0.794 1.4831
0.01 0.843 1.63178
0.01 0.892 2.27707
0.01 0.941 4.85503
0.01 0.99 7.94007
0.059 0.01 3.32887
0.059 0.059 2.0443
0.059 0.108 0.990151
0.059 0.157 0.530392
0.059 0.206 0.187515
0.059 0.255 0.140403
0.059 0.304 0.275335
0.059 0.353 0.368458
0.059 0.402 0.515393
0.059 0.451 0.490693
0.059 0.5 0.213038
0.059 0.549 0.145516
0.059 0.598 0.399672
0.059 0.647 0.709153
0.059 0.696 0.763562
0.059 0.745 0.792141
0.059 0.794 0.941584
0.059 0.843 1.03598
0.059 0.892 1.44566
0.059 0.941 3.08234
0.059 0.99 5.04097
0.108 0.01 2.00972
0.108 0.059 1.2342
0.108 0.108 0.597779
0.108 0.157 0.320211
0.108 0.206 0.113208
0.108 0.255 0.0847645
0.108 0.304 0.166227
0.108 0.353 0.222448
0.108 0.402 0.311156
0.108 0.451 0.296243
0.108 0.5 0.128616
0.108 0.549 0.0878514
0.108 0.598 0.241292
0.108 0.647 0.428134
0.108 0.696 0.460982
0.108 0.745 0.478235
0.108 0.794 0.568458
0.108 0.843 0.625448
0.108 0.892 0.872781
0.108 0.941 1.86089
0.108 0.99 3.04336
0.157 0.01 1.98247
0.157 0.059 1.21746
0.157 0.108 0.589672
0.157 0.157 0.315869
0.157 0.206 0.111673
0.157 0.255 0.083615
0.157 0.304 0.163972
0.157 0.353 0.219431
0.157 0.402 0.306936
0.157 0.451 0.292226
0.157 0.5 0.126872
0.157 0.549 0.08666
0.157 0.598 0.238019
0.157 0.647 0.422328
0.157 0.696 0.45473
0.157 0.745 0.47175
0.157 0.794 0.560749
0.157 0.843 0.616966
0.157 0.892 0.860944
0.157 0.941 1.83565
0.157 0.99 3.00209
0.206 0.01 1.44094
0.206 0.059 0.8849
0.206 0.108 0.428599
0.206 0.157 0.229587
0.206 0.206 0.0811683
0.206 0.255 0.0607749
0.206 0.304 0.119182
0.206 0.353 0.159492
0.206 0.402 0.223094
0.206 0.451 0.212402
0.206 0.5 0.092216
0.206 0.549 0.0629882
0.206 0.598 0.173003
0.206 0.647 0.306966
0.206 0.696 0.330517
0.206 0.745 0.342888
0.206 0.794 0.407576
0.206 0.843 0.448437
0.206 0.892 0.625771
0.206 0.941 1.33423
0.206 0.99 2.18204
0.255 0.01 0.714341
0.255 0.059 0.438686
0.255 0.108 0.212476
0.255 0.157 0.113817
0.255 0.206 0.0402389
0.255 0.255 0.0301289
0.255 0.304 0.059084
0.255 0.353 0.0790673
0.255 0.402 0.110598
0.255 0.451 0.105298
0.255 0.5 0.0457157
0.255 0.549 0.0312261
0.255 0.598 0.0857654
0.255 0.647 0.152177
0.255 0.696 0.163852
0.255 0.745 0.169985
0.255 0.794 0.202054
0.255 0.843 0.222311
0.255 0.892 0.310223
0.255 0.941 0.661439
0.255 0.99 1.08174
0.304 0.01 1.10315
0.304 0.059 0.677459
0.304 0.108 0.328125
0.304 0.157 0.175766
0.304 0.206 0.0621406
0.304 0.255 0.0465279
0.304 0.304 0.091243
0.304 0.353 0.122103
0.304 0.402 0.170796
0.304 0.451 0.16261
0.304 0.5 0.0705984
0.304 0.549 0.0482223
0.304 0.598 0.132447
0.304 0.647 0.235006
0.304 0.696 0.253036
0.304 0.745 0.262507
0.304 0.794 0.312031
0.304 0.843 0.343313
0.304 0.892 0.479076
0.304 0.941 1.02146
0.304 0.99 1.67052
0.353 0.01 2.25519
0.353 0.059 1.38494
0.353 0.108 0.67079
0.353 0.157 0.359321
0.353 0.206 0.127035
0.353 0.255 0.0951174
0.353 0.304 0.186529
0.353 0.353 0.249617
0.353 0.402 0.34916
0.353 0.451 0.332426
0.353 0.5 0.144325
0.353 0.549 0.0985814
0.353 0.598 0.270763
0.353 0.647 0.480425
0.353 0.696 0.517285
0.353 0.745 0.536646
0.353 0.794 0.637888
0.353 0.843 0.701838
0.353 0.892 0.97938
0.353 0.941 2.08817
0.353 0.99 3.41507
0.402 0.01 4.4537
0.402 0.059 2.73507
0.402 0.108 1.32472
0.402 0.157 0.709613
0.402 0.206 0.250877
0.402 0.255 0.187845
0.402 0.304 0.368371
0.402 0.353 0.492961
0.402 0.402 0.689545
0.402 0.451 0.656498
0.402 0.5 0.285024
0.402 0.549 0.194686
0.402 0.598 0.534721
0.402 0.647 0.948777
0.402 0.696 1.02157
0.402 0.745 1.05981
0.402 0.794 1.25975
0.402 0.843 1.38604
0.402 0.892 1.93415
0.402 0.941 4.12387
0.402 0.99 6.74432
0.451 0.01 10.6003
0.451 0.059 6.50976
0.451 0.108 3.15299
0.451 0.157 1.68895
0.451 0.206 0.597115
0.451 0.255 0.447091
0.451 0.304 0.876762
0.451 0.353 1.1733
0.451 0.402 1.64119
0.451 0.451 1.56254
0.451 0.5 0.678387
0.451 0.549 0.463372
0.451 0.598 1.27269
0.451 0.647 2.25819
0.451 0.696 2.43145
0.451 0.745 2.52245
0.451 0.794 2.99833
0.451 0.843 3.29893
0.451 0.892 4.60348
0.451 0.941 9.81526
0.451 0.99 16.0522
0.5 0.01 15.6177
0.5 0.059 9.59101
0.5 0.108 4.64538
0.5 0.157 2.48838
0.5 0.206 0.879745
0.5 0.255 0.658711
0.5 0.304 1.29176
0.5 0.353 1.72865
0.5 0.402 2.41801
0.5 0.451 2.30213
0.5 0.5 0.999486
0.5 0.549 0.682699
0.5 0.598 1.87509
0.5 0.647 3.32706
0.5 0.696 3.58232
0.5 0.745 3.7164
0.5 0.794 4.41752
0.5 0.843 4.8604
0.5 0.892 6.78244
0.5 0.941 14.4611
0.5 0.99 23.6501
0.549 0.01 10.3266
0.549 0.059 6.34171
0.549 0.108 3.07159
0.549 0.157 1.64535
0.549 0.206 0.5817
0.549 0.255 0.435549
0.549 0.304 0.854128
0.549 0.353 1.14301
0.549 0.402 1.59882
0.549 0.451 1.5222
0.549 0.5 0.660874
0.549 0.549 0.45141
0.549 0.598 1.23984
0.549 0.647 2.1999
0.549 0.696 2.36868
0.549 0.745 2.45733
0.549 0.794 2.92093
0.549 0.843 3.21376
0.549 0.892 4.48464
0.549 0.941 9.56188
0.549 0.99 15.6378
0.598 0.01 3.86869
0.598 0.059 2.37581
0.598 0.108 1.15071
0.598 0.157 0.616401
0.598 0.206 0.217923
0.598 0.255 0.16317
0.598 0.304 0.319983
0.598 0.353 0.428208
0.598 0.402 0.59897
0.598 0.451 0.570264
0.598 0.5 0.247584
0.598 0.549 0.169113
0.598 0.598 0.464483
0.598 0.647 0.82415
0.598 0.696 0.887382
0.598 0.745 0.920595
0.598 0.794 1.09427
0.598 0.843 1.20398
0.598 0.892 1.68009
0.598 0.941 3.58218
0.598 0.99 5.85841
0.647 0.01 1.93194
0.647 0.059 1.18643
0.647 0.108 0.574642
0.647 0.157 0.307818
0.647 0.206 0.108826
0.647 0.255 0.0814837
0.647 0.304 0.159793
0.647 0.353 0.213838
0.647 0.402 0.299113
0.647 0.451 0.284777
0.647 0.5 0.123638
0.647 0.549 0.0844512
0.647 0.598 0.231953
0.647 0.647 0.411563
0.647 0.696 0.443139
0.647 0.745 0.459725
0.647 0.794 0.546456
0.647 0.843 0.60124
0.647 0.892 0.839
0.647 0.941 1.78886
0.647 0.99 2.92557
0.696 0.01 0.852004
0.696 0.059 0.523226
0.696 0.108 0.253423
0.696 0.157 0.135751
0.696 0.206 0.0479934
0.696 0.255 0.0359352
0.696 0.304 0.0704702
0.696 0.353 0.0943046
0.696 0.402 0.131912
0.696 0.451 0.12559
0.696 0.5 0.0545257
0.696 0.549 0.0372438
0.696 0.598 0.102293
0.696 0.647 0.181503
0.696 0.696 0.195429
0.696 0.745 0.202744
0.696 0.794 0.240993
0.696 0.843 0.265153
0.696 0.892 0.370007
0.696 0.941 0.788907
0.696 0.99 1.2902
0.745 0.01 0.164103
0.745 0.059 0.100778
0.745 0.108 0.0488114
0.745 0.157 0.0261467
0.745 0.206 0.00924393
0.745 0.255 0.00692141
0.745 0.304 0.0135731
0.745 0.353 0.0181638
0.745 0.402 0.0254073
0.745 0.451 0.0241896
0.745 0.5 0.0105021
0.745 0.549 0.00717347
0.745 0.598 0.0197026
0.745 0.647 0.0349591
0.745 0.696 0.0376412
0.745 0.745 0.0390501
0.745 0.794 0.0464172
0.745 0.843 0.0510706
0.745 0.892 0.0712665
0.745 0.941 0.15195
0.745 0.99 0.248504
0.794 0.01 0.0125963
0.794 0.059 0.00773554
0.794 0.108 0.00374668
0.794 0.157 0.00200698
0.794 0.206 0.00070955
0.794 0.255 0.000531277
0.794 0.304 0.00104185
0.794 0.353 0.00139423
0.794 0.402 0.00195022
0.794 0.451 0.00185676
0.794 0.5 0.000806125
0.794 0.549 0.000550624
0.794 0.598 0.00151234
0.794 0.647 0.0026834
0.794 0.696 0.00288928
0.794 0.745 0.00299742
0.794 0.794 0.00356291
0.794 0.843 0.0039201
0.794 0.892 0.00547031
0.794 0.941 0.0116634
0.794 0.99 0.0190748
0.843 0.01 0.0124649
0.843 0.059 0.00765483
0.843 0.108 0.0037076
0.843 0.157 0.00198604
0.843 0.206 0.000702147
0.843 0.255 0.000525734
0.843 0.304 0.00103098
0.843 0.353 0.00137968
0.843 0.402 0.00192988
0.843 0.451 0.00183739
0.843 0.5 0.000797715
0.843 0.549 0.00054488
0.843 0.598 0.00149656
0.843 0.647 0.00265541
0.843 0.696 0.00285914
0.843 0.745 0.00296615
0.843 0.794 0.00352574
0.843 0.843 0.00387921
0.843 0.892 0.00541324
0.843 0.941 0.0115418
0.843 0.99 0.0188758
0.892 0.01 0.162607
0.892 0.059 0.099859
0.892 0.108 0.0483664
0.892 0.157 0.0259084
0.892 0.206 0.00915967
0.892 0.255 0.00685832
0.892 0.304 0.0134494
0.892 0.353 0.0179983
0.892 0.402 0.0251757
0.892 0.451 0.0239691
0.892 0.5 0.0104064
0.892 0.549 0.00710808
0.892 0.598 0.019523
0.892 0.647 0.0346404
0.892 0.696 0.0372981
0.892 0.745 0.0386941
0.892 0.794 0.045994
0.892 0.843 0.0506051
0.892 0.892 0.0706169
0.892 0.941 0.150565
0.892 0.99 0.246239
0.941 0.01 0.83536
0.941 0.059 0.513004
0.941 0.108 0.248472
0.941 0.157 0.133099
0.941 0.206 0.0470558
0.941 0.255 0.0352331
0.941 0.304 0.0690935
0.941 0.353 0.0924623
0.941 0.402 0.129335
0.941 0.451 0.123136
0.941 0.5 0.0534605
0.941 0.549 0.0365162
0.941 0.598 0.100295
0.941 0.647 0.177958
0.941 0.696 0.191611
0.941 0.745 0.198783
0.941 0.794 0.236285
0.941 0.843 0.259973
0.941 0.892 0.362779
0.941 0.941 0.773495
0.941 0.99 1.265
0.99 0.01 1.64261
0.99 0.059 1.00875
0.99 0.108 0.488583
0.99 0.157 0.261719
0.99 0.206 0.0925282
0.99 0.255 0.0692807
0.99 0.304 0.135862
0.99 0.353 0.181813
0.99 0.402 0.254317
0.99 0.451 0.242129
0.99 0.5 0.105122
0.99 0.549 0.0718037
0.99 0.598 0.197215
0.99 0.647 0.349927
0.99 0.696 0.376775
0.99 0.745 0.390876
0.99 0.794 0.464618
0.99 0.843 0.511198
0.99 0.892 0.713351
0.99 0.941 1.52096
0.99 0.99 2.48743
