0.01 0.01 1.34257
0.01 0.059 1.10559
0.01 0.108 0.526643
0.01 0.157 0.21565
0.01 0.206 0.337771
0.01 0.255 0.521203
0.01 0.304 0.714782
0.01 0.353 0.679083
0.01 0.402 0.397635
0.01 0.451 0.474637
0.01 0.5 0.816604
0.01 0.549 1.04354
0.01 0.598 1.19842
0.01 0.647 1.41857
0.01 0.696 1.44292
0.01 0.745 1.2633
0.01 0.794 1.24195
0.01 0.843 1.69217
0.01 0.892 2.48717
0.01 0.941 4.46239
0.01 0.99 6.63974
0.059 0.01 0.987414
0.059 0.059 0.81312
0.059 0.108 0.387327
0.059 0.157 0.158603
0.059 0.206 0.248419
0.059 0.255 0.383326
0.059 0.304 0.525697
0.059 0.353 0.499441
0.059 0.402 0.292446
0.059 0.451 0.349078
0.059 0.5 0.600583
0.059 0.549 0.767484
0.059 0.598 0.881393
0.059 0.647 1.04331
0.059 0.696 1.06122
0.059 0.745 0.92911
0.059 0.794 0.913413
0.059 0.843 1.24453
0.059 0.892 1.82922
0.059 0.941 3.28192
0.059 0.99 4.88329
0.108 0.01 0.990698
0.108 0.059 0.815824
0.108 0.108 0.388615
0.108 0.157 0.15913
0.108 0.206 0.249245
0.108 0.255 0.384601
0.108 0.304 0.527445
0.108 0.353 0.501102
0.108 0.402 0.293419
0.108 0.451 0.350239
0.108 0.5 0.602581
0.108 0.549 0.770036
0.108 0.598 0.884325
0.108 0.647 1.04678
0.108 0.696 1.06475
0.108 0.745 0.932201
0.108 0.794 0.916451
0.108 0.843 1.24867
0.108 0.892 1.83531
0.108 0.941 3.29284
0.108 0.99 4.89953
0.157 0.01 1.62249
0.157 0.059 1.33609
0.157 0.108 0.636443
0.157 0.157 0.260611
0.157 0.206 0.408193
0.157 0.255 0.629869
0.157 0.304 0.863808
0.157 0.353 0.820665
0.157 0.402 0.480538
0.157 0.451 0.573594
0.157 0.5 0.986859
0.157 0.549 1.2611
0.157 0.598 1.44828
0.157 0.647 1.71433
0.157 0.696 1.74376
0.157 0.745 1.52668
0.157 0.794 1.50089
0.157 0.843 2.04497
0.157 0.892 3.00572
0.157 0.941 5.39275
0.157 0.99 8.02407
0.206 0.01 1.82056
0.206 0.059 1.49921
0.206 0.108 0.714142
0.206 0.157 0.292427
0.206 0.206 0.458026
0.206 0.255 0.706764
0.206 0.304 0.969263
0.206 0.353 0.920853
0.206 0.402 0.539203
0.206 0.451 0.64362
0.206 0.5 1.10734
0.206 0.549 1.41506
0.206 0.598 1.62509
0.206 0.647 1.92362
0.206 0.696 1.95664
0.206 0.745 1.71306
0.206 0.794 1.68412
0.206 0.843 2.29462
0.206 0.892 3.37267
0.206 0.941 6.05111
0.206 0.99 9.00366
0.255 0.01 1.2143
0.255 0.059 0.999959
0.255 0.108 0.476327
0.255 0.157 0.195047
0.255 0.206 0.3055
0.255 0.255 0.471407
0.255 0.304 0.646492
0.255 0.353 0.614203
0.255 0.402 0.359645
0.255 0.451 0.42929
0.255 0.5 0.738586
0.255 0.549 0.943837
0.255 0.598 1.08392
0.255 0.647 1.28304
0.255 0.696 1.30507
0.255 0.745 1.1426
0.255 0.794 1.1233
0.255 0.843 1.5305
0.255 0.892 2.24954
0.255 0.941 4.03605
0.255 0.99 6.00538
0.304 0.01 0.745574
0.304 0.059 0.613968
0.304 0.108 0.292462
0.304 0.157 0.119757
0.304 0.206 0.187575
0.304 0.255 0.289441
0.304 0.304 0.396942
0.304 0.353 0.377116
0.304 0.402 0.22082
0.304 0.451 0.263581
0.304 0.5 0.453487
0.304 0.549 0.57951
0.304 0.598 0.66552
0.304 0.647 0.78778
0.304 0.696 0.801302
0.304 0.745 0.70155
0.304 0.794 0.689697
0.304 0.843 0.939715
0.304 0.892 1.38121
0.304 0.941 2.47811
0.304 0.99 3.68726
0.353 0.01 0.775192
0.353 0.059 0.638359
0.353 0.108 0.30408
0.353 0.157 0.124515
0.353 0.206 0.195027
0.353 0.255 0.300939
0.353 0.304 0.41271
0.353 0.353 0.392098
0.353 0.402 0.229592
0.353 0.451 0.274052
0.353 0.5 0.471502
0.353 0.549 0.602531
0.353 0.598 0.691958
0.353 0.647 0.819075
0.353 0.696 0.833134
0.353 0.745 0.72942
0.353 0.794 0.717096
0.353 0.843 0.977045
0.353 0.892 1.43607
0.353 0.941 2.57655
0.353 0.99 3.83374
0.402 0.01 0.790928
0.402 0.059 0.651317
0.402 0.108 0.310253
0.402 0.157 0.127042
0.402 0.206 0.198986
0.402 0.255 0.307048
0.402 0.304 0.421088
0.402 0.353 0.400057
0.402 0.402 0.234252
0.402 0.451 0.279615
0.402 0.5 0.481073
0.402 0.549 0.614762
0.402 0.598 0.706004
0.402 0.647 0.835702
0.402 0.696 0.850046
0.402 0.745 0.744226
0.402 0.794 0.731652
0.402 0.843 0.996879
0.402 0.892 1.46523
0.402 0.941 2.62885
0.402 0.99 3.91156
0.451 0.01 0.881505
0.451 0.059 0.725906
0.451 0.108 0.345783
0.451 0.157 0.141591
0.451 0.206 0.221774
0.451 0.255 0.342211
0.451 0.304 0.469311
0.451 0.353 0.445872
0.451 0.402 0.261079
0.451 0.451 0.311637
0.451 0.5 0.536166
0.451 0.549 0.685165
0.451 0.598 0.786856
0.451 0.647 0.931407
0.451 0.696 0.947394
0.451 0.745 0.829455
0.451 0.794 0.815441
0.451 0.843 1.11104
0.451 0.892 1.63302
0.451 0.941 2.92991
0.451 0.99 4.35952
0.5 0.01 0.998529
0.5 0.059 0.822273
0.5 0.108 0.391687
0.5 0.157 0.160388
0.5 0.206 0.251215
0.5 0.255 0.387641
0.5 0.304 0.531614
0.5 0.353 0.505063
0.5 0.402 0.295738
0.5 0.451 0.353008
0.5 0.5 0.607344
0.5 0.549 0.776123
0.5 0.598 0.891314
0.5 0.647 1.05505
0.5 0.696 1.07316
0.5 0.745 0.939569
0.5 0.794 0.923694
0.5 0.843 1.25854
0.5 0.892 1.84981
0.5 0.941 3.31887
0.5 0.99 4.93826
0.549 0.01 0.980006
0.549 0.059 0.80702
0.549 0.108 0.384421
0.549 0.157 0.157413
0.549 0.206 0.246555
0.549 0.255 0.38045
0.549 0.304 0.521753
0.549 0.353 0.495694
0.549 0.402 0.290252
0.549 0.451 0.34646
0.549 0.5 0.596078
0.549 0.549 0.761726
0.549 0.598 0.874781
0.549 0.647 1.03548
0.549 0.696 1.05326
0.549 0.745 0.92214
0.549 0.794 0.90656
0.549 0.843 1.23519
0.549 0.892 1.8155
0.549 0.941 3.2573
0.549 0.99 4.84666
0.598 0.01 0.944731
0.598 0.059 0.777971
0.598 0.108 0.370584
0.598 0.157 0.151747
0.598 0.206 0.23768
0.598 0.255 0.366756
0.598 0.304 0.502972
0.598 0.353 0.477852
0.598 0.402 0.279805
0.598 0.451 0.333989
0.598 0.5 0.574622
0.598 0.549 0.734308
0.598 0.598 0.843293
0.598 0.647 0.998211
0.598 0.696 1.01535
0.598 0.745 0.888948
0.598 0.794 0.873929
0.598 0.843 1.19073
0.598 0.892 1.75015
0.598 0.941 3.14006
0.598 0.99 4.6722
0.647 0.01 0.917276
0.647 0.059 0.755363
0.647 0.108 0.359815
0.647 0.157 0.147337
0.647 0.206 0.230773
0.647 0.255 0.356098
0.647 0.304 0.488356
0.647 0.353 0.463965
0.647 0.402 0.271673
0.647 0.451 0.324283
0.647 0.5 0.557923
0.647 0.549 0.712968
0.647 0.598 0.818786
0.647 0.647 0.969202
0.647 0.696 0.985838
0.647 0.745 0.863114
0.647 0.794 0.848531
0.647 0.843 1.15613
0.647 0.892 1.69929
0.647 0.941 3.0488
0.647 0.99 4.53642
0.696 0.01 0.792681
0.696 0.059 0.65276
0.696 0.108 0.31094
0.696 0.157 0.127324
0.696 0.206 0.199427
0.696 0.255 0.307728
0.696 0.304 0.422021
0.696 0.353 0.400943
0.696 0.402 0.234771
0.696 0.451 0.280235
0.696 0.5 0.482139
0.696 0.549 0.616124
0.696 0.598 0.707569
0.696 0.647 0.837553
0.696 0.696 0.85193
0.696 0.745 0.745875
0.696 0.794 0.733274
0.696 0.843 0.999088
0.696 0.892 1.46847
0.696 0.941 2.63468
0.696 0.99 3.92023
0.745 0.01 0.619457
0.745 0.059 0.510113
0.745 0.108 0.242991
0.745 0.157 0.0995
0.745 0.206 0.155846
0.745 0.255 0.240481
0.745 0.304 0.329797
0.745 0.353 0.313326
0.745 0.402 0.183467
0.745 0.451 0.218995
0.745 0.5 0.376778
0.745 0.549 0.481483
0.745 0.598 0.552945
0.745 0.647 0.654524
0.745 0.696 0.665759
0.745 0.745 0.58288
0.745 0.794 0.573032
0.745 0.843 0.780758
0.745 0.892 1.14757
0.745 0.941 2.05893
0.745 0.99 3.06355
0.794 0.01 0.728032
0.794 0.059 0.599523
0.794 0.108 0.285581
0.794 0.157 0.11694
0.794 0.206 0.183162
0.794 0.255 0.28263
0.794 0.304 0.387602
0.794 0.353 0.368243
0.794 0.402 0.215624
0.794 0.451 0.257379
0.794 0.5 0.442817
0.794 0.549 0.565875
0.794 0.598 0.649861
0.794 0.647 0.769245
0.794 0.696 0.782448
0.794 0.745 0.685044
0.794 0.794 0.67347
0.794 0.843 0.917605
0.794 0.892 1.34871
0.794 0.941 2.4198
0.794 0.99 3.60051
0.843 0.01 0.712511
0.843 0.059 0.586741
0.843 0.108 0.279492
0.843 0.157 0.114447
0.843 0.206 0.179257
0.843 0.255 0.276605
0.843 0.304 0.379339
0.843 0.353 0.360393
0.843 0.402 0.211027
0.843 0.451 0.251892
0.843 0.5 0.433376
0.843 0.549 0.553811
0.843 0.598 0.636007
0.843 0.647 0.752845
0.843 0.696 0.765767
0.843 0.745 0.670439
0.843 0.794 0.659112
0.843 0.843 0.898042
0.843 0.892 1.31995
0.843 0.941 2.36821
0.843 0.99 3.52375
0.892 0.01 0.677208
0.892 0.059 0.55767
0.892 0.108 0.265644
0.892 0.157 0.108776
0.892 0.206 0.170375
0.892 0.255 0.2629
0.892 0.304 0.360544
0.892 0.353 0.342536
0.892 0.402 0.200571
0.892 0.451 0.239412
0.892 0.5 0.411904
0.892 0.549 0.526371
0.892 0.598 0.604494
0.892 0.647 0.715544
0.892 0.696 0.727826
0.892 0.745 0.637221
0.892 0.794 0.626455
0.892 0.843 0.853547
0.892 0.892 1.25455
0.892 0.941 2.25087
0.892 0.99 3.34915
0.941 0.01 1.09802
0.941 0.059 0.904205
0.941 0.108 0.430715
0.941 0.157 0.176369
0.941 0.206 0.276246
0.941 0.255 0.426265
0.941 0.304 0.584584
0.941 0.353 0.555387
0.941 0.402 0.325206
0.941 0.451 0.388182
0.941 0.5 0.66786
0.941 0.549 0.853456
0.941 0.598 0.980126
0.941 0.647 1.16018
0.941 0.696 1.18009
0.941 0.745 1.03319
0.941 0.794 1.01573
0.941 0.843 1.38394
0.941 0.892 2.03413
0.941 0.941 3.64956
0.941 0.99 5.43031
0.99 0.01 1.48042
0.99 0.059 1.21911
0.99 0.108 0.580717
0.99 0.157 0.237792
0.99 0.206 0.372452
0.99 0.255 0.574718
0.99 0.304 0.788174
0.99 0.353 0.748808
0.99 0.402 0.438463
0.99 0.451 0.523371
0.99 0.5 0.900451
0.99 0.549 1.15068
0.99 0.598 1.32147
0.99 0.647 1.56423
0.99 0.696 1.59108
0.99 0.745 1.39301
0.99 0.794 1.36947
0.99 0.843 1.86591
0.99 0.892 2.74254
0.99 0.941 4.92057
0.99 0.99 7.32149
