0.01 0.01 2.02807e-21
0.01 0.059 4.7577e-21
0.01 0.108 8.49253e-21
0.01 0.157 1.23108e-20
0.01 0.206 1.49543e-20
0.01 0.255 1.77152e-20
0.01 0.304 2.19436e-20
0.01 0.353 3.07699e-20
0.01 0.402 4.80272e-20
0.01 0.451 5.42987e-20
0.01 0.5 4.01967e-20
0.01 0.549 2.8657e-20
0.01 0.598 3.08355e-20
0.01 0.647 3.27688e-20
0.01 0.696 2.1904e-20
0.01 0.745 1.33082e-20
0.01 0.794 1.25169e-20
0.01 0.843 8.98192e-21
0.01 0.892 3.83235e-21
0.01 0.941 5.63504e-21
0.01 0.99 1.04186e-20
0.059 0.01 1.20639e-17
0.059 0.059 2.8301e-17
0.059 0.108 5.05175e-17
0.059 0.157 7.32306e-17
0.059 0.206 8.8955e-17
0.059 0.255 1.05378e-16
0.059 0.304 1.30531e-16
0.059 0.353 1.83034e-16
0.059 0.402 2.85688e-16
0.059 0.451 3.22993e-16
0.059 0.5 2.39108e-16
0.059 0.549 1.70465e-16
0.059 0.598 1.83423e-16
0.059 0.647 1.94924e-16
0.059 0.696 1.30295e-16
0.059 0.745 7.91631e-17
0.059 0.794 7.44561e-17
0.059 0.843 5.34286e-17
0.059 0.892 2.27966e-17
0.059 0.941 3.35198e-17
0.059 0.99 6.19748e-17
0.108 0.01 2.80642e-14
0.108 0.059 6.58365e-14
0.108 0.108 1.17519e-13
0.108 0.157 1.70356e-13
0.108 0.206 2.06936e-13
0.108 0.255 2.45141e-13
0.108 0.304 3.03654e-13
0.108 0.353 4.25791e-13
0.108 0.402 6.64595e-13
0.108 0.451 7.51379e-13
0.108 0.5 5.56237e-13
0.108 0.549 3.96552e-13
0.108 0.598 4.26698e-13
0.108 0.647 4.53451e-13
0.108 0.696 3.03106e-13
0.108 0.745 1.84157e-13
0.108 0.794 1.73207e-13
0.108 0.843 1.24291e-13
0.108 0.892 5.30316e-14
0.108 0.941 7.79771e-14
0.108 0.99 1.44172e-13
0.157 0.01 2.49958e-11
0.157 0.059 5.86384e-11
0.157 0.108 1.0467e-10
0.157 0.157 1.51731e-10
0.157 0.206 1.84311e-10
0.157 0.255 2.18339e-10
0.157 0.304 2.70454e-10
0.157 0.353 3.79238e-10
0.157 0.402 5.91932e-10
0.157 0.451 6.69228e-10
0.157 0.5 4.95422e-10
0.157 0.549 3.53196e-10
0.157 0.598 3.80045e-10
0.157 0.647 4.03874e-10
0.157 0.696 2.69966e-10
0.157 0.745 1.64022e-10
0.157 0.794 1.5427e-10
0.157 0.843 1.10702e-10
0.157 0.892 4.72335e-11
0.157 0.941 6.94516e-11
0.157 0.99 1.28409e-10
0.206 0.01 8.52956e-09
0.206 0.059 2.00097e-08
0.206 0.108 3.57175e-08
0.206 0.157 5.17765e-08
0.206 0.206 6.28941e-08
0.206 0.255 7.45058e-08
0.206 0.304 9.22896e-08
0.206 0.353 1.29411e-07
0.206 0.402 2.01991e-07
0.206 0.451 2.28367e-07
0.206 0.5 1.69058e-07
0.206 0.549 1.20524e-07
0.206 0.598 1.29686e-07
0.206 0.647 1.37818e-07
0.206 0.696 9.21231e-08
0.206 0.745 5.59709e-08
0.206 0.794 5.2643e-08
0.206 0.843 3.77758e-08
0.206 0.892 1.61179e-08
0.206 0.941 2.36996e-08
0.206 0.99 4.38183e-08
0.255 0.01 1.11741e-06
0.255 0.059 2.62136e-06
0.255 0.108 4.67914e-06
0.255 0.157 6.78292e-06
0.255 0.206 8.23938e-06
0.255 0.255 9.76056e-06
0.255 0.304 1.20903e-05
0.255 0.353 1.69533e-05
0.255 0.402 2.64616e-05
0.255 0.451 2.9917e-05
0.255 0.5 2.21472e-05
0.255 0.549 1.57892e-05
0.255 0.598 1.69895e-05
0.255 0.647 1.80547e-05
0.255 0.696 1.20685e-05
0.255 0.745 7.33242e-06
0.255 0.794 6.89644e-06
0.255 0.843 4.94878e-06
0.255 0.892 2.11151e-06
0.255 0.941 3.10475e-06
0.255 0.99 5.74037e-06
0.304 0.01 5.65372e-05
0.304 0.059 0.000132632
0.304 0.108 0.000236749
0.304 0.157 0.000343194
0.304 0.206 0.000416886
0.304 0.255 0.000493853
0.304 0.304 0.000611731
0.304 0.353 0.000857784
0.304 0.402 0.00133887
0.304 0.451 0.0015137
0.304 0.5 0.00112058
0.304 0.549 0.000798881
0.304 0.598 0.000859611
0.304 0.647 0.000913508
0.304 0.696 0.000610627
0.304 0.745 0.000370997
0.304 0.794 0.000348938
0.304 0.843 0.000250392
0.304 0.892 0.000106836
0.304 0.941 0.00015709
0.304 0.99 0.000290444
0.353 0.01 0.00112409
0.353 0.059 0.00263705
0.353 0.108 0.00470715
0.353 0.157 0.00682352
0.353 0.206 0.0082887
0.353 0.255 0.00981897
0.353 0.304 0.0121627
0.353 0.353 0.0170548
0.353 0.402 0.02662
0.353 0.451 0.0300961
0.353 0.5 0.0222798
0.353 0.549 0.0158837
0.353 0.598 0.0170911
0.353 0.647 0.0181627
0.353 0.696 0.0121407
0.353 0.745 0.0073763
0.353 0.794 0.00693771
0.353 0.843 0.0049784
0.353 0.892 0.00212415
0.353 0.941 0.00312333
0.353 0.99 0.00577473
0.402 0.01 0.00919129
0.402 0.059 0.0215621
0.402 0.108 0.0384885
0.402 0.157 0.0557933
0.402 0.206 0.0677735
0.402 0.255 0.080286
0.402 0.304 0.0994495
0.402 0.353 0.139451
0.402 0.402 0.217661
0.402 0.451 0.246084
0.402 0.5 0.182173
0.402 0.549 0.129875
0.402 0.598 0.139748
0.402 0.647 0.14851
0.402 0.696 0.0992701
0.402 0.745 0.0603132
0.402 0.794 0.056727
0.402 0.843 0.0407065
0.402 0.892 0.0173684
0.402 0.941 0.0255383
0.402 0.99 0.0472177
0.451 0.01 0.034025
0.451 0.059 0.0798202
0.451 0.108 0.14248
0.451 0.157 0.20654
0.451 0.206 0.250889
0.451 0.255 0.297208
0.451 0.304 0.368149
0.451 0.353 0.516228
0.451 0.402 0.805754
0.451 0.451 0.910971
0.451 0.5 0.674381
0.451 0.549 0.480779
0.451 0.598 0.517328
0.451 0.647 0.549763
0.451 0.696 0.367485
0.451 0.745 0.223272
0.451 0.794 0.209996
0.451 0.843 0.15069
0.451 0.892 0.0642955
0.451 0.941 0.0945394
0.451 0.99 0.174794
0.5 0.01 0.0653179
0.5 0.059 0.153231
0.5 0.108 0.273519
0.5 0.157 0.396495
0.5 0.206 0.481632
0.5 0.255 0.570552
0.5 0.304 0.706738
0.5 0.353 0.991005
0.5 0.402 1.54681
0.5 0.451 1.74879
0.5 0.5 1.29461
0.5 0.549 0.922954
0.5 0.598 0.993116
0.5 0.647 1.05538
0.5 0.696 0.705462
0.5 0.745 0.428615
0.5 0.794 0.40313
0.5 0.843 0.28928
0.5 0.892 0.123428
0.5 0.941 0.181488
0.5 0.99 0.335553
0.549 0.01 0.0786282
0.549 0.059 0.184456
0.549 0.108 0.329256
0.549 0.157 0.477292
0.549 0.206 0.579778
0.549 0.255 0.686818
0.549 0.304 0.850755
0.549 0.353 1.19295
0.549 0.402 1.86201
0.549 0.451 2.10516
0.549 0.5 1.55843
0.549 0.549 1.11103
0.549 0.598 1.19549
0.549 0.647 1.27045
0.549 0.696 0.84922
0.549 0.745 0.515958
0.549 0.794 0.485279
0.549 0.843 0.348229
0.549 0.892 0.14858
0.549 0.941 0.218471
0.549 0.99 0.403931
0.598 0.01 0.0882916
0.598 0.059 0.207126
0.598 0.108 0.369721
0.598 0.157 0.535951
0.598 0.206 0.651033
0.598 0.255 0.771228
0.598 0.304 0.955313
0.598 0.353 1.33956
0.598 0.402 2.09086
0.598 0.451 2.36388
0.598 0.5 1.74996
0.598 0.549 1.24758
0.598 0.598 1.34242
0.598 0.647 1.42659
0.598 0.696 0.953589
0.598 0.745 0.579369
0.598 0.794 0.544921
0.598 0.843 0.391027
0.598 0.892 0.166841
0.598 0.941 0.245321
0.598 0.99 0.453574
0.647 0.01 0.0981368
0.647 0.059 0.230222
0.647 0.108 0.410948
0.647 0.157 0.595714
0.647 0.206 0.723628
0.647 0.255 0.857226
0.647 0.304 1.06184
0.647 0.353 1.48894
0.647 0.402 2.324
0.647 0.451 2.62748
0.647 0.5 1.94509
0.647 0.549 1.38669
0.647 0.598 1.49211
0.647 0.647 1.58566
0.647 0.696 1.05992
0.647 0.745 0.643973
0.647 0.794 0.605683
0.647 0.843 0.434629
0.647 0.892 0.185445
0.647 0.941 0.272676
0.647 0.99 0.504151
0.696 0.01 0.107569
0.696 0.059 0.252349
0.696 0.108 0.450446
0.696 0.157 0.65297
0.696 0.206 0.793178
0.696 0.255 0.939617
0.696 0.304 1.16389
0.696 0.353 1.63204
0.696 0.402 2.54737
0.696 0.451 2.88001
0.696 0.5 2.13204
0.696 0.549 1.51997
0.696 0.598 1.63552
0.696 0.647 1.73806
0.696 0.696 1.16179
0.696 0.745 0.705868
0.696 0.794 0.663898
0.696 0.843 0.476403
0.696 0.892 0.203268
0.696 0.941 0.298884
0.696 0.99 0.552607
0.745 0.01 0.136054
0.745 0.059 0.319174
0.745 0.108 0.569728
0.745 0.157 0.825882
0.745 0.206 1.00322
0.745 0.255 1.18844
0.745 0.304 1.4721
0.745 0.353 2.06422
0.745 0.402 3.22194
0.745 0.451 3.64266
0.745 0.5 2.69662
0.745 0.549 1.92247
0.745 0.598 2.06862
0.745 0.647 2.19832
0.745 0.696 1.46945
0.745 0.745 0.892788
0.745 0.794 0.839704
0.745 0.843 0.602558
0.745 0.892 0.257096
0.745 0.941 0.378031
0.745 0.99 0.698942
0.794 0.01 0.151075
0.794 0.059 0.354412
0.794 0.108 0.632629
0.794 0.157 0.917064
0.794 0.206 1.11398
0.794 0.255 1.31965
0.794 0.304 1.63463
0.794 0.353 2.29212
0.794 0.402 3.57766
0.794 0.451 4.04483
0.794 0.5 2.99435
0.794 0.549 2.13473
0.794 0.598 2.29701
0.794 0.647 2.44102
0.794 0.696 1.63168
0.794 0.745 0.991357
0.794 0.794 0.932412
0.794 0.843 0.669084
0.794 0.892 0.285481
0.794 0.941 0.419768
0.794 0.99 0.776109
0.843 0.01 0.145952
0.843 0.059 0.342393
0.843 0.108 0.611174
0.843 0.157 0.885963
0.843 0.206 1.0762
0.843 0.255 1.27489
0.843 0.304 1.5792
0.843 0.353 2.21439
0.843 0.402 3.45633
0.843 0.451 3.90766
0.843 0.5 2.8928
0.843 0.549 2.06233
0.843 0.598 2.21911
0.843 0.647 2.35824
0.843 0.696 1.57635
0.843 0.745 0.957736
0.843 0.794 0.90079
0.843 0.843 0.646393
0.843 0.892 0.275799
0.843 0.941 0.405532
0.843 0.99 0.749788
0.892 0.01 0.185826
0.892 0.059 0.435934
0.892 0.108 0.778146
0.892 0.157 1.12801
0.892 0.206 1.37022
0.892 0.255 1.62319
0.892 0.304 2.01063
0.892 0.353 2.81936
0.892 0.402 4.40059
0.892 0.451 4.97523
0.892 0.5 3.6831
0.892 0.549 2.62576
0.892 0.598 2.82536
0.892 0.647 3.00251
0.892 0.696 2.007
0.892 0.745 1.21939
0.892 0.794 1.14688
0.892 0.843 0.822987
0.892 0.892 0.351147
0.892 0.941 0.516323
0.892 0.99 0.954629
0.941 0.01 0.42081
0.941 0.059 0.987192
0.941 0.108 1.76214
0.941 0.157 2.55442
0.941 0.206 3.10292
0.941 0.255 3.67578
0.941 0.304 4.55316
0.941 0.353 6.38455
0.941 0.402 9.96532
0.941 0.451 11.2666
0.941 0.5 8.34054
0.941 0.549 5.94613
0.941 0.598 6.39815
0.941 0.647 6.79931
0.941 0.696 4.54494
0.941 0.745 2.76136
0.941 0.794 2.59717
0.941 0.843 1.86369
0.941 0.892 0.795187
0.941 0.941 1.16923
0.941 0.99 2.1618
0.99 0.01 0.702303
0.99 0.059 1.64755
0.99 0.108 2.9409
0.99 0.157 4.26315
0.99 0.206 5.17855
0.99 0.255 6.13462
0.99 0.304 7.5989
0.99 0.353 10.6554
0.99 0.402 16.6314
0.99 0.451 18.8032
0.99 0.5 13.9198
0.99 0.549 9.92368
0.99 0.598 10.6781
0.99 0.647 11.3476
0.99 0.696 7.58519
0.99 0.745 4.60851
0.99 0.794 4.33449
0.99 0.843 3.11037
0.99 0.892 1.32711
0.99 0.941 1.95137
0.99 0.99 3.60789
