0.01 0.01 0.0215387
0.01 0.059 0.225423
0.01 0.108 1.25473
0.01 0.157 3.18581
0.01 0.206 4.53597
0.01 0.255 4.83038
0.01 0.304 4.47351
0.01 0.353 3.92581
0.01 0.402 3.82095
0.01 0.451 3.91901
0.01 0.5 4.31351
0.01 0.549 5.04865
0.01 0.598 5.97245
0.01 0.647 6.71267
0.01 0.696 6.27733
0.01 0.745 4.71416
0.01 0.794 3.29063
0.01 0.843 2.78265
0.01 0.892 2.14177
0.01 0.941 1.62844
0.01 0.99 1.97592
0.059 0.01 0.0144162
0.059 0.059 0.15088
0.059 0.108 0.839812
0.059 0.157 2.13232
0.059 0.206 3.03601
0.059 0.255 3.23306
0.059 0.304 2.9942
0.059 0.353 2.62762
0.059 0.402 2.55743
0.059 0.451 2.62307
0.059 0.5 2.88711
0.059 0.549 3.37916
0.059 0.598 3.99747
0.059 0.647 4.49292
0.059 0.696 4.20153
0.059 0.745 3.15528
0.059 0.794 2.20248
0.059 0.843 1.86248
0.059 0.892 1.43352
0.059 0.941 1.08994
0.059 0.99 1.32252
0.108 0.01 0.00735922
0.108 0.059 0.0770214
0.108 0.108 0.428708
0.108 0.157 1.08851
0.108 0.206 1.54983
0.108 0.255 1.65042
0.108 0.304 1.52848
0.108 0.353 1.34135
0.108 0.402 1.30552
0.108 0.451 1.33903
0.108 0.5 1.47382
0.108 0.549 1.725
0.108 0.598 2.04063
0.108 0.647 2.29355
0.108 0.696 2.1448
0.108 0.745 1.61071
0.108 0.794 1.12433
0.108 0.843 0.95076
0.108 0.892 0.731787
0.108 0.941 0.556396
0.108 0.99 0.675122
0.157 0.01 0.00536054
0.157 0.059 0.0561032
0.157 0.108 0.312276
0.157 0.157 0.792883
0.157 0.206 1.12891
0.157 0.255 1.20218
0.157 0.304 1.11336
0.157 0.353 0.977053
0.157 0.402 0.950955
0.157 0.451 0.975362
0.157 0.5 1.07354
0.157 0.549 1.25651
0.157 0.598 1.48642
0.157 0.647 1.67065
0.157 0.696 1.5623
0.157 0.745 1.17326
0.157 0.794 0.818971
0.157 0.843 0.692544
0.157 0.892 0.533042
0.157 0.941 0.405285
0.157 0.99 0.491766
0.206 0.01 0.00476886
0.206 0.059 0.0499107
0.206 0.108 0.277808
0.206 0.157 0.705367
0.206 0.206 1.00431
0.206 0.255 1.06949
0.206 0.304 0.990475
0.206 0.353 0.869209
0.206 0.402 0.845992
0.206 0.451 0.867705
0.206 0.5 0.95505
0.206 0.549 1.11782
0.206 0.598 1.32235
0.206 0.647 1.48625
0.206 0.696 1.38986
0.206 0.745 1.04376
0.206 0.794 0.728576
0.206 0.843 0.616104
0.206 0.892 0.474206
0.206 0.941 0.360551
0.206 0.99 0.437487
0.255 0.01 0.00488231
0.255 0.059 0.0510981
0.255 0.108 0.284417
0.255 0.157 0.722147
0.255 0.206 1.0282
0.255 0.255 1.09493
0.255 0.304 1.01404
0.255 0.353 0.889887
0.255 0.402 0.866118
0.255 0.451 0.888347
0.255 0.5 0.97777
0.255 0.549 1.14441
0.255 0.598 1.35381
0.255 0.647 1.5216
0.255 0.696 1.42292
0.255 0.745 1.06859
0.255 0.794 0.745908
0.255 0.843 0.63076
0.255 0.892 0.485487
0.255 0.941 0.369128
0.255 0.99 0.447894
0.304 0.01 0.00548834
0.304 0.059 0.0574408
0.304 0.108 0.319721
0.304 0.157 0.811786
0.304 0.206 1.15583
0.304 0.255 1.23084
0.304 0.304 1.13991
0.304 0.353 1.00035
0.304 0.402 0.973627
0.304 0.451 0.998616
0.304 0.5 1.09914
0.304 0.549 1.28646
0.304 0.598 1.52186
0.304 0.647 1.71048
0.304 0.696 1.59955
0.304 0.745 1.20123
0.304 0.794 0.838496
0.304 0.843 0.709055
0.304 0.892 0.54575
0.304 0.941 0.414947
0.304 0.99 0.503491
0.353 0.01 0.00568031
0.353 0.059 0.05945
0.353 0.108 0.330904
0.353 0.157 0.840182
0.353 0.206 1.19626
0.353 0.255 1.2739
0.353 0.304 1.17978
0.353 0.353 1.03534
0.353 0.402 1.00768
0.353 0.451 1.03355
0.353 0.5 1.13759
0.353 0.549 1.33146
0.353 0.598 1.57509
0.353 0.647 1.77031
0.353 0.696 1.6555
0.353 0.745 1.24325
0.353 0.794 0.867826
0.353 0.843 0.733857
0.353 0.892 0.56484
0.353 0.941 0.429462
0.353 0.99 0.521102
0.402 0.01 0.00583413
0.402 0.059 0.0610598
0.402 0.108 0.339864
0.402 0.157 0.862932
0.402 0.206 1.22865
0.402 0.255 1.30839
0.402 0.304 1.21173
0.402 0.353 1.06337
0.402 0.402 1.03497
0.402 0.451 1.06153
0.402 0.5 1.16839
0.402 0.549 1.36751
0.402 0.598 1.61774
0.402 0.647 1.81824
0.402 0.696 1.70032
0.402 0.745 1.27691
0.402 0.794 0.891325
0.402 0.843 0.753729
0.402 0.892 0.580135
0.402 0.941 0.441091
0.402 0.99 0.535213
0.451 0.01 0.00551899
0.451 0.059 0.0577615
0.451 0.108 0.321506
0.451 0.157 0.816319
0.451 0.206 1.16228
0.451 0.255 1.23772
0.451 0.304 1.14627
0.451 0.353 1.00593
0.451 0.402 0.979064
0.451 0.451 1.00419
0.451 0.5 1.10528
0.451 0.549 1.29365
0.451 0.598 1.53036
0.451 0.647 1.72003
0.451 0.696 1.60848
0.451 0.745 1.20794
0.451 0.794 0.843178
0.451 0.843 0.713015
0.451 0.892 0.548798
0.451 0.941 0.417264
0.451 0.99 0.506302
0.5 0.01 0.00528569
0.5 0.059 0.0553199
0.5 0.108 0.307916
0.5 0.157 0.781813
0.5 0.206 1.11315
0.5 0.255 1.1854
0.5 0.304 1.09782
0.5 0.353 0.963411
0.5 0.402 0.937678
0.5 0.451 0.961745
0.5 0.5 1.05856
0.5 0.549 1.23896
0.5 0.598 1.46567
0.5 0.647 1.64732
0.5 0.696 1.54049
0.5 0.745 1.15688
0.5 0.794 0.807537
0.5 0.843 0.682875
0.5 0.892 0.5256
0.5 0.941 0.399626
0.5 0.99 0.4849
0.549 0.01 0.0056245
0.549 0.059 0.0588659
0.549 0.108 0.327653
0.549 0.157 0.831926
0.549 0.206 1.1845
0.549 0.255 1.26138
0.549 0.304 1.16819
0.549 0.353 1.02517
0.549 0.402 0.997783
0.549 0.451 1.02339
0.549 0.5 1.12641
0.549 0.549 1.31838
0.549 0.598 1.55962
0.549 0.647 1.75291
0.549 0.696 1.63923
0.549 0.745 1.23103
0.549 0.794 0.859299
0.549 0.843 0.726647
0.549 0.892 0.55929
0.549 0.941 0.425242
0.549 0.99 0.515982
0.598 0.01 0.00844206
0.598 0.059 0.0883544
0.598 0.108 0.491789
0.598 0.157 1.24867
0.598 0.206 1.77787
0.598 0.255 1.89326
0.598 0.304 1.75339
0.598 0.353 1.53872
0.598 0.402 1.49762
0.598 0.451 1.53605
0.598 0.5 1.69067
0.598 0.549 1.97881
0.598 0.598 2.34089
0.598 0.647 2.63102
0.598 0.696 2.46039
0.598 0.745 1.84771
0.598 0.794 1.28976
0.598 0.843 1.09066
0.598 0.892 0.839463
0.598 0.941 0.638264
0.598 0.99 0.77446
0.647 0.01 0.0112391
0.647 0.059 0.117628
0.647 0.108 0.654728
0.647 0.157 1.66239
0.647 0.206 2.36691
0.647 0.255 2.52054
0.647 0.304 2.33432
0.647 0.353 2.04852
0.647 0.402 1.99381
0.647 0.451 2.04498
0.647 0.5 2.25083
0.647 0.549 2.63443
0.647 0.598 3.11648
0.647 0.647 3.50274
0.647 0.696 3.27557
0.647 0.745 2.45989
0.647 0.794 1.71708
0.647 0.843 1.45201
0.647 0.892 1.11759
0.647 0.941 0.849734
0.647 0.99 1.03105
0.696 0.01 0.00842722
0.696 0.059 0.0881991
0.696 0.108 0.490924
0.696 0.157 1.24648
0.696 0.206 1.77475
0.696 0.255 1.88993
0.696 0.304 1.7503
0.696 0.353 1.53601
0.696 0.402 1.49498
0.696 0.451 1.53335
0.696 0.5 1.6877
0.696 0.549 1.97534
0.696 0.598 2.33678
0.696 0.647 2.6264
0.696 0.696 2.45607
0.696 0.745 1.84446
0.696 0.794 1.28749
0.696 0.843 1.08874
0.696 0.892 0.837988
0.696 0.941 0.637142
0.696 0.99 0.773099
0.745 0.01 0.00288329
0.745 0.059 0.0301764
0.745 0.108 0.167965
0.745 0.157 0.42647
0.745 0.206 0.607211
0.745 0.255 0.646622
0.745 0.304 0.598849
0.745 0.353 0.52553
0.745 0.402 0.511493
0.745 0.451 0.524621
0.745 0.5 0.577431
0.745 0.549 0.675841
0.745 0.598 0.799506
0.745 0.647 0.898596
0.745 0.696 0.840318
0.745 0.745 0.631064
0.745 0.794 0.440502
0.745 0.843 0.372501
0.745 0.892 0.286709
0.745 0.941 0.217992
0.745 0.99 0.264508
0.794 0.01 0.000411036
0.794 0.059 0.00430189
0.794 0.108 0.0239447
0.794 0.157 0.0607969
0.794 0.206 0.0865629
0.794 0.255 0.0921812
0.794 0.304 0.0853708
0.794 0.353 0.0749187
0.794 0.402 0.0729176
0.794 0.451 0.074789
0.794 0.5 0.0823174
0.794 0.549 0.0963466
0.794 0.598 0.113976
0.794 0.647 0.128102
0.794 0.696 0.119794
0.794 0.745 0.0899633
0.794 0.794 0.0627972
0.794 0.843 0.0531031
0.794 0.892 0.0408727
0.794 0.941 0.0310765
0.794 0.99 0.0377078
0.843 0.01 4.54e-05
0.843 0.059 0.000475155
0.843 0.108 0.00264476
0.843 0.157 0.00671516
0.843 0.206 0.00956108
0.843 0.255 0.0101816
0.843 0.304 0.00942941
0.843 0.353 0.00827495
0.843 0.402 0.00805392
0.843 0.451 0.00826063
0.843 0.5 0.00909216
0.843 0.549 0.0106417
0.843 0.598 0.0125889
0.843 0.647 0.0141492
0.843 0.696 0.0132316
0.843 0.745 0.00993667
0.843 0.794 0.00693611
0.843 0.843 0.00586536
0.843 0.892 0.00451449
0.843 0.941 0.00343248
0.843 0.99 0.00416491
0.892 0.01 0.000295443
0.892 0.059 0.00309209
0.892 0.108 0.0172109
0.892 0.157 0.0436993
0.892 0.206 0.0622192
0.892 0.255 0.0662576
0.892 0.304 0.0613624
0.892 0.353 0.0538497
0.892 0.402 0.0524113
0.892 0.451 0.0537565
0.892 0.5 0.0591677
0.892 0.549 0.0692515
0.892 0.598 0.0819231
0.892 0.647 0.0920766
0.892 0.696 0.0861051
0.892 0.745 0.0646634
0.892 0.794 0.0451371
0.892 0.843 0.0381691
0.892 0.892 0.0293783
0.892 0.941 0.022337
0.892 0.99 0.0271034
0.941 0.01 0.0015151
0.941 0.059 0.015857
0.941 0.108 0.0882616
0.941 0.157 0.2241
0.941 0.206 0.319075
0.941 0.255 0.339785
0.941 0.304 0.314681
0.941 0.353 0.276154
0.941 0.402 0.268778
0.941 0.451 0.275676
0.941 0.5 0.303426
0.941 0.549 0.355139
0.941 0.598 0.420122
0.941 0.647 0.472191
0.941 0.696 0.441568
0.941 0.745 0.331609
0.941 0.794 0.231474
0.941 0.843 0.195741
0.941 0.892 0.150659
0.941 0.941 0.11455
0.941 0.99 0.138993
0.99 0.01 0.00297921
0.99 0.059 0.0311803
0.99 0.108 0.173553
0.99 0.157 0.440658
0.99 0.206 0.627412
0.99 0.255 0.668134
0.99 0.304 0.618771
0.99 0.353 0.543014
0.99 0.402 0.52851
0.99 0.451 0.542074
0.99 0.5 0.59664
0.99 0.549 0.698325
0.99 0.598 0.826103
0.99 0.647 0.92849
0.99 0.696 0.868274
0.99 0.745 0.652058
0.99 0.794 0.455157
0.99 0.843 0.384893
0.99 0.892 0.296247
0.99 0.941 0.225244
0.99 0.99 0.273307
