0.01 0.01 5.65366
0.01 0.059 3.69209
0.01 0.108 1.90149
0.01 0.157 0.96146
0.01 0.206 0.488747
0.01 0.255 0.574864
0.01 0.304 0.806247
0.01 0.353 1.00991
0.01 0.402 0.699842
0.01 0.451 0.225926
0.01 0.5 0.196188
0.01 0.549 0.448823
0.01 0.598 0.603262
0.01 0.647 0.839746
0.01 0.696 0.928218
0.01 0.745 0.46064
0.01 0.794 0.164173
0.01 0.843 0.487791
0.01 0.892 2.16506
0.01 0.941 7.32593
0.01 0.99 12.9876
0.059 0.01 4.20971
0.059 0.059 2.74912
0.059 0.108 1.41585
0.059 0.157 0.715902
0.059 0.206 0.363921
0.059 0.255 0.428043
0.059 0.304 0.600331
0.059 0.353 0.751974
0.059 0.402 0.521102
0.059 0.451 0.168224
0.059 0.5 0.146081
0.059 0.549 0.334193
0.059 0.598 0.449188
0.059 0.647 0.625274
0.059 0.696 0.69115
0.059 0.745 0.342992
0.059 0.794 0.122243
0.059 0.843 0.363209
0.059 0.892 1.6121
0.059 0.941 5.45488
0.059 0.99 9.67054
0.108 0.01 2.64831
0.108 0.059 1.72946
0.108 0.108 0.890704
0.108 0.157 0.45037
0.108 0.206 0.228941
0.108 0.255 0.26928
0.108 0.304 0.377665
0.108 0.353 0.473063
0.108 0.402 0.327823
0.108 0.451 0.105829
0.108 0.5 0.091899
0.108 0.549 0.210239
0.108 0.598 0.282582
0.108 0.647 0.393357
0.108 0.696 0.434799
0.108 0.745 0.215775
0.108 0.794 0.0769025
0.108 0.843 0.228493
0.108 0.892 1.01416
0.108 0.941 3.43164
0.108 0.99 6.08369
0.157 0.01 1.28319
0.157 0.059 0.837979
0.157 0.108 0.431575
0.157 0.157 0.218219
0.157 0.206 0.110929
0.157 0.255 0.130475
0.157 0.304 0.182991
0.157 0.353 0.229215
0.157 0.402 0.158841
0.157 0.451 0.0512776
0.157 0.5 0.044528
0.157 0.549 0.101868
0.157 0.598 0.13692
0.157 0.647 0.190594
0.157 0.696 0.210674
0.157 0.745 0.10455
0.157 0.794 0.0372617
0.157 0.843 0.110712
0.157 0.892 0.491396
0.157 0.941 1.66274
0.157 0.99 2.94775
0.206 0.01 0.553859
0.206 0.059 0.361694
0.206 0.108 0.186279
0.206 0.157 0.0941891
0.206 0.206 0.04788
0.206 0.255 0.0563164
0.206 0.304 0.0789837
0.206 0.353 0.0989351
0.206 0.402 0.0685598
0.206 0.451 0.0221328
0.206 0.5 0.0192195
0.206 0.549 0.0439688
0.206 0.598 0.0590984
0.206 0.647 0.0822655
0.206 0.696 0.0909326
0.206 0.745 0.0451265
0.206 0.794 0.0160832
0.206 0.843 0.0477863
0.206 0.892 0.212099
0.206 0.941 0.717683
0.206 0.99 1.27233
0.255 0.01 0.747524
0.255 0.059 0.488166
0.255 0.108 0.251414
0.255 0.157 0.127124
0.255 0.206 0.0646219
0.255 0.255 0.0760083
0.255 0.304 0.106602
0.255 0.353 0.133529
0.255 0.402 0.0925328
0.255 0.451 0.0298718
0.255 0.5 0.0259399
0.255 0.549 0.0593432
0.255 0.598 0.0797631
0.255 0.647 0.111031
0.255 0.696 0.122729
0.255 0.745 0.0609056
0.255 0.794 0.0217069
0.255 0.843 0.0644955
0.255 0.892 0.286263
0.255 0.941 0.968631
0.255 0.99 1.71721
0.304 0.01 0.893311
0.304 0.059 0.583371
0.304 0.108 0.300447
0.304 0.157 0.151916
0.304 0.206 0.0772249
0.304 0.255 0.0908318
0.304 0.304 0.127392
0.304 0.353 0.159571
0.304 0.402 0.110579
0.304 0.451 0.0356976
0.304 0.5 0.0309988
0.304 0.549 0.0709166
0.304 0.598 0.0953189
0.304 0.647 0.132685
0.304 0.696 0.146664
0.304 0.745 0.0727838
0.304 0.794 0.0259403
0.304 0.843 0.0770737
0.304 0.892 0.342092
0.304 0.941 1.15754
0.304 0.99 2.05211
0.353 0.01 1.12513
0.353 0.059 0.734757
0.353 0.108 0.378413
0.353 0.157 0.191339
0.353 0.206 0.0972649
0.353 0.255 0.114403
0.353 0.304 0.16045
0.353 0.353 0.20098
0.353 0.402 0.139275
0.353 0.451 0.0449612
0.353 0.5 0.039043
0.353 0.549 0.0893196
0.353 0.598 0.120054
0.353 0.647 0.167117
0.353 0.696 0.184723
0.353 0.745 0.0916713
0.353 0.794 0.0326718
0.353 0.843 0.0970745
0.353 0.892 0.430865
0.353 0.941 1.45792
0.353 0.99 2.58464
0.402 0.01 1.63259
0.402 0.059 1.06615
0.402 0.108 0.549089
0.402 0.157 0.277638
0.402 0.206 0.141134
0.402 0.255 0.166002
0.402 0.304 0.232818
0.402 0.353 0.291628
0.402 0.402 0.202092
0.402 0.451 0.0652401
0.402 0.5 0.0566527
0.402 0.549 0.129605
0.402 0.598 0.174203
0.402 0.647 0.242491
0.402 0.696 0.268039
0.402 0.745 0.133018
0.402 0.794 0.0474078
0.402 0.843 0.140858
0.402 0.892 0.625199
0.402 0.941 2.11549
0.402 0.99 3.75039
0.451 0.01 1.15038
0.451 0.059 0.751245
0.451 0.108 0.386905
0.451 0.157 0.195632
0.451 0.206 0.0994476
0.451 0.255 0.11697
0.451 0.304 0.164051
0.451 0.353 0.20549
0.451 0.402 0.1424
0.451 0.451 0.0459701
0.451 0.5 0.0399192
0.451 0.549 0.091324
0.451 0.598 0.122748
0.451 0.647 0.170867
0.451 0.696 0.188869
0.451 0.745 0.0937285
0.451 0.794 0.033405
0.451 0.843 0.099253
0.451 0.892 0.440534
0.451 0.941 1.49064
0.451 0.99 2.64264
0.5 0.01 0.324081
0.5 0.059 0.211639
0.5 0.108 0.108998
0.5 0.157 0.0551131
0.5 0.206 0.0280161
0.5 0.255 0.0329526
0.5 0.304 0.046216
0.5 0.353 0.0578902
0.5 0.402 0.0401166
0.5 0.451 0.0129506
0.5 0.5 0.0112459
0.5 0.549 0.0257276
0.5 0.598 0.0345804
0.5 0.647 0.0481362
0.5 0.696 0.0532076
0.5 0.745 0.026405
0.5 0.794 0.00941078
0.5 0.843 0.0279613
0.5 0.892 0.124106
0.5 0.941 0.41994
0.5 0.99 0.744479
0.549 0.01 0.122536
0.549 0.059 0.0800216
0.549 0.108 0.0412126
0.549 0.157 0.0208385
0.549 0.206 0.010593
0.549 0.255 0.0124595
0.549 0.304 0.0174745
0.549 0.353 0.0218885
0.549 0.402 0.0151683
0.549 0.451 0.00489668
0.549 0.5 0.00425214
0.549 0.549 0.00972771
0.549 0.598 0.013075
0.549 0.647 0.0182005
0.549 0.696 0.020118
0.549 0.745 0.00998384
0.549 0.794 0.00355826
0.549 0.843 0.0105723
0.549 0.892 0.0469251
0.549 0.941 0.158781
0.549 0.99 0.281491
0.598 0.01 0.438484
0.598 0.059 0.286349
0.598 0.108 0.147475
0.598 0.157 0.0745685
0.598 0.206 0.0379061
0.598 0.255 0.0445851
0.598 0.304 0.0625306
0.598 0.353 0.0783258
0.598 0.402 0.0542781
0.598 0.451 0.0175223
0.598 0.5 0.0152158
0.598 0.549 0.0348096
0.598 0.598 0.0467876
0.598 0.647 0.0651287
0.598 0.696 0.0719903
0.598 0.745 0.0357261
0.598 0.794 0.0127329
0.598 0.843 0.0378319
0.598 0.892 0.167917
0.598 0.941 0.568181
0.598 0.99 1.00729
0.647 0.01 0.905737
0.647 0.059 0.591485
0.647 0.108 0.304626
0.647 0.157 0.154029
0.647 0.206 0.0782991
0.647 0.255 0.0920953
0.647 0.304 0.129164
0.647 0.353 0.16179
0.647 0.402 0.112117
0.647 0.451 0.0361941
0.647 0.5 0.03143
0.647 0.549 0.071903
0.647 0.598 0.0966448
0.647 0.647 0.13453
0.647 0.696 0.148704
0.647 0.745 0.0737962
0.647 0.794 0.0263011
0.647 0.843 0.0781458
0.647 0.892 0.34685
0.647 0.941 1.17364
0.647 0.99 2.08066
0.696 0.01 1.21894
0.696 0.059 0.796018
0.696 0.108 0.409964
0.696 0.157 0.207292
0.696 0.206 0.105374
0.696 0.255 0.123941
0.696 0.304 0.173828
0.696 0.353 0.217737
0.696 0.402 0.150887
0.696 0.451 0.0487099
0.696 0.5 0.0422983
0.696 0.549 0.0967667
0.696 0.598 0.130064
0.696 0.647 0.18105
0.696 0.696 0.200125
0.696 0.745 0.0993145
0.696 0.794 0.0353959
0.696 0.843 0.105168
0.696 0.892 0.466789
0.696 0.941 1.57948
0.696 0.99 2.80014
0.745 0.01 1.6629
0.745 0.059 1.08595
0.745 0.108 0.559282
0.745 0.157 0.282792
0.745 0.206 0.143754
0.745 0.255 0.169084
0.745 0.304 0.23714
0.745 0.353 0.297042
0.745 0.402 0.205843
0.745 0.451 0.0664512
0.745 0.5 0.0577043
0.745 0.549 0.132011
0.745 0.598 0.177436
0.745 0.647 0.246993
0.745 0.696 0.273015
0.745 0.745 0.135487
0.745 0.794 0.0482879
0.745 0.843 0.143473
0.745 0.892 0.636805
0.745 0.941 2.15476
0.745 0.99 3.82001
0.794 0.01 1.39256
0.794 0.059 0.909403
0.794 0.108 0.468359
0.794 0.157 0.236818
0.794 0.206 0.120384
0.794 0.255 0.141596
0.794 0.304 0.198588
0.794 0.353 0.248751
0.794 0.402 0.172379
0.794 0.451 0.0556481
0.794 0.5 0.0483233
0.794 0.549 0.11055
0.794 0.598 0.14859
0.794 0.647 0.206839
0.794 0.696 0.228631
0.794 0.745 0.113461
0.794 0.794 0.0404377
0.794 0.843 0.120148
0.794 0.892 0.533279
0.794 0.941 1.80446
0.794 0.99 3.19899
0.843 0.01 1.00666
0.843 0.059 0.657391
0.843 0.108 0.338568
0.843 0.157 0.171192
0.843 0.206 0.0870234
0.843 0.255 0.102357
0.843 0.304 0.143556
0.843 0.353 0.179818
0.843 0.402 0.12461
0.843 0.451 0.040227
0.843 0.5 0.034932
0.843 0.549 0.0799147
0.843 0.598 0.107413
0.843 0.647 0.14952
0.843 0.696 0.165273
0.843 0.745 0.0820188
0.843 0.794 0.0292317
0.843 0.843 0.0868531
0.843 0.892 0.385498
0.843 0.941 1.30441
0.843 0.99 2.31249
0.892 0.01 4.01482
0.892 0.059 2.62185
0.892 0.108 1.3503
0.892 0.157 0.682759
0.892 0.206 0.347073
0.892 0.255 0.408227
0.892 0.304 0.572538
0.892 0.353 0.717162
0.892 0.402 0.496977
0.892 0.451 0.160436
0.892 0.5 0.139318
0.892 0.549 0.318722
0.892 0.598 0.428393
0.892 0.647 0.596327
0.892 0.696 0.659153
0.892 0.745 0.327113
0.892 0.794 0.116584
0.892 0.843 0.346394
0.892 0.892 1.53747
0.892 0.941 5.20235
0.892 0.99 9.22284
0.941 0.01 15.3724
0.941 0.059 10.0388
0.941 0.108 5.17018
0.941 0.157 2.61422
0.941 0.206 1.32891
0.941 0.255 1.56306
0.941 0.304 2.1922
0.941 0.353 2.74595
0.941 0.402 1.90288
0.941 0.451 0.614296
0.941 0.5 0.533437
0.941 0.549 1.22036
0.941 0.598 1.64028
0.941 0.647 2.28328
0.941 0.696 2.52384
0.941 0.745 1.25249
0.941 0.794 0.446389
0.941 0.843 1.32631
0.941 0.892 5.88683
0.941 0.941 19.9193
0.941 0.99 35.3134
0.99 0.01 27.7719
0.99 0.059 18.1363
0.99 0.108 9.34052
0.99 0.157 4.72289
0.99 0.206 2.40083
0.99 0.255 2.82385
0.99 0.304 3.96045
0.99 0.353 4.96086
0.99 0.402 3.43777
0.99 0.451 1.10979
0.99 0.5 0.963715
0.99 0.549 2.20471
0.99 0.598 2.96335
0.99 0.647 4.12501
0.99 0.696 4.5596
0.99 0.745 2.26276
0.99 0.794 0.806451
0.99 0.843 2.39613
0.99 0.892 10.6352
0.99 0.941 35.9865
0.99 0.99 63.7977
