0.01 0.01 1.40575e-84
0.01 0.059 2.32138e-76
0.01 0.108 1.46758e-68
0.01 0.157 3.55132e-61
0.01 0.206 3.28935e-54
0.01 0.255 1.16617e-47
0.01 0.304 1.58252e-41
0.01 0.353 8.21993e-36
0.01 0.402 1.63426e-30
0.01 0.451 1.24367e-25
0.01 0.5 3.62261e-21
0.01 0.549 4.03899e-17
0.01 0.598 1.72368e-13
0.01 0.647 2.81561e-10
0.01 0.696 1.76045e-07
0.01 0.745 4.21314e-05
0.01 0.794 0.00385942
0.01 0.843 0.135323
0.01 0.892 1.81616
0.01 0.941 9.32975
0.01 0.99 18.3451
0.059 0.01 1.22661e-84
0.059 0.059 2.02556e-76
0.059 0.108 1.28056e-68
0.059 0.157 3.09876e-61
0.059 0.206 2.87018e-54
0.059 0.255 1.01756e-47
0.059 0.304 1.38085e-41
0.059 0.353 7.17243e-36
0.059 0.402 1.426e-30
0.059 0.451 1.08518e-25
0.059 0.5 3.16097e-21
0.059 0.549 3.52428e-17
0.059 0.598 1.50402e-13
0.059 0.647 2.45681e-10
0.059 0.696 1.53611e-07
0.059 0.745 3.67624e-05
0.059 0.794 0.0033676
0.059 0.843 0.118078
0.059 0.892 1.58472
0.059 0.941 8.14082
0.059 0.99 16.0073
0.108 0.01 1.07292e-84
0.108 0.059 1.77176e-76
0.108 0.108 1.12011e-68
0.108 0.157 2.71049e-61
0.108 0.206 2.51054e-54
0.108 0.255 8.90063e-48
0.108 0.304 1.20783e-41
0.108 0.353 6.27373e-36
0.108 0.402 1.24732e-30
0.108 0.451 9.49209e-26
0.108 0.5 2.7649e-21
0.108 0.549 3.08269e-17
0.108 0.598 1.31557e-13
0.108 0.647 2.14897e-10
0.108 0.696 1.34363e-07
0.108 0.745 3.21561e-05
0.108 0.794 0.00294564
0.108 0.843 0.103283
0.108 0.892 1.38615
0.108 0.941 7.12077
0.108 0.99 14.0016
0.157 0.01 1.13829e-84
0.157 0.059 1.87971e-76
0.157 0.108 1.18835e-68
0.157 0.157 2.87563e-61
0.157 0.206 2.6635e-54
0.157 0.255 9.44293e-48
0.157 0.304 1.28142e-41
0.157 0.353 6.65597e-36
0.157 0.402 1.32331e-30
0.157 0.451 1.00704e-25
0.157 0.5 2.93336e-21
0.157 0.549 3.27051e-17
0.157 0.598 1.39572e-13
0.157 0.647 2.2799e-10
0.157 0.696 1.4255e-07
0.157 0.745 3.41153e-05
0.157 0.794 0.00312511
0.157 0.843 0.109576
0.157 0.892 1.47061
0.157 0.941 7.55462
0.157 0.99 14.8546
0.206 0.01 1.29355e-84
0.206 0.059 2.1361e-76
0.206 0.108 1.35044e-68
0.206 0.157 3.26786e-61
0.206 0.206 3.0268e-54
0.206 0.255 1.07309e-47
0.206 0.304 1.45621e-41
0.206 0.353 7.56384e-36
0.206 0.402 1.50381e-30
0.206 0.451 1.1444e-25
0.206 0.5 3.33347e-21
0.206 0.549 3.71661e-17
0.206 0.598 1.5861e-13
0.206 0.647 2.59088e-10
0.206 0.696 1.61993e-07
0.206 0.745 3.87686e-05
0.206 0.794 0.00355137
0.206 0.843 0.124522
0.206 0.892 1.6712
0.206 0.941 8.58507
0.206 0.99 16.8808
0.255 0.01 1.52468e-84
0.255 0.059 2.51776e-76
0.255 0.108 1.59173e-68
0.255 0.157 3.85175e-61
0.255 0.206 3.56762e-54
0.255 0.255 1.26483e-47
0.255 0.304 1.7164e-41
0.255 0.353 8.91531e-36
0.255 0.402 1.77251e-30
0.255 0.451 1.34888e-25
0.255 0.5 3.92907e-21
0.255 0.549 4.38067e-17
0.255 0.598 1.86949e-13
0.255 0.647 3.0538e-10
0.255 0.696 1.90937e-07
0.255 0.745 4.56956e-05
0.255 0.794 0.00418591
0.255 0.843 0.146771
0.255 0.892 1.9698
0.255 0.941 10.119
0.255 0.99 19.897
0.304 0.01 1.50394e-84
0.304 0.059 2.48352e-76
0.304 0.108 1.57009e-68
0.304 0.157 3.79937e-61
0.304 0.206 3.5191e-54
0.304 0.255 1.24763e-47
0.304 0.304 1.69305e-41
0.304 0.353 8.79406e-36
0.304 0.402 1.7484e-30
0.304 0.451 1.33053e-25
0.304 0.5 3.87564e-21
0.304 0.549 4.3211e-17
0.304 0.598 1.84407e-13
0.304 0.647 3.01227e-10
0.304 0.696 1.88341e-07
0.304 0.745 4.50741e-05
0.304 0.794 0.00412899
0.304 0.843 0.144775
0.304 0.892 1.94301
0.304 0.941 9.98139
0.304 0.99 19.6264
0.353 0.01 1.25246e-84
0.353 0.059 2.06824e-76
0.353 0.108 1.30754e-68
0.353 0.157 3.16406e-61
0.353 0.206 2.93065e-54
0.353 0.255 1.03901e-47
0.353 0.304 1.40995e-41
0.353 0.353 7.32356e-36
0.353 0.402 1.45604e-30
0.353 0.451 1.10805e-25
0.353 0.5 3.22757e-21
0.353 0.549 3.59854e-17
0.353 0.598 1.53571e-13
0.353 0.647 2.50858e-10
0.353 0.696 1.56847e-07
0.353 0.745 3.7537e-05
0.353 0.794 0.00343856
0.353 0.843 0.120566
0.353 0.892 1.61811
0.353 0.941 8.31236
0.353 0.99 16.3446
0.402 0.01 1.04264e-84
0.402 0.059 1.72175e-76
0.402 0.108 1.08849e-68
0.402 0.157 2.63398e-61
0.402 0.206 2.43968e-54
0.402 0.255 8.64942e-48
0.402 0.304 1.17374e-41
0.402 0.353 6.09665e-36
0.402 0.402 1.21211e-30
0.402 0.451 9.22418e-26
0.402 0.5 2.68686e-21
0.402 0.549 2.99568e-17
0.402 0.598 1.27844e-13
0.402 0.647 2.08832e-10
0.402 0.696 1.30571e-07
0.402 0.745 3.12485e-05
0.402 0.794 0.0028625
0.402 0.843 0.100368
0.402 0.892 1.34703
0.402 0.941 6.91979
0.402 0.99 13.6064
0.451 0.01 7.01899e-85
0.451 0.059 1.15908e-76
0.451 0.108 7.3277e-69
0.451 0.157 1.77319e-61
0.451 0.206 1.64239e-54
0.451 0.255 5.82276e-48
0.451 0.304 7.9016e-42
0.451 0.353 4.10425e-36
0.451 0.402 8.15991e-31
0.451 0.451 6.20969e-26
0.451 0.5 1.80879e-21
0.451 0.549 2.01669e-17
0.451 0.598 8.6064e-14
0.451 0.647 1.40585e-10
0.451 0.696 8.78999e-08
0.451 0.745 2.10364e-05
0.451 0.794 0.00192703
0.451 0.843 0.0675674
0.451 0.892 0.906817
0.451 0.941 4.65838
0.451 0.99 9.15977
0.5 0.01 5.82074e-85
0.5 0.059 9.61204e-77
0.5 0.108 6.07674e-69
0.5 0.157 1.47048e-61
0.5 0.206 1.36201e-54
0.5 0.255 4.82872e-48
0.5 0.304 6.55267e-42
0.5 0.353 3.40359e-36
0.5 0.402 6.76688e-31
0.5 0.451 5.1496e-26
0.5 0.5 1.5e-21
0.5 0.549 1.6724e-17
0.5 0.598 7.13715e-14
0.5 0.647 1.16585e-10
0.5 0.696 7.28939e-08
0.5 0.745 1.74451e-05
0.5 0.794 0.00159805
0.5 0.843 0.0560325
0.5 0.892 0.752008
0.5 0.941 3.86312
0.5 0.99 7.59604
0.549 0.01 8.74365e-85
0.549 0.059 1.44388e-76
0.549 0.108 9.12821e-69
0.549 0.157 2.20889e-61
0.549 0.206 2.04594e-54
0.549 0.255 7.25349e-48
0.549 0.304 9.84313e-42
0.549 0.353 5.11272e-36
0.549 0.402 1.01649e-30
0.549 0.451 7.73549e-26
0.549 0.5 2.25323e-21
0.549 0.549 2.51221e-17
0.549 0.598 1.07211e-13
0.549 0.647 1.75128e-10
0.549 0.696 1.09498e-07
0.549 0.745 2.62053e-05
0.549 0.794 0.00240052
0.549 0.843 0.0841695
0.549 0.892 1.12963
0.549 0.941 5.80301
0.549 0.99 11.4104
0.598 0.01 9.82426e-85
0.598 0.059 1.62232e-76
0.598 0.108 1.02563e-68
0.598 0.157 2.48188e-61
0.598 0.206 2.2988e-54
0.598 0.255 8.14994e-48
0.598 0.304 1.10596e-41
0.598 0.353 5.74459e-36
0.598 0.402 1.14212e-30
0.598 0.451 8.69151e-26
0.598 0.5 2.5317e-21
0.598 0.549 2.82269e-17
0.598 0.598 1.20461e-13
0.598 0.647 1.96772e-10
0.598 0.696 1.23031e-07
0.598 0.745 2.9444e-05
0.598 0.794 0.0026972
0.598 0.843 0.0945719
0.598 0.892 1.26924
0.598 0.941 6.52019
0.598 0.99 12.8206
0.647 0.01 1.03449e-84
0.647 0.059 1.70829e-76
0.647 0.108 1.07998e-68
0.647 0.157 2.61339e-61
0.647 0.206 2.42061e-54
0.647 0.255 8.5818e-48
0.647 0.304 1.16457e-41
0.647 0.353 6.04899e-36
0.647 0.402 1.20264e-30
0.647 0.451 9.15207e-26
0.647 0.5 2.66586e-21
0.647 0.549 2.97226e-17
0.647 0.598 1.26844e-13
0.647 0.647 2.07199e-10
0.647 0.696 1.2955e-07
0.647 0.745 3.10042e-05
0.647 0.794 0.00284012
0.647 0.843 0.0995833
0.647 0.892 1.3365
0.647 0.941 6.8657
0.647 0.99 13.5
0.696 0.01 1.23772e-84
0.696 0.059 2.0439e-76
0.696 0.108 1.29215e-68
0.696 0.157 3.12682e-61
0.696 0.206 2.89616e-54
0.696 0.255 1.02678e-47
0.696 0.304 1.39336e-41
0.696 0.353 7.23737e-36
0.696 0.402 1.43891e-30
0.696 0.451 1.09501e-25
0.696 0.5 3.18959e-21
0.696 0.549 3.55619e-17
0.696 0.598 1.51764e-13
0.696 0.647 2.47905e-10
0.696 0.696 1.55001e-07
0.696 0.745 3.70952e-05
0.696 0.794 0.00339809
0.696 0.843 0.119147
0.696 0.892 1.59907
0.696 0.941 8.21452
0.696 0.99 16.1522
0.745 0.01 1.3021e-84
0.745 0.059 2.15022e-76
0.745 0.108 1.35937e-68
0.745 0.157 3.28947e-61
0.745 0.206 3.04682e-54
0.745 0.255 1.08019e-47
0.745 0.304 1.46584e-41
0.745 0.353 7.61386e-36
0.745 0.402 1.51376e-30
0.745 0.451 1.15197e-25
0.745 0.5 3.35551e-21
0.745 0.549 3.74118e-17
0.745 0.598 1.59659e-13
0.745 0.647 2.60801e-10
0.745 0.696 1.63064e-07
0.745 0.745 3.90249e-05
0.745 0.794 0.00357485
0.745 0.843 0.125345
0.745 0.892 1.68225
0.745 0.941 8.64184
0.745 0.99 16.9924
0.794 0.01 1.1709e-84
0.794 0.059 1.93356e-76
0.794 0.108 1.2224e-68
0.794 0.157 2.95801e-61
0.794 0.206 2.73981e-54
0.794 0.255 9.71346e-48
0.794 0.304 1.31813e-41
0.794 0.353 6.84666e-36
0.794 0.402 1.36123e-30
0.794 0.451 1.03589e-25
0.794 0.5 3.0174e-21
0.794 0.549 3.36421e-17
0.794 0.598 1.43571e-13
0.794 0.647 2.34522e-10
0.794 0.696 1.46633e-07
0.794 0.745 3.50926e-05
0.794 0.794 0.00321464
0.794 0.843 0.112715
0.794 0.892 1.51274
0.794 0.941 7.77106
0.794 0.99 15.2802
0.843 0.01 1.20895e-84
0.843 0.059 1.99639e-76
0.843 0.108 1.26212e-68
0.843 0.157 3.05414e-61
0.843 0.206 2.82884e-54
0.843 0.255 1.00291e-47
0.843 0.304 1.36097e-41
0.843 0.353 7.06914e-36
0.843 0.402 1.40546e-30
0.843 0.451 1.06955e-25
0.843 0.5 3.11545e-21
0.843 0.549 3.47353e-17
0.843 0.598 1.48236e-13
0.843 0.647 2.42143e-10
0.843 0.696 1.51398e-07
0.843 0.745 3.6233e-05
0.843 0.794 0.0033191
0.843 0.843 0.116378
0.843 0.892 1.5619
0.843 0.941 8.02358
0.843 0.99 15.7767
0.892 0.01 1.49351e-84
0.892 0.059 2.4663e-76
0.892 0.108 1.5592e-68
0.892 0.157 3.77301e-61
0.892 0.206 3.49469e-54
0.892 0.255 1.23897e-47
0.892 0.304 1.68131e-41
0.892 0.353 8.73307e-36
0.892 0.402 1.73627e-30
0.892 0.451 1.3213e-25
0.892 0.5 3.84876e-21
0.892 0.549 4.29112e-17
0.892 0.598 1.83128e-13
0.892 0.647 2.99138e-10
0.892 0.696 1.87034e-07
0.892 0.745 4.47615e-05
0.892 0.794 0.00410035
0.892 0.843 0.143771
0.892 0.892 1.92953
0.892 0.941 9.91216
0.892 0.99 19.4903
0.941 0.01 1.64881e-84
0.941 0.059 2.72275e-76
0.941 0.108 1.72133e-68
0.941 0.157 4.16535e-61
0.941 0.206 3.85809e-54
0.941 0.255 1.36781e-47
0.941 0.304 1.85614e-41
0.941 0.353 9.64117e-36
0.941 0.402 1.91682e-30
0.941 0.451 1.4587e-25
0.941 0.5 4.24897e-21
0.941 0.549 4.73734e-17
0.941 0.598 2.02171e-13
0.941 0.647 3.30244e-10
0.941 0.696 2.06483e-07
0.941 0.745 4.9416e-05
0.941 0.794 0.00452672
0.941 0.843 0.158721
0.941 0.892 2.13018
0.941 0.941 10.9429
0.941 0.99 21.5169
0.99 0.01 1.68014e-84
0.99 0.059 2.77448e-76
0.99 0.108 1.75403e-68
0.99 0.157 4.24449e-61
0.99 0.206 3.93138e-54
0.99 0.255 1.39379e-47
0.99 0.304 1.89141e-41
0.99 0.353 9.82434e-36
0.99 0.402 1.95324e-30
0.99 0.451 1.48641e-25
0.99 0.5 4.32969e-21
0.99 0.549 4.82734e-17
0.99 0.598 2.06011e-13
0.99 0.647 3.36518e-10
0.99 0.696 2.10406e-07
0.99 0.745 5.03548e-05
0.99 0.794 0.00461272
0.99 0.843 0.161736
0.99 0.892 2.17065
0.99 0.941 11.1508
0.99 0.99 21.9257
