0.01 0.01 9.31066e-85
0.01 0.059 1.53492e-76
0.01 0.108 9.68841e-69
0.01 0.157 2.34091e-61
0.01 0.206 2.16514e-54
0.01 0.255 7.66576e-48
0.01 0.304 1.03895e-41
0.01 0.353 5.39015e-36
0.01 0.402 1.07048e-30
0.01 0.451 8.1381e-26
0.01 0.5 2.36831e-21
0.01 0.549 2.6383e-17
0.01 0.598 1.12507e-13
0.01 0.647 1.83657e-10
0.01 0.696 1.14763e-07
0.01 0.745 2.74518e-05
0.01 0.794 0.00251368
0.01 0.843 0.0881087
0.01 0.892 1.18222
0.01 0.941 6.07226
0.01 0.99 11.9391
0.059 0.01 9.45345e-85
0.059 0.059 1.55846e-76
0.059 0.108 9.83698e-69
0.059 0.157 2.37681e-61
0.059 0.206 2.19834e-54
0.059 0.255 7.78332e-48
0.059 0.304 1.05488e-41
0.059 0.353 5.47281e-36
0.059 0.402 1.08689e-30
0.059 0.451 8.2629e-26
0.059 0.5 2.40463e-21
0.059 0.549 2.67876e-17
0.059 0.598 1.14233e-13
0.059 0.647 1.86473e-10
0.059 0.696 1.16523e-07
0.059 0.745 2.78728e-05
0.059 0.794 0.00255223
0.059 0.843 0.0894599
0.059 0.892 1.20035
0.059 0.941 6.16538
0.059 0.99 12.1222
0.108 0.01 7.93975e-85
0.108 0.059 1.30892e-76
0.108 0.108 8.26188e-69
0.108 0.157 1.99623e-61
0.108 0.206 1.84634e-54
0.108 0.255 6.53705e-48
0.108 0.304 8.85972e-42
0.108 0.353 4.5965e-36
0.108 0.402 9.12858e-31
0.108 0.451 6.93984e-26
0.108 0.5 2.0196e-21
0.108 0.549 2.24984e-17
0.108 0.598 9.59416e-14
0.108 0.647 1.56615e-10
0.108 0.696 9.78656e-08
0.108 0.745 2.34098e-05
0.108 0.794 0.00214356
0.108 0.843 0.0751355
0.108 0.892 1.00815
0.108 0.941 5.17818
0.108 0.99 10.1812
0.157 0.01 7.42653e-85
0.157 0.059 1.22431e-76
0.157 0.108 7.72783e-69
0.157 0.157 1.8672e-61
0.157 0.206 1.727e-54
0.157 0.255 6.1145e-48
0.157 0.304 8.28703e-42
0.157 0.353 4.29938e-36
0.157 0.402 8.53851e-31
0.157 0.451 6.49125e-26
0.157 0.5 1.88905e-21
0.157 0.549 2.10441e-17
0.157 0.598 8.97399e-14
0.157 0.647 1.46491e-10
0.157 0.696 9.15396e-08
0.157 0.745 2.18966e-05
0.157 0.794 0.002005
0.157 0.843 0.0702788
0.157 0.892 0.942984
0.157 0.941 4.84346
0.157 0.99 9.52309
0.206 0.01 8.5695e-85
0.206 0.059 1.41274e-76
0.206 0.108 8.91718e-69
0.206 0.157 2.15457e-61
0.206 0.206 1.99279e-54
0.206 0.255 7.05554e-48
0.206 0.304 9.56244e-42
0.206 0.353 4.96107e-36
0.206 0.402 9.85263e-31
0.206 0.451 7.49028e-26
0.206 0.5 2.17979e-21
0.206 0.549 2.42828e-17
0.206 0.598 1.03551e-13
0.206 0.647 1.69037e-10
0.206 0.696 1.05628e-07
0.206 0.745 2.52666e-05
0.206 0.794 0.00231358
0.206 0.843 0.081095
0.206 0.892 1.08811
0.206 0.941 5.58889
0.206 0.99 10.9887
0.255 0.01 6.10444e-85
0.255 0.059 1.00636e-76
0.255 0.108 6.35211e-69
0.255 0.157 1.5348e-61
0.255 0.206 1.41955e-54
0.255 0.255 5.02598e-48
0.255 0.304 6.81175e-42
0.255 0.353 3.534e-36
0.255 0.402 7.01847e-31
0.255 0.451 5.33566e-26
0.255 0.5 1.55276e-21
0.255 0.549 1.72978e-17
0.255 0.598 7.37642e-14
0.255 0.647 1.20413e-10
0.255 0.696 7.52435e-08
0.255 0.745 1.79985e-05
0.255 0.794 0.00164807
0.255 0.843 0.0577676
0.255 0.892 0.775112
0.255 0.941 3.98122
0.255 0.99 7.82777
0.304 0.01 2.43617e-85
0.304 0.059 4.01619e-77
0.304 0.108 2.53501e-69
0.304 0.157 6.12509e-62
0.304 0.206 5.66518e-55
0.304 0.255 2.00578e-48
0.304 0.304 2.71845e-42
0.304 0.353 1.41035e-36
0.304 0.402 2.80094e-31
0.304 0.451 2.12937e-26
0.304 0.5 6.19678e-22
0.304 0.549 6.90322e-18
0.304 0.598 2.9438e-14
0.304 0.647 4.80545e-11
0.304 0.696 3.00283e-08
0.304 0.745 7.18288e-06
0.304 0.794 0.000657714
0.304 0.843 0.023054
0.304 0.892 0.309333
0.304 0.941 1.58883
0.304 0.99 3.12392
0.353 0.01 2.49411e-85
0.353 0.059 4.1117e-77
0.353 0.108 2.59529e-69
0.353 0.157 6.27075e-62
0.353 0.206 5.7999e-55
0.353 0.255 2.05348e-48
0.353 0.304 2.78309e-42
0.353 0.353 1.44389e-36
0.353 0.402 2.86755e-31
0.353 0.451 2.18e-26
0.353 0.5 6.34414e-22
0.353 0.549 7.06738e-18
0.353 0.598 3.0138e-14
0.353 0.647 4.91973e-11
0.353 0.696 3.07424e-08
0.353 0.745 7.35369e-06
0.353 0.794 0.000673354
0.353 0.843 0.0236022
0.353 0.892 0.316689
0.353 0.941 1.62661
0.353 0.99 3.19821
0.402 0.01 4.70907e-85
0.402 0.059 7.76322e-77
0.402 0.108 4.90012e-69
0.402 0.157 1.18397e-61
0.402 0.206 1.09507e-54
0.402 0.255 3.87713e-48
0.402 0.304 5.2547e-42
0.402 0.353 2.72618e-36
0.402 0.402 5.41417e-31
0.402 0.451 4.11602e-26
0.402 0.5 1.19782e-21
0.402 0.549 1.33438e-17
0.402 0.598 5.6903e-14
0.402 0.647 9.28883e-11
0.402 0.696 5.80441e-08
0.402 0.745 1.38844e-05
0.402 0.794 0.00127135
0.402 0.843 0.0445629
0.402 0.892 0.597935
0.402 0.941 3.07118
0.402 0.99 6.03848
0.451 0.01 6.78283e-85
0.451 0.059 1.11819e-76
0.451 0.108 7.05802e-69
0.451 0.157 1.70536e-61
0.451 0.206 1.57731e-54
0.451 0.255 5.58452e-48
0.451 0.304 7.56874e-42
0.451 0.353 3.92673e-36
0.451 0.402 7.79843e-31
0.451 0.451 5.92861e-26
0.451 0.5 1.72532e-21
0.451 0.549 1.92201e-17
0.451 0.598 8.19616e-14
0.451 0.647 1.33794e-10
0.451 0.696 8.36053e-08
0.451 0.745 1.99987e-05
0.451 0.794 0.00183122
0.451 0.843 0.0641873
0.451 0.892 0.86125
0.451 0.941 4.42365
0.451 0.99 8.69767
0.5 0.01 6.49004e-85
0.5 0.059 1.06993e-76
0.5 0.108 6.75335e-69
0.5 0.157 1.63174e-61
0.5 0.206 1.50922e-54
0.5 0.255 5.34346e-48
0.5 0.304 7.24203e-42
0.5 0.353 3.75723e-36
0.5 0.402 7.46181e-31
0.5 0.451 5.6727e-26
0.5 0.5 1.65084e-21
0.5 0.549 1.83904e-17
0.5 0.598 7.84237e-14
0.5 0.647 1.28019e-10
0.5 0.696 7.99964e-08
0.5 0.745 1.91354e-05
0.5 0.794 0.00175217
0.5 0.843 0.0614166
0.5 0.892 0.824074
0.5 0.941 4.2327
0.5 0.99 8.32223
0.549 0.01 3.57788e-85
0.549 0.059 5.89837e-77
0.549 0.108 3.72303e-69
0.549 0.157 8.9956e-62
0.549 0.206 8.32015e-55
0.549 0.255 2.94578e-48
0.549 0.304 3.99244e-42
0.549 0.353 2.07131e-36
0.549 0.402 4.1136e-31
0.549 0.451 3.12729e-26
0.549 0.5 9.10088e-22
0.549 0.549 1.01384e-17
0.549 0.598 4.3234e-14
0.549 0.647 7.05751e-11
0.549 0.696 4.4101e-08
0.549 0.745 1.05491e-05
0.549 0.794 0.000965949
0.549 0.843 0.0338582
0.549 0.892 0.454301
0.549 0.941 2.33343
0.549 0.99 4.58794
0.598 0.01 4.06033e-85
0.598 0.059 6.69373e-77
0.598 0.108 4.22507e-69
0.598 0.157 1.02086e-61
0.598 0.206 9.44207e-55
0.598 0.255 3.343e-48
0.598 0.304 4.5308e-42
0.598 0.353 2.35062e-36
0.598 0.402 4.66829e-31
0.598 0.451 3.54898e-26
0.598 0.5 1.03281e-21
0.598 0.549 1.15055e-17
0.598 0.598 4.90638e-14
0.598 0.647 8.00918e-11
0.598 0.696 5.00478e-08
0.598 0.745 1.19716e-05
0.598 0.794 0.0010962
0.598 0.843 0.0384238
0.598 0.892 0.515561
0.598 0.941 2.64808
0.598 0.99 5.2066
0.647 0.01 7.96832e-85
0.647 0.059 1.31363e-76
0.647 0.108 8.2916e-69
0.647 0.157 2.00342e-61
0.647 0.206 1.85299e-54
0.647 0.255 6.56057e-48
0.647 0.304 8.89159e-42
0.647 0.353 4.61303e-36
0.647 0.402 9.16143e-31
0.647 0.451 6.96481e-26
0.647 0.5 2.02686e-21
0.647 0.549 2.25793e-17
0.647 0.598 9.62867e-14
0.647 0.647 1.57178e-10
0.647 0.696 9.82177e-08
0.647 0.745 2.3494e-05
0.647 0.794 0.00215127
0.647 0.843 0.0754058
0.647 0.892 1.01178
0.647 0.941 5.19681
0.647 0.99 10.2178
0.696 0.01 9.31806e-85
0.696 0.059 1.53614e-76
0.696 0.108 9.6961e-69
0.696 0.157 2.34277e-61
0.696 0.206 2.16686e-54
0.696 0.255 7.67186e-48
0.696 0.304 1.03977e-41
0.696 0.353 5.39443e-36
0.696 0.402 1.07133e-30
0.696 0.451 8.14457e-26
0.696 0.5 2.37019e-21
0.696 0.549 2.6404e-17
0.696 0.598 1.12597e-13
0.696 0.647 1.83803e-10
0.696 0.696 1.14855e-07
0.696 0.745 2.74736e-05
0.696 0.794 0.00251568
0.696 0.843 0.0881787
0.696 0.892 1.18316
0.696 0.941 6.07709
0.696 0.99 11.9486
0.745 0.01 9.01255e-85
0.745 0.059 1.48578e-76
0.745 0.108 9.3782e-69
0.745 0.157 2.26596e-61
0.745 0.206 2.09582e-54
0.745 0.255 7.42032e-48
0.745 0.304 1.00568e-41
0.745 0.353 5.21756e-36
0.745 0.402 1.0362e-30
0.745 0.451 7.87753e-26
0.745 0.5 2.29248e-21
0.745 0.549 2.55383e-17
0.745 0.598 1.08905e-13
0.745 0.647 1.77776e-10
0.745 0.696 1.11089e-07
0.745 0.745 2.65729e-05
0.745 0.794 0.00243319
0.745 0.843 0.0852876
0.745 0.892 1.14437
0.745 0.941 5.87784
0.745 0.99 11.5569
0.794 0.01 1.05515e-84
0.794 0.059 1.73948e-76
0.794 0.108 1.09796e-68
0.794 0.157 2.65288e-61
0.794 0.206 2.45368e-54
0.794 0.255 8.68736e-48
0.794 0.304 1.17741e-41
0.794 0.353 6.10848e-36
0.794 0.402 1.21314e-30
0.794 0.451 9.22264e-26
0.794 0.5 2.68393e-21
0.794 0.549 2.9899e-17
0.794 0.598 1.27501e-13
0.794 0.647 2.08132e-10
0.794 0.696 1.30058e-07
0.794 0.745 3.11103e-05
0.794 0.794 0.00284867
0.794 0.843 0.0998507
0.794 0.892 1.33977
0.794 0.941 6.8815
0.794 0.99 13.5302
0.843 0.01 1.18454e-84
0.843 0.059 1.95279e-76
0.843 0.108 1.2326e-68
0.843 0.157 2.9782e-61
0.843 0.206 2.75458e-54
0.843 0.255 9.75269e-48
0.843 0.304 1.32179e-41
0.843 0.353 6.85756e-36
0.843 0.402 1.3619e-30
0.843 0.451 1.03536e-25
0.843 0.5 3.01306e-21
0.843 0.549 3.35655e-17
0.843 0.598 1.43136e-13
0.843 0.647 2.33655e-10
0.843 0.696 1.46007e-07
0.843 0.745 3.49253e-05
0.843 0.794 0.003198
0.843 0.843 0.112095
0.843 0.892 1.50407
0.843 0.941 7.72537
0.843 0.99 15.1894
0.892 0.01 1.95311e-84
0.892 0.059 3.21984e-76
0.892 0.108 2.03235e-68
0.892 0.157 4.91057e-61
0.892 0.206 4.54185e-54
0.892 0.255 1.60806e-47
0.892 0.304 2.17942e-41
0.892 0.353 1.1307e-35
0.892 0.402 2.24556e-30
0.892 0.451 1.70714e-25
0.892 0.5 4.96804e-21
0.892 0.549 5.53441e-17
0.892 0.598 2.36008e-13
0.892 0.647 3.8526e-10
0.892 0.696 2.40741e-07
0.892 0.745 5.75861e-05
0.892 0.794 0.00527298
0.892 0.843 0.184827
0.892 0.892 2.47997
0.892 0.941 12.7379
0.892 0.99 25.0449
0.941 0.01 4.80654e-84
0.941 0.059 7.92389e-76
0.941 0.108 5.00154e-68
0.941 0.157 1.20847e-60
0.941 0.206 1.11773e-53
0.941 0.255 3.95737e-47
0.941 0.304 5.36346e-41
0.941 0.353 2.78261e-35
0.941 0.402 5.52622e-30
0.941 0.451 4.20121e-25
0.941 0.5 1.22262e-20
0.941 0.549 1.362e-16
0.941 0.598 5.80807e-13
0.941 0.647 9.48109e-10
0.941 0.696 5.92455e-07
0.941 0.745 0.000141717
0.941 0.794 0.0129766
0.941 0.843 0.454852
0.941 0.892 6.1031
0.941 0.941 31.3474
0.941 0.99 61.6346
0.99 0.01 8.09228e-84
0.99 0.059 1.33407e-75
0.99 0.108 8.42059e-68
0.99 0.157 2.03458e-60
0.99 0.206 1.88181e-53
0.99 0.255 6.66263e-47
0.99 0.304 9.02992e-41
0.99 0.353 4.6848e-35
0.99 0.402 9.30395e-30
0.99 0.451 7.07315e-25
0.99 0.5 2.0584e-20
0.99 0.549 2.29306e-16
0.99 0.598 9.77846e-13
0.99 0.647 1.59624e-09
0.99 0.696 9.97456e-07
0.99 0.745 0.000238595
0.99 0.794 0.0218474
0.99 0.843 0.765789
0.99 0.892 10.2752
0.99 0.941 52.7765
0.99 0.99 103.768
