0.01 0.01 0.900134
0.01 0.059 0.573372
0.01 0.108 0.244766
0.01 0.157 0.0971209
0.01 0.206 0.0799912
0.01 0.255 0.109212
0.01 0.304 0.142946
0.01 0.353 0.114008
0.01 0.402 0.043614
0.01 0.451 0.0373075
0.01 0.5 0.0950701
0.01 0.549 0.156999
0.01 0.598 0.154584
0.01 0.647 0.12145
0.01 0.696 0.17438
0.01 0.745 0.249859
0.01 0.794 0.28488
0.01 0.843 0.307552
0.01 0.892 0.368859
0.01 0.941 0.619456
0.01 0.99 0.925667
0.059 0.01 1.36759
0.059 0.059 0.871136
0.059 0.108 0.371877
0.059 0.157 0.147558
0.059 0.206 0.121532
0.059 0.255 0.165928
0.059 0.304 0.217181
0.059 0.353 0.173215
0.059 0.402 0.0662636
0.059 0.451 0.0566819
0.059 0.5 0.144442
0.059 0.549 0.238531
0.059 0.598 0.234862
0.059 0.647 0.184522
0.059 0.696 0.264938
0.059 0.745 0.379616
0.059 0.794 0.432824
0.059 0.843 0.46727
0.059 0.892 0.560415
0.059 0.941 0.941152
0.059 0.99 1.40638
0.108 0.01 2.01468
0.108 0.059 1.28332
0.108 0.108 0.547835
0.108 0.157 0.217376
0.108 0.206 0.179036
0.108 0.255 0.244438
0.108 0.304 0.319942
0.108 0.353 0.255174
0.108 0.402 0.0976169
0.108 0.451 0.0835016
0.108 0.5 0.212786
0.108 0.549 0.351395
0.108 0.598 0.34599
0.108 0.647 0.27183
0.108 0.696 0.390297
0.108 0.745 0.559235
0.108 0.794 0.637619
0.108 0.843 0.688365
0.108 0.892 0.825581
0.108 0.941 1.38647
0.108 0.99 2.07183
0.157 0.01 2.22735
0.157 0.059 1.41879
0.157 0.108 0.605663
0.157 0.157 0.240322
0.157 0.206 0.197935
0.157 0.255 0.270241
0.157 0.304 0.353715
0.157 0.353 0.282109
0.157 0.402 0.107921
0.157 0.451 0.0923158
0.157 0.5 0.235247
0.157 0.549 0.388487
0.157 0.598 0.382511
0.157 0.647 0.300524
0.157 0.696 0.431495
0.157 0.745 0.618266
0.157 0.794 0.704925
0.157 0.843 0.761026
0.157 0.892 0.912727
0.157 0.941 1.53282
0.157 0.99 2.29053
0.206 0.01 2.24171
0.206 0.059 1.42794
0.206 0.108 0.609571
0.206 0.157 0.241872
0.206 0.206 0.199212
0.206 0.255 0.271984
0.206 0.304 0.355996
0.206 0.353 0.283929
0.206 0.402 0.108617
0.206 0.451 0.0929114
0.206 0.5 0.236765
0.206 0.549 0.390993
0.206 0.598 0.384979
0.206 0.647 0.302463
0.206 0.696 0.434279
0.206 0.745 0.622255
0.206 0.794 0.709472
0.206 0.843 0.765936
0.206 0.892 0.918615
0.206 0.941 1.54271
0.206 0.99 2.3053
0.255 0.01 2.82809
0.255 0.059 1.80145
0.255 0.108 0.769018
0.255 0.157 0.30514
0.255 0.206 0.251321
0.255 0.255 0.343128
0.255 0.304 0.449116
0.255 0.353 0.358197
0.255 0.402 0.137029
0.255 0.451 0.117215
0.255 0.5 0.298696
0.255 0.549 0.493267
0.255 0.598 0.485679
0.255 0.647 0.381579
0.255 0.696 0.547875
0.255 0.745 0.78502
0.255 0.794 0.895051
0.255 0.843 0.966284
0.255 0.892 1.1589
0.255 0.941 1.94624
0.255 0.99 2.90831
0.304 0.01 2.82076
0.304 0.059 1.79678
0.304 0.108 0.767025
0.304 0.157 0.304349
0.304 0.206 0.250669
0.304 0.255 0.342238
0.304 0.304 0.447952
0.304 0.353 0.357269
0.304 0.402 0.136674
0.304 0.451 0.116911
0.304 0.5 0.297922
0.304 0.549 0.491988
0.304 0.598 0.48442
0.304 0.647 0.38059
0.304 0.696 0.546455
0.304 0.745 0.782985
0.304 0.794 0.892732
0.304 0.843 0.96378
0.304 0.892 1.1559
0.304 0.941 1.9412
0.304 0.99 2.90077
0.353 0.01 2.57005
0.353 0.059 1.63709
0.353 0.108 0.698853
0.353 0.157 0.277299
0.353 0.206 0.22839
0.353 0.255 0.311821
0.353 0.304 0.408138
0.353 0.353 0.325515
0.353 0.402 0.124526
0.353 0.451 0.10652
0.353 0.5 0.271443
0.353 0.549 0.448261
0.353 0.598 0.441366
0.353 0.647 0.346763
0.353 0.696 0.497887
0.353 0.745 0.713395
0.353 0.794 0.813386
0.353 0.843 0.87812
0.353 0.892 1.05316
0.353 0.941 1.76866
0.353 0.99 2.64296
0.402 0.01 2.39386
0.402 0.059 1.52485
0.402 0.108 0.650942
0.402 0.157 0.258288
0.402 0.206 0.212732
0.402 0.255 0.290443
0.402 0.304 0.380158
0.402 0.353 0.303199
0.402 0.402 0.115989
0.402 0.451 0.0992172
0.402 0.5 0.252834
0.402 0.549 0.41753
0.402 0.598 0.411107
0.402 0.647 0.322991
0.402 0.696 0.463753
0.402 0.745 0.664487
0.402 0.794 0.757624
0.402 0.843 0.81792
0.402 0.892 0.980961
0.402 0.941 1.64741
0.402 0.99 2.46176
0.451 0.01 1.48462
0.451 0.059 0.945685
0.451 0.108 0.403701
0.451 0.157 0.160185
0.451 0.206 0.131932
0.451 0.255 0.180127
0.451 0.304 0.235766
0.451 0.353 0.188038
0.451 0.402 0.0719342
0.451 0.451 0.0615326
0.451 0.5 0.156803
0.451 0.549 0.258944
0.451 0.598 0.254961
0.451 0.647 0.200312
0.451 0.696 0.287611
0.451 0.745 0.412102
0.451 0.794 0.469863
0.451 0.843 0.507258
0.451 0.892 0.608373
0.451 0.941 1.02169
0.451 0.99 1.52674
0.5 0.01 1.09562
0.5 0.059 0.697894
0.5 0.108 0.297922
0.5 0.157 0.118213
0.5 0.206 0.0973632
0.5 0.255 0.13293
0.5 0.304 0.17399
0.5 0.353 0.138768
0.5 0.402 0.0530858
0.5 0.451 0.0454097
0.5 0.5 0.115717
0.5 0.549 0.191095
0.5 0.598 0.188155
0.5 0.647 0.147826
0.5 0.696 0.21225
0.5 0.745 0.304122
0.5 0.794 0.346749
0.5 0.843 0.374345
0.5 0.892 0.448965
0.5 0.941 0.753986
0.5 0.99 1.1267
0.549 0.01 1.8329
0.549 0.059 1.16753
0.549 0.108 0.498404
0.549 0.157 0.197762
0.549 0.206 0.162882
0.549 0.255 0.222383
0.549 0.304 0.291074
0.549 0.353 0.232149
0.549 0.402 0.0888089
0.549 0.451 0.0759673
0.549 0.5 0.193586
0.549 0.549 0.319688
0.549 0.598 0.314771
0.549 0.647 0.247303
0.549 0.696 0.35508
0.549 0.745 0.508775
0.549 0.794 0.580087
0.549 0.843 0.626253
0.549 0.892 0.751089
0.549 0.941 1.26137
0.549 0.99 1.88489
0.598 0.01 2.4842
0.598 0.059 1.5824
0.598 0.108 0.675508
0.598 0.157 0.268036
0.598 0.206 0.220761
0.598 0.255 0.301405
0.598 0.304 0.394505
0.598 0.353 0.314642
0.598 0.402 0.120366
0.598 0.451 0.102962
0.598 0.5 0.262376
0.598 0.549 0.433287
0.598 0.598 0.426622
0.598 0.647 0.33518
0.598 0.696 0.481255
0.598 0.745 0.689564
0.598 0.794 0.786216
0.598 0.843 0.848787
0.598 0.892 1.01798
0.598 0.941 1.70958
0.598 0.99 2.55467
0.647 0.01 3.09948
0.647 0.059 1.97433
0.647 0.108 0.842817
0.647 0.157 0.334422
0.647 0.206 0.275439
0.647 0.255 0.376056
0.647 0.304 0.492215
0.647 0.353 0.392572
0.647 0.402 0.150179
0.647 0.451 0.128463
0.647 0.5 0.327361
0.647 0.549 0.540603
0.647 0.598 0.532287
0.647 0.647 0.418197
0.647 0.696 0.600452
0.647 0.745 0.860354
0.647 0.794 0.980945
0.647 0.843 1.05901
0.647 0.892 1.27011
0.647 0.941 2.13301
0.647 0.99 3.18741
0.696 0.01 6.45828
0.696 0.059 4.11383
0.696 0.108 1.75614
0.696 0.157 0.696823
0.696 0.206 0.57392
0.696 0.255 0.783573
0.696 0.304 1.02561
0.696 0.353 0.817986
0.696 0.402 0.312921
0.696 0.451 0.267673
0.696 0.5 0.682108
0.696 0.549 1.12643
0.696 0.598 1.10911
0.696 0.647 0.871381
0.696 0.696 1.25114
0.696 0.745 1.79269
0.696 0.794 2.04396
0.696 0.843 2.20663
0.696 0.892 2.64649
0.696 0.941 4.44447
0.696 0.99 6.64147
0.745 0.01 10.2226
0.745 0.059 6.51162
0.745 0.108 2.77973
0.745 0.157 1.10297
0.745 0.206 0.908437
0.745 0.255 1.24029
0.745 0.304 1.6234
0.745 0.353 1.29476
0.745 0.402 0.495311
0.745 0.451 0.42369
0.745 0.5 1.07968
0.745 0.549 1.78299
0.745 0.598 1.75556
0.745 0.647 1.37927
0.745 0.696 1.98038
0.745 0.745 2.83757
0.745 0.794 3.2353
0.745 0.843 3.49278
0.745 0.892 4.18902
0.745 0.941 7.03498
0.745 0.99 10.5125
0.794 0.01 8.18563
0.794 0.059 5.21413
0.794 0.108 2.22585
0.794 0.157 0.883198
0.794 0.206 0.727424
0.794 0.255 0.993151
0.794 0.304 1.29992
0.794 0.353 1.03677
0.794 0.402 0.396617
0.794 0.451 0.339266
0.794 0.5 0.864548
0.794 0.549 1.42771
0.794 0.598 1.40575
0.794 0.647 1.10444
0.794 0.696 1.58577
0.794 0.745 2.27217
0.794 0.794 2.59064
0.794 0.843 2.79682
0.794 0.892 3.35433
0.794 0.941 5.63321
0.794 0.99 8.41783
0.843 0.01 4.52829
0.843 0.059 2.88446
0.843 0.108 1.23134
0.843 0.157 0.488585
0.843 0.206 0.402411
0.843 0.255 0.549411
0.843 0.304 0.719117
0.843 0.353 0.57354
0.843 0.402 0.219408
0.843 0.451 0.187682
0.843 0.5 0.478268
0.843 0.549 0.789811
0.843 0.598 0.777662
0.843 0.647 0.610978
0.843 0.696 0.877249
0.843 0.745 1.25696
0.843 0.794 1.43314
0.843 0.843 1.5472
0.843 0.892 1.85561
0.843 0.941 3.11629
0.843 0.99 4.65674
0.892 0.01 3.61638
0.892 0.059 2.30359
0.892 0.108 0.983373
0.892 0.157 0.390194
0.892 0.206 0.321373
0.892 0.255 0.438771
0.892 0.304 0.574301
0.892 0.353 0.458041
0.892 0.402 0.175224
0.892 0.451 0.149887
0.892 0.5 0.381954
0.892 0.549 0.630759
0.892 0.598 0.621057
0.892 0.647 0.487939
0.892 0.696 0.700589
0.892 0.745 1.00384
0.892 0.794 1.14454
0.892 0.843 1.23562
0.892 0.892 1.48193
0.892 0.941 2.48873
0.892 0.99 3.71897
0.941 0.01 4.80636
0.941 0.059 3.06159
0.941 0.108 1.30695
0.941 0.157 0.518588
0.941 0.206 0.427122
0.941 0.255 0.583149
0.941 0.304 0.763277
0.941 0.353 0.60876
0.941 0.402 0.232882
0.941 0.451 0.199207
0.941 0.5 0.507637
0.941 0.549 0.838311
0.941 0.598 0.825417
0.941 0.647 0.648497
0.941 0.696 0.931119
0.941 0.745 1.33415
0.941 0.794 1.52115
0.941 0.843 1.64221
0.941 0.892 1.96956
0.941 0.941 3.30765
0.941 0.99 4.9427
0.99 0.01 6.59298
0.99 0.059 4.19963
0.99 0.108 1.79277
0.99 0.157 0.711357
0.99 0.206 0.585891
0.99 0.255 0.799916
0.99 0.304 1.047
0.99 0.353 0.835047
0.99 0.402 0.319448
0.99 0.451 0.273256
0.99 0.5 0.696335
0.99 0.549 1.14993
0.99 0.598 1.13224
0.99 0.647 0.889555
0.99 0.696 1.27723
0.99 0.745 1.83008
0.99 0.794 2.08659
0.99 0.843 2.25265
0.99 0.892 2.70169
0.99 0.941 4.53717
0.99 0.99 6.78
