0.01 0.01 1.20956e-33
0.01 0.059 1.18546e-28
0.01 0.108 4.47773e-24
0.01 0.157 6.47339e-20
0.01 0.206 3.58186e-16
0.01 0.255 7.58562e-13
0.01 0.304 6.14867e-10
0.01 0.353 1.90765e-07
0.01 0.402 2.26585e-05
0.01 0.451 0.0010314
0.01 0.5 0.0180852
0.01 0.549 0.125326
0.01 0.598 0.386148
0.01 0.647 0.762005
0.01 0.696 1.35823
0.01 0.745 1.96219
0.01 0.794 2.32216
0.01 0.843 2.60234
0.01 0.892 3.36409
0.01 0.941 6.59996
0.01 0.99 10.5661
0.059 0.01 8.00364e-34
0.059 0.059 7.84419e-29
0.059 0.108 2.96291e-24
0.059 0.157 4.28344e-20
0.059 0.206 2.37012e-16
0.059 0.255 5.0194e-13
0.059 0.304 4.06857e-10
0.059 0.353 1.26229e-07
0.059 0.402 1.49931e-05
0.059 0.451 0.000682476
0.059 0.5 0.011967
0.059 0.549 0.0829284
0.059 0.598 0.255514
0.059 0.647 0.504219
0.059 0.696 0.898738
0.059 0.745 1.29838
0.059 0.794 1.53657
0.059 0.843 1.72196
0.059 0.892 2.22602
0.059 0.941 4.36719
0.059 0.99 6.99157
0.108 0.01 4.71435e-34
0.108 0.059 4.62044e-29
0.108 0.108 1.74523e-24
0.108 0.157 2.52306e-20
0.108 0.206 1.39606e-16
0.108 0.255 2.95656e-13
0.108 0.304 2.3965e-10
0.108 0.353 7.43521e-08
0.108 0.402 8.83132e-06
0.108 0.451 0.000401996
0.108 0.5 0.00704887
0.108 0.549 0.048847
0.108 0.598 0.150505
0.108 0.647 0.296998
0.108 0.696 0.52938
0.108 0.745 0.764779
0.108 0.794 0.905081
0.108 0.843 1.01428
0.108 0.892 1.31118
0.108 0.941 2.57239
0.108 0.99 4.11822
0.157 0.01 5.66434e-34
0.157 0.059 5.5515e-29
0.157 0.108 2.09691e-24
0.157 0.157 3.03148e-20
0.157 0.206 1.67738e-16
0.157 0.255 3.55233e-13
0.157 0.304 2.87941e-10
0.157 0.353 8.93348e-08
0.157 0.402 1.06109e-05
0.157 0.451 0.000483002
0.157 0.5 0.00846929
0.157 0.549 0.0586902
0.157 0.598 0.180833
0.157 0.647 0.356846
0.157 0.696 0.636055
0.157 0.745 0.91889
0.157 0.794 1.08746
0.157 0.843 1.21867
0.157 0.892 1.5754
0.157 0.941 3.09075
0.157 0.99 4.94808
0.206 0.01 6.30571e-34
0.206 0.059 6.1801e-29
0.206 0.108 2.33435e-24
0.206 0.157 3.37473e-20
0.206 0.206 1.86731e-16
0.206 0.255 3.95457e-13
0.206 0.304 3.20545e-10
0.206 0.353 9.94502e-08
0.206 0.402 1.18124e-05
0.206 0.451 0.000537693
0.206 0.5 0.00942827
0.206 0.549 0.0653357
0.206 0.598 0.201308
0.206 0.647 0.397252
0.206 0.696 0.708076
0.206 0.745 1.02294
0.206 0.794 1.2106
0.206 0.843 1.35666
0.206 0.892 1.75378
0.206 0.941 3.44072
0.206 0.99 5.50836
0.255 0.01 5.54869e-34
0.255 0.059 5.43815e-29
0.255 0.108 2.0541e-24
0.255 0.157 2.96958e-20
0.255 0.206 1.64313e-16
0.255 0.255 3.47981e-13
0.255 0.304 2.82062e-10
0.255 0.353 8.75108e-08
0.255 0.402 1.03943e-05
0.255 0.451 0.000473141
0.255 0.5 0.00829637
0.255 0.549 0.0574919
0.255 0.598 0.177141
0.255 0.647 0.34956
0.255 0.696 0.623069
0.255 0.745 0.900129
0.255 0.794 1.06526
0.255 0.843 1.19379
0.255 0.892 1.54323
0.255 0.941 3.02765
0.255 0.99 4.84706
0.304 0.01 7.89815e-34
0.304 0.059 7.7408e-29
0.304 0.108 2.92386e-24
0.304 0.157 4.22698e-20
0.304 0.206 2.33888e-16
0.304 0.255 4.95324e-13
0.304 0.304 4.01495e-10
0.304 0.353 1.24565e-07
0.304 0.402 1.47955e-05
0.304 0.451 0.000673481
0.304 0.5 0.0118093
0.304 0.549 0.0818354
0.304 0.598 0.252146
0.304 0.647 0.497573
0.304 0.696 0.886892
0.304 0.745 1.28127
0.304 0.794 1.51632
0.304 0.843 1.69927
0.304 0.892 2.19668
0.304 0.941 4.30963
0.304 0.99 6.89942
0.353 0.01 1.29419e-33
0.353 0.059 1.26841e-28
0.353 0.108 4.79103e-24
0.353 0.157 6.92632e-20
0.353 0.206 3.83248e-16
0.353 0.255 8.11638e-13
0.353 0.304 6.57889e-10
0.353 0.353 2.04112e-07
0.353 0.402 2.42438e-05
0.353 0.451 0.00110356
0.353 0.5 0.0193506
0.353 0.549 0.134095
0.353 0.598 0.413167
0.353 0.647 0.815322
0.353 0.696 1.45326
0.353 0.745 2.09948
0.353 0.794 2.48464
0.353 0.843 2.78442
0.353 0.892 3.59947
0.353 0.941 7.06175
0.353 0.99 11.3054
0.402 0.01 1.89427e-33
0.402 0.059 1.85654e-28
0.402 0.108 7.01252e-24
0.402 0.157 1.01379e-19
0.402 0.206 5.60952e-16
0.402 0.255 1.18798e-12
0.402 0.304 9.62937e-10
0.402 0.353 2.98754e-07
0.402 0.402 3.54851e-05
0.402 0.451 0.00161526
0.402 0.5 0.0283231
0.402 0.549 0.196272
0.402 0.598 0.604743
0.402 0.647 1.19337
0.402 0.696 2.1271
0.402 0.745 3.07296
0.402 0.794 3.63671
0.402 0.843 4.07549
0.402 0.892 5.26847
0.402 0.941 10.3361
0.402 0.99 16.5474
0.451 0.01 2.40184e-33
0.451 0.059 2.35399e-28
0.451 0.108 8.8915e-24
0.451 0.157 1.28543e-19
0.451 0.206 7.11256e-16
0.451 0.255 1.50629e-12
0.451 0.304 1.22095e-09
0.451 0.353 3.78804e-07
0.451 0.402 4.49933e-05
0.451 0.451 0.00204806
0.451 0.5 0.0359121
0.451 0.549 0.248863
0.451 0.598 0.766781
0.451 0.647 1.51313
0.451 0.696 2.69705
0.451 0.745 3.89635
0.451 0.794 4.61115
0.451 0.843 5.1675
0.451 0.892 6.68013
0.451 0.941 13.1056
0.451 0.99 20.9812
0.5 0.01 2.29981e-33
0.5 0.059 2.25399e-28
0.5 0.108 8.51378e-24
0.5 0.157 1.23083e-19
0.5 0.206 6.81042e-16
0.5 0.255 1.4423e-12
0.5 0.304 1.16909e-09
0.5 0.353 3.62713e-07
0.5 0.402 4.30819e-05
0.5 0.451 0.00196106
0.5 0.5 0.0343866
0.5 0.549 0.238291
0.5 0.598 0.734208
0.5 0.647 1.44885
0.5 0.696 2.58248
0.5 0.745 3.73083
0.5 0.794 4.41527
0.5 0.843 4.94798
0.5 0.892 6.39636
0.5 0.941 12.5489
0.5 0.99 20.09
0.549 0.01 1.47156e-33
0.549 0.059 1.44225e-28
0.549 0.108 5.44766e-24
0.549 0.157 7.8756e-20
0.549 0.206 4.35774e-16
0.549 0.255 9.22876e-13
0.549 0.304 7.48055e-10
0.549 0.353 2.32087e-07
0.549 0.402 2.75666e-05
0.549 0.451 0.00125481
0.549 0.5 0.0220027
0.549 0.549 0.152474
0.549 0.598 0.469793
0.549 0.647 0.927065
0.549 0.696 1.65244
0.549 0.745 2.38722
0.549 0.794 2.82517
0.549 0.843 3.16603
0.549 0.892 4.0928
0.549 0.941 8.02959
0.549 0.99 12.8548
0.598 0.01 7.26413e-34
0.598 0.059 7.11942e-29
0.598 0.108 2.68915e-24
0.598 0.157 3.88766e-20
0.598 0.206 2.15113e-16
0.598 0.255 4.55563e-13
0.598 0.304 3.69265e-10
0.598 0.353 1.14566e-07
0.598 0.402 1.36078e-05
0.598 0.451 0.000619417
0.598 0.5 0.0108613
0.598 0.549 0.0752661
0.598 0.598 0.231905
0.598 0.647 0.45763
0.598 0.696 0.815697
0.598 0.745 1.17841
0.598 0.794 1.3946
0.598 0.843 1.56286
0.598 0.892 2.02034
0.598 0.941 3.96367
0.598 0.99 6.34558
0.647 0.01 6.01155e-34
0.647 0.059 5.89179e-29
0.647 0.108 2.22545e-24
0.647 0.157 3.2173e-20
0.647 0.206 1.7802e-16
0.647 0.255 3.77008e-13
0.647 0.304 3.05591e-10
0.647 0.353 9.48108e-08
0.647 0.402 1.12613e-05
0.647 0.451 0.000512609
0.647 0.5 0.00898843
0.647 0.549 0.0622877
0.647 0.598 0.191917
0.647 0.647 0.37872
0.647 0.696 0.675044
0.647 0.745 0.975215
0.647 0.794 1.15412
0.647 0.843 1.29337
0.647 0.892 1.67197
0.647 0.941 3.2802
0.647 0.99 5.25139
0.696 0.01 6.09429e-34
0.696 0.059 5.97288e-29
0.696 0.108 2.25608e-24
0.696 0.157 3.26158e-20
0.696 0.206 1.8047e-16
0.696 0.255 3.82197e-13
0.696 0.304 3.09798e-10
0.696 0.353 9.61157e-08
0.696 0.402 1.14163e-05
0.696 0.451 0.000519664
0.696 0.5 0.00911215
0.696 0.549 0.063145
0.696 0.598 0.194559
0.696 0.647 0.383932
0.696 0.696 0.684335
0.696 0.745 0.988638
0.696 0.794 1.17001
0.696 0.843 1.31117
0.696 0.892 1.69498
0.696 0.941 3.32535
0.696 0.99 5.32366
0.745 0.01 3.8154e-34
0.745 0.059 3.73939e-29
0.745 0.108 1.41244e-24
0.745 0.157 2.04195e-20
0.745 0.206 1.12985e-16
0.745 0.255 2.39279e-13
0.745 0.304 1.93952e-10
0.745 0.353 6.01743e-08
0.745 0.402 7.14733e-06
0.745 0.451 0.000325342
0.745 0.5 0.00570476
0.745 0.549 0.0395327
0.745 0.598 0.121806
0.745 0.647 0.240365
0.745 0.696 0.428436
0.745 0.745 0.618948
0.745 0.794 0.732497
0.745 0.843 0.820875
0.745 0.892 1.06116
0.745 0.941 2.08188
0.745 0.99 3.33294
0.794 0.01 2.896e-34
0.794 0.059 2.83831e-29
0.794 0.108 1.07209e-24
0.794 0.157 1.5499e-20
0.794 0.206 8.57593e-17
0.794 0.255 1.8162e-13
0.794 0.304 1.47215e-10
0.794 0.353 4.56741e-08
0.794 0.402 5.42503e-06
0.794 0.451 0.000246944
0.794 0.5 0.00433008
0.794 0.549 0.0300064
0.794 0.598 0.0924541
0.794 0.647 0.182444
0.794 0.696 0.325195
0.794 0.745 0.4698
0.794 0.794 0.555986
0.794 0.843 0.623068
0.794 0.892 0.805452
0.794 0.941 1.5802
0.794 0.99 2.5298
0.843 0.01 4.53704e-34
0.843 0.059 4.44666e-29
0.843 0.108 1.67959e-24
0.843 0.157 2.42816e-20
0.843 0.206 1.34355e-16
0.843 0.255 2.84536e-13
0.843 0.304 2.30636e-10
0.843 0.353 7.15557e-08
0.843 0.402 8.49917e-06
0.843 0.451 0.000386877
0.843 0.5 0.00678376
0.843 0.549 0.0470098
0.843 0.598 0.144844
0.843 0.647 0.285828
0.843 0.696 0.50947
0.843 0.745 0.736015
0.843 0.794 0.87104
0.843 0.843 0.976134
0.843 0.892 1.26187
0.843 0.941 2.47564
0.843 0.99 3.96333
0.892 0.01 6.17501e-34
0.892 0.059 6.052e-29
0.892 0.108 2.28596e-24
0.892 0.157 3.30478e-20
0.892 0.206 1.82861e-16
0.892 0.255 3.8726e-13
0.892 0.304 3.13901e-10
0.892 0.353 9.73888e-08
0.892 0.402 1.15676e-05
0.892 0.451 0.000526548
0.892 0.5 0.00923285
0.892 0.549 0.0639814
0.892 0.598 0.197136
0.892 0.647 0.389018
0.892 0.696 0.6934
0.892 0.745 1.00173
0.892 0.794 1.18551
0.892 0.843 1.32854
0.892 0.892 1.71743
0.892 0.941 3.3694
0.892 0.99 5.39418
0.941 0.01 6.36592e-34
0.941 0.059 6.2391e-29
0.941 0.108 2.35663e-24
0.941 0.157 3.40695e-20
0.941 0.206 1.88514e-16
0.941 0.255 3.99232e-13
0.941 0.304 3.23605e-10
0.941 0.353 1.004e-07
0.941 0.402 1.19252e-05
0.941 0.451 0.000542826
0.941 0.5 0.00951828
0.941 0.549 0.0659594
0.941 0.598 0.20323
0.941 0.647 0.401044
0.941 0.696 0.714836
0.941 0.745 1.0327
0.941 0.794 1.22216
0.941 0.843 1.36961
0.941 0.892 1.77053
0.941 0.941 3.47357
0.941 0.99 5.56094
0.99 0.01 6.39475e-34
0.99 0.059 6.26736e-29
0.99 0.108 2.36731e-24
0.99 0.157 3.42238e-20
0.99 0.206 1.89368e-16
0.99 0.255 4.01041e-13
0.99 0.304 3.25071e-10
0.99 0.353 1.00854e-07
0.99 0.402 1.19792e-05
0.99 0.451 0.000545285
0.99 0.5 0.0095614
0.99 0.549 0.0662582
0.99 0.598 0.204151
0.99 0.647 0.402861
0.99 0.696 0.718074
0.99 0.745 1.03738
0.99 0.794 1.22769
0.99 0.843 1.37582
0.99 0.892 1.77855
0.99 0.941 3.4893
0.99 0.99 5.58613
