0.01 0.01 6.21825e-06
0.01 0.059 5.08253e-06
0.01 0.108 2.52724e-06
0.01 0.157 6.73218e-07
0.01 0.206 6.3881e-07
0.01 0.255 1.49843e-06
0.01 0.304 1.70188e-06
0.01 0.353 2.01759e-06
0.01 0.402 3.23893e-06
0.01 0.451 2.66015e-06
0.01 0.5 1.45424e-06
0.01 0.549 2.41705e-06
0.01 0.598 4.23991e-06
0.01 0.647 4.56168e-06
0.01 0.696 4.65572e-06
0.01 0.745 5.38563e-06
0.01 0.794 5.04897e-06
0.01 0.843 5.9471e-06
0.01 0.892 1.09055e-05
0.01 0.941 2.81158e-05
0.01 0.99 4.78684e-05
0.059 0.01 0.000315505
0.059 0.059 0.000257881
0.059 0.108 0.000128229
0.059 0.157 3.41582e-05
0.059 0.206 3.24124e-05
0.059 0.255 7.60285e-05
0.059 0.304 8.6351e-05
0.059 0.353 0.00010237
0.059 0.402 0.000164339
0.059 0.451 0.000134972
0.059 0.5 7.37862e-05
0.059 0.549 0.000122638
0.059 0.598 0.000215127
0.059 0.647 0.000231454
0.059 0.696 0.000236225
0.059 0.745 0.00027326
0.059 0.794 0.000256178
0.059 0.843 0.000301748
0.059 0.892 0.00055333
0.059 0.941 0.00142656
0.059 0.99 0.00242878
0.108 0.01 0.00701358
0.108 0.059 0.0057326
0.108 0.108 0.00285048
0.108 0.157 0.000759325
0.108 0.206 0.000720516
0.108 0.255 0.00169009
0.108 0.304 0.00191955
0.108 0.353 0.00227565
0.108 0.402 0.0036532
0.108 0.451 0.00300039
0.108 0.5 0.00164024
0.108 0.549 0.0027262
0.108 0.598 0.00478221
0.108 0.647 0.00514514
0.108 0.696 0.0052512
0.108 0.745 0.00607448
0.108 0.794 0.00569475
0.108 0.843 0.00670776
0.108 0.892 0.0123004
0.108 0.941 0.0317119
0.108 0.99 0.053991
0.157 0.01 0.0597491
0.157 0.059 0.0488363
0.157 0.108 0.0242834
0.157 0.157 0.00646873
0.157 0.206 0.00613812
0.157 0.255 0.0143979
0.157 0.304 0.0163528
0.157 0.353 0.0193864
0.157 0.402 0.0311218
0.157 0.451 0.0255605
0.157 0.5 0.0139733
0.157 0.549 0.0232247
0.157 0.598 0.0407399
0.157 0.647 0.0438317
0.157 0.696 0.0447352
0.157 0.745 0.0517488
0.157 0.794 0.0485139
0.157 0.843 0.0571437
0.157 0.892 0.104787
0.157 0.941 0.270155
0.157 0.99 0.459952
0.206 0.01 0.19755
0.206 0.059 0.161469
0.206 0.108 0.0802889
0.206 0.157 0.0213878
0.206 0.206 0.0202947
0.206 0.255 0.0476044
0.206 0.304 0.0540677
0.206 0.353 0.0640978
0.206 0.402 0.102899
0.206 0.451 0.0845115
0.206 0.5 0.0462004
0.206 0.549 0.0767885
0.206 0.598 0.1347
0.206 0.647 0.144922
0.206 0.696 0.14791
0.206 0.745 0.171099
0.206 0.794 0.160403
0.206 0.843 0.188936
0.206 0.892 0.346462
0.206 0.941 0.893224
0.206 0.99 1.52075
0.255 0.01 0.288045
0.255 0.059 0.235435
0.255 0.108 0.117068
0.255 0.157 0.0311852
0.255 0.206 0.0295913
0.255 0.255 0.0694112
0.255 0.304 0.0788353
0.255 0.353 0.09346
0.255 0.402 0.150035
0.255 0.451 0.123225
0.255 0.5 0.0673641
0.255 0.549 0.111964
0.255 0.598 0.196403
0.255 0.647 0.211309
0.255 0.696 0.215665
0.255 0.745 0.249476
0.255 0.794 0.233881
0.255 0.843 0.275485
0.255 0.892 0.50517
0.255 0.941 1.3024
0.255 0.99 2.21739
0.304 0.01 0.368495
0.304 0.059 0.301192
0.304 0.108 0.149765
0.304 0.157 0.0398951
0.304 0.206 0.0378561
0.304 0.255 0.0887976
0.304 0.304 0.100854
0.304 0.353 0.119563
0.304 0.402 0.19194
0.304 0.451 0.157641
0.304 0.5 0.0861787
0.304 0.549 0.143235
0.304 0.598 0.251258
0.304 0.647 0.270326
0.304 0.696 0.275899
0.304 0.745 0.319154
0.304 0.794 0.299203
0.304 0.843 0.352427
0.304 0.892 0.646263
0.304 0.941 1.66615
0.304 0.99 2.8367
0.353 0.01 0.658166
0.353 0.059 0.537956
0.353 0.108 0.267493
0.353 0.157 0.0712562
0.353 0.206 0.0676144
0.353 0.255 0.158601
0.353 0.304 0.180134
0.353 0.353 0.213551
0.353 0.402 0.342822
0.353 0.451 0.281561
0.353 0.5 0.153923
0.353 0.549 0.255831
0.353 0.598 0.44877
0.353 0.647 0.482828
0.353 0.696 0.492781
0.353 0.745 0.570038
0.353 0.794 0.534404
0.353 0.843 0.629467
0.353 0.892 1.15428
0.353 0.941 2.9759
0.353 0.99 5.0666
0.402 0.01 1.17395
0.402 0.059 0.95954
0.402 0.108 0.477122
0.402 0.157 0.127098
0.402 0.206 0.120602
0.402 0.255 0.282892
0.402 0.304 0.321301
0.402 0.353 0.380905
0.402 0.402 0.611484
0.402 0.451 0.502214
0.402 0.5 0.274549
0.402 0.549 0.45632
0.402 0.598 0.80046
0.402 0.647 0.861208
0.402 0.696 0.878962
0.402 0.745 1.01676
0.402 0.794 0.953205
0.402 0.843 1.12276
0.402 0.892 2.05887
0.402 0.941 5.30804
0.402 0.99 9.03717
0.451 0.01 1.99285
0.451 0.059 1.62887
0.451 0.108 0.809938
0.451 0.157 0.215755
0.451 0.206 0.204728
0.451 0.255 0.480223
0.451 0.304 0.545424
0.451 0.353 0.646606
0.451 0.402 1.03802
0.451 0.451 0.852534
0.451 0.5 0.46606
0.451 0.549 0.774626
0.451 0.598 1.35882
0.451 0.647 1.46194
0.451 0.696 1.49208
0.451 0.745 1.72601
0.451 0.794 1.61811
0.451 0.843 1.90595
0.451 0.892 3.49503
0.451 0.941 9.01066
0.451 0.99 15.341
0.5 0.01 2.16251
0.5 0.059 1.76754
0.5 0.108 0.878892
0.5 0.157 0.234124
0.5 0.206 0.222158
0.5 0.255 0.521107
0.5 0.304 0.591859
0.5 0.353 0.701654
0.5 0.402 1.1264
0.5 0.451 0.925114
0.5 0.5 0.505738
0.5 0.549 0.840574
0.5 0.598 1.4745
0.5 0.647 1.58641
0.5 0.696 1.61911
0.5 0.745 1.87295
0.5 0.794 1.75587
0.5 0.843 2.06821
0.5 0.892 3.79258
0.5 0.941 9.77778
0.5 0.99 16.6471
0.549 0.01 1.54109
0.549 0.059 1.25962
0.549 0.108 0.626334
0.549 0.157 0.166846
0.549 0.206 0.158319
0.549 0.255 0.371362
0.549 0.304 0.421783
0.549 0.353 0.500028
0.549 0.402 0.802716
0.549 0.451 0.659274
0.549 0.5 0.36041
0.549 0.549 0.599027
0.549 0.598 1.05079
0.549 0.647 1.13054
0.549 0.696 1.15384
0.549 0.745 1.33474
0.549 0.794 1.2513
0.549 0.843 1.47389
0.549 0.892 2.70275
0.549 0.941 6.96805
0.549 0.99 11.8634
0.598 0.01 1.12761
0.598 0.059 0.921659
0.598 0.108 0.458286
0.598 0.157 0.12208
0.598 0.206 0.115841
0.598 0.255 0.271724
0.598 0.304 0.308616
0.598 0.353 0.365868
0.598 0.402 0.587343
0.598 0.451 0.482388
0.598 0.5 0.26371
0.598 0.549 0.438305
0.598 0.598 0.76886
0.598 0.647 0.827209
0.598 0.696 0.844262
0.598 0.745 0.976624
0.598 0.794 0.915574
0.598 0.843 1.07844
0.598 0.892 1.97759
0.598 0.941 5.09849
0.598 0.99 8.6804
0.647 0.01 1.1722
0.647 0.059 0.958106
0.647 0.108 0.476409
0.647 0.157 0.126908
0.647 0.206 0.120422
0.647 0.255 0.282469
0.647 0.304 0.320821
0.647 0.353 0.380336
0.647 0.402 0.61057
0.647 0.451 0.501464
0.647 0.5 0.274139
0.647 0.549 0.455638
0.647 0.598 0.799265
0.647 0.647 0.859922
0.647 0.696 0.877649
0.647 0.745 1.01525
0.647 0.794 0.95178
0.647 0.843 1.12109
0.647 0.892 2.05579
0.647 0.941 5.30011
0.647 0.99 9.02367
0.696 0.01 1.71756
0.696 0.059 1.40386
0.696 0.108 0.698057
0.696 0.157 0.185952
0.696 0.206 0.176448
0.696 0.255 0.413888
0.696 0.304 0.470082
0.696 0.353 0.557287
0.696 0.402 0.894637
0.696 0.451 0.734769
0.696 0.5 0.401681
0.696 0.549 0.667623
0.696 0.598 1.17112
0.696 0.647 1.26
0.696 0.696 1.28597
0.696 0.745 1.48759
0.696 0.794 1.39459
0.696 0.843 1.64267
0.696 0.892 3.01225
0.696 0.941 7.76597
0.696 0.99 13.2219
0.745 0.01 2.42836
0.745 0.059 1.98484
0.745 0.108 0.986941
0.745 0.157 0.262906
0.745 0.206 0.249469
0.745 0.255 0.585171
0.745 0.304 0.66462
0.745 0.353 0.787914
0.745 0.402 1.26487
0.745 0.451 1.03885
0.745 0.5 0.567912
0.745 0.549 0.943912
0.745 0.598 1.65578
0.745 0.647 1.78144
0.745 0.696 1.81816
0.745 0.745 2.10321
0.745 0.794 1.97173
0.745 0.843 2.32247
0.745 0.892 4.25884
0.745 0.941 10.9798
0.745 0.99 18.6937
0.794 0.01 2.22643
0.794 0.059 1.81979
0.794 0.108 0.904873
0.794 0.157 0.241045
0.794 0.206 0.228725
0.794 0.255 0.536512
0.794 0.304 0.609355
0.794 0.353 0.722396
0.794 0.402 1.15969
0.794 0.451 0.952462
0.794 0.5 0.520688
0.794 0.549 0.865422
0.794 0.598 1.51809
0.794 0.647 1.6333
0.794 0.696 1.66697
0.794 0.745 1.92832
0.794 0.794 1.80778
0.794 0.843 2.12935
0.794 0.892 3.9047
0.794 0.941 10.0668
0.794 0.99 17.1392
0.843 0.01 1.29439
0.843 0.059 1.05798
0.843 0.108 0.526071
0.843 0.157 0.140137
0.843 0.206 0.132975
0.843 0.255 0.311915
0.843 0.304 0.354264
0.843 0.353 0.419983
0.843 0.402 0.674218
0.843 0.451 0.553738
0.843 0.5 0.302716
0.843 0.549 0.503135
0.843 0.598 0.882582
0.843 0.647 0.949562
0.843 0.696 0.969137
0.843 0.745 1.12108
0.843 0.794 1.051
0.843 0.843 1.23795
0.843 0.892 2.2701
0.843 0.941 5.8526
0.843 0.99 9.96432
0.892 0.01 0.657874
0.892 0.059 0.537718
0.892 0.108 0.267375
0.892 0.157 0.0712247
0.892 0.206 0.0675844
0.892 0.255 0.15853
0.892 0.304 0.180054
0.892 0.353 0.213456
0.892 0.402 0.34267
0.892 0.451 0.281437
0.892 0.5 0.153855
0.892 0.549 0.255718
0.892 0.598 0.448571
0.892 0.647 0.482614
0.892 0.696 0.492563
0.892 0.745 0.569786
0.892 0.794 0.534168
0.892 0.843 0.629188
0.892 0.892 1.15377
0.892 0.941 2.97458
0.892 0.99 5.06435
0.941 0.01 0.440939
0.941 0.059 0.360405
0.941 0.108 0.179208
0.941 0.157 0.0477382
0.941 0.206 0.0452984
0.941 0.255 0.106255
0.941 0.304 0.120681
0.941 0.353 0.143069
0.941 0.402 0.229674
0.941 0.451 0.188633
0.941 0.5 0.103121
0.941 0.549 0.171394
0.941 0.598 0.300654
0.941 0.647 0.323471
0.941 0.696 0.330139
0.941 0.745 0.381898
0.941 0.794 0.358025
0.941 0.843 0.421712
0.941 0.892 0.773315
0.941 0.941 1.99371
0.941 0.99 3.39438
0.99 0.01 0.528246
0.99 0.059 0.431765
0.99 0.108 0.214691
0.99 0.157 0.0571905
0.99 0.206 0.0542675
0.99 0.255 0.127293
0.99 0.304 0.144576
0.99 0.353 0.171396
0.99 0.402 0.27515
0.99 0.451 0.225982
0.99 0.5 0.123539
0.99 0.549 0.205331
0.99 0.598 0.360184
0.99 0.647 0.387519
0.99 0.696 0.395508
0.99 0.745 0.457515
0.99 0.794 0.428915
0.99 0.843 0.505212
0.99 0.892 0.926432
0.99 0.941 2.38846
0.99 0.99 4.06647
