0.01 0.01 0.523142
0.01 0.059 0.723928
0.01 0.108 0.990944
0.01 0.157 1.00152
0.01 0.206 1.01113
0.01 0.255 1.21634
0.01 0.304 1.04365
0.01 0.353 0.854147
0.01 0.402 0.986126
0.01 0.451 0.898162
0.01 0.5 0.445763
0.01 0.549 0.349447
0.01 0.598 0.70733
0.01 0.647 1.02552
0.01 0.696 0.882742
0.01 0.745 0.768136
0.01 0.794 1.63929
0.01 0.843 3.43114
0.01 0.892 4.92156
0.01 0.941 5.47149
0.01 0.99 5.97876
0.059 0.01 0.35636
0.059 0.059 0.493133
0.059 0.108 0.675022
0.059 0.157 0.682227
0.059 0.206 0.68877
0.059 0.255 0.828562
0.059 0.304 0.710924
0.059 0.353 0.581837
0.059 0.402 0.67174
0.059 0.451 0.61182
0.059 0.5 0.303649
0.059 0.549 0.23804
0.059 0.598 0.481827
0.059 0.647 0.698572
0.059 0.696 0.601316
0.059 0.745 0.523247
0.059 0.794 1.11667
0.059 0.843 2.33726
0.059 0.892 3.35252
0.059 0.941 3.72713
0.059 0.99 4.07268
0.108 0.01 0.271242
0.108 0.059 0.375347
0.108 0.108 0.513792
0.108 0.157 0.519275
0.108 0.206 0.524256
0.108 0.255 0.630658
0.108 0.304 0.541118
0.108 0.353 0.442864
0.108 0.402 0.511293
0.108 0.451 0.465685
0.108 0.5 0.231122
0.108 0.549 0.181183
0.108 0.598 0.366741
0.108 0.647 0.531716
0.108 0.696 0.45769
0.108 0.745 0.398268
0.108 0.794 0.849949
0.108 0.843 1.779
0.108 0.892 2.55177
0.108 0.941 2.8369
0.108 0.99 3.09991
0.157 0.01 0.277919
0.157 0.059 0.384586
0.157 0.108 0.526438
0.157 0.157 0.532057
0.157 0.206 0.53716
0.157 0.255 0.646181
0.157 0.304 0.554437
0.157 0.353 0.453765
0.157 0.402 0.523879
0.157 0.451 0.477148
0.157 0.5 0.236811
0.157 0.549 0.185643
0.157 0.598 0.375769
0.157 0.647 0.544804
0.157 0.696 0.468956
0.157 0.745 0.408071
0.157 0.794 0.87087
0.157 0.843 1.82279
0.157 0.892 2.61458
0.157 0.941 2.90673
0.157 0.99 3.17621
0.206 0.01 0.289092
0.206 0.059 0.400048
0.206 0.108 0.547603
0.206 0.157 0.553447
0.206 0.206 0.558756
0.206 0.255 0.67216
0.206 0.304 0.576727
0.206 0.353 0.472007
0.206 0.402 0.54494
0.206 0.451 0.496331
0.206 0.5 0.246332
0.206 0.549 0.193107
0.206 0.598 0.390876
0.206 0.647 0.566707
0.206 0.696 0.48781
0.206 0.745 0.424477
0.206 0.794 0.905882
0.206 0.843 1.89607
0.206 0.892 2.71969
0.206 0.941 3.02358
0.206 0.99 3.30391
0.255 0.01 0.288353
0.255 0.059 0.399025
0.255 0.108 0.546202
0.255 0.157 0.552032
0.255 0.206 0.557327
0.255 0.255 0.670441
0.255 0.304 0.575253
0.255 0.353 0.4708
0.255 0.402 0.543547
0.255 0.451 0.495062
0.255 0.5 0.245702
0.255 0.549 0.192613
0.255 0.598 0.389876
0.255 0.647 0.565258
0.255 0.696 0.486562
0.255 0.745 0.423392
0.255 0.794 0.903565
0.255 0.843 1.89122
0.255 0.892 2.71274
0.255 0.941 3.01585
0.255 0.99 3.29546
0.304 0.01 0.279486
0.304 0.059 0.386754
0.304 0.108 0.529406
0.304 0.157 0.535057
0.304 0.206 0.540189
0.304 0.255 0.649824
0.304 0.304 0.557563
0.304 0.353 0.456323
0.304 0.402 0.526832
0.304 0.451 0.479838
0.304 0.5 0.238146
0.304 0.549 0.18669
0.304 0.598 0.377887
0.304 0.647 0.547876
0.304 0.696 0.4716
0.304 0.745 0.410372
0.304 0.794 0.87578
0.304 0.843 1.83307
0.304 0.892 2.62932
0.304 0.941 2.92311
0.304 0.99 3.19412
0.353 0.01 0.296733
0.353 0.059 0.410621
0.353 0.108 0.562076
0.353 0.157 0.568075
0.353 0.206 0.573524
0.353 0.255 0.689925
0.353 0.304 0.59197
0.353 0.353 0.484483
0.353 0.402 0.559343
0.353 0.451 0.509449
0.353 0.5 0.252842
0.353 0.549 0.19821
0.353 0.598 0.401206
0.353 0.647 0.581685
0.353 0.696 0.500702
0.353 0.745 0.435696
0.353 0.794 0.929824
0.353 0.843 1.94618
0.353 0.892 2.79157
0.353 0.941 3.1035
0.353 0.99 3.39123
0.402 0.01 0.264419
0.402 0.059 0.365905
0.402 0.108 0.500867
0.402 0.157 0.506213
0.402 0.206 0.511068
0.402 0.255 0.614794
0.402 0.304 0.527506
0.402 0.353 0.431724
0.402 0.402 0.498432
0.402 0.451 0.453971
0.402 0.5 0.225308
0.402 0.549 0.176626
0.402 0.598 0.357516
0.402 0.647 0.518341
0.402 0.696 0.446177
0.402 0.745 0.38825
0.402 0.794 0.828569
0.402 0.843 1.73425
0.402 0.892 2.48758
0.402 0.941 2.76553
0.402 0.99 3.02193
0.451 0.01 0.262704
0.451 0.059 0.363531
0.451 0.108 0.497617
0.451 0.157 0.502928
0.451 0.206 0.507752
0.451 0.255 0.610804
0.451 0.304 0.524083
0.451 0.353 0.428922
0.451 0.402 0.495198
0.451 0.451 0.451025
0.451 0.5 0.223846
0.451 0.549 0.17548
0.451 0.598 0.355196
0.451 0.647 0.514978
0.451 0.696 0.443282
0.451 0.745 0.385731
0.451 0.794 0.823192
0.451 0.843 1.723
0.451 0.892 2.47144
0.451 0.941 2.74759
0.451 0.99 3.00232
0.5 0.01 0.291673
0.5 0.059 0.403619
0.5 0.108 0.552491
0.5 0.157 0.558388
0.5 0.206 0.563744
0.5 0.255 0.67816
0.5 0.304 0.581876
0.5 0.353 0.476221
0.5 0.402 0.549805
0.5 0.451 0.500761
0.5 0.5 0.24853
0.5 0.549 0.194831
0.5 0.598 0.394365
0.5 0.647 0.571766
0.5 0.696 0.492164
0.5 0.745 0.428266
0.5 0.794 0.913968
0.5 0.843 1.913
0.5 0.892 2.74397
0.5 0.941 3.05058
0.5 0.99 3.3334
0.549 0.01 0.315288
0.549 0.059 0.436298
0.549 0.108 0.597224
0.549 0.157 0.603598
0.549 0.206 0.609387
0.549 0.255 0.733067
0.549 0.304 0.628987
0.549 0.353 0.514778
0.549 0.402 0.59432
0.549 0.451 0.541306
0.549 0.5 0.268653
0.549 0.549 0.210605
0.549 0.598 0.426295
0.549 0.647 0.618059
0.549 0.696 0.532012
0.549 0.745 0.462941
0.549 0.794 0.987968
0.549 0.843 2.06788
0.549 0.892 2.96613
0.549 0.941 3.29757
0.549 0.99 3.60329
0.598 0.01 0.313755
0.598 0.059 0.434177
0.598 0.108 0.594321
0.598 0.157 0.600664
0.598 0.206 0.606425
0.598 0.255 0.729504
0.598 0.304 0.62593
0.598 0.353 0.512276
0.598 0.402 0.591431
0.598 0.451 0.538674
0.598 0.5 0.267347
0.598 0.549 0.209581
0.598 0.598 0.424223
0.598 0.647 0.615055
0.598 0.696 0.529426
0.598 0.745 0.460691
0.598 0.794 0.983165
0.598 0.843 2.05783
0.598 0.892 2.95172
0.598 0.941 3.28154
0.598 0.99 3.58577
0.647 0.01 0.315439
0.647 0.059 0.436507
0.647 0.108 0.59751
0.647 0.157 0.603887
0.647 0.206 0.609679
0.647 0.255 0.733418
0.647 0.304 0.629289
0.647 0.353 0.515025
0.647 0.402 0.594604
0.647 0.451 0.541565
0.647 0.5 0.268781
0.647 0.549 0.210706
0.647 0.598 0.426499
0.647 0.647 0.618355
0.647 0.696 0.532267
0.647 0.745 0.463163
0.647 0.794 0.988441
0.647 0.843 2.06887
0.647 0.892 2.96755
0.647 0.941 3.29914
0.647 0.99 3.60501
0.696 0.01 0.343633
0.696 0.059 0.475522
0.696 0.108 0.650916
0.696 0.157 0.657863
0.696 0.206 0.664173
0.696 0.255 0.798972
0.696 0.304 0.685535
0.696 0.353 0.561058
0.696 0.402 0.647751
0.696 0.451 0.58997
0.696 0.5 0.292805
0.696 0.549 0.229539
0.696 0.598 0.46462
0.696 0.647 0.673625
0.696 0.696 0.579842
0.696 0.745 0.504561
0.696 0.794 1.07679
0.696 0.843 2.25379
0.696 0.892 3.2328
0.696 0.941 3.59403
0.696 0.99 3.92724
0.745 0.01 0.37205
0.745 0.059 0.514845
0.745 0.108 0.704743
0.745 0.157 0.712265
0.745 0.206 0.719096
0.745 0.255 0.865043
0.745 0.304 0.742225
0.745 0.353 0.607455
0.745 0.402 0.701317
0.745 0.451 0.638758
0.745 0.5 0.317019
0.745 0.549 0.248521
0.745 0.598 0.503041
0.745 0.647 0.72933
0.745 0.696 0.627792
0.745 0.745 0.546285
0.745 0.794 1.16583
0.745 0.843 2.44017
0.745 0.892 3.50013
0.745 0.941 3.89123
0.745 0.99 4.252
0.794 0.01 0.379579
0.794 0.059 0.525265
0.794 0.108 0.719005
0.794 0.157 0.726679
0.794 0.206 0.733649
0.794 0.255 0.882549
0.794 0.304 0.757246
0.794 0.353 0.619748
0.794 0.402 0.715509
0.794 0.451 0.651685
0.794 0.5 0.323435
0.794 0.549 0.25355
0.794 0.598 0.513222
0.794 0.647 0.74409
0.794 0.696 0.640497
0.794 0.745 0.557341
0.794 0.794 1.18943
0.794 0.843 2.48955
0.794 0.892 3.57097
0.794 0.941 3.96998
0.794 0.99 4.33805
0.843 0.01 0.358524
0.843 0.059 0.496129
0.843 0.108 0.679123
0.843 0.157 0.686371
0.843 0.206 0.692954
0.843 0.255 0.833595
0.843 0.304 0.715242
0.843 0.353 0.585371
0.843 0.402 0.675821
0.843 0.451 0.615536
0.843 0.5 0.305494
0.843 0.549 0.239486
0.843 0.598 0.484754
0.843 0.647 0.702815
0.843 0.696 0.604969
0.843 0.745 0.526425
0.843 0.794 1.12345
0.843 0.843 2.35146
0.843 0.892 3.37289
0.843 0.941 3.74977
0.843 0.99 4.09742
0.892 0.01 0.344012
0.892 0.059 0.476046
0.892 0.108 0.651633
0.892 0.157 0.658588
0.892 0.206 0.664904
0.892 0.255 0.799852
0.892 0.304 0.68629
0.892 0.353 0.561676
0.892 0.402 0.648464
0.892 0.451 0.59062
0.892 0.5 0.293128
0.892 0.549 0.229792
0.892 0.598 0.465132
0.892 0.647 0.674366
0.892 0.696 0.58048
0.892 0.745 0.505116
0.892 0.794 1.07797
0.892 0.843 2.25627
0.892 0.892 3.23636
0.892 0.941 3.59798
0.892 0.99 3.93156
0.941 0.01 0.365724
0.941 0.059 0.506091
0.941 0.108 0.69276
0.941 0.157 0.700154
0.941 0.206 0.706869
0.941 0.255 0.850334
0.941 0.304 0.729605
0.941 0.353 0.597126
0.941 0.402 0.689391
0.941 0.451 0.627897
0.941 0.5 0.311628
0.941 0.549 0.244295
0.941 0.598 0.494488
0.941 0.647 0.716928
0.941 0.696 0.617117
0.941 0.745 0.536996
0.941 0.794 1.14601
0.941 0.843 2.39867
0.941 0.892 3.44062
0.941 0.941 3.82507
0.941 0.99 4.1797
0.99 0.01 0.379694
0.99 0.059 0.525422
0.99 0.108 0.719221
0.99 0.157 0.726898
0.99 0.206 0.73387
0.99 0.255 0.882814
0.99 0.304 0.757474
0.99 0.353 0.619935
0.99 0.402 0.715725
0.99 0.451 0.651881
0.99 0.5 0.323532
0.99 0.549 0.253626
0.99 0.598 0.513376
0.99 0.647 0.744313
0.99 0.696 0.640689
0.99 0.745 0.557508
0.99 0.794 1.18978
0.99 0.843 2.4903
0.99 0.892 3.57204
0.99 0.941 3.97118
0.99 0.99 4.33935
