0.01 0.01 0.425986
0.01 0.059 0.90837
0.01 0.108 1.44676
0.01 0.157 1.49887
0.01 0.206 1.20549
0.01 0.255 0.880444
0.01 0.304 0.907403
0.01 0.353 0.915776
0.01 0.402 0.515171
0.01 0.451 0.268881
0.01 0.5 0.476325
0.01 0.549 0.811306
0.01 0.598 1.0001
0.01 0.647 1.09129
0.01 0.696 1.47962
0.01 0.745 1.8847
0.01 0.794 2.18258
0.01 0.843 2.42331
0.01 0.892 2.77206
0.01 0.941 3.68494
0.01 0.99 4.66415
0.059 0.01 0.290153
0.059 0.059 0.61872
0.059 0.108 0.985431
0.059 0.157 1.02093
0.059 0.206 0.821097
0.059 0.255 0.599699
0.059 0.304 0.618061
0.059 0.353 0.623764
0.059 0.402 0.350899
0.059 0.451 0.183143
0.059 0.5 0.32444
0.059 0.549 0.552606
0.059 0.598 0.681201
0.059 0.647 0.743311
0.059 0.696 1.00782
0.059 0.745 1.28373
0.059 0.794 1.48662
0.059 0.843 1.65059
0.059 0.892 1.88814
0.059 0.941 2.50993
0.059 0.99 3.1769
0.108 0.01 0.225191
0.108 0.059 0.480196
0.108 0.108 0.764806
0.108 0.157 0.792353
0.108 0.206 0.637264
0.108 0.255 0.465434
0.108 0.304 0.479685
0.108 0.353 0.484111
0.108 0.402 0.272337
0.108 0.451 0.14214
0.108 0.5 0.251802
0.108 0.549 0.428885
0.108 0.598 0.528689
0.108 0.647 0.576893
0.108 0.696 0.782178
0.108 0.745 0.996317
0.108 0.794 1.15379
0.108 0.843 1.28105
0.108 0.892 1.46541
0.108 0.941 1.94799
0.108 0.99 2.46563
0.157 0.01 0.278584
0.157 0.059 0.59405
0.157 0.108 0.946141
0.157 0.157 0.980219
0.157 0.206 0.788358
0.157 0.255 0.575788
0.157 0.304 0.593418
0.157 0.353 0.598894
0.157 0.402 0.336908
0.157 0.451 0.175841
0.157 0.5 0.311504
0.157 0.549 0.530573
0.157 0.598 0.654041
0.157 0.647 0.713674
0.157 0.696 0.967632
0.157 0.745 1.23254
0.157 0.794 1.42735
0.157 0.843 1.58478
0.157 0.892 1.81286
0.157 0.941 2.40986
0.157 0.99 3.05023
0.206 0.01 0.33078
0.206 0.059 0.705353
0.206 0.108 1.12341
0.206 0.157 1.16387
0.206 0.206 0.936066
0.206 0.255 0.683668
0.206 0.304 0.704601
0.206 0.353 0.711103
0.206 0.402 0.400032
0.206 0.451 0.208787
0.206 0.5 0.369868
0.206 0.549 0.629982
0.206 0.598 0.776583
0.206 0.647 0.847389
0.206 0.696 1.14893
0.206 0.745 1.46347
0.206 0.794 1.69478
0.206 0.843 1.88171
0.206 0.892 2.15251
0.206 0.941 2.86137
0.206 0.99 3.62173
0.255 0.01 0.349196
0.255 0.059 0.744623
0.255 0.108 1.18596
0.255 0.157 1.22867
0.255 0.206 0.988182
0.255 0.255 0.721731
0.255 0.304 0.74383
0.255 0.353 0.750694
0.255 0.402 0.422303
0.255 0.451 0.220411
0.255 0.5 0.39046
0.255 0.549 0.665056
0.255 0.598 0.819819
0.255 0.647 0.894567
0.255 0.696 1.2129
0.255 0.745 1.54495
0.255 0.794 1.78914
0.255 0.843 1.98647
0.255 0.892 2.27236
0.255 0.941 3.02068
0.255 0.99 3.82337
0.304 0.01 0.31245
0.304 0.059 0.666266
0.304 0.108 1.06116
0.304 0.157 1.09938
0.304 0.206 0.884196
0.304 0.255 0.645784
0.304 0.304 0.665557
0.304 0.353 0.671698
0.304 0.402 0.377865
0.304 0.451 0.197217
0.304 0.5 0.349372
0.304 0.549 0.595072
0.304 0.598 0.733549
0.304 0.647 0.800432
0.304 0.696 1.08526
0.304 0.745 1.38238
0.304 0.794 1.60087
0.304 0.843 1.77744
0.304 0.892 2.03324
0.304 0.941 2.70281
0.304 0.99 3.42103
0.353 0.01 0.239974
0.353 0.059 0.511719
0.353 0.108 0.815012
0.353 0.157 0.844367
0.353 0.206 0.679097
0.353 0.255 0.495987
0.353 0.304 0.511174
0.353 0.353 0.515891
0.353 0.402 0.290215
0.353 0.451 0.151471
0.353 0.5 0.268332
0.353 0.549 0.457039
0.353 0.598 0.563395
0.353 0.647 0.614764
0.353 0.696 0.833525
0.353 0.745 1.06172
0.353 0.794 1.22953
0.353 0.843 1.36514
0.353 0.892 1.56161
0.353 0.941 2.07587
0.353 0.99 2.62749
0.402 0.01 0.211419
0.402 0.059 0.450829
0.402 0.108 0.718032
0.402 0.157 0.743895
0.402 0.206 0.59829
0.402 0.255 0.436969
0.402 0.304 0.450348
0.402 0.353 0.454504
0.402 0.402 0.255682
0.402 0.451 0.133447
0.402 0.5 0.236402
0.402 0.549 0.402655
0.402 0.598 0.496356
0.402 0.647 0.541612
0.402 0.696 0.734342
0.402 0.745 0.935385
0.402 0.794 1.08322
0.402 0.843 1.2027
0.402 0.892 1.37579
0.402 0.941 1.82886
0.402 0.99 2.31484
0.451 0.01 0.201662
0.451 0.059 0.430022
0.451 0.108 0.684894
0.451 0.157 0.709562
0.451 0.206 0.570678
0.451 0.255 0.416802
0.451 0.304 0.429564
0.451 0.353 0.433528
0.451 0.402 0.243881
0.451 0.451 0.127288
0.451 0.5 0.225492
0.451 0.549 0.384072
0.451 0.598 0.473448
0.451 0.647 0.516615
0.451 0.696 0.700451
0.451 0.745 0.892214
0.451 0.794 1.03323
0.451 0.843 1.14719
0.451 0.892 1.31229
0.451 0.941 1.74445
0.451 0.99 2.20801
0.5 0.01 0.129207
0.5 0.059 0.275521
0.5 0.108 0.438821
0.5 0.157 0.454627
0.5 0.206 0.365641
0.5 0.255 0.267051
0.5 0.304 0.275228
0.5 0.353 0.277767
0.5 0.402 0.156258
0.5 0.451 0.0815553
0.5 0.5 0.144476
0.5 0.549 0.24608
0.5 0.598 0.303345
0.5 0.647 0.331003
0.5 0.696 0.448789
0.5 0.745 0.571654
0.5 0.794 0.662006
0.5 0.843 0.735024
0.5 0.892 0.840804
0.5 0.941 1.11769
0.5 0.99 1.4147
0.549 0.01 0.114417
0.549 0.059 0.243982
0.549 0.108 0.388588
0.549 0.157 0.402584
0.549 0.206 0.323785
0.549 0.255 0.236481
0.549 0.304 0.243722
0.549 0.353 0.245971
0.549 0.402 0.138371
0.549 0.451 0.0722194
0.549 0.5 0.127937
0.549 0.549 0.217911
0.549 0.598 0.26862
0.549 0.647 0.293112
0.549 0.696 0.397415
0.549 0.745 0.506216
0.549 0.794 0.586224
0.549 0.843 0.650884
0.549 0.892 0.744555
0.549 0.941 0.989748
0.549 0.99 1.25276
0.598 0.01 0.192454
0.598 0.059 0.410387
0.598 0.108 0.653622
0.598 0.157 0.677164
0.598 0.206 0.544621
0.598 0.255 0.397771
0.598 0.304 0.40995
0.598 0.353 0.413733
0.598 0.402 0.232746
0.598 0.451 0.121476
0.598 0.5 0.215196
0.598 0.549 0.366535
0.598 0.598 0.45183
0.598 0.647 0.493027
0.598 0.696 0.668469
0.598 0.745 0.851477
0.598 0.794 0.986055
0.598 0.843 1.09481
0.598 0.892 1.25237
0.598 0.941 1.6648
0.598 0.99 2.10719
0.647 0.01 0.247415
0.647 0.059 0.527586
0.647 0.108 0.840284
0.647 0.157 0.87055
0.647 0.206 0.700155
0.647 0.255 0.511367
0.647 0.304 0.527024
0.647 0.353 0.531888
0.647 0.402 0.299214
0.647 0.451 0.156168
0.647 0.5 0.276652
0.647 0.549 0.471211
0.647 0.598 0.580865
0.647 0.647 0.633826
0.647 0.696 0.859371
0.647 0.745 1.09464
0.647 0.794 1.26765
0.647 0.843 1.40747
0.647 0.892 1.61003
0.647 0.941 2.14024
0.647 0.99 2.70896
0.696 0.01 0.296458
0.696 0.059 0.632165
0.696 0.108 1.00685
0.696 0.157 1.04311
0.696 0.206 0.83894
0.696 0.255 0.612731
0.696 0.304 0.631492
0.696 0.353 0.637319
0.696 0.402 0.358525
0.696 0.451 0.187123
0.696 0.5 0.33149
0.696 0.549 0.564615
0.696 0.598 0.696004
0.696 0.647 0.759464
0.696 0.696 1.02972
0.696 0.745 1.31162
0.696 0.794 1.51893
0.696 0.843 1.68646
0.696 0.892 1.92917
0.696 0.941 2.56448
0.696 0.99 3.24594
0.745 0.01 0.366576
0.745 0.059 0.781684
0.745 0.108 1.24498
0.745 0.157 1.28983
0.745 0.206 1.03736
0.745 0.255 0.757653
0.745 0.304 0.780851
0.745 0.353 0.788057
0.745 0.402 0.443322
0.745 0.451 0.231381
0.745 0.5 0.409894
0.745 0.549 0.698157
0.745 0.598 0.860622
0.745 0.647 0.939091
0.745 0.696 1.27326
0.745 0.745 1.62185
0.745 0.794 1.87818
0.745 0.843 2.08534
0.745 0.892 2.38545
0.745 0.941 3.17102
0.745 0.99 4.01366
0.794 0.01 0.34804
0.794 0.059 0.742158
0.794 0.108 1.18203
0.794 0.157 1.22461
0.794 0.206 0.98491
0.794 0.255 0.719342
0.794 0.304 0.741367
0.794 0.353 0.748208
0.794 0.402 0.420905
0.794 0.451 0.219681
0.794 0.5 0.389167
0.794 0.549 0.662854
0.794 0.598 0.817104
0.794 0.647 0.891606
0.794 0.696 1.20888
0.794 0.745 1.53984
0.794 0.794 1.78321
0.794 0.843 1.9799
0.794 0.892 2.26483
0.794 0.941 3.01068
0.794 0.99 3.81071
0.843 0.01 0.275426
0.843 0.059 0.587318
0.843 0.108 0.935418
0.843 0.157 0.96911
0.843 0.206 0.779424
0.843 0.255 0.569262
0.843 0.304 0.586692
0.843 0.353 0.592106
0.843 0.402 0.33309
0.843 0.451 0.173848
0.843 0.5 0.307974
0.843 0.549 0.52456
0.843 0.598 0.646628
0.843 0.647 0.705586
0.843 0.696 0.956666
0.843 0.745 1.21857
0.843 0.794 1.41117
0.843 0.843 1.56682
0.843 0.892 1.79231
0.843 0.941 2.38255
0.843 0.99 3.01566
0.892 0.01 0.296906
0.892 0.059 0.63312
0.892 0.108 1.00837
0.892 0.157 1.04469
0.892 0.206 0.840207
0.892 0.255 0.613656
0.892 0.304 0.632446
0.892 0.353 0.638282
0.892 0.402 0.359066
0.892 0.451 0.187406
0.892 0.5 0.331991
0.892 0.549 0.565468
0.892 0.598 0.697056
0.892 0.647 0.760611
0.892 0.696 1.03127
0.892 0.745 1.31361
0.892 0.794 1.52122
0.892 0.843 1.68901
0.892 0.892 1.93208
0.892 0.941 2.56835
0.892 0.99 3.25084
0.941 0.01 0.464757
0.941 0.059 0.991046
0.941 0.108 1.57843
0.941 0.157 1.63529
0.941 0.206 1.31521
0.941 0.255 0.960579
0.941 0.304 0.98999
0.941 0.353 0.999126
0.941 0.402 0.562059
0.941 0.451 0.293353
0.941 0.5 0.519678
0.941 0.549 0.885147
0.941 0.598 1.09113
0.941 0.647 1.19061
0.941 0.696 1.61429
0.941 0.745 2.05623
0.941 0.794 2.38123
0.941 0.843 2.64387
0.941 0.892 3.02436
0.941 0.941 4.02033
0.941 0.99 5.08866
0.99 0.01 0.665962
0.99 0.059 1.42009
0.99 0.108 2.26178
0.99 0.157 2.34324
0.99 0.206 1.88459
0.99 0.255 1.37644
0.99 0.304 1.41858
0.99 0.353 1.43167
0.99 0.402 0.805388
0.99 0.451 0.420353
0.99 0.5 0.744659
0.99 0.549 1.26835
0.99 0.598 1.5635
0.99 0.647 1.70606
0.99 0.696 2.31315
0.99 0.745 2.94643
0.99 0.794 3.41212
0.99 0.843 3.78847
0.99 0.892 4.33368
0.99 0.941 5.76083
0.99 0.99 7.29166
