0.01 0.01 4.73773
0.01 0.059 3.30868
0.01 0.108 1.88243
0.01 0.157 1.22666
0.01 0.206 0.917182
0.01 0.255 0.944925
0.01 0.304 0.82058
0.01 0.353 0.521016
0.01 0.402 0.525072
0.01 0.451 0.708759
0.01 0.5 0.706182
0.01 0.549 0.392109
0.01 0.598 0.320189
0.01 0.647 0.550619
0.01 0.696 0.763923
0.01 0.745 0.638802
0.01 0.794 0.296829
0.01 0.843 0.369777
0.01 0.892 1.18087
0.01 0.941 3.21908
0.01 0.99 5.30173
0.059 0.01 3.19233
0.059 0.059 2.22943
0.059 0.108 1.2684
0.059 0.157 0.826535
0.059 0.206 0.618007
0.059 0.255 0.6367
0.059 0.304 0.552915
0.059 0.353 0.351066
0.059 0.402 0.353799
0.059 0.451 0.477569
0.059 0.5 0.475833
0.059 0.549 0.264207
0.059 0.598 0.215747
0.059 0.647 0.371013
0.059 0.696 0.514739
0.059 0.745 0.430431
0.059 0.794 0.200006
0.059 0.843 0.24916
0.059 0.892 0.79568
0.059 0.941 2.16905
0.059 0.99 3.57236
0.108 0.01 1.72489
0.108 0.059 1.20461
0.108 0.108 0.685348
0.108 0.157 0.446596
0.108 0.206 0.333924
0.108 0.255 0.344024
0.108 0.304 0.298753
0.108 0.353 0.189689
0.108 0.402 0.191166
0.108 0.451 0.258042
0.108 0.5 0.257104
0.108 0.549 0.142757
0.108 0.598 0.116573
0.108 0.647 0.200467
0.108 0.696 0.278126
0.108 0.745 0.232572
0.108 0.794 0.108068
0.108 0.843 0.134627
0.108 0.892 0.429925
0.108 0.941 1.17199
0.108 0.99 1.93023
0.157 0.01 1.73112
0.157 0.059 1.20896
0.157 0.108 0.687824
0.157 0.157 0.44821
0.157 0.206 0.33513
0.157 0.255 0.345267
0.157 0.304 0.299833
0.157 0.353 0.190374
0.157 0.402 0.191857
0.157 0.451 0.258974
0.157 0.5 0.258033
0.157 0.549 0.143273
0.157 0.598 0.116994
0.157 0.647 0.201191
0.157 0.696 0.279131
0.157 0.745 0.233413
0.157 0.794 0.108459
0.157 0.843 0.135113
0.157 0.892 0.431478
0.157 0.941 1.17622
0.157 0.99 1.9372
0.206 0.01 2.1819
0.206 0.059 1.52377
0.206 0.108 0.866929
0.206 0.157 0.56492
0.206 0.206 0.422396
0.206 0.255 0.435172
0.206 0.304 0.377907
0.206 0.353 0.239947
0.206 0.402 0.241815
0.206 0.451 0.326409
0.206 0.5 0.325222
0.206 0.549 0.180581
0.206 0.598 0.147459
0.206 0.647 0.25358
0.206 0.696 0.351814
0.206 0.745 0.294191
0.206 0.794 0.1367
0.206 0.843 0.170296
0.206 0.892 0.543832
0.206 0.941 1.4825
0.206 0.99 2.44164
0.255 0.01 1.75491
0.255 0.059 1.22558
0.255 0.108 0.697276
0.255 0.157 0.454369
0.255 0.206 0.339735
0.255 0.255 0.350011
0.255 0.304 0.303953
0.255 0.353 0.19299
0.255 0.402 0.194493
0.255 0.451 0.262533
0.255 0.5 0.261578
0.255 0.549 0.145242
0.255 0.598 0.118602
0.255 0.647 0.203956
0.255 0.696 0.282966
0.255 0.745 0.23662
0.255 0.794 0.109949
0.255 0.843 0.13697
0.255 0.892 0.437407
0.255 0.941 1.19239
0.255 0.99 1.96382
0.304 0.01 0.858003
0.304 0.059 0.599203
0.304 0.108 0.340909
0.304 0.157 0.222148
0.304 0.206 0.166102
0.304 0.255 0.171126
0.304 0.304 0.148607
0.304 0.353 0.094356
0.304 0.402 0.0950906
0.304 0.451 0.128356
0.304 0.5 0.12789
0.304 0.549 0.071011
0.304 0.598 0.0579862
0.304 0.647 0.0997171
0.304 0.696 0.138346
0.304 0.745 0.115687
0.304 0.794 0.0537557
0.304 0.843 0.0669667
0.304 0.892 0.213855
0.304 0.941 0.582976
0.304 0.99 0.960143
0.353 0.01 1.02847
0.353 0.059 0.718251
0.353 0.108 0.40864
0.353 0.157 0.266284
0.353 0.206 0.199103
0.353 0.255 0.205125
0.353 0.304 0.178132
0.353 0.353 0.113102
0.353 0.402 0.113983
0.353 0.451 0.153858
0.353 0.5 0.153298
0.353 0.549 0.0851193
0.353 0.598 0.0695068
0.353 0.647 0.119529
0.353 0.696 0.165833
0.353 0.745 0.138672
0.353 0.794 0.0644358
0.353 0.843 0.0802715
0.353 0.892 0.256343
0.353 0.941 0.698801
0.353 0.99 1.1509
0.402 0.01 1.90202
0.402 0.059 1.32831
0.402 0.108 0.755725
0.402 0.157 0.492456
0.402 0.206 0.368214
0.402 0.255 0.379351
0.402 0.304 0.329431
0.402 0.353 0.209168
0.402 0.402 0.210796
0.402 0.451 0.284539
0.402 0.5 0.283505
0.402 0.549 0.157417
0.402 0.598 0.128544
0.402 0.647 0.221052
0.402 0.696 0.306686
0.402 0.745 0.256454
0.402 0.794 0.119165
0.402 0.843 0.148451
0.402 0.892 0.474073
0.402 0.941 1.29234
0.402 0.99 2.12844
0.451 0.01 2.71352
0.451 0.059 1.89504
0.451 0.108 1.07816
0.451 0.157 0.702564
0.451 0.206 0.525313
0.451 0.255 0.541202
0.451 0.304 0.469984
0.451 0.353 0.29841
0.451 0.402 0.300733
0.451 0.451 0.405939
0.451 0.5 0.404463
0.451 0.549 0.224579
0.451 0.598 0.183387
0.451 0.647 0.315365
0.451 0.696 0.437534
0.451 0.745 0.365871
0.451 0.794 0.170008
0.451 0.843 0.211789
0.451 0.892 0.676337
0.451 0.941 1.84372
0.451 0.99 3.03654
0.5 0.01 4.73486
0.5 0.059 3.30668
0.5 0.108 1.88129
0.5 0.157 1.22591
0.5 0.206 0.916627
0.5 0.255 0.944352
0.5 0.304 0.820083
0.5 0.353 0.5207
0.5 0.402 0.524754
0.5 0.451 0.708329
0.5 0.5 0.705754
0.5 0.549 0.391872
0.5 0.598 0.319995
0.5 0.647 0.550285
0.5 0.696 0.76346
0.5 0.745 0.638415
0.5 0.794 0.296649
0.5 0.843 0.369553
0.5 0.892 1.18015
0.5 0.941 3.21713
0.5 0.99 5.29852
0.549 0.01 10.9997
0.549 0.059 7.68184
0.549 0.108 4.37049
0.549 0.157 2.84796
0.549 0.206 2.12944
0.549 0.255 2.19385
0.549 0.304 1.90516
0.549 0.353 1.20965
0.549 0.402 1.21907
0.549 0.451 1.64554
0.549 0.5 1.63956
0.549 0.549 0.910369
0.549 0.598 0.743389
0.549 0.647 1.27838
0.549 0.696 1.77362
0.549 0.745 1.48312
0.549 0.794 0.689154
0.549 0.843 0.85852
0.549 0.892 2.74164
0.549 0.941 7.47382
0.549 0.99 12.3091
0.598 0.01 15.2602
0.598 0.059 10.6573
0.598 0.108 6.06332
0.598 0.157 3.95107
0.598 0.206 2.95425
0.598 0.255 3.04361
0.598 0.304 2.64309
0.598 0.353 1.67819
0.598 0.402 1.69126
0.598 0.451 2.28291
0.598 0.5 2.27461
0.598 0.549 1.26299
0.598 0.598 1.03133
0.598 0.647 1.77354
0.598 0.696 2.4606
0.598 0.745 2.05758
0.598 0.794 0.956087
0.598 0.843 1.19105
0.598 0.892 3.80358
0.598 0.941 10.3687
0.598 0.99 17.0769
0.647 0.01 10.9633
0.647 0.059 7.65644
0.647 0.108 4.35604
0.647 0.157 2.83854
0.647 0.206 2.1224
0.647 0.255 2.1866
0.647 0.304 1.89886
0.647 0.353 1.20565
0.647 0.402 1.21504
0.647 0.451 1.6401
0.647 0.5 1.63414
0.647 0.549 0.907359
0.647 0.598 0.740931
0.647 0.647 1.27416
0.647 0.696 1.76775
0.647 0.745 1.47822
0.647 0.794 0.686875
0.647 0.843 0.855681
0.647 0.892 2.73258
0.647 0.941 7.44911
0.647 0.99 12.2684
0.696 0.01 5.14371
0.696 0.059 3.59221
0.696 0.108 2.04374
0.696 0.157 1.33177
0.696 0.206 0.995776
0.696 0.255 1.0259
0.696 0.304 0.890896
0.696 0.353 0.565662
0.696 0.402 0.570066
0.696 0.451 0.769493
0.696 0.5 0.766695
0.696 0.549 0.425709
0.696 0.598 0.347626
0.696 0.647 0.597802
0.696 0.696 0.829384
0.696 0.745 0.693541
0.696 0.794 0.322264
0.696 0.843 0.401464
0.696 0.892 1.28206
0.696 0.941 3.49493
0.696 0.99 5.75604
0.745 0.01 2.77684
0.745 0.059 1.93926
0.745 0.108 1.10332
0.745 0.157 0.718959
0.745 0.206 0.537572
0.745 0.255 0.553832
0.745 0.304 0.480952
0.745 0.353 0.305374
0.745 0.402 0.307751
0.745 0.451 0.415412
0.745 0.5 0.413902
0.745 0.549 0.22982
0.745 0.598 0.187667
0.745 0.647 0.322725
0.745 0.696 0.447745
0.745 0.745 0.37441
0.745 0.794 0.173975
0.745 0.843 0.216731
0.745 0.892 0.692121
0.745 0.941 1.88675
0.745 0.99 3.10741
0.794 0.01 1.76152
0.794 0.059 1.23019
0.794 0.108 0.699903
0.794 0.157 0.456081
0.794 0.206 0.341015
0.794 0.255 0.35133
0.794 0.304 0.305098
0.794 0.353 0.193718
0.794 0.402 0.195226
0.794 0.451 0.263522
0.794 0.5 0.262564
0.794 0.549 0.145789
0.794 0.598 0.119049
0.794 0.647 0.204724
0.794 0.696 0.284032
0.794 0.745 0.237511
0.794 0.794 0.110363
0.794 0.843 0.137486
0.794 0.892 0.439055
0.794 0.941 1.19688
0.794 0.99 1.97122
0.843 0.01 0.614828
0.843 0.059 0.429377
0.843 0.108 0.244288
0.843 0.157 0.159187
0.843 0.206 0.119025
0.843 0.255 0.122625
0.843 0.304 0.106489
0.843 0.353 0.0676136
0.843 0.402 0.06814
0.843 0.451 0.0919775
0.843 0.5 0.0916431
0.843 0.549 0.0508851
0.843 0.598 0.0415517
0.843 0.647 0.0714552
0.843 0.696 0.0991363
0.843 0.745 0.082899
0.843 0.794 0.0385203
0.843 0.843 0.047987
0.843 0.892 0.153244
0.843 0.941 0.417749
0.843 0.99 0.688019
0.892 0.01 0.266743
0.892 0.059 0.186285
0.892 0.108 0.105985
0.892 0.157 0.0690632
0.892 0.206 0.0516391
0.892 0.255 0.0532011
0.892 0.304 0.0462002
0.892 0.353 0.0293342
0.892 0.402 0.0295626
0.892 0.451 0.0399045
0.892 0.5 0.0397594
0.892 0.549 0.0220765
0.892 0.598 0.0180272
0.892 0.647 0.0310009
0.892 0.696 0.0430103
0.892 0.745 0.0359658
0.892 0.794 0.016712
0.892 0.843 0.0208192
0.892 0.892 0.0664851
0.892 0.941 0.181241
0.892 0.99 0.298497
0.941 0.01 0.949098
0.941 0.059 0.662821
0.941 0.108 0.377103
0.941 0.157 0.245733
0.941 0.206 0.183737
0.941 0.255 0.189294
0.941 0.304 0.164385
0.941 0.353 0.104374
0.941 0.402 0.105186
0.941 0.451 0.141984
0.941 0.5 0.141468
0.941 0.549 0.0785503
0.941 0.598 0.0641426
0.941 0.647 0.110304
0.941 0.696 0.153035
0.941 0.745 0.12797
0.941 0.794 0.059463
0.941 0.843 0.0740766
0.941 0.892 0.23656
0.941 0.941 0.644871
0.941 0.99 1.06208
0.99 0.01 1.85765
0.99 0.059 1.29733
0.99 0.108 0.738097
0.99 0.157 0.480969
0.99 0.206 0.359625
0.99 0.255 0.370502
0.99 0.304 0.321747
0.99 0.353 0.204289
0.99 0.402 0.205879
0.99 0.451 0.277902
0.99 0.5 0.276892
0.99 0.549 0.153745
0.99 0.598 0.125545
0.99 0.647 0.215896
0.99 0.696 0.299532
0.99 0.745 0.250472
0.99 0.794 0.116386
0.99 0.843 0.144989
0.99 0.892 0.463015
0.99 0.941 1.26219
0.99 0.99 2.07879
