0.01 0.01 1.76375e-33
0.01 0.059 5.09255e-31
0.01 0.108 6.03949e-29
0.01 0.157 2.74349e-27
0.01 0.206 4.7902e-26
0.01 0.255 3.2757e-25
0.01 0.304 9.61785e-25
0.01 0.353 1.63082e-24
0.01 0.402 2.09674e-24
0.01 0.451 1.92406e-24
0.01 0.5 2.13696e-24
0.01 0.549 2.73337e-24
0.01 0.598 2.53109e-24
0.01 0.647 2.79518e-24
0.01 0.696 3.39216e-24
0.01 0.745 3.5861e-24
0.01 0.794 3.42266e-24
0.01 0.843 3.56662e-24
0.01 0.892 5.96393e-24
0.01 0.941 1.54846e-23
0.01 0.99 2.66919e-23
0.059 0.01 2.50996e-29
0.059 0.059 7.24714e-27
0.059 0.108 8.59472e-25
0.059 0.157 3.90422e-23
0.059 0.206 6.81687e-22
0.059 0.255 4.6616e-21
0.059 0.304 1.3687e-20
0.059 0.353 2.32079e-20
0.059 0.402 2.98384e-20
0.059 0.451 2.7381e-20
0.059 0.5 3.04108e-20
0.059 0.549 3.88982e-20
0.059 0.598 3.60196e-20
0.059 0.647 3.97778e-20
0.059 0.696 4.82735e-20
0.059 0.745 5.10333e-20
0.059 0.794 4.87074e-20
0.059 0.843 5.07561e-20
0.059 0.892 8.48719e-20
0.059 0.941 2.2036e-19
0.059 0.99 3.79849e-19
0.108 0.01 1.38791e-25
0.108 0.059 4.00737e-23
0.108 0.108 4.75253e-21
0.108 0.157 2.15888e-19
0.108 0.206 3.76945e-18
0.108 0.255 2.57767e-17
0.108 0.304 7.56837e-17
0.108 0.353 1.2833e-16
0.108 0.402 1.64994e-16
0.108 0.451 1.51406e-16
0.108 0.5 1.68159e-16
0.108 0.549 2.15091e-16
0.108 0.598 1.99174e-16
0.108 0.647 2.19955e-16
0.108 0.696 2.66932e-16
0.108 0.745 2.82193e-16
0.108 0.794 2.69332e-16
0.108 0.843 2.8066e-16
0.108 0.892 4.69307e-16
0.108 0.941 1.2185e-15
0.108 0.99 2.10041e-15
0.157 0.01 2.93736e-22
0.157 0.059 8.48117e-20
0.157 0.108 1.00582e-17
0.157 0.157 4.56903e-16
0.157 0.206 7.97763e-15
0.157 0.255 5.45537e-14
0.157 0.304 1.60176e-13
0.157 0.353 2.71598e-13
0.157 0.402 3.49193e-13
0.157 0.451 3.20434e-13
0.157 0.5 3.55891e-13
0.157 0.549 4.55217e-13
0.157 0.598 4.2153e-13
0.157 0.647 4.65511e-13
0.157 0.696 5.64934e-13
0.157 0.745 5.97232e-13
0.157 0.794 5.70012e-13
0.157 0.843 5.93988e-13
0.157 0.892 9.93238e-13
0.157 0.941 2.57882e-12
0.157 0.99 4.44529e-12
0.206 0.01 2.37934e-19
0.206 0.059 6.86998e-17
0.206 0.108 8.14744e-15
0.206 0.157 3.70104e-13
0.206 0.206 6.46211e-12
0.206 0.255 4.419e-11
0.206 0.304 1.29747e-10
0.206 0.353 2.20002e-10
0.206 0.402 2.82856e-10
0.206 0.451 2.59561e-10
0.206 0.5 2.88281e-10
0.206 0.549 3.68739e-10
0.206 0.598 3.41451e-10
0.206 0.647 3.77077e-10
0.206 0.696 4.57612e-10
0.206 0.745 4.83775e-10
0.206 0.794 4.61726e-10
0.206 0.843 4.81147e-10
0.206 0.892 8.04551e-10
0.206 0.941 2.08892e-09
0.206 0.99 3.60081e-09
0.255 0.01 7.37667e-17
0.255 0.059 2.1299e-14
0.255 0.108 2.52595e-12
0.255 0.157 1.14743e-10
0.255 0.206 2.00345e-09
0.255 0.255 1.37002e-08
0.255 0.304 4.02256e-08
0.255 0.353 6.82071e-08
0.255 0.402 8.76938e-08
0.255 0.451 8.04715e-08
0.255 0.5 8.93759e-08
0.255 0.549 1.1432e-07
0.255 0.598 1.0586e-07
0.255 0.647 1.16905e-07
0.255 0.696 1.41874e-07
0.255 0.745 1.49985e-07
0.255 0.794 1.43149e-07
0.255 0.843 1.4917e-07
0.255 0.892 2.49435e-07
0.255 0.941 6.47628e-07
0.255 0.99 1.11636e-06
0.304 0.01 8.75322e-15
0.304 0.059 2.52736e-12
0.304 0.108 2.99731e-10
0.304 0.157 1.36155e-08
0.304 0.206 2.37731e-07
0.304 0.255 1.62568e-06
0.304 0.304 4.7732e-06
0.304 0.353 8.09351e-06
0.304 0.402 1.04058e-05
0.304 0.451 9.54882e-06
0.304 0.5 1.06054e-05
0.304 0.549 1.35653e-05
0.304 0.598 1.25614e-05
0.304 0.647 1.3872e-05
0.304 0.696 1.68348e-05
0.304 0.745 1.77973e-05
0.304 0.794 1.69861e-05
0.304 0.843 1.77006e-05
0.304 0.892 2.95981e-05
0.304 0.941 7.6848e-05
0.304 0.99 0.000132468
0.353 0.01 3.97538e-13
0.353 0.059 1.14783e-10
0.353 0.108 1.36126e-08
0.353 0.157 6.18366e-07
0.353 0.206 1.07968e-05
0.353 0.255 7.38322e-05
0.353 0.304 0.000216781
0.353 0.353 0.000367576
0.353 0.402 0.000472593
0.353 0.451 0.000433671
0.353 0.5 0.000481657
0.353 0.549 0.000616085
0.353 0.598 0.000570493
0.353 0.647 0.000630016
0.353 0.696 0.000764573
0.353 0.745 0.000808285
0.353 0.794 0.000771446
0.353 0.843 0.000803895
0.353 0.892 0.00134423
0.353 0.941 0.00349014
0.353 0.99 0.00601619
0.402 0.01 6.91024e-12
0.402 0.059 1.99522e-09
0.402 0.108 2.36623e-07
0.402 0.157 1.07488e-05
0.402 0.206 0.000187677
0.402 0.255 0.00128339
0.402 0.304 0.00376821
0.402 0.353 0.00638943
0.402 0.402 0.00821488
0.402 0.451 0.00753832
0.402 0.5 0.00837245
0.402 0.549 0.0107091
0.402 0.598 0.00991664
0.402 0.647 0.0109513
0.402 0.696 0.0132903
0.402 0.745 0.0140501
0.402 0.794 0.0134097
0.402 0.843 0.0139738
0.402 0.892 0.0233663
0.402 0.941 0.0606677
0.402 0.99 0.104577
0.451 0.01 4.59738e-11
0.451 0.059 1.32742e-08
0.451 0.108 1.57425e-06
0.451 0.157 7.15119e-05
0.451 0.206 0.00124861
0.451 0.255 0.00853843
0.451 0.304 0.0250699
0.451 0.353 0.0425089
0.451 0.402 0.0546537
0.451 0.451 0.0501525
0.451 0.5 0.055702
0.451 0.549 0.071248
0.451 0.598 0.0659755
0.451 0.647 0.0728591
0.451 0.696 0.0884202
0.451 0.745 0.0934753
0.451 0.794 0.089215
0.451 0.843 0.0929675
0.451 0.892 0.155456
0.451 0.941 0.403623
0.451 0.99 0.695751
0.5 0.01 1.17067e-10
0.5 0.059 3.38014e-08
0.5 0.108 4.00866e-06
0.5 0.157 0.000182097
0.5 0.206 0.00317946
0.5 0.255 0.0217422
0.5 0.304 0.0638377
0.5 0.353 0.108244
0.5 0.402 0.13917
0.5 0.451 0.127708
0.5 0.5 0.141839
0.5 0.549 0.181425
0.5 0.598 0.167999
0.5 0.647 0.185528
0.5 0.696 0.225152
0.5 0.745 0.238025
0.5 0.794 0.227176
0.5 0.843 0.236732
0.5 0.892 0.395851
0.5 0.941 1.02778
0.5 0.99 1.77165
0.549 0.01 1.14171e-10
0.549 0.059 3.2965e-08
0.549 0.108 3.90947e-06
0.549 0.157 0.000177591
0.549 0.206 0.00310078
0.549 0.255 0.0212042
0.549 0.304 0.0622581
0.549 0.353 0.105566
0.549 0.402 0.135726
0.549 0.451 0.124548
0.549 0.5 0.138329
0.549 0.549 0.176936
0.549 0.598 0.163842
0.549 0.647 0.180937
0.549 0.696 0.219581
0.549 0.745 0.232135
0.549 0.794 0.221555
0.549 0.843 0.230874
0.549 0.892 0.386056
0.549 0.941 1.00235
0.549 0.99 1.72781
0.598 0.01 4.50601e-11
0.598 0.059 1.30104e-08
0.598 0.108 1.54297e-06
0.598 0.157 7.00906e-05
0.598 0.206 0.0012238
0.598 0.255 0.00836873
0.598 0.304 0.0245716
0.598 0.353 0.041664
0.598 0.402 0.0535674
0.598 0.451 0.0491557
0.598 0.5 0.0545949
0.598 0.549 0.0698319
0.598 0.598 0.0646642
0.598 0.647 0.071411
0.598 0.696 0.0866629
0.598 0.745 0.0916175
0.598 0.794 0.0874419
0.598 0.843 0.0911198
0.598 0.892 0.152366
0.598 0.941 0.395601
0.598 0.99 0.681923
0.647 0.01 3.67745e-11
0.647 0.059 1.06181e-08
0.647 0.108 1.25925e-06
0.647 0.157 5.72023e-05
0.647 0.206 0.000998766
0.647 0.255 0.00682989
0.647 0.304 0.0200534
0.647 0.353 0.0340029
0.647 0.402 0.0437175
0.647 0.451 0.040117
0.647 0.5 0.044556
0.647 0.549 0.0569913
0.647 0.598 0.0527738
0.647 0.647 0.05828
0.647 0.696 0.0707273
0.647 0.745 0.0747709
0.647 0.794 0.0713631
0.647 0.843 0.0743648
0.647 0.892 0.124349
0.647 0.941 0.322858
0.647 0.99 0.556531
0.696 0.01 1.44515e-10
0.696 0.059 4.17266e-08
0.696 0.108 4.94855e-06
0.696 0.157 0.000224792
0.696 0.206 0.00392493
0.696 0.255 0.0268399
0.696 0.304 0.0788054
0.696 0.353 0.133624
0.696 0.402 0.1718
0.696 0.451 0.157651
0.696 0.5 0.175095
0.696 0.549 0.223963
0.696 0.598 0.207389
0.696 0.647 0.229027
0.696 0.696 0.277942
0.696 0.745 0.293833
0.696 0.794 0.280441
0.696 0.843 0.292237
0.696 0.892 0.488664
0.696 0.941 1.26876
0.696 0.99 2.18704
0.745 0.01 2.59315e-10
0.745 0.059 7.48732e-08
0.745 0.108 8.87956e-06
0.745 0.157 0.000403362
0.745 0.206 0.00704279
0.745 0.255 0.0481609
0.745 0.304 0.141406
0.745 0.353 0.239771
0.745 0.402 0.308273
0.745 0.451 0.282885
0.745 0.5 0.314186
0.745 0.549 0.401873
0.745 0.598 0.372134
0.745 0.647 0.410961
0.745 0.696 0.498733
0.745 0.745 0.527246
0.745 0.794 0.503216
0.745 0.843 0.524382
0.745 0.892 0.876847
0.745 0.941 2.27663
0.745 0.99 3.92437
0.794 0.01 1.82962e-10
0.794 0.059 5.28275e-08
0.794 0.108 6.26506e-06
0.794 0.157 0.000284596
0.794 0.206 0.00496911
0.794 0.255 0.0339804
0.794 0.304 0.0997707
0.794 0.353 0.169173
0.794 0.402 0.217505
0.794 0.451 0.199592
0.794 0.5 0.221677
0.794 0.549 0.283546
0.794 0.598 0.262563
0.794 0.647 0.289957
0.794 0.696 0.351886
0.794 0.745 0.372004
0.794 0.794 0.355049
0.794 0.843 0.369983
0.794 0.892 0.618668
0.794 0.941 1.6063
0.794 0.99 2.76888
0.843 0.01 1.34021e-10
0.843 0.059 3.86966e-08
0.843 0.108 4.58921e-06
0.843 0.157 0.000208469
0.843 0.206 0.00363991
0.843 0.255 0.0248909
0.843 0.304 0.0730829
0.843 0.353 0.12392
0.843 0.402 0.159324
0.843 0.451 0.146203
0.843 0.5 0.16238
0.843 0.549 0.2077
0.843 0.598 0.192329
0.843 0.647 0.212396
0.843 0.696 0.25776
0.843 0.745 0.272496
0.843 0.794 0.260076
0.843 0.843 0.271016
0.843 0.892 0.45318
0.843 0.941 1.17663
0.843 0.99 2.02823
0.892 0.01 8.34097e-10
0.892 0.059 2.40833e-07
0.892 0.108 2.85615e-05
0.892 0.157 0.00129743
0.892 0.206 0.0226534
0.892 0.255 0.154912
0.892 0.304 0.45484
0.892 0.353 0.771233
0.892 0.402 0.991574
0.892 0.451 0.90991
0.892 0.5 1.01059
0.892 0.549 1.29264
0.892 0.598 1.19698
0.892 0.647 1.32187
0.892 0.696 1.6042
0.892 0.745 1.69591
0.892 0.794 1.61861
0.892 0.843 1.6867
0.892 0.892 2.82041
0.892 0.941 7.32287
0.892 0.99 12.6229
0.941 0.01 3.66624e-09
0.941 0.059 1.05857e-06
0.941 0.108 0.000125541
0.941 0.157 0.0057028
0.941 0.206 0.0995722
0.941 0.255 0.680908
0.941 0.304 1.99923
0.941 0.353 3.38992
0.941 0.402 4.35842
0.941 0.451 3.99947
0.941 0.5 4.44202
0.941 0.549 5.68176
0.941 0.598 5.26129
0.941 0.647 5.81024
0.941 0.696 7.05118
0.941 0.745 7.4543
0.941 0.794 7.11456
0.941 0.843 7.41381
0.941 0.892 12.397
0.941 0.941 32.1874
0.941 0.99 55.4835
0.99 0.01 6.87632e-09
0.99 0.059 1.98543e-06
0.99 0.108 0.000235462
0.99 0.157 0.010696
0.99 0.206 0.186755
0.99 0.255 1.2771
0.99 0.304 3.74971
0.99 0.353 6.35807
0.99 0.402 8.17456
0.99 0.451 7.50132
0.99 0.5 8.33136
0.99 0.549 10.6566
0.99 0.598 9.86796
0.99 0.647 10.8975
0.99 0.696 13.225
0.99 0.745 13.9811
0.99 0.794 13.3439
0.99 0.843 13.9052
0.99 0.892 23.2516
0.99 0.941 60.37
0.99 0.99 104.064
