0.01 0.01 3.33587
0.01 0.059 2.01417
0.01 0.108 1.42531
0.01 0.157 1.68632
0.01 0.206 1.36691
0.01 0.255 1.17558
0.01 0.304 1.38817
0.01 0.353 1.17096
0.01 0.402 0.670728
0.01 0.451 0.706793
0.01 0.5 1.02535
0.01 0.549 1.25837
0.01 0.598 0.86935
0.01 0.647 0.387691
0.01 0.696 0.535885
0.01 0.745 0.941577
0.01 0.794 1.31527
0.01 0.843 1.59262
0.01 0.892 3.3912
0.01 0.941 9.18861
0.01 0.99 14.8678
0.059 0.01 2.40296
0.059 0.059 1.45089
0.059 0.108 1.02671
0.059 0.157 1.21472
0.059 0.206 0.98464
0.059 0.255 0.846812
0.059 0.304 0.999952
0.059 0.353 0.843488
0.059 0.402 0.483151
0.059 0.451 0.50913
0.059 0.5 0.738602
0.059 0.549 0.906454
0.059 0.598 0.626226
0.059 0.647 0.279268
0.059 0.696 0.386018
0.059 0.745 0.678254
0.059 0.794 0.947442
0.059 0.843 1.14722
0.059 0.892 2.44281
0.059 0.941 6.6189
0.059 0.99 10.7099
0.108 0.01 1.54449
0.108 0.059 0.932552
0.108 0.108 0.659913
0.108 0.157 0.780759
0.108 0.206 0.632874
0.108 0.255 0.544286
0.108 0.304 0.642716
0.108 0.353 0.542149
0.108 0.402 0.310544
0.108 0.451 0.327242
0.108 0.5 0.474734
0.108 0.549 0.582621
0.108 0.598 0.402505
0.108 0.647 0.179499
0.108 0.696 0.248112
0.108 0.745 0.435946
0.108 0.794 0.608966
0.108 0.843 0.737375
0.108 0.892 1.57011
0.108 0.941 4.25428
0.108 0.99 6.88374
0.157 0.01 1.64832
0.157 0.059 0.995239
0.157 0.108 0.704273
0.157 0.157 0.833242
0.157 0.206 0.675416
0.157 0.255 0.580873
0.157 0.304 0.68592
0.157 0.353 0.578593
0.157 0.402 0.331419
0.157 0.451 0.349239
0.157 0.5 0.506646
0.157 0.549 0.621785
0.157 0.598 0.429561
0.157 0.647 0.191565
0.157 0.696 0.26479
0.157 0.745 0.46525
0.157 0.794 0.649901
0.157 0.843 0.786942
0.157 0.892 1.67565
0.157 0.941 4.54026
0.157 0.99 7.34646
0.206 0.01 1.96347
0.206 0.059 1.18553
0.206 0.108 0.838928
0.206 0.157 0.992555
0.206 0.206 0.804554
0.206 0.255 0.691935
0.206 0.304 0.817066
0.206 0.353 0.689218
0.206 0.402 0.394785
0.206 0.451 0.416013
0.206 0.5 0.603516
0.206 0.549 0.740668
0.206 0.598 0.511692
0.206 0.647 0.228192
0.206 0.696 0.315417
0.206 0.745 0.554205
0.206 0.794 0.77416
0.206 0.843 0.937403
0.206 0.892 1.99603
0.206 0.941 5.40834
0.206 0.99 8.75109
0.255 0.01 1.65724
0.255 0.059 1.00063
0.255 0.108 0.708087
0.255 0.157 0.837754
0.255 0.206 0.679074
0.255 0.255 0.584019
0.255 0.304 0.689634
0.255 0.353 0.581726
0.255 0.402 0.333214
0.255 0.451 0.35113
0.255 0.5 0.50939
0.255 0.549 0.625152
0.255 0.598 0.431888
0.255 0.647 0.192602
0.255 0.696 0.266224
0.255 0.745 0.467769
0.255 0.794 0.65342
0.255 0.843 0.791203
0.255 0.892 1.68473
0.255 0.941 4.56484
0.255 0.99 7.38625
0.304 0.01 1.26718
0.304 0.059 0.765112
0.304 0.108 0.541425
0.304 0.157 0.640573
0.304 0.206 0.519241
0.304 0.255 0.446559
0.304 0.304 0.527316
0.304 0.353 0.444806
0.304 0.402 0.254786
0.304 0.451 0.268485
0.304 0.5 0.389495
0.304 0.549 0.478011
0.304 0.598 0.330235
0.304 0.647 0.14727
0.304 0.696 0.203563
0.304 0.745 0.357671
0.304 0.794 0.499625
0.304 0.843 0.604979
0.304 0.892 1.28819
0.304 0.941 3.49042
0.304 0.99 5.64776
0.353 0.01 1.23215
0.353 0.059 0.743961
0.353 0.108 0.526458
0.353 0.157 0.622865
0.353 0.206 0.504887
0.353 0.255 0.434214
0.353 0.304 0.512739
0.353 0.353 0.43251
0.353 0.402 0.247742
0.353 0.451 0.261063
0.353 0.5 0.378728
0.353 0.549 0.464796
0.353 0.598 0.321106
0.353 0.647 0.143198
0.353 0.696 0.197936
0.353 0.745 0.347784
0.353 0.794 0.485814
0.353 0.843 0.588255
0.353 0.892 1.25258
0.353 0.941 3.39393
0.353 0.99 5.49163
0.402 0.01 1.08593
0.402 0.059 0.655673
0.402 0.108 0.463982
0.402 0.157 0.548948
0.402 0.206 0.444971
0.402 0.255 0.382685
0.402 0.304 0.451891
0.402 0.353 0.381183
0.402 0.402 0.218342
0.402 0.451 0.230082
0.402 0.5 0.333784
0.402 0.549 0.409638
0.402 0.598 0.282999
0.402 0.647 0.126205
0.402 0.696 0.174446
0.402 0.745 0.306511
0.402 0.794 0.428161
0.402 0.843 0.518445
0.402 0.892 1.10394
0.402 0.941 2.99117
0.402 0.99 4.83992
0.451 0.01 1.1585
0.451 0.059 0.69949
0.451 0.108 0.494989
0.451 0.157 0.585633
0.451 0.206 0.474707
0.451 0.255 0.408259
0.451 0.304 0.48209
0.451 0.353 0.406656
0.451 0.402 0.232933
0.451 0.451 0.245458
0.451 0.5 0.356089
0.451 0.549 0.437013
0.451 0.598 0.301912
0.451 0.647 0.134639
0.451 0.696 0.186104
0.451 0.745 0.326995
0.451 0.794 0.456774
0.451 0.843 0.553092
0.451 0.892 1.17771
0.451 0.941 3.19106
0.451 0.99 5.16336
0.5 0.01 1.45668
0.5 0.059 0.879533
0.5 0.108 0.622395
0.5 0.157 0.73637
0.5 0.206 0.596893
0.5 0.255 0.513342
0.5 0.304 0.606175
0.5 0.353 0.511326
0.5 0.402 0.292888
0.5 0.451 0.308637
0.5 0.5 0.447744
0.5 0.549 0.549497
0.5 0.598 0.379621
0.5 0.647 0.169294
0.5 0.696 0.234006
0.5 0.745 0.41116
0.5 0.794 0.574344
0.5 0.843 0.695453
0.5 0.892 1.48084
0.5 0.941 4.01241
0.5 0.99 6.49237
0.549 0.01 1.58842
0.549 0.059 0.959072
0.549 0.108 0.67868
0.549 0.157 0.802962
0.549 0.206 0.650872
0.549 0.255 0.559765
0.549 0.304 0.660994
0.549 0.353 0.557567
0.549 0.402 0.319375
0.549 0.451 0.336548
0.549 0.5 0.488235
0.549 0.549 0.599189
0.549 0.598 0.413951
0.549 0.647 0.184603
0.549 0.696 0.255168
0.549 0.745 0.448343
0.549 0.794 0.626284
0.549 0.843 0.758345
0.549 0.892 1.61476
0.549 0.941 4.37527
0.549 0.99 7.0795
0.598 0.01 1.65601
0.598 0.059 0.999886
0.598 0.108 0.707562
0.598 0.157 0.837133
0.598 0.206 0.678571
0.598 0.255 0.583586
0.598 0.304 0.689123
0.598 0.353 0.581295
0.598 0.402 0.332967
0.598 0.451 0.35087
0.598 0.5 0.509012
0.598 0.549 0.624688
0.598 0.598 0.431567
0.598 0.647 0.192459
0.598 0.696 0.266027
0.598 0.745 0.467423
0.598 0.794 0.652936
0.598 0.843 0.790617
0.598 0.892 1.68348
0.598 0.941 4.56146
0.598 0.99 7.38077
0.647 0.01 1.57521
0.647 0.059 0.951098
0.647 0.108 0.673037
0.647 0.157 0.796286
0.647 0.206 0.645461
0.647 0.255 0.555111
0.647 0.304 0.655498
0.647 0.353 0.552931
0.647 0.402 0.31672
0.647 0.451 0.33375
0.647 0.5 0.484176
0.647 0.549 0.594207
0.647 0.598 0.41051
0.647 0.647 0.183069
0.647 0.696 0.253046
0.647 0.745 0.444615
0.647 0.794 0.621076
0.647 0.843 0.75204
0.647 0.892 1.60133
0.647 0.941 4.33889
0.647 0.99 7.02063
0.696 0.01 1.20864
0.696 0.059 0.729764
0.696 0.108 0.516411
0.696 0.157 0.610978
0.696 0.206 0.495252
0.696 0.255 0.425928
0.696 0.304 0.502954
0.696 0.353 0.424256
0.696 0.402 0.243015
0.696 0.451 0.256081
0.696 0.5 0.371501
0.696 0.549 0.455927
0.696 0.598 0.314978
0.696 0.647 0.140466
0.696 0.696 0.194159
0.696 0.745 0.341147
0.696 0.794 0.476543
0.696 0.843 0.577029
0.696 0.892 1.22868
0.696 0.941 3.32917
0.696 0.99 5.38683
0.745 0.01 0.889442
0.745 0.059 0.537037
0.745 0.108 0.38003
0.745 0.157 0.449623
0.745 0.206 0.364459
0.745 0.255 0.313443
0.745 0.304 0.370127
0.745 0.353 0.312212
0.745 0.402 0.178836
0.745 0.451 0.188452
0.745 0.5 0.27339
0.745 0.549 0.335519
0.745 0.598 0.231794
0.745 0.647 0.10337
0.745 0.696 0.142882
0.745 0.745 0.251052
0.745 0.794 0.350691
0.745 0.843 0.424639
0.745 0.892 0.904193
0.745 0.941 2.44995
0.745 0.99 3.9642
0.794 0.01 1.0422
0.794 0.059 0.629274
0.794 0.108 0.445301
0.794 0.157 0.526846
0.794 0.206 0.427055
0.794 0.255 0.367277
0.794 0.304 0.433696
0.794 0.353 0.365835
0.794 0.402 0.209551
0.794 0.451 0.220818
0.794 0.5 0.320344
0.794 0.549 0.393145
0.794 0.598 0.271605
0.794 0.647 0.121123
0.794 0.696 0.167423
0.794 0.745 0.29417
0.794 0.794 0.410922
0.794 0.843 0.497571
0.794 0.892 1.05949
0.794 0.941 2.87073
0.794 0.99 4.64505
0.843 0.01 1.16475
0.843 0.059 0.703268
0.843 0.108 0.497662
0.843 0.157 0.588795
0.843 0.206 0.477271
0.843 0.255 0.410464
0.843 0.304 0.484693
0.843 0.353 0.408852
0.843 0.402 0.234191
0.843 0.451 0.246783
0.843 0.5 0.358012
0.843 0.549 0.439373
0.843 0.598 0.303542
0.843 0.647 0.135366
0.843 0.696 0.187109
0.843 0.745 0.328761
0.843 0.794 0.459241
0.843 0.843 0.556078
0.843 0.892 1.18407
0.843 0.941 3.20829
0.843 0.99 5.19125
0.892 0.01 1.25812
0.892 0.059 0.759641
0.892 0.108 0.537554
0.892 0.157 0.635993
0.892 0.206 0.515529
0.892 0.255 0.443366
0.892 0.304 0.523546
0.892 0.353 0.441626
0.892 0.402 0.252964
0.892 0.451 0.266566
0.892 0.5 0.386711
0.892 0.549 0.474593
0.892 0.598 0.327874
0.892 0.647 0.146217
0.892 0.696 0.202108
0.892 0.745 0.355114
0.892 0.794 0.496053
0.892 0.843 0.600653
0.892 0.892 1.27898
0.892 0.941 3.46547
0.892 0.99 5.60738
0.941 0.01 1.63106
0.941 0.059 0.984821
0.941 0.108 0.696901
0.941 0.157 0.82452
0.941 0.206 0.668347
0.941 0.255 0.574793
0.941 0.304 0.67874
0.941 0.353 0.572536
0.941 0.402 0.32795
0.941 0.451 0.345583
0.941 0.5 0.501343
0.941 0.549 0.615276
0.941 0.598 0.425065
0.941 0.647 0.18956
0.941 0.696 0.262018
0.941 0.745 0.46038
0.941 0.794 0.643098
0.941 0.843 0.778705
0.941 0.892 1.65811
0.941 0.941 4.49273
0.941 0.99 7.26956
0.99 0.01 1.86459
0.99 0.059 1.12583
0.99 0.108 0.796682
0.99 0.157 0.942573
0.99 0.206 0.764039
0.99 0.255 0.657091
0.99 0.304 0.775921
0.99 0.353 0.654511
0.99 0.402 0.374905
0.99 0.451 0.395063
0.99 0.5 0.573124
0.99 0.549 0.70337
0.99 0.598 0.485925
0.99 0.647 0.2167
0.99 0.696 0.299534
0.99 0.745 0.526296
0.99 0.794 0.735175
0.99 0.843 0.890198
0.99 0.892 1.89552
0.99 0.941 5.13599
0.99 0.99 8.31041
