0.01 0.01 8.64423e-31
0.01 0.059 3.79289e-29
0.01 0.108 7.54901e-28
0.01 0.157 6.18441e-27
0.01 0.206 2.28621e-26
0.01 0.255 4.24129e-26
0.01 0.304 4.1878e-26
0.01 0.353 3.22513e-26
0.01 0.402 4.21034e-26
0.01 0.451 4.58072e-26
0.01 0.5 3.03321e-26
0.01 0.549 2.89667e-26
0.01 0.598 4.07562e-26
0.01 0.647 3.84088e-26
0.01 0.696 2.43669e-26
0.01 0.745 2.75479e-26
0.01 0.794 4.10006e-26
0.01 0.843 4.53264e-26
0.01 0.892 9.16182e-26
0.01 0.941 3.26449e-25
0.01 0.99 5.99772e-25
0.059 0.01 1.78798e-26
0.059 0.059 7.84524e-25
0.059 0.108 1.56144e-23
0.059 0.157 1.27919e-22
0.059 0.206 4.72881e-22
0.059 0.255 8.77272e-22
0.059 0.304 8.66208e-22
0.059 0.353 6.67087e-22
0.059 0.402 8.7087e-22
0.059 0.451 9.47479e-22
0.059 0.5 6.27392e-22
0.059 0.549 5.99149e-22
0.059 0.598 8.43004e-22
0.059 0.647 7.94451e-22
0.059 0.696 5.04007e-22
0.059 0.745 5.69803e-22
0.059 0.794 8.4806e-22
0.059 0.843 9.37534e-22
0.059 0.892 1.89504e-21
0.059 0.941 6.7523e-21
0.059 0.99 1.24057e-20
0.108 0.01 1.43398e-22
0.108 0.059 6.29197e-21
0.108 0.108 1.25229e-19
0.108 0.157 1.02592e-18
0.108 0.206 3.79255e-18
0.108 0.255 7.03581e-18
0.108 0.304 6.94708e-18
0.108 0.353 5.35011e-18
0.108 0.402 6.98447e-18
0.108 0.451 7.59888e-18
0.108 0.5 5.03175e-18
0.108 0.549 4.80524e-18
0.108 0.598 6.76098e-18
0.108 0.647 6.37158e-18
0.108 0.696 4.04219e-18
0.108 0.745 4.56988e-18
0.108 0.794 6.80153e-18
0.108 0.843 7.51912e-18
0.108 0.892 1.51984e-17
0.108 0.941 5.41542e-17
0.108 0.99 9.94952e-17
0.157 0.01 4.40176e-19
0.157 0.059 1.93139e-17
0.157 0.108 3.84406e-16
0.157 0.157 3.14918e-15
0.157 0.206 1.16417e-14
0.157 0.255 2.15972e-14
0.157 0.304 2.13249e-14
0.157 0.353 1.64228e-14
0.157 0.402 2.14396e-14
0.157 0.451 2.33256e-14
0.157 0.5 1.54455e-14
0.157 0.549 1.47502e-14
0.157 0.598 2.07536e-14
0.157 0.647 1.95583e-14
0.157 0.696 1.2408e-14
0.157 0.745 1.40278e-14
0.157 0.794 2.08781e-14
0.157 0.843 2.30808e-14
0.157 0.892 4.66533e-14
0.157 0.941 1.66232e-13
0.157 0.99 3.05412e-13
0.206 0.01 5.17146e-16
0.206 0.059 2.26912e-14
0.206 0.108 4.51624e-13
0.206 0.157 3.69986e-12
0.206 0.206 1.36774e-11
0.206 0.255 2.53738e-11
0.206 0.304 2.50538e-11
0.206 0.353 1.92945e-11
0.206 0.402 2.51886e-11
0.206 0.451 2.74044e-11
0.206 0.5 1.81464e-11
0.206 0.549 1.73295e-11
0.206 0.598 2.43826e-11
0.206 0.647 2.29783e-11
0.206 0.696 1.45777e-11
0.206 0.745 1.64807e-11
0.206 0.794 2.45289e-11
0.206 0.843 2.71168e-11
0.206 0.892 5.48112e-11
0.206 0.941 1.953e-10
0.206 0.99 3.58817e-10
0.255 0.01 2.32543e-13
0.255 0.059 1.02035e-11
0.255 0.108 2.03081e-10
0.255 0.157 1.6637e-09
0.255 0.206 6.15026e-09
0.255 0.255 1.14097e-08
0.255 0.304 1.12659e-08
0.255 0.353 8.6761e-09
0.255 0.402 1.13265e-08
0.255 0.451 1.23229e-08
0.255 0.5 8.15982e-09
0.255 0.549 7.7925e-09
0.255 0.598 1.09641e-08
0.255 0.647 1.03326e-08
0.255 0.696 6.55509e-09
0.255 0.745 7.41083e-09
0.255 0.794 1.10298e-08
0.255 0.843 1.21935e-08
0.255 0.892 2.46468e-08
0.255 0.941 8.782e-08
0.255 0.99 1.61348e-07
0.304 0.01 4.0022e-11
0.304 0.059 1.75607e-09
0.304 0.108 3.49513e-08
0.304 0.157 2.86332e-07
0.304 0.206 1.05849e-06
0.304 0.255 1.96368e-06
0.304 0.304 1.93891e-06
0.304 0.353 1.4932e-06
0.304 0.402 1.94935e-06
0.304 0.451 2.12083e-06
0.304 0.5 1.40435e-06
0.304 0.549 1.34113e-06
0.304 0.598 1.88698e-06
0.304 0.647 1.77829e-06
0.304 0.696 1.12817e-06
0.304 0.745 1.27544e-06
0.304 0.794 1.89829e-06
0.304 0.843 2.09857e-06
0.304 0.892 4.24184e-06
0.304 0.941 1.51143e-05
0.304 0.99 2.77689e-05
0.353 0.01 2.63631e-09
0.353 0.059 1.15675e-07
0.353 0.108 2.30229e-06
0.353 0.157 1.88612e-05
0.353 0.206 6.97246e-05
0.353 0.255 0.000129351
0.353 0.304 0.000127719
0.353 0.353 9.83597e-05
0.353 0.402 0.000128407
0.353 0.451 0.000139702
0.353 0.5 9.25067e-05
0.353 0.549 8.83424e-05
0.353 0.598 0.000124298
0.353 0.647 0.000117139
0.353 0.696 7.43141e-05
0.353 0.745 8.40155e-05
0.353 0.794 0.000125044
0.353 0.843 0.000138236
0.353 0.892 0.000279417
0.353 0.941 0.000995603
0.353 0.99 0.00182918
0.402 0.01 6.64659e-08
0.402 0.059 2.91637e-06
0.402 0.108 5.80448e-05
0.402 0.157 0.000475522
0.402 0.206 0.00175788
0.402 0.255 0.00326115
0.402 0.304 0.00322002
0.402 0.353 0.00247982
0.402 0.402 0.00323735
0.402 0.451 0.00352214
0.402 0.5 0.00233225
0.402 0.549 0.00222726
0.402 0.598 0.00313377
0.402 0.647 0.00295328
0.402 0.696 0.00187359
0.402 0.745 0.00211818
0.402 0.794 0.00315256
0.402 0.843 0.00348517
0.402 0.892 0.00704458
0.402 0.941 0.0251009
0.402 0.99 0.0461168
0.451 0.01 6.41394e-07
0.451 0.059 2.81429e-05
0.451 0.108 0.00056013
0.451 0.157 0.00458878
0.451 0.206 0.0169635
0.451 0.255 0.03147
0.451 0.304 0.0310731
0.451 0.353 0.0239302
0.451 0.402 0.0312404
0.451 0.451 0.0339885
0.451 0.5 0.0225062
0.451 0.549 0.021493
0.451 0.598 0.0302408
0.451 0.647 0.028499
0.451 0.696 0.0180801
0.451 0.745 0.0204403
0.451 0.794 0.0304221
0.451 0.843 0.0336318
0.451 0.892 0.06798
0.451 0.941 0.242223
0.451 0.99 0.445026
0.5 0.01 2.37125e-06
0.5 0.059 0.000104045
0.5 0.108 0.00207082
0.5 0.157 0.0169648
0.5 0.206 0.0627144
0.5 0.255 0.116346
0.5 0.304 0.114878
0.5 0.353 0.0884705
0.5 0.402 0.115497
0.5 0.451 0.125657
0.5 0.5 0.083206
0.5 0.549 0.0794604
0.5 0.598 0.111801
0.5 0.647 0.105362
0.5 0.696 0.0668425
0.5 0.745 0.0755685
0.5 0.794 0.112471
0.5 0.843 0.124338
0.5 0.892 0.251324
0.5 0.941 0.895504
0.5 0.99 1.64527
0.549 0.01 3.42537e-06
0.549 0.059 0.000150297
0.549 0.108 0.00299138
0.549 0.157 0.0245064
0.549 0.206 0.0905934
0.549 0.255 0.168066
0.549 0.304 0.165946
0.549 0.353 0.127799
0.549 0.402 0.166839
0.549 0.451 0.181516
0.549 0.5 0.120194
0.549 0.549 0.114784
0.549 0.598 0.161501
0.549 0.647 0.152199
0.549 0.696 0.0965566
0.549 0.745 0.109162
0.549 0.794 0.162469
0.549 0.843 0.179611
0.549 0.892 0.363047
0.549 0.941 1.29359
0.549 0.99 2.37666
0.598 0.01 2.70576e-06
0.598 0.059 0.000118723
0.598 0.108 0.00236294
0.598 0.157 0.019358
0.598 0.206 0.0715614
0.598 0.255 0.132758
0.598 0.304 0.131084
0.598 0.353 0.100951
0.598 0.402 0.131789
0.598 0.451 0.143383
0.598 0.5 0.0949437
0.598 0.549 0.0906697
0.598 0.598 0.127572
0.598 0.647 0.120225
0.598 0.696 0.0762718
0.598 0.745 0.0862288
0.598 0.794 0.128338
0.598 0.843 0.141878
0.598 0.892 0.286778
0.598 0.941 1.02183
0.598 0.99 1.87737
0.647 0.01 4.34669e-06
0.647 0.059 0.000190723
0.647 0.108 0.00379597
0.647 0.157 0.0310979
0.647 0.206 0.11496
0.647 0.255 0.213271
0.647 0.304 0.210581
0.647 0.353 0.162173
0.647 0.402 0.211714
0.647 0.451 0.230338
0.647 0.5 0.152523
0.647 0.549 0.145657
0.647 0.598 0.20494
0.647 0.647 0.193136
0.647 0.696 0.122528
0.647 0.745 0.138523
0.647 0.794 0.206169
0.647 0.843 0.227921
0.647 0.892 0.460696
0.647 0.941 1.64153
0.647 0.99 3.01591
0.696 0.01 6.7861e-06
0.696 0.059 0.000297758
0.696 0.108 0.00592631
0.696 0.157 0.0485503
0.696 0.206 0.179477
0.696 0.255 0.33296
0.696 0.304 0.328761
0.696 0.353 0.253186
0.696 0.402 0.33053
0.696 0.451 0.359606
0.696 0.5 0.23812
0.696 0.549 0.227401
0.696 0.598 0.319954
0.696 0.647 0.301526
0.696 0.696 0.191291
0.696 0.745 0.216263
0.696 0.794 0.321873
0.696 0.843 0.355832
0.696 0.892 0.719243
0.696 0.941 2.56277
0.696 0.99 4.70847
0.745 0.01 4.51178e-06
0.745 0.059 0.000197967
0.745 0.108 0.00394014
0.745 0.157 0.032279
0.745 0.206 0.119327
0.745 0.255 0.22137
0.745 0.304 0.218579
0.745 0.353 0.168333
0.745 0.402 0.219755
0.745 0.451 0.239087
0.745 0.5 0.158316
0.745 0.549 0.151189
0.745 0.598 0.212723
0.745 0.647 0.200472
0.745 0.696 0.127181
0.745 0.745 0.143784
0.745 0.794 0.213999
0.745 0.843 0.236577
0.745 0.892 0.478194
0.745 0.941 1.70387
0.745 0.99 3.13046
0.794 0.01 2.11647e-06
0.794 0.059 9.28657e-05
0.794 0.108 0.00184831
0.794 0.157 0.015142
0.794 0.206 0.0559759
0.794 0.255 0.103844
0.794 0.304 0.102535
0.794 0.353 0.0789645
0.794 0.402 0.103087
0.794 0.451 0.112155
0.794 0.5 0.0742656
0.794 0.549 0.0709225
0.794 0.598 0.0997881
0.794 0.647 0.0940407
0.794 0.696 0.0596604
0.794 0.745 0.0674488
0.794 0.794 0.100387
0.794 0.843 0.110978
0.794 0.892 0.22432
0.794 0.941 0.799283
0.794 0.99 1.46849
0.843 0.01 4.94332e-06
0.843 0.059 0.000216902
0.843 0.108 0.00431701
0.843 0.157 0.0353664
0.843 0.206 0.13074
0.843 0.255 0.242544
0.843 0.304 0.239485
0.843 0.353 0.184433
0.843 0.402 0.240774
0.843 0.451 0.261955
0.843 0.5 0.173458
0.843 0.549 0.16565
0.843 0.598 0.23307
0.843 0.647 0.219646
0.843 0.696 0.139346
0.843 0.745 0.157537
0.843 0.794 0.234468
0.843 0.843 0.259205
0.843 0.892 0.523932
0.843 0.941 1.86685
0.843 0.99 3.42988
0.892 0.01 2.35121e-05
0.892 0.059 0.00103166
0.892 0.108 0.0205331
0.892 0.157 0.168214
0.892 0.206 0.621843
0.892 0.255 1.15362
0.892 0.304 1.13907
0.892 0.353 0.877226
0.892 0.402 1.1452
0.892 0.451 1.24594
0.892 0.5 0.825026
0.892 0.549 0.787887
0.892 0.598 1.10856
0.892 0.647 1.04471
0.892 0.696 0.662775
0.892 0.745 0.749297
0.892 0.794 1.11521
0.892 0.843 1.23287
0.892 0.892 2.49199
0.892 0.941 8.87934
0.892 0.99 16.3136
0.941 0.01 9.28967e-05
0.941 0.059 0.0040761
0.941 0.108 0.0811268
0.941 0.157 0.664618
0.941 0.206 2.45691
0.941 0.255 4.55798
0.941 0.304 4.5005
0.941 0.353 3.46594
0.941 0.402 4.52472
0.941 0.451 4.92275
0.941 0.5 3.2597
0.941 0.549 3.11296
0.941 0.598 4.37994
0.941 0.647 4.12767
0.941 0.696 2.61864
0.941 0.745 2.96049
0.941 0.794 4.40621
0.941 0.843 4.87108
0.941 0.892 9.84592
0.941 0.941 35.0825
0.941 0.99 64.4556
0.99 0.01 0.000173289
0.99 0.059 0.00760351
0.99 0.108 0.151333
0.99 0.157 1.23977
0.99 0.206 4.5831
0.99 0.255 8.50241
0.99 0.304 8.39518
0.99 0.353 6.46533
0.99 0.402 8.44036
0.99 0.451 9.18285
0.99 0.5 6.0806
0.99 0.549 5.80688
0.99 0.598 8.1703
0.99 0.647 7.69972
0.99 0.696 4.88478
0.99 0.745 5.52246
0.99 0.794 8.2193
0.99 0.843 9.08647
0.99 0.892 18.3665
0.99 0.941 65.4425
0.99 0.99 120.235
