0.01 0.01 0.300606
0.01 0.059 0.183275
0.01 0.108 0.0881825
0.01 0.157 0.0509831
0.01 0.206 0.0194355
0.01 0.255 0.0115068
0.01 0.304 0.0228138
0.01 0.353 0.0294363
0.01 0.402 0.0405094
0.01 0.451 0.0486358
0.01 0.5 0.0263549
0.01 0.549 0.00613275
0.01 0.598 0.00575007
0.01 0.647 0.020031
0.01 0.696 0.0390952
0.01 0.745 0.0566063
0.01 0.794 0.0718257
0.01 0.843 0.124346
0.01 0.892 0.229213
0.01 0.941 0.331587
0.01 0.99 0.408767
0.059 0.01 0.704358
0.059 0.059 0.429438
0.059 0.108 0.206623
0.059 0.157 0.11946
0.059 0.206 0.0455399
0.059 0.255 0.0269619
0.059 0.304 0.0534556
0.059 0.353 0.068973
0.059 0.402 0.0949187
0.059 0.451 0.11396
0.059 0.5 0.0617529
0.059 0.549 0.0143698
0.059 0.598 0.0134732
0.059 0.647 0.0469353
0.059 0.696 0.0916051
0.059 0.745 0.132636
0.059 0.794 0.168297
0.059 0.843 0.29136
0.059 0.892 0.537076
0.059 0.941 0.776952
0.059 0.99 0.957793
0.108 0.01 1.20741
0.108 0.059 0.736144
0.108 0.108 0.354194
0.108 0.157 0.204779
0.108 0.206 0.0780648
0.108 0.255 0.0462182
0.108 0.304 0.0916339
0.108 0.353 0.118234
0.108 0.402 0.16271
0.108 0.451 0.195351
0.108 0.5 0.105857
0.108 0.549 0.0246328
0.108 0.598 0.0230958
0.108 0.647 0.0804568
0.108 0.696 0.15703
0.108 0.745 0.227365
0.108 0.794 0.288495
0.108 0.843 0.49945
0.108 0.892 0.920658
0.108 0.941 1.33186
0.108 0.99 1.64185
0.157 0.01 1.88265
0.157 0.059 1.14783
0.157 0.108 0.552274
0.157 0.157 0.3193
0.157 0.206 0.121722
0.157 0.255 0.0720653
0.157 0.304 0.142879
0.157 0.353 0.184355
0.157 0.402 0.253704
0.157 0.451 0.304599
0.157 0.5 0.165057
0.157 0.549 0.0384085
0.157 0.598 0.0360118
0.157 0.647 0.125452
0.157 0.696 0.244847
0.157 0.745 0.354517
0.157 0.794 0.449834
0.157 0.843 0.778764
0.157 0.892 1.43553
0.157 0.941 2.07668
0.157 0.99 2.56005
0.206 0.01 2.90896
0.206 0.059 1.77355
0.206 0.108 0.853341
0.206 0.157 0.493363
0.206 0.206 0.188077
0.206 0.255 0.111351
0.206 0.304 0.220769
0.206 0.353 0.284854
0.206 0.402 0.392009
0.206 0.451 0.470648
0.206 0.5 0.255036
0.206 0.549 0.0593466
0.206 0.598 0.0556434
0.206 0.647 0.19384
0.206 0.696 0.378324
0.206 0.745 0.547778
0.206 0.794 0.695056
0.206 0.843 1.2033
0.206 0.892 2.21809
0.206 0.941 3.20877
0.206 0.99 3.95563
0.255 0.01 3.81305
0.255 0.059 2.32477
0.255 0.108 1.11856
0.255 0.157 0.646699
0.255 0.206 0.246531
0.255 0.255 0.145958
0.255 0.304 0.289383
0.255 0.353 0.373386
0.255 0.402 0.513843
0.255 0.451 0.616923
0.255 0.5 0.3343
0.255 0.549 0.0777912
0.255 0.598 0.0729371
0.255 0.647 0.254085
0.255 0.696 0.495905
0.255 0.745 0.718026
0.255 0.794 0.911077
0.255 0.843 1.57728
0.255 0.892 2.90747
0.255 0.941 4.20604
0.255 0.99 5.18502
0.304 0.01 4.26877
0.304 0.059 2.60261
0.304 0.108 1.25224
0.304 0.157 0.72399
0.304 0.206 0.275995
0.304 0.255 0.163403
0.304 0.304 0.323969
0.304 0.353 0.418012
0.304 0.402 0.575256
0.304 0.451 0.690656
0.304 0.5 0.374254
0.304 0.549 0.0870885
0.304 0.598 0.0816543
0.304 0.647 0.284452
0.304 0.696 0.555174
0.304 0.745 0.803841
0.304 0.794 1.01997
0.304 0.843 1.76579
0.304 0.892 3.25495
0.304 0.941 4.70873
0.304 0.99 5.80472
0.353 0.01 4.13819
0.353 0.059 2.523
0.353 0.108 1.21393
0.353 0.157 0.701843
0.353 0.206 0.267553
0.353 0.255 0.158404
0.353 0.304 0.314058
0.353 0.353 0.405225
0.353 0.402 0.557659
0.353 0.451 0.669529
0.353 0.5 0.362806
0.353 0.549 0.0844245
0.353 0.598 0.0791564
0.353 0.647 0.275751
0.353 0.696 0.538191
0.353 0.745 0.779252
0.353 0.794 0.988764
0.353 0.843 1.71177
0.353 0.892 3.15539
0.353 0.941 4.56469
0.353 0.99 5.62715
0.402 0.01 3.6145
0.402 0.059 2.20371
0.402 0.108 1.06031
0.402 0.157 0.613025
0.402 0.206 0.233694
0.402 0.255 0.138358
0.402 0.304 0.274314
0.402 0.353 0.353944
0.402 0.402 0.487087
0.402 0.451 0.5848
0.402 0.5 0.316893
0.402 0.549 0.0737406
0.402 0.598 0.0691392
0.402 0.647 0.240855
0.402 0.696 0.470083
0.402 0.745 0.680638
0.402 0.794 0.863636
0.402 0.843 1.49515
0.402 0.892 2.75607
0.402 0.941 3.98703
0.402 0.99 4.91504
0.451 0.01 2.63344
0.451 0.059 1.60557
0.451 0.108 0.772517
0.451 0.157 0.446635
0.451 0.206 0.170264
0.451 0.255 0.100805
0.451 0.304 0.199859
0.451 0.353 0.257875
0.451 0.402 0.35488
0.451 0.451 0.426071
0.451 0.5 0.23088
0.451 0.549 0.0537256
0.451 0.598 0.0503731
0.451 0.647 0.175481
0.451 0.696 0.342491
0.451 0.745 0.495896
0.451 0.794 0.629224
0.451 0.843 1.08933
0.451 0.892 2.00801
0.451 0.941 2.90485
0.451 0.99 3.58098
0.5 0.01 2.05322
0.5 0.059 1.25182
0.5 0.108 0.602311
0.5 0.157 0.348229
0.5 0.206 0.13275
0.5 0.255 0.0785945
0.5 0.304 0.155824
0.5 0.353 0.201058
0.5 0.402 0.27669
0.5 0.451 0.332196
0.5 0.5 0.180011
0.5 0.549 0.0418884
0.5 0.598 0.0392746
0.5 0.647 0.136818
0.5 0.696 0.267031
0.5 0.745 0.386637
0.5 0.794 0.490589
0.5 0.843 0.849321
0.5 0.892 1.56559
0.5 0.941 2.26483
0.5 0.99 2.79199
0.549 0.01 2.29589
0.549 0.059 1.39977
0.549 0.108 0.673496
0.549 0.157 0.389385
0.549 0.206 0.148439
0.549 0.255 0.0878834
0.549 0.304 0.174241
0.549 0.353 0.22482
0.549 0.402 0.309392
0.549 0.451 0.371457
0.549 0.5 0.201286
0.549 0.549 0.0468391
0.549 0.598 0.0439163
0.549 0.647 0.152988
0.549 0.696 0.298591
0.549 0.745 0.432332
0.549 0.794 0.548571
0.549 0.843 0.9497
0.549 0.892 1.75062
0.549 0.941 2.53251
0.549 0.99 3.12197
0.598 0.01 2.39822
0.598 0.059 1.46216
0.598 0.108 0.703515
0.598 0.157 0.406741
0.598 0.206 0.155056
0.598 0.255 0.0918005
0.598 0.304 0.182007
0.598 0.353 0.234841
0.598 0.402 0.323182
0.598 0.451 0.388014
0.598 0.5 0.210258
0.598 0.549 0.0489267
0.598 0.598 0.0458737
0.598 0.647 0.159807
0.598 0.696 0.311899
0.598 0.745 0.451602
0.598 0.794 0.573021
0.598 0.843 0.992029
0.598 0.892 1.82865
0.598 0.941 2.64539
0.598 0.99 3.26112
0.647 0.01 2.89984
0.647 0.059 1.76799
0.647 0.108 0.850664
0.647 0.157 0.491816
0.647 0.206 0.187487
0.647 0.255 0.111002
0.647 0.304 0.220076
0.647 0.353 0.283961
0.647 0.402 0.390779
0.647 0.451 0.469172
0.647 0.5 0.254236
0.647 0.549 0.0591604
0.647 0.598 0.0554688
0.647 0.647 0.193232
0.647 0.696 0.377137
0.647 0.745 0.54606
0.647 0.794 0.692876
0.647 0.843 1.19952
0.647 0.892 2.21113
0.647 0.941 3.1987
0.647 0.99 3.94322
0.696 0.01 3.81925
0.696 0.059 2.32855
0.696 0.108 1.12037
0.696 0.157 0.64775
0.696 0.206 0.246932
0.696 0.255 0.146196
0.696 0.304 0.289853
0.696 0.353 0.373993
0.696 0.402 0.514679
0.696 0.451 0.617927
0.696 0.5 0.334844
0.696 0.549 0.0779177
0.696 0.598 0.0730557
0.696 0.647 0.254498
0.696 0.696 0.496712
0.696 0.745 0.719193
0.696 0.794 0.912559
0.696 0.843 1.57985
0.696 0.892 2.91219
0.696 0.941 4.21288
0.696 0.99 5.19346
0.745 0.01 3.96697
0.745 0.059 2.4186
0.745 0.108 1.16371
0.745 0.157 0.672802
0.745 0.206 0.256482
0.745 0.255 0.15185
0.745 0.304 0.301063
0.745 0.353 0.388458
0.745 0.402 0.534585
0.745 0.451 0.641825
0.745 0.5 0.347794
0.745 0.549 0.0809312
0.745 0.598 0.0758812
0.745 0.647 0.264341
0.745 0.696 0.515922
0.745 0.745 0.747009
0.745 0.794 0.947852
0.745 0.843 1.64095
0.745 0.892 3.02482
0.745 0.941 4.37582
0.745 0.99 5.39432
0.794 0.01 3.53127
0.794 0.059 2.15297
0.794 0.108 1.0359
0.794 0.157 0.598908
0.794 0.206 0.228313
0.794 0.255 0.135172
0.794 0.304 0.267997
0.794 0.353 0.345793
0.794 0.402 0.475871
0.794 0.451 0.571333
0.794 0.5 0.309596
0.794 0.549 0.0720425
0.794 0.598 0.0675471
0.794 0.647 0.235308
0.794 0.696 0.459258
0.794 0.745 0.664964
0.794 0.794 0.843749
0.794 0.843 1.46072
0.794 0.892 2.69261
0.794 0.941 3.89522
0.794 0.99 4.80186
0.843 0.01 3.21175
0.843 0.059 1.95816
0.843 0.108 0.942165
0.843 0.157 0.544717
0.843 0.206 0.207654
0.843 0.255 0.122942
0.843 0.304 0.243748
0.843 0.353 0.314505
0.843 0.402 0.432813
0.843 0.451 0.519638
0.843 0.5 0.281583
0.843 0.549 0.0655239
0.843 0.598 0.0614353
0.843 0.647 0.214017
0.843 0.696 0.417703
0.843 0.745 0.604797
0.843 0.794 0.767404
0.843 0.843 1.32855
0.843 0.892 2.44897
0.843 0.941 3.54277
0.843 0.99 4.36737
0.892 0.01 3.45752
0.892 0.059 2.108
0.892 0.108 1.01426
0.892 0.157 0.586399
0.892 0.206 0.223544
0.892 0.255 0.132349
0.892 0.304 0.2624
0.892 0.353 0.338571
0.892 0.402 0.465932
0.892 0.451 0.559401
0.892 0.5 0.303129
0.892 0.549 0.0705378
0.892 0.598 0.0661363
0.892 0.647 0.230394
0.892 0.696 0.449666
0.892 0.745 0.651076
0.892 0.794 0.826126
0.892 0.843 1.43021
0.892 0.892 2.63637
0.892 0.941 3.81386
0.892 0.99 4.70157
0.941 0.01 6.23714
0.941 0.059 3.8027
0.941 0.108 1.82966
0.941 0.157 1.05783
0.941 0.206 0.403259
0.941 0.255 0.238749
0.941 0.304 0.473353
0.941 0.353 0.61076
0.941 0.402 0.840511
0.941 0.451 1.00912
0.941 0.5 0.546826
0.941 0.549 0.127246
0.941 0.598 0.119306
0.941 0.647 0.415616
0.941 0.696 0.811169
0.941 0.745 1.1745
0.941 0.794 1.49028
0.941 0.843 2.58001
0.941 0.892 4.75584
0.941 0.941 6.87996
0.941 0.99 8.48133
0.99 0.01 9.58003
0.99 0.059 5.84082
0.99 0.108 2.81029
0.99 0.157 1.62479
0.99 0.206 0.619392
0.99 0.255 0.366711
0.99 0.304 0.727054
0.99 0.353 0.938107
0.99 0.402 1.291
0.99 0.451 1.54998
0.99 0.5 0.839906
0.99 0.549 0.195445
0.99 0.598 0.183249
0.99 0.647 0.638371
0.99 0.696 1.24593
0.99 0.745 1.80399
0.99 0.794 2.28902
0.99 0.843 3.96281
0.99 0.892 7.30481
0.99 0.941 10.5674
0.99 0.99 13.027
