0.01 0.01 3.34643e-07
0.01 0.059 3.29574e-07
0.01 0.108 2.21447e-07
0.01 0.157 1.42569e-07
0.01 0.206 2.276e-07
0.01 0.255 2.96306e-07
0.01 0.304 2.29554e-07
0.01 0.353 2.28027e-07
0.01 0.402 3.03707e-07
0.01 0.451 2.42403e-07
0.01 0.5 1.81807e-07
0.01 0.549 2.85217e-07
0.01 0.598 3.61897e-07
0.01 0.647 3.62252e-07
0.01 0.696 3.35916e-07
0.01 0.745 2.32394e-07
0.01 0.794 2.36896e-07
0.01 0.843 3.73201e-07
0.01 0.892 6.45497e-07
0.01 0.941 1.49673e-06
0.01 0.99 2.44686e-06
0.059 0.01 2.97631e-05
0.059 0.059 2.93123e-05
0.059 0.108 1.96955e-05
0.059 0.157 1.26801e-05
0.059 0.206 2.02428e-05
0.059 0.255 2.63535e-05
0.059 0.304 2.04165e-05
0.059 0.353 2.02807e-05
0.059 0.402 2.70117e-05
0.059 0.451 2.15594e-05
0.059 0.5 1.61699e-05
0.059 0.549 2.53672e-05
0.059 0.598 3.21871e-05
0.059 0.647 3.22187e-05
0.059 0.696 2.98763e-05
0.059 0.745 2.06692e-05
0.059 0.794 2.10695e-05
0.059 0.843 3.31925e-05
0.059 0.892 5.74105e-05
0.059 0.941 0.000133119
0.059 0.99 0.000217624
0.108 0.01 0.00113102
0.108 0.059 0.00111389
0.108 0.108 0.00074844
0.108 0.157 0.00048185
0.108 0.206 0.000769238
0.108 0.255 0.00100145
0.108 0.304 0.00077584
0.108 0.353 0.00077068
0.108 0.402 0.00102646
0.108 0.451 0.000819269
0.108 0.5 0.000614466
0.108 0.549 0.00096397
0.108 0.598 0.00122313
0.108 0.647 0.00122433
0.108 0.696 0.00113532
0.108 0.745 0.000785441
0.108 0.794 0.000800656
0.108 0.843 0.00126134
0.108 0.892 0.00218163
0.108 0.941 0.00505861
0.108 0.99 0.00826984
0.157 0.01 0.0164693
0.157 0.059 0.0162198
0.157 0.108 0.0108984
0.157 0.157 0.00701644
0.157 0.206 0.0112012
0.157 0.255 0.0145826
0.157 0.304 0.0112974
0.157 0.353 0.0112222
0.157 0.402 0.0149468
0.157 0.451 0.0119297
0.157 0.5 0.00894753
0.157 0.549 0.0140368
0.157 0.598 0.0178106
0.157 0.647 0.017828
0.157 0.696 0.0165319
0.157 0.745 0.0114372
0.157 0.794 0.0116587
0.157 0.843 0.0183669
0.157 0.892 0.0317678
0.157 0.941 0.0736608
0.157 0.99 0.120421
0.206 0.01 0.0926864
0.206 0.059 0.0912825
0.206 0.108 0.0613344
0.206 0.157 0.0394874
0.206 0.206 0.0630387
0.206 0.255 0.0820684
0.206 0.304 0.0635798
0.206 0.353 0.0631569
0.206 0.402 0.084118
0.206 0.451 0.0671387
0.206 0.5 0.0503553
0.206 0.549 0.0789969
0.206 0.598 0.100235
0.206 0.647 0.100333
0.206 0.696 0.093039
0.206 0.745 0.0643666
0.206 0.794 0.0656134
0.206 0.843 0.103366
0.206 0.892 0.178784
0.206 0.941 0.414551
0.206 0.99 0.67771
0.255 0.01 0.215895
0.255 0.059 0.212624
0.255 0.108 0.142866
0.255 0.157 0.091978
0.255 0.206 0.146836
0.255 0.255 0.191162
0.255 0.304 0.148096
0.255 0.353 0.147111
0.255 0.402 0.195936
0.255 0.451 0.156386
0.255 0.5 0.117293
0.255 0.549 0.184008
0.255 0.598 0.233478
0.255 0.647 0.233706
0.255 0.696 0.216716
0.255 0.745 0.149929
0.255 0.794 0.152833
0.255 0.843 0.240771
0.255 0.892 0.416442
0.255 0.941 0.965615
0.255 0.99 1.57859
0.304 0.01 0.310063
0.304 0.059 0.305367
0.304 0.108 0.205182
0.304 0.157 0.132097
0.304 0.206 0.210883
0.304 0.255 0.274543
0.304 0.304 0.212693
0.304 0.353 0.211279
0.304 0.402 0.2814
0.304 0.451 0.224599
0.304 0.5 0.168453
0.304 0.549 0.264268
0.304 0.598 0.335316
0.304 0.647 0.335644
0.304 0.696 0.311243
0.304 0.745 0.215325
0.304 0.794 0.219496
0.304 0.843 0.34579
0.304 0.892 0.598085
0.304 0.941 1.3868
0.304 0.99 2.26714
0.353 0.01 0.543365
0.353 0.059 0.535134
0.353 0.108 0.359567
0.353 0.157 0.231491
0.353 0.206 0.369558
0.353 0.255 0.481118
0.353 0.304 0.37273
0.353 0.353 0.370251
0.353 0.402 0.493133
0.353 0.451 0.393594
0.353 0.5 0.295203
0.353 0.549 0.463111
0.353 0.598 0.587618
0.353 0.647 0.588194
0.353 0.696 0.545432
0.353 0.745 0.377343
0.353 0.794 0.384652
0.353 0.843 0.605973
0.353 0.892 1.0481
0.353 0.941 2.43027
0.353 0.99 3.97301
0.402 0.01 0.987084
0.402 0.059 0.972132
0.402 0.108 0.653194
0.402 0.157 0.42053
0.402 0.206 0.671345
0.402 0.255 0.874005
0.402 0.304 0.677106
0.402 0.353 0.672603
0.402 0.402 0.895833
0.402 0.451 0.715008
0.402 0.5 0.536269
0.402 0.549 0.841295
0.402 0.598 1.06748
0.402 0.647 1.06852
0.402 0.696 0.990839
0.402 0.745 0.685486
0.402 0.794 0.698764
0.402 0.843 1.10082
0.402 0.892 1.904
0.402 0.941 4.41485
0.402 0.99 7.21742
0.451 0.01 1.47906
0.451 0.059 1.45665
0.451 0.108 0.978751
0.451 0.157 0.630125
0.451 0.206 1.00595
0.451 0.255 1.30962
0.451 0.304 1.01458
0.451 0.353 1.00783
0.451 0.402 1.34232
0.451 0.451 1.07138
0.451 0.5 0.803551
0.451 0.549 1.2606
0.451 0.598 1.59951
0.451 0.647 1.60108
0.451 0.696 1.48468
0.451 0.745 1.02714
0.451 0.794 1.04704
0.451 0.843 1.64948
0.451 0.892 2.85297
0.451 0.941 6.61526
0.451 0.99 10.8147
0.5 0.01 1.58121
0.5 0.059 1.55726
0.5 0.108 1.04635
0.5 0.157 0.673646
0.5 0.206 1.07543
0.5 0.255 1.40007
0.5 0.304 1.08466
0.5 0.353 1.07744
0.5 0.402 1.43503
0.5 0.451 1.14537
0.5 0.5 0.859049
0.5 0.549 1.34767
0.5 0.598 1.70999
0.5 0.647 1.71166
0.5 0.696 1.58722
0.5 0.745 1.09808
0.5 0.794 1.11935
0.5 0.843 1.7634
0.5 0.892 3.05001
0.5 0.941 7.07215
0.5 0.99 11.5616
0.549 0.01 1.2835
0.549 0.059 1.26406
0.549 0.108 0.849343
0.549 0.157 0.546811
0.549 0.206 0.872945
0.549 0.255 1.13646
0.549 0.304 0.880436
0.549 0.353 0.874581
0.549 0.402 1.16485
0.549 0.451 0.92972
0.549 0.5 0.697307
0.549 0.549 1.09393
0.549 0.598 1.38803
0.549 0.647 1.38939
0.549 0.696 1.28838
0.549 0.745 0.891332
0.549 0.794 0.908598
0.549 0.843 1.43139
0.549 0.892 2.47576
0.549 0.941 5.7406
0.549 0.99 9.38476
0.598 0.01 0.877087
0.598 0.059 0.863801
0.598 0.108 0.580404
0.598 0.157 0.373667
0.598 0.206 0.596532
0.598 0.255 0.776609
0.598 0.304 0.601652
0.598 0.353 0.59765
0.598 0.402 0.796004
0.598 0.451 0.63533
0.598 0.5 0.476509
0.598 0.549 0.747544
0.598 0.598 0.948519
0.598 0.647 0.949448
0.598 0.696 0.880423
0.598 0.745 0.609097
0.598 0.794 0.620896
0.598 0.843 0.978147
0.598 0.892 1.69182
0.598 0.941 3.92288
0.598 0.99 6.41314
0.647 0.01 0.554117
0.647 0.059 0.545723
0.647 0.108 0.366681
0.647 0.157 0.236071
0.647 0.206 0.376871
0.647 0.255 0.490638
0.647 0.304 0.380105
0.647 0.353 0.377577
0.647 0.402 0.502891
0.647 0.451 0.401382
0.647 0.5 0.301044
0.647 0.549 0.472275
0.647 0.598 0.599245
0.647 0.647 0.599832
0.647 0.696 0.556224
0.647 0.745 0.384809
0.647 0.794 0.392263
0.647 0.843 0.617963
0.647 0.892 1.06884
0.647 0.941 2.47835
0.647 0.99 4.05162
0.696 0.01 0.571374
0.696 0.059 0.562719
0.696 0.108 0.378101
0.696 0.157 0.243424
0.696 0.206 0.388608
0.696 0.255 0.505918
0.696 0.304 0.391943
0.696 0.353 0.389337
0.696 0.402 0.518553
0.696 0.451 0.413883
0.696 0.5 0.31042
0.696 0.549 0.486984
0.696 0.598 0.617909
0.696 0.647 0.618514
0.696 0.696 0.573547
0.696 0.745 0.396794
0.696 0.794 0.40448
0.696 0.843 0.637209
0.696 0.892 1.10213
0.696 0.941 2.55554
0.696 0.99 4.17781
0.745 0.01 0.759916
0.745 0.059 0.748406
0.745 0.108 0.502867
0.745 0.157 0.323749
0.745 0.206 0.516841
0.745 0.255 0.672861
0.745 0.304 0.521277
0.745 0.353 0.51781
0.745 0.402 0.689666
0.745 0.451 0.550456
0.745 0.5 0.412852
0.745 0.549 0.647679
0.745 0.598 0.821806
0.745 0.647 0.822611
0.745 0.696 0.762807
0.745 0.745 0.527728
0.745 0.794 0.537951
0.745 0.843 0.847476
0.745 0.892 1.46581
0.745 0.941 3.39882
0.745 0.99 5.5564
0.794 0.01 1.12283
0.794 0.059 1.10582
0.794 0.108 0.743021
0.794 0.157 0.478361
0.794 0.206 0.763668
0.794 0.255 0.994198
0.794 0.304 0.770222
0.794 0.353 0.765099
0.794 0.402 1.01903
0.794 0.451 0.813336
0.794 0.5 0.610017
0.794 0.549 0.956989
0.794 0.598 1.21427
0.794 0.647 1.21546
0.794 0.696 1.1271
0.794 0.745 0.779754
0.794 0.794 0.794858
0.794 0.843 1.2522
0.794 0.892 2.16584
0.794 0.941 5.02198
0.794 0.99 8.20996
0.843 0.01 1.85586
0.843 0.059 1.82774
0.843 0.108 1.22809
0.843 0.157 0.790654
0.843 0.206 1.26222
0.843 0.255 1.64325
0.843 0.304 1.27305
0.843 0.353 1.26459
0.843 0.402 1.68429
0.843 0.451 1.34432
0.843 0.5 1.00826
0.843 0.549 1.58175
0.843 0.598 2.007
0.843 0.647 2.00897
0.843 0.696 1.86291
0.843 0.745 1.28881
0.843 0.794 1.31377
0.843 0.843 2.06969
0.843 0.892 3.57978
0.843 0.941 8.30054
0.843 0.99 13.5698
0.892 0.01 2.05256
0.892 0.059 2.02147
0.892 0.108 1.35826
0.892 0.157 0.874457
0.892 0.206 1.39601
0.892 0.255 1.81742
0.892 0.304 1.40799
0.892 0.353 1.39862
0.892 0.402 1.86281
0.892 0.451 1.4868
0.892 0.5 1.11513
0.892 0.549 1.7494
0.892 0.598 2.21973
0.892 0.647 2.2219
0.892 0.696 2.06037
0.892 0.745 1.42541
0.892 0.794 1.45302
0.892 0.843 2.28906
0.892 0.892 3.95921
0.892 0.941 9.18032
0.892 0.99 15.008
0.941 0.01 1.25735
0.941 0.059 1.23831
0.941 0.108 0.832041
0.941 0.157 0.535673
0.941 0.206 0.855162
0.941 0.255 1.11331
0.941 0.304 0.862501
0.941 0.353 0.856765
0.941 0.402 1.14112
0.941 0.451 0.910781
0.941 0.5 0.683102
0.941 0.549 1.07165
0.941 0.598 1.35976
0.941 0.647 1.36109
0.941 0.696 1.26213
0.941 0.745 0.873175
0.941 0.794 0.890089
0.941 0.843 1.40223
0.941 0.892 2.42532
0.941 0.941 5.62366
0.941 0.99 9.19359
0.99 0.01 0.729783
0.99 0.059 0.718729
0.99 0.108 0.482927
0.99 0.157 0.310911
0.99 0.206 0.496347
0.99 0.255 0.64618
0.99 0.304 0.500607
0.99 0.353 0.497277
0.99 0.402 0.662318
0.99 0.451 0.528629
0.99 0.5 0.396481
0.99 0.549 0.621996
0.99 0.598 0.789219
0.99 0.647 0.789992
0.99 0.696 0.732559
0.99 0.745 0.506802
0.99 0.794 0.516619
0.99 0.843 0.813871
0.99 0.892 1.40769
0.99 0.941 3.26404
0.99 0.99 5.33607
