0.01 0.01 0.000615098
0.01 0.059 0.0115066
0.01 0.108 0.101841
0.01 0.157 0.377438
0.01 0.206 0.737136
0.01 0.255 1.0143
0.01 0.304 1.04854
0.01 0.353 1.36753
0.01 0.402 2.2026
0.01 0.451 2.77627
0.01 0.5 2.7596
0.01 0.549 2.25115
0.01 0.598 1.69377
0.01 0.647 1.65413
0.01 0.696 2.23825
0.01 0.745 3.35149
0.01 0.794 4.00505
0.01 0.843 2.94661
0.01 0.892 1.59391
0.01 0.941 0.980918
0.01 0.99 0.982003
0.059 0.01 0.000437434
0.059 0.059 0.00818307
0.059 0.108 0.0724251
0.059 0.157 0.268419
0.059 0.206 0.524222
0.059 0.255 0.721329
0.059 0.304 0.745678
0.059 0.353 0.972536
0.059 0.402 1.5664
0.059 0.451 1.97438
0.059 0.5 1.96252
0.059 0.549 1.60093
0.059 0.598 1.20454
0.059 0.647 1.17636
0.059 0.696 1.59175
0.059 0.745 2.38345
0.059 0.794 2.84824
0.059 0.843 2.09551
0.059 0.892 1.13352
0.059 0.941 0.697591
0.059 0.99 0.698363
0.108 0.01 0.000330154
0.108 0.059 0.00617619
0.108 0.108 0.054663
0.108 0.157 0.20259
0.108 0.206 0.395658
0.108 0.255 0.544425
0.108 0.304 0.562802
0.108 0.353 0.734024
0.108 0.402 1.18225
0.108 0.451 1.49017
0.108 0.5 1.48122
0.108 0.549 1.20831
0.108 0.598 0.909132
0.108 0.647 0.887857
0.108 0.696 1.20138
0.108 0.745 1.79891
0.108 0.794 2.14971
0.108 0.843 1.58159
0.108 0.892 0.85553
0.108 0.941 0.526509
0.108 0.99 0.527091
0.157 0.01 0.000327844
0.157 0.059 0.00613297
0.157 0.108 0.0542805
0.157 0.157 0.201173
0.157 0.206 0.39289
0.157 0.255 0.540616
0.157 0.304 0.558864
0.157 0.353 0.728888
0.157 0.402 1.17397
0.157 0.451 1.47974
0.157 0.5 1.47085
0.157 0.549 1.19985
0.157 0.598 0.902771
0.157 0.647 0.881645
0.157 0.696 1.19297
0.157 0.745 1.78633
0.157 0.794 2.13467
0.157 0.843 1.57053
0.157 0.892 0.849544
0.157 0.941 0.522824
0.157 0.99 0.523403
0.206 0.01 0.000397896
0.206 0.059 0.00744343
0.206 0.108 0.0658788
0.206 0.157 0.244158
0.206 0.206 0.47684
0.206 0.255 0.656131
0.206 0.304 0.678279
0.206 0.353 0.884632
0.206 0.402 1.42482
0.206 0.451 1.79592
0.206 0.5 1.78514
0.206 0.549 1.45623
0.206 0.598 1.09567
0.206 0.647 1.07003
0.206 0.696 1.44788
0.206 0.745 2.16802
0.206 0.794 2.5908
0.206 0.843 1.90611
0.206 0.892 1.03107
0.206 0.941 0.634538
0.206 0.99 0.63524
0.255 0.01 0.00047496
0.255 0.059 0.00888506
0.255 0.108 0.0786381
0.255 0.157 0.291446
0.255 0.206 0.569193
0.255 0.255 0.783209
0.255 0.304 0.809646
0.255 0.353 1.05597
0.255 0.402 1.70078
0.255 0.451 2.14375
0.255 0.5 2.13088
0.255 0.549 1.73827
0.255 0.598 1.30788
0.255 0.647 1.27727
0.255 0.696 1.7283
0.255 0.745 2.58791
0.255 0.794 3.09258
0.255 0.843 2.27528
0.255 0.892 1.23076
0.255 0.941 0.757435
0.255 0.99 0.758272
0.304 0.01 0.000424209
0.304 0.059 0.00793567
0.304 0.108 0.0702354
0.304 0.157 0.260304
0.304 0.206 0.508374
0.304 0.255 0.699521
0.304 0.304 0.723134
0.304 0.353 0.943134
0.304 0.402 1.51905
0.304 0.451 1.91468
0.304 0.5 1.90319
0.304 0.549 1.55253
0.304 0.598 1.16813
0.304 0.647 1.14079
0.304 0.696 1.54363
0.304 0.745 2.31139
0.304 0.794 2.76213
0.304 0.843 2.03216
0.304 0.892 1.09925
0.304 0.941 0.676501
0.304 0.99 0.677249
0.353 0.01 0.000355443
0.353 0.059 0.00664926
0.353 0.108 0.0588499
0.353 0.157 0.218108
0.353 0.206 0.425964
0.353 0.255 0.586125
0.353 0.304 0.60591
0.353 0.353 0.790247
0.353 0.402 1.2728
0.353 0.451 1.6043
0.353 0.5 1.59467
0.353 0.549 1.30086
0.353 0.598 0.978768
0.353 0.647 0.955863
0.353 0.696 1.2934
0.353 0.745 1.9367
0.353 0.794 2.31437
0.353 0.843 1.70274
0.353 0.892 0.92106
0.353 0.941 0.566837
0.353 0.99 0.567464
0.402 0.01 0.000334723
0.402 0.059 0.00626166
0.402 0.108 0.0554195
0.402 0.157 0.205394
0.402 0.206 0.401134
0.402 0.255 0.551959
0.402 0.304 0.570591
0.402 0.353 0.744182
0.402 0.402 1.19861
0.402 0.451 1.51079
0.402 0.5 1.50172
0.402 0.549 1.22503
0.402 0.598 0.921714
0.402 0.647 0.900144
0.402 0.696 1.21801
0.402 0.745 1.82381
0.402 0.794 2.17946
0.402 0.843 1.60348
0.402 0.892 0.86737
0.402 0.941 0.533795
0.402 0.99 0.534385
0.451 0.01 0.000294772
0.451 0.059 0.00551429
0.451 0.108 0.0488048
0.451 0.157 0.180879
0.451 0.206 0.353255
0.451 0.255 0.486079
0.451 0.304 0.502487
0.451 0.353 0.655359
0.451 0.402 1.05554
0.451 0.451 1.33046
0.451 0.5 1.32248
0.451 0.549 1.07881
0.451 0.598 0.811701
0.451 0.647 0.792706
0.451 0.696 1.07263
0.451 0.745 1.60612
0.451 0.794 1.91933
0.451 0.843 1.41209
0.451 0.892 0.763843
0.451 0.941 0.470083
0.451 0.99 0.470603
0.5 0.01 0.000303031
0.5 0.059 0.00566878
0.5 0.108 0.0501721
0.5 0.157 0.185946
0.5 0.206 0.363153
0.5 0.255 0.499698
0.5 0.304 0.516565
0.5 0.353 0.67372
0.5 0.402 1.08512
0.5 0.451 1.36774
0.5 0.5 1.35953
0.5 0.549 1.10904
0.5 0.598 0.834442
0.5 0.647 0.814915
0.5 0.696 1.10268
0.5 0.745 1.65112
0.5 0.794 1.9731
0.5 0.843 1.45166
0.5 0.892 0.785244
0.5 0.941 0.483253
0.5 0.99 0.483788
0.549 0.01 0.00027169
0.549 0.059 0.0050825
0.549 0.108 0.0449832
0.549 0.157 0.166715
0.549 0.206 0.325595
0.549 0.255 0.448018
0.549 0.304 0.463141
0.549 0.353 0.604043
0.549 0.402 0.972893
0.549 0.451 1.22629
0.549 0.5 1.21892
0.549 0.549 0.994338
0.549 0.598 0.748142
0.549 0.647 0.730635
0.549 0.696 0.988639
0.549 0.745 1.48036
0.549 0.794 1.76904
0.549 0.843 1.30152
0.549 0.892 0.704032
0.549 0.941 0.433274
0.549 0.99 0.433753
0.598 0.01 0.000254932
0.598 0.059 0.004769
0.598 0.108 0.0422086
0.598 0.157 0.156432
0.598 0.206 0.305511
0.598 0.255 0.420383
0.598 0.304 0.434573
0.598 0.353 0.566784
0.598 0.402 0.912882
0.598 0.451 1.15065
0.598 0.5 1.14374
0.598 0.549 0.933005
0.598 0.598 0.701995
0.598 0.647 0.685567
0.598 0.696 0.927657
0.598 0.745 1.38905
0.598 0.794 1.65992
0.598 0.843 1.22124
0.598 0.892 0.660606
0.598 0.941 0.406549
0.598 0.99 0.406998
0.647 0.01 0.000287469
0.647 0.059 0.00537767
0.647 0.108 0.0475956
0.647 0.157 0.176397
0.647 0.206 0.344503
0.647 0.255 0.474036
0.647 0.304 0.490037
0.647 0.353 0.639122
0.647 0.402 1.02939
0.647 0.451 1.2975
0.647 0.5 1.28971
0.647 0.549 1.05208
0.647 0.598 0.79159
0.647 0.647 0.773066
0.647 0.696 1.04605
0.647 0.745 1.56633
0.647 0.794 1.87178
0.647 0.843 1.37711
0.647 0.892 0.744918
0.647 0.941 0.458436
0.647 0.99 0.458943
0.696 0.01 0.000245637
0.696 0.059 0.00459512
0.696 0.108 0.0406696
0.696 0.157 0.150728
0.696 0.206 0.294372
0.696 0.255 0.405056
0.696 0.304 0.418728
0.696 0.353 0.546119
0.696 0.402 0.879598
0.696 0.451 1.10869
0.696 0.5 1.10203
0.696 0.549 0.898987
0.696 0.598 0.6764
0.696 0.647 0.660571
0.696 0.696 0.893834
0.696 0.745 1.3384
0.696 0.794 1.5994
0.696 0.843 1.17671
0.696 0.892 0.63652
0.696 0.941 0.391726
0.696 0.99 0.392159
0.745 0.01 0.000259911
0.745 0.059 0.00486215
0.745 0.108 0.0430329
0.745 0.157 0.159487
0.745 0.206 0.311478
0.745 0.255 0.428593
0.745 0.304 0.443061
0.745 0.353 0.577854
0.745 0.402 0.930712
0.745 0.451 1.17312
0.745 0.5 1.16607
0.745 0.549 0.951227
0.745 0.598 0.715706
0.745 0.647 0.698957
0.745 0.696 0.945775
0.745 0.745 1.41618
0.745 0.794 1.69234
0.745 0.843 1.24509
0.745 0.892 0.673508
0.745 0.941 0.414489
0.745 0.99 0.414947
0.794 0.01 0.00030448
0.794 0.059 0.0056959
0.794 0.108 0.0504121
0.794 0.157 0.186836
0.794 0.206 0.36489
0.794 0.255 0.502088
0.794 0.304 0.519036
0.794 0.353 0.676943
0.794 0.402 1.09031
0.794 0.451 1.37428
0.794 0.5 1.36603
0.794 0.549 1.11434
0.794 0.598 0.838434
0.794 0.647 0.818813
0.794 0.696 1.10795
0.794 0.745 1.65902
0.794 0.794 1.98254
0.794 0.843 1.4586
0.794 0.892 0.789
0.794 0.941 0.485565
0.794 0.99 0.486102
0.843 0.01 0.000295352
0.843 0.059 0.00552514
0.843 0.108 0.0489008
0.843 0.157 0.181234
0.843 0.206 0.353951
0.843 0.255 0.487035
0.843 0.304 0.503475
0.843 0.353 0.656648
0.843 0.402 1.05762
0.843 0.451 1.33308
0.843 0.5 1.32508
0.843 0.549 1.08093
0.843 0.598 0.813298
0.843 0.647 0.794265
0.843 0.696 1.07474
0.843 0.745 1.60928
0.843 0.794 1.92311
0.843 0.843 1.41487
0.843 0.892 0.765346
0.843 0.941 0.471008
0.843 0.99 0.471529
0.892 0.01 0.000381778
0.892 0.059 0.00714191
0.892 0.108 0.0632102
0.892 0.157 0.234267
0.892 0.206 0.457524
0.892 0.255 0.629552
0.892 0.304 0.650803
0.892 0.353 0.848798
0.892 0.402 1.3671
0.892 0.451 1.72317
0.892 0.5 1.71282
0.892 0.549 1.39724
0.892 0.598 1.05129
0.892 0.647 1.02668
0.892 0.696 1.38923
0.892 0.745 2.08019
0.892 0.794 2.48585
0.892 0.843 1.82889
0.892 0.892 0.989302
0.892 0.941 0.608834
0.892 0.99 0.609508
0.941 0.01 0.000600305
0.941 0.059 0.0112299
0.941 0.108 0.0993912
0.941 0.157 0.36836
0.941 0.206 0.719407
0.941 0.255 0.989903
0.941 0.304 1.02332
0.941 0.353 1.33464
0.941 0.402 2.14962
0.941 0.451 2.7095
0.941 0.5 2.69323
0.941 0.549 2.19701
0.941 0.598 1.65303
0.941 0.647 1.61435
0.941 0.696 2.18441
0.941 0.745 3.27088
0.941 0.794 3.90873
0.941 0.843 2.87574
0.941 0.892 1.55557
0.941 0.941 0.957326
0.941 0.99 0.958385
0.99 0.01 0.000818629
0.99 0.059 0.0153141
0.99 0.108 0.135539
0.99 0.157 0.502329
0.99 0.206 0.981048
0.99 0.255 1.34992
0.99 0.304 1.39549
0.99 0.353 1.82004
0.99 0.402 2.93142
0.99 0.451 3.69492
0.99 0.5 3.67273
0.99 0.549 2.99604
0.99 0.598 2.25423
0.99 0.647 2.20147
0.99 0.696 2.97886
0.99 0.745 4.46047
0.99 0.794 5.33029
0.99 0.843 3.92162
0.99 0.892 2.12132
0.99 0.941 1.3055
0.99 0.99 1.30694
