0.01 0.01 2.48309e-44
0.01 0.059 1.84495e-44
0.01 0.108 1.23508e-44
0.01 0.157 8.60876e-45
0.01 0.206 7.98727e-45
0.01 0.255 8.74192e-45
0.01 0.304 5.8404e-45
0.01 0.353 2.02582e-45
0.01 0.402 1.97779e-45
0.01 0.451 4.28019e-45
0.01 0.5 6.5455e-45
0.01 0.549 7.78738e-45
0.01 0.598 4.92775e-45
0.01 0.647 1.57487e-45
0.01 0.696 1.85419e-45
0.01 0.745 4.44027e-45
0.01 0.794 7.13627e-45
0.01 0.843 9.23819e-45
0.01 0.892 1.74853e-44
0.01 0.941 5.78562e-44
0.01 0.99 1.0582e-43
0.059 0.01 1.56089e-38
0.059 0.059 1.15975e-38
0.059 0.108 7.76382e-39
0.059 0.157 5.41152e-39
0.059 0.206 5.02085e-39
0.059 0.255 5.49523e-39
0.059 0.304 3.67131e-39
0.059 0.353 1.27344e-39
0.059 0.402 1.24325e-39
0.059 0.451 2.69055e-39
0.059 0.5 4.11454e-39
0.059 0.549 4.8952e-39
0.059 0.598 3.09762e-39
0.059 0.647 9.8997e-40
0.059 0.696 1.16556e-39
0.059 0.745 2.79118e-39
0.059 0.794 4.48591e-39
0.059 0.843 5.80719e-39
0.059 0.892 1.09914e-38
0.059 0.941 3.63688e-38
0.059 0.99 6.65193e-38
0.108 0.01 3.7677e-33
0.108 0.059 2.79942e-33
0.108 0.108 1.87405e-33
0.108 0.157 1.30625e-33
0.108 0.206 1.21194e-33
0.108 0.255 1.32645e-33
0.108 0.304 8.8619e-34
0.108 0.353 3.07386e-34
0.108 0.402 3.001e-34
0.108 0.451 6.49452e-34
0.108 0.5 9.93178e-34
0.108 0.549 1.18161e-33
0.108 0.598 7.4771e-34
0.108 0.647 2.38961e-34
0.108 0.696 2.81345e-34
0.108 0.745 6.73743e-34
0.108 0.794 1.08282e-33
0.108 0.843 1.40175e-33
0.108 0.892 2.65312e-33
0.108 0.941 8.77879e-33
0.108 0.99 1.60566e-32
0.157 0.01 3.48105e-28
0.157 0.059 2.58644e-28
0.157 0.108 1.73147e-28
0.157 0.157 1.20687e-28
0.157 0.206 1.11974e-28
0.157 0.255 1.22553e-28
0.157 0.304 8.18767e-29
0.157 0.353 2.84e-29
0.157 0.402 2.77267e-29
0.157 0.451 6.00041e-29
0.157 0.5 9.17615e-29
0.157 0.549 1.09172e-28
0.157 0.598 6.90823e-29
0.157 0.647 2.20781e-29
0.157 0.696 2.5994e-29
0.157 0.745 6.22483e-29
0.157 0.794 1.00044e-28
0.157 0.843 1.2951e-28
0.157 0.892 2.45126e-28
0.157 0.941 8.11088e-28
0.157 0.99 1.4835e-27
0.206 0.01 1.23112e-23
0.206 0.059 9.14728e-24
0.206 0.108 6.12356e-24
0.206 0.157 4.26824e-24
0.206 0.206 3.9601e-24
0.206 0.255 4.33426e-24
0.206 0.304 2.89568e-24
0.206 0.353 1.0044e-24
0.206 0.402 9.80593e-25
0.206 0.451 2.12212e-24
0.206 0.5 3.24527e-24
0.206 0.549 3.86099e-24
0.206 0.598 2.44319e-24
0.206 0.647 7.8082e-25
0.206 0.696 9.19311e-25
0.206 0.745 2.20149e-24
0.206 0.794 3.53817e-24
0.206 0.843 4.58031e-24
0.206 0.892 8.66922e-24
0.206 0.941 2.86852e-23
0.206 0.99 5.24658e-23
0.255 0.01 1.6669e-19
0.255 0.059 1.23851e-19
0.255 0.108 8.29113e-20
0.255 0.157 5.77907e-20
0.255 0.206 5.36186e-20
0.255 0.255 5.86846e-20
0.255 0.304 3.92066e-20
0.255 0.353 1.35993e-20
0.255 0.402 1.32769e-20
0.255 0.451 2.87329e-20
0.255 0.5 4.394e-20
0.255 0.549 5.22767e-20
0.255 0.598 3.308e-20
0.255 0.647 1.05721e-20
0.255 0.696 1.24472e-20
0.255 0.745 2.98076e-20
0.255 0.794 4.79058e-20
0.255 0.843 6.2016e-20
0.255 0.892 1.17379e-19
0.255 0.941 3.88389e-19
0.255 0.99 7.10372e-19
0.304 0.01 8.64322e-16
0.304 0.059 6.42196e-16
0.304 0.108 4.29912e-16
0.304 0.157 2.99657e-16
0.304 0.206 2.78024e-16
0.304 0.255 3.04292e-16
0.304 0.304 2.03295e-16
0.304 0.353 7.05153e-17
0.304 0.402 6.88437e-17
0.304 0.451 1.48986e-16
0.304 0.5 2.27838e-16
0.304 0.549 2.71066e-16
0.304 0.598 1.71527e-16
0.304 0.647 5.48185e-17
0.304 0.696 6.45413e-17
0.304 0.745 1.54559e-16
0.304 0.794 2.48402e-16
0.304 0.843 3.21566e-16
0.304 0.892 6.08633e-16
0.304 0.941 2.01388e-15
0.304 0.99 3.68343e-15
0.353 0.01 1.71752e-12
0.353 0.059 1.27612e-12
0.353 0.108 8.54289e-13
0.353 0.157 5.95455e-13
0.353 0.206 5.52467e-13
0.353 0.255 6.04665e-13
0.353 0.304 4.03972e-13
0.353 0.353 1.40123e-13
0.353 0.402 1.36801e-13
0.353 0.451 2.96054e-13
0.353 0.5 4.52742e-13
0.353 0.549 5.38641e-13
0.353 0.598 3.40845e-13
0.353 0.647 1.08931e-13
0.353 0.696 1.28252e-13
0.353 0.745 3.07127e-13
0.353 0.794 4.93605e-13
0.353 0.843 6.38992e-13
0.353 0.892 1.20943e-12
0.353 0.941 4.00183e-12
0.353 0.99 7.31943e-12
0.402 0.01 1.3099e-09
0.402 0.059 9.73265e-10
0.402 0.108 6.51543e-10
0.402 0.157 4.54138e-10
0.402 0.206 4.21352e-10
0.402 0.255 4.61162e-10
0.402 0.304 3.08098e-10
0.402 0.353 1.06868e-10
0.402 0.402 1.04334e-10
0.402 0.451 2.25793e-10
0.402 0.5 3.45294e-10
0.402 0.549 4.10807e-10
0.402 0.598 2.59954e-10
0.402 0.647 8.30788e-11
0.402 0.696 9.78141e-11
0.402 0.745 2.34237e-10
0.402 0.794 3.76459e-10
0.402 0.843 4.87342e-10
0.402 0.892 9.224e-10
0.402 0.941 3.05209e-09
0.402 0.99 5.58233e-09
0.451 0.01 3.84687e-07
0.451 0.059 2.85824e-07
0.451 0.108 1.91343e-07
0.451 0.157 1.33369e-07
0.451 0.206 1.23741e-07
0.451 0.255 1.35432e-07
0.451 0.304 9.04811e-08
0.451 0.353 3.13845e-08
0.451 0.402 3.06405e-08
0.451 0.451 6.63098e-08
0.451 0.5 1.01405e-07
0.451 0.549 1.20644e-07
0.451 0.598 7.63421e-08
0.451 0.647 2.43982e-08
0.451 0.696 2.87256e-08
0.451 0.745 6.87899e-08
0.451 0.794 1.10557e-07
0.451 0.843 1.43121e-07
0.451 0.892 2.70887e-07
0.451 0.941 8.96325e-07
0.451 0.99 1.6394e-06
0.5 0.01 4.38038e-05
0.5 0.059 3.25464e-05
0.5 0.108 2.17879e-05
0.5 0.157 1.51866e-05
0.5 0.206 1.40902e-05
0.5 0.255 1.54215e-05
0.5 0.304 1.0303e-05
0.5 0.353 3.57371e-06
0.5 0.402 3.48899e-06
0.5 0.451 7.55061e-06
0.5 0.5 1.15468e-05
0.5 0.549 1.37376e-05
0.5 0.598 8.69297e-06
0.5 0.647 2.77819e-06
0.5 0.696 3.27095e-06
0.5 0.745 7.83301e-06
0.5 0.794 1.2589e-05
0.5 0.843 1.62969e-05
0.5 0.892 3.08455e-05
0.5 0.941 0.000102063
0.5 0.99 0.000186676
0.549 0.01 0.00196166
0.549 0.059 0.00145753
0.549 0.108 0.000975727
0.549 0.157 0.0006801
0.549 0.206 0.000631001
0.549 0.255 0.000690619
0.549 0.304 0.000461397
0.549 0.353 0.000160041
0.549 0.402 0.000156247
0.549 0.451 0.000338139
0.549 0.5 0.0005171
0.549 0.549 0.00061521
0.549 0.598 0.000389297
0.549 0.647 0.000124416
0.549 0.696 0.000146483
0.549 0.745 0.000350785
0.549 0.794 0.000563772
0.549 0.843 0.000729825
0.549 0.892 0.00138135
0.549 0.941 0.00457069
0.549 0.99 0.00835989
0.598 0.01 0.0355104
0.598 0.059 0.0263844
0.598 0.108 0.0176628
0.598 0.157 0.0123113
0.598 0.206 0.0114225
0.598 0.255 0.0125017
0.598 0.304 0.0083523
0.598 0.353 0.0028971
0.598 0.402 0.00282842
0.598 0.451 0.00612106
0.598 0.5 0.00936065
0.598 0.549 0.0111367
0.598 0.598 0.00704713
0.598 0.647 0.0022522
0.598 0.696 0.00265166
0.598 0.745 0.00634999
0.598 0.794 0.0102055
0.598 0.843 0.0132115
0.598 0.892 0.0250055
0.598 0.941 0.0827397
0.598 0.99 0.151333
0.647 0.01 0.272661
0.647 0.059 0.202589
0.647 0.108 0.135621
0.647 0.157 0.0945304
0.647 0.206 0.0877059
0.647 0.255 0.0959925
0.647 0.304 0.0641318
0.647 0.353 0.0222449
0.647 0.402 0.0217176
0.647 0.451 0.0469995
0.647 0.5 0.0718742
0.647 0.549 0.085511
0.647 0.598 0.0541102
0.647 0.647 0.0172931
0.647 0.696 0.0203603
0.647 0.745 0.0487573
0.647 0.794 0.0783613
0.647 0.843 0.101442
0.647 0.892 0.192001
0.647 0.941 0.635303
0.647 0.99 1.16198
0.696 0.01 0.960462
0.696 0.059 0.713628
0.696 0.108 0.477732
0.696 0.157 0.332988
0.696 0.206 0.308948
0.696 0.255 0.338139
0.696 0.304 0.225907
0.696 0.353 0.0783588
0.696 0.402 0.0765013
0.696 0.451 0.165558
0.696 0.5 0.253181
0.696 0.549 0.301217
0.696 0.598 0.190606
0.696 0.647 0.060916
0.696 0.696 0.0717203
0.696 0.745 0.17175
0.696 0.794 0.276032
0.696 0.843 0.357334
0.696 0.892 0.676332
0.696 0.941 2.23789
0.696 0.99 4.09314
0.745 0.01 1.7712
0.745 0.059 1.31601
0.745 0.108 0.880989
0.745 0.157 0.614066
0.745 0.206 0.569734
0.745 0.255 0.623564
0.745 0.304 0.416598
0.745 0.353 0.144502
0.745 0.402 0.141077
0.745 0.451 0.305307
0.745 0.5 0.466892
0.745 0.549 0.555476
0.745 0.598 0.351498
0.745 0.647 0.112336
0.745 0.696 0.13226
0.745 0.745 0.316726
0.745 0.794 0.509032
0.745 0.843 0.658963
0.745 0.892 1.24723
0.745 0.941 4.1269
0.745 0.99 7.54819
0.794 0.01 2.07881
0.794 0.059 1.54457
0.794 0.108 1.034
0.794 0.157 0.720714
0.794 0.206 0.668683
0.794 0.255 0.731862
0.794 0.304 0.48895
0.794 0.353 0.169599
0.794 0.402 0.165578
0.794 0.451 0.358332
0.794 0.5 0.54798
0.794 0.549 0.651949
0.794 0.598 0.412545
0.794 0.647 0.131846
0.794 0.696 0.15523
0.794 0.745 0.371734
0.794 0.794 0.597439
0.794 0.843 0.773409
0.794 0.892 1.46384
0.794 0.941 4.84365
0.794 0.99 8.85913
0.843 0.01 1.98322
0.843 0.059 1.47354
0.843 0.108 0.98645
0.843 0.157 0.687574
0.843 0.206 0.637936
0.843 0.255 0.698209
0.843 0.304 0.466467
0.843 0.353 0.1618
0.843 0.402 0.157965
0.843 0.451 0.341855
0.843 0.5 0.522783
0.843 0.549 0.621971
0.843 0.598 0.393575
0.843 0.647 0.125783
0.843 0.696 0.148093
0.843 0.745 0.35464
0.843 0.794 0.569967
0.843 0.843 0.737846
0.843 0.892 1.39653
0.843 0.941 4.62092
0.843 0.99 8.45176
0.892 0.01 3.66425
0.892 0.059 2.72256
0.892 0.108 1.82259
0.892 0.157 1.27038
0.892 0.206 1.17867
0.892 0.255 1.29003
0.892 0.304 0.861857
0.892 0.353 0.298946
0.892 0.402 0.291859
0.892 0.451 0.631619
0.892 0.5 0.965907
0.892 0.549 1.14917
0.892 0.598 0.727179
0.892 0.647 0.2324
0.892 0.696 0.27362
0.892 0.745 0.655242
0.892 0.794 1.05309
0.892 0.843 1.36326
0.892 0.892 2.58027
0.892 0.941 8.53774
0.892 0.99 15.6157
0.941 0.01 11.7092
0.941 0.059 8.7
0.941 0.108 5.82414
0.941 0.157 4.05953
0.941 0.206 3.76646
0.941 0.255 4.12232
0.941 0.304 2.75409
0.941 0.353 0.95529
0.941 0.402 0.932644
0.941 0.451 2.01836
0.941 0.5 3.08658
0.941 0.549 3.6722
0.941 0.598 2.32372
0.941 0.647 0.74264
0.941 0.696 0.874359
0.941 0.745 2.09384
0.941 0.794 3.36516
0.941 0.843 4.35634
0.941 0.892 8.24532
0.941 0.941 27.2826
0.941 0.99 49.9004
0.99 0.01 21.0101
0.99 0.059 15.6106
0.99 0.108 10.4504
0.99 0.157 7.2841
0.99 0.206 6.75823
0.99 0.255 7.39676
0.99 0.304 4.94171
0.99 0.353 1.71409
0.99 0.402 1.67346
0.99 0.451 3.62158
0.99 0.5 5.53831
0.99 0.549 6.5891
0.99 0.598 4.1695
0.99 0.647 1.33253
0.99 0.696 1.56888
0.99 0.745 3.75703
0.99 0.794 6.03818
0.99 0.843 7.81667
0.99 0.892 14.7947
0.99 0.941 48.9536
0.99 0.99 89.5372
