0.01 0.01 0.00105748
0.01 0.059 0.0253451
0.01 0.108 0.289178
0.01 0.157 1.4179
0.01 0.206 3.43617
0.01 0.255 4.73085
0.01 0.304 4.76478
0.01 0.353 6.70235
0.01 0.402 11.2268
0.01 0.451 15.4253
0.01 0.5 16.2551
0.01 0.549 12.8437
0.01 0.598 8.64619
0.01 0.647 5.43147
0.01 0.696 4.0308
0.01 0.745 4.89737
0.01 0.794 5.38543
0.01 0.843 6.06232
0.01 0.892 7.35573
0.01 0.941 9.25252
0.01 0.99 11.2817
0.059 0.01 0.000672976
0.059 0.059 0.0161296
0.059 0.108 0.184032
0.059 0.157 0.902349
0.059 0.206 2.18677
0.059 0.255 3.0107
0.059 0.304 3.0323
0.059 0.353 4.26536
0.059 0.402 7.14472
0.059 0.451 9.81663
0.059 0.5 10.3447
0.059 0.549 8.17369
0.059 0.598 5.50242
0.059 0.647 3.45657
0.059 0.696 2.56519
0.059 0.745 3.11668
0.059 0.794 3.42728
0.059 0.843 3.85805
0.059 0.892 4.68117
0.059 0.941 5.88828
0.059 0.99 7.17966
0.108 0.01 0.000314506
0.108 0.059 0.00753795
0.108 0.108 0.086005
0.108 0.157 0.421701
0.108 0.206 1.02196
0.108 0.255 1.40701
0.108 0.304 1.4171
0.108 0.353 1.99336
0.108 0.402 3.33899
0.108 0.451 4.58767
0.108 0.5 4.83447
0.108 0.549 3.81987
0.108 0.598 2.57148
0.108 0.647 1.61538
0.108 0.696 1.19881
0.108 0.745 1.45654
0.108 0.794 1.60169
0.108 0.843 1.80301
0.108 0.892 2.18769
0.108 0.941 2.75181
0.108 0.99 3.35532
0.157 0.01 0.000194475
0.157 0.059 0.0046611
0.157 0.108 0.0531813
0.157 0.157 0.260759
0.157 0.206 0.63193
0.157 0.255 0.870028
0.157 0.304 0.876269
0.157 0.353 1.2326
0.157 0.402 2.06467
0.157 0.451 2.83679
0.157 0.5 2.9894
0.157 0.549 2.36202
0.157 0.598 1.59008
0.157 0.647 0.998875
0.157 0.696 0.741285
0.157 0.745 0.900652
0.157 0.794 0.990408
0.157 0.843 1.11489
0.157 0.892 1.35276
0.157 0.941 1.70159
0.157 0.99 2.07477
0.206 0.01 0.000159238
0.206 0.059 0.00381654
0.206 0.108 0.0435452
0.206 0.157 0.213512
0.206 0.206 0.517429
0.206 0.255 0.712385
0.206 0.304 0.717495
0.206 0.353 1.00926
0.206 0.402 1.69057
0.206 0.451 2.32279
0.206 0.5 2.44774
0.206 0.549 1.93404
0.206 0.598 1.30197
0.206 0.647 0.817886
0.206 0.696 0.606969
0.206 0.745 0.73746
0.206 0.794 0.810953
0.206 0.843 0.912882
0.206 0.892 1.10765
0.206 0.941 1.39327
0.206 0.99 1.69883
0.255 0.01 0.000134273
0.255 0.059 0.0032182
0.255 0.108 0.0367184
0.255 0.157 0.180038
0.255 0.206 0.436308
0.255 0.255 0.6007
0.255 0.304 0.605009
0.255 0.353 0.851032
0.255 0.402 1.42553
0.255 0.451 1.95863
0.255 0.5 2.06399
0.255 0.549 1.63083
0.255 0.598 1.09785
0.255 0.647 0.689661
0.255 0.696 0.511811
0.255 0.745 0.621844
0.255 0.794 0.683815
0.255 0.843 0.769764
0.255 0.892 0.933995
0.255 0.941 1.17484
0.255 0.99 1.4325
0.304 0.01 0.000134952
0.304 0.059 0.00323447
0.304 0.108 0.0369041
0.304 0.157 0.180949
0.304 0.206 0.438515
0.304 0.255 0.603738
0.304 0.304 0.608069
0.304 0.353 0.855336
0.304 0.402 1.43274
0.304 0.451 1.96854
0.304 0.5 2.07443
0.304 0.549 1.63907
0.304 0.598 1.1034
0.304 0.647 0.693149
0.304 0.696 0.514399
0.304 0.745 0.624989
0.304 0.794 0.687274
0.304 0.843 0.773657
0.304 0.892 0.938719
0.304 0.941 1.18078
0.304 0.99 1.43974
0.353 0.01 0.000143299
0.353 0.059 0.00343453
0.353 0.108 0.0391867
0.353 0.157 0.192141
0.353 0.206 0.465638
0.353 0.255 0.64108
0.353 0.304 0.645679
0.353 0.353 0.908239
0.353 0.402 1.52135
0.353 0.451 2.09029
0.353 0.5 2.20274
0.353 0.549 1.74045
0.353 0.598 1.17165
0.353 0.647 0.736021
0.353 0.696 0.546216
0.353 0.745 0.663645
0.353 0.794 0.729782
0.353 0.843 0.821509
0.353 0.892 0.99678
0.353 0.941 1.25381
0.353 0.99 1.52879
0.402 0.01 0.000133269
0.402 0.059 0.00319413
0.402 0.108 0.0364438
0.402 0.157 0.178692
0.402 0.206 0.433046
0.402 0.255 0.596208
0.402 0.304 0.600485
0.402 0.353 0.844668
0.402 0.402 1.41487
0.402 0.451 1.94398
0.402 0.5 2.04856
0.402 0.549 1.61863
0.402 0.598 1.08964
0.402 0.647 0.684504
0.402 0.696 0.507984
0.402 0.745 0.617194
0.402 0.794 0.678702
0.402 0.843 0.764008
0.402 0.892 0.927011
0.402 0.941 1.16605
0.402 0.99 1.42178
0.451 0.01 0.00012485
0.451 0.059 0.00299234
0.451 0.108 0.0341415
0.451 0.157 0.167403
0.451 0.206 0.405688
0.451 0.255 0.558543
0.451 0.304 0.562549
0.451 0.353 0.791306
0.451 0.402 1.32548
0.451 0.451 1.82117
0.451 0.5 1.91914
0.451 0.549 1.51637
0.451 0.598 1.0208
0.451 0.647 0.64126
0.451 0.696 0.475892
0.451 0.745 0.578203
0.451 0.794 0.635824
0.451 0.843 0.715742
0.451 0.892 0.868447
0.451 0.941 1.09239
0.451 0.99 1.33196
0.5 0.01 9.87143e-05
0.5 0.059 0.00236594
0.5 0.108 0.0269944
0.5 0.157 0.132359
0.5 0.206 0.320763
0.5 0.255 0.44162
0.5 0.304 0.444787
0.5 0.353 0.625657
0.5 0.402 1.04801
0.5 0.451 1.43994
0.5 0.5 1.5174
0.5 0.549 1.19894
0.5 0.598 0.807112
0.5 0.647 0.507021
0.5 0.696 0.376271
0.5 0.745 0.457164
0.5 0.794 0.502724
0.5 0.843 0.565911
0.5 0.892 0.68665
0.5 0.941 0.863713
0.5 0.99 1.05314
0.549 0.01 8.54304e-05
0.549 0.059 0.00204756
0.549 0.108 0.0233618
0.549 0.157 0.114548
0.549 0.206 0.277598
0.549 0.255 0.382192
0.549 0.304 0.384933
0.549 0.353 0.541463
0.549 0.402 0.906982
0.549 0.451 1.24616
0.549 0.5 1.3132
0.549 0.549 1.0376
0.549 0.598 0.6985
0.549 0.647 0.438792
0.549 0.696 0.325636
0.549 0.745 0.395644
0.549 0.794 0.435073
0.549 0.843 0.489757
0.549 0.892 0.594248
0.549 0.941 0.747484
0.549 0.99 0.911416
0.598 0.01 9.60879e-05
0.598 0.059 0.00230299
0.598 0.108 0.0262762
0.598 0.157 0.128838
0.598 0.206 0.312229
0.598 0.255 0.42987
0.598 0.304 0.432953
0.598 0.353 0.609011
0.598 0.402 1.02013
0.598 0.451 1.40162
0.598 0.5 1.47702
0.598 0.549 1.16704
0.598 0.598 0.785638
0.598 0.647 0.493531
0.598 0.696 0.366259
0.598 0.745 0.445001
0.598 0.794 0.489348
0.598 0.843 0.550855
0.598 0.892 0.668381
0.598 0.941 0.840732
0.598 0.99 1.02512
0.647 0.01 7.57912e-05
0.647 0.059 0.00181653
0.647 0.108 0.0207259
0.647 0.157 0.101623
0.647 0.206 0.246276
0.647 0.255 0.339068
0.647 0.304 0.3415
0.647 0.353 0.480369
0.647 0.402 0.804645
0.647 0.451 1.10556
0.647 0.5 1.16503
0.647 0.549 0.920528
0.647 0.598 0.619687
0.647 0.647 0.389282
0.647 0.696 0.288894
0.647 0.745 0.351003
0.647 0.794 0.385983
0.647 0.843 0.434497
0.647 0.892 0.527198
0.647 0.941 0.663144
0.647 0.99 0.808579
0.696 0.01 2.70092e-05
0.696 0.059 0.000647344
0.696 0.108 0.00738595
0.696 0.157 0.0362149
0.696 0.206 0.087764
0.696 0.255 0.120832
0.696 0.304 0.121698
0.696 0.353 0.171186
0.696 0.402 0.286746
0.696 0.451 0.393981
0.696 0.5 0.415175
0.696 0.549 0.328043
0.696 0.598 0.220834
0.696 0.647 0.138726
0.696 0.696 0.102951
0.696 0.745 0.125085
0.696 0.794 0.13755
0.696 0.843 0.154839
0.696 0.892 0.187874
0.696 0.941 0.23632
0.696 0.99 0.288148
0.745 0.01 3.82166e-06
0.745 0.059 9.15957e-05
0.745 0.108 0.00104507
0.745 0.157 0.00512421
0.745 0.206 0.0124181
0.745 0.255 0.017097
0.745 0.304 0.0172196
0.745 0.353 0.0242219
0.745 0.402 0.0405731
0.745 0.451 0.0557461
0.745 0.5 0.058745
0.745 0.549 0.0464163
0.745 0.598 0.0312468
0.745 0.647 0.019629
0.745 0.696 0.0145671
0.745 0.745 0.0176988
0.745 0.794 0.0194626
0.745 0.843 0.0219089
0.745 0.892 0.0265832
0.745 0.941 0.0334381
0.745 0.99 0.0407714
0.794 0.01 2.25368e-07
0.794 0.059 5.40152e-06
0.794 0.108 6.16292e-05
0.794 0.157 0.000302181
0.794 0.206 0.000732313
0.794 0.255 0.00100823
0.794 0.304 0.00101547
0.794 0.353 0.0014284
0.794 0.402 0.00239265
0.794 0.451 0.00328742
0.794 0.5 0.00346427
0.794 0.549 0.00273723
0.794 0.598 0.00184266
0.794 0.647 0.00115755
0.794 0.696 0.000859039
0.794 0.745 0.00104372
0.794 0.794 0.00114774
0.794 0.843 0.001292
0.794 0.892 0.00156765
0.794 0.941 0.00197189
0.794 0.99 0.00240434
0.843 0.01 5.94576e-07
0.843 0.059 1.42505e-05
0.843 0.108 0.000162593
0.843 0.157 0.000797228
0.843 0.206 0.00193202
0.843 0.255 0.00265996
0.843 0.304 0.00267904
0.843 0.353 0.00376846
0.843 0.402 0.00631238
0.843 0.451 0.00867302
0.843 0.5 0.00913958
0.843 0.549 0.00722147
0.843 0.598 0.0048614
0.843 0.647 0.00305389
0.843 0.696 0.00226635
0.843 0.745 0.00275359
0.843 0.794 0.00302801
0.843 0.843 0.0034086
0.843 0.892 0.00413583
0.843 0.941 0.00520231
0.843 0.99 0.00634324
0.892 0.01 7.92206e-06
0.892 0.059 0.000189872
0.892 0.108 0.00216637
0.892 0.157 0.0106222
0.892 0.206 0.025742
0.892 0.255 0.0354411
0.892 0.304 0.0356953
0.892 0.353 0.0502105
0.892 0.402 0.0841055
0.892 0.451 0.115558
0.892 0.5 0.121775
0.892 0.549 0.0962181
0.892 0.598 0.0647727
0.892 0.647 0.0406897
0.892 0.696 0.0301966
0.892 0.745 0.0366886
0.892 0.794 0.0403448
0.892 0.843 0.0454158
0.892 0.892 0.0551053
0.892 0.941 0.0693151
0.892 0.99 0.0845167
0.941 0.01 4.06987e-05
0.941 0.059 0.000975448
0.941 0.108 0.0111295
0.941 0.157 0.0545702
0.941 0.206 0.132247
0.941 0.255 0.182074
0.941 0.304 0.18338
0.941 0.353 0.257951
0.941 0.402 0.432082
0.941 0.451 0.593668
0.941 0.5 0.625604
0.941 0.549 0.49431
0.941 0.598 0.332763
0.941 0.647 0.209039
0.941 0.696 0.155132
0.941 0.745 0.188483
0.941 0.794 0.207267
0.941 0.843 0.233318
0.941 0.892 0.283097
0.941 0.941 0.356098
0.941 0.99 0.434195
0.99 0.01 8.00279e-05
0.99 0.059 0.00191807
0.99 0.108 0.0218844
0.99 0.157 0.107304
0.99 0.206 0.260043
0.99 0.255 0.358022
0.99 0.304 0.36059
0.99 0.353 0.507222
0.99 0.402 0.849625
0.99 0.451 1.16736
0.99 0.5 1.23016
0.99 0.549 0.971986
0.99 0.598 0.654327
0.99 0.647 0.411043
0.99 0.696 0.305043
0.99 0.745 0.370624
0.99 0.794 0.407559
0.99 0.843 0.458786
0.99 0.892 0.556668
0.99 0.941 0.700214
0.99 0.99 0.853779
