0.01 0.01 5.33804e-72
0.01 0.059 8.50224e-67
0.01 0.108 5.21718e-62
0.01 0.157 1.2271e-57
0.01 0.206 1.10741e-53
0.01 0.255 3.84103e-50
0.01 0.304 5.1344e-47
0.01 0.353 2.65672e-44
0.01 0.402 5.35768e-42
0.01 0.451 4.2533e-40
0.01 0.5 1.34787e-38
0.01 0.549 1.7392e-37
0.01 0.598 9.47622e-37
0.01 0.647 2.40148e-36
0.01 0.696 3.60878e-36
0.01 0.745 4.39391e-36
0.01 0.794 4.77374e-36
0.01 0.843 4.82508e-36
0.01 0.892 6.38516e-36
0.01 0.941 1.31962e-35
0.01 0.99 2.10649e-35
0.059 0.01 8.28315e-67
0.059 0.059 1.31931e-61
0.059 0.108 8.0956e-57
0.059 0.157 1.90412e-52
0.059 0.206 1.7184e-48
0.059 0.255 5.9602e-45
0.059 0.304 7.96714e-42
0.059 0.353 4.12249e-39
0.059 0.402 8.31362e-37
0.059 0.451 6.59992e-35
0.059 0.5 2.09152e-33
0.059 0.549 2.69875e-32
0.059 0.598 1.47044e-31
0.059 0.647 3.72642e-31
0.059 0.696 5.59982e-31
0.059 0.745 6.81812e-31
0.059 0.794 7.40751e-31
0.059 0.843 7.48717e-31
0.059 0.892 9.90798e-31
0.059 0.941 2.04769e-30
0.059 0.99 3.26868e-30
0.108 0.01 4.94774e-62
0.108 0.059 7.88057e-57
0.108 0.108 4.83571e-52
0.108 0.157 1.13738e-47
0.108 0.206 1.02644e-43
0.108 0.255 3.56018e-40
0.108 0.304 4.75898e-37
0.108 0.353 2.46247e-34
0.108 0.402 4.96594e-32
0.108 0.451 3.9423e-30
0.108 0.5 1.24932e-28
0.108 0.549 1.61204e-27
0.108 0.598 8.78334e-27
0.108 0.647 2.22589e-26
0.108 0.696 3.34492e-26
0.108 0.745 4.07264e-26
0.108 0.794 4.4247e-26
0.108 0.843 4.47228e-26
0.108 0.892 5.91829e-26
0.108 0.941 1.22314e-25
0.108 0.99 1.95246e-25
0.157 0.01 1.13115e-57
0.157 0.059 1.80166e-52
0.157 0.108 1.10554e-47
0.157 0.157 2.60029e-43
0.157 0.206 2.34665e-39
0.157 0.255 8.1393e-36
0.157 0.304 1.088e-32
0.157 0.353 5.62971e-30
0.157 0.402 1.13531e-27
0.157 0.451 9.01291e-26
0.157 0.5 2.8562e-24
0.157 0.549 3.68544e-23
0.157 0.598 2.00805e-22
0.157 0.647 5.08883e-22
0.157 0.696 7.64716e-22
0.157 0.745 9.31088e-22
0.157 0.794 1.01158e-21
0.157 0.843 1.02245e-21
0.157 0.892 1.35304e-21
0.157 0.941 2.79634e-21
0.157 0.99 4.46373e-21
0.206 0.01 9.89783e-54
0.206 0.059 1.57649e-48
0.206 0.108 9.67371e-44
0.206 0.157 2.2753e-39
0.206 0.206 2.05337e-35
0.206 0.255 7.12206e-32
0.206 0.304 9.52022e-29
0.206 0.353 4.92611e-26
0.206 0.402 9.93423e-24
0.206 0.451 7.88648e-22
0.206 0.5 2.49923e-20
0.206 0.549 3.22484e-19
0.206 0.598 1.75708e-18
0.206 0.647 4.45283e-18
0.206 0.696 6.69142e-18
0.206 0.745 8.14722e-18
0.206 0.794 8.8515e-18
0.206 0.843 8.94668e-18
0.206 0.892 1.18394e-17
0.206 0.941 2.44685e-17
0.206 0.99 3.90586e-17
0.255 0.01 3.31483e-50
0.255 0.059 5.27974e-45
0.255 0.108 3.23978e-40
0.255 0.157 7.62011e-36
0.255 0.206 6.87685e-32
0.255 0.255 2.38521e-28
0.255 0.304 3.18837e-25
0.255 0.353 1.64978e-22
0.255 0.402 3.32703e-20
0.255 0.451 2.64122e-18
0.255 0.5 8.37007e-17
0.255 0.549 1.08001e-15
0.255 0.598 5.88457e-15
0.255 0.647 1.49128e-14
0.255 0.696 2.24099e-14
0.255 0.745 2.72855e-14
0.255 0.794 2.96441e-14
0.255 0.843 2.99629e-14
0.255 0.892 3.96507e-14
0.255 0.941 8.19464e-14
0.255 0.99 1.30809e-13
0.304 0.01 4.249e-47
0.304 0.059 6.76766e-42
0.304 0.108 4.1528e-37
0.304 0.157 9.76758e-33
0.304 0.206 8.81485e-29
0.304 0.255 3.0574e-25
0.304 0.304 4.0869e-22
0.304 0.353 2.11471e-19
0.304 0.402 4.26463e-17
0.304 0.451 3.38556e-15
0.304 0.5 1.07289e-13
0.304 0.549 1.38438e-12
0.304 0.598 7.54293e-12
0.304 0.647 1.91154e-11
0.304 0.696 2.87254e-11
0.304 0.745 3.49749e-11
0.304 0.794 3.79983e-11
0.304 0.843 3.84069e-11
0.304 0.892 5.08249e-11
0.304 0.941 1.0504e-10
0.304 0.99 1.67673e-10
0.353 0.01 2.08457e-44
0.353 0.059 3.32022e-39
0.353 0.108 2.03737e-34
0.353 0.157 4.79199e-30
0.353 0.206 4.32458e-26
0.353 0.255 1.49997e-22
0.353 0.304 2.00504e-19
0.353 0.353 1.03748e-16
0.353 0.402 2.09224e-14
0.353 0.451 1.66096e-12
0.353 0.5 5.26361e-11
0.353 0.549 6.79179e-10
0.353 0.598 3.70058e-09
0.353 0.647 9.37805e-09
0.353 0.696 1.40927e-08
0.353 0.745 1.71588e-08
0.353 0.794 1.8642e-08
0.353 0.843 1.88425e-08
0.353 0.892 2.49348e-08
0.353 0.941 5.15329e-08
0.353 0.99 8.22608e-08
0.402 0.01 3.91425e-42
0.402 0.059 6.23448e-37
0.402 0.108 3.82563e-32
0.402 0.157 8.99805e-28
0.402 0.206 8.12039e-24
0.402 0.255 2.81653e-20
0.402 0.304 3.76492e-17
0.402 0.353 1.94811e-14
0.402 0.402 3.92865e-12
0.402 0.451 3.11884e-10
0.402 0.5 9.88363e-09
0.402 0.549 1.27531e-07
0.402 0.598 6.94867e-07
0.402 0.647 1.76094e-06
0.402 0.696 2.64623e-06
0.402 0.745 3.22195e-06
0.402 0.794 3.50047e-06
0.402 0.843 3.53811e-06
0.402 0.892 4.68208e-06
0.402 0.941 9.67648e-06
0.402 0.99 1.54463e-05
0.451 0.01 2.8131e-40
0.451 0.059 4.4806e-35
0.451 0.108 2.7494e-30
0.451 0.157 6.46673e-26
0.451 0.206 5.83597e-22
0.451 0.255 2.02419e-18
0.451 0.304 2.70578e-15
0.451 0.353 1.40007e-12
0.451 0.402 2.82345e-10
0.451 0.451 2.24145e-08
0.451 0.5 7.10318e-07
0.451 0.549 9.16544e-06
0.451 0.598 4.99388e-05
0.451 0.647 0.000126556
0.451 0.696 0.00019018
0.451 0.745 0.000231555
0.451 0.794 0.000251572
0.451 0.843 0.000254277
0.451 0.892 0.000336492
0.451 0.941 0.00069543
0.451 0.99 0.0011101
0.5 0.01 7.73794e-39
0.5 0.059 1.23247e-33
0.5 0.108 7.56273e-29
0.5 0.157 1.77879e-24
0.5 0.206 1.60529e-20
0.5 0.255 5.56789e-17
0.5 0.304 7.44273e-14
0.5 0.353 3.85114e-11
0.5 0.402 7.7664e-09
0.5 0.451 6.1655e-07
0.5 0.5 1.95386e-05
0.5 0.549 0.000252112
0.5 0.598 0.00137366
0.5 0.647 0.00348114
0.5 0.696 0.00523123
0.5 0.745 0.00636934
0.5 0.794 0.00691993
0.5 0.843 0.00699435
0.5 0.892 0.00925581
0.5 0.941 0.019129
0.5 0.99 0.0305353
0.549 0.01 8.14646e-38
0.549 0.059 1.29754e-32
0.549 0.108 7.962e-28
0.549 0.157 1.8727e-23
0.549 0.206 1.69004e-19
0.549 0.255 5.86185e-16
0.549 0.304 7.83567e-13
0.549 0.353 4.05446e-10
0.549 0.402 8.17642e-08
0.549 0.451 6.49101e-06
0.549 0.5 0.000205701
0.549 0.549 0.00265422
0.549 0.598 0.0144618
0.549 0.647 0.0366492
0.549 0.696 0.0550741
0.549 0.745 0.0670561
0.549 0.794 0.0728527
0.549 0.843 0.0736361
0.549 0.892 0.0974447
0.549 0.941 0.20139
0.549 0.99 0.321474
0.598 0.01 3.28265e-37
0.598 0.059 5.22848e-32
0.598 0.108 3.20832e-27
0.598 0.157 7.54612e-23
0.598 0.206 6.81007e-19
0.598 0.255 2.36205e-15
0.598 0.304 3.15741e-12
0.598 0.353 1.63376e-09
0.598 0.402 3.29472e-07
0.598 0.451 2.61558e-05
0.598 0.5 0.000828879
0.598 0.549 0.0106953
0.598 0.598 0.0582743
0.598 0.647 0.14768
0.598 0.696 0.221923
0.598 0.745 0.270205
0.598 0.794 0.293563
0.598 0.843 0.296719
0.598 0.892 0.392657
0.598 0.941 0.811507
0.598 0.99 1.29539
0.647 0.01 5.06727e-37
0.647 0.059 8.07097e-32
0.647 0.108 4.95254e-27
0.647 0.157 1.16486e-22
0.647 0.206 1.05124e-18
0.647 0.255 3.6462e-15
0.647 0.304 4.87395e-12
0.647 0.353 2.52196e-09
0.647 0.402 5.08591e-07
0.647 0.451 4.03755e-05
0.647 0.5 0.0012795
0.647 0.549 0.0165098
0.647 0.598 0.0899554
0.647 0.647 0.227966
0.647 0.696 0.342573
0.647 0.745 0.417103
0.647 0.794 0.45316
0.647 0.843 0.458033
0.647 0.892 0.606127
0.647 0.941 1.25269
0.647 0.99 1.99964
0.696 0.01 3.12485e-37
0.696 0.059 4.97715e-32
0.696 0.108 3.0541e-27
0.696 0.157 7.18339e-23
0.696 0.206 6.48272e-19
0.696 0.255 2.24851e-15
0.696 0.304 3.00564e-12
0.696 0.353 1.55523e-09
0.696 0.402 3.13635e-07
0.696 0.451 2.48985e-05
0.696 0.5 0.000789036
0.696 0.549 0.0101812
0.696 0.598 0.0554731
0.696 0.647 0.140581
0.696 0.696 0.211256
0.696 0.745 0.257217
0.696 0.794 0.279452
0.696 0.843 0.282457
0.696 0.892 0.373783
0.696 0.941 0.772499
0.696 0.99 1.23312
0.745 0.01 2.17575e-37
0.745 0.059 3.46545e-32
0.745 0.108 2.12648e-27
0.745 0.157 5.00159e-23
0.745 0.206 4.51373e-19
0.745 0.255 1.56558e-15
0.745 0.304 2.09274e-12
0.745 0.353 1.08286e-09
0.745 0.402 2.18375e-07
0.745 0.451 1.73361e-05
0.745 0.5 0.000549383
0.745 0.549 0.00708886
0.745 0.598 0.0386244
0.745 0.647 0.0978824
0.745 0.696 0.147091
0.745 0.745 0.179093
0.745 0.794 0.194574
0.745 0.843 0.196666
0.745 0.892 0.260254
0.745 0.941 0.537869
0.745 0.99 0.858588
0.794 0.01 6.43637e-37
0.794 0.059 1.02516e-31
0.794 0.108 6.29064e-27
0.794 0.157 1.47959e-22
0.794 0.206 1.33527e-18
0.794 0.255 4.63134e-15
0.794 0.304 6.19082e-12
0.794 0.353 3.20336e-09
0.794 0.402 6.46005e-07
0.794 0.451 5.12843e-05
0.794 0.5 0.00162521
0.794 0.549 0.0209705
0.794 0.598 0.11426
0.794 0.647 0.289559
0.794 0.696 0.435131
0.794 0.745 0.529798
0.794 0.794 0.575596
0.794 0.843 0.581786
0.794 0.892 0.769893
0.794 0.941 1.59114
0.794 0.99 2.53991
0.843 0.01 1.24602e-36
0.843 0.059 1.98461e-31
0.843 0.108 1.21781e-26
0.843 0.157 2.86434e-22
0.843 0.206 2.58495e-18
0.843 0.255 8.96582e-15
0.843 0.304 1.19848e-11
0.843 0.353 6.20139e-09
0.843 0.402 1.2506e-06
0.843 0.451 9.92814e-05
0.843 0.5 0.00314624
0.843 0.549 0.0405969
0.843 0.598 0.221196
0.843 0.647 0.560558
0.843 0.696 0.84237
0.843 0.745 1.02564
0.843 0.794 1.1143
0.843 0.843 1.12628
0.843 0.892 1.49044
0.843 0.941 3.0803
0.843 0.99 4.91701
0.892 0.01 3.50356e-36
0.892 0.059 5.58034e-31
0.892 0.108 3.42423e-26
0.892 0.157 8.05395e-22
0.892 0.206 7.26837e-18
0.892 0.255 2.52101e-14
0.892 0.304 3.3699e-11
0.892 0.353 1.74371e-08
0.892 0.402 3.51645e-06
0.892 0.451 0.00027916
0.892 0.5 0.00884661
0.892 0.549 0.11415
0.892 0.598 0.62196
0.892 0.647 1.57618
0.892 0.696 2.36858
0.892 0.745 2.88389
0.892 0.794 3.13319
0.892 0.843 3.16688
0.892 0.892 4.19082
0.892 0.941 8.66119
0.892 0.99 13.8257
0.941 0.01 1.43476e-35
0.941 0.059 2.28523e-30
0.941 0.108 1.40227e-25
0.941 0.157 3.29822e-21
0.941 0.206 2.97651e-17
0.941 0.255 1.03239e-13
0.941 0.304 1.38002e-10
0.941 0.353 7.14075e-08
0.941 0.402 1.44004e-05
0.941 0.451 0.0011432
0.941 0.5 0.0362282
0.941 0.549 0.467463
0.941 0.598 2.54702
0.941 0.647 6.4547
0.941 0.696 9.6997
0.941 0.745 11.81
0.941 0.794 12.8309
0.941 0.843 12.9689
0.941 0.892 17.162
0.941 0.941 35.4689
0.941 0.99 56.6182
0.99 0.01 2.75245e-35
0.99 0.059 4.38399e-30
0.99 0.108 2.69012e-25
0.99 0.157 6.3273e-21
0.99 0.206 5.71014e-17
0.99 0.255 1.98054e-13
0.99 0.304 2.64744e-10
0.99 0.353 1.36988e-07
0.99 0.402 2.76257e-05
0.99 0.451 0.00219312
0.99 0.5 0.0695002
0.99 0.549 0.896781
0.99 0.598 4.88621
0.99 0.647 12.3827
0.99 0.696 18.6079
0.99 0.745 22.6563
0.99 0.794 24.6148
0.99 0.843 24.8794
0.99 0.892 32.9237
0.99 0.941 68.0435
0.99 0.99 108.616
