0.01 0.01 6.85743
0.01 0.059 4.46979
0.01 0.108 2.11059
0.01 0.157 1.21258
0.01 0.206 1.49158
0.01 0.255 1.89068
0.01 0.304 1.97877
0.01 0.353 1.96348
0.01 0.402 2.00295
0.01 0.451 2.22693
0.01 0.5 2.38941
0.01 0.549 2.47714
0.01 0.598 2.02049
0.01 0.647 1.0437
0.01 0.696 0.601172
0.01 0.745 0.847121
0.01 0.794 1.18182
0.01 0.843 1.11213
0.01 0.892 0.997659
0.01 0.941 2.19784
0.01 0.99 3.70352
0.059 0.01 4.65436
0.059 0.059 3.03379
0.059 0.108 1.43253
0.059 0.157 0.823017
0.059 0.206 1.01239
0.059 0.255 1.28326
0.059 0.304 1.34306
0.059 0.353 1.33268
0.059 0.402 1.35947
0.059 0.451 1.51149
0.059 0.5 1.62177
0.059 0.549 1.68131
0.059 0.598 1.37137
0.059 0.647 0.708393
0.059 0.696 0.408035
0.059 0.745 0.574969
0.059 0.794 0.802142
0.059 0.843 0.754837
0.059 0.892 0.677144
0.059 0.941 1.49175
0.059 0.99 2.5137
0.108 0.01 2.7407
0.108 0.059 1.78643
0.108 0.108 0.843537
0.108 0.157 0.48463
0.108 0.206 0.596139
0.108 0.255 0.755644
0.108 0.304 0.790853
0.108 0.353 0.784741
0.108 0.402 0.800516
0.108 0.451 0.890035
0.108 0.5 0.954972
0.108 0.549 0.990034
0.108 0.598 0.807526
0.108 0.647 0.417134
0.108 0.696 0.240269
0.108 0.745 0.338568
0.108 0.794 0.472338
0.108 0.843 0.444482
0.108 0.892 0.398733
0.108 0.941 0.878408
0.108 0.99 1.48018
0.157 0.01 2.21972
0.157 0.059 1.44685
0.157 0.108 0.68319
0.157 0.157 0.392507
0.157 0.206 0.48282
0.157 0.255 0.612005
0.157 0.304 0.640521
0.157 0.353 0.635571
0.157 0.402 0.648347
0.157 0.451 0.72085
0.157 0.5 0.773443
0.157 0.549 0.80184
0.157 0.598 0.654025
0.157 0.647 0.337842
0.157 0.696 0.194597
0.157 0.745 0.27421
0.157 0.794 0.382552
0.157 0.843 0.359991
0.157 0.892 0.322938
0.157 0.941 0.711433
0.157 0.99 1.19881
0.206 0.01 2.97089
0.206 0.059 1.93647
0.206 0.108 0.914385
0.206 0.157 0.525334
0.206 0.206 0.646208
0.206 0.255 0.81911
0.206 0.304 0.857277
0.206 0.353 0.850651
0.206 0.402 0.867751
0.206 0.451 0.964788
0.206 0.5 1.03518
0.206 0.549 1.07319
0.206 0.598 0.87535
0.206 0.647 0.452169
0.206 0.696 0.260449
0.206 0.745 0.367004
0.206 0.794 0.512009
0.206 0.843 0.481814
0.206 0.892 0.432222
0.206 0.941 0.952185
0.206 0.99 1.6045
0.255 0.01 3.57471
0.255 0.059 2.33006
0.255 0.108 1.10023
0.255 0.157 0.632106
0.255 0.206 0.777548
0.255 0.255 0.985591
0.255 0.304 1.03151
0.255 0.353 1.02354
0.255 0.402 1.04412
0.255 0.451 1.16088
0.255 0.5 1.24558
0.255 0.549 1.29131
0.255 0.598 1.05326
0.255 0.647 0.544071
0.255 0.696 0.313385
0.255 0.745 0.441596
0.255 0.794 0.616073
0.255 0.843 0.579741
0.255 0.892 0.52007
0.255 0.941 1.14571
0.255 0.99 1.93061
0.304 0.01 3.27125
0.304 0.059 2.13226
0.304 0.108 1.00683
0.304 0.157 0.578446
0.304 0.206 0.711542
0.304 0.255 0.901924
0.304 0.304 0.94395
0.304 0.353 0.936654
0.304 0.402 0.955483
0.304 0.451 1.06233
0.304 0.5 1.13984
0.304 0.549 1.18169
0.304 0.598 0.96385
0.304 0.647 0.497884
0.304 0.696 0.286782
0.304 0.745 0.404109
0.304 0.794 0.563775
0.304 0.843 0.530527
0.304 0.892 0.475921
0.304 0.941 1.04845
0.304 0.99 1.76672
0.353 0.01 2.30514
0.353 0.059 1.50253
0.353 0.108 0.709481
0.353 0.157 0.407612
0.353 0.206 0.5014
0.353 0.255 0.635555
0.353 0.304 0.66517
0.353 0.353 0.660029
0.353 0.402 0.673297
0.353 0.451 0.748589
0.353 0.5 0.803206
0.353 0.549 0.832696
0.353 0.598 0.679192
0.353 0.647 0.350842
0.353 0.696 0.202085
0.353 0.745 0.284762
0.353 0.794 0.397273
0.353 0.843 0.373844
0.353 0.892 0.335366
0.353 0.941 0.73881
0.353 0.99 1.24495
0.402 0.01 1.83874
0.402 0.059 1.19852
0.402 0.108 0.565931
0.402 0.157 0.325139
0.402 0.206 0.399951
0.402 0.255 0.506963
0.402 0.304 0.530586
0.402 0.353 0.526485
0.402 0.402 0.537068
0.402 0.451 0.597127
0.402 0.5 0.640693
0.402 0.549 0.664216
0.402 0.598 0.541771
0.402 0.647 0.279856
0.402 0.696 0.161197
0.402 0.745 0.227146
0.402 0.794 0.316893
0.402 0.843 0.298204
0.402 0.892 0.267511
0.402 0.941 0.589326
0.402 0.99 0.993057
0.451 0.01 2.24277
0.451 0.059 1.46188
0.451 0.108 0.690284
0.451 0.157 0.396583
0.451 0.206 0.487833
0.451 0.255 0.618359
0.451 0.304 0.647172
0.451 0.353 0.64217
0.451 0.402 0.655079
0.451 0.451 0.728334
0.451 0.5 0.781474
0.451 0.549 0.810165
0.451 0.598 0.660815
0.451 0.647 0.34135
0.451 0.696 0.196617
0.451 0.745 0.277057
0.451 0.794 0.386524
0.451 0.843 0.363729
0.451 0.892 0.326291
0.451 0.941 0.71882
0.451 0.99 1.21126
0.5 0.01 2.17848
0.5 0.059 1.41997
0.5 0.108 0.670496
0.5 0.157 0.385214
0.5 0.206 0.473849
0.5 0.255 0.600633
0.5 0.304 0.62862
0.5 0.353 0.623761
0.5 0.402 0.636301
0.5 0.451 0.707456
0.5 0.5 0.759072
0.5 0.549 0.786941
0.5 0.598 0.641872
0.5 0.647 0.331564
0.5 0.696 0.190981
0.5 0.745 0.269115
0.5 0.794 0.375444
0.5 0.843 0.353302
0.5 0.892 0.316938
0.5 0.941 0.698214
0.5 0.99 1.17654
0.549 0.01 1.99762
0.549 0.059 1.30208
0.549 0.108 0.61483
0.549 0.157 0.353233
0.549 0.206 0.434509
0.549 0.255 0.550767
0.549 0.304 0.576431
0.549 0.353 0.571975
0.549 0.402 0.583474
0.549 0.451 0.648721
0.549 0.5 0.696052
0.549 0.549 0.721608
0.549 0.598 0.588583
0.549 0.647 0.304037
0.549 0.696 0.175126
0.549 0.745 0.246772
0.549 0.794 0.344274
0.549 0.843 0.32397
0.549 0.892 0.290625
0.549 0.941 0.640247
0.549 0.99 1.07886
0.598 0.01 2.60624
0.598 0.059 1.69879
0.598 0.108 0.802152
0.598 0.157 0.460853
0.598 0.206 0.566891
0.598 0.255 0.718571
0.598 0.304 0.752053
0.598 0.353 0.74624
0.598 0.402 0.761241
0.598 0.451 0.846368
0.598 0.5 0.90812
0.598 0.549 0.941461
0.598 0.598 0.767907
0.598 0.647 0.396669
0.598 0.696 0.228481
0.598 0.745 0.321957
0.598 0.794 0.449164
0.598 0.843 0.422675
0.598 0.892 0.37917
0.598 0.941 0.835312
0.598 0.99 1.40756
0.647 0.01 3.10193
0.647 0.059 2.02189
0.647 0.108 0.954718
0.647 0.157 0.548506
0.647 0.206 0.674712
0.647 0.255 0.85524
0.647 0.304 0.89509
0.647 0.353 0.888172
0.647 0.402 0.906027
0.647 0.451 1.00734
0.647 0.5 1.08084
0.647 0.549 1.12052
0.647 0.598 0.91396
0.647 0.647 0.472114
0.647 0.696 0.271938
0.647 0.745 0.383192
0.647 0.794 0.534593
0.647 0.843 0.503066
0.647 0.892 0.451287
0.647 0.941 0.994185
0.647 0.99 1.67527
0.696 0.01 3.97486
0.696 0.059 2.59088
0.696 0.108 1.22339
0.696 0.157 0.702864
0.696 0.206 0.864587
0.696 0.255 1.09592
0.696 0.304 1.14698
0.696 0.353 1.13812
0.696 0.402 1.161
0.696 0.451 1.29083
0.696 0.5 1.38501
0.696 0.549 1.43586
0.696 0.598 1.17116
0.696 0.647 0.604974
0.696 0.696 0.348465
0.696 0.745 0.491028
0.696 0.794 0.685037
0.696 0.843 0.644637
0.696 0.892 0.578287
0.696 0.941 1.27396
0.696 0.99 2.14672
0.745 0.01 4.85196
0.745 0.059 3.16259
0.745 0.108 1.49335
0.745 0.157 0.857959
0.745 0.206 1.05537
0.745 0.255 1.33774
0.745 0.304 1.40008
0.745 0.353 1.38926
0.745 0.402 1.41718
0.745 0.451 1.57566
0.745 0.5 1.69062
0.745 0.549 1.75269
0.745 0.598 1.42959
0.745 0.647 0.738468
0.745 0.696 0.425358
0.745 0.745 0.599379
0.745 0.794 0.836198
0.745 0.843 0.786884
0.745 0.892 0.705892
0.745 0.941 1.55508
0.745 0.99 2.62042
0.794 0.01 4.41382
0.794 0.059 2.877
0.794 0.108 1.35849
0.794 0.157 0.780483
0.794 0.206 0.960065
0.794 0.255 1.21694
0.794 0.304 1.27365
0.794 0.353 1.2638
0.794 0.402 1.28921
0.794 0.451 1.43338
0.794 0.5 1.53796
0.794 0.549 1.59442
0.794 0.598 1.3005
0.794 0.647 0.671783
0.794 0.696 0.386947
0.794 0.745 0.545254
0.794 0.794 0.760687
0.794 0.843 0.715826
0.794 0.892 0.642148
0.794 0.941 1.41465
0.794 0.99 2.38379
0.843 0.01 3.87103
0.843 0.059 2.5232
0.843 0.108 1.19143
0.843 0.157 0.684503
0.843 0.206 0.842001
0.843 0.255 1.06729
0.843 0.304 1.11702
0.843 0.353 1.10839
0.843 0.402 1.13067
0.843 0.451 1.25711
0.843 0.5 1.34883
0.843 0.549 1.39835
0.843 0.598 1.14057
0.843 0.647 0.58917
0.843 0.696 0.339362
0.843 0.745 0.478201
0.843 0.794 0.667142
0.843 0.843 0.627797
0.843 0.892 0.56318
0.843 0.941 1.24068
0.843 0.99 2.09064
0.892 0.01 4.02007
0.892 0.059 2.62035
0.892 0.108 1.2373
0.892 0.157 0.710857
0.892 0.206 0.874419
0.892 0.255 1.10838
0.892 0.304 1.16003
0.892 0.353 1.15106
0.892 0.402 1.1742
0.892 0.451 1.30551
0.892 0.5 1.40076
0.892 0.549 1.45219
0.892 0.598 1.18448
0.892 0.647 0.611854
0.892 0.696 0.352428
0.892 0.745 0.496612
0.892 0.794 0.692827
0.892 0.843 0.651968
0.892 0.892 0.584863
0.892 0.941 1.28845
0.892 0.99 2.17113
0.941 0.01 4.22766
0.941 0.059 2.75566
0.941 0.108 1.3012
0.941 0.157 0.747565
0.941 0.206 0.919573
0.941 0.255 1.16562
0.941 0.304 1.21993
0.941 0.353 1.2105
0.941 0.402 1.23483
0.941 0.451 1.37292
0.941 0.5 1.47309
0.941 0.549 1.52717
0.941 0.598 1.24565
0.941 0.647 0.643449
0.941 0.696 0.370627
0.941 0.745 0.522257
0.941 0.794 0.728604
0.941 0.843 0.685635
0.941 0.892 0.615065
0.941 0.941 1.35499
0.941 0.99 2.28325
0.99 0.01 4.15613
0.99 0.059 2.70904
0.99 0.108 1.27918
0.99 0.157 0.734917
0.99 0.206 0.904016
0.99 0.255 1.1459
0.99 0.304 1.19929
0.99 0.353 1.19002
0.99 0.402 1.21394
0.99 0.451 1.34969
0.99 0.5 1.44817
0.99 0.549 1.50134
0.99 0.598 1.22457
0.99 0.647 0.632563
0.99 0.696 0.364357
0.99 0.745 0.513421
0.99 0.794 0.716277
0.99 0.843 0.674035
0.99 0.892 0.604659
0.99 0.941 1.33206
0.99 0.99 2.24462
