0.01 0.01 0.959105
0.01 0.059 0.680453
0.01 0.108 0.454384
0.01 0.157 0.462058
0.01 0.206 0.37673
0.01 0.255 0.162365
0.01 0.304 0.11477
0.01 0.353 0.207024
0.01 0.402 0.290943
0.01 0.451 0.386057
0.01 0.5 0.302618
0.01 0.549 0.119553
0.01 0.598 0.129721
0.01 0.647 0.300859
0.01 0.696 0.449898
0.01 0.745 0.418519
0.01 0.794 0.403369
0.01 0.843 0.708154
0.01 0.892 1.38628
0.01 0.941 3.08116
0.01 0.99 4.91755
0.059 0.01 0.988972
0.059 0.059 0.701643
0.059 0.108 0.468534
0.059 0.157 0.476447
0.059 0.206 0.388462
0.059 0.255 0.167421
0.059 0.304 0.118344
0.059 0.353 0.213471
0.059 0.402 0.300003
0.059 0.451 0.398079
0.059 0.5 0.312042
0.059 0.549 0.123276
0.059 0.598 0.13376
0.059 0.647 0.310228
0.059 0.696 0.463908
0.059 0.745 0.431552
0.059 0.794 0.41593
0.059 0.843 0.730206
0.059 0.892 1.42945
0.059 0.941 3.17711
0.059 0.99 5.07069
0.108 0.01 0.799439
0.108 0.059 0.567176
0.108 0.108 0.378742
0.108 0.157 0.385138
0.108 0.206 0.314015
0.108 0.255 0.135335
0.108 0.304 0.0956638
0.108 0.353 0.17256
0.108 0.402 0.242509
0.108 0.451 0.321789
0.108 0.5 0.25224
0.108 0.549 0.099651
0.108 0.598 0.108126
0.108 0.647 0.250774
0.108 0.696 0.375002
0.108 0.745 0.348847
0.108 0.794 0.336219
0.108 0.843 0.590265
0.108 0.892 1.15551
0.108 0.941 2.56823
0.108 0.99 4.09891
0.157 0.01 0.64424
0.157 0.059 0.457067
0.157 0.108 0.305214
0.157 0.157 0.310369
0.157 0.206 0.253053
0.157 0.255 0.109062
0.157 0.304 0.0770921
0.157 0.353 0.13906
0.157 0.402 0.195429
0.157 0.451 0.259318
0.157 0.5 0.203271
0.157 0.549 0.0803052
0.157 0.598 0.0871347
0.157 0.647 0.20209
0.157 0.696 0.302201
0.157 0.745 0.281123
0.157 0.794 0.270947
0.157 0.843 0.475674
0.157 0.892 0.931181
0.157 0.941 2.06964
0.157 0.99 3.30317
0.206 0.01 0.910516
0.206 0.059 0.645982
0.206 0.108 0.431365
0.206 0.157 0.43865
0.206 0.206 0.357645
0.206 0.255 0.154139
0.206 0.304 0.108956
0.206 0.353 0.196536
0.206 0.402 0.276204
0.206 0.451 0.3665
0.206 0.5 0.287287
0.206 0.549 0.113497
0.206 0.598 0.123149
0.206 0.647 0.285618
0.206 0.696 0.427106
0.206 0.745 0.397317
0.206 0.794 0.382934
0.206 0.843 0.672279
0.206 0.892 1.31606
0.206 0.941 2.92506
0.206 0.99 4.66843
0.255 0.01 1.04544
0.255 0.059 0.741704
0.255 0.108 0.495286
0.255 0.157 0.50365
0.255 0.206 0.410642
0.255 0.255 0.17698
0.255 0.304 0.125101
0.255 0.353 0.225659
0.255 0.402 0.317132
0.255 0.451 0.420808
0.255 0.5 0.329858
0.255 0.549 0.130315
0.255 0.598 0.141398
0.255 0.647 0.327941
0.255 0.696 0.490395
0.255 0.745 0.456192
0.255 0.794 0.439678
0.255 0.843 0.771898
0.255 0.892 1.51107
0.255 0.941 3.3585
0.255 0.99 5.3602
0.304 0.01 0.968687
0.304 0.059 0.687251
0.304 0.108 0.458924
0.304 0.157 0.466675
0.304 0.206 0.380494
0.304 0.255 0.163987
0.304 0.304 0.115917
0.304 0.353 0.209092
0.304 0.402 0.29385
0.304 0.451 0.389914
0.304 0.5 0.305641
0.304 0.549 0.120748
0.304 0.598 0.131017
0.304 0.647 0.303865
0.304 0.696 0.454392
0.304 0.745 0.422701
0.304 0.794 0.407399
0.304 0.843 0.715229
0.304 0.892 1.40013
0.304 0.941 3.11194
0.304 0.99 4.96668
0.353 0.01 0.997381
0.353 0.059 0.707609
0.353 0.108 0.472518
0.353 0.157 0.480498
0.353 0.206 0.391765
0.353 0.255 0.168845
0.353 0.304 0.11935
0.353 0.353 0.215286
0.353 0.402 0.302554
0.353 0.451 0.401464
0.353 0.5 0.314695
0.353 0.549 0.124325
0.353 0.598 0.134898
0.353 0.647 0.312866
0.353 0.696 0.467852
0.353 0.745 0.435222
0.353 0.794 0.419467
0.353 0.843 0.736415
0.353 0.892 1.44161
0.353 0.941 3.20412
0.353 0.99 5.1138
0.402 0.01 0.759049
0.402 0.059 0.538521
0.402 0.108 0.359606
0.402 0.157 0.36568
0.402 0.206 0.29815
0.402 0.255 0.128498
0.402 0.304 0.0908306
0.402 0.353 0.163842
0.402 0.402 0.230257
0.402 0.451 0.305531
0.402 0.5 0.239496
0.402 0.549 0.0946163
0.402 0.598 0.102663
0.402 0.647 0.238105
0.402 0.696 0.356055
0.402 0.745 0.331222
0.402 0.794 0.319232
0.402 0.843 0.560443
0.402 0.892 1.09713
0.402 0.941 2.43847
0.402 0.99 3.89182
0.451 0.01 0.493914
0.451 0.059 0.350416
0.451 0.108 0.233996
0.451 0.157 0.237948
0.451 0.206 0.194006
0.451 0.255 0.0836137
0.451 0.304 0.0591035
0.451 0.353 0.106612
0.451 0.402 0.149828
0.451 0.451 0.19881
0.451 0.5 0.15584
0.451 0.549 0.0615669
0.451 0.598 0.0668029
0.451 0.647 0.154935
0.451 0.696 0.231686
0.451 0.745 0.215527
0.451 0.794 0.207725
0.451 0.843 0.364681
0.451 0.892 0.713901
0.451 0.941 1.58672
0.451 0.99 2.53241
0.5 0.01 0.644361
0.5 0.059 0.457153
0.5 0.108 0.305272
0.5 0.157 0.310427
0.5 0.206 0.253101
0.5 0.255 0.109083
0.5 0.304 0.0771066
0.5 0.353 0.139086
0.5 0.402 0.195466
0.5 0.451 0.259367
0.5 0.5 0.20331
0.5 0.549 0.0803203
0.5 0.598 0.0871511
0.5 0.647 0.202128
0.5 0.696 0.302257
0.5 0.745 0.281176
0.5 0.794 0.270998
0.5 0.843 0.475763
0.5 0.892 0.931356
0.5 0.941 2.07003
0.5 0.99 3.30379
0.549 0.01 0.896877
0.549 0.059 0.636305
0.549 0.108 0.424904
0.549 0.157 0.43208
0.549 0.206 0.352288
0.549 0.255 0.15183
0.549 0.304 0.107324
0.549 0.353 0.193592
0.549 0.402 0.272066
0.549 0.451 0.36101
0.549 0.5 0.282984
0.549 0.549 0.111797
0.549 0.598 0.121304
0.549 0.647 0.281339
0.549 0.696 0.420708
0.549 0.745 0.391365
0.549 0.794 0.377198
0.549 0.843 0.662208
0.549 0.892 1.29634
0.549 0.941 2.88125
0.549 0.99 4.5985
0.598 0.01 1.0126
0.598 0.059 0.718407
0.598 0.108 0.479729
0.598 0.157 0.487831
0.598 0.206 0.397743
0.598 0.255 0.171421
0.598 0.304 0.121171
0.598 0.353 0.218571
0.598 0.402 0.307171
0.598 0.451 0.407591
0.598 0.5 0.319497
0.598 0.549 0.126222
0.598 0.598 0.136956
0.598 0.647 0.317641
0.598 0.696 0.474992
0.598 0.745 0.441863
0.598 0.794 0.425868
0.598 0.843 0.747653
0.598 0.892 1.46361
0.598 0.941 3.25301
0.598 0.99 5.19184
0.647 0.01 1.52746
0.647 0.059 1.08368
0.647 0.108 0.723646
0.647 0.157 0.735867
0.647 0.206 0.599975
0.647 0.255 0.25858
0.647 0.304 0.182781
0.647 0.353 0.329703
0.647 0.402 0.463352
0.647 0.451 0.614829
0.647 0.5 0.481945
0.647 0.549 0.190399
0.647 0.598 0.206591
0.647 0.647 0.479144
0.647 0.696 0.7165
0.647 0.745 0.666527
0.647 0.794 0.642399
0.647 0.843 1.12779
0.647 0.892 2.20778
0.647 0.941 4.907
0.647 0.99 7.83161
0.696 0.01 2.5614
0.696 0.059 1.81723
0.696 0.108 1.21348
0.696 0.157 1.23398
0.696 0.206 1.0061
0.696 0.255 0.433613
0.696 0.304 0.306506
0.696 0.353 0.55288
0.696 0.402 0.776996
0.696 0.451 1.03101
0.696 0.5 0.808175
0.696 0.549 0.319281
0.696 0.598 0.346434
0.696 0.647 0.803479
0.696 0.696 1.2015
0.696 0.745 1.1177
0.696 0.794 1.07724
0.696 0.843 1.8912
0.696 0.892 3.70223
0.696 0.941 8.22857
0.696 0.99 13.1329
0.745 0.01 3.217
0.745 0.059 2.28236
0.745 0.108 1.52408
0.745 0.157 1.54982
0.745 0.206 1.26362
0.745 0.255 0.5446
0.745 0.304 0.384958
0.745 0.353 0.694394
0.745 0.402 0.975874
0.745 0.451 1.2949
0.745 0.5 1.01503
0.745 0.549 0.401003
0.745 0.598 0.435106
0.745 0.647 1.00914
0.745 0.696 1.50904
0.745 0.745 1.40379
0.745 0.794 1.35297
0.745 0.843 2.37527
0.745 0.892 4.64984
0.745 0.941 10.3347
0.745 0.99 16.4943
0.794 0.01 2.94712
0.794 0.059 2.09088
0.794 0.108 1.39622
0.794 0.157 1.4198
0.794 0.206 1.15761
0.794 0.255 0.498912
0.794 0.304 0.352663
0.794 0.353 0.636139
0.794 0.402 0.894005
0.794 0.451 1.18627
0.794 0.5 0.929879
0.794 0.549 0.367362
0.794 0.598 0.398604
0.794 0.647 0.924476
0.794 0.696 1.38244
0.794 0.745 1.28602
0.794 0.794 1.23947
0.794 0.843 2.176
0.794 0.892 4.25975
0.794 0.941 9.46772
0.794 0.99 15.1106
0.843 0.01 2.02263
0.843 0.059 1.43499
0.843 0.108 0.958239
0.843 0.157 0.974423
0.843 0.206 0.794477
0.843 0.255 0.342407
0.843 0.304 0.242035
0.843 0.353 0.436587
0.843 0.402 0.613562
0.843 0.451 0.814146
0.843 0.5 0.638183
0.843 0.549 0.252123
0.843 0.598 0.273565
0.843 0.647 0.634475
0.843 0.696 0.948777
0.843 0.745 0.882604
0.843 0.794 0.850655
0.843 0.843 1.49341
0.843 0.892 2.9235
0.843 0.941 6.49777
0.843 0.99 10.3705
0.892 0.01 1.27617
0.892 0.059 0.905404
0.892 0.108 0.604599
0.892 0.157 0.61481
0.892 0.206 0.501274
0.892 0.255 0.216041
0.892 0.304 0.152712
0.892 0.353 0.275464
0.892 0.402 0.387126
0.892 0.451 0.513684
0.892 0.5 0.40266
0.892 0.549 0.159077
0.892 0.598 0.172605
0.892 0.647 0.40032
0.892 0.696 0.598629
0.892 0.745 0.556877
0.892 0.794 0.536719
0.892 0.843 0.942262
0.892 0.892 1.84458
0.892 0.941 4.09975
0.892 0.99 6.54324
0.941 0.01 1.56594
0.941 0.059 1.11098
0.941 0.108 0.741876
0.941 0.157 0.754405
0.941 0.206 0.61509
0.941 0.255 0.265094
0.941 0.304 0.187385
0.941 0.353 0.338009
0.941 0.402 0.475024
0.941 0.451 0.630318
0.941 0.5 0.494086
0.941 0.549 0.195196
0.941 0.598 0.211796
0.941 0.647 0.491215
0.941 0.696 0.73455
0.941 0.745 0.683319
0.941 0.794 0.658583
0.941 0.843 1.15621
0.941 0.892 2.26339
0.941 0.941 5.03062
0.941 0.99 8.02891
0.99 0.01 2.25994
0.99 0.059 1.60335
0.99 0.108 1.07067
0.99 0.157 1.08875
0.99 0.206 0.88769
0.99 0.255 0.38258
0.99 0.304 0.270432
0.99 0.353 0.48781
0.99 0.402 0.685549
0.99 0.451 0.909667
0.99 0.5 0.713058
0.99 0.549 0.281704
0.99 0.598 0.305661
0.99 0.647 0.708915
0.99 0.696 1.06009
0.99 0.745 0.986156
0.99 0.794 0.950458
0.99 0.843 1.66862
0.99 0.892 3.2665
0.99 0.941 7.26013
0.99 0.99 11.5872
