0.01 0.01 41.5394
0.01 0.059 24.7687
0.01 0.108 9.16691
0.01 0.157 5.09013
0.01 0.206 5.21621
0.01 0.255 4.01276
0.01 0.304 2.85073
0.01 0.353 4.14658
0.01 0.402 5.17904
0.01 0.451 3.43685
0.01 0.5 1.70008
0.01 0.549 2.56307
0.01 0.598 4.39587
0.01 0.647 4.94661
0.01 0.696 3.97787
0.01 0.745 4.81283
0.01 0.794 5.78624
0.01 0.843 4.41577
0.01 0.892 5.96612
0.01 0.941 14.2818
0.01 0.99 22.5289
0.059 0.01 23.3504
0.059 0.059 13.9231
0.059 0.108 5.15297
0.059 0.157 2.8613
0.059 0.206 2.93217
0.059 0.255 2.25568
0.059 0.304 1.60247
0.059 0.353 2.3309
0.059 0.402 2.91128
0.059 0.451 1.93194
0.059 0.5 0.955661
0.059 0.549 1.44077
0.059 0.598 2.47104
0.059 0.647 2.78062
0.059 0.696 2.23607
0.059 0.745 2.70542
0.059 0.794 3.2526
0.059 0.843 2.48222
0.059 0.892 3.35372
0.059 0.941 8.02816
0.059 0.99 12.6641
0.108 0.01 7.55638
0.108 0.059 4.50564
0.108 0.108 1.66754
0.108 0.157 0.92594
0.108 0.206 0.948874
0.108 0.255 0.729957
0.108 0.304 0.518573
0.108 0.353 0.754299
0.108 0.402 0.942113
0.108 0.451 0.625193
0.108 0.5 0.30926
0.108 0.549 0.466245
0.108 0.598 0.799648
0.108 0.647 0.899832
0.108 0.696 0.723609
0.108 0.745 0.875496
0.108 0.794 1.05257
0.108 0.843 0.803268
0.108 0.892 1.08529
0.108 0.941 2.59798
0.108 0.99 4.0982
0.157 0.01 2.238
0.157 0.059 1.33445
0.157 0.108 0.493883
0.157 0.157 0.274239
0.157 0.206 0.281032
0.157 0.255 0.216194
0.157 0.304 0.153588
0.157 0.353 0.223404
0.157 0.402 0.27903
0.157 0.451 0.185166
0.157 0.5 0.0915947
0.157 0.549 0.13809
0.157 0.598 0.236835
0.157 0.647 0.266507
0.157 0.696 0.214314
0.157 0.745 0.259299
0.157 0.794 0.311743
0.157 0.843 0.237907
0.157 0.892 0.321435
0.157 0.941 0.769454
0.157 0.99 1.21378
0.206 0.01 0.472405
0.206 0.059 0.281681
0.206 0.108 0.104251
0.206 0.157 0.0578874
0.206 0.206 0.0593212
0.206 0.255 0.045635
0.206 0.304 0.0324199
0.206 0.353 0.0471568
0.206 0.402 0.0588985
0.206 0.451 0.0390855
0.206 0.5 0.0193341
0.206 0.549 0.0291484
0.206 0.598 0.0499919
0.206 0.647 0.0562552
0.206 0.696 0.0452382
0.206 0.745 0.0547338
0.206 0.794 0.0658039
0.206 0.843 0.0502182
0.206 0.892 0.0678496
0.206 0.941 0.162419
0.206 0.99 0.256209
0.255 0.01 0.25909
0.255 0.059 0.154488
0.255 0.108 0.057176
0.255 0.157 0.0317482
0.255 0.206 0.0325346
0.255 0.255 0.0250284
0.255 0.304 0.0177806
0.255 0.353 0.0258631
0.255 0.402 0.0323028
0.255 0.451 0.0214364
0.255 0.5 0.0106038
0.255 0.549 0.0159864
0.255 0.598 0.027418
0.255 0.647 0.030853
0.255 0.696 0.0248108
0.255 0.745 0.0300186
0.255 0.794 0.03609
0.255 0.843 0.0275421
0.255 0.892 0.037212
0.255 0.941 0.0890784
0.255 0.99 0.140517
0.304 0.01 0.882862
0.304 0.059 0.526424
0.304 0.108 0.19483
0.304 0.157 0.108184
0.304 0.206 0.110863
0.304 0.255 0.0852857
0.304 0.304 0.0605883
0.304 0.353 0.0881298
0.304 0.402 0.110073
0.304 0.451 0.0730455
0.304 0.5 0.0361329
0.304 0.549 0.0544745
0.304 0.598 0.0934282
0.304 0.647 0.105133
0.304 0.696 0.0845441
0.304 0.745 0.10229
0.304 0.794 0.122979
0.304 0.843 0.0938511
0.304 0.892 0.126802
0.304 0.941 0.303539
0.304 0.99 0.47882
0.353 0.01 1.41631
0.353 0.059 0.844504
0.353 0.108 0.312552
0.353 0.157 0.173551
0.353 0.206 0.17785
0.353 0.255 0.136818
0.353 0.304 0.0971974
0.353 0.353 0.14138
0.353 0.402 0.176583
0.353 0.451 0.117181
0.353 0.5 0.0579653
0.353 0.549 0.0873894
0.353 0.598 0.14988
0.353 0.647 0.168658
0.353 0.696 0.135628
0.353 0.745 0.164096
0.353 0.794 0.197285
0.353 0.843 0.150558
0.353 0.892 0.203419
0.353 0.941 0.486945
0.353 0.99 0.768136
0.402 0.01 1.37397
0.402 0.059 0.819261
0.402 0.108 0.303209
0.402 0.157 0.168364
0.402 0.206 0.172534
0.402 0.255 0.132728
0.402 0.304 0.0942921
0.402 0.353 0.137154
0.402 0.402 0.171304
0.402 0.451 0.113679
0.402 0.5 0.0562326
0.402 0.549 0.0847772
0.402 0.598 0.1454
0.402 0.647 0.163616
0.402 0.696 0.131574
0.402 0.745 0.159191
0.402 0.794 0.191388
0.402 0.843 0.146058
0.402 0.892 0.197338
0.402 0.941 0.47239
0.402 0.99 0.745176
0.451 0.01 2.1802
0.451 0.059 1.29999
0.451 0.108 0.481128
0.451 0.157 0.267157
0.451 0.206 0.273774
0.451 0.255 0.210611
0.451 0.304 0.149621
0.451 0.353 0.217634
0.451 0.402 0.271823
0.451 0.451 0.180384
0.451 0.5 0.0892291
0.451 0.549 0.134523
0.451 0.598 0.230718
0.451 0.647 0.259624
0.451 0.696 0.208779
0.451 0.745 0.252602
0.451 0.794 0.303692
0.451 0.843 0.231763
0.451 0.892 0.313133
0.451 0.941 0.749582
0.451 0.99 1.18243
0.5 0.01 2.66953
0.5 0.059 1.59176
0.5 0.108 0.589113
0.5 0.157 0.327118
0.5 0.206 0.33522
0.5 0.255 0.257881
0.5 0.304 0.183203
0.5 0.353 0.26648
0.5 0.402 0.332832
0.5 0.451 0.22087
0.5 0.5 0.109256
0.5 0.549 0.164716
0.5 0.598 0.282501
0.5 0.647 0.317894
0.5 0.696 0.255638
0.5 0.745 0.309297
0.5 0.794 0.371854
0.5 0.843 0.28378
0.5 0.892 0.383414
0.5 0.941 0.917819
0.5 0.99 1.44782
0.549 0.01 1.34815
0.549 0.059 0.803864
0.549 0.108 0.297511
0.549 0.157 0.165199
0.549 0.206 0.169291
0.549 0.255 0.130234
0.549 0.304 0.0925201
0.549 0.353 0.134577
0.549 0.402 0.168085
0.549 0.451 0.111542
0.549 0.5 0.0551759
0.549 0.549 0.083184
0.549 0.598 0.142667
0.549 0.647 0.160541
0.549 0.696 0.129101
0.549 0.745 0.1562
0.549 0.794 0.187792
0.549 0.843 0.143313
0.549 0.892 0.19363
0.549 0.941 0.463512
0.549 0.99 0.731172
0.598 0.01 0.263124
0.598 0.059 0.156893
0.598 0.108 0.0580662
0.598 0.157 0.0322425
0.598 0.206 0.0330411
0.598 0.255 0.0254181
0.598 0.304 0.0180574
0.598 0.353 0.0262658
0.598 0.402 0.0328057
0.598 0.451 0.0217701
0.598 0.5 0.0107689
0.598 0.549 0.0162353
0.598 0.598 0.0278449
0.598 0.647 0.0313334
0.598 0.696 0.0251971
0.598 0.745 0.030486
0.598 0.794 0.0366519
0.598 0.843 0.0279709
0.598 0.892 0.0377913
0.598 0.941 0.0904653
0.598 0.99 0.142705
0.647 0.01 0.0491131
0.647 0.059 0.0292847
0.647 0.108 0.0108383
0.647 0.157 0.0060182
0.647 0.206 0.00616726
0.647 0.255 0.00474439
0.647 0.304 0.00337049
0.647 0.353 0.00490261
0.647 0.402 0.00612332
0.647 0.451 0.00406348
0.647 0.5 0.00201005
0.647 0.549 0.00303038
0.647 0.598 0.00519736
0.647 0.647 0.00584851
0.647 0.696 0.00470314
0.647 0.745 0.00569033
0.647 0.794 0.00684123
0.647 0.843 0.00522088
0.647 0.892 0.00705391
0.647 0.941 0.0168857
0.647 0.99 0.0266365
0.696 0.01 0.278816
0.696 0.059 0.16625
0.696 0.108 0.0615292
0.696 0.157 0.0341654
0.696 0.206 0.0350117
0.696 0.255 0.026934
0.696 0.304 0.0191344
0.696 0.353 0.0278322
0.696 0.402 0.0347622
0.696 0.451 0.0230685
0.696 0.5 0.0114111
0.696 0.549 0.0172036
0.696 0.598 0.0295055
0.696 0.647 0.0332021
0.696 0.696 0.0266998
0.696 0.745 0.0323042
0.696 0.794 0.0388378
0.696 0.843 0.0296391
0.696 0.892 0.0400452
0.696 0.941 0.0958605
0.696 0.99 0.151216
0.745 0.01 1.05135
0.745 0.059 0.626892
0.745 0.108 0.232013
0.745 0.157 0.12883
0.745 0.206 0.132021
0.745 0.255 0.101562
0.745 0.304 0.0721515
0.745 0.353 0.104949
0.745 0.402 0.131081
0.745 0.451 0.0869861
0.745 0.5 0.0430288
0.745 0.549 0.0648708
0.745 0.598 0.111259
0.745 0.647 0.125198
0.745 0.696 0.100679
0.745 0.745 0.121812
0.745 0.794 0.146449
0.745 0.843 0.111762
0.745 0.892 0.151002
0.745 0.941 0.361469
0.745 0.99 0.570202
0.794 0.01 1.96413
0.794 0.059 1.17115
0.794 0.108 0.433444
0.794 0.157 0.240679
0.794 0.206 0.24664
0.794 0.255 0.189737
0.794 0.304 0.134792
0.794 0.353 0.196065
0.794 0.402 0.244883
0.794 0.451 0.162506
0.794 0.5 0.0803857
0.794 0.549 0.121191
0.794 0.598 0.207852
0.794 0.647 0.233893
0.794 0.696 0.188087
0.794 0.745 0.227567
0.794 0.794 0.273594
0.794 0.843 0.208793
0.794 0.892 0.282099
0.794 0.941 0.675291
0.794 0.99 1.06524
0.843 0.01 2.92588
0.843 0.059 1.74462
0.843 0.108 0.645684
0.843 0.157 0.35853
0.843 0.206 0.367411
0.843 0.255 0.282644
0.843 0.304 0.200795
0.843 0.353 0.29207
0.843 0.402 0.364793
0.843 0.451 0.242079
0.843 0.5 0.119747
0.843 0.549 0.180533
0.843 0.598 0.309629
0.843 0.647 0.348421
0.843 0.696 0.280186
0.843 0.745 0.338998
0.843 0.794 0.407562
0.843 0.843 0.311031
0.843 0.892 0.420232
0.843 0.941 1.00595
0.843 0.99 1.58685
0.892 0.01 4.71721
0.892 0.059 2.81273
0.892 0.108 1.04099
0.892 0.157 0.578035
0.892 0.206 0.592352
0.892 0.255 0.455689
0.892 0.304 0.323729
0.892 0.353 0.470885
0.892 0.402 0.588132
0.892 0.451 0.390289
0.892 0.5 0.193061
0.892 0.549 0.291062
0.892 0.598 0.499195
0.892 0.647 0.561737
0.892 0.696 0.451727
0.892 0.745 0.546545
0.892 0.794 0.657085
0.892 0.843 0.501455
0.892 0.892 0.677513
0.892 0.941 1.62184
0.892 0.99 2.55838
0.941 0.01 10.7947
0.941 0.059 6.43656
0.941 0.108 2.38218
0.941 0.157 1.32276
0.941 0.206 1.35552
0.941 0.255 1.04278
0.941 0.304 0.74081
0.941 0.353 1.07756
0.941 0.402 1.34586
0.941 0.451 0.893123
0.941 0.5 0.441795
0.941 0.549 0.666056
0.941 0.598 1.14234
0.941 0.647 1.28546
0.941 0.696 1.03372
0.941 0.745 1.25069
0.941 0.794 1.50365
0.941 0.843 1.14751
0.941 0.892 1.5504
0.941 0.941 3.71136
0.941 0.99 5.85451
0.99 0.01 18.6242
0.99 0.059 11.1051
0.99 0.108 4.11
0.99 0.157 2.28217
0.99 0.206 2.33869
0.99 0.255 1.79913
0.99 0.304 1.27813
0.99 0.353 1.85912
0.99 0.402 2.32203
0.99 0.451 1.54092
0.99 0.5 0.762233
0.99 0.549 1.14915
0.99 0.598 1.97089
0.99 0.647 2.21782
0.99 0.696 1.78348
0.99 0.745 2.15784
0.99 0.794 2.59427
0.99 0.843 1.97982
0.99 0.892 2.67492
0.99 0.941 6.40324
0.99 0.99 10.1009
