0.01 0.01 1.7583
0.01 0.059 1.33581
0.01 0.108 0.64884
0.01 0.157 0.436698
0.01 0.206 0.654287
0.01 0.255 0.913907
0.01 0.304 0.847412
0.01 0.353 0.39766
0.01 0.402 0.32669
0.01 0.451 0.818393
0.01 0.5 1.18481
0.01 0.549 0.980247
0.01 0.598 1.05282
0.01 0.647 1.41047
0.01 0.696 1.44738
0.01 0.745 1.58622
0.01 0.794 1.76377
0.01 0.843 2.10193
0.01 0.892 3.02088
0.01 0.941 5.57834
0.01 0.99 8.31639
0.059 0.01 1.50483
0.059 0.059 1.14324
0.059 0.108 0.555305
0.059 0.157 0.373745
0.059 0.206 0.559967
0.059 0.255 0.782161
0.059 0.304 0.725253
0.059 0.353 0.340335
0.059 0.402 0.279596
0.059 0.451 0.700417
0.059 0.5 1.01401
0.059 0.549 0.838939
0.059 0.598 0.90105
0.059 0.647 1.20714
0.059 0.696 1.23873
0.059 0.745 1.35756
0.059 0.794 1.50951
0.059 0.843 1.79893
0.059 0.892 2.5854
0.059 0.941 4.77419
0.059 0.99 7.11753
0.108 0.01 1.0772
0.108 0.059 0.818363
0.108 0.108 0.397502
0.108 0.157 0.267537
0.108 0.206 0.400839
0.108 0.255 0.559892
0.108 0.304 0.519155
0.108 0.353 0.243621
0.108 0.402 0.200142
0.108 0.451 0.501377
0.108 0.5 0.725859
0.108 0.549 0.600535
0.108 0.598 0.644996
0.108 0.647 0.864104
0.108 0.696 0.886717
0.108 0.745 0.971775
0.108 0.794 1.08055
0.108 0.843 1.28772
0.108 0.892 1.8507
0.108 0.941 3.41749
0.108 0.99 5.09492
0.157 0.01 0.801977
0.157 0.059 0.609273
0.157 0.108 0.295942
0.157 0.157 0.199182
0.157 0.206 0.298426
0.157 0.255 0.416841
0.157 0.304 0.386513
0.157 0.353 0.181376
0.157 0.402 0.149006
0.157 0.451 0.373277
0.157 0.5 0.540404
0.157 0.549 0.4471
0.157 0.598 0.480201
0.157 0.647 0.643328
0.157 0.696 0.660163
0.157 0.745 0.72349
0.157 0.794 0.804471
0.157 0.843 0.958711
0.157 0.892 1.37785
0.157 0.941 2.54433
0.157 0.99 3.79318
0.206 0.01 1.07551
0.206 0.059 0.817081
0.206 0.108 0.39688
0.206 0.157 0.267118
0.206 0.206 0.400212
0.206 0.255 0.559015
0.206 0.304 0.518342
0.206 0.353 0.243239
0.206 0.402 0.199829
0.206 0.451 0.500592
0.206 0.5 0.724722
0.206 0.549 0.599595
0.206 0.598 0.643986
0.206 0.647 0.862751
0.206 0.696 0.885329
0.206 0.745 0.970254
0.206 0.794 1.07886
0.206 0.843 1.2857
0.206 0.892 1.8478
0.206 0.941 3.41214
0.206 0.99 5.08694
0.255 0.01 1.37719
0.255 0.059 1.04627
0.255 0.108 0.508204
0.255 0.157 0.342044
0.255 0.206 0.51247
0.255 0.255 0.715818
0.255 0.304 0.663736
0.255 0.353 0.311467
0.255 0.402 0.25588
0.255 0.451 0.641007
0.255 0.5 0.928005
0.255 0.549 0.767779
0.255 0.598 0.824623
0.255 0.647 1.10475
0.255 0.696 1.13366
0.255 0.745 1.24241
0.255 0.794 1.38147
0.255 0.843 1.64634
0.255 0.892 2.3661
0.255 0.941 4.36924
0.255 0.99 6.51382
0.304 0.01 1.34609
0.304 0.059 1.02264
0.304 0.108 0.496727
0.304 0.157 0.334319
0.304 0.206 0.500897
0.304 0.255 0.699652
0.304 0.304 0.648746
0.304 0.353 0.304433
0.304 0.402 0.250101
0.304 0.451 0.62653
0.304 0.5 0.907047
0.304 0.549 0.75044
0.304 0.598 0.805999
0.304 0.647 1.0798
0.304 0.696 1.10806
0.304 0.745 1.21435
0.304 0.794 1.35027
0.304 0.843 1.60916
0.304 0.892 2.31267
0.304 0.941 4.27056
0.304 0.99 6.36671
0.353 0.01 1.22032
0.353 0.059 0.927092
0.353 0.108 0.450315
0.353 0.157 0.303082
0.353 0.206 0.454096
0.353 0.255 0.634281
0.353 0.304 0.588131
0.353 0.353 0.275989
0.353 0.402 0.226733
0.353 0.451 0.567991
0.353 0.5 0.822298
0.353 0.549 0.680323
0.353 0.598 0.730691
0.353 0.647 0.978911
0.353 0.696 1.00453
0.353 0.745 1.10089
0.353 0.794 1.22411
0.353 0.843 1.45881
0.353 0.892 2.09659
0.353 0.941 3.87155
0.353 0.99 5.77184
0.402 0.01 1.07676
0.402 0.059 0.818027
0.402 0.108 0.397339
0.402 0.157 0.267427
0.402 0.206 0.400675
0.402 0.255 0.559662
0.402 0.304 0.518942
0.402 0.353 0.243521
0.402 0.402 0.20006
0.402 0.451 0.501172
0.402 0.5 0.725561
0.402 0.549 0.600289
0.402 0.598 0.644731
0.402 0.647 0.86375
0.402 0.696 0.886354
0.402 0.745 0.971377
0.402 0.794 1.0801
0.402 0.843 1.28719
0.402 0.892 1.84994
0.402 0.941 3.41609
0.402 0.99 5.09283
0.451 0.01 1.00438
0.451 0.059 0.763038
0.451 0.108 0.37063
0.451 0.157 0.24945
0.451 0.206 0.373741
0.451 0.255 0.522041
0.451 0.304 0.484059
0.451 0.353 0.227151
0.451 0.402 0.186612
0.451 0.451 0.467482
0.451 0.5 0.676788
0.451 0.549 0.559936
0.451 0.598 0.601392
0.451 0.647 0.805688
0.451 0.696 0.826772
0.451 0.745 0.90608
0.451 0.794 1.0075
0.451 0.843 1.20067
0.451 0.892 1.72558
0.451 0.941 3.18646
0.451 0.99 4.75049
0.5 0.01 0.843245
0.5 0.059 0.640625
0.5 0.108 0.31117
0.5 0.157 0.209431
0.5 0.206 0.313782
0.5 0.255 0.438291
0.5 0.304 0.406402
0.5 0.353 0.19071
0.5 0.402 0.156674
0.5 0.451 0.392485
0.5 0.5 0.568212
0.5 0.549 0.470107
0.5 0.598 0.504911
0.5 0.647 0.676432
0.5 0.696 0.694134
0.5 0.745 0.760719
0.5 0.794 0.845867
0.5 0.843 1.00804
0.5 0.892 1.44875
0.5 0.941 2.67526
0.5 0.99 3.98837
0.549 0.01 0.714994
0.549 0.059 0.543191
0.549 0.108 0.263844
0.549 0.157 0.177578
0.549 0.206 0.266059
0.549 0.255 0.37163
0.549 0.304 0.344591
0.549 0.353 0.161704
0.549 0.402 0.132845
0.549 0.451 0.332791
0.549 0.5 0.481791
0.549 0.549 0.398607
0.549 0.598 0.428118
0.549 0.647 0.573552
0.549 0.696 0.588562
0.549 0.745 0.645019
0.549 0.794 0.717218
0.549 0.843 0.854729
0.549 0.892 1.22841
0.549 0.941 2.26837
0.549 0.99 3.38177
0.598 0.01 0.853682
0.598 0.059 0.648554
0.598 0.108 0.315022
0.598 0.157 0.212023
0.598 0.206 0.317666
0.598 0.255 0.443716
0.598 0.304 0.411432
0.598 0.353 0.19307
0.598 0.402 0.158613
0.598 0.451 0.397342
0.598 0.5 0.575245
0.598 0.549 0.475925
0.598 0.598 0.511161
0.598 0.647 0.684805
0.598 0.696 0.702725
0.598 0.745 0.770134
0.598 0.794 0.856337
0.598 0.843 1.02052
0.598 0.892 1.46668
0.598 0.941 2.70837
0.598 0.99 4.03774
0.647 0.01 0.941758
0.647 0.059 0.715467
0.647 0.108 0.347523
0.647 0.157 0.233898
0.647 0.206 0.35044
0.647 0.255 0.489495
0.647 0.304 0.45388
0.647 0.353 0.212989
0.647 0.402 0.174978
0.647 0.451 0.438337
0.647 0.5 0.634594
0.647 0.549 0.525027
0.647 0.598 0.563898
0.647 0.647 0.755457
0.647 0.696 0.775227
0.647 0.745 0.84959
0.647 0.794 0.944686
0.647 0.843 1.12581
0.647 0.892 1.618
0.647 0.941 2.9878
0.647 0.99 4.45432
0.696 0.01 0.99153
0.696 0.059 0.753279
0.696 0.108 0.36589
0.696 0.157 0.24626
0.696 0.206 0.368961
0.696 0.255 0.515365
0.696 0.304 0.477868
0.696 0.353 0.224246
0.696 0.402 0.184225
0.696 0.451 0.461503
0.696 0.5 0.668132
0.696 0.549 0.552775
0.696 0.598 0.5937
0.696 0.647 0.795383
0.696 0.696 0.816198
0.696 0.745 0.894492
0.696 0.794 0.994614
0.696 0.843 1.18531
0.696 0.892 1.70351
0.696 0.941 3.1457
0.696 0.99 4.68973
0.745 0.01 0.909167
0.745 0.059 0.690707
0.745 0.108 0.335496
0.745 0.157 0.225804
0.745 0.206 0.338313
0.745 0.255 0.472555
0.745 0.304 0.438173
0.745 0.353 0.205618
0.745 0.402 0.168922
0.745 0.451 0.423168
0.745 0.5 0.612632
0.745 0.549 0.506858
0.745 0.598 0.544383
0.745 0.647 0.729313
0.745 0.696 0.748399
0.745 0.745 0.820189
0.745 0.794 0.911994
0.745 0.843 1.08685
0.745 0.892 1.56201
0.745 0.941 2.8844
0.745 0.99 4.30017
0.794 0.01 0.817929
0.794 0.059 0.621392
0.794 0.108 0.301828
0.794 0.157 0.203144
0.794 0.206 0.304362
0.794 0.255 0.425132
0.794 0.304 0.394201
0.794 0.353 0.184984
0.794 0.402 0.15197
0.794 0.451 0.380701
0.794 0.5 0.551153
0.794 0.549 0.455993
0.794 0.598 0.489753
0.794 0.647 0.656124
0.794 0.696 0.673295
0.794 0.745 0.73788
0.794 0.794 0.820472
0.794 0.843 0.977781
0.794 0.892 1.40526
0.794 0.941 2.59494
0.794 0.99 3.86863
0.843 0.01 0.845386
0.843 0.059 0.642252
0.843 0.108 0.31196
0.843 0.157 0.209963
0.843 0.206 0.314579
0.843 0.255 0.439404
0.843 0.304 0.407434
0.843 0.353 0.191194
0.843 0.402 0.157072
0.843 0.451 0.393481
0.843 0.5 0.569655
0.843 0.549 0.4713
0.843 0.598 0.506193
0.843 0.647 0.67815
0.843 0.696 0.695897
0.843 0.745 0.76265
0.843 0.794 0.848015
0.843 0.843 1.0106
0.843 0.892 1.45243
0.843 0.941 2.68205
0.843 0.99 3.9985
0.892 0.01 0.885486
0.892 0.059 0.672716
0.892 0.108 0.326758
0.892 0.157 0.219922
0.892 0.206 0.329501
0.892 0.255 0.460246
0.892 0.304 0.42676
0.892 0.353 0.200263
0.892 0.402 0.164522
0.892 0.451 0.412145
0.892 0.5 0.596675
0.892 0.549 0.493656
0.892 0.598 0.530204
0.892 0.647 0.710317
0.892 0.696 0.728905
0.892 0.745 0.798826
0.892 0.794 0.88824
0.892 0.843 1.05854
0.892 0.892 1.52132
0.892 0.941 2.80927
0.892 0.99 4.18816
0.941 0.01 1.22772
0.941 0.059 0.932713
0.941 0.108 0.453046
0.941 0.157 0.30492
0.941 0.206 0.456849
0.941 0.255 0.638126
0.941 0.304 0.591697
0.941 0.353 0.277662
0.941 0.402 0.228108
0.941 0.451 0.571435
0.941 0.5 0.827283
0.941 0.549 0.684448
0.941 0.598 0.735121
0.941 0.647 0.984846
0.941 0.696 1.01062
0.941 0.745 1.10756
0.941 0.794 1.23153
0.941 0.843 1.46765
0.941 0.892 2.1093
0.941 0.941 3.89502
0.941 0.99 5.80684
0.99 0.01 1.58277
0.99 0.059 1.20245
0.99 0.108 0.584067
0.99 0.157 0.393103
0.99 0.206 0.58897
0.99 0.255 0.822673
0.99 0.304 0.762817
0.99 0.353 0.357962
0.99 0.402 0.294077
0.99 0.451 0.736694
0.99 0.5 1.06653
0.99 0.549 0.882391
0.99 0.598 0.947719
0.99 0.647 1.26966
0.99 0.696 1.30289
0.99 0.745 1.42787
0.99 0.794 1.58769
0.99 0.843 1.8921
0.99 0.892 2.71931
0.99 0.941 5.02146
0.99 0.99 7.48618
