0.01 0.01 1.42167
0.01 0.059 0.965167
0.01 0.108 0.525846
0.01 0.157 0.327754
0.01 0.206 0.301674
0.01 0.255 0.281929
0.01 0.304 0.225051
0.01 0.353 0.305065
0.01 0.402 0.360554
0.01 0.451 0.305118
0.01 0.5 0.306152
0.01 0.549 0.260176
0.01 0.598 0.125469
0.01 0.647 0.0977422
0.01 0.696 0.183872
0.01 0.745 0.267832
0.01 0.794 0.25294
0.01 0.843 0.230835
0.01 0.892 0.487217
0.01 0.941 1.11675
0.01 0.99 1.69561
0.059 0.01 1.84523
0.059 0.059 1.25272
0.059 0.108 0.682509
0.059 0.157 0.425401
0.059 0.206 0.39155
0.059 0.255 0.365924
0.059 0.304 0.2921
0.059 0.353 0.395951
0.059 0.402 0.467972
0.059 0.451 0.396021
0.059 0.5 0.397363
0.059 0.549 0.337689
0.059 0.598 0.162849
0.059 0.647 0.126862
0.059 0.696 0.238652
0.059 0.745 0.347626
0.059 0.794 0.328297
0.059 0.843 0.299607
0.059 0.892 0.632372
0.059 0.941 1.44946
0.059 0.99 2.20077
0.108 0.01 2.17974
0.108 0.059 1.47982
0.108 0.108 0.806238
0.108 0.157 0.50252
0.108 0.206 0.462533
0.108 0.255 0.43226
0.108 0.304 0.345053
0.108 0.353 0.467732
0.108 0.402 0.552808
0.108 0.451 0.467814
0.108 0.5 0.469399
0.108 0.549 0.398907
0.108 0.598 0.192372
0.108 0.647 0.14986
0.108 0.696 0.281916
0.108 0.745 0.410646
0.108 0.794 0.387813
0.108 0.843 0.353921
0.108 0.892 0.747012
0.108 0.941 1.71222
0.108 0.99 2.59974
0.157 0.01 2.05968
0.157 0.059 1.3983
0.157 0.108 0.761828
0.157 0.157 0.47484
0.157 0.206 0.437055
0.157 0.255 0.40845
0.157 0.304 0.326047
0.157 0.353 0.441967
0.157 0.402 0.522358
0.157 0.451 0.442045
0.157 0.5 0.443543
0.157 0.549 0.376934
0.157 0.598 0.181775
0.157 0.647 0.141606
0.157 0.696 0.266387
0.157 0.745 0.388026
0.157 0.794 0.366451
0.157 0.843 0.334426
0.157 0.892 0.705864
0.157 0.941 1.61791
0.157 0.99 2.45654
0.206 0.01 2.39765
0.206 0.059 1.62775
0.206 0.108 0.886839
0.206 0.157 0.552757
0.206 0.206 0.508773
0.206 0.255 0.475474
0.206 0.304 0.379549
0.206 0.353 0.514491
0.206 0.402 0.608073
0.206 0.451 0.514581
0.206 0.5 0.516325
0.206 0.549 0.438787
0.206 0.598 0.211603
0.206 0.647 0.164842
0.206 0.696 0.310099
0.206 0.745 0.451698
0.206 0.794 0.426583
0.206 0.843 0.389303
0.206 0.892 0.821692
0.206 0.941 1.88339
0.206 0.99 2.85964
0.255 0.01 2.60087
0.255 0.059 1.76572
0.255 0.108 0.962005
0.255 0.157 0.599608
0.255 0.206 0.551895
0.255 0.255 0.515774
0.255 0.304 0.411718
0.255 0.353 0.558098
0.255 0.402 0.659612
0.255 0.451 0.558196
0.255 0.5 0.560088
0.255 0.549 0.475977
0.255 0.598 0.229538
0.255 0.647 0.178814
0.255 0.696 0.336383
0.255 0.745 0.489983
0.255 0.794 0.462739
0.255 0.843 0.422299
0.255 0.892 0.891336
0.255 0.941 2.04303
0.255 0.99 3.10201
0.304 0.01 2.41309
0.304 0.059 1.63824
0.304 0.108 0.892549
0.304 0.157 0.556317
0.304 0.206 0.512049
0.304 0.255 0.478536
0.304 0.304 0.381993
0.304 0.353 0.517804
0.304 0.402 0.611989
0.304 0.451 0.517895
0.304 0.5 0.51965
0.304 0.549 0.441612
0.304 0.598 0.212966
0.304 0.647 0.165904
0.304 0.696 0.312096
0.304 0.745 0.454607
0.304 0.794 0.42933
0.304 0.843 0.39181
0.304 0.892 0.826983
0.304 0.941 1.89552
0.304 0.99 2.87805
0.353 0.01 2.37985
0.353 0.059 1.61567
0.353 0.108 0.880254
0.353 0.157 0.548653
0.353 0.206 0.504995
0.353 0.255 0.471944
0.353 0.304 0.37673
0.353 0.353 0.510671
0.353 0.402 0.603558
0.353 0.451 0.510761
0.353 0.5 0.512492
0.353 0.549 0.435529
0.353 0.598 0.210032
0.353 0.647 0.163618
0.353 0.696 0.307797
0.353 0.745 0.448345
0.353 0.794 0.423416
0.353 0.843 0.386412
0.353 0.892 0.815591
0.353 0.941 1.86941
0.353 0.99 2.83841
0.402 0.01 1.68903
0.402 0.059 1.14668
0.402 0.108 0.624736
0.402 0.157 0.389392
0.402 0.206 0.358406
0.402 0.255 0.334949
0.402 0.304 0.267374
0.402 0.353 0.362435
0.402 0.402 0.428359
0.402 0.451 0.362498
0.402 0.5 0.363727
0.402 0.549 0.309105
0.402 0.598 0.149065
0.402 0.647 0.116124
0.402 0.696 0.21845
0.402 0.745 0.3182
0.402 0.794 0.300508
0.402 0.843 0.274246
0.402 0.892 0.578843
0.402 0.941 1.32676
0.402 0.99 2.01448
0.451 0.01 1.16716
0.451 0.059 0.792377
0.451 0.108 0.431705
0.451 0.157 0.269077
0.451 0.206 0.247666
0.451 0.255 0.231457
0.451 0.304 0.184761
0.451 0.353 0.25045
0.451 0.402 0.296005
0.451 0.451 0.250494
0.451 0.5 0.251343
0.451 0.549 0.213597
0.451 0.598 0.103007
0.451 0.647 0.0802437
0.451 0.696 0.150954
0.451 0.745 0.219883
0.451 0.794 0.207657
0.451 0.843 0.189509
0.451 0.892 0.399992
0.451 0.941 0.91682
0.451 0.99 1.39205
0.5 0.01 1.66562
0.5 0.059 1.13078
0.5 0.108 0.616076
0.5 0.157 0.383994
0.5 0.206 0.353438
0.5 0.255 0.330306
0.5 0.304 0.263668
0.5 0.353 0.357411
0.5 0.402 0.422421
0.5 0.451 0.357473
0.5 0.5 0.358685
0.5 0.549 0.30482
0.5 0.598 0.146998
0.5 0.647 0.114514
0.5 0.696 0.215422
0.5 0.745 0.313789
0.5 0.794 0.296342
0.5 0.843 0.270444
0.5 0.892 0.570819
0.5 0.941 1.30837
0.5 0.99 1.98656
0.549 0.01 2.09963
0.549 0.059 1.42542
0.549 0.108 0.776605
0.549 0.157 0.48405
0.549 0.206 0.445532
0.549 0.255 0.416373
0.549 0.304 0.332371
0.549 0.353 0.45054
0.549 0.402 0.53249
0.549 0.451 0.450619
0.549 0.5 0.452146
0.549 0.549 0.384246
0.549 0.598 0.185301
0.549 0.647 0.144352
0.549 0.696 0.271554
0.549 0.745 0.395552
0.549 0.794 0.373559
0.549 0.843 0.340913
0.549 0.892 0.719556
0.549 0.941 1.64929
0.549 0.99 2.50419
0.598 0.01 1.75127
0.598 0.059 1.18893
0.598 0.108 0.647755
0.598 0.157 0.403739
0.598 0.206 0.371612
0.598 0.255 0.34729
0.598 0.304 0.277226
0.598 0.353 0.375789
0.598 0.402 0.444142
0.598 0.451 0.375855
0.598 0.5 0.377128
0.598 0.549 0.320494
0.598 0.598 0.154557
0.598 0.647 0.120402
0.598 0.696 0.226499
0.598 0.745 0.329924
0.598 0.794 0.31158
0.598 0.843 0.28435
0.598 0.892 0.600171
0.598 0.941 1.37565
0.598 0.99 2.0887
0.647 0.01 2.21439
0.647 0.059 1.50334
0.647 0.108 0.819054
0.647 0.157 0.510508
0.647 0.206 0.469885
0.647 0.255 0.439131
0.647 0.304 0.350538
0.647 0.353 0.475167
0.647 0.402 0.561596
0.647 0.451 0.47525
0.647 0.5 0.47686
0.647 0.549 0.405248
0.647 0.598 0.19543
0.647 0.647 0.152243
0.647 0.696 0.286397
0.647 0.745 0.417173
0.647 0.794 0.393978
0.647 0.843 0.359547
0.647 0.892 0.758886
0.647 0.941 1.73944
0.647 0.99 2.64106
0.696 0.01 4.71393
0.696 0.059 3.20026
0.696 0.108 1.74358
0.696 0.157 1.08675
0.696 0.206 1.00028
0.696 0.255 0.93481
0.696 0.304 0.746215
0.696 0.353 1.01152
0.696 0.402 1.19551
0.696 0.451 1.0117
0.696 0.5 1.01513
0.696 0.549 0.862681
0.696 0.598 0.416025
0.696 0.647 0.324089
0.696 0.696 0.609674
0.696 0.745 0.888066
0.696 0.794 0.838688
0.696 0.843 0.765393
0.696 0.892 1.6155
0.696 0.941 3.70287
0.696 0.99 5.62222
0.745 0.01 7.95342
0.745 0.059 5.39953
0.745 0.108 2.94179
0.745 0.157 1.83359
0.745 0.206 1.68768
0.745 0.255 1.57723
0.745 0.304 1.25903
0.745 0.353 1.70665
0.745 0.402 2.01708
0.745 0.451 1.70695
0.745 0.5 1.71274
0.745 0.549 1.45553
0.745 0.598 0.701923
0.745 0.647 0.546809
0.745 0.696 1.02865
0.745 0.745 1.49836
0.745 0.794 1.41505
0.745 0.843 1.29138
0.745 0.892 2.72569
0.745 0.941 6.24753
0.745 0.99 9.48589
0.794 0.01 8.83951
0.794 0.059 6.0011
0.794 0.108 3.26954
0.794 0.157 2.03787
0.794 0.206 1.87571
0.794 0.255 1.75295
0.794 0.304 1.3993
0.794 0.353 1.89679
0.794 0.402 2.24181
0.794 0.451 1.89713
0.794 0.5 1.90355
0.794 0.549 1.61769
0.794 0.598 0.780125
0.794 0.647 0.607729
0.794 0.696 1.14325
0.794 0.745 1.66529
0.794 0.794 1.5727
0.794 0.843 1.43526
0.794 0.892 3.02936
0.794 0.941 6.94357
0.794 0.99 10.5427
0.843 0.01 5.90788
0.843 0.059 4.01083
0.843 0.108 2.18519
0.843 0.157 1.36201
0.843 0.206 1.25363
0.843 0.255 1.17158
0.843 0.304 0.935218
0.843 0.353 1.26772
0.843 0.402 1.49831
0.843 0.451 1.26794
0.843 0.5 1.27224
0.843 0.549 1.08118
0.843 0.598 0.521396
0.843 0.647 0.406175
0.843 0.696 0.764093
0.843 0.745 1.113
0.843 0.794 1.05111
0.843 0.843 0.959252
0.843 0.892 2.02467
0.843 0.941 4.64073
0.843 0.99 7.04622
0.892 0.01 3.16453
0.892 0.059 2.14838
0.892 0.108 1.17049
0.892 0.157 0.729553
0.892 0.206 0.6715
0.892 0.255 0.627551
0.892 0.304 0.500945
0.892 0.353 0.679048
0.892 0.402 0.802562
0.892 0.451 0.679167
0.892 0.5 0.681469
0.892 0.549 0.57913
0.892 0.598 0.279283
0.892 0.647 0.217566
0.892 0.696 0.409283
0.892 0.745 0.596171
0.892 0.794 0.563023
0.892 0.843 0.513819
0.892 0.892 1.0845
0.892 0.941 2.48579
0.892 0.99 3.77427
0.941 0.01 3.61561
0.941 0.059 2.45462
0.941 0.108 1.33733
0.941 0.157 0.833546
0.941 0.206 0.767218
0.941 0.255 0.717004
0.941 0.304 0.572351
0.941 0.353 0.775842
0.941 0.402 0.916962
0.941 0.451 0.775978
0.941 0.5 0.778608
0.941 0.549 0.661681
0.941 0.598 0.319093
0.941 0.647 0.248578
0.941 0.696 0.467623
0.941 0.745 0.681152
0.941 0.794 0.643278
0.941 0.843 0.58706
0.941 0.892 1.23909
0.941 0.941 2.84012
0.941 0.99 4.31227
0.99 0.01 4.95433
0.99 0.059 3.36347
0.99 0.108 1.8325
0.99 0.157 1.14218
0.99 0.206 1.05129
0.99 0.255 0.982483
0.99 0.304 0.78427
0.99 0.353 1.06311
0.99 0.402 1.25648
0.99 0.451 1.06329
0.99 0.5 1.0669
0.99 0.549 0.906675
0.99 0.598 0.437241
0.99 0.647 0.340617
0.99 0.696 0.640766
0.99 0.745 0.933355
0.99 0.794 0.881459
0.99 0.843 0.804426
0.99 0.892 1.69788
0.99 0.941 3.8917
0.99 0.99 5.90894
