0.01 0.01 1.79661e-84
0.01 0.059 2.96683e-76
0.01 0.108 1.87563e-68
0.01 0.157 4.53874e-61
0.01 0.206 4.20393e-54
0.01 0.255 1.49042e-47
0.01 0.304 2.02253e-41
0.01 0.353 1.05054e-35
0.01 0.402 2.08865e-30
0.01 0.451 1.58946e-25
0.01 0.5 4.62985e-21
0.01 0.549 5.162e-17
0.01 0.598 2.20293e-13
0.01 0.647 3.59847e-10
0.01 0.696 2.24993e-07
0.01 0.745 5.38457e-05
0.01 0.794 0.0049325
0.01 0.843 0.172948
0.01 0.892 2.32113
0.01 0.941 11.9238
0.01 0.99 23.4458
0.059 0.01 1.51396e-84
0.059 0.059 2.50008e-76
0.059 0.108 1.58055e-68
0.059 0.157 3.82469e-61
0.059 0.206 3.54255e-54
0.059 0.255 1.25594e-47
0.059 0.304 1.70434e-41
0.059 0.353 8.85267e-36
0.059 0.402 1.76005e-30
0.059 0.451 1.3394e-25
0.059 0.5 3.90147e-21
0.059 0.549 4.34989e-17
0.059 0.598 1.85636e-13
0.059 0.647 3.03235e-10
0.059 0.696 1.89596e-07
0.059 0.745 4.53745e-05
0.059 0.794 0.0041565
0.059 0.843 0.14574
0.059 0.892 1.95596
0.059 0.941 10.0479
0.059 0.99 19.7572
0.108 0.01 1.18421e-84
0.108 0.059 1.95554e-76
0.108 0.108 1.23629e-68
0.108 0.157 2.99164e-61
0.108 0.206 2.77095e-54
0.108 0.255 9.82387e-48
0.108 0.304 1.33312e-41
0.108 0.353 6.92448e-36
0.108 0.402 1.3767e-30
0.108 0.451 1.04767e-25
0.108 0.5 3.05169e-21
0.108 0.549 3.40245e-17
0.108 0.598 1.45203e-13
0.108 0.647 2.37188e-10
0.108 0.696 1.483e-07
0.108 0.745 3.54915e-05
0.108 0.794 0.00325118
0.108 0.843 0.113996
0.108 0.892 1.52993
0.108 0.941 7.85939
0.108 0.99 15.4539
0.157 0.01 8.04244e-85
0.157 0.059 1.32808e-76
0.157 0.108 8.39616e-69
0.157 0.157 2.03174e-61
0.157 0.206 1.88187e-54
0.157 0.255 6.67178e-48
0.157 0.304 9.05374e-42
0.157 0.353 4.70269e-36
0.157 0.402 9.34971e-31
0.157 0.451 7.11513e-26
0.157 0.5 2.07253e-21
0.157 0.549 2.31074e-17
0.157 0.598 9.86131e-14
0.157 0.647 1.61084e-10
0.157 0.696 1.00717e-07
0.157 0.745 2.41037e-05
0.157 0.794 0.00220801
0.157 0.843 0.0774194
0.157 0.892 1.03904
0.157 0.941 5.33763
0.157 0.99 10.4954
0.206 0.01 6.58758e-85
0.206 0.059 1.08784e-76
0.206 0.108 6.87731e-69
0.206 0.157 1.6642e-61
0.206 0.206 1.54144e-54
0.206 0.255 5.46487e-48
0.206 0.304 7.41594e-42
0.206 0.353 3.85199e-36
0.206 0.402 7.65837e-31
0.206 0.451 5.82802e-26
0.206 0.5 1.69761e-21
0.206 0.549 1.89273e-17
0.206 0.598 8.07742e-14
0.206 0.647 1.31944e-10
0.206 0.696 8.24972e-08
0.206 0.745 1.97434e-05
0.206 0.794 0.00180858
0.206 0.843 0.0634144
0.206 0.892 0.85108
0.206 0.941 4.37206
0.206 0.99 8.59677
0.255 0.01 8.01682e-85
0.255 0.059 1.32385e-76
0.255 0.108 8.36941e-69
0.255 0.157 2.02527e-61
0.255 0.206 1.87587e-54
0.255 0.255 6.65053e-48
0.255 0.304 9.0249e-42
0.255 0.353 4.68771e-36
0.255 0.402 9.31993e-31
0.255 0.451 7.09247e-26
0.255 0.5 2.06593e-21
0.255 0.549 2.30338e-17
0.255 0.598 9.8299e-14
0.255 0.647 1.60571e-10
0.255 0.696 1.00396e-07
0.255 0.745 2.4027e-05
0.255 0.794 0.00220097
0.255 0.843 0.0771728
0.255 0.892 1.03573
0.255 0.941 5.32063
0.255 0.99 10.4619
0.304 0.01 7.82753e-85
0.304 0.059 1.29259e-76
0.304 0.108 8.17179e-69
0.304 0.157 1.97745e-61
0.304 0.206 1.83158e-54
0.304 0.255 6.4935e-48
0.304 0.304 8.8118e-42
0.304 0.353 4.57703e-36
0.304 0.402 9.09987e-31
0.304 0.451 6.925e-26
0.304 0.5 2.01715e-21
0.304 0.549 2.24899e-17
0.304 0.598 9.5978e-14
0.304 0.647 1.56779e-10
0.304 0.696 9.80253e-08
0.304 0.745 2.34596e-05
0.304 0.794 0.002149
0.304 0.843 0.0753506
0.304 0.892 1.01128
0.304 0.941 5.19499
0.304 0.99 10.2149
0.353 0.01 7.24007e-85
0.353 0.059 1.19558e-76
0.353 0.108 7.5585e-69
0.353 0.157 1.82904e-61
0.353 0.206 1.69412e-54
0.353 0.255 6.00616e-48
0.353 0.304 8.15047e-42
0.353 0.353 4.23352e-36
0.353 0.402 8.41692e-31
0.353 0.451 6.40527e-26
0.353 0.5 1.86576e-21
0.353 0.549 2.0802e-17
0.353 0.598 8.87748e-14
0.353 0.647 1.45013e-10
0.353 0.696 9.06684e-08
0.353 0.745 2.1699e-05
0.353 0.794 0.00198772
0.353 0.843 0.0696955
0.353 0.892 0.935378
0.353 0.941 4.80511
0.353 0.99 9.44827
0.402 0.01 8.33546e-85
0.402 0.059 1.37647e-76
0.402 0.108 8.70207e-69
0.402 0.157 2.10577e-61
0.402 0.206 1.95043e-54
0.402 0.255 6.91487e-48
0.402 0.304 9.38361e-42
0.402 0.353 4.87404e-36
0.402 0.402 9.69037e-31
0.402 0.451 7.37437e-26
0.402 0.5 2.14804e-21
0.402 0.549 2.39493e-17
0.402 0.598 1.02206e-13
0.402 0.647 1.66953e-10
0.402 0.696 1.04386e-07
0.402 0.745 2.49819e-05
0.402 0.794 0.00228846
0.402 0.843 0.0802402
0.402 0.892 1.0769
0.402 0.941 5.5321
0.402 0.99 10.8778
0.451 0.01 6.64658e-85
0.451 0.059 1.09758e-76
0.451 0.108 6.93891e-69
0.451 0.157 1.67911e-61
0.451 0.206 1.55525e-54
0.451 0.255 5.51382e-48
0.451 0.304 7.48236e-42
0.451 0.353 3.88649e-36
0.451 0.402 7.72696e-31
0.451 0.451 5.88022e-26
0.451 0.5 1.71282e-21
0.451 0.549 1.90968e-17
0.451 0.598 8.14977e-14
0.451 0.647 1.33126e-10
0.451 0.696 8.32361e-08
0.451 0.745 1.99203e-05
0.451 0.794 0.00182478
0.451 0.843 0.0639824
0.451 0.892 0.858703
0.451 0.941 4.41122
0.451 0.99 8.67377
0.5 0.01 3.68755e-85
0.5 0.059 6.08941e-77
0.5 0.108 3.84973e-69
0.5 0.157 9.31576e-62
0.5 0.206 8.62857e-55
0.5 0.255 3.05909e-48
0.5 0.304 4.15124e-42
0.5 0.353 2.15624e-36
0.5 0.402 4.28695e-31
0.5 0.451 3.26237e-26
0.5 0.5 9.50277e-22
0.5 0.549 1.0595e-17
0.5 0.598 4.52152e-14
0.5 0.647 7.38586e-11
0.5 0.696 4.61797e-08
0.5 0.745 1.10518e-05
0.5 0.794 0.0010124
0.5 0.843 0.0354977
0.5 0.892 0.476412
0.5 0.941 2.44736
0.5 0.99 4.81224
0.549 0.01 4.84272e-85
0.549 0.059 7.997e-77
0.549 0.108 5.05571e-69
0.549 0.157 1.2234e-61
0.549 0.206 1.13316e-54
0.549 0.255 4.01739e-48
0.549 0.304 5.45167e-42
0.549 0.353 2.83171e-36
0.549 0.402 5.62989e-31
0.549 0.451 4.28435e-26
0.549 0.5 1.24796e-21
0.549 0.549 1.3914e-17
0.549 0.598 5.93795e-14
0.549 0.647 9.69958e-11
0.549 0.696 6.06461e-08
0.549 0.745 1.4514e-05
0.549 0.794 0.00132954
0.549 0.843 0.0466178
0.549 0.892 0.625654
0.549 0.941 3.21403
0.549 0.99 6.31974
0.598 0.01 8.17846e-85
0.598 0.059 1.35055e-76
0.598 0.108 8.53816e-69
0.598 0.157 2.0661e-61
0.598 0.206 1.91369e-54
0.598 0.255 6.78462e-48
0.598 0.304 9.20686e-42
0.598 0.353 4.78223e-36
0.598 0.402 9.50785e-31
0.598 0.451 7.23547e-26
0.598 0.5 2.10758e-21
0.598 0.549 2.34982e-17
0.598 0.598 1.00281e-13
0.598 0.647 1.63808e-10
0.598 0.696 1.0242e-07
0.598 0.745 2.45114e-05
0.598 0.794 0.00224535
0.598 0.843 0.0787288
0.598 0.892 1.05661
0.598 0.941 5.4279
0.598 0.99 10.6729
0.647 0.01 1.0148e-84
0.647 0.059 1.67579e-76
0.647 0.108 1.05943e-68
0.647 0.157 2.56367e-61
0.647 0.206 2.37456e-54
0.647 0.255 8.41852e-48
0.647 0.304 1.14241e-41
0.647 0.353 5.9339e-36
0.647 0.402 1.17976e-30
0.647 0.451 8.97794e-26
0.647 0.5 2.61513e-21
0.647 0.549 2.91571e-17
0.647 0.598 1.24431e-13
0.647 0.647 2.03257e-10
0.647 0.696 1.27085e-07
0.647 0.745 3.04143e-05
0.647 0.794 0.00278608
0.647 0.843 0.0976885
0.647 0.892 1.31107
0.647 0.941 6.73507
0.647 0.99 13.2431
0.696 0.01 1.18386e-84
0.696 0.059 1.95496e-76
0.696 0.108 1.23593e-68
0.696 0.157 2.99076e-61
0.696 0.206 2.77014e-54
0.696 0.255 9.82098e-48
0.696 0.304 1.33273e-41
0.696 0.353 6.92245e-36
0.696 0.402 1.37629e-30
0.696 0.451 1.04736e-25
0.696 0.5 3.0508e-21
0.696 0.549 3.40145e-17
0.696 0.598 1.4516e-13
0.696 0.647 2.37118e-10
0.696 0.696 1.48257e-07
0.696 0.745 3.54811e-05
0.696 0.794 0.00325022
0.696 0.843 0.113963
0.696 0.892 1.52949
0.696 0.941 7.85708
0.696 0.99 15.4494
0.745 0.01 1.37478e-84
0.745 0.059 2.27023e-76
0.745 0.108 1.43524e-68
0.745 0.157 3.47307e-61
0.745 0.206 3.21687e-54
0.745 0.255 1.14048e-47
0.745 0.304 1.54765e-41
0.745 0.353 8.03881e-36
0.745 0.402 1.59825e-30
0.745 0.451 1.21626e-25
0.745 0.5 3.54279e-21
0.745 0.549 3.94999e-17
0.745 0.598 1.6857e-13
0.745 0.647 2.75357e-10
0.745 0.696 1.72166e-07
0.745 0.745 4.12031e-05
0.745 0.794 0.00377438
0.745 0.843 0.132341
0.745 0.892 1.77614
0.745 0.941 9.12417
0.745 0.99 17.9408
0.794 0.01 1.45004e-84
0.794 0.059 2.39451e-76
0.794 0.108 1.51381e-68
0.794 0.157 3.66319e-61
0.794 0.206 3.39297e-54
0.794 0.255 1.20291e-47
0.794 0.304 1.63237e-41
0.794 0.353 8.47886e-36
0.794 0.402 1.68573e-30
0.794 0.451 1.28284e-25
0.794 0.5 3.73673e-21
0.794 0.549 4.16622e-17
0.794 0.598 1.77797e-13
0.794 0.647 2.9043e-10
0.794 0.696 1.8159e-07
0.794 0.745 4.34585e-05
0.794 0.794 0.00398099
0.794 0.843 0.139586
0.794 0.892 1.87337
0.794 0.941 9.62363
0.794 0.99 18.9229
0.843 0.01 1.41272e-84
0.843 0.059 2.33289e-76
0.843 0.108 1.47485e-68
0.843 0.157 3.56892e-61
0.843 0.206 3.30565e-54
0.843 0.255 1.17195e-47
0.843 0.304 1.59036e-41
0.843 0.353 8.26067e-36
0.843 0.402 1.64235e-30
0.843 0.451 1.24983e-25
0.843 0.5 3.64057e-21
0.843 0.549 4.059e-17
0.843 0.598 1.73222e-13
0.843 0.647 2.82957e-10
0.843 0.696 1.76917e-07
0.843 0.745 4.23402e-05
0.843 0.794 0.00387855
0.843 0.843 0.135994
0.843 0.892 1.82516
0.843 0.941 9.37598
0.843 0.99 18.436
0.892 0.01 1.55785e-84
0.892 0.059 2.57255e-76
0.892 0.108 1.62637e-68
0.892 0.157 3.93556e-61
0.892 0.206 3.64525e-54
0.892 0.255 1.29235e-47
0.892 0.304 1.75374e-41
0.892 0.353 9.10929e-36
0.892 0.402 1.81107e-30
0.892 0.451 1.37823e-25
0.892 0.5 4.01456e-21
0.892 0.549 4.47599e-17
0.892 0.598 1.91017e-13
0.892 0.647 3.12025e-10
0.892 0.696 1.95092e-07
0.892 0.745 4.66898e-05
0.892 0.794 0.00427699
0.892 0.843 0.149964
0.892 0.892 2.01266
0.892 0.941 10.3392
0.892 0.99 20.3299
0.941 0.01 2.68609e-84
0.941 0.059 4.43566e-76
0.941 0.108 2.80423e-68
0.941 0.157 6.78581e-61
0.941 0.206 6.28524e-54
0.941 0.255 2.22831e-47
0.941 0.304 3.02386e-41
0.941 0.353 1.57065e-35
0.941 0.402 3.12271e-30
0.941 0.451 2.37638e-25
0.941 0.5 6.92203e-21
0.941 0.549 7.71763e-17
0.941 0.598 3.29358e-13
0.941 0.647 5.38003e-10
0.941 0.696 3.36383e-07
0.941 0.745 8.0504e-05
0.941 0.794 0.00737452
0.941 0.843 0.258573
0.941 0.892 3.47029
0.941 0.941 17.8271
0.941 0.99 35.0534
0.99 0.01 4.16018e-84
0.99 0.059 6.86988e-76
0.99 0.108 4.34315e-68
0.99 0.157 1.05097e-60
0.99 0.206 9.73448e-54
0.99 0.255 3.45117e-47
0.99 0.304 4.6833e-41
0.99 0.353 2.4326e-35
0.99 0.402 4.8364e-30
0.99 0.451 3.6805e-25
0.99 0.5 1.07207e-20
0.99 0.549 1.19529e-16
0.99 0.598 5.10104e-13
0.99 0.647 8.3325e-10
0.99 0.696 5.20985e-07
0.99 0.745 0.000124683
0.99 0.794 0.0114215
0.99 0.843 0.400473
0.99 0.892 5.37473
0.99 0.941 27.6104
0.99 0.99 54.2902
