0.01 0.01 1.1548e-91
0.01 0.059 1.90376e-83
0.01 0.108 1.20165e-75
0.01 0.157 2.90342e-68
0.01 0.206 2.68541e-61
0.01 0.255 9.50781e-55
0.01 0.304 1.2886e-48
0.01 0.353 6.68537e-43
0.01 0.402 1.32771e-37
0.01 0.451 1.00936e-32
0.01 0.5 2.9374e-28
0.01 0.549 3.27227e-24
0.01 0.598 1.39542e-20
0.01 0.647 2.27789e-17
0.01 0.696 1.42341e-14
0.01 0.745 3.40484e-12
0.01 0.794 3.1177e-10
0.01 0.843 1.09281e-08
0.01 0.892 1.4663e-07
0.01 0.941 7.5314e-07
0.01 0.99 1.48081e-06
0.059 0.01 1.36627e-89
0.059 0.059 2.25238e-81
0.059 0.108 1.4217e-73
0.059 0.157 3.4351e-66
0.059 0.206 3.17717e-59
0.059 0.255 1.12489e-52
0.059 0.304 1.52457e-46
0.059 0.353 7.90961e-41
0.059 0.402 1.57084e-35
0.059 0.451 1.1942e-30
0.059 0.5 3.47531e-26
0.059 0.549 3.8715e-22
0.059 0.598 1.65095e-18
0.059 0.647 2.69502e-15
0.059 0.696 1.68406e-12
0.059 0.745 4.02834e-10
0.059 0.794 3.68862e-08
0.059 0.843 1.29293e-06
0.059 0.892 1.73482e-05
0.059 0.941 8.91056e-05
0.059 0.99 0.000175197
0.108 0.01 6.82945e-88
0.108 0.059 1.12588e-79
0.108 0.108 7.10652e-72
0.108 0.157 1.71708e-64
0.108 0.206 1.58815e-57
0.108 0.255 5.6229e-51
0.108 0.304 7.62076e-45
0.108 0.353 3.95372e-39
0.108 0.402 7.85203e-34
0.108 0.451 5.96936e-29
0.108 0.5 1.73718e-24
0.108 0.549 1.93522e-20
0.108 0.598 8.2525e-17
0.108 0.647 1.34714e-13
0.108 0.696 8.41799e-11
0.108 0.745 2.01361e-08
0.108 0.794 1.8438e-06
0.108 0.843 6.46285e-05
0.108 0.892 0.00086717
0.108 0.941 0.00445405
0.108 0.99 0.00875745
0.157 0.01 1.30664e-86
0.157 0.059 2.15409e-78
0.157 0.108 1.35966e-70
0.157 0.157 3.2852e-63
0.157 0.206 3.03852e-56
0.157 0.255 1.0758e-49
0.157 0.304 1.45804e-43
0.157 0.353 7.56445e-38
0.157 0.402 1.50229e-32
0.157 0.451 1.14209e-27
0.157 0.5 3.32365e-23
0.157 0.549 3.70255e-19
0.157 0.598 1.57891e-15
0.157 0.647 2.57741e-12
0.157 0.696 1.61057e-09
0.157 0.745 3.85254e-07
0.157 0.794 3.52765e-05
0.157 0.843 0.0012365
0.157 0.892 0.0165911
0.157 0.941 0.0852171
0.157 0.99 0.167552
0.206 0.01 9.57375e-86
0.206 0.059 1.5783e-77
0.206 0.108 9.96217e-70
0.206 0.157 2.40706e-62
0.206 0.206 2.22632e-55
0.206 0.255 7.88237e-49
0.206 0.304 1.0683e-42
0.206 0.353 5.54246e-37
0.206 0.402 1.10072e-31
0.206 0.451 8.36806e-27
0.206 0.5 2.43523e-22
0.206 0.549 2.71285e-18
0.206 0.598 1.15686e-14
0.206 0.647 1.88846e-11
0.206 0.696 1.18006e-08
0.206 0.745 2.82275e-06
0.206 0.794 0.000258471
0.206 0.843 0.00905984
0.206 0.892 0.121563
0.206 0.941 0.624384
0.206 0.99 1.22765
0.255 0.01 2.70764e-85
0.255 0.059 4.46373e-77
0.255 0.108 2.8175e-69
0.255 0.157 6.80763e-62
0.255 0.206 6.29647e-55
0.255 0.255 2.22929e-48
0.255 0.304 3.02137e-42
0.255 0.353 1.56751e-36
0.255 0.402 3.11306e-31
0.255 0.451 2.36665e-26
0.255 0.5 6.88731e-22
0.255 0.549 7.67247e-18
0.255 0.598 3.27183e-14
0.255 0.647 5.34094e-11
0.255 0.696 3.33745e-08
0.255 0.745 7.98329e-06
0.255 0.794 0.000731005
0.255 0.843 0.025623
0.255 0.892 0.343803
0.255 0.941 1.76588
0.255 0.99 3.47203
0.304 0.01 3.29466e-85
0.304 0.059 5.43146e-77
0.304 0.108 3.42832e-69
0.304 0.157 8.28351e-62
0.304 0.206 7.66153e-55
0.304 0.255 2.71259e-48
0.304 0.304 3.6764e-42
0.304 0.353 1.90735e-36
0.304 0.402 3.78797e-31
0.304 0.451 2.87973e-26
0.304 0.5 8.38046e-22
0.304 0.549 9.33585e-18
0.304 0.598 3.98116e-14
0.304 0.647 6.49884e-11
0.304 0.696 4.061e-08
0.304 0.745 9.71406e-06
0.304 0.794 0.000889486
0.304 0.843 0.031178
0.304 0.892 0.418339
0.304 0.941 2.14872
0.304 0.99 4.22476
0.353 0.01 3.77803e-85
0.353 0.059 6.22834e-77
0.353 0.108 3.93131e-69
0.353 0.157 9.49883e-62
0.353 0.206 8.78559e-55
0.353 0.255 3.11057e-48
0.353 0.304 4.21579e-42
0.353 0.353 2.18719e-36
0.353 0.402 4.34372e-31
0.353 0.451 3.30223e-26
0.353 0.5 9.61001e-22
0.353 0.549 1.07056e-17
0.353 0.598 4.56526e-14
0.353 0.647 7.45232e-11
0.353 0.696 4.65681e-08
0.353 0.745 1.11393e-05
0.353 0.794 0.00101999
0.353 0.843 0.0357523
0.353 0.892 0.479716
0.353 0.941 2.46397
0.353 0.99 4.8446
0.402 0.01 6.96577e-85
0.402 0.059 1.14835e-76
0.402 0.108 7.24837e-69
0.402 0.157 1.75135e-61
0.402 0.206 1.61985e-54
0.402 0.255 5.73514e-48
0.402 0.304 7.77288e-42
0.402 0.353 4.03264e-36
0.402 0.402 8.00876e-31
0.402 0.451 6.08851e-26
0.402 0.5 1.77185e-21
0.402 0.549 1.97384e-17
0.402 0.598 8.41722e-14
0.402 0.647 1.37403e-10
0.402 0.696 8.58602e-08
0.402 0.745 2.05381e-05
0.402 0.794 0.00188061
0.402 0.843 0.0659185
0.402 0.892 0.884479
0.402 0.941 4.54296
0.402 0.99 8.93226
0.451 0.01 9.87174e-85
0.451 0.059 1.62742e-76
0.451 0.108 1.02722e-68
0.451 0.157 2.48198e-61
0.451 0.206 2.29562e-54
0.451 0.255 8.12772e-48
0.451 0.304 1.10156e-41
0.451 0.353 5.71497e-36
0.451 0.402 1.13499e-30
0.451 0.451 8.62852e-26
0.451 0.5 2.51103e-21
0.451 0.549 2.79729e-17
0.451 0.598 1.19287e-13
0.451 0.647 1.94724e-10
0.451 0.696 1.21679e-07
0.451 0.745 2.91061e-05
0.451 0.794 0.00266516
0.451 0.843 0.0934183
0.451 0.892 1.25347
0.451 0.941 6.43819
0.451 0.99 12.6586
0.5 0.01 1.1556e-84
0.5 0.059 1.90509e-76
0.5 0.108 1.20249e-68
0.5 0.157 2.90545e-61
0.5 0.206 2.68729e-54
0.5 0.255 9.51444e-48
0.5 0.304 1.2895e-41
0.5 0.353 6.69004e-36
0.5 0.402 1.32863e-30
0.5 0.451 1.01007e-25
0.5 0.5 2.93945e-21
0.5 0.549 3.27456e-17
0.5 0.598 1.3964e-13
0.5 0.647 2.27947e-10
0.5 0.696 1.4244e-07
0.5 0.745 3.40721e-05
0.5 0.794 0.00311988
0.5 0.843 0.109357
0.5 0.892 1.46733
0.5 0.941 7.53665
0.5 0.99 14.8184
0.549 0.01 1.06898e-84
0.549 0.059 1.76228e-76
0.549 0.108 1.11235e-68
0.549 0.157 2.68765e-61
0.549 0.206 2.48584e-54
0.549 0.255 8.80122e-48
0.549 0.304 1.19284e-41
0.549 0.353 6.18854e-36
0.549 0.402 1.22904e-30
0.549 0.451 9.34352e-26
0.549 0.5 2.71911e-21
0.549 0.549 3.02909e-17
0.549 0.598 1.29172e-13
0.549 0.647 2.1086e-10
0.549 0.696 1.31762e-07
0.549 0.745 3.1518e-05
0.549 0.794 0.002886
0.549 0.843 0.101159
0.549 0.892 1.35733
0.549 0.941 6.97169
0.549 0.99 13.7076
0.598 0.01 9.81328e-85
0.598 0.059 1.61779e-76
0.598 0.108 1.02114e-68
0.598 0.157 2.46728e-61
0.598 0.206 2.28202e-54
0.598 0.255 8.07959e-48
0.598 0.304 1.09503e-41
0.598 0.353 5.68113e-36
0.598 0.402 1.12826e-30
0.598 0.451 8.57742e-26
0.598 0.5 2.49616e-21
0.598 0.549 2.78073e-17
0.598 0.598 1.18581e-13
0.598 0.647 1.93571e-10
0.598 0.696 1.20959e-07
0.598 0.745 2.89338e-05
0.598 0.794 0.00264937
0.598 0.843 0.0928651
0.598 0.892 1.24604
0.598 0.941 6.40006
0.598 0.99 12.5836
0.647 0.01 9.35419e-85
0.647 0.059 1.5421e-76
0.647 0.108 9.7337e-69
0.647 0.157 2.35186e-61
0.647 0.206 2.17526e-54
0.647 0.255 7.7016e-48
0.647 0.304 1.0438e-41
0.647 0.353 5.41535e-36
0.647 0.402 1.07548e-30
0.647 0.451 8.17614e-26
0.647 0.5 2.37938e-21
0.647 0.549 2.65064e-17
0.647 0.598 1.13033e-13
0.647 0.647 1.84515e-10
0.647 0.696 1.153e-07
0.647 0.745 2.75802e-05
0.647 0.794 0.00252543
0.647 0.843 0.0885206
0.647 0.892 1.18775
0.647 0.941 6.10065
0.647 0.99 11.995
0.696 0.01 8.67359e-85
0.696 0.059 1.4299e-76
0.696 0.108 9.02548e-69
0.696 0.157 2.18074e-61
0.696 0.206 2.01699e-54
0.696 0.255 7.14124e-48
0.696 0.304 9.67858e-42
0.696 0.353 5.02133e-36
0.696 0.402 9.97229e-31
0.696 0.451 7.58125e-26
0.696 0.5 2.20626e-21
0.696 0.549 2.45778e-17
0.696 0.598 1.04809e-13
0.696 0.647 1.7109e-10
0.696 0.696 1.06911e-07
0.696 0.745 2.55734e-05
0.696 0.794 0.00234168
0.696 0.843 0.0820799
0.696 0.892 1.10133
0.696 0.941 5.65677
0.696 0.99 11.1222
0.745 0.01 1.08112e-84
0.745 0.059 1.78229e-76
0.745 0.108 1.12498e-68
0.745 0.157 2.71817e-61
0.745 0.206 2.51407e-54
0.745 0.255 8.90118e-48
0.745 0.304 1.20638e-41
0.745 0.353 6.25882e-36
0.745 0.402 1.24299e-30
0.745 0.451 9.44963e-26
0.745 0.5 2.74999e-21
0.745 0.549 3.06349e-17
0.745 0.598 1.30639e-13
0.745 0.647 2.13255e-10
0.745 0.696 1.33259e-07
0.745 0.745 3.1876e-05
0.745 0.794 0.00291878
0.745 0.843 0.102308
0.745 0.892 1.37275
0.745 0.941 7.05087
0.745 0.99 13.8632
0.794 0.01 1.43778e-84
0.794 0.059 2.37028e-76
0.794 0.108 1.49612e-68
0.794 0.157 3.61492e-61
0.794 0.206 3.34348e-54
0.794 0.255 1.18377e-47
0.794 0.304 1.60438e-41
0.794 0.353 8.32365e-36
0.794 0.402 1.65307e-30
0.794 0.451 1.25671e-25
0.794 0.5 3.65723e-21
0.794 0.549 4.07416e-17
0.794 0.598 1.73738e-13
0.794 0.647 2.83609e-10
0.794 0.696 1.77222e-07
0.794 0.745 4.2392e-05
0.794 0.794 0.00388171
0.794 0.843 0.136061
0.794 0.892 1.82563
0.794 0.941 9.377
0.794 0.99 18.4368
0.843 0.01 2.13958e-84
0.843 0.059 3.52724e-76
0.843 0.108 2.22638e-68
0.843 0.157 5.37939e-61
0.843 0.206 4.97547e-54
0.843 0.255 1.76158e-47
0.843 0.304 2.38749e-41
0.843 0.353 1.23865e-35
0.843 0.402 2.45994e-30
0.843 0.451 1.87013e-25
0.843 0.5 5.44235e-21
0.843 0.549 6.06279e-17
0.843 0.598 2.5854e-13
0.843 0.647 4.22041e-10
0.843 0.696 2.63725e-07
0.843 0.745 6.3084e-05
0.843 0.794 0.0057764
0.843 0.843 0.202473
0.843 0.892 2.71673
0.843 0.941 13.954
0.843 0.99 27.436
0.892 0.01 3.0768e-84
0.892 0.059 5.07231e-76
0.892 0.108 3.20163e-68
0.892 0.157 7.73577e-61
0.892 0.206 7.15492e-54
0.892 0.255 2.53323e-47
0.892 0.304 3.4333e-41
0.892 0.353 1.78123e-35
0.892 0.402 3.53749e-30
0.892 0.451 2.68931e-25
0.892 0.5 7.82632e-21
0.892 0.549 8.71853e-17
0.892 0.598 3.71791e-13
0.892 0.647 6.06912e-10
0.892 0.696 3.79247e-07
0.892 0.745 9.07172e-05
0.892 0.794 0.00830669
0.892 0.843 0.291164
0.892 0.892 3.90677
0.892 0.941 20.0664
0.892 0.99 39.454
0.941 0.01 4.76711e-84
0.941 0.059 7.8589e-76
0.941 0.108 4.96052e-68
0.941 0.157 1.19856e-60
0.941 0.206 1.10856e-53
0.941 0.255 3.92491e-47
0.941 0.304 5.31947e-41
0.941 0.353 2.75979e-35
0.941 0.402 5.4809e-30
0.941 0.451 4.16675e-25
0.941 0.5 1.21259e-20
0.941 0.549 1.35082e-16
0.941 0.598 5.76043e-13
0.941 0.647 9.40332e-10
0.941 0.696 5.87595e-07
0.941 0.745 0.000140555
0.941 0.794 0.0128702
0.941 0.843 0.451121
0.941 0.892 6.05304
0.941 0.941 31.0903
0.941 0.99 61.129
0.99 0.01 6.62444e-84
0.99 0.059 1.09208e-75
0.99 0.108 6.8932e-68
0.99 0.157 1.66554e-60
0.99 0.206 1.54048e-53
0.99 0.255 5.45411e-47
0.99 0.304 7.392e-41
0.99 0.353 3.83503e-35
0.99 0.402 7.61633e-30
0.99 0.451 5.79017e-25
0.99 0.5 1.68503e-20
0.99 0.549 1.87712e-16
0.99 0.598 8.00477e-13
0.99 0.647 1.3067e-09
0.99 0.696 8.1653e-07
0.99 0.745 0.000195317
0.99 0.794 0.0178846
0.99 0.843 0.626884
0.99 0.892 8.41139
0.99 0.941 43.2035
0.99 0.99 84.9457
