0.01 0.01 1.97315e-84
0.01 0.059 3.25835e-76
0.01 0.108 2.05993e-68
0.01 0.157 4.98472e-61
0.01 0.206 4.61701e-54
0.01 0.255 1.63687e-47
0.01 0.304 2.22126e-41
0.01 0.353 1.15377e-35
0.01 0.402 2.29388e-30
0.01 0.451 1.74564e-25
0.01 0.5 5.08478e-21
0.01 0.549 5.66922e-17
0.01 0.598 2.41939e-13
0.01 0.647 3.95206e-10
0.01 0.696 2.471e-07
0.01 0.745 5.91366e-05
0.01 0.794 0.00541717
0.01 0.843 0.189942
0.01 0.892 2.5492
0.01 0.941 13.0954
0.01 0.99 25.7495
0.059 0.01 1.20974e-84
0.059 0.059 1.9977e-76
0.059 0.108 1.26295e-68
0.059 0.157 3.05614e-61
0.059 0.206 2.8307e-54
0.059 0.255 1.00357e-47
0.059 0.304 1.36186e-41
0.059 0.353 7.07379e-36
0.059 0.402 1.40638e-30
0.059 0.451 1.07026e-25
0.059 0.5 3.11749e-21
0.059 0.549 3.47581e-17
0.059 0.598 1.48334e-13
0.059 0.647 2.42302e-10
0.059 0.696 1.51498e-07
0.059 0.745 3.62568e-05
0.059 0.794 0.00332128
0.059 0.843 0.116454
0.059 0.892 1.56292
0.059 0.941 8.02885
0.059 0.99 15.7871
0.108 0.01 5.43138e-85
0.108 0.059 8.96908e-77
0.108 0.108 5.67026e-69
0.108 0.157 1.37212e-61
0.108 0.206 1.2709e-54
0.108 0.255 4.50572e-48
0.108 0.304 6.11435e-42
0.108 0.353 3.17592e-36
0.108 0.402 6.31424e-31
0.108 0.451 4.80513e-26
0.108 0.5 1.39966e-21
0.108 0.549 1.56054e-17
0.108 0.598 6.65974e-14
0.108 0.647 1.08786e-10
0.108 0.696 6.8018e-08
0.108 0.745 1.62782e-05
0.108 0.794 0.00149116
0.108 0.843 0.0522844
0.108 0.892 0.701706
0.108 0.941 3.60471
0.108 0.99 7.08794
0.157 0.01 4.98553e-85
0.157 0.059 8.23283e-77
0.157 0.108 5.2048e-69
0.157 0.157 1.25948e-61
0.157 0.206 1.16657e-54
0.157 0.255 4.13586e-48
0.157 0.304 5.61244e-42
0.157 0.353 2.91521e-36
0.157 0.402 5.79591e-31
0.157 0.451 4.41069e-26
0.157 0.5 1.28477e-21
0.157 0.549 1.43243e-17
0.157 0.598 6.11305e-14
0.157 0.647 9.98562e-11
0.157 0.696 6.24345e-08
0.157 0.745 1.4942e-05
0.157 0.794 0.00136875
0.157 0.843 0.0479925
0.157 0.892 0.644104
0.157 0.941 3.30881
0.157 0.99 6.5061
0.206 0.01 6.32752e-85
0.206 0.059 1.04489e-76
0.206 0.108 6.60581e-69
0.206 0.157 1.5985e-61
0.206 0.206 1.48059e-54
0.206 0.255 5.24913e-48
0.206 0.304 7.12317e-42
0.206 0.353 3.69992e-36
0.206 0.402 7.35604e-31
0.206 0.451 5.59794e-26
0.206 0.5 1.63059e-21
0.206 0.549 1.81801e-17
0.206 0.598 7.75854e-14
0.206 0.647 1.26735e-10
0.206 0.696 7.92404e-08
0.206 0.745 1.8964e-05
0.206 0.794 0.00173718
0.206 0.843 0.060911
0.206 0.892 0.817482
0.206 0.941 4.19946
0.206 0.99 8.25739
0.255 0.01 3.86398e-85
0.255 0.059 6.38077e-77
0.255 0.108 4.03393e-69
0.255 0.157 9.76149e-62
0.255 0.206 9.04142e-55
0.255 0.255 3.20545e-48
0.255 0.304 4.34986e-42
0.255 0.353 2.25941e-36
0.255 0.402 4.49206e-31
0.255 0.451 3.41846e-26
0.255 0.5 9.95745e-22
0.255 0.549 1.11019e-17
0.255 0.598 4.73786e-14
0.255 0.647 7.73925e-11
0.255 0.696 4.83893e-08
0.255 0.745 1.15806e-05
0.255 0.794 0.00106084
0.255 0.843 0.0371961
0.255 0.892 0.499206
0.255 0.941 2.56446
0.255 0.99 5.04249
0.304 0.01 1.28035e-85
0.304 0.059 2.11431e-77
0.304 0.108 1.33667e-69
0.304 0.157 3.23453e-62
0.304 0.206 2.99593e-55
0.304 0.255 1.06215e-48
0.304 0.304 1.44135e-42
0.304 0.353 7.48668e-37
0.304 0.402 1.48847e-31
0.304 0.451 1.13273e-26
0.304 0.5 3.29946e-22
0.304 0.549 3.67869e-18
0.304 0.598 1.56992e-14
0.304 0.647 2.56445e-11
0.304 0.696 1.60341e-08
0.304 0.745 3.83731e-06
0.304 0.794 0.000351514
0.304 0.843 0.0123252
0.304 0.892 0.165415
0.304 0.941 0.849749
0.304 0.99 1.67086
0.353 0.01 2.27641e-85
0.353 0.059 3.75914e-77
0.353 0.108 2.37653e-69
0.353 0.157 5.75084e-62
0.353 0.206 5.32662e-55
0.353 0.255 1.88845e-48
0.353 0.304 2.56266e-42
0.353 0.353 1.3311e-36
0.353 0.402 2.64643e-31
0.353 0.451 2.01394e-26
0.353 0.5 5.86629e-22
0.353 0.549 6.54054e-18
0.353 0.598 2.79124e-14
0.353 0.647 4.55947e-11
0.353 0.696 2.85078e-08
0.353 0.745 6.82256e-06
0.353 0.794 0.000624976
0.353 0.843 0.0219135
0.353 0.892 0.2941
0.353 0.941 1.51081
0.353 0.99 2.97071
0.402 0.01 6.16041e-85
0.402 0.059 1.0173e-76
0.402 0.108 6.43136e-69
0.402 0.157 1.55629e-61
0.402 0.206 1.44149e-54
0.402 0.255 5.11051e-48
0.402 0.304 6.93506e-42
0.402 0.353 3.60221e-36
0.402 0.402 7.16177e-31
0.402 0.451 5.45011e-26
0.402 0.5 1.58753e-21
0.402 0.549 1.77e-17
0.402 0.598 7.55365e-14
0.402 0.647 1.23388e-10
0.402 0.696 7.71478e-08
0.402 0.745 1.84632e-05
0.402 0.794 0.00169131
0.402 0.843 0.0593024
0.402 0.892 0.795893
0.402 0.941 4.08856
0.402 0.99 8.03932
0.451 0.01 9.85085e-85
0.451 0.059 1.62671e-76
0.451 0.108 1.02841e-68
0.451 0.157 2.4886e-61
0.451 0.206 2.30502e-54
0.451 0.255 8.17199e-48
0.451 0.304 1.10895e-41
0.451 0.353 5.76013e-36
0.451 0.402 1.14521e-30
0.451 0.451 8.71503e-26
0.451 0.5 2.53855e-21
0.451 0.549 2.83033e-17
0.451 0.598 1.20787e-13
0.451 0.647 1.97305e-10
0.451 0.696 1.23364e-07
0.451 0.745 2.95237e-05
0.451 0.794 0.0027045
0.451 0.843 0.0948278
0.451 0.892 1.27268
0.451 0.941 6.53784
0.451 0.99 12.8553
0.5 0.01 1.56227e-84
0.5 0.059 2.57985e-76
0.5 0.108 1.63098e-68
0.5 0.157 3.94673e-61
0.5 0.206 3.65559e-54
0.5 0.255 1.29602e-47
0.5 0.304 1.75872e-41
0.5 0.353 9.13515e-36
0.5 0.402 1.81622e-30
0.5 0.451 1.38214e-25
0.5 0.5 4.02596e-21
0.5 0.549 4.4887e-17
0.5 0.598 1.9156e-13
0.5 0.647 3.12911e-10
0.5 0.696 1.95646e-07
0.5 0.745 4.68224e-05
0.5 0.794 0.00428913
0.5 0.843 0.15039
0.5 0.892 2.01837
0.5 0.941 10.3685
0.5 0.99 20.3876
0.549 0.01 3.09081e-84
0.549 0.059 5.10399e-76
0.549 0.108 3.22675e-68
0.549 0.157 7.80823e-61
0.549 0.206 7.23224e-54
0.549 0.255 2.56405e-47
0.549 0.304 3.47946e-41
0.549 0.353 1.8073e-35
0.549 0.402 3.59321e-30
0.549 0.451 2.73443e-25
0.549 0.5 7.96498e-21
0.549 0.549 8.88045e-17
0.549 0.598 3.78982e-13
0.549 0.647 6.19064e-10
0.549 0.696 3.87066e-07
0.549 0.745 9.26336e-05
0.549 0.794 0.00848564
0.549 0.843 0.297532
0.549 0.892 3.99316
0.549 0.941 20.5132
0.549 0.99 40.3349
0.598 0.01 4.1239e-84
0.598 0.059 6.80998e-76
0.598 0.108 4.30528e-68
0.598 0.157 1.04181e-60
0.598 0.206 9.64961e-54
0.598 0.255 3.42108e-47
0.598 0.304 4.64247e-41
0.598 0.353 2.41139e-35
0.598 0.402 4.79423e-30
0.598 0.451 3.64841e-25
0.598 0.5 1.06273e-20
0.598 0.549 1.18487e-16
0.598 0.598 5.05656e-13
0.598 0.647 8.25985e-10
0.598 0.696 5.16443e-07
0.598 0.745 0.000123596
0.598 0.794 0.011322
0.598 0.843 0.396982
0.598 0.892 5.32787
0.598 0.941 27.3696
0.598 0.99 53.8168
0.647 0.01 3.56507e-84
0.647 0.059 5.88716e-76
0.647 0.108 3.72187e-68
0.647 0.157 9.00635e-61
0.647 0.206 8.34198e-54
0.647 0.255 2.95748e-47
0.647 0.304 4.01336e-41
0.647 0.353 2.08462e-35
0.647 0.402 4.14456e-30
0.647 0.451 3.15401e-25
0.647 0.5 9.18715e-21
0.647 0.549 1.02431e-16
0.647 0.598 4.37135e-13
0.647 0.647 7.14055e-10
0.647 0.696 4.46459e-07
0.647 0.745 0.000106848
0.647 0.794 0.00978771
0.647 0.843 0.343187
0.647 0.892 4.60588
0.647 0.941 23.6608
0.647 0.99 46.5241
0.696 0.01 2.436e-84
0.696 0.059 4.02268e-76
0.696 0.108 2.54314e-68
0.696 0.157 6.15401e-61
0.696 0.206 5.70005e-54
0.696 0.255 2.02084e-47
0.696 0.304 2.74232e-41
0.696 0.353 1.42441e-35
0.696 0.402 2.83197e-30
0.696 0.451 2.15513e-25
0.696 0.5 6.27755e-21
0.696 0.549 6.99908e-17
0.696 0.598 2.98693e-13
0.696 0.647 4.87912e-10
0.696 0.696 3.05064e-07
0.696 0.745 7.30086e-05
0.696 0.794 0.00668791
0.696 0.843 0.234498
0.696 0.892 3.14718
0.696 0.941 16.1673
0.696 0.99 31.7897
0.745 0.01 1.39382e-84
0.745 0.059 2.30168e-76
0.745 0.108 1.45512e-68
0.745 0.157 3.52118e-61
0.745 0.206 3.26143e-54
0.745 0.255 1.15628e-47
0.745 0.304 1.56909e-41
0.745 0.353 8.15016e-36
0.745 0.402 1.62038e-30
0.745 0.451 1.23311e-25
0.745 0.5 3.59186e-21
0.745 0.549 4.0047e-17
0.745 0.598 1.70905e-13
0.745 0.647 2.79171e-10
0.745 0.696 1.7455e-07
0.745 0.745 4.17738e-05
0.745 0.794 0.00382666
0.745 0.843 0.134174
0.745 0.892 1.80074
0.745 0.941 9.25055
0.745 0.99 18.1893
0.794 0.01 6.77345e-85
0.794 0.059 1.11853e-76
0.794 0.108 7.07135e-69
0.794 0.157 1.71116e-61
0.794 0.206 1.58493e-54
0.794 0.255 5.61906e-48
0.794 0.304 7.62518e-42
0.794 0.353 3.96067e-36
0.794 0.402 7.87445e-31
0.794 0.451 5.99246e-26
0.794 0.5 1.74551e-21
0.794 0.549 1.94614e-17
0.794 0.598 8.30533e-14
0.794 0.647 1.35667e-10
0.794 0.696 8.48249e-08
0.794 0.745 2.03005e-05
0.794 0.794 0.00185961
0.794 0.843 0.0652036
0.794 0.892 0.875094
0.794 0.941 4.49542
0.794 0.99 8.83933
0.843 0.01 2.04829e-85
0.843 0.059 3.38242e-77
0.843 0.108 2.13837e-69
0.843 0.157 5.17453e-62
0.843 0.206 4.79283e-55
0.843 0.255 1.6992e-48
0.843 0.304 2.30585e-42
0.843 0.353 1.1977e-36
0.843 0.402 2.38123e-31
0.843 0.451 1.81211e-26
0.843 0.5 5.27841e-22
0.843 0.549 5.8851e-18
0.843 0.598 2.51152e-14
0.843 0.647 4.10255e-11
0.843 0.696 2.5651e-08
0.843 0.745 6.13885e-06
0.843 0.794 0.000562346
0.843 0.843 0.0197175
0.843 0.892 0.264628
0.843 0.941 1.35941
0.843 0.99 2.67301
0.892 0.01 8.60627e-86
0.892 0.059 1.42119e-77
0.892 0.108 8.98479e-70
0.892 0.157 2.17418e-62
0.892 0.206 2.0138e-55
0.892 0.255 7.13952e-49
0.892 0.304 9.68847e-43
0.892 0.353 5.03239e-37
0.892 0.402 1.00052e-31
0.892 0.451 7.61395e-27
0.892 0.5 2.21783e-22
0.892 0.549 2.47274e-18
0.892 0.598 1.05527e-14
0.892 0.647 1.72377e-11
0.892 0.696 1.07778e-08
0.892 0.745 2.57936e-06
0.892 0.794 0.00023628
0.892 0.843 0.00828471
0.892 0.892 0.111188
0.892 0.941 0.571183
0.892 0.99 1.12312
0.941 0.01 3.08909e-85
0.941 0.059 5.10114e-77
0.941 0.108 3.22495e-69
0.941 0.157 7.80388e-62
0.941 0.206 7.22822e-55
0.941 0.255 2.56262e-48
0.941 0.304 3.47752e-42
0.941 0.353 1.8063e-36
0.941 0.402 3.59121e-31
0.941 0.451 2.73291e-26
0.941 0.5 7.96054e-22
0.941 0.549 8.87551e-18
0.941 0.598 3.78771e-14
0.941 0.647 6.18719e-11
0.941 0.696 3.86851e-08
0.941 0.745 9.2582e-06
0.941 0.794 0.000848092
0.941 0.843 0.0297367
0.941 0.892 0.399094
0.941 0.941 2.05017
0.941 0.99 4.03125
0.99 0.01 6.0477e-85
0.99 0.059 9.98683e-77
0.99 0.108 6.31368e-69
0.99 0.157 1.52781e-61
0.99 0.206 1.41511e-54
0.99 0.255 5.017e-48
0.99 0.304 6.80817e-42
0.99 0.353 3.5363e-36
0.99 0.402 7.03073e-31
0.99 0.451 5.35039e-26
0.99 0.5 1.55848e-21
0.99 0.549 1.73761e-17
0.99 0.598 7.41544e-14
0.99 0.647 1.21131e-10
0.99 0.696 7.57362e-08
0.99 0.745 1.81254e-05
0.99 0.794 0.00166036
0.99 0.843 0.0582173
0.99 0.892 0.78133
0.99 0.941 4.01375
0.99 0.99 7.89223
