0.01 0.01 0.108206
0.01 0.059 0.215477
0.01 0.108 0.328905
0.01 0.157 0.456343
0.01 0.206 0.481094
0.01 0.255 0.395977
0.01 0.304 0.587541
0.01 0.353 0.927173
0.01 0.402 1.32671
0.01 0.451 1.60597
0.01 0.5 1.39314
0.01 0.549 1.01539
0.01 0.598 0.820555
0.01 0.647 0.71325
0.01 0.696 0.672613
0.01 0.745 0.770182
0.01 0.794 0.761622
0.01 0.843 0.838485
0.01 0.892 1.07988
0.01 0.941 1.81445
0.01 0.99 2.63294
0.059 0.01 0.0960423
0.059 0.059 0.191255
0.059 0.108 0.291933
0.059 0.157 0.405046
0.059 0.206 0.427015
0.059 0.255 0.351466
0.059 0.304 0.521496
0.059 0.353 0.822951
0.059 0.402 1.17758
0.059 0.451 1.42545
0.059 0.5 1.23654
0.059 0.549 0.901247
0.059 0.598 0.728317
0.059 0.647 0.633075
0.059 0.696 0.597005
0.059 0.745 0.683607
0.059 0.794 0.676009
0.059 0.843 0.744232
0.059 0.892 0.958493
0.059 0.941 1.61048
0.059 0.99 2.33698
0.108 0.01 0.0554356
0.108 0.059 0.110393
0.108 0.108 0.168503
0.108 0.157 0.233792
0.108 0.206 0.246473
0.108 0.255 0.202866
0.108 0.304 0.301007
0.108 0.353 0.475007
0.108 0.402 0.679699
0.108 0.451 0.822767
0.108 0.5 0.713731
0.108 0.549 0.520199
0.108 0.598 0.420384
0.108 0.647 0.36541
0.108 0.696 0.344591
0.108 0.745 0.394578
0.108 0.794 0.390192
0.108 0.843 0.42957
0.108 0.892 0.553242
0.108 0.941 0.929571
0.108 0.99 1.3489
0.157 0.01 0.0287356
0.157 0.059 0.057223
0.157 0.108 0.0873454
0.157 0.157 0.121189
0.157 0.206 0.127762
0.157 0.255 0.105158
0.157 0.304 0.15603
0.157 0.353 0.246224
0.157 0.402 0.352328
0.157 0.451 0.426489
0.157 0.5 0.369969
0.157 0.549 0.26965
0.157 0.598 0.21791
0.157 0.647 0.189414
0.157 0.696 0.178622
0.157 0.745 0.204533
0.157 0.794 0.20226
0.157 0.843 0.222672
0.157 0.892 0.286778
0.157 0.941 0.481852
0.157 0.99 0.699216
0.206 0.01 0.051935
0.206 0.059 0.103422
0.206 0.108 0.157863
0.206 0.157 0.219029
0.206 0.206 0.230909
0.206 0.255 0.190056
0.206 0.304 0.281999
0.206 0.353 0.445011
0.206 0.402 0.636778
0.206 0.451 0.770811
0.206 0.5 0.668661
0.206 0.549 0.48735
0.206 0.598 0.393838
0.206 0.647 0.342336
0.206 0.696 0.322831
0.206 0.745 0.369661
0.206 0.794 0.365552
0.206 0.843 0.402444
0.206 0.892 0.518306
0.206 0.941 0.870872
0.206 0.99 1.26372
0.255 0.01 0.0888025
0.255 0.059 0.176838
0.255 0.108 0.269926
0.255 0.157 0.374513
0.255 0.206 0.394826
0.255 0.255 0.324972
0.255 0.304 0.482184
0.255 0.353 0.760915
0.255 0.402 1.08881
0.255 0.451 1.31799
0.255 0.5 1.14333
0.255 0.549 0.833309
0.255 0.598 0.673415
0.255 0.647 0.585352
0.255 0.696 0.552002
0.255 0.745 0.632075
0.255 0.794 0.62505
0.255 0.843 0.68813
0.255 0.892 0.88624
0.255 0.941 1.48908
0.255 0.99 2.16081
0.304 0.01 0.107092
0.304 0.059 0.213258
0.304 0.108 0.325518
0.304 0.157 0.451644
0.304 0.206 0.476141
0.304 0.255 0.3919
0.304 0.304 0.581491
0.304 0.353 0.917627
0.304 0.402 1.31305
0.304 0.451 1.58944
0.304 0.5 1.3788
0.304 0.549 1.00493
0.304 0.598 0.812106
0.304 0.647 0.705906
0.304 0.696 0.665688
0.304 0.745 0.762252
0.304 0.794 0.75378
0.304 0.843 0.829852
0.304 0.892 1.06876
0.304 0.941 1.79576
0.304 0.99 2.60583
0.353 0.01 0.157818
0.353 0.059 0.314273
0.353 0.108 0.479707
0.353 0.157 0.665576
0.353 0.206 0.701676
0.353 0.255 0.577533
0.353 0.304 0.856928
0.353 0.353 1.35228
0.353 0.402 1.93501
0.353 0.451 2.34231
0.353 0.5 2.0319
0.353 0.549 1.48094
0.353 0.598 1.19678
0.353 0.647 1.04028
0.353 0.696 0.981006
0.353 0.745 1.12331
0.353 0.794 1.11082
0.353 0.843 1.22293
0.353 0.892 1.57501
0.353 0.941 2.64637
0.353 0.99 3.84014
0.402 0.01 0.265204
0.402 0.059 0.528117
0.402 0.108 0.806119
0.402 0.157 1.11846
0.402 0.206 1.17913
0.402 0.255 0.97051
0.402 0.304 1.44002
0.402 0.353 2.27243
0.402 0.402 3.25168
0.402 0.451 3.93611
0.402 0.5 3.41449
0.402 0.549 2.48863
0.402 0.598 2.01112
0.402 0.647 1.74812
0.402 0.696 1.64852
0.402 0.745 1.88766
0.402 0.794 1.86668
0.402 0.843 2.05506
0.402 0.892 2.6467
0.402 0.941 4.44706
0.402 0.99 6.45314
0.451 0.01 0.365863
0.451 0.059 0.728566
0.451 0.108 1.11209
0.451 0.157 1.54298
0.451 0.206 1.62667
0.451 0.255 1.33887
0.451 0.304 1.98658
0.451 0.353 3.13494
0.451 0.402 4.48586
0.451 0.451 5.43008
0.451 0.5 4.71047
0.451 0.549 3.4332
0.451 0.598 2.77444
0.451 0.647 2.41163
0.451 0.696 2.27423
0.451 0.745 2.60412
0.451 0.794 2.57518
0.451 0.843 2.83507
0.451 0.892 3.65127
0.451 0.941 6.13496
0.451 0.99 8.90245
0.5 0.01 0.348903
0.5 0.059 0.694793
0.5 0.108 1.06053
0.5 0.157 1.47145
0.5 0.206 1.55126
0.5 0.255 1.27681
0.5 0.304 1.89449
0.5 0.353 2.98962
0.5 0.402 4.27792
0.5 0.451 5.17836
0.5 0.5 4.49211
0.5 0.549 3.27405
0.5 0.598 2.64583
0.5 0.647 2.29984
0.5 0.696 2.1688
0.5 0.745 2.48341
0.5 0.794 2.45581
0.5 0.843 2.70365
0.5 0.892 3.48202
0.5 0.941 5.85057
0.5 0.99 8.48977
0.549 0.01 0.209473
0.549 0.059 0.417137
0.549 0.108 0.636719
0.549 0.157 0.883424
0.549 0.206 0.931339
0.549 0.255 0.766563
0.549 0.304 1.13741
0.549 0.353 1.79489
0.549 0.402 2.56836
0.549 0.451 3.10896
0.549 0.5 2.69695
0.549 0.549 1.96566
0.549 0.598 1.58849
0.549 0.647 1.38076
0.549 0.696 1.3021
0.549 0.745 1.49098
0.549 0.794 1.47441
0.549 0.843 1.6232
0.549 0.892 2.09052
0.549 0.941 3.51254
0.549 0.99 5.09705
0.598 0.01 0.0914614
0.598 0.059 0.182133
0.598 0.108 0.278008
0.598 0.157 0.385726
0.598 0.206 0.406647
0.598 0.255 0.334702
0.598 0.304 0.496622
0.598 0.353 0.783698
0.598 0.402 1.12141
0.598 0.451 1.35745
0.598 0.5 1.17756
0.598 0.549 0.858259
0.598 0.598 0.693578
0.598 0.647 0.602878
0.598 0.696 0.56853
0.598 0.745 0.651
0.598 0.794 0.643765
0.598 0.843 0.708734
0.598 0.892 0.912775
0.598 0.941 1.53367
0.598 0.99 2.22551
0.647 0.01 0.0621624
0.647 0.059 0.123788
0.647 0.108 0.18895
0.647 0.157 0.262162
0.647 0.206 0.276381
0.647 0.255 0.227483
0.647 0.304 0.337533
0.647 0.353 0.532646
0.647 0.402 0.762176
0.647 0.451 0.922605
0.647 0.5 0.800338
0.647 0.549 0.583323
0.647 0.598 0.471396
0.647 0.647 0.409751
0.647 0.696 0.386405
0.647 0.745 0.442457
0.647 0.794 0.437539
0.647 0.843 0.481696
0.647 0.892 0.620374
0.647 0.941 1.04237
0.647 0.99 1.51258
0.696 0.01 0.0729383
0.696 0.059 0.145247
0.696 0.108 0.221705
0.696 0.157 0.307608
0.696 0.206 0.324292
0.696 0.255 0.266917
0.696 0.304 0.396044
0.696 0.353 0.624981
0.696 0.402 0.8943
0.696 0.451 1.08254
0.696 0.5 0.939077
0.696 0.549 0.684442
0.696 0.598 0.553112
0.696 0.647 0.480781
0.696 0.696 0.453389
0.696 0.745 0.519158
0.696 0.794 0.513387
0.696 0.843 0.565199
0.696 0.892 0.727917
0.696 0.941 1.22307
0.696 0.99 1.77479
0.745 0.01 0.061797
0.745 0.059 0.12306
0.745 0.108 0.18784
0.745 0.157 0.260621
0.745 0.206 0.274756
0.745 0.255 0.226145
0.745 0.304 0.335548
0.745 0.353 0.529515
0.745 0.402 0.757696
0.745 0.451 0.917181
0.745 0.5 0.795633
0.745 0.549 0.579893
0.745 0.598 0.468624
0.745 0.647 0.407342
0.745 0.696 0.384134
0.745 0.745 0.439856
0.745 0.794 0.434967
0.745 0.843 0.478864
0.745 0.892 0.616727
0.745 0.941 1.03624
0.745 0.99 1.50369
0.794 0.01 0.0286163
0.794 0.059 0.0569855
0.794 0.108 0.0869829
0.794 0.157 0.120686
0.794 0.206 0.127231
0.794 0.255 0.104721
0.794 0.304 0.155382
0.794 0.353 0.245202
0.794 0.402 0.350866
0.794 0.451 0.424719
0.794 0.5 0.368434
0.794 0.549 0.268531
0.794 0.598 0.217006
0.794 0.647 0.188628
0.794 0.696 0.177881
0.794 0.745 0.203684
0.794 0.794 0.20142
0.794 0.843 0.221748
0.794 0.892 0.285588
0.794 0.941 0.479852
0.794 0.99 0.696314
0.843 0.01 0.0296662
0.843 0.059 0.0590763
0.843 0.108 0.0901742
0.843 0.157 0.125113
0.843 0.206 0.131899
0.843 0.255 0.108563
0.843 0.304 0.161083
0.843 0.353 0.254199
0.843 0.402 0.363739
0.843 0.451 0.440302
0.843 0.5 0.381952
0.843 0.549 0.278383
0.843 0.598 0.224968
0.843 0.647 0.195549
0.843 0.696 0.184407
0.843 0.745 0.211157
0.843 0.794 0.20881
0.843 0.843 0.229884
0.843 0.892 0.296066
0.843 0.941 0.497458
0.843 0.99 0.721862
0.892 0.01 0.0706089
0.892 0.059 0.140608
0.892 0.108 0.214624
0.892 0.157 0.297784
0.892 0.206 0.313935
0.892 0.255 0.258392
0.892 0.304 0.383396
0.892 0.353 0.605021
0.892 0.402 0.865739
0.892 0.451 1.04797
0.892 0.5 0.909086
0.892 0.549 0.662583
0.892 0.598 0.535447
0.892 0.647 0.465427
0.892 0.696 0.438909
0.892 0.745 0.502577
0.892 0.794 0.496991
0.892 0.843 0.547148
0.892 0.892 0.704669
0.892 0.941 1.184
0.892 0.99 1.71811
0.941 0.01 0.118777
0.941 0.059 0.236528
0.941 0.108 0.361037
0.941 0.157 0.500926
0.941 0.206 0.528095
0.941 0.255 0.434663
0.941 0.304 0.644941
0.941 0.353 1.01775
0.941 0.402 1.45633
0.941 0.451 1.76287
0.941 0.5 1.52925
0.941 0.549 1.11458
0.941 0.598 0.90072
0.941 0.647 0.782932
0.941 0.696 0.738325
0.941 0.745 0.845426
0.941 0.794 0.836029
0.941 0.843 0.920402
0.941 0.892 1.18538
0.941 0.941 1.99171
0.941 0.99 2.89017
0.99 0.01 0.143466
0.99 0.059 0.285694
0.99 0.108 0.436084
0.99 0.157 0.605051
0.99 0.206 0.637868
0.99 0.255 0.525014
0.99 0.304 0.779001
0.99 0.353 1.22931
0.99 0.402 1.75905
0.99 0.451 2.12931
0.99 0.5 1.84712
0.99 0.549 1.34627
0.99 0.598 1.08795
0.99 0.647 0.945676
0.99 0.696 0.891796
0.99 0.745 1.02116
0.99 0.794 1.00981
0.99 0.843 1.11172
0.99 0.892 1.43178
0.99 0.941 2.40572
0.99 0.99 3.49093
