0.01 0.01 3.93066
0.01 0.059 3.01458
0.01 0.108 1.31721
0.01 0.157 0.413274
0.01 0.206 0.664213
0.01 0.255 1.16647
0.01 0.304 1.5782
0.01 0.353 2.01905
0.01 0.402 1.35728
0.01 0.451 0.396321
0.01 0.5 0.285701
0.01 0.549 0.792564
0.01 0.598 1.18541
0.01 0.647 1.58594
0.01 0.696 1.98775
0.01 0.745 1.24447
0.01 0.794 0.667815
0.01 0.843 1.75647
0.01 0.892 6.33241
0.01 0.941 20.3888
0.01 0.99 36.1035
0.059 0.01 2.46629
0.059 0.059 1.89149
0.059 0.108 0.82648
0.059 0.157 0.259308
0.059 0.206 0.41676
0.059 0.255 0.731897
0.059 0.304 0.990238
0.059 0.353 1.26685
0.059 0.402 0.851623
0.059 0.451 0.248671
0.059 0.5 0.179263
0.059 0.549 0.497293
0.059 0.598 0.743783
0.059 0.647 0.995097
0.059 0.696 1.24721
0.059 0.745 0.780839
0.059 0.794 0.41902
0.059 0.843 1.1021
0.059 0.892 3.97326
0.059 0.941 12.7929
0.059 0.99 22.6531
0.108 0.01 0.894948
0.108 0.059 0.686371
0.108 0.108 0.299907
0.108 0.157 0.0940957
0.108 0.206 0.15123
0.108 0.255 0.265585
0.108 0.304 0.35933
0.108 0.353 0.459705
0.108 0.402 0.30903
0.108 0.451 0.0902358
0.108 0.5 0.0650495
0.108 0.549 0.180454
0.108 0.598 0.269898
0.108 0.647 0.361093
0.108 0.696 0.452578
0.108 0.745 0.283345
0.108 0.794 0.152051
0.108 0.843 0.39992
0.108 0.892 1.44179
0.108 0.941 4.64218
0.108 0.99 8.22018
0.157 0.01 0.30202
0.157 0.059 0.231631
0.157 0.108 0.10121
0.157 0.157 0.0317547
0.157 0.206 0.0510361
0.157 0.255 0.0896276
0.157 0.304 0.121264
0.157 0.353 0.155138
0.157 0.402 0.104289
0.157 0.451 0.0304521
0.157 0.5 0.0219524
0.157 0.549 0.0608982
0.157 0.598 0.0910832
0.157 0.647 0.121859
0.157 0.696 0.152732
0.157 0.745 0.095621
0.157 0.794 0.0513129
0.157 0.843 0.134962
0.157 0.892 0.486563
0.157 0.941 1.56661
0.157 0.99 2.77408
0.206 0.01 0.297249
0.206 0.059 0.227972
0.206 0.108 0.0996113
0.206 0.157 0.031253
0.206 0.206 0.0502298
0.206 0.255 0.0882117
0.206 0.304 0.119348
0.206 0.353 0.152687
0.206 0.402 0.102642
0.206 0.451 0.029971
0.206 0.5 0.0216056
0.206 0.549 0.0599361
0.206 0.598 0.0896443
0.206 0.647 0.119934
0.206 0.696 0.15032
0.206 0.745 0.0941104
0.206 0.794 0.0505022
0.206 0.843 0.13283
0.206 0.892 0.478876
0.206 0.941 1.54186
0.206 0.99 2.73026
0.255 0.01 0.359752
0.255 0.059 0.275908
0.255 0.108 0.120557
0.255 0.157 0.0378247
0.255 0.206 0.0607918
0.255 0.255 0.10676
0.255 0.304 0.144444
0.255 0.353 0.184793
0.255 0.402 0.124224
0.255 0.451 0.0362731
0.255 0.5 0.0261487
0.255 0.549 0.0725391
0.255 0.598 0.108494
0.255 0.647 0.145153
0.255 0.696 0.181928
0.255 0.745 0.113899
0.255 0.794 0.0611215
0.255 0.843 0.16076
0.255 0.892 0.579571
0.255 0.941 1.86607
0.255 0.99 3.30436
0.304 0.01 0.508336
0.304 0.059 0.389863
0.304 0.108 0.170349
0.304 0.157 0.053447
0.304 0.206 0.0858999
0.304 0.255 0.150854
0.304 0.304 0.204102
0.304 0.353 0.261115
0.304 0.402 0.175531
0.304 0.451 0.0512545
0.304 0.5 0.0369485
0.304 0.549 0.102499
0.304 0.598 0.153304
0.304 0.647 0.205103
0.304 0.696 0.257067
0.304 0.745 0.160942
0.304 0.794 0.0863657
0.304 0.843 0.227157
0.304 0.892 0.818943
0.304 0.941 2.63679
0.304 0.99 4.66912
0.353 0.01 0.523636
0.353 0.059 0.401597
0.353 0.108 0.175476
0.353 0.157 0.0550556
0.353 0.206 0.0884853
0.353 0.255 0.155394
0.353 0.304 0.210245
0.353 0.353 0.268974
0.353 0.402 0.180814
0.353 0.451 0.0527972
0.353 0.5 0.0380606
0.353 0.549 0.105584
0.353 0.598 0.157918
0.353 0.647 0.211276
0.353 0.696 0.264804
0.353 0.745 0.165786
0.353 0.794 0.0889651
0.353 0.843 0.233994
0.353 0.892 0.843592
0.353 0.941 2.71615
0.353 0.99 4.80965
0.402 0.01 0.231328
0.402 0.059 0.177415
0.402 0.108 0.0775206
0.402 0.157 0.0243221
0.402 0.206 0.0390904
0.402 0.255 0.0686491
0.402 0.304 0.0928804
0.402 0.353 0.118826
0.402 0.402 0.0798789
0.402 0.451 0.0233244
0.402 0.5 0.0168141
0.402 0.549 0.0466441
0.402 0.598 0.069764
0.402 0.647 0.0933362
0.402 0.696 0.116983
0.402 0.745 0.0732396
0.402 0.794 0.0393024
0.402 0.843 0.103372
0.402 0.892 0.372676
0.402 0.941 1.19992
0.402 0.99 2.12477
0.451 0.01 0.043552
0.451 0.059 0.0334017
0.451 0.108 0.0145947
0.451 0.157 0.0045791
0.451 0.206 0.00735952
0.451 0.255 0.0129245
0.451 0.304 0.0174865
0.451 0.353 0.0223712
0.451 0.402 0.0150387
0.451 0.451 0.00439126
0.451 0.5 0.00316559
0.451 0.549 0.00878165
0.451 0.598 0.0131344
0.451 0.647 0.0175723
0.451 0.696 0.0220244
0.451 0.745 0.0137888
0.451 0.794 0.00739943
0.451 0.843 0.0194618
0.451 0.892 0.0701634
0.451 0.941 0.225908
0.451 0.99 0.400029
0.5 0.01 0.045216
0.5 0.059 0.034678
0.5 0.108 0.0151524
0.5 0.157 0.00475406
0.5 0.206 0.00764072
0.5 0.255 0.0134183
0.5 0.304 0.0181547
0.5 0.353 0.023226
0.5 0.402 0.0156133
0.5 0.451 0.00455904
0.5 0.5 0.00328654
0.5 0.549 0.00911719
0.5 0.598 0.0136363
0.5 0.647 0.0182438
0.5 0.696 0.0228659
0.5 0.745 0.0143156
0.5 0.794 0.00768215
0.5 0.843 0.0202054
0.5 0.892 0.0728443
0.5 0.941 0.23454
0.5 0.99 0.415314
0.549 0.01 0.175806
0.549 0.059 0.134833
0.549 0.108 0.0589146
0.549 0.157 0.0184845
0.549 0.206 0.0297082
0.549 0.255 0.0521724
0.549 0.304 0.0705879
0.549 0.353 0.0903059
0.549 0.402 0.0607069
0.549 0.451 0.0177262
0.549 0.5 0.0127785
0.549 0.549 0.0354489
0.549 0.598 0.0530197
0.549 0.647 0.0709343
0.549 0.696 0.0889057
0.549 0.745 0.0556611
0.549 0.794 0.0298693
0.549 0.843 0.0785615
0.549 0.892 0.283229
0.549 0.941 0.911925
0.549 0.99 1.6148
0.598 0.01 0.302416
0.598 0.059 0.231935
0.598 0.108 0.101343
0.598 0.157 0.0317963
0.598 0.206 0.051103
0.598 0.255 0.089745
0.598 0.304 0.121423
0.598 0.353 0.155341
0.598 0.402 0.104426
0.598 0.451 0.030492
0.598 0.5 0.0219812
0.598 0.549 0.060978
0.598 0.598 0.0912025
0.598 0.647 0.122019
0.598 0.696 0.152932
0.598 0.745 0.0957462
0.598 0.794 0.0513801
0.598 0.843 0.135139
0.598 0.892 0.4872
0.598 0.941 1.56866
0.598 0.99 2.77772
0.647 0.01 0.360884
0.647 0.059 0.276776
0.647 0.108 0.120936
0.647 0.157 0.0379437
0.647 0.206 0.0609831
0.647 0.255 0.107096
0.647 0.304 0.144898
0.647 0.353 0.185374
0.647 0.402 0.124615
0.647 0.451 0.0363872
0.647 0.5 0.026231
0.647 0.549 0.0727673
0.647 0.598 0.108835
0.647 0.647 0.145609
0.647 0.696 0.1825
0.647 0.745 0.114258
0.647 0.794 0.0613138
0.647 0.843 0.161266
0.647 0.892 0.581394
0.647 0.941 1.87194
0.647 0.99 3.31476
0.696 0.01 0.531005
0.696 0.059 0.407249
0.696 0.108 0.177946
0.696 0.157 0.0558304
0.696 0.206 0.0897306
0.696 0.255 0.157581
0.696 0.304 0.213203
0.696 0.353 0.27276
0.696 0.402 0.183359
0.696 0.451 0.0535402
0.696 0.5 0.0385962
0.696 0.549 0.10707
0.696 0.598 0.160141
0.696 0.647 0.21425
0.696 0.696 0.268531
0.696 0.745 0.168119
0.696 0.794 0.0902171
0.696 0.843 0.237287
0.696 0.892 0.855464
0.696 0.941 2.75438
0.696 0.99 4.87733
0.745 0.01 0.475267
0.745 0.059 0.364501
0.745 0.108 0.159267
0.745 0.157 0.0499701
0.745 0.206 0.0803119
0.745 0.255 0.141041
0.745 0.304 0.190824
0.745 0.353 0.244129
0.745 0.402 0.164112
0.745 0.451 0.0479203
0.745 0.5 0.0345449
0.745 0.549 0.0958311
0.745 0.598 0.143331
0.745 0.647 0.191761
0.745 0.696 0.240344
0.745 0.745 0.150472
0.745 0.794 0.0807474
0.745 0.843 0.21238
0.745 0.892 0.765669
0.745 0.941 2.46526
0.745 0.99 4.36538
0.794 0.01 0.192188
0.794 0.059 0.147397
0.794 0.108 0.0644044
0.794 0.157 0.0202069
0.794 0.206 0.0324765
0.794 0.255 0.0570339
0.794 0.304 0.0771655
0.794 0.353 0.0987208
0.794 0.402 0.0663637
0.794 0.451 0.019378
0.794 0.5 0.0139693
0.794 0.549 0.0387521
0.794 0.598 0.0579602
0.794 0.647 0.0775441
0.794 0.696 0.0971902
0.794 0.745 0.0608478
0.794 0.794 0.0326526
0.794 0.843 0.0858821
0.794 0.892 0.309621
0.794 0.941 0.996901
0.794 0.99 1.76527
0.843 0.01 0.20728
0.843 0.059 0.158971
0.843 0.108 0.0694618
0.843 0.157 0.0217936
0.843 0.206 0.0350267
0.843 0.255 0.0615125
0.843 0.304 0.0832249
0.843 0.353 0.106473
0.843 0.402 0.071575
0.843 0.451 0.0208996
0.843 0.5 0.0150662
0.843 0.549 0.0417952
0.843 0.598 0.0625115
0.843 0.647 0.0836333
0.843 0.696 0.104822
0.843 0.745 0.0656258
0.843 0.794 0.0352166
0.843 0.843 0.092626
0.843 0.892 0.333934
0.843 0.941 1.07518
0.843 0.99 1.90389
0.892 0.01 1.1252
0.892 0.059 0.862962
0.892 0.108 0.377067
0.892 0.157 0.118305
0.892 0.206 0.190139
0.892 0.255 0.333915
0.892 0.304 0.451779
0.892 0.353 0.577979
0.892 0.402 0.388538
0.892 0.451 0.113452
0.892 0.5 0.0817856
0.892 0.549 0.226881
0.892 0.598 0.339338
0.892 0.647 0.453996
0.892 0.696 0.569018
0.892 0.745 0.356244
0.892 0.794 0.19117
0.892 0.843 0.502812
0.892 0.892 1.81273
0.892 0.941 5.83653
0.892 0.99 10.3351
0.941 0.01 4.33358
0.941 0.059 3.32359
0.941 0.108 1.45223
0.941 0.157 0.455637
0.941 0.206 0.732299
0.941 0.255 1.28603
0.941 0.304 1.73997
0.941 0.353 2.22602
0.941 0.402 1.49641
0.941 0.451 0.436946
0.941 0.5 0.314987
0.941 0.549 0.873806
0.941 0.598 1.30692
0.941 0.647 1.74851
0.941 0.696 2.1915
0.941 0.745 1.37203
0.941 0.794 0.73627
0.941 0.843 1.93652
0.941 0.892 6.98151
0.941 0.941 22.4787
0.941 0.99 39.8043
0.99 0.01 7.92408
0.99 0.059 6.07729
0.99 0.108 2.65545
0.99 0.157 0.833146
0.99 0.206 1.33903
0.99 0.255 2.35155
0.99 0.304 3.18159
0.99 0.353 4.07034
0.99 0.402 2.73623
0.99 0.451 0.798969
0.99 0.5 0.575964
0.99 0.549 1.59778
0.99 0.598 2.38974
0.99 0.647 3.19721
0.99 0.696 4.00723
0.99 0.745 2.5088
0.99 0.794 1.34629
0.99 0.843 3.54099
0.99 0.892 12.7659
0.99 0.941 41.103
0.99 0.99 72.7834
