0.01 0.01 3.37095e-86
0.01 0.059 5.56661e-78
0.01 0.108 3.51921e-70
0.01 0.157 8.51596e-63
0.01 0.206 7.88777e-56
0.01 0.255 2.79645e-49
0.01 0.304 3.79484e-43
0.01 0.353 1.97111e-37
0.01 0.402 3.91889e-32
0.01 0.451 2.98228e-27
0.01 0.5 8.68692e-23
0.01 0.549 9.68537e-19
0.01 0.598 4.13333e-15
0.01 0.647 6.75175e-12
0.01 0.696 4.2215e-09
0.01 0.745 1.0103e-06
0.01 0.794 9.25477e-05
0.01 0.843 0.003245
0.01 0.892 0.0435509
0.01 0.941 0.223724
0.01 0.99 0.439909
0.059 0.01 1.44867e-85
0.059 0.059 2.39225e-77
0.059 0.108 1.51238e-69
0.059 0.157 3.65973e-62
0.059 0.206 3.38977e-55
0.059 0.255 1.20177e-48
0.059 0.304 1.63083e-42
0.059 0.353 8.47086e-37
0.059 0.402 1.68414e-31
0.059 0.451 1.28163e-26
0.059 0.5 3.7332e-22
0.059 0.549 4.16229e-18
0.059 0.598 1.7763e-14
0.059 0.647 2.90156e-11
0.059 0.696 1.81419e-08
0.059 0.745 4.34175e-06
0.059 0.794 0.000397724
0.059 0.843 0.0139454
0.059 0.892 0.18716
0.059 0.941 0.961455
0.059 0.99 1.89051
0.108 0.01 4.04068e-85
0.108 0.059 6.67255e-77
0.108 0.108 4.2184e-69
0.108 0.157 1.02079e-61
0.108 0.206 9.45487e-55
0.108 0.255 3.35204e-48
0.108 0.304 4.54878e-42
0.108 0.353 2.36273e-36
0.108 0.402 4.69748e-31
0.108 0.451 3.57478e-26
0.108 0.5 1.04128e-21
0.108 0.549 1.16096e-17
0.108 0.598 4.95452e-14
0.108 0.647 8.09316e-11
0.108 0.696 5.0602e-08
0.108 0.745 1.21102e-05
0.108 0.794 0.00110935
0.108 0.843 0.038897
0.108 0.892 0.522035
0.108 0.941 2.68173
0.108 0.99 5.27308
0.157 0.01 9.29421e-85
0.157 0.059 1.53479e-76
0.157 0.108 9.70298e-69
0.157 0.157 2.34797e-61
0.157 0.206 2.17477e-54
0.157 0.255 7.71022e-48
0.157 0.304 1.04629e-41
0.157 0.353 5.43465e-36
0.157 0.402 1.0805e-30
0.157 0.451 8.22257e-26
0.157 0.5 2.39511e-21
0.157 0.549 2.6704e-17
0.157 0.598 1.13962e-13
0.157 0.647 1.86156e-10
0.157 0.696 1.16393e-07
0.157 0.745 2.78554e-05
0.157 0.794 0.00255167
0.157 0.843 0.0894694
0.157 0.892 1.20076
0.157 0.941 6.16841
0.157 0.99 12.1289
0.206 0.01 1.99788e-84
0.206 0.059 3.29919e-76
0.206 0.108 2.08575e-68
0.206 0.157 5.0472e-61
0.206 0.206 4.67488e-54
0.206 0.255 1.65739e-47
0.206 0.304 2.24911e-41
0.206 0.353 1.16823e-35
0.206 0.402 2.32263e-30
0.206 0.451 1.76752e-25
0.206 0.5 5.14852e-21
0.206 0.549 5.74028e-17
0.206 0.598 2.44972e-13
0.206 0.647 4.0016e-10
0.206 0.696 2.50198e-07
0.206 0.745 5.98778e-05
0.206 0.794 0.00548507
0.206 0.843 0.192323
0.206 0.892 2.58116
0.206 0.941 13.2596
0.206 0.99 26.0723
0.255 0.01 2.53143e-84
0.255 0.059 4.18027e-76
0.255 0.108 2.64277e-68
0.255 0.157 6.3951e-61
0.255 0.206 5.92335e-54
0.255 0.255 2.10001e-47
0.255 0.304 2.84975e-41
0.255 0.353 1.48022e-35
0.255 0.402 2.94291e-30
0.255 0.451 2.23955e-25
0.255 0.5 6.52348e-21
0.255 0.549 7.27327e-17
0.255 0.598 3.10394e-13
0.255 0.647 5.07026e-10
0.255 0.696 3.17015e-07
0.255 0.745 7.58687e-05
0.255 0.794 0.00694991
0.255 0.843 0.243685
0.255 0.892 3.27048
0.255 0.941 16.8007
0.255 0.99 33.0351
0.304 0.01 1.86528e-84
0.304 0.059 3.08021e-76
0.304 0.108 1.94731e-68
0.304 0.157 4.7122e-61
0.304 0.206 4.3646e-54
0.304 0.255 1.54738e-47
0.304 0.304 2.09982e-41
0.304 0.353 1.09069e-35
0.304 0.402 2.16847e-30
0.304 0.451 1.65021e-25
0.304 0.5 4.80679e-21
0.304 0.549 5.35928e-17
0.304 0.598 2.28712e-13
0.304 0.647 3.736e-10
0.304 0.696 2.33591e-07
0.304 0.745 5.59036e-05
0.304 0.794 0.00512101
0.304 0.843 0.179558
0.304 0.892 2.40984
0.304 0.941 12.3795
0.304 0.99 24.3418
0.353 0.01 1.14335e-84
0.353 0.059 1.88807e-76
0.353 0.108 1.19364e-68
0.353 0.157 2.88843e-61
0.353 0.206 2.67536e-54
0.353 0.255 9.48495e-48
0.353 0.304 1.28713e-41
0.353 0.353 6.68559e-36
0.353 0.402 1.3292e-30
0.353 0.451 1.01152e-25
0.353 0.5 2.94641e-21
0.353 0.549 3.28507e-17
0.353 0.598 1.40193e-13
0.353 0.647 2.29005e-10
0.353 0.696 1.43184e-07
0.353 0.745 3.42671e-05
0.353 0.794 0.00313902
0.353 0.843 0.110063
0.353 0.892 1.47715
0.353 0.941 7.58824
0.353 0.99 14.9207
0.402 0.01 8.27785e-85
0.402 0.059 1.36696e-76
0.402 0.108 8.64192e-69
0.402 0.157 2.09121e-61
0.402 0.206 1.93695e-54
0.402 0.255 6.86707e-48
0.402 0.304 9.31875e-42
0.402 0.353 4.84035e-36
0.402 0.402 9.62339e-31
0.402 0.451 7.3234e-26
0.402 0.5 2.13319e-21
0.402 0.549 2.37838e-17
0.402 0.598 1.015e-13
0.402 0.647 1.65799e-10
0.402 0.696 1.03665e-07
0.402 0.745 2.48093e-05
0.402 0.794 0.00227264
0.402 0.843 0.0796856
0.402 0.892 1.06945
0.402 0.941 5.49387
0.402 0.99 10.8026
0.451 0.01 1.05444e-84
0.451 0.059 1.74124e-76
0.451 0.108 1.10081e-68
0.451 0.157 2.6638e-61
0.451 0.206 2.4673e-54
0.451 0.255 8.74731e-48
0.451 0.304 1.18703e-41
0.451 0.353 6.16566e-36
0.451 0.402 1.22583e-30
0.451 0.451 9.32858e-26
0.451 0.5 2.71727e-21
0.451 0.549 3.02959e-17
0.451 0.598 1.29291e-13
0.451 0.647 2.11195e-10
0.451 0.696 1.32049e-07
0.451 0.745 3.16022e-05
0.451 0.794 0.0028949
0.451 0.843 0.101504
0.451 0.892 1.36228
0.451 0.941 6.99811
0.451 0.99 13.7604
0.5 0.01 1.46406e-84
0.5 0.059 2.41767e-76
0.5 0.108 1.52845e-68
0.5 0.157 3.69862e-61
0.5 0.206 3.42578e-54
0.5 0.255 1.21454e-47
0.5 0.304 1.64816e-41
0.5 0.353 8.56086e-36
0.5 0.402 1.70204e-30
0.5 0.451 1.29525e-25
0.5 0.5 3.77286e-21
0.5 0.549 4.20651e-17
0.5 0.598 1.79517e-13
0.5 0.647 2.93239e-10
0.5 0.696 1.83346e-07
0.5 0.745 4.38788e-05
0.5 0.794 0.00401949
0.5 0.843 0.140936
0.5 0.892 1.89149
0.5 0.941 9.71671
0.5 0.99 19.1059
0.549 0.01 1.58443e-84
0.549 0.059 2.61644e-76
0.549 0.108 1.65412e-68
0.549 0.157 4.00271e-61
0.549 0.206 3.70744e-54
0.549 0.255 1.3144e-47
0.549 0.304 1.78367e-41
0.549 0.353 9.26472e-36
0.549 0.402 1.84198e-30
0.549 0.451 1.40174e-25
0.549 0.5 4.08306e-21
0.549 0.549 4.55236e-17
0.549 0.598 1.94276e-13
0.549 0.647 3.17349e-10
0.549 0.696 1.98421e-07
0.549 0.745 4.74865e-05
0.549 0.794 0.00434997
0.549 0.843 0.152523
0.549 0.892 2.047
0.549 0.941 10.5156
0.549 0.99 20.6768
0.598 0.01 1.58144e-84
0.598 0.059 2.6115e-76
0.598 0.108 1.65099e-68
0.598 0.157 3.99515e-61
0.598 0.206 3.70044e-54
0.598 0.255 1.31192e-47
0.598 0.304 1.7803e-41
0.598 0.353 9.24722e-36
0.598 0.402 1.8385e-30
0.598 0.451 1.3991e-25
0.598 0.5 4.07535e-21
0.598 0.549 4.54376e-17
0.598 0.598 1.9391e-13
0.598 0.647 3.1675e-10
0.598 0.696 1.98046e-07
0.598 0.745 4.73968e-05
0.598 0.794 0.00434175
0.598 0.843 0.152235
0.598 0.892 2.04313
0.598 0.941 10.4957
0.598 0.99 20.6377
0.647 0.01 1.81351e-84
0.647 0.059 2.99473e-76
0.647 0.108 1.89327e-68
0.647 0.157 4.58143e-61
0.647 0.206 4.24347e-54
0.647 0.255 1.50444e-47
0.647 0.304 2.04155e-41
0.647 0.353 1.06042e-35
0.647 0.402 2.10829e-30
0.647 0.451 1.60441e-25
0.647 0.5 4.6734e-21
0.647 0.549 5.21055e-17
0.647 0.598 2.22365e-13
0.647 0.647 3.63232e-10
0.647 0.696 2.27109e-07
0.647 0.745 5.43522e-05
0.647 0.794 0.0049789
0.647 0.843 0.174575
0.647 0.892 2.34296
0.647 0.941 12.036
0.647 0.99 23.6663
0.696 0.01 2.03221e-84
0.696 0.059 3.35587e-76
0.696 0.108 2.12159e-68
0.696 0.157 5.13391e-61
0.696 0.206 4.7552e-54
0.696 0.255 1.68586e-47
0.696 0.304 2.28775e-41
0.696 0.353 1.1883e-35
0.696 0.402 2.36254e-30
0.696 0.451 1.79789e-25
0.696 0.5 5.23698e-21
0.696 0.549 5.8389e-17
0.696 0.598 2.49181e-13
0.696 0.647 4.07035e-10
0.696 0.696 2.54496e-07
0.696 0.745 6.09066e-05
0.696 0.794 0.00557931
0.696 0.843 0.195628
0.696 0.892 2.6255
0.696 0.941 13.4874
0.696 0.99 26.5202
0.745 0.01 1.6049e-84
0.745 0.059 2.65025e-76
0.745 0.108 1.67549e-68
0.745 0.157 4.05443e-61
0.745 0.206 3.75534e-54
0.745 0.255 1.33138e-47
0.745 0.304 1.80671e-41
0.745 0.353 9.38442e-36
0.745 0.402 1.86577e-30
0.745 0.451 1.41985e-25
0.745 0.5 4.13582e-21
0.745 0.549 4.61118e-17
0.745 0.598 1.96787e-13
0.745 0.647 3.21449e-10
0.745 0.696 2.00984e-07
0.745 0.745 4.81e-05
0.745 0.794 0.00440617
0.745 0.843 0.154494
0.745 0.892 2.07345
0.745 0.941 10.6515
0.745 0.99 20.9439
0.794 0.01 9.7576e-85
0.794 0.059 1.61132e-76
0.794 0.108 1.01868e-68
0.794 0.157 2.46504e-61
0.794 0.206 2.2832e-54
0.794 0.255 8.09464e-48
0.794 0.304 1.09846e-41
0.794 0.353 5.70561e-36
0.794 0.402 1.13437e-30
0.794 0.451 8.63253e-26
0.794 0.5 2.51452e-21
0.794 0.549 2.80354e-17
0.794 0.598 1.19644e-13
0.794 0.647 1.95437e-10
0.794 0.696 1.22196e-07
0.794 0.745 2.92442e-05
0.794 0.794 0.0026789
0.794 0.843 0.0939302
0.794 0.892 1.26063
0.794 0.941 6.47595
0.794 0.99 12.7336
0.843 0.01 8.10034e-85
0.843 0.059 1.33764e-76
0.843 0.108 8.45661e-69
0.843 0.157 2.04637e-61
0.843 0.206 1.89542e-54
0.843 0.255 6.71982e-48
0.843 0.304 9.11892e-42
0.843 0.353 4.73655e-36
0.843 0.402 9.41703e-31
0.843 0.451 7.16636e-26
0.843 0.5 2.08745e-21
0.843 0.549 2.32738e-17
0.843 0.598 9.93231e-14
0.843 0.647 1.62243e-10
0.843 0.696 1.01442e-07
0.843 0.745 2.42773e-05
0.843 0.794 0.0022239
0.843 0.843 0.0779768
0.843 0.892 1.04652
0.843 0.941 5.37606
0.843 0.99 10.5709
0.892 0.01 6.7671e-85
0.892 0.059 1.11748e-76
0.892 0.108 7.06473e-69
0.892 0.157 1.70956e-61
0.892 0.206 1.58345e-54
0.892 0.255 5.6138e-48
0.892 0.304 7.61803e-42
0.892 0.353 3.95696e-36
0.892 0.402 7.86707e-31
0.892 0.451 5.98684e-26
0.892 0.5 1.74387e-21
0.892 0.549 1.94431e-17
0.892 0.598 8.29754e-14
0.892 0.647 1.3554e-10
0.892 0.696 8.47454e-08
0.892 0.745 2.02815e-05
0.892 0.794 0.00185787
0.892 0.843 0.0651425
0.892 0.892 0.874273
0.892 0.941 4.49121
0.892 0.99 8.83105
0.941 0.01 5.39289e-85
0.941 0.059 8.90552e-77
0.941 0.108 5.63008e-69
0.941 0.157 1.36239e-61
0.941 0.206 1.26189e-54
0.941 0.255 4.4738e-48
0.941 0.304 6.07103e-42
0.941 0.353 3.15341e-36
0.941 0.402 6.26949e-31
0.941 0.451 4.77108e-26
0.941 0.5 1.38974e-21
0.941 0.549 1.54948e-17
0.941 0.598 6.61255e-14
0.941 0.647 1.08015e-10
0.941 0.696 6.7536e-08
0.941 0.745 1.61629e-05
0.941 0.794 0.00148059
0.941 0.843 0.0519139
0.941 0.892 0.696733
0.941 0.941 3.57917
0.941 0.99 7.03771
0.99 0.01 6.52198e-85
0.99 0.059 1.077e-76
0.99 0.108 6.80882e-69
0.99 0.157 1.64763e-61
0.99 0.206 1.52609e-54
0.99 0.255 5.41045e-48
0.99 0.304 7.34209e-42
0.99 0.353 3.81363e-36
0.99 0.402 7.58211e-31
0.99 0.451 5.76998e-26
0.99 0.5 1.68071e-21
0.99 0.549 1.87388e-17
0.99 0.598 7.99698e-14
0.99 0.647 1.3063e-10
0.99 0.696 8.16757e-08
0.99 0.745 1.95468e-05
0.99 0.794 0.00179057
0.99 0.843 0.0627829
0.99 0.892 0.842605
0.99 0.941 4.32852
0.99 0.99 8.51116
