0.01 0.01 0.0733131
0.01 0.059 0.113626
0.01 0.108 0.136263
0.01 0.157 0.0815872
0.01 0.206 0.0210305
0.01 0.255 0.00457947
0.01 0.304 0.0174249
0.01 0.353 0.0493826
0.01 0.402 0.0734218
0.01 0.451 0.10162
0.01 0.5 0.105129
0.01 0.549 0.0495193
0.01 0.598 0.0192935
0.01 0.647 0.0478986
0.01 0.696 0.107201
0.01 0.745 0.14173
0.01 0.794 0.138033
0.01 0.843 0.20326
0.01 0.892 0.446214
0.01 0.941 1.08043
0.01 0.99 1.75836
0.059 0.01 0.0963063
0.059 0.059 0.149263
0.059 0.108 0.178999
0.059 0.157 0.107175
0.059 0.206 0.0276262
0.059 0.255 0.00601572
0.059 0.304 0.0228898
0.059 0.353 0.0648704
0.059 0.402 0.0964491
0.059 0.451 0.133492
0.059 0.5 0.1381
0.059 0.549 0.06505
0.059 0.598 0.0253445
0.059 0.647 0.062921
0.059 0.696 0.140823
0.059 0.745 0.186181
0.059 0.794 0.181324
0.059 0.843 0.267008
0.059 0.892 0.58616
0.059 0.941 1.41929
0.059 0.99 2.30983
0.108 0.01 0.0964479
0.108 0.059 0.149482
0.108 0.108 0.179262
0.108 0.157 0.107333
0.108 0.206 0.0276668
0.108 0.255 0.00602457
0.108 0.304 0.0229235
0.108 0.353 0.0649658
0.108 0.402 0.0965909
0.108 0.451 0.133688
0.108 0.5 0.138303
0.108 0.549 0.0651457
0.108 0.598 0.0253818
0.108 0.647 0.0630135
0.108 0.696 0.14103
0.108 0.745 0.186455
0.108 0.794 0.181591
0.108 0.843 0.2674
0.108 0.892 0.587022
0.108 0.941 1.42138
0.108 0.99 2.31323
0.157 0.01 0.137711
0.157 0.059 0.213434
0.157 0.108 0.255954
0.157 0.157 0.153253
0.157 0.206 0.0395034
0.157 0.255 0.00860203
0.157 0.304 0.0327307
0.157 0.353 0.0927597
0.157 0.402 0.137915
0.157 0.451 0.190883
0.157 0.5 0.197472
0.157 0.549 0.0930166
0.157 0.598 0.0362407
0.157 0.647 0.0899722
0.157 0.696 0.201366
0.157 0.745 0.266225
0.157 0.794 0.25928
0.157 0.843 0.381801
0.157 0.892 0.838164
0.157 0.941 2.02948
0.157 0.99 3.30288
0.206 0.01 0.186225
0.206 0.059 0.288626
0.206 0.108 0.346126
0.206 0.157 0.207243
0.206 0.206 0.0534202
0.206 0.255 0.0116325
0.206 0.304 0.0442616
0.206 0.353 0.125438
0.206 0.402 0.186502
0.206 0.451 0.25813
0.206 0.5 0.267041
0.206 0.549 0.125786
0.206 0.598 0.0490081
0.206 0.647 0.121669
0.206 0.696 0.272306
0.206 0.745 0.360014
0.206 0.794 0.350623
0.206 0.843 0.516307
0.206 0.892 1.13344
0.206 0.941 2.74445
0.206 0.99 4.46647
0.255 0.01 0.123547
0.255 0.059 0.191483
0.255 0.108 0.22963
0.255 0.157 0.137491
0.255 0.206 0.0354405
0.255 0.255 0.00771732
0.255 0.304 0.0293644
0.255 0.353 0.0832195
0.255 0.402 0.12373
0.255 0.451 0.171251
0.255 0.5 0.177163
0.255 0.549 0.08345
0.255 0.598 0.0325134
0.255 0.647 0.0807187
0.255 0.696 0.180656
0.255 0.745 0.238844
0.255 0.794 0.232613
0.255 0.843 0.342533
0.255 0.892 0.75196
0.255 0.941 1.82075
0.255 0.99 2.96318
0.304 0.01 0.100533
0.304 0.059 0.155814
0.304 0.108 0.186855
0.304 0.157 0.111879
0.304 0.206 0.0288387
0.304 0.255 0.00627975
0.304 0.304 0.0238945
0.304 0.353 0.0677175
0.304 0.402 0.100682
0.304 0.451 0.139351
0.304 0.5 0.144161
0.304 0.549 0.0679051
0.304 0.598 0.0264569
0.304 0.647 0.0656826
0.304 0.696 0.147004
0.304 0.745 0.194353
0.304 0.794 0.189282
0.304 0.843 0.278727
0.304 0.892 0.611887
0.304 0.941 1.48158
0.304 0.99 2.41121
0.353 0.01 0.184451
0.353 0.059 0.285876
0.353 0.108 0.342828
0.353 0.157 0.205268
0.353 0.206 0.0529112
0.353 0.255 0.0115216
0.353 0.304 0.0438399
0.353 0.353 0.124243
0.353 0.402 0.184724
0.353 0.451 0.25567
0.353 0.5 0.264497
0.353 0.549 0.124587
0.353 0.598 0.0485412
0.353 0.647 0.12051
0.353 0.696 0.269712
0.353 0.745 0.356584
0.353 0.794 0.347282
0.353 0.843 0.511388
0.353 0.892 1.12265
0.353 0.941 2.7183
0.353 0.99 4.42391
0.402 0.01 0.241252
0.402 0.059 0.37391
0.402 0.108 0.4484
0.402 0.157 0.268479
0.402 0.206 0.069205
0.402 0.255 0.0150697
0.402 0.304 0.0573401
0.402 0.353 0.162503
0.402 0.402 0.241609
0.402 0.451 0.334403
0.402 0.5 0.345947
0.402 0.549 0.162953
0.402 0.598 0.0634891
0.402 0.647 0.15762
0.402 0.696 0.352768
0.402 0.745 0.466392
0.402 0.794 0.454225
0.402 0.843 0.668867
0.402 0.892 1.46836
0.402 0.941 3.55539
0.402 0.99 5.78623
0.451 0.01 0.194007
0.451 0.059 0.300686
0.451 0.108 0.360588
0.451 0.157 0.215902
0.451 0.206 0.0556523
0.451 0.255 0.0121185
0.451 0.304 0.046111
0.451 0.353 0.13068
0.451 0.402 0.194294
0.451 0.451 0.268915
0.451 0.5 0.278199
0.451 0.549 0.131042
0.451 0.598 0.0510558
0.451 0.647 0.126753
0.451 0.696 0.283684
0.451 0.745 0.375057
0.451 0.794 0.365273
0.451 0.843 0.53788
0.451 0.892 1.1808
0.451 0.941 2.85912
0.451 0.99 4.65309
0.5 0.01 0.168258
0.5 0.059 0.260779
0.5 0.108 0.312731
0.5 0.157 0.187247
0.5 0.206 0.0482661
0.5 0.255 0.0105101
0.5 0.304 0.0399911
0.5 0.353 0.113336
0.5 0.402 0.168507
0.5 0.451 0.233225
0.5 0.5 0.241276
0.5 0.549 0.11365
0.5 0.598 0.0442797
0.5 0.647 0.10993
0.5 0.696 0.246034
0.5 0.745 0.325279
0.5 0.794 0.316794
0.5 0.843 0.466493
0.5 0.892 1.02409
0.5 0.941 2.47966
0.5 0.99 4.03553
0.549 0.01 0.212771
0.549 0.059 0.329768
0.549 0.108 0.395464
0.549 0.157 0.236784
0.549 0.206 0.0610349
0.549 0.255 0.0132906
0.549 0.304 0.0505708
0.549 0.353 0.143319
0.549 0.402 0.213086
0.549 0.451 0.294925
0.549 0.5 0.305106
0.549 0.549 0.143716
0.549 0.598 0.0559939
0.549 0.647 0.139012
0.549 0.696 0.311122
0.549 0.745 0.411332
0.549 0.794 0.400601
0.549 0.843 0.589903
0.549 0.892 1.29501
0.549 0.941 3.13565
0.549 0.99 5.10313
0.598 0.01 0.207678
0.598 0.059 0.321876
0.598 0.108 0.385999
0.598 0.157 0.231117
0.598 0.206 0.0595742
0.598 0.255 0.0129725
0.598 0.304 0.0493605
0.598 0.353 0.139889
0.598 0.402 0.207986
0.598 0.451 0.287866
0.598 0.5 0.297804
0.598 0.549 0.140276
0.598 0.598 0.0546538
0.598 0.647 0.135685
0.598 0.696 0.303676
0.598 0.745 0.401488
0.598 0.794 0.391014
0.598 0.843 0.575786
0.598 0.892 1.26402
0.598 0.941 3.06061
0.598 0.99 4.981
0.647 0.01 0.135304
0.647 0.059 0.209704
0.647 0.108 0.25148
0.647 0.157 0.150574
0.647 0.206 0.0388129
0.647 0.255 0.00845167
0.647 0.304 0.0321586
0.647 0.353 0.0911384
0.647 0.402 0.135504
0.647 0.451 0.187546
0.647 0.5 0.194021
0.647 0.549 0.0913908
0.647 0.598 0.0356073
0.647 0.647 0.0883996
0.647 0.696 0.197846
0.647 0.745 0.261571
0.647 0.794 0.254748
0.647 0.843 0.375127
0.647 0.892 0.823514
0.647 0.941 1.994
0.647 0.99 3.24515
0.696 0.01 0.152165
0.696 0.059 0.235837
0.696 0.108 0.28282
0.696 0.157 0.169338
0.696 0.206 0.0436498
0.696 0.255 0.00950493
0.696 0.304 0.0361663
0.696 0.353 0.102496
0.696 0.402 0.152391
0.696 0.451 0.210919
0.696 0.5 0.2182
0.696 0.549 0.10278
0.696 0.598 0.0400447
0.696 0.647 0.099416
0.696 0.696 0.222502
0.696 0.745 0.294169
0.696 0.794 0.286495
0.696 0.843 0.421876
0.696 0.892 0.926141
0.696 0.941 2.2425
0.696 0.99 3.64956
0.745 0.01 0.227654
0.745 0.059 0.352836
0.745 0.108 0.423127
0.745 0.157 0.253347
0.745 0.206 0.0653045
0.745 0.255 0.0142203
0.745 0.304 0.0541083
0.745 0.353 0.153344
0.745 0.402 0.227992
0.745 0.451 0.315555
0.745 0.5 0.326449
0.745 0.549 0.153769
0.745 0.598 0.0599108
0.745 0.647 0.148736
0.745 0.696 0.332886
0.745 0.745 0.440106
0.745 0.794 0.428625
0.745 0.843 0.631169
0.745 0.892 1.3856
0.745 0.941 3.355
0.745 0.99 5.46011
0.794 0.01 0.212148
0.794 0.059 0.328803
0.794 0.108 0.394307
0.794 0.157 0.236091
0.794 0.206 0.0608564
0.794 0.255 0.0132517
0.794 0.304 0.0504228
0.794 0.353 0.1429
0.794 0.402 0.212463
0.794 0.451 0.294062
0.794 0.5 0.304213
0.794 0.549 0.143295
0.794 0.598 0.0558301
0.794 0.647 0.138605
0.794 0.696 0.310212
0.794 0.745 0.410129
0.794 0.794 0.39943
0.794 0.843 0.588178
0.794 0.892 1.29122
0.794 0.941 3.12648
0.794 0.99 5.0882
0.843 0.01 0.182323
0.843 0.059 0.282579
0.843 0.108 0.338873
0.843 0.157 0.2029
0.843 0.206 0.0523009
0.843 0.255 0.0113887
0.843 0.304 0.0433342
0.843 0.353 0.12281
0.843 0.402 0.182594
0.843 0.451 0.252721
0.843 0.5 0.261446
0.843 0.549 0.12315
0.843 0.598 0.0479813
0.843 0.647 0.11912
0.843 0.696 0.266601
0.843 0.745 0.352471
0.843 0.794 0.343276
0.843 0.843 0.505489
0.843 0.892 1.1097
0.843 0.941 2.68695
0.843 0.99 4.37288
0.892 0.01 0.52063
0.892 0.059 0.806912
0.892 0.108 0.967663
0.892 0.157 0.579388
0.892 0.206 0.149347
0.892 0.255 0.0325209
0.892 0.304 0.123742
0.892 0.353 0.350688
0.892 0.402 0.521402
0.892 0.451 0.721653
0.892 0.5 0.746566
0.892 0.549 0.351659
0.892 0.598 0.137012
0.892 0.647 0.34015
0.892 0.696 0.761286
0.892 0.745 1.00649
0.892 0.794 0.980235
0.892 0.843 1.44344
0.892 0.892 3.16877
0.892 0.941 7.67266
0.892 0.99 12.4869
0.941 0.01 1.72229
0.941 0.059 2.66934
0.941 0.108 3.20112
0.941 0.157 1.91667
0.941 0.206 0.494054
0.941 0.255 0.107582
0.941 0.304 0.40935
0.941 0.353 1.16011
0.941 0.402 1.72485
0.941 0.451 2.3873
0.941 0.5 2.46971
0.941 0.549 1.16332
0.941 0.598 0.453248
0.941 0.647 1.12525
0.941 0.696 2.51841
0.941 0.745 3.32957
0.941 0.794 3.24271
0.941 0.843 4.77503
0.941 0.892 10.4826
0.941 0.941 25.3819
0.941 0.99 41.3078
0.99 0.01 3.03707
0.99 0.059 4.70708
0.99 0.108 5.64481
0.99 0.157 3.37983
0.99 0.206 0.871208
0.99 0.255 0.189709
0.99 0.304 0.721843
0.99 0.353 2.04572
0.99 0.402 3.04157
0.99 0.451 4.20973
0.99 0.5 4.35506
0.99 0.549 2.05139
0.99 0.598 0.799253
0.99 0.647 1.98425
0.99 0.696 4.44093
0.99 0.745 5.87132
0.99 0.794 5.71815
0.99 0.843 8.42023
0.99 0.892 18.4849
0.99 0.941 44.7581
0.99 0.99 72.8417
