0.01 0.01 4.47177e-13
0.01 0.059 2.64307e-13
0.01 0.108 9.84718e-14
0.01 0.157 4.14643e-14
0.01 0.206 3.20239e-14
0.01 0.255 3.86336e-14
0.01 0.304 3.43112e-14
0.01 0.353 3.00486e-14
0.01 0.402 4.93011e-14
0.01 0.451 7.03167e-14
0.01 0.5 7.02268e-14
0.01 0.549 4.80192e-14
0.01 0.598 3.23145e-14
0.01 0.647 3.35591e-14
0.01 0.696 2.298e-14
0.01 0.745 6.52307e-15
0.01 0.794 7.22076e-16
0.01 0.843 2.52994e-16
0.01 0.892 2.99199e-15
0.01 0.941 1.53676e-14
0.01 0.99 3.02173e-14
0.059 0.01 4.70001e-10
0.059 0.059 2.77798e-10
0.059 0.108 1.03498e-10
0.059 0.157 4.35807e-11
0.059 0.206 3.36585e-11
0.059 0.255 4.06055e-11
0.059 0.304 3.60625e-11
0.059 0.353 3.15823e-11
0.059 0.402 5.18175e-11
0.059 0.451 7.39057e-11
0.059 0.5 7.38112e-11
0.059 0.549 5.04702e-11
0.059 0.598 3.39639e-11
0.059 0.647 3.5272e-11
0.059 0.696 2.41529e-11
0.059 0.745 6.85602e-12
0.059 0.794 7.58932e-13
0.059 0.843 2.65907e-13
0.059 0.892 3.14471e-12
0.059 0.941 1.6152e-11
0.059 0.99 3.17596e-11
0.108 0.01 1.97309e-07
0.108 0.059 1.16621e-07
0.108 0.108 4.3449e-08
0.108 0.157 1.82954e-08
0.108 0.206 1.413e-08
0.108 0.255 1.70464e-08
0.108 0.304 1.51392e-08
0.108 0.353 1.32584e-08
0.108 0.402 2.17533e-08
0.108 0.451 3.1026e-08
0.108 0.5 3.09864e-08
0.108 0.549 2.11877e-08
0.108 0.598 1.42582e-08
0.108 0.647 1.48074e-08
0.108 0.696 1.01395e-08
0.108 0.745 2.8782e-09
0.108 0.794 3.18604e-10
0.108 0.843 1.11629e-10
0.108 0.892 1.32017e-09
0.108 0.941 6.78069e-09
0.108 0.99 1.33329e-08
0.157 0.01 3.1703e-05
0.157 0.059 1.87383e-05
0.157 0.108 6.98124e-06
0.157 0.157 2.93965e-06
0.157 0.206 2.27037e-06
0.157 0.255 2.73897e-06
0.157 0.304 2.43252e-06
0.157 0.353 2.13032e-06
0.157 0.402 3.49525e-06
0.157 0.451 4.98516e-06
0.157 0.5 4.97879e-06
0.157 0.549 3.40437e-06
0.157 0.598 2.29097e-06
0.157 0.647 2.3792e-06
0.157 0.696 1.62919e-06
0.157 0.745 4.62459e-07
0.157 0.794 5.11922e-08
0.157 0.843 1.79362e-08
0.157 0.892 2.1212e-07
0.157 0.941 1.0895e-06
0.157 0.99 2.14228e-06
0.206 0.01 0.0019497
0.206 0.059 0.00115239
0.206 0.108 0.00042934
0.206 0.157 0.000180786
0.206 0.206 0.000139625
0.206 0.255 0.000168444
0.206 0.304 0.000149598
0.206 0.353 0.000131013
0.206 0.402 0.000214954
0.206 0.451 0.000306583
0.206 0.5 0.000306191
0.206 0.549 0.000209365
0.206 0.598 0.000140892
0.206 0.647 0.000146319
0.206 0.696 0.000100193
0.206 0.745 2.84408e-05
0.206 0.794 3.14827e-06
0.206 0.843 1.10306e-06
0.206 0.892 1.30452e-05
0.206 0.941 6.70032e-05
0.206 0.99 0.000131748
0.255 0.01 0.0459037
0.255 0.059 0.0271317
0.255 0.108 0.0101083
0.255 0.157 0.0042564
0.255 0.206 0.00328733
0.255 0.255 0.00396583
0.255 0.304 0.00352212
0.255 0.353 0.00308455
0.255 0.402 0.00506087
0.255 0.451 0.00721816
0.255 0.5 0.00720893
0.255 0.549 0.00492928
0.255 0.598 0.00331716
0.255 0.647 0.00344491
0.255 0.696 0.00235895
0.255 0.745 0.000669607
0.255 0.794 7.41226e-05
0.255 0.843 2.59703e-05
0.255 0.892 0.000307135
0.255 0.941 0.00157752
0.255 0.99 0.00310187
0.304 0.01 0.414589
0.304 0.059 0.245046
0.304 0.108 0.0912956
0.304 0.157 0.0384426
0.304 0.206 0.0296902
0.304 0.255 0.0358182
0.304 0.304 0.0318108
0.304 0.353 0.0278588
0.304 0.402 0.0457083
0.304 0.451 0.0651923
0.304 0.5 0.065109
0.304 0.549 0.0445198
0.304 0.598 0.0299596
0.304 0.647 0.0311135
0.304 0.696 0.0213053
0.304 0.745 0.0060477
0.304 0.794 0.000669454
0.304 0.843 0.000234557
0.304 0.892 0.00277395
0.304 0.941 0.0142477
0.304 0.99 0.0280152
0.353 0.01 1.46313
0.353 0.059 0.864797
0.353 0.108 0.322194
0.353 0.157 0.135669
0.353 0.206 0.10478
0.353 0.255 0.126407
0.353 0.304 0.112264
0.353 0.353 0.0983171
0.353 0.402 0.16131
0.353 0.451 0.230072
0.353 0.5 0.229778
0.353 0.549 0.157116
0.353 0.598 0.105731
0.353 0.647 0.109803
0.353 0.696 0.0751891
0.353 0.745 0.0213431
0.353 0.794 0.00236259
0.353 0.843 0.00082778
0.353 0.892 0.00978962
0.353 0.941 0.0502819
0.353 0.99 0.098869
0.402 0.01 2.34172
0.402 0.059 1.38409
0.402 0.108 0.515665
0.402 0.157 0.217135
0.402 0.206 0.167699
0.402 0.255 0.202312
0.402 0.304 0.179677
0.402 0.353 0.157355
0.402 0.402 0.258174
0.402 0.451 0.368226
0.402 0.5 0.367755
0.402 0.549 0.251461
0.402 0.598 0.169221
0.402 0.647 0.175738
0.402 0.696 0.120339
0.402 0.745 0.0341592
0.402 0.794 0.00378128
0.402 0.843 0.00132485
0.402 0.892 0.0156681
0.402 0.941 0.0804752
0.402 0.99 0.158238
0.451 0.01 3.12729
0.451 0.059 1.84841
0.451 0.108 0.688654
0.451 0.157 0.289977
0.451 0.206 0.223957
0.451 0.255 0.270181
0.451 0.304 0.239952
0.451 0.353 0.210142
0.451 0.402 0.344783
0.451 0.451 0.491753
0.451 0.5 0.491125
0.451 0.549 0.335818
0.451 0.598 0.225989
0.451 0.647 0.234693
0.451 0.696 0.160709
0.451 0.745 0.0456185
0.451 0.794 0.00504977
0.451 0.843 0.00176929
0.451 0.892 0.0209242
0.451 0.941 0.107472
0.451 0.99 0.211322
0.5 0.01 4.41325
0.5 0.059 2.60848
0.5 0.108 0.971831
0.5 0.157 0.409217
0.5 0.206 0.316049
0.5 0.255 0.38128
0.5 0.304 0.338622
0.5 0.353 0.296553
0.5 0.402 0.486559
0.5 0.451 0.693964
0.5 0.5 0.693077
0.5 0.549 0.473908
0.5 0.598 0.318916
0.5 0.647 0.331199
0.5 0.696 0.226793
0.5 0.745 0.0643771
0.5 0.794 0.00712626
0.5 0.843 0.00249683
0.5 0.892 0.0295284
0.5 0.941 0.151665
0.5 0.99 0.298218
0.549 0.01 4.69644
0.549 0.059 2.77587
0.549 0.108 1.03419
0.549 0.157 0.435476
0.549 0.206 0.336329
0.549 0.255 0.405747
0.549 0.304 0.360351
0.549 0.353 0.315583
0.549 0.402 0.517781
0.549 0.451 0.738495
0.549 0.5 0.737551
0.549 0.549 0.504318
0.549 0.598 0.339381
0.549 0.647 0.352452
0.549 0.696 0.241346
0.549 0.745 0.0685081
0.549 0.794 0.00758354
0.549 0.843 0.00265705
0.549 0.892 0.0314232
0.549 0.941 0.161397
0.549 0.99 0.317354
0.598 0.01 5.94073
0.598 0.059 3.51131
0.598 0.108 1.30819
0.598 0.157 0.550852
0.598 0.206 0.425437
0.598 0.255 0.513246
0.598 0.304 0.455823
0.598 0.353 0.399194
0.598 0.402 0.654964
0.598 0.451 0.934154
0.598 0.5 0.93296
0.598 0.549 0.637934
0.598 0.598 0.429297
0.598 0.647 0.445831
0.598 0.696 0.305288
0.598 0.745 0.0866588
0.598 0.794 0.00959275
0.598 0.843 0.00336101
0.598 0.892 0.0397485
0.598 0.941 0.204158
0.598 0.99 0.401435
0.647 0.01 9.9324
0.647 0.059 5.87062
0.647 0.108 2.18719
0.647 0.157 0.920978
0.647 0.206 0.711295
0.647 0.255 0.858105
0.647 0.304 0.762098
0.647 0.353 0.667419
0.647 0.402 1.09504
0.647 0.451 1.56183
0.647 0.5 1.55983
0.647 0.549 1.06657
0.647 0.598 0.717749
0.647 0.647 0.745392
0.647 0.696 0.510417
0.647 0.745 0.144886
0.647 0.794 0.0160383
0.647 0.843 0.00561933
0.647 0.892 0.0664562
0.647 0.941 0.341335
0.647 0.99 0.671166
0.696 0.01 21.1769
0.696 0.059 12.5168
0.696 0.108 4.66333
0.696 0.157 1.96363
0.696 0.206 1.51656
0.696 0.255 1.82957
0.696 0.304 1.62487
0.696 0.353 1.42301
0.696 0.402 2.33475
0.696 0.451 3.32998
0.696 0.5 3.32573
0.696 0.549 2.27405
0.696 0.598 1.53032
0.696 0.647 1.58926
0.696 0.696 1.08826
0.696 0.745 0.308913
0.696 0.794 0.0341953
0.696 0.843 0.011981
0.696 0.892 0.141692
0.696 0.941 0.727763
0.696 0.99 1.431
0.745 0.01 32.9093
0.745 0.059 19.4513
0.745 0.108 7.24688
0.745 0.157 3.0515
0.745 0.206 2.35675
0.745 0.255 2.84318
0.745 0.304 2.52508
0.745 0.353 2.21138
0.745 0.402 3.62824
0.745 0.451 5.17485
0.745 0.5 5.16823
0.745 0.549 3.5339
0.745 0.598 2.37814
0.745 0.647 2.46973
0.745 0.696 1.69118
0.745 0.745 0.480055
0.745 0.794 0.05314
0.745 0.843 0.0186187
0.745 0.892 0.220191
0.745 0.941 1.13095
0.745 0.99 2.22379
0.794 0.01 26.538
0.794 0.059 15.6855
0.794 0.108 5.84386
0.794 0.157 2.46072
0.794 0.206 1.90048
0.794 0.255 2.29273
0.794 0.304 2.03622
0.794 0.353 1.78325
0.794 0.402 2.9258
0.794 0.451 4.17298
0.794 0.5 4.16765
0.794 0.549 2.84973
0.794 0.598 1.91772
0.794 0.647 1.99158
0.794 0.696 1.36376
0.794 0.745 0.387115
0.794 0.794 0.042852
0.794 0.843 0.015014
0.794 0.892 0.177561
0.794 0.941 0.911999
0.794 0.99 1.79326
0.843 0.01 13.5713
0.843 0.059 8.02143
0.843 0.108 2.98851
0.843 0.157 1.2584
0.843 0.206 0.971891
0.843 0.255 1.17249
0.843 0.304 1.04131
0.843 0.353 0.911941
0.843 0.402 1.49623
0.843 0.451 2.13403
0.843 0.5 2.1313
0.843 0.549 1.45733
0.843 0.598 0.98071
0.843 0.647 1.01848
0.843 0.696 0.697417
0.843 0.745 0.197968
0.843 0.794 0.0219142
0.843 0.843 0.00767808
0.843 0.892 0.0908037
0.843 0.941 0.46639
0.843 0.99 0.91706
0.892 0.01 8.44531
0.892 0.059 4.99166
0.892 0.108 1.85972
0.892 0.157 0.783088
0.892 0.206 0.604799
0.892 0.255 0.729628
0.892 0.304 0.647996
0.892 0.353 0.567493
0.892 0.402 0.931093
0.892 0.451 1.32799
0.892 0.5 1.32629
0.892 0.549 0.906883
0.892 0.598 0.610287
0.892 0.647 0.633791
0.892 0.696 0.433996
0.892 0.745 0.123194
0.892 0.794 0.013637
0.892 0.843 0.004778
0.892 0.892 0.0565063
0.892 0.941 0.29023
0.892 0.99 0.570678
0.941 0.01 9.36168
0.941 0.059 5.53329
0.941 0.108 2.06151
0.941 0.157 0.868058
0.941 0.206 0.670423
0.941 0.255 0.808798
0.941 0.304 0.718307
0.941 0.353 0.629069
0.941 0.402 1.03212
0.941 0.451 1.47208
0.941 0.5 1.4702
0.941 0.549 1.00529
0.941 0.598 0.676507
0.941 0.647 0.702562
0.941 0.696 0.481088
0.941 0.745 0.136561
0.941 0.794 0.0151167
0.941 0.843 0.00529644
0.941 0.892 0.0626376
0.941 0.941 0.321722
0.941 0.99 0.6326
0.99 0.01 11.4501
0.99 0.059 6.76764
0.99 0.108 2.52139
0.99 0.157 1.0617
0.99 0.206 0.819979
0.99 0.255 0.989222
0.99 0.304 0.878545
0.99 0.353 0.7694
0.99 0.402 1.26237
0.99 0.451 1.80047
0.99 0.5 1.79817
0.99 0.549 1.22954
0.99 0.598 0.82742
0.99 0.647 0.859287
0.99 0.696 0.588407
0.99 0.745 0.167025
0.99 0.794 0.0184889
0.99 0.843 0.00647795
0.99 0.892 0.0766106
0.99 0.941 0.393491
0.99 0.99 0.773719
