0.01 0.01 0.306227
0.01 0.059 0.236423
0.01 0.108 0.179098
0.01 0.157 0.114505
0.01 0.206 0.0876026
0.01 0.255 0.125682
0.01 0.304 0.118423
0.01 0.353 0.058673
0.01 0.402 0.0462947
0.01 0.451 0.0819329
0.01 0.5 0.11448
0.01 0.549 0.0976318
0.01 0.598 0.0589685
0.01 0.647 0.0869299
0.01 0.696 0.139176
0.01 0.745 0.141177
0.01 0.794 0.144918
0.01 0.843 0.158591
0.01 0.892 0.236993
0.01 0.941 0.664313
0.01 0.99 1.15525
0.059 0.01 0.607254
0.059 0.059 0.468832
0.059 0.108 0.355155
0.059 0.157 0.227065
0.059 0.206 0.173718
0.059 0.255 0.24923
0.059 0.304 0.234836
0.059 0.353 0.11635
0.059 0.402 0.0918032
0.059 0.451 0.162474
0.059 0.5 0.227016
0.059 0.549 0.193606
0.059 0.598 0.116936
0.059 0.647 0.172384
0.059 0.696 0.275988
0.059 0.745 0.279958
0.059 0.794 0.287375
0.059 0.843 0.31449
0.059 0.892 0.469962
0.059 0.941 1.31735
0.059 0.99 2.29088
0.108 0.01 0.983242
0.108 0.059 0.759113
0.108 0.108 0.575052
0.108 0.157 0.367655
0.108 0.206 0.281276
0.108 0.255 0.403544
0.108 0.304 0.380236
0.108 0.353 0.188389
0.108 0.402 0.148644
0.108 0.451 0.263072
0.108 0.5 0.367575
0.108 0.549 0.313478
0.108 0.598 0.189338
0.108 0.647 0.279117
0.108 0.696 0.446868
0.108 0.745 0.453296
0.108 0.794 0.465307
0.108 0.843 0.509209
0.108 0.892 0.760943
0.108 0.941 2.13299
0.108 0.99 3.7093
0.157 0.01 0.926463
0.157 0.059 0.715277
0.157 0.108 0.541844
0.157 0.157 0.346424
0.157 0.206 0.265034
0.157 0.255 0.38024
0.157 0.304 0.358279
0.157 0.353 0.17751
0.157 0.402 0.14006
0.157 0.451 0.247881
0.157 0.5 0.346348
0.157 0.549 0.295376
0.157 0.598 0.178404
0.157 0.647 0.262998
0.157 0.696 0.421063
0.157 0.745 0.42712
0.157 0.794 0.438437
0.157 0.843 0.479804
0.157 0.892 0.717001
0.157 0.941 2.00982
0.157 0.99 3.4951
0.206 0.01 0.575033
0.206 0.059 0.443955
0.206 0.108 0.33631
0.206 0.157 0.215017
0.206 0.206 0.1645
0.206 0.255 0.236006
0.206 0.304 0.222375
0.206 0.353 0.110176
0.206 0.402 0.086932
0.206 0.451 0.153853
0.206 0.5 0.21497
0.206 0.549 0.183333
0.206 0.598 0.110731
0.206 0.647 0.163237
0.206 0.696 0.261344
0.206 0.745 0.265103
0.206 0.794 0.272127
0.206 0.843 0.297803
0.206 0.892 0.445025
0.206 0.941 1.24745
0.206 0.99 2.16932
0.255 0.01 0.669038
0.255 0.059 0.516532
0.255 0.108 0.391289
0.255 0.157 0.250168
0.255 0.206 0.191392
0.255 0.255 0.274588
0.255 0.304 0.258728
0.255 0.353 0.128187
0.255 0.402 0.101143
0.255 0.451 0.179005
0.255 0.5 0.250113
0.255 0.549 0.213304
0.255 0.598 0.128833
0.255 0.647 0.189922
0.255 0.696 0.304068
0.255 0.745 0.308441
0.255 0.794 0.316614
0.255 0.843 0.346487
0.255 0.892 0.517777
0.255 0.941 1.45138
0.255 0.99 2.52396
0.304 0.01 1.03545
0.304 0.059 0.799422
0.304 0.108 0.605587
0.304 0.157 0.387177
0.304 0.206 0.296212
0.304 0.255 0.424971
0.304 0.304 0.400427
0.304 0.353 0.198392
0.304 0.402 0.156537
0.304 0.451 0.277041
0.304 0.5 0.387092
0.304 0.549 0.330124
0.304 0.598 0.199391
0.304 0.647 0.293937
0.304 0.696 0.470597
0.304 0.745 0.477366
0.304 0.794 0.490014
0.304 0.843 0.536248
0.304 0.892 0.801348
0.304 0.941 2.24625
0.304 0.99 3.90626
0.353 0.01 1.09171
0.353 0.059 0.842854
0.353 0.108 0.638488
0.353 0.157 0.408212
0.353 0.206 0.312305
0.353 0.255 0.44806
0.353 0.304 0.422182
0.353 0.353 0.209171
0.353 0.402 0.165041
0.353 0.451 0.292092
0.353 0.5 0.408123
0.353 0.549 0.348059
0.353 0.598 0.210224
0.353 0.647 0.309907
0.353 0.696 0.496164
0.353 0.745 0.5033
0.353 0.794 0.516636
0.353 0.843 0.565381
0.353 0.892 0.844885
0.353 0.941 2.36829
0.353 0.99 4.11849
0.402 0.01 1.02365
0.402 0.059 0.790313
0.402 0.108 0.598686
0.402 0.157 0.382766
0.402 0.206 0.292837
0.402 0.255 0.420129
0.402 0.304 0.395864
0.402 0.353 0.196132
0.402 0.402 0.154753
0.402 0.451 0.273884
0.402 0.5 0.382682
0.402 0.549 0.326362
0.402 0.598 0.197119
0.402 0.647 0.290588
0.402 0.696 0.465235
0.402 0.745 0.471926
0.402 0.794 0.484431
0.402 0.843 0.530137
0.402 0.892 0.792218
0.402 0.941 2.22066
0.402 0.99 3.86175
0.451 0.01 1.16044
0.451 0.059 0.895917
0.451 0.108 0.678685
0.451 0.157 0.433912
0.451 0.206 0.331967
0.451 0.255 0.476268
0.451 0.304 0.448761
0.451 0.353 0.222339
0.451 0.402 0.175432
0.451 0.451 0.310482
0.451 0.5 0.433817
0.451 0.549 0.369972
0.451 0.598 0.223459
0.451 0.647 0.329418
0.451 0.696 0.527401
0.451 0.745 0.534987
0.451 0.794 0.549162
0.451 0.843 0.600976
0.451 0.892 0.898077
0.451 0.941 2.51739
0.451 0.99 4.37777
0.5 0.01 1.01648
0.5 0.059 0.784772
0.5 0.108 0.594489
0.5 0.157 0.380082
0.5 0.206 0.290784
0.5 0.255 0.417183
0.5 0.304 0.393089
0.5 0.353 0.194756
0.5 0.402 0.153668
0.5 0.451 0.271964
0.5 0.5 0.379999
0.5 0.549 0.324074
0.5 0.598 0.195737
0.5 0.647 0.288551
0.5 0.696 0.461973
0.5 0.745 0.468618
0.5 0.794 0.481034
0.5 0.843 0.52642
0.5 0.892 0.786663
0.5 0.941 2.20509
0.5 0.99 3.83468
0.549 0.01 0.956261
0.549 0.059 0.738283
0.549 0.108 0.559272
0.549 0.157 0.357566
0.549 0.206 0.273558
0.549 0.255 0.39247
0.549 0.304 0.369803
0.549 0.353 0.183219
0.549 0.402 0.144565
0.549 0.451 0.255853
0.549 0.5 0.357488
0.549 0.549 0.304876
0.549 0.598 0.184142
0.549 0.647 0.271457
0.549 0.696 0.434606
0.549 0.745 0.440857
0.549 0.794 0.452539
0.549 0.843 0.495236
0.549 0.892 0.740062
0.549 0.941 2.07446
0.549 0.99 3.60752
0.598 0.01 1.29366
0.598 0.059 0.998771
0.598 0.108 0.756599
0.598 0.157 0.483726
0.598 0.206 0.370077
0.598 0.255 0.530945
0.598 0.304 0.50028
0.598 0.353 0.247864
0.598 0.402 0.195572
0.598 0.451 0.346126
0.598 0.5 0.48362
0.598 0.549 0.412446
0.598 0.598 0.249113
0.598 0.647 0.367235
0.598 0.696 0.587948
0.598 0.745 0.596404
0.598 0.794 0.612207
0.598 0.843 0.66997
0.598 0.892 1.00118
0.598 0.941 2.80639
0.598 0.99 4.88035
0.647 0.01 1.5156
0.647 0.059 1.17012
0.647 0.108 0.886402
0.647 0.157 0.566714
0.647 0.206 0.433568
0.647 0.255 0.622034
0.647 0.304 0.586107
0.647 0.353 0.290388
0.647 0.402 0.229124
0.647 0.451 0.405507
0.647 0.5 0.56659
0.647 0.549 0.483205
0.647 0.598 0.29185
0.647 0.647 0.430238
0.647 0.696 0.688816
0.647 0.745 0.698724
0.647 0.794 0.717237
0.647 0.843 0.78491
0.647 0.892 1.17294
0.647 0.941 3.28786
0.647 0.99 5.71762
0.696 0.01 2.60734
0.696 0.059 2.013
0.696 0.108 1.52491
0.696 0.157 0.974941
0.696 0.206 0.745884
0.696 0.255 1.07011
0.696 0.304 1.0083
0.696 0.353 0.499566
0.696 0.402 0.394171
0.696 0.451 0.69761
0.696 0.5 0.974728
0.696 0.549 0.831276
0.696 0.598 0.502082
0.696 0.647 0.740156
0.696 0.696 1.185
0.696 0.745 1.20204
0.696 0.794 1.23389
0.696 0.843 1.35031
0.696 0.892 2.01785
0.696 0.941 5.65623
0.696 0.99 9.83626
0.745 0.01 4.18289
0.745 0.059 3.2294
0.745 0.108 2.44637
0.745 0.157 1.56407
0.745 0.206 1.1966
0.745 0.255 1.71675
0.745 0.304 1.61759
0.745 0.353 0.801439
0.745 0.402 0.632358
0.745 0.451 1.11916
0.745 0.5 1.56373
0.745 0.549 1.33359
0.745 0.598 0.805476
0.745 0.647 1.18741
0.745 0.696 1.90106
0.745 0.745 1.9284
0.745 0.794 1.9795
0.745 0.843 2.16627
0.745 0.892 3.23719
0.745 0.941 9.07413
0.745 0.99 15.78
0.794 0.01 3.6861
0.794 0.059 2.84586
0.794 0.108 2.15583
0.794 0.157 1.37831
0.794 0.206 1.05448
0.794 0.255 1.51285
0.794 0.304 1.42548
0.794 0.353 0.706255
0.794 0.402 0.557255
0.794 0.451 0.986237
0.794 0.5 1.37801
0.794 0.549 1.17521
0.794 0.598 0.709812
0.794 0.647 1.04639
0.794 0.696 1.67528
0.794 0.745 1.69937
0.794 0.794 1.7444
0.794 0.843 1.90899
0.794 0.892 2.85272
0.794 0.941 7.99643
0.794 0.99 13.9059
0.843 0.01 2.09723
0.843 0.059 1.61917
0.843 0.108 1.22657
0.843 0.157 0.7842
0.843 0.206 0.599956
0.843 0.255 0.860749
0.843 0.304 0.811036
0.843 0.353 0.401829
0.843 0.402 0.317054
0.843 0.451 0.561127
0.843 0.5 0.784028
0.843 0.549 0.668642
0.843 0.598 0.403853
0.843 0.647 0.595349
0.843 0.696 0.95316
0.843 0.745 0.96687
0.843 0.794 0.992489
0.843 0.843 1.08613
0.843 0.892 1.62307
0.843 0.941 4.54963
0.843 0.99 7.91186
0.892 0.01 1.76947
0.892 0.059 1.36612
0.892 0.108 1.03488
0.892 0.157 0.661641
0.892 0.206 0.506192
0.892 0.255 0.726227
0.892 0.304 0.684283
0.892 0.353 0.339029
0.892 0.402 0.267503
0.892 0.451 0.473431
0.892 0.5 0.661496
0.892 0.549 0.564143
0.892 0.598 0.340737
0.892 0.647 0.502305
0.892 0.696 0.804196
0.892 0.745 0.815763
0.892 0.794 0.837378
0.892 0.843 0.916385
0.892 0.892 1.36941
0.892 0.941 3.83859
0.892 0.99 6.67535
0.941 0.01 2.66183
0.941 0.059 2.05507
0.941 0.108 1.55678
0.941 0.157 0.995316
0.941 0.206 0.761471
0.941 0.255 1.09247
0.941 0.304 1.02938
0.941 0.353 0.510006
0.941 0.402 0.402409
0.941 0.451 0.712189
0.941 0.5 0.995098
0.941 0.549 0.848648
0.941 0.598 0.512574
0.941 0.647 0.755624
0.941 0.696 1.20976
0.941 0.745 1.22716
0.941 0.794 1.25968
0.941 0.843 1.37853
0.941 0.892 2.06002
0.941 0.941 5.77444
0.941 0.99 10.0418
0.99 0.01 3.71298
0.99 0.059 2.86661
0.99 0.108 2.17155
0.99 0.157 1.38836
0.99 0.206 1.06217
0.99 0.255 1.52389
0.99 0.304 1.43587
0.99 0.353 0.711406
0.99 0.402 0.561319
0.99 0.451 0.99343
0.99 0.5 1.38806
0.99 0.549 1.18378
0.99 0.598 0.714989
0.99 0.647 1.05402
0.99 0.696 1.68749
0.99 0.745 1.71177
0.99 0.794 1.75712
0.99 0.843 1.92291
0.99 0.892 2.87352
0.99 0.941 8.05475
0.99 0.99 14.0073
