0.01 0.01 4.2293e-41
0.01 0.059 3.90534e-37
0.01 0.108 1.40534e-33
0.01 0.157 1.9359e-30
0.01 0.206 1.02123e-27
0.01 0.255 2.06532e-25
0.01 0.304 1.60678e-23
0.01 0.353 4.85812e-22
0.01 0.402 5.8764e-21
0.01 0.451 3.05189e-20
0.01 0.5 7.64604e-20
0.01 0.549 9.91364e-20
0.01 0.598 6.40966e-20
0.01 0.647 3.26776e-20
0.01 0.696 5.27857e-20
0.01 0.745 9.12705e-20
0.01 0.794 1.10191e-19
0.01 0.843 1.31186e-19
0.01 0.892 2.88161e-19
0.01 0.941 9.04867e-19
0.01 0.99 1.64198e-18
0.059 0.01 2.03899e-37
0.059 0.059 1.8828e-33
0.059 0.108 6.77527e-30
0.059 0.157 9.33315e-27
0.059 0.206 4.92344e-24
0.059 0.255 9.9571e-22
0.059 0.304 7.74645e-20
0.059 0.353 2.34215e-18
0.059 0.402 2.83307e-17
0.059 0.451 1.47134e-16
0.059 0.5 3.68623e-16
0.059 0.549 4.77946e-16
0.059 0.598 3.09016e-16
0.059 0.647 1.57542e-16
0.059 0.696 2.54485e-16
0.059 0.745 4.40024e-16
0.059 0.794 5.31241e-16
0.059 0.843 6.32461e-16
0.059 0.892 1.38925e-15
0.059 0.941 4.36245e-15
0.059 0.99 7.91615e-15
0.108 0.01 3.85113e-34
0.108 0.059 3.55614e-30
0.108 0.108 1.27968e-26
0.108 0.157 1.7628e-23
0.108 0.206 9.29914e-21
0.108 0.255 1.88065e-18
0.108 0.304 1.46311e-16
0.108 0.353 4.42372e-15
0.108 0.402 5.35096e-14
0.108 0.451 2.779e-13
0.108 0.5 6.96236e-13
0.108 0.549 9.0272e-13
0.108 0.598 5.83653e-13
0.108 0.647 2.97557e-13
0.108 0.696 4.80658e-13
0.108 0.745 8.31095e-13
0.108 0.794 1.00338e-12
0.108 0.843 1.19456e-12
0.108 0.892 2.62394e-12
0.108 0.941 8.23957e-12
0.108 0.99 1.49516e-11
0.157 0.01 2.78398e-31
0.157 0.059 2.57073e-27
0.157 0.108 9.25078e-24
0.157 0.157 1.27433e-20
0.157 0.206 6.72234e-18
0.157 0.255 1.35952e-15
0.157 0.304 1.05768e-13
0.157 0.353 3.19791e-12
0.157 0.402 3.8682e-11
0.157 0.451 2.00894e-10
0.157 0.5 5.03308e-10
0.157 0.549 6.52576e-10
0.157 0.598 4.21922e-10
0.157 0.647 2.15104e-10
0.157 0.696 3.47467e-10
0.157 0.745 6.00798e-10
0.157 0.794 7.25343e-10
0.157 0.843 8.63547e-10
0.157 0.892 1.89685e-09
0.157 0.941 5.95638e-09
0.157 0.99 1.08085e-08
0.206 0.01 7.70278e-29
0.206 0.059 7.11275e-25
0.206 0.108 2.55953e-21
0.206 0.157 3.52583e-18
0.206 0.206 1.85995e-15
0.206 0.255 3.76155e-13
0.206 0.304 2.92642e-11
0.206 0.353 8.84805e-10
0.206 0.402 1.07026e-08
0.206 0.451 5.55838e-08
0.206 0.5 1.39257e-07
0.206 0.549 1.80556e-07
0.206 0.598 1.16738e-07
0.206 0.647 5.95154e-08
0.206 0.696 9.61381e-08
0.206 0.745 1.6623e-07
0.206 0.794 2.0069e-07
0.206 0.843 2.38928e-07
0.206 0.892 5.24824e-07
0.206 0.941 1.64803e-06
0.206 0.99 2.99053e-06
0.255 0.01 8.15709e-27
0.255 0.059 7.53226e-23
0.255 0.108 2.71049e-19
0.255 0.157 3.73379e-16
0.255 0.206 1.96965e-13
0.255 0.255 3.9834e-11
0.255 0.304 3.09902e-09
0.255 0.353 9.3699e-08
0.255 0.402 1.13339e-06
0.255 0.451 5.88621e-06
0.255 0.5 1.4747e-05
0.255 0.549 1.91205e-05
0.255 0.598 1.23624e-05
0.255 0.647 6.30256e-06
0.255 0.696 1.01808e-05
0.255 0.745 1.76034e-05
0.255 0.794 2.12526e-05
0.255 0.843 2.5302e-05
0.255 0.892 5.55778e-05
0.255 0.941 0.000174522
0.255 0.99 0.000316691
0.304 0.01 3.30636e-25
0.304 0.059 3.05309e-21
0.304 0.108 1.09866e-17
0.304 0.157 1.51344e-14
0.304 0.206 7.9837e-12
0.304 0.255 1.61461e-09
0.304 0.304 1.25614e-07
0.304 0.353 3.79795e-06
0.304 0.402 4.59402e-05
0.304 0.451 0.000238589
0.304 0.5 0.000597747
0.304 0.549 0.000775023
0.304 0.598 0.00050109
0.304 0.647 0.000255465
0.304 0.696 0.000412665
0.304 0.745 0.00071353
0.304 0.794 0.000861444
0.304 0.843 0.00102558
0.304 0.892 0.00225277
0.304 0.941 0.00707401
0.304 0.99 0.0128366
0.353 0.01 5.13208e-24
0.353 0.059 4.73896e-20
0.353 0.108 1.70532e-16
0.353 0.157 2.34913e-13
0.353 0.206 1.23922e-10
0.353 0.255 2.50618e-08
0.353 0.304 1.94976e-06
0.353 0.353 5.89512e-05
0.353 0.402 0.000713077
0.353 0.451 0.00370334
0.353 0.5 0.00927814
0.353 0.549 0.0120298
0.353 0.598 0.00777785
0.353 0.647 0.00396529
0.353 0.696 0.00640532
0.353 0.745 0.0110753
0.353 0.794 0.0133712
0.353 0.843 0.0159189
0.353 0.892 0.0349671
0.353 0.941 0.109802
0.353 0.99 0.199248
0.402 0.01 3.06421e-23
0.402 0.059 2.8295e-19
0.402 0.108 1.0182e-15
0.402 0.157 1.4026e-12
0.402 0.206 7.39901e-10
0.402 0.255 1.49637e-07
0.402 0.304 1.16415e-05
0.402 0.353 0.000351981
0.402 0.402 0.00425758
0.402 0.451 0.0221116
0.402 0.5 0.0553971
0.402 0.549 0.0718264
0.402 0.598 0.0464393
0.402 0.647 0.0236756
0.402 0.696 0.0382443
0.402 0.745 0.0661274
0.402 0.794 0.0798356
0.402 0.843 0.0950471
0.402 0.892 0.208778
0.402 0.941 0.655594
0.402 0.99 1.18965
0.451 0.01 7.34036e-23
0.451 0.059 6.77809e-19
0.451 0.108 2.4391e-15
0.451 0.157 3.35994e-12
0.451 0.206 1.77244e-09
0.451 0.255 3.58457e-07
0.451 0.304 2.78873e-05
0.451 0.353 0.000843174
0.451 0.402 0.0101991
0.451 0.451 0.0529685
0.451 0.5 0.132704
0.451 0.549 0.172061
0.451 0.598 0.111246
0.451 0.647 0.0567152
0.451 0.696 0.0916148
0.451 0.745 0.158409
0.451 0.794 0.191247
0.451 0.843 0.227687
0.451 0.892 0.500131
0.451 0.941 1.57048
0.451 0.99 2.84982
0.5 0.01 9.56586e-23
0.5 0.059 8.83312e-19
0.5 0.108 3.1786e-15
0.5 0.157 4.37863e-12
0.5 0.206 2.30982e-09
0.5 0.255 4.67135e-07
0.5 0.304 3.63423e-05
0.5 0.353 0.00109881
0.5 0.402 0.0132913
0.5 0.451 0.0690278
0.5 0.5 0.172939
0.5 0.549 0.224227
0.5 0.598 0.144974
0.5 0.647 0.0739104
0.5 0.696 0.119391
0.5 0.745 0.206436
0.5 0.794 0.249231
0.5 0.843 0.296718
0.5 0.892 0.651764
0.5 0.941 2.04663
0.5 0.99 3.71385
0.549 0.01 1.34602e-22
0.549 0.059 1.24291e-18
0.549 0.108 4.47262e-15
0.549 0.157 6.16119e-12
0.549 0.206 3.25016e-09
0.549 0.255 6.57308e-07
0.549 0.304 5.11374e-05
0.549 0.353 0.00154614
0.549 0.402 0.0187022
0.549 0.451 0.0971293
0.549 0.5 0.243343
0.549 0.549 0.315511
0.549 0.598 0.203994
0.549 0.647 0.104
0.549 0.696 0.167996
0.549 0.745 0.290477
0.549 0.794 0.350693
0.549 0.843 0.417513
0.549 0.892 0.917099
0.549 0.941 2.87983
0.549 0.99 5.22577
0.598 0.01 1.44344e-22
0.598 0.059 1.33287e-18
0.598 0.108 4.79634e-15
0.598 0.157 6.60712e-12
0.598 0.206 3.4854e-09
0.598 0.255 7.04883e-07
0.598 0.304 5.48386e-05
0.598 0.353 0.00165805
0.598 0.402 0.0200559
0.598 0.451 0.104159
0.598 0.5 0.260955
0.598 0.549 0.338347
0.598 0.598 0.218758
0.598 0.647 0.111527
0.598 0.696 0.180155
0.598 0.745 0.311502
0.598 0.794 0.376076
0.598 0.843 0.447732
0.598 0.892 0.983477
0.598 0.941 3.08826
0.598 0.99 5.604
0.647 0.01 7.03997e-23
0.647 0.059 6.50071e-19
0.647 0.108 2.33929e-15
0.647 0.157 3.22244e-12
0.647 0.206 1.69991e-09
0.647 0.255 3.43787e-07
0.647 0.304 2.6746e-05
0.647 0.353 0.000808669
0.647 0.402 0.0097817
0.647 0.451 0.0508009
0.647 0.5 0.127274
0.647 0.549 0.16502
0.647 0.598 0.106693
0.647 0.647 0.0543942
0.647 0.696 0.0878656
0.647 0.745 0.151926
0.647 0.794 0.183421
0.647 0.843 0.218369
0.647 0.892 0.479664
0.647 0.941 1.50622
0.647 0.99 2.7332
0.696 0.01 3.63892e-23
0.696 0.059 3.36018e-19
0.696 0.108 1.20916e-15
0.696 0.157 1.66566e-12
0.696 0.206 8.78674e-10
0.696 0.255 1.77702e-07
0.696 0.304 1.38249e-05
0.696 0.353 0.000417997
0.696 0.402 0.00505611
0.696 0.451 0.0262587
0.696 0.5 0.0657871
0.696 0.549 0.0852978
0.696 0.598 0.0551492
0.696 0.647 0.0281161
0.696 0.696 0.0454173
0.696 0.745 0.0785299
0.696 0.794 0.0948092
0.696 0.843 0.112874
0.696 0.892 0.247936
0.696 0.941 0.778555
0.696 0.99 1.41278
0.745 0.01 7.85286e-23
0.745 0.059 7.25134e-19
0.745 0.108 2.6094e-15
0.745 0.157 3.59453e-12
0.745 0.206 1.89619e-09
0.745 0.255 3.83484e-07
0.745 0.304 2.98344e-05
0.745 0.353 0.000902044
0.745 0.402 0.0109112
0.745 0.451 0.0566668
0.745 0.5 0.14197
0.745 0.549 0.184074
0.745 0.598 0.119013
0.745 0.647 0.060675
0.745 0.696 0.0980113
0.745 0.745 0.169469
0.745 0.794 0.2046
0.745 0.843 0.243584
0.745 0.892 0.53505
0.745 0.941 1.68014
0.745 0.99 3.04879
0.794 0.01 1.40322e-22
0.794 0.059 1.29573e-18
0.794 0.108 4.66271e-15
0.794 0.157 6.42303e-12
0.794 0.206 3.38829e-09
0.794 0.255 6.85243e-07
0.794 0.304 5.33107e-05
0.794 0.353 0.00161185
0.794 0.402 0.0194971
0.794 0.451 0.101257
0.794 0.5 0.253685
0.794 0.549 0.32892
0.794 0.598 0.212663
0.794 0.647 0.10842
0.794 0.696 0.175135
0.794 0.745 0.302823
0.794 0.794 0.365598
0.794 0.843 0.435257
0.794 0.892 0.956075
0.794 0.941 3.00222
0.794 0.99 5.44786
0.843 0.01 1.98525e-22
0.843 0.059 1.83318e-18
0.843 0.108 6.5967e-15
0.843 0.157 9.08718e-12
0.843 0.206 4.79368e-09
0.843 0.255 9.69468e-07
0.843 0.304 7.54229e-05
0.843 0.353 0.00228042
0.843 0.402 0.027584
0.843 0.451 0.143257
0.843 0.5 0.358908
0.843 0.549 0.46535
0.843 0.598 0.300871
0.843 0.647 0.15339
0.843 0.696 0.247778
0.843 0.745 0.428427
0.843 0.794 0.51724
0.843 0.843 0.615793
0.843 0.892 1.35264
0.843 0.941 4.24747
0.843 0.99 7.70752
0.892 0.01 4.76074e-22
0.892 0.059 4.39607e-18
0.892 0.108 1.58193e-14
0.892 0.157 2.17916e-11
0.892 0.206 1.14955e-08
0.892 0.255 2.32484e-06
0.892 0.304 0.000180869
0.892 0.353 0.00546858
0.892 0.402 0.0661482
0.892 0.451 0.343538
0.892 0.5 0.860682
0.892 0.549 1.11594
0.892 0.598 0.721508
0.892 0.647 0.367838
0.892 0.696 0.594186
0.892 0.745 1.02739
0.892 0.794 1.24037
0.892 0.843 1.47671
0.892 0.892 3.2437
0.892 0.941 10.1857
0.892 0.99 18.4831
0.941 0.01 1.8671e-21
0.941 0.059 1.72408e-17
0.941 0.108 6.2041e-14
0.941 0.157 8.54636e-11
0.941 0.206 4.50839e-08
0.941 0.255 9.11771e-06
0.941 0.304 0.000709341
0.941 0.353 0.021447
0.941 0.402 0.259424
0.941 0.451 1.34731
0.941 0.5 3.37547
0.941 0.549 4.37655
0.941 0.598 2.82965
0.941 0.647 1.44261
0.941 0.696 2.33032
0.941 0.745 4.02929
0.941 0.794 4.86457
0.941 0.843 5.79144
0.941 0.892 12.7213
0.941 0.941 39.9469
0.941 0.99 72.4881
0.99 0.01 3.59087e-21
0.99 0.059 3.31581e-17
0.99 0.108 1.1932e-13
0.99 0.157 1.64367e-10
0.99 0.206 8.67071e-08
0.99 0.255 1.75355e-05
0.99 0.304 0.00136423
0.99 0.353 0.0412477
0.99 0.402 0.498934
0.99 0.451 2.5912
0.99 0.5 6.49185
0.99 0.549 8.41715
0.99 0.598 5.4421
0.99 0.647 2.77448
0.99 0.696 4.48176
0.99 0.745 7.7493
0.99 0.794 9.35573
0.99 0.843 11.1383
0.99 0.892 24.4662
0.99 0.941 76.8274
0.99 0.99 139.412
