0.01 0.01 9.36417
0.01 0.059 5.50335
0.01 0.108 2.02271
0.01 0.157 1.25465
0.01 0.206 1.50332
0.01 0.255 1.82743
0.01 0.304 1.19899
0.01 0.353 0.889779
0.01 0.402 1.79343
0.01 0.451 2.93077
0.01 0.5 5.06995
0.01 0.549 10.5586
0.01 0.598 13.8232
0.01 0.647 8.79975
0.01 0.696 2.54873
0.01 0.745 0.322386
0.01 0.794 0.0175721
0.01 0.843 0.0129166
0.01 0.892 0.168305
0.01 0.941 0.864633
0.01 0.99 1.70017
0.059 0.01 6.36916
0.059 0.059 3.74318
0.059 0.108 1.37577
0.059 0.157 0.853368
0.059 0.206 1.0225
0.059 0.255 1.24295
0.059 0.304 0.815511
0.059 0.353 0.605195
0.059 0.402 1.21983
0.059 0.451 1.99341
0.059 0.5 3.4484
0.059 0.549 7.1816
0.059 0.598 9.40201
0.059 0.647 5.98527
0.059 0.696 1.73355
0.059 0.745 0.219275
0.059 0.794 0.0119519
0.059 0.843 0.0087854
0.059 0.892 0.114475
0.059 0.941 0.588091
0.059 0.99 1.15639
0.108 0.01 3.10543
0.108 0.059 1.82507
0.108 0.108 0.670789
0.108 0.157 0.416079
0.108 0.206 0.498543
0.108 0.255 0.606029
0.108 0.304 0.397621
0.108 0.353 0.295077
0.108 0.402 0.594755
0.108 0.451 0.97193
0.108 0.5 1.68134
0.108 0.549 3.50155
0.108 0.598 4.58416
0.108 0.647 2.91825
0.108 0.696 0.845231
0.108 0.745 0.106913
0.108 0.794 0.00582743
0.108 0.843 0.00428352
0.108 0.892 0.0558147
0.108 0.941 0.286737
0.108 0.99 0.563826
0.157 0.01 1.89283
0.157 0.059 1.11242
0.157 0.108 0.408861
0.157 0.157 0.253609
0.157 0.206 0.303873
0.157 0.255 0.369388
0.157 0.304 0.242359
0.157 0.353 0.179856
0.157 0.402 0.362517
0.157 0.451 0.592413
0.157 0.5 1.02482
0.157 0.549 2.13427
0.157 0.598 2.79415
0.157 0.647 1.77874
0.157 0.696 0.515188
0.157 0.745 0.0651656
0.157 0.794 0.00355195
0.157 0.843 0.0026109
0.157 0.892 0.0340203
0.157 0.941 0.174773
0.157 0.99 0.343665
0.206 0.01 1.99054
0.206 0.059 1.16984
0.206 0.108 0.429966
0.206 0.157 0.266701
0.206 0.206 0.319559
0.206 0.255 0.388456
0.206 0.304 0.254869
0.206 0.353 0.18914
0.206 0.402 0.38123
0.206 0.451 0.622993
0.206 0.5 1.07772
0.206 0.549 2.24444
0.206 0.598 2.93838
0.206 0.647 1.87056
0.206 0.696 0.541782
0.206 0.745 0.0685294
0.206 0.794 0.0037353
0.206 0.843 0.00274568
0.206 0.892 0.0357764
0.206 0.941 0.183795
0.206 0.99 0.361404
0.255 0.01 1.64473
0.255 0.059 0.966611
0.255 0.108 0.355269
0.255 0.157 0.220367
0.255 0.206 0.264043
0.255 0.255 0.320971
0.255 0.304 0.210592
0.255 0.353 0.156281
0.255 0.402 0.315
0.255 0.451 0.514762
0.255 0.5 0.890488
0.255 0.549 1.85452
0.255 0.598 2.42791
0.255 0.647 1.54559
0.255 0.696 0.447659
0.255 0.745 0.056624
0.255 0.794 0.00308638
0.255 0.843 0.00226868
0.255 0.892 0.0295611
0.255 0.941 0.151864
0.255 0.99 0.298619
0.304 0.01 1.18762
0.304 0.059 0.697968
0.304 0.108 0.256532
0.304 0.157 0.159122
0.304 0.206 0.190659
0.304 0.255 0.231766
0.304 0.304 0.152063
0.304 0.353 0.112847
0.304 0.402 0.227454
0.304 0.451 0.371698
0.304 0.5 0.643001
0.304 0.549 1.33911
0.304 0.598 1.75314
0.304 0.647 1.11604
0.304 0.696 0.323245
0.304 0.745 0.0408869
0.304 0.794 0.0022286
0.304 0.843 0.00163816
0.304 0.892 0.0213454
0.304 0.941 0.109658
0.304 0.99 0.215626
0.353 0.01 1.66348
0.353 0.059 0.977631
0.353 0.108 0.35932
0.353 0.157 0.22288
0.353 0.206 0.267053
0.353 0.255 0.32463
0.353 0.304 0.212993
0.353 0.353 0.158063
0.353 0.402 0.318591
0.353 0.451 0.520631
0.353 0.5 0.90064
0.353 0.549 1.87567
0.353 0.598 2.45559
0.353 0.647 1.56321
0.353 0.696 0.452763
0.353 0.745 0.0572696
0.353 0.794 0.00312157
0.353 0.843 0.00229454
0.353 0.892 0.0298981
0.353 0.941 0.153596
0.353 0.99 0.302023
0.402 0.01 2.63402
0.402 0.059 1.54802
0.402 0.108 0.568961
0.402 0.157 0.352917
0.402 0.206 0.422863
0.402 0.255 0.514032
0.402 0.304 0.337261
0.402 0.353 0.250283
0.402 0.402 0.504469
0.402 0.451 0.824388
0.402 0.5 1.42611
0.402 0.549 2.97
0.402 0.598 3.88827
0.402 0.647 2.47525
0.402 0.696 0.716923
0.402 0.745 0.0906829
0.402 0.794 0.00494281
0.402 0.843 0.00363327
0.402 0.892 0.0473419
0.402 0.941 0.24321
0.402 0.99 0.478235
0.451 0.01 4.16141
0.451 0.059 2.44567
0.451 0.108 0.898886
0.451 0.157 0.557563
0.451 0.206 0.668069
0.451 0.255 0.812105
0.451 0.304 0.532829
0.451 0.353 0.395415
0.451 0.402 0.796997
0.451 0.451 1.30243
0.451 0.5 2.25307
0.451 0.549 4.69223
0.451 0.598 6.14297
0.451 0.647 3.91058
0.451 0.696 1.13265
0.451 0.745 0.143267
0.451 0.794 0.00780901
0.451 0.843 0.0057401
0.451 0.892 0.0747941
0.451 0.941 0.38424
0.451 0.99 0.755551
0.5 0.01 5.70501
0.5 0.059 3.35285
0.5 0.108 1.23231
0.5 0.157 0.764381
0.5 0.206 0.915877
0.5 0.255 1.11334
0.5 0.304 0.730472
0.5 0.353 0.542087
0.5 0.402 1.09263
0.5 0.451 1.78554
0.5 0.5 3.08881
0.5 0.549 6.43272
0.5 0.598 8.4216
0.5 0.647 5.36114
0.5 0.696 1.55278
0.5 0.745 0.19641
0.5 0.794 0.0107056
0.5 0.843 0.00786928
0.5 0.892 0.102538
0.5 0.941 0.526767
0.5 0.99 1.03581
0.549 0.01 4.83352
0.549 0.059 2.84067
0.549 0.108 1.04406
0.549 0.157 0.647615
0.549 0.206 0.775968
0.549 0.255 0.943267
0.549 0.304 0.618886
0.549 0.353 0.459278
0.549 0.402 0.925719
0.549 0.451 1.51278
0.549 0.5 2.61696
0.549 0.549 5.45006
0.549 0.598 7.13512
0.549 0.647 4.54218
0.549 0.696 1.31558
0.549 0.745 0.166406
0.549 0.794 0.00907024
0.549 0.843 0.00666718
0.549 0.892 0.086874
0.549 0.941 0.446299
0.549 0.99 0.877579
0.598 0.01 2.59144
0.598 0.059 1.523
0.598 0.108 0.559764
0.598 0.157 0.347212
0.598 0.206 0.416027
0.598 0.255 0.505723
0.598 0.304 0.331809
0.598 0.353 0.246237
0.598 0.402 0.496315
0.598 0.451 0.811062
0.598 0.5 1.40306
0.598 0.549 2.92199
0.598 0.598 3.82542
0.598 0.647 2.43524
0.598 0.696 0.705334
0.598 0.745 0.089217
0.598 0.794 0.00486291
0.598 0.843 0.00357454
0.598 0.892 0.0465766
0.598 0.941 0.239278
0.598 0.99 0.470505
0.647 0.01 1.5605
0.647 0.059 0.917111
0.647 0.108 0.337076
0.647 0.157 0.209082
0.647 0.206 0.250521
0.647 0.255 0.304534
0.647 0.304 0.199807
0.647 0.353 0.148278
0.647 0.402 0.298869
0.647 0.451 0.488402
0.647 0.5 0.844887
0.647 0.549 1.75955
0.647 0.598 2.30357
0.647 0.647 1.46644
0.647 0.696 0.424735
0.647 0.745 0.0537243
0.647 0.794 0.00292833
0.647 0.843 0.0021525
0.647 0.892 0.0280473
0.647 0.941 0.144088
0.647 0.99 0.283326
0.696 0.01 1.62533
0.696 0.059 0.95521
0.696 0.108 0.351079
0.696 0.157 0.217768
0.696 0.206 0.260929
0.696 0.255 0.317185
0.696 0.304 0.208108
0.696 0.353 0.154438
0.696 0.402 0.311284
0.696 0.451 0.508691
0.696 0.5 0.879986
0.696 0.549 1.83265
0.696 0.598 2.39927
0.696 0.647 1.52736
0.696 0.696 0.442379
0.696 0.745 0.0559562
0.696 0.794 0.00304998
0.696 0.843 0.00224192
0.696 0.892 0.0292125
0.696 0.941 0.150073
0.696 0.99 0.295097
0.745 0.01 1.39366
0.745 0.059 0.819057
0.745 0.108 0.301037
0.745 0.157 0.186728
0.745 0.206 0.223737
0.745 0.255 0.271974
0.745 0.304 0.178445
0.745 0.353 0.132425
0.745 0.402 0.266915
0.745 0.451 0.436184
0.745 0.5 0.754555
0.745 0.549 1.57143
0.745 0.598 2.05729
0.745 0.647 1.30966
0.745 0.696 0.379324
0.745 0.745 0.0479803
0.745 0.794 0.00261524
0.745 0.843 0.00192236
0.745 0.892 0.0250486
0.745 0.941 0.128682
0.745 0.99 0.253034
0.794 0.01 0.852912
0.794 0.059 0.501259
0.794 0.108 0.184233
0.794 0.157 0.114277
0.794 0.206 0.136926
0.794 0.255 0.166447
0.794 0.304 0.109207
0.794 0.353 0.0810433
0.794 0.402 0.16335
0.794 0.451 0.266942
0.794 0.5 0.461784
0.794 0.549 0.961707
0.794 0.598 1.25905
0.794 0.647 0.801503
0.794 0.696 0.232144
0.794 0.745 0.0293637
0.794 0.794 0.00160052
0.794 0.843 0.00117648
0.794 0.892 0.0153296
0.794 0.941 0.0787529
0.794 0.99 0.154856
0.843 0.01 1.17902
0.843 0.059 0.692913
0.843 0.108 0.254674
0.843 0.157 0.15797
0.843 0.206 0.189279
0.843 0.255 0.230087
0.843 0.304 0.150962
0.843 0.353 0.11203
0.843 0.402 0.225807
0.843 0.451 0.369006
0.843 0.5 0.638344
0.843 0.549 1.32941
0.843 0.598 1.74044
0.843 0.647 1.10795
0.843 0.696 0.320904
0.843 0.745 0.0405908
0.843 0.794 0.00221246
0.843 0.843 0.0016263
0.843 0.892 0.0211908
0.843 0.941 0.108864
0.843 0.99 0.214064
0.892 0.01 1.94191
0.892 0.059 1.14127
0.892 0.108 0.419462
0.892 0.157 0.260185
0.892 0.206 0.311752
0.892 0.255 0.378966
0.892 0.304 0.248643
0.892 0.353 0.184519
0.892 0.402 0.371916
0.892 0.451 0.607774
0.892 0.5 1.05139
0.892 0.549 2.18961
0.892 0.598 2.8666
0.892 0.647 1.82486
0.892 0.696 0.528546
0.892 0.745 0.0668553
0.892 0.794 0.00364405
0.892 0.843 0.0026786
0.892 0.892 0.0349024
0.892 0.941 0.179304
0.892 0.99 0.352575
0.941 0.01 2.26439
0.941 0.059 1.33079
0.941 0.108 0.48912
0.941 0.157 0.303393
0.941 0.206 0.363524
0.941 0.255 0.441899
0.941 0.304 0.289934
0.941 0.353 0.215162
0.941 0.402 0.433679
0.941 0.451 0.708704
0.941 0.5 1.22599
0.941 0.549 2.55323
0.941 0.598 3.34264
0.941 0.647 2.12791
0.941 0.696 0.616319
0.941 0.745 0.0779576
0.941 0.794 0.0042492
0.941 0.843 0.00312342
0.941 0.892 0.0406985
0.941 0.941 0.209081
0.941 0.99 0.411126
0.99 0.01 2.28284
0.99 0.059 1.34163
0.99 0.108 0.493105
0.99 0.157 0.305864
0.99 0.206 0.366485
0.99 0.255 0.445499
0.99 0.304 0.292296
0.99 0.353 0.216914
0.99 0.402 0.437211
0.99 0.451 0.714477
0.99 0.5 1.23597
0.99 0.549 2.57403
0.99 0.598 3.36987
0.99 0.647 2.14524
0.99 0.696 0.62134
0.99 0.745 0.0785927
0.99 0.794 0.00428381
0.99 0.843 0.00314886
0.99 0.892 0.04103
0.99 0.941 0.210784
0.99 0.99 0.414475
