0.01 0.01 2.56173e-87
0.01 0.059 4.23029e-79
0.01 0.108 2.67439e-71
0.01 0.157 6.47163e-64
0.01 0.206 5.99424e-57
0.01 0.255 2.12514e-50
0.01 0.304 2.88385e-44
0.01 0.353 1.49793e-38
0.01 0.402 2.97813e-33
0.01 0.451 2.26635e-28
0.01 0.5 6.60154e-24
0.01 0.549 7.36031e-20
0.01 0.598 3.14108e-16
0.01 0.647 5.13093e-13
0.01 0.696 3.20809e-10
0.01 0.745 7.67767e-08
0.01 0.794 7.03308e-06
0.01 0.843 0.000246601
0.01 0.892 0.00330961
0.01 0.941 0.0170017
0.01 0.99 0.0334305
0.059 0.01 3.33125e-86
0.059 0.059 5.50104e-78
0.059 0.108 3.47777e-70
0.059 0.157 8.41566e-63
0.059 0.206 7.79487e-56
0.059 0.255 2.76352e-49
0.059 0.304 3.75014e-43
0.059 0.353 1.9479e-37
0.059 0.402 3.87274e-32
0.059 0.451 2.94715e-27
0.059 0.5 8.58461e-23
0.059 0.549 9.5713e-19
0.059 0.598 4.08465e-15
0.059 0.647 6.67223e-12
0.059 0.696 4.17178e-09
0.059 0.745 9.98399e-07
0.059 0.794 9.14577e-05
0.059 0.843 0.00320678
0.059 0.892 0.043038
0.059 0.941 0.22109
0.059 0.99 0.434728
0.108 0.01 2.293e-85
0.108 0.059 3.78654e-77
0.108 0.108 2.39385e-69
0.108 0.157 5.79276e-62
0.108 0.206 5.36545e-55
0.108 0.255 1.90221e-48
0.108 0.304 2.58134e-42
0.108 0.353 1.3408e-36
0.108 0.402 2.66573e-31
0.108 0.451 2.02862e-26
0.108 0.5 5.90905e-22
0.108 0.549 6.58822e-18
0.108 0.598 2.81159e-14
0.108 0.647 4.59271e-11
0.108 0.696 2.87156e-08
0.108 0.745 6.87229e-06
0.108 0.794 0.000629532
0.108 0.843 0.0220733
0.108 0.892 0.296244
0.108 0.941 1.52183
0.108 0.99 2.99236
0.157 0.01 7.2136e-85
0.157 0.059 1.19121e-76
0.157 0.108 7.53086e-69
0.157 0.157 1.82235e-61
0.157 0.206 1.68792e-54
0.157 0.255 5.9842e-48
0.157 0.304 8.12068e-42
0.157 0.353 4.21804e-36
0.157 0.402 8.38615e-31
0.157 0.451 6.38186e-26
0.157 0.5 1.85894e-21
0.157 0.549 2.0726e-17
0.157 0.598 8.84502e-14
0.157 0.647 1.44483e-10
0.157 0.696 9.0337e-08
0.157 0.745 2.16196e-05
0.157 0.794 0.00198045
0.157 0.843 0.0694407
0.157 0.892 0.931959
0.157 0.941 4.78754
0.157 0.99 9.41373
0.206 0.01 1.24043e-84
0.206 0.059 2.04837e-76
0.206 0.108 1.29498e-68
0.206 0.157 3.13366e-61
0.206 0.206 2.9025e-54
0.206 0.255 1.02902e-47
0.206 0.304 1.39641e-41
0.206 0.353 7.25321e-36
0.206 0.402 1.44206e-30
0.206 0.451 1.0974e-25
0.206 0.5 3.19657e-21
0.206 0.549 3.56398e-17
0.206 0.598 1.52096e-13
0.206 0.647 2.48448e-10
0.206 0.696 1.55341e-07
0.206 0.745 3.71765e-05
0.206 0.794 0.00340553
0.206 0.843 0.119408
0.206 0.892 1.60257
0.206 0.941 8.23251
0.206 0.99 16.1876
0.255 0.01 1.65942e-84
0.255 0.059 2.74027e-76
0.255 0.108 1.7324e-68
0.255 0.157 4.19215e-61
0.255 0.206 3.88291e-54
0.255 0.255 1.37661e-47
0.255 0.304 1.86809e-41
0.255 0.353 9.70321e-36
0.255 0.402 1.92916e-30
0.255 0.451 1.46809e-25
0.255 0.5 4.27631e-21
0.255 0.549 4.76782e-17
0.255 0.598 2.03471e-13
0.255 0.647 3.32369e-10
0.255 0.696 2.07812e-07
0.255 0.745 4.9734e-05
0.255 0.794 0.00455585
0.255 0.843 0.159742
0.255 0.892 2.14388
0.255 0.941 11.0133
0.255 0.99 21.6554
0.304 0.01 1.94035e-84
0.304 0.059 3.20418e-76
0.304 0.108 2.02569e-68
0.304 0.157 4.90185e-61
0.304 0.206 4.54026e-54
0.304 0.255 1.60966e-47
0.304 0.304 2.18434e-41
0.304 0.353 1.13459e-35
0.304 0.402 2.25574e-30
0.304 0.451 1.71662e-25
0.304 0.5 5.00025e-21
0.304 0.549 5.57497e-17
0.304 0.598 2.37917e-13
0.304 0.647 3.88636e-10
0.304 0.696 2.42993e-07
0.304 0.745 5.81535e-05
0.304 0.794 0.00532712
0.304 0.843 0.186785
0.304 0.892 2.50683
0.304 0.941 12.8777
0.304 0.99 25.3215
0.353 0.01 1.7383e-84
0.353 0.059 2.87054e-76
0.353 0.108 1.81476e-68
0.353 0.157 4.39143e-61
0.353 0.206 4.06749e-54
0.353 0.255 1.44205e-47
0.353 0.304 1.95689e-41
0.353 0.353 1.01645e-35
0.353 0.402 2.02086e-30
0.353 0.451 1.53787e-25
0.353 0.5 4.47959e-21
0.353 0.549 4.99446e-17
0.353 0.598 2.13144e-13
0.353 0.647 3.48168e-10
0.353 0.696 2.1769e-07
0.353 0.745 5.20981e-05
0.353 0.794 0.00477241
0.353 0.843 0.167335
0.353 0.892 2.24579
0.353 0.941 11.5368
0.353 0.99 22.6848
0.402 0.01 1.33974e-84
0.402 0.059 2.21236e-76
0.402 0.108 1.39866e-68
0.402 0.157 3.38454e-61
0.402 0.206 3.13487e-54
0.402 0.255 1.11141e-47
0.402 0.304 1.5082e-41
0.402 0.353 7.8339e-36
0.402 0.402 1.55751e-30
0.402 0.451 1.18526e-25
0.402 0.5 3.45248e-21
0.402 0.549 3.8493e-17
0.402 0.598 1.64273e-13
0.402 0.647 2.68338e-10
0.402 0.696 1.67777e-07
0.402 0.745 4.01528e-05
0.402 0.794 0.00367817
0.402 0.843 0.128968
0.402 0.892 1.73087
0.402 0.941 8.89159
0.402 0.99 17.4835
0.451 0.01 1.12268e-84
0.451 0.059 1.85394e-76
0.451 0.108 1.17206e-68
0.451 0.157 2.83621e-61
0.451 0.206 2.62699e-54
0.451 0.255 9.31347e-48
0.451 0.304 1.26386e-41
0.451 0.353 6.56472e-36
0.451 0.402 1.30517e-30
0.451 0.451 9.93236e-26
0.451 0.5 2.89314e-21
0.451 0.549 3.22568e-17
0.451 0.598 1.37659e-13
0.451 0.647 2.24865e-10
0.451 0.696 1.40595e-07
0.451 0.745 3.36476e-05
0.451 0.794 0.00308227
0.451 0.843 0.108074
0.451 0.892 1.45045
0.451 0.941 7.45106
0.451 0.99 14.651
0.5 0.01 1.44836e-84
0.5 0.059 2.39174e-76
0.5 0.108 1.51206e-68
0.5 0.157 3.65895e-61
0.5 0.206 3.38904e-54
0.5 0.255 1.20152e-47
0.5 0.304 1.63048e-41
0.5 0.353 8.46906e-36
0.5 0.402 1.68379e-30
0.5 0.451 1.28136e-25
0.5 0.5 3.73241e-21
0.5 0.549 4.1614e-17
0.5 0.598 1.77592e-13
0.5 0.647 2.90095e-10
0.5 0.696 1.8138e-07
0.5 0.745 4.34083e-05
0.5 0.794 0.00397639
0.5 0.843 0.139424
0.5 0.892 1.8712
0.5 0.941 9.61251
0.5 0.99 18.901
0.549 0.01 1.99332e-84
0.549 0.059 3.29165e-76
0.549 0.108 2.08099e-68
0.549 0.157 5.03567e-61
0.549 0.206 4.66421e-54
0.549 0.255 1.6536e-47
0.549 0.304 2.24397e-41
0.549 0.353 1.16556e-35
0.549 0.402 2.31733e-30
0.549 0.451 1.76349e-25
0.549 0.5 5.13676e-21
0.549 0.549 5.72717e-17
0.549 0.598 2.44413e-13
0.549 0.647 3.99246e-10
0.549 0.696 2.49626e-07
0.549 0.745 5.97411e-05
0.549 0.794 0.00547255
0.549 0.843 0.191884
0.549 0.892 2.57526
0.549 0.941 13.2293
0.549 0.99 26.0128
0.598 0.01 1.94432e-84
0.598 0.059 3.21074e-76
0.598 0.108 2.02983e-68
0.598 0.157 4.91189e-61
0.598 0.206 4.54955e-54
0.598 0.255 1.61295e-47
0.598 0.304 2.18881e-41
0.598 0.353 1.13691e-35
0.598 0.402 2.26036e-30
0.598 0.451 1.72014e-25
0.598 0.5 5.01049e-21
0.598 0.549 5.58639e-17
0.598 0.598 2.38405e-13
0.598 0.647 3.89432e-10
0.598 0.696 2.4349e-07
0.598 0.745 5.82726e-05
0.598 0.794 0.00533802
0.598 0.843 0.187167
0.598 0.892 2.51196
0.598 0.941 12.9041
0.598 0.99 25.3733
0.647 0.01 1.37317e-84
0.647 0.059 2.26758e-76
0.647 0.108 1.43357e-68
0.647 0.157 3.46901e-61
0.647 0.206 3.21311e-54
0.647 0.255 1.13914e-47
0.647 0.304 1.54584e-41
0.647 0.353 8.02941e-36
0.647 0.402 1.59638e-30
0.647 0.451 1.21484e-25
0.647 0.5 3.53865e-21
0.647 0.549 3.94537e-17
0.647 0.598 1.68373e-13
0.647 0.647 2.75035e-10
0.647 0.696 1.71964e-07
0.647 0.745 4.11549e-05
0.647 0.794 0.00376996
0.647 0.843 0.132186
0.647 0.892 1.77406
0.647 0.941 9.1135
0.647 0.99 17.9198
0.696 0.01 1.20856e-84
0.696 0.059 1.99575e-76
0.696 0.108 1.26171e-68
0.696 0.157 3.05315e-61
0.696 0.206 2.82793e-54
0.696 0.255 1.00259e-47
0.696 0.304 1.36053e-41
0.696 0.353 7.06687e-36
0.696 0.402 1.40501e-30
0.696 0.451 1.06921e-25
0.696 0.5 3.11444e-21
0.696 0.549 3.47241e-17
0.696 0.598 1.48189e-13
0.696 0.647 2.42065e-10
0.696 0.696 1.5135e-07
0.696 0.745 3.62213e-05
0.696 0.794 0.00331803
0.696 0.843 0.11634
0.696 0.892 1.56139
0.696 0.941 8.021
0.696 0.99 15.7717
0.745 0.01 1.36256e-84
0.745 0.059 2.25005e-76
0.745 0.108 1.42248e-68
0.745 0.157 3.44219e-61
0.745 0.206 3.18827e-54
0.745 0.255 1.13034e-47
0.745 0.304 1.53389e-41
0.745 0.353 7.96734e-36
0.745 0.402 1.58404e-30
0.745 0.451 1.20545e-25
0.745 0.5 3.51129e-21
0.745 0.549 3.91487e-17
0.745 0.598 1.67071e-13
0.745 0.647 2.72909e-10
0.745 0.696 1.70635e-07
0.745 0.745 4.08367e-05
0.745 0.794 0.00374082
0.745 0.843 0.131165
0.745 0.892 1.76035
0.745 0.941 9.04305
0.745 0.99 17.7813
0.794 0.01 1.36702e-84
0.794 0.059 2.25742e-76
0.794 0.108 1.42714e-68
0.794 0.157 3.45347e-61
0.794 0.206 3.19872e-54
0.794 0.255 1.13404e-47
0.794 0.304 1.53892e-41
0.794 0.353 7.99344e-36
0.794 0.402 1.58922e-30
0.794 0.451 1.2094e-25
0.794 0.5 3.52279e-21
0.794 0.549 3.9277e-17
0.794 0.598 1.67618e-13
0.794 0.647 2.73803e-10
0.794 0.696 1.71194e-07
0.794 0.745 4.09705e-05
0.794 0.794 0.00375308
0.794 0.843 0.131594
0.794 0.892 1.76612
0.794 0.941 9.07267
0.794 0.99 17.8396
0.843 0.01 1.19864e-84
0.843 0.059 1.97937e-76
0.843 0.108 1.25136e-68
0.843 0.157 3.0281e-61
0.843 0.206 2.80473e-54
0.843 0.255 9.94361e-48
0.843 0.304 1.34937e-41
0.843 0.353 7.00889e-36
0.843 0.402 1.39348e-30
0.843 0.451 1.06044e-25
0.843 0.5 3.08889e-21
0.843 0.549 3.44392e-17
0.843 0.598 1.46973e-13
0.843 0.647 2.40079e-10
0.843 0.696 1.50108e-07
0.843 0.745 3.59242e-05
0.843 0.794 0.00329081
0.843 0.843 0.115386
0.843 0.892 1.54858
0.843 0.941 7.95519
0.843 0.99 15.6423
0.892 0.01 1.06147e-84
0.892 0.059 1.75285e-76
0.892 0.108 1.10816e-68
0.892 0.157 2.68157e-61
0.892 0.206 2.48376e-54
0.892 0.255 8.80567e-48
0.892 0.304 1.19495e-41
0.892 0.353 6.20679e-36
0.892 0.402 1.23401e-30
0.892 0.451 9.39082e-26
0.892 0.5 2.7354e-21
0.892 0.549 3.0498e-17
0.892 0.598 1.30153e-13
0.892 0.647 2.12604e-10
0.892 0.696 1.3293e-07
0.892 0.745 3.1813e-05
0.892 0.794 0.00291421
0.892 0.843 0.102181
0.892 0.892 1.37137
0.892 0.941 7.0448
0.892 0.99 13.8522
0.941 0.01 8.9009e-85
0.941 0.059 1.46984e-76
0.941 0.108 9.29237e-69
0.941 0.157 2.24861e-61
0.941 0.206 2.08274e-54
0.941 0.255 7.38394e-48
0.941 0.304 1.00201e-41
0.941 0.353 5.20466e-36
0.941 0.402 1.03477e-30
0.941 0.451 7.87461e-26
0.941 0.5 2.29375e-21
0.941 0.549 2.55739e-17
0.941 0.598 1.09139e-13
0.941 0.647 1.78278e-10
0.941 0.696 1.11467e-07
0.941 0.745 2.66766e-05
0.941 0.794 0.00244369
0.941 0.843 0.0856832
0.941 0.892 1.14995
0.941 0.941 5.90737
0.941 0.99 11.6156
0.99 0.01 8.32302e-85
0.99 0.059 1.37442e-76
0.99 0.108 8.68908e-69
0.99 0.157 2.10262e-61
0.99 0.206 1.94752e-54
0.99 0.255 6.90455e-48
0.99 0.304 9.3696e-42
0.99 0.353 4.86676e-36
0.99 0.402 9.6759e-31
0.99 0.451 7.36336e-26
0.99 0.5 2.14483e-21
0.99 0.549 2.39136e-17
0.99 0.598 1.02053e-13
0.99 0.647 1.66703e-10
0.99 0.696 1.0423e-07
0.99 0.745 2.49446e-05
0.99 0.794 0.00228504
0.99 0.843 0.0801204
0.99 0.892 1.07529
0.99 0.941 5.52384
0.99 0.99 10.8615
