0.01 0.01 32.6856
0.01 0.059 21.2266
0.01 0.108 11.0508
0.01 0.157 6.74791
0.01 0.206 4.27376
0.01 0.255 3.01026
0.01 0.304 1.49252
0.01 0.353 0.363571
0.01 0.402 0.298223
0.01 0.451 0.890488
0.01 0.5 1.19182
0.01 0.549 1.13886
0.01 0.598 1.95325
0.01 0.647 2.20144
0.01 0.696 0.994554
0.01 0.745 0.174148
0.01 0.794 0.0493489
0.01 0.843 0.356558
0.01 0.892 1.66262
0.01 0.941 4.62344
0.01 0.99 7.38718
0.059 0.01 18.6122
0.059 0.059 12.0871
0.059 0.108 6.29269
0.059 0.157 3.84247
0.059 0.206 2.43361
0.059 0.255 1.71413
0.059 0.304 0.849887
0.059 0.353 0.207028
0.059 0.402 0.169817
0.059 0.451 0.507071
0.059 0.5 0.678661
0.059 0.549 0.648503
0.059 0.598 1.11224
0.059 0.647 1.25357
0.059 0.696 0.56633
0.059 0.745 0.0991651
0.059 0.794 0.0281008
0.059 0.843 0.203035
0.059 0.892 0.946747
0.059 0.941 2.63273
0.059 0.99 4.20649
0.108 0.01 7.07793
0.108 0.059 4.59654
0.108 0.108 2.39302
0.108 0.157 1.46123
0.108 0.206 0.925467
0.108 0.255 0.651859
0.108 0.304 0.3232
0.108 0.353 0.0787298
0.108 0.402 0.064579
0.108 0.451 0.192832
0.108 0.5 0.258085
0.108 0.549 0.246616
0.108 0.598 0.422968
0.108 0.647 0.476713
0.108 0.696 0.215367
0.108 0.745 0.037711
0.108 0.794 0.0106863
0.108 0.843 0.0772114
0.108 0.892 0.360034
0.108 0.941 1.00119
0.108 0.99 1.59967
0.157 0.01 4.85598
0.157 0.059 3.15356
0.157 0.108 1.64178
0.157 0.157 1.00251
0.157 0.206 0.634937
0.157 0.255 0.447223
0.157 0.304 0.221738
0.157 0.353 0.0540143
0.157 0.402 0.0443059
0.157 0.451 0.132296
0.157 0.5 0.177065
0.157 0.549 0.169197
0.157 0.598 0.290187
0.157 0.647 0.32706
0.157 0.696 0.147757
0.157 0.745 0.0258725
0.157 0.794 0.00733158
0.157 0.843 0.0529726
0.157 0.892 0.247009
0.157 0.941 0.686888
0.157 0.99 1.09749
0.206 0.01 3.28092
0.206 0.059 2.13069
0.206 0.108 1.10926
0.206 0.157 0.677343
0.206 0.206 0.428993
0.206 0.255 0.302164
0.206 0.304 0.149817
0.206 0.353 0.0364946
0.206 0.402 0.0299351
0.206 0.451 0.0893856
0.206 0.5 0.119633
0.206 0.549 0.114317
0.206 0.598 0.196063
0.206 0.647 0.220977
0.206 0.696 0.0998316
0.206 0.745 0.0174806
0.206 0.794 0.00495355
0.206 0.843 0.0357907
0.206 0.892 0.166891
0.206 0.941 0.464093
0.206 0.99 0.741512
0.255 0.01 1.08532
0.255 0.059 0.704825
0.255 0.108 0.36694
0.255 0.157 0.224063
0.255 0.206 0.141909
0.255 0.255 0.0999549
0.255 0.304 0.0495588
0.255 0.353 0.0120723
0.255 0.402 0.00990242
0.255 0.451 0.0295684
0.255 0.5 0.0395742
0.255 0.549 0.0378156
0.255 0.598 0.0648571
0.255 0.647 0.0730983
0.255 0.696 0.0330239
0.255 0.745 0.00578254
0.255 0.794 0.00163862
0.255 0.843 0.0118394
0.255 0.892 0.0552069
0.255 0.941 0.15352
0.255 0.99 0.24529
0.304 0.01 0.589339
0.304 0.059 0.382728
0.304 0.108 0.199253
0.304 0.157 0.121669
0.304 0.206 0.0770583
0.304 0.255 0.0542766
0.304 0.304 0.026911
0.304 0.353 0.00655538
0.304 0.402 0.00537712
0.304 0.451 0.016056
0.304 0.5 0.0214892
0.304 0.549 0.0205343
0.304 0.598 0.0352181
0.304 0.647 0.0396932
0.304 0.696 0.0179324
0.304 0.745 0.00313998
0.304 0.794 0.000889787
0.304 0.843 0.00642895
0.304 0.892 0.029978
0.304 0.941 0.0833632
0.304 0.99 0.133195
0.353 0.01 1.50008
0.353 0.059 0.97418
0.353 0.108 0.50717
0.353 0.157 0.309691
0.353 0.206 0.196141
0.353 0.255 0.138154
0.353 0.304 0.0684982
0.353 0.353 0.0166858
0.353 0.402 0.0136867
0.353 0.451 0.0408683
0.353 0.5 0.0546979
0.353 0.549 0.0522672
0.353 0.598 0.0896429
0.353 0.647 0.101034
0.353 0.696 0.0456443
0.353 0.745 0.00799238
0.353 0.794 0.00226483
0.353 0.843 0.016364
0.353 0.892 0.0763047
0.353 0.941 0.212189
0.353 0.99 0.339029
0.402 0.01 2.12115
0.402 0.059 1.37752
0.402 0.108 0.717151
0.402 0.157 0.43791
0.402 0.206 0.277349
0.402 0.255 0.195353
0.402 0.304 0.0968581
0.402 0.353 0.0235942
0.402 0.402 0.0193534
0.402 0.451 0.0577888
0.402 0.5 0.0773442
0.402 0.549 0.0739072
0.402 0.598 0.126757
0.402 0.647 0.142864
0.402 0.696 0.0645423
0.402 0.745 0.0113014
0.402 0.794 0.00320253
0.402 0.843 0.0231391
0.402 0.892 0.107897
0.402 0.941 0.300041
0.402 0.99 0.479396
0.451 0.01 2.58193
0.451 0.059 1.67675
0.451 0.108 0.872937
0.451 0.157 0.533037
0.451 0.206 0.337597
0.451 0.255 0.237789
0.451 0.304 0.117899
0.451 0.353 0.0287195
0.451 0.402 0.0235575
0.451 0.451 0.0703422
0.451 0.5 0.0941456
0.451 0.549 0.089962
0.451 0.598 0.154293
0.451 0.647 0.173898
0.451 0.696 0.0785627
0.451 0.745 0.0137564
0.451 0.794 0.00389821
0.451 0.843 0.0281656
0.451 0.892 0.131335
0.451 0.941 0.365219
0.451 0.99 0.583535
0.5 0.01 3.77835
0.5 0.059 2.45373
0.5 0.108 1.27744
0.5 0.157 0.780039
0.5 0.206 0.494034
0.5 0.255 0.347977
0.5 0.304 0.172531
0.5 0.353 0.0420277
0.5 0.402 0.0344737
0.5 0.451 0.102938
0.5 0.5 0.137771
0.5 0.549 0.131649
0.5 0.598 0.22579
0.5 0.647 0.25448
0.5 0.696 0.114968
0.5 0.745 0.020131
0.5 0.794 0.00570458
0.5 0.843 0.0412171
0.5 0.892 0.192194
0.5 0.941 0.534456
0.5 0.99 0.853936
0.549 0.01 2.91151
0.549 0.059 1.89079
0.549 0.108 0.984367
0.549 0.157 0.601079
0.549 0.206 0.380691
0.549 0.255 0.268142
0.549 0.304 0.132948
0.549 0.353 0.0323855
0.549 0.402 0.0265646
0.549 0.451 0.0793213
0.549 0.5 0.106163
0.549 0.549 0.101446
0.549 0.598 0.173988
0.549 0.647 0.196096
0.549 0.696 0.0885912
0.549 0.745 0.0155124
0.549 0.794 0.00439581
0.549 0.843 0.0317609
0.549 0.892 0.1481
0.549 0.941 0.411839
0.549 0.99 0.658022
0.598 0.01 0.940731
0.598 0.059 0.610928
0.598 0.108 0.318057
0.598 0.157 0.194213
0.598 0.206 0.123004
0.598 0.255 0.0866388
0.598 0.304 0.0429566
0.598 0.353 0.010464
0.598 0.402 0.00858322
0.598 0.451 0.0256293
0.598 0.5 0.0343021
0.598 0.549 0.0327778
0.598 0.598 0.0562168
0.598 0.647 0.0633601
0.598 0.696 0.0286245
0.598 0.745 0.00501218
0.598 0.794 0.00142032
0.598 0.843 0.0102622
0.598 0.892 0.0478522
0.598 0.941 0.133068
0.598 0.99 0.212612
0.647 0.01 0.572122
0.647 0.059 0.371547
0.647 0.108 0.193432
0.647 0.157 0.118114
0.647 0.206 0.0748071
0.647 0.255 0.0526909
0.647 0.304 0.0261248
0.647 0.353 0.00636387
0.647 0.402 0.00522003
0.647 0.451 0.0155869
0.647 0.5 0.0208614
0.647 0.549 0.0199344
0.647 0.598 0.0341893
0.647 0.647 0.0385336
0.647 0.696 0.0174085
0.647 0.745 0.00304825
0.647 0.794 0.000863793
0.647 0.843 0.00624113
0.647 0.892 0.0291022
0.647 0.941 0.0809278
0.647 0.99 0.129304
0.696 0.01 1.73404
0.696 0.059 1.12612
0.696 0.108 0.586272
0.696 0.157 0.357992
0.696 0.206 0.226733
0.696 0.255 0.159701
0.696 0.304 0.0791817
0.696 0.353 0.0192883
0.696 0.402 0.0158214
0.696 0.451 0.0472424
0.696 0.5 0.063229
0.696 0.549 0.0604192
0.696 0.598 0.103624
0.696 0.647 0.116791
0.696 0.696 0.0527634
0.696 0.745 0.00923894
0.696 0.794 0.00261807
0.696 0.843 0.0189162
0.696 0.892 0.0882058
0.696 0.941 0.245284
0.696 0.99 0.391907
0.745 0.01 3.39278
0.745 0.059 2.20334
0.745 0.108 1.14708
0.745 0.157 0.700437
0.745 0.206 0.443619
0.745 0.255 0.312466
0.745 0.304 0.154925
0.745 0.353 0.0377388
0.745 0.402 0.0309557
0.745 0.451 0.0924331
0.745 0.5 0.123712
0.745 0.549 0.118215
0.745 0.598 0.202748
0.745 0.647 0.228511
0.745 0.696 0.103235
0.745 0.745 0.0180766
0.745 0.794 0.00512244
0.745 0.843 0.037011
0.745 0.892 0.172581
0.745 0.941 0.479916
0.745 0.99 0.766793
0.794 0.01 4.4564
0.794 0.059 2.89407
0.794 0.108 1.50669
0.794 0.157 0.920021
0.794 0.206 0.582692
0.794 0.255 0.410423
0.794 0.304 0.203493
0.794 0.353 0.0495698
0.794 0.402 0.0406602
0.794 0.451 0.121411
0.794 0.5 0.162495
0.794 0.549 0.155274
0.794 0.598 0.266309
0.794 0.647 0.300148
0.794 0.696 0.135599
0.794 0.745 0.0237436
0.794 0.794 0.0067283
0.794 0.843 0.0486138
0.794 0.892 0.226684
0.794 0.941 0.630368
0.794 0.99 1.00718
0.843 0.01 3.94318
0.843 0.059 2.56078
0.843 0.108 1.33317
0.843 0.157 0.814068
0.843 0.206 0.515586
0.843 0.255 0.363157
0.843 0.304 0.180058
0.843 0.353 0.0438611
0.843 0.402 0.0359776
0.843 0.451 0.107428
0.843 0.5 0.143782
0.843 0.549 0.137392
0.843 0.598 0.23564
0.843 0.647 0.265582
0.843 0.696 0.119983
0.843 0.745 0.0210092
0.843 0.794 0.00595344
0.843 0.843 0.0430152
0.843 0.892 0.200578
0.843 0.941 0.557772
0.843 0.99 0.891189
0.892 0.01 7.0019
0.892 0.059 4.54717
0.892 0.108 2.36731
0.892 0.157 1.44554
0.892 0.206 0.915526
0.892 0.255 0.644857
0.892 0.304 0.319728
0.892 0.353 0.0778841
0.892 0.402 0.0638853
0.892 0.451 0.19076
0.892 0.5 0.255312
0.892 0.549 0.243967
0.892 0.598 0.418425
0.892 0.647 0.471593
0.892 0.696 0.213053
0.892 0.745 0.0373059
0.892 0.794 0.0105715
0.892 0.843 0.076382
0.892 0.892 0.356166
0.892 0.941 0.990434
0.892 0.99 1.58248
0.941 0.01 24.6588
0.941 0.059 16.0139
0.941 0.108 8.33701
0.941 0.157 5.09078
0.941 0.206 3.22423
0.941 0.255 2.27101
0.941 0.304 1.12599
0.941 0.353 0.274286
0.941 0.402 0.224986
0.941 0.451 0.671805
0.941 0.5 0.89914
0.941 0.549 0.859184
0.941 0.598 1.47358
0.941 0.647 1.66082
0.941 0.696 0.750315
0.941 0.745 0.131381
0.941 0.794 0.0372299
0.941 0.843 0.268996
0.941 0.892 1.25432
0.941 0.941 3.48803
0.941 0.99 5.57306
0.99 0.01 44.9762
0.99 0.059 29.2084
0.99 0.108 15.2062
0.99 0.157 9.2853
0.99 0.206 5.88081
0.99 0.255 4.14219
0.99 0.304 2.05375
0.99 0.353 0.500282
0.99 0.402 0.410362
0.99 0.451 1.22533
0.99 0.5 1.63998
0.99 0.549 1.5671
0.99 0.598 2.68772
0.99 0.647 3.02924
0.99 0.696 1.36853
0.99 0.745 0.239632
0.99 0.794 0.0679053
0.99 0.843 0.490634
0.99 0.892 2.28781
0.99 0.941 6.36197
0.99 0.99 10.1649
