0.01 0.01 8.43204e-97
0.01 0.059 1.39008e-88
0.01 0.108 8.77413e-81
0.01 0.157 2.12001e-73
0.01 0.206 1.96082e-66
0.01 0.255 6.94236e-60
0.01 0.304 9.40904e-54
0.01 0.353 4.88149e-48
0.01 0.402 9.69458e-43
0.01 0.451 7.37013e-38
0.01 0.5 2.14482e-33
0.01 0.549 2.38933e-29
0.01 0.598 1.0189e-25
0.01 0.647 1.66325e-22
0.01 0.696 1.03933e-19
0.01 0.745 2.48613e-17
0.01 0.794 2.27647e-15
0.01 0.843 7.97941e-14
0.01 0.892 1.07066e-12
0.01 0.941 5.49924e-12
0.01 0.99 1.08125e-11
0.059 0.01 6.39714e-94
0.059 0.059 1.05461e-85
0.059 0.108 6.65667e-78
0.059 0.157 1.60839e-70
0.059 0.206 1.48762e-63
0.059 0.255 5.26697e-57
0.059 0.304 7.13836e-51
0.059 0.353 3.70344e-45
0.059 0.402 7.35499e-40
0.059 0.451 5.5915e-35
0.059 0.5 1.62721e-30
0.059 0.549 1.81271e-26
0.059 0.598 7.7301e-23
0.059 0.647 1.26186e-19
0.059 0.696 7.88513e-17
0.059 0.745 1.88615e-14
0.059 0.794 1.72709e-12
0.059 0.843 6.05374e-11
0.059 0.892 8.12277e-10
0.059 0.941 4.17211e-09
0.059 0.99 8.2031e-09
0.108 0.01 1.9498e-91
0.108 0.059 3.21438e-83
0.108 0.108 2.02891e-75
0.108 0.157 4.90225e-68
0.108 0.206 4.53416e-61
0.108 0.255 1.60534e-54
0.108 0.304 2.17573e-48
0.108 0.353 1.12878e-42
0.108 0.402 2.24175e-37
0.108 0.451 1.70425e-32
0.108 0.5 4.95963e-28
0.108 0.549 5.52503e-24
0.108 0.598 2.35608e-20
0.108 0.647 3.84607e-17
0.108 0.696 2.40333e-14
0.108 0.745 5.74886e-12
0.108 0.794 5.26405e-10
0.108 0.843 1.84514e-08
0.108 0.892 2.47577e-07
0.108 0.941 1.27163e-06
0.108 0.99 2.50025e-06
0.157 0.01 2.27458e-89
0.157 0.059 3.74979e-81
0.157 0.108 2.36686e-73
0.157 0.157 5.7188e-66
0.157 0.206 5.28939e-59
0.157 0.255 1.87273e-52
0.157 0.304 2.53813e-46
0.157 0.353 1.3168e-40
0.157 0.402 2.61515e-35
0.157 0.451 1.98812e-30
0.157 0.5 5.78573e-26
0.157 0.549 6.44531e-22
0.157 0.598 2.74853e-18
0.157 0.647 4.48669e-15
0.157 0.696 2.80365e-12
0.157 0.745 6.70642e-10
0.157 0.794 6.14086e-08
0.157 0.843 2.15248e-06
0.157 0.892 2.88814e-05
0.157 0.941 0.000148344
0.157 0.99 0.000291671
0.206 0.01 1.01558e-87
0.206 0.059 1.67425e-79
0.206 0.108 1.05678e-71
0.206 0.157 2.5534e-64
0.206 0.206 2.36167e-57
0.206 0.255 8.36158e-51
0.206 0.304 1.13325e-44
0.206 0.353 5.87941e-39
0.206 0.402 1.16764e-33
0.206 0.451 8.87679e-29
0.206 0.5 2.58328e-24
0.206 0.549 2.87778e-20
0.206 0.598 1.22719e-16
0.206 0.647 2.00327e-13
0.206 0.696 1.2518e-10
0.206 0.745 2.99436e-08
0.206 0.794 2.74184e-06
0.206 0.843 9.61063e-05
0.206 0.892 0.00128953
0.206 0.941 0.00662344
0.206 0.99 0.0130228
0.255 0.01 1.73556e-86
0.255 0.059 2.86118e-78
0.255 0.108 1.80597e-70
0.255 0.157 4.36359e-63
0.255 0.206 4.03594e-56
0.255 0.255 1.42894e-49
0.255 0.304 1.93665e-43
0.255 0.353 1.00475e-37
0.255 0.402 1.99542e-32
0.255 0.451 1.51699e-27
0.255 0.5 4.41466e-23
0.255 0.549 4.91794e-19
0.255 0.598 2.09719e-15
0.255 0.647 3.42346e-12
0.255 0.696 2.13925e-09
0.255 0.745 5.11717e-07
0.255 0.794 4.68563e-05
0.255 0.843 0.00164239
0.255 0.892 0.0220373
0.255 0.941 0.11319
0.255 0.99 0.222552
0.304 0.01 1.1356e-85
0.304 0.059 1.87211e-77
0.304 0.108 1.18167e-69
0.304 0.157 2.85515e-62
0.304 0.206 2.64076e-55
0.304 0.255 9.34972e-49
0.304 0.304 1.26718e-42
0.304 0.353 6.57421e-37
0.304 0.402 1.30563e-31
0.304 0.451 9.92582e-27
0.304 0.5 2.88856e-22
0.304 0.549 3.21786e-18
0.304 0.598 1.37222e-14
0.304 0.647 2.24001e-11
0.304 0.696 1.39974e-08
0.304 0.745 3.34822e-06
0.304 0.794 0.000306586
0.304 0.843 0.0107464
0.304 0.892 0.144192
0.304 0.941 0.740617
0.304 0.99 1.45618
0.353 0.01 2.86205e-85
0.353 0.059 4.71828e-77
0.353 0.108 2.97816e-69
0.353 0.157 7.19584e-62
0.353 0.206 6.65553e-55
0.353 0.255 2.35641e-48
0.353 0.304 3.19367e-42
0.353 0.353 1.6569e-36
0.353 0.402 3.29059e-31
0.353 0.451 2.50161e-26
0.353 0.5 7.28006e-22
0.353 0.549 8.11e-18
0.353 0.598 3.45841e-14
0.353 0.647 5.64551e-11
0.353 0.696 3.52777e-08
0.353 0.745 8.43854e-06
0.353 0.794 0.000772691
0.353 0.843 0.0270841
0.353 0.892 0.363409
0.353 0.941 1.86658
0.353 0.99 3.67003
0.402 0.01 3.0707e-85
0.402 0.059 5.06225e-77
0.402 0.108 3.19528e-69
0.402 0.157 7.72043e-62
0.402 0.206 7.14073e-55
0.402 0.255 2.5282e-48
0.402 0.304 3.42649e-42
0.402 0.353 1.77769e-36
0.402 0.402 3.53048e-31
0.402 0.451 2.68398e-26
0.402 0.5 7.81079e-22
0.402 0.549 8.70124e-18
0.402 0.598 3.71054e-14
0.402 0.647 6.05708e-11
0.402 0.696 3.78495e-08
0.402 0.745 9.05373e-06
0.402 0.794 0.000829022
0.402 0.843 0.0290586
0.402 0.892 0.389902
0.402 0.941 2.00266
0.402 0.99 3.93758
0.451 0.01 3.27252e-85
0.451 0.059 5.39497e-77
0.451 0.108 3.40529e-69
0.451 0.157 8.22787e-62
0.451 0.206 7.61006e-55
0.451 0.255 2.69437e-48
0.451 0.304 3.65171e-42
0.451 0.353 1.89454e-36
0.451 0.402 3.76252e-31
0.451 0.451 2.86039e-26
0.451 0.5 8.32417e-22
0.451 0.549 9.27314e-18
0.451 0.598 3.95442e-14
0.451 0.647 6.45519e-11
0.451 0.696 4.03372e-08
0.451 0.745 9.6488e-06
0.451 0.794 0.000883511
0.451 0.843 0.0309686
0.451 0.892 0.415529
0.451 0.941 2.13429
0.451 0.99 4.19638
0.5 0.01 5.8409e-85
0.5 0.059 9.62911e-77
0.5 0.108 6.07787e-69
0.5 0.157 1.46853e-61
0.5 0.206 1.35827e-54
0.5 0.255 4.809e-48
0.5 0.304 6.51767e-42
0.5 0.353 3.38142e-36
0.5 0.402 6.71546e-31
0.5 0.451 5.10531e-26
0.5 0.5 1.48572e-21
0.5 0.549 1.6551e-17
0.5 0.598 7.05796e-14
0.5 0.647 1.15214e-10
0.5 0.696 7.1995e-08
0.5 0.745 1.72215e-05
0.5 0.794 0.00157692
0.5 0.843 0.0552736
0.5 0.892 0.741648
0.5 0.941 3.80934
0.5 0.99 7.48983
0.549 0.01 5.72635e-85
0.549 0.059 9.44026e-77
0.549 0.108 5.95867e-69
0.549 0.157 1.43973e-61
0.549 0.206 1.33163e-54
0.549 0.255 4.71468e-48
0.549 0.304 6.38985e-42
0.549 0.353 3.31511e-36
0.549 0.402 6.58376e-31
0.549 0.451 5.00518e-26
0.549 0.5 1.45658e-21
0.549 0.549 1.62264e-17
0.549 0.598 6.91954e-14
0.549 0.647 1.12955e-10
0.549 0.696 7.05831e-08
0.549 0.745 1.68837e-05
0.549 0.794 0.00154599
0.549 0.843 0.0541896
0.549 0.892 0.727103
0.549 0.941 3.73463
0.549 0.99 7.34294
0.598 0.01 4.33674e-85
0.598 0.059 7.14941e-77
0.598 0.108 4.51269e-69
0.598 0.157 1.09036e-61
0.598 0.206 1.00848e-54
0.598 0.255 3.57058e-48
0.598 0.304 4.83924e-42
0.598 0.353 2.51064e-36
0.598 0.402 4.98609e-31
0.598 0.451 3.79058e-26
0.598 0.5 1.10312e-21
0.598 0.549 1.22887e-17
0.598 0.598 5.24039e-14
0.598 0.647 8.55441e-11
0.598 0.696 5.34548e-08
0.598 0.745 1.27866e-05
0.598 0.794 0.00117083
0.598 0.843 0.0410395
0.598 0.892 0.550659
0.598 0.941 2.82835
0.598 0.99 5.56104
0.647 0.01 1.04102e-84
0.647 0.059 1.71619e-76
0.647 0.108 1.08325e-68
0.647 0.157 2.61735e-61
0.647 0.206 2.42082e-54
0.647 0.255 8.57102e-48
0.647 0.304 1.16164e-41
0.647 0.353 6.02668e-36
0.647 0.402 1.19689e-30
0.647 0.451 9.09914e-26
0.647 0.5 2.64799e-21
0.647 0.549 2.94986e-17
0.647 0.598 1.25793e-13
0.647 0.647 2.05345e-10
0.647 0.696 1.28316e-07
0.647 0.745 3.06936e-05
0.647 0.794 0.00281052
0.647 0.843 0.0985136
0.647 0.892 1.32183
0.647 0.941 6.78934
0.647 0.99 13.349
0.696 0.01 2.46647e-84
0.696 0.059 4.06614e-76
0.696 0.108 2.56654e-68
0.696 0.157 6.20127e-61
0.696 0.206 5.73563e-54
0.696 0.255 2.03072e-47
0.696 0.304 2.75226e-41
0.696 0.353 1.42789e-35
0.696 0.402 2.83578e-30
0.696 0.451 2.15585e-25
0.696 0.5 6.27385e-21
0.696 0.549 6.98908e-17
0.696 0.598 2.98041e-13
0.696 0.647 4.86522e-10
0.696 0.696 3.04018e-07
0.696 0.745 7.27221e-05
0.696 0.794 0.00665894
0.696 0.843 0.233407
0.696 0.892 3.1318
0.696 0.941 16.0859
0.696 0.99 31.6277
0.745 0.01 3.44946e-84
0.745 0.059 5.68666e-76
0.745 0.108 3.58941e-68
0.745 0.157 8.67273e-61
0.745 0.206 8.02152e-54
0.745 0.255 2.84005e-47
0.745 0.304 3.84914e-41
0.745 0.353 1.99697e-35
0.745 0.402 3.96595e-30
0.745 0.451 3.01504e-25
0.745 0.5 8.77423e-21
0.745 0.549 9.77451e-17
0.745 0.598 4.16822e-13
0.745 0.647 6.8042e-10
0.745 0.696 4.25181e-07
0.745 0.745 0.000101705
0.745 0.794 0.00931279
0.745 0.843 0.326429
0.745 0.892 4.37995
0.745 0.941 22.4968
0.745 0.99 44.2327
0.794 0.01 3.15609e-84
0.794 0.059 5.20302e-76
0.794 0.108 3.28413e-68
0.794 0.157 7.93512e-61
0.794 0.206 7.33929e-54
0.794 0.255 2.59851e-47
0.794 0.304 3.52178e-41
0.794 0.353 1.82713e-35
0.794 0.402 3.62865e-30
0.794 0.451 2.75862e-25
0.794 0.5 8.02799e-21
0.794 0.549 8.94319e-17
0.794 0.598 3.81372e-13
0.794 0.647 6.22551e-10
0.794 0.696 3.8902e-07
0.794 0.745 9.30549e-05
0.794 0.794 0.00852075
0.794 0.843 0.298667
0.794 0.892 4.00744
0.794 0.941 20.5835
0.794 0.99 40.4707
0.843 0.01 2.9531e-84
0.843 0.059 4.86839e-76
0.843 0.108 3.07291e-68
0.843 0.157 7.42477e-61
0.843 0.206 6.86727e-54
0.843 0.255 2.43138e-47
0.843 0.304 3.29527e-41
0.843 0.353 1.70962e-35
0.843 0.402 3.39527e-30
0.843 0.451 2.58119e-25
0.843 0.5 7.51167e-21
0.843 0.549 8.36801e-17
0.843 0.598 3.56844e-13
0.843 0.647 5.82511e-10
0.843 0.696 3.64e-07
0.843 0.745 8.70701e-05
0.843 0.794 0.00797274
0.843 0.843 0.279458
0.843 0.892 3.7497
0.843 0.941 19.2596
0.843 0.99 37.8678
0.892 0.01 3.16714e-84
0.892 0.059 5.22124e-76
0.892 0.108 3.29563e-68
0.892 0.157 7.96291e-61
0.892 0.206 7.365e-54
0.892 0.255 2.60761e-47
0.892 0.304 3.53411e-41
0.892 0.353 1.83353e-35
0.892 0.402 3.64136e-30
0.892 0.451 2.76828e-25
0.892 0.5 8.05611e-21
0.892 0.549 8.97451e-17
0.892 0.598 3.82707e-13
0.892 0.647 6.24731e-10
0.892 0.696 3.90382e-07
0.892 0.745 9.33808e-05
0.892 0.794 0.00855059
0.892 0.843 0.299713
0.892 0.892 4.02148
0.892 0.941 20.6556
0.892 0.99 40.6125
0.941 0.01 3.3829e-84
0.941 0.059 5.57694e-76
0.941 0.108 3.52015e-68
0.941 0.157 8.50538e-61
0.941 0.206 7.86674e-54
0.941 0.255 2.78525e-47
0.941 0.304 3.77487e-41
0.941 0.353 1.95844e-35
0.941 0.402 3.88943e-30
0.941 0.451 2.95687e-25
0.941 0.5 8.60493e-21
0.941 0.549 9.58591e-17
0.941 0.598 4.0878e-13
0.941 0.647 6.67291e-10
0.941 0.696 4.16977e-07
0.941 0.745 9.97424e-05
0.941 0.794 0.0091331
0.941 0.843 0.320131
0.941 0.892 4.29544
0.941 0.941 22.0627
0.941 0.99 43.3792
0.99 0.01 3.7584e-84
0.99 0.059 6.19597e-76
0.99 0.108 3.91088e-68
0.99 0.157 9.44946e-61
0.99 0.206 8.73993e-54
0.99 0.255 3.09441e-47
0.99 0.304 4.19388e-41
0.99 0.353 2.17582e-35
0.99 0.402 4.32115e-30
0.99 0.451 3.28507e-25
0.99 0.5 9.56006e-21
0.99 0.549 1.06499e-16
0.99 0.598 4.54153e-13
0.99 0.647 7.41359e-10
0.99 0.696 4.63261e-07
0.99 0.745 0.000110814
0.99 0.794 0.0101469
0.99 0.843 0.355665
0.99 0.892 4.77223
0.99 0.941 24.5116
0.99 0.99 48.1942
