0.01 0.01 2.01043e-84
0.01 0.059 3.31991e-76
0.01 0.108 2.09885e-68
0.01 0.157 5.0789e-61
0.01 0.206 4.70425e-54
0.01 0.255 1.6678e-47
0.01 0.304 2.26323e-41
0.01 0.353 1.17557e-35
0.01 0.402 2.33722e-30
0.01 0.451 1.77862e-25
0.01 0.5 5.18086e-21
0.01 0.549 5.77634e-17
0.01 0.598 2.46511e-13
0.01 0.647 4.02673e-10
0.01 0.696 2.51769e-07
0.01 0.745 6.0254e-05
0.01 0.794 0.00551953
0.01 0.843 0.193531
0.01 0.892 2.59737
0.01 0.941 13.3429
0.01 0.99 26.2361
0.059 0.01 1.46554e-84
0.059 0.059 2.42012e-76
0.059 0.108 1.53e-68
0.059 0.157 3.70237e-61
0.059 0.206 3.42925e-54
0.059 0.255 1.21577e-47
0.059 0.304 1.64983e-41
0.059 0.353 8.56954e-36
0.059 0.402 1.70376e-30
0.059 0.451 1.29656e-25
0.059 0.5 3.77669e-21
0.059 0.549 4.21077e-17
0.059 0.598 1.79699e-13
0.059 0.647 2.93537e-10
0.059 0.696 1.83532e-07
0.059 0.745 4.39233e-05
0.059 0.794 0.00402357
0.059 0.843 0.141078
0.059 0.892 1.8934
0.059 0.941 9.72656
0.059 0.99 19.1253
0.108 0.01 1.27269e-84
0.108 0.059 2.10164e-76
0.108 0.108 1.32866e-68
0.108 0.157 3.21515e-61
0.108 0.206 2.97798e-54
0.108 0.255 1.05578e-47
0.108 0.304 1.43272e-41
0.108 0.353 7.44184e-36
0.108 0.402 1.47956e-30
0.108 0.451 1.12594e-25
0.108 0.5 3.2797e-21
0.108 0.549 3.65666e-17
0.108 0.598 1.56052e-13
0.108 0.647 2.54909e-10
0.108 0.696 1.5938e-07
0.108 0.745 3.81433e-05
0.108 0.794 0.00349409
0.108 0.843 0.122513
0.108 0.892 1.64424
0.108 0.941 8.4466
0.108 0.99 16.6085
0.157 0.01 1.54093e-84
0.157 0.059 2.5446e-76
0.157 0.108 1.6087e-68
0.157 0.157 3.89281e-61
0.157 0.206 3.60565e-54
0.157 0.255 1.27831e-47
0.157 0.304 1.73469e-41
0.157 0.353 9.01035e-36
0.157 0.402 1.7914e-30
0.157 0.451 1.36326e-25
0.157 0.5 3.97096e-21
0.157 0.549 4.42737e-17
0.157 0.598 1.88942e-13
0.157 0.647 3.08636e-10
0.157 0.696 1.92973e-07
0.157 0.745 4.61827e-05
0.157 0.794 0.00423053
0.157 0.843 0.148335
0.157 0.892 1.9908
0.157 0.941 10.2269
0.157 0.99 20.1091
0.206 0.01 1.69826e-84
0.206 0.059 2.80441e-76
0.206 0.108 1.77295e-68
0.206 0.157 4.29026e-61
0.206 0.206 3.97378e-54
0.206 0.255 1.40883e-47
0.206 0.304 1.9118e-41
0.206 0.353 9.9303e-36
0.206 0.402 1.9743e-30
0.206 0.451 1.50244e-25
0.206 0.5 4.37639e-21
0.206 0.549 4.8794e-17
0.206 0.598 2.08233e-13
0.206 0.647 3.40147e-10
0.206 0.696 2.12675e-07
0.206 0.745 5.08979e-05
0.206 0.794 0.00466247
0.206 0.843 0.16348
0.206 0.892 2.19406
0.206 0.941 11.271
0.206 0.99 22.1622
0.255 0.01 1.41269e-84
0.255 0.059 2.33283e-76
0.255 0.108 1.47482e-68
0.255 0.157 3.56884e-61
0.255 0.206 3.30558e-54
0.255 0.255 1.17193e-47
0.255 0.304 1.59033e-41
0.255 0.353 8.26047e-36
0.255 0.402 1.64232e-30
0.255 0.451 1.2498e-25
0.255 0.5 3.64048e-21
0.255 0.549 4.05891e-17
0.255 0.598 1.73218e-13
0.255 0.647 2.8295e-10
0.255 0.696 1.76913e-07
0.255 0.745 4.23392e-05
0.255 0.794 0.00387846
0.255 0.843 0.13599
0.255 0.892 1.82512
0.255 0.941 9.37576
0.255 0.99 18.4355
0.304 0.01 9.90607e-85
0.304 0.059 1.63583e-76
0.304 0.108 1.03417e-68
0.304 0.157 2.50254e-61
0.304 0.206 2.31794e-54
0.304 0.255 8.2178e-48
0.304 0.304 1.11517e-41
0.304 0.353 5.79242e-36
0.304 0.402 1.15163e-30
0.304 0.451 8.76388e-26
0.304 0.5 2.55278e-21
0.304 0.549 2.84619e-17
0.304 0.598 1.21464e-13
0.304 0.647 1.98411e-10
0.304 0.696 1.24055e-07
0.304 0.745 2.96891e-05
0.304 0.794 0.00271966
0.304 0.843 0.0953594
0.304 0.892 1.27981
0.304 0.941 6.57448
0.304 0.99 12.9274
0.353 0.01 9.5371e-85
0.353 0.059 1.5749e-76
0.353 0.108 9.95655e-69
0.353 0.157 2.40933e-61
0.353 0.206 2.2316e-54
0.353 0.255 7.91171e-48
0.353 0.304 1.07363e-41
0.353 0.353 5.57667e-36
0.353 0.402 1.10873e-30
0.353 0.451 8.43745e-26
0.353 0.5 2.4577e-21
0.353 0.549 2.74018e-17
0.353 0.598 1.1694e-13
0.353 0.647 1.9102e-10
0.353 0.696 1.19434e-07
0.353 0.745 2.85833e-05
0.353 0.794 0.00261836
0.353 0.843 0.0918075
0.353 0.892 1.23214
0.353 0.941 6.32961
0.353 0.99 12.4459
0.402 0.01 9.87514e-85
0.402 0.059 1.63073e-76
0.402 0.108 1.03095e-68
0.402 0.157 2.49473e-61
0.402 0.206 2.3107e-54
0.402 0.255 8.19214e-48
0.402 0.304 1.11169e-41
0.402 0.353 5.77434e-36
0.402 0.402 1.14803e-30
0.402 0.451 8.73652e-26
0.402 0.5 2.54481e-21
0.402 0.549 2.83731e-17
0.402 0.598 1.21085e-13
0.402 0.647 1.97791e-10
0.402 0.696 1.23668e-07
0.402 0.745 2.95965e-05
0.402 0.794 0.00271116
0.402 0.843 0.0950616
0.402 0.892 1.27582
0.402 0.941 6.55396
0.402 0.99 12.887
0.451 0.01 9.74649e-85
0.451 0.059 1.60948e-76
0.451 0.108 1.01752e-68
0.451 0.157 2.46223e-61
0.451 0.206 2.2806e-54
0.451 0.255 8.08542e-48
0.451 0.304 1.09721e-41
0.451 0.353 5.69911e-36
0.451 0.402 1.13308e-30
0.451 0.451 8.62271e-26
0.451 0.5 2.51166e-21
0.451 0.549 2.80035e-17
0.451 0.598 1.19508e-13
0.451 0.647 1.95215e-10
0.451 0.696 1.22057e-07
0.451 0.745 2.92109e-05
0.451 0.794 0.00267585
0.451 0.843 0.0938233
0.451 0.892 1.2592
0.451 0.941 6.46858
0.451 0.99 12.7191
0.5 0.01 1.04324e-84
0.5 0.059 1.72275e-76
0.5 0.108 1.08912e-68
0.5 0.157 2.63551e-61
0.5 0.206 2.4411e-54
0.5 0.255 8.65442e-48
0.5 0.304 1.17442e-41
0.5 0.353 6.10018e-36
0.5 0.402 1.21281e-30
0.5 0.451 9.22952e-26
0.5 0.5 2.68842e-21
0.5 0.549 2.99742e-17
0.5 0.598 1.27918e-13
0.5 0.647 2.08952e-10
0.5 0.696 1.30646e-07
0.5 0.745 3.12666e-05
0.5 0.794 0.00286416
0.5 0.843 0.100426
0.5 0.892 1.34781
0.5 0.941 6.9238
0.5 0.99 13.6142
0.549 0.01 1.04717e-84
0.549 0.059 1.72923e-76
0.549 0.108 1.09322e-68
0.549 0.157 2.64543e-61
0.549 0.206 2.45029e-54
0.549 0.255 8.687e-48
0.549 0.304 1.17884e-41
0.549 0.353 6.12315e-36
0.549 0.402 1.21738e-30
0.549 0.451 9.26426e-26
0.549 0.5 2.69854e-21
0.549 0.549 3.0087e-17
0.549 0.598 1.28399e-13
0.549 0.647 2.09739e-10
0.549 0.696 1.31138e-07
0.549 0.745 3.13843e-05
0.549 0.794 0.00287494
0.549 0.843 0.100804
0.549 0.892 1.35288
0.549 0.941 6.94986
0.549 0.99 13.6655
0.598 0.01 1.11714e-84
0.598 0.059 1.84478e-76
0.598 0.108 1.16627e-68
0.598 0.157 2.8222e-61
0.598 0.206 2.61401e-54
0.598 0.255 9.26747e-48
0.598 0.304 1.25761e-41
0.598 0.353 6.5323e-36
0.598 0.402 1.29873e-30
0.598 0.451 9.8833e-26
0.598 0.5 2.87885e-21
0.598 0.549 3.20974e-17
0.598 0.598 1.36979e-13
0.598 0.647 2.23754e-10
0.598 0.696 1.39901e-07
0.598 0.745 3.34814e-05
0.598 0.794 0.00306704
0.598 0.843 0.10754
0.598 0.892 1.44328
0.598 0.941 7.41425
0.598 0.99 14.5786
0.647 0.01 1.14003e-84
0.647 0.059 1.88259e-76
0.647 0.108 1.19018e-68
0.647 0.157 2.88004e-61
0.647 0.206 2.66759e-54
0.647 0.255 9.45741e-48
0.647 0.304 1.28339e-41
0.647 0.353 6.66618e-36
0.647 0.402 1.32534e-30
0.647 0.451 1.00859e-25
0.647 0.5 2.93786e-21
0.647 0.549 3.27553e-17
0.647 0.598 1.39786e-13
0.647 0.647 2.2834e-10
0.647 0.696 1.42768e-07
0.647 0.745 3.41676e-05
0.647 0.794 0.0031299
0.647 0.843 0.109744
0.647 0.892 1.47286
0.647 0.941 7.56621
0.647 0.99 14.8774
0.696 0.01 1.25996e-84
0.696 0.059 2.08063e-76
0.696 0.108 1.31538e-68
0.696 0.157 3.18302e-61
0.696 0.206 2.94822e-54
0.696 0.255 1.04523e-47
0.696 0.304 1.4184e-41
0.696 0.353 7.36745e-36
0.696 0.402 1.46477e-30
0.696 0.451 1.11469e-25
0.696 0.5 3.24691e-21
0.696 0.549 3.62011e-17
0.696 0.598 1.54492e-13
0.696 0.647 2.52361e-10
0.696 0.696 1.57787e-07
0.696 0.745 3.7762e-05
0.696 0.794 0.00345916
0.696 0.843 0.121289
0.696 0.892 1.62781
0.696 0.941 8.36216
0.696 0.99 16.4425
0.745 0.01 1.26989e-84
0.745 0.059 2.09702e-76
0.745 0.108 1.32574e-68
0.745 0.157 3.20809e-61
0.745 0.206 2.97144e-54
0.745 0.255 1.05347e-47
0.745 0.304 1.42957e-41
0.745 0.353 7.42549e-36
0.745 0.402 1.47631e-30
0.745 0.451 1.12347e-25
0.745 0.5 3.27249e-21
0.745 0.549 3.64863e-17
0.745 0.598 1.55709e-13
0.745 0.647 2.54349e-10
0.745 0.696 1.5903e-07
0.745 0.745 3.80595e-05
0.745 0.794 0.00348641
0.745 0.843 0.122244
0.745 0.892 1.64063
0.745 0.941 8.42804
0.745 0.99 16.572
0.794 0.01 1.04343e-84
0.794 0.059 1.72307e-76
0.794 0.108 1.08932e-68
0.794 0.157 2.636e-61
0.794 0.206 2.44155e-54
0.794 0.255 8.65603e-48
0.794 0.304 1.17464e-41
0.794 0.353 6.10132e-36
0.794 0.402 1.21304e-30
0.794 0.451 9.23123e-26
0.794 0.5 2.68892e-21
0.794 0.549 2.99797e-17
0.794 0.598 1.27942e-13
0.794 0.647 2.08991e-10
0.794 0.696 1.30671e-07
0.794 0.745 3.12724e-05
0.794 0.794 0.00286469
0.794 0.843 0.100445
0.794 0.892 1.34806
0.794 0.941 6.92509
0.794 0.99 13.6168
0.843 0.01 6.37271e-85
0.843 0.059 1.05235e-76
0.843 0.108 6.65299e-69
0.843 0.157 1.60992e-61
0.843 0.206 1.49116e-54
0.843 0.255 5.28662e-48
0.843 0.304 7.17404e-42
0.843 0.353 3.72634e-36
0.843 0.402 7.40857e-31
0.843 0.451 5.63792e-26
0.843 0.5 1.64224e-21
0.843 0.549 1.831e-17
0.843 0.598 7.81395e-14
0.843 0.647 1.2764e-10
0.843 0.696 7.98063e-08
0.843 0.745 1.90994e-05
0.843 0.794 0.00174959
0.843 0.843 0.061346
0.843 0.892 0.82332
0.843 0.941 4.22945
0.843 0.99 8.31636
0.892 0.01 5.89873e-85
0.892 0.059 9.74083e-77
0.892 0.108 6.15817e-69
0.892 0.157 1.49018e-61
0.892 0.206 1.38026e-54
0.892 0.255 4.89342e-48
0.892 0.304 6.64047e-42
0.892 0.353 3.44919e-36
0.892 0.402 6.85755e-31
0.892 0.451 5.2186e-26
0.892 0.5 1.5201e-21
0.892 0.549 1.69481e-17
0.892 0.598 7.23278e-14
0.892 0.647 1.18147e-10
0.892 0.696 7.38707e-08
0.892 0.745 1.76789e-05
0.892 0.794 0.00161946
0.892 0.843 0.0567833
0.892 0.892 0.762085
0.892 0.941 3.91489
0.892 0.99 7.69783
0.941 0.01 1.26623e-84
0.941 0.059 2.09098e-76
0.941 0.108 1.32192e-68
0.941 0.157 3.19884e-61
0.941 0.206 2.96287e-54
0.941 0.255 1.05043e-47
0.941 0.304 1.42545e-41
0.941 0.353 7.40407e-36
0.941 0.402 1.47205e-30
0.941 0.451 1.12023e-25
0.941 0.5 3.26305e-21
0.941 0.549 3.6381e-17
0.941 0.598 1.5526e-13
0.941 0.647 2.53615e-10
0.941 0.696 1.58571e-07
0.941 0.745 3.79497e-05
0.941 0.794 0.00347636
0.941 0.843 0.121892
0.941 0.892 1.6359
0.941 0.941 8.40373
0.941 0.99 16.5242
0.99 0.01 1.94675e-84
0.99 0.059 3.21476e-76
0.99 0.108 2.03237e-68
0.99 0.157 4.91803e-61
0.99 0.206 4.55524e-54
0.99 0.255 1.61497e-47
0.99 0.304 2.19155e-41
0.99 0.353 1.13833e-35
0.99 0.402 2.26319e-30
0.99 0.451 1.72229e-25
0.99 0.5 5.01676e-21
0.99 0.549 5.59337e-17
0.99 0.598 2.38703e-13
0.99 0.647 3.89919e-10
0.99 0.696 2.43795e-07
0.99 0.745 5.83455e-05
0.99 0.794 0.0053447
0.99 0.843 0.187401
0.99 0.892 2.5151
0.99 0.941 12.9203
0.99 0.99 25.4051
