0.01 0.01 10.5682
0.01 0.059 7.87552
0.01 0.108 5.02849
0.01 0.157 4.09723
0.01 0.206 2.86923
0.01 0.255 1.37107
0.01 0.304 1.34567
0.01 0.353 1.9354
0.01 0.402 2.59925
0.01 0.451 2.2326
0.01 0.5 0.838335
0.01 0.549 0.234652
0.01 0.598 0.622057
0.01 0.647 1.44899
0.01 0.696 2.1877
0.01 0.745 2.82896
0.01 0.794 2.90446
0.01 0.843 4.66266
0.01 0.892 9.6464
0.01 0.941 17.8091
0.01 0.99 25.0465
0.059 0.01 8.18166
0.059 0.059 6.09705
0.059 0.108 3.89294
0.059 0.157 3.17198
0.059 0.206 2.22129
0.059 0.255 1.06145
0.059 0.304 1.04179
0.059 0.353 1.49834
0.059 0.402 2.01228
0.059 0.451 1.72843
0.059 0.5 0.64902
0.059 0.549 0.181662
0.059 0.598 0.481583
0.059 0.647 1.12178
0.059 0.696 1.69366
0.059 0.745 2.19012
0.059 0.794 2.24856
0.059 0.843 3.60973
0.059 0.892 7.46802
0.059 0.941 13.7874
0.059 0.99 19.3904
0.108 0.01 5.34111
0.108 0.059 3.98025
0.108 0.108 2.54137
0.108 0.157 2.07072
0.108 0.206 1.45009
0.108 0.255 0.69293
0.108 0.304 0.680094
0.108 0.353 0.97814
0.108 0.402 1.31365
0.108 0.451 1.12835
0.108 0.5 0.42369
0.108 0.549 0.118592
0.108 0.598 0.314385
0.108 0.647 0.732314
0.108 0.696 1.10565
0.108 0.745 1.42974
0.108 0.794 1.4679
0.108 0.843 2.35648
0.108 0.892 4.87524
0.108 0.941 9.00064
0.108 0.99 12.6584
0.157 0.01 3.47374
0.157 0.059 2.58866
0.157 0.108 1.65285
0.157 0.157 1.34675
0.157 0.206 0.943107
0.157 0.255 0.450666
0.157 0.304 0.442317
0.157 0.353 0.63616
0.157 0.402 0.854366
0.157 0.451 0.733851
0.157 0.5 0.275558
0.157 0.549 0.0771295
0.157 0.598 0.204468
0.157 0.647 0.47628
0.157 0.696 0.719089
0.157 0.745 0.929871
0.157 0.794 0.954687
0.157 0.843 1.5326
0.157 0.892 3.17074
0.157 0.941 5.85381
0.157 0.99 8.23272
0.206 0.01 2.36136
0.206 0.059 1.75971
0.206 0.108 1.12357
0.206 0.157 0.915488
0.206 0.206 0.641102
0.206 0.255 0.306352
0.206 0.304 0.300677
0.206 0.353 0.432446
0.206 0.402 0.580778
0.206 0.451 0.498854
0.206 0.5 0.187318
0.206 0.549 0.0524308
0.206 0.598 0.138993
0.206 0.647 0.323764
0.206 0.696 0.48882
0.206 0.745 0.632104
0.206 0.794 0.648973
0.206 0.843 1.04183
0.206 0.892 2.1554
0.206 0.941 3.97928
0.206 0.99 5.59641
0.255 0.01 1.87702
0.255 0.059 1.39877
0.255 0.108 0.893113
0.255 0.157 0.727711
0.255 0.206 0.509605
0.255 0.255 0.243516
0.255 0.304 0.239005
0.255 0.353 0.343747
0.255 0.402 0.461654
0.255 0.451 0.396534
0.255 0.5 0.148897
0.255 0.549 0.0416767
0.255 0.598 0.110484
0.255 0.647 0.257356
0.255 0.696 0.388558
0.255 0.745 0.502453
0.255 0.794 0.515862
0.255 0.843 0.828137
0.255 0.892 1.7133
0.255 0.941 3.16309
0.255 0.99 4.44852
0.304 0.01 1.47269
0.304 0.059 1.09746
0.304 0.108 0.700727
0.304 0.157 0.570955
0.304 0.206 0.399831
0.304 0.255 0.19106
0.304 0.304 0.187521
0.304 0.353 0.2697
0.304 0.402 0.362209
0.304 0.451 0.311116
0.304 0.5 0.116823
0.304 0.549 0.0326991
0.304 0.598 0.0866845
0.304 0.647 0.201919
0.304 0.696 0.304858
0.304 0.745 0.39422
0.304 0.794 0.40474
0.304 0.843 0.649748
0.304 0.892 1.34424
0.304 0.941 2.48173
0.304 0.99 3.49027
0.353 0.01 1.09273
0.353 0.059 0.814309
0.353 0.108 0.519934
0.353 0.157 0.423644
0.353 0.206 0.296671
0.353 0.255 0.141765
0.353 0.304 0.139139
0.353 0.353 0.200115
0.353 0.402 0.268756
0.353 0.451 0.230846
0.353 0.5 0.0866818
0.353 0.549 0.0242625
0.353 0.598 0.0643192
0.353 0.647 0.149822
0.353 0.696 0.226202
0.353 0.745 0.292508
0.353 0.794 0.300314
0.353 0.843 0.482108
0.353 0.892 0.997414
0.353 0.941 1.84142
0.353 0.99 2.58975
0.402 0.01 1.49264
0.402 0.059 1.11233
0.402 0.108 0.71022
0.402 0.157 0.57869
0.402 0.206 0.405248
0.402 0.255 0.193648
0.402 0.304 0.190061
0.402 0.353 0.273354
0.402 0.402 0.367116
0.402 0.451 0.315331
0.402 0.5 0.118406
0.402 0.549 0.0331421
0.402 0.598 0.0878589
0.402 0.647 0.204655
0.402 0.696 0.308988
0.402 0.745 0.39956
0.402 0.794 0.410223
0.402 0.843 0.65855
0.402 0.892 1.36245
0.402 0.941 2.51535
0.402 0.99 3.53755
0.451 0.01 1.9495
0.451 0.059 1.45278
0.451 0.108 0.927598
0.451 0.157 0.75581
0.451 0.206 0.529282
0.451 0.255 0.252919
0.451 0.304 0.248233
0.451 0.353 0.35702
0.451 0.402 0.47948
0.451 0.451 0.411845
0.451 0.5 0.154646
0.451 0.549 0.0432859
0.451 0.598 0.11475
0.451 0.647 0.267294
0.451 0.696 0.403561
0.451 0.745 0.521854
0.451 0.794 0.53578
0.451 0.843 0.860113
0.451 0.892 1.77946
0.451 0.941 3.28522
0.451 0.99 4.62029
0.5 0.01 2.37743
0.5 0.059 1.77168
0.5 0.108 1.13121
0.5 0.157 0.921715
0.5 0.206 0.645463
0.5 0.255 0.308436
0.5 0.304 0.302722
0.5 0.353 0.435388
0.5 0.402 0.584728
0.5 0.451 0.502247
0.5 0.5 0.188592
0.5 0.549 0.0527874
0.5 0.598 0.139938
0.5 0.647 0.325966
0.5 0.696 0.492145
0.5 0.745 0.636404
0.5 0.794 0.653387
0.5 0.843 1.04891
0.5 0.892 2.17006
0.5 0.941 4.00634
0.5 0.99 5.63447
0.549 0.01 3.04489
0.549 0.059 2.26908
0.549 0.108 1.4488
0.549 0.157 1.18049
0.549 0.206 0.826676
0.549 0.255 0.395029
0.549 0.304 0.387711
0.549 0.353 0.557623
0.549 0.402 0.748891
0.549 0.451 0.643253
0.549 0.5 0.241539
0.549 0.549 0.0676075
0.549 0.598 0.179226
0.549 0.647 0.417481
0.549 0.696 0.630314
0.549 0.745 0.815074
0.549 0.794 0.836826
0.549 0.843 1.3434
0.549 0.892 2.7793
0.549 0.941 5.13113
0.549 0.99 7.21635
0.598 0.01 2.5052
0.598 0.059 1.8669
0.598 0.108 1.19201
0.598 0.157 0.971254
0.598 0.206 0.680154
0.598 0.255 0.325013
0.598 0.304 0.318992
0.598 0.353 0.458788
0.598 0.402 0.616155
0.598 0.451 0.529241
0.598 0.5 0.198728
0.598 0.549 0.0556246
0.598 0.598 0.147459
0.598 0.647 0.343486
0.598 0.696 0.518596
0.598 0.745 0.670608
0.598 0.794 0.688505
0.598 0.843 1.10529
0.598 0.892 2.28669
0.598 0.941 4.22167
0.598 0.99 5.93731
0.647 0.01 1.01827
0.647 0.059 0.758824
0.647 0.108 0.484506
0.647 0.157 0.394777
0.647 0.206 0.276457
0.647 0.255 0.132105
0.647 0.304 0.129658
0.647 0.353 0.18648
0.647 0.402 0.250444
0.647 0.451 0.215116
0.647 0.5 0.0807754
0.647 0.549 0.0226093
0.647 0.598 0.0599366
0.647 0.647 0.139614
0.647 0.696 0.210789
0.647 0.745 0.272577
0.647 0.794 0.279851
0.647 0.843 0.449258
0.647 0.892 0.929452
0.647 0.941 1.71595
0.647 0.99 2.41329
0.696 0.01 0.1818
0.696 0.059 0.135479
0.696 0.108 0.0865027
0.696 0.157 0.0704827
0.696 0.206 0.049358
0.696 0.255 0.0235858
0.696 0.304 0.0231489
0.696 0.353 0.0332937
0.696 0.402 0.0447137
0.696 0.451 0.0384064
0.696 0.5 0.0144215
0.696 0.549 0.00403661
0.696 0.598 0.010701
0.696 0.647 0.0249263
0.696 0.696 0.0376339
0.696 0.745 0.0486652
0.696 0.794 0.049964
0.696 0.843 0.0802095
0.696 0.892 0.165942
0.696 0.941 0.306362
0.696 0.99 0.430863
0.745 0.01 0.0132953
0.745 0.059 0.00990779
0.745 0.108 0.00632609
0.745 0.157 0.00515452
0.745 0.206 0.00360963
0.745 0.255 0.00172487
0.745 0.304 0.00169292
0.745 0.353 0.00243483
0.745 0.402 0.00326998
0.745 0.451 0.00280873
0.745 0.5 0.00105467
0.745 0.549 0.000295204
0.745 0.598 0.000782579
0.745 0.647 0.00182291
0.745 0.696 0.00275223
0.745 0.745 0.00355897
0.745 0.794 0.00365395
0.745 0.843 0.00586586
0.745 0.892 0.0121356
0.745 0.941 0.0224047
0.745 0.99 0.0315098
0.794 0.01 0.000619256
0.794 0.059 0.000461476
0.794 0.108 0.000294651
0.794 0.157 0.000240082
0.794 0.206 0.000168126
0.794 0.255 8.03393e-05
0.794 0.304 7.88511e-05
0.794 0.353 0.000113407
0.794 0.402 0.000152306
0.794 0.451 0.000130822
0.794 0.5 4.91232e-05
0.794 0.549 1.37497e-05
0.794 0.598 3.64502e-05
0.794 0.647 8.49055e-05
0.794 0.696 0.000128191
0.794 0.745 0.000165766
0.794 0.794 0.00017019
0.794 0.843 0.000273214
0.794 0.892 0.000565242
0.794 0.941 0.00104355
0.794 0.99 0.00146763
0.843 0.01 0.0082508
0.843 0.059 0.00614857
0.843 0.108 0.00392584
0.843 0.157 0.00319879
0.843 0.206 0.00224006
0.843 0.255 0.00107042
0.843 0.304 0.00105059
0.843 0.353 0.001511
0.843 0.402 0.00202929
0.843 0.451 0.00174304
0.843 0.5 0.000654505
0.843 0.549 0.000183198
0.843 0.598 0.000485652
0.843 0.647 0.00113126
0.843 0.696 0.00170798
0.843 0.745 0.00220863
0.843 0.794 0.00226757
0.843 0.843 0.00364023
0.843 0.892 0.00753113
0.843 0.941 0.0139039
0.843 0.99 0.0195543
0.892 0.01 0.110676
0.892 0.059 0.0824764
0.892 0.108 0.0526609
0.892 0.157 0.0429083
0.892 0.206 0.030048
0.892 0.255 0.0143585
0.892 0.304 0.0140925
0.892 0.353 0.0202685
0.892 0.402 0.0272207
0.892 0.451 0.023381
0.892 0.5 0.00877947
0.892 0.549 0.0024574
0.892 0.598 0.0065145
0.892 0.647 0.0151746
0.892 0.696 0.0229107
0.892 0.745 0.0296263
0.892 0.794 0.0304169
0.892 0.843 0.0488297
0.892 0.892 0.101022
0.892 0.941 0.186506
0.892 0.99 0.2623
0.941 0.01 0.568548
0.941 0.059 0.423687
0.941 0.108 0.270523
0.941 0.157 0.220423
0.941 0.206 0.154359
0.941 0.255 0.0737607
0.941 0.304 0.0723943
0.941 0.353 0.104121
0.941 0.402 0.139835
0.941 0.451 0.12011
0.941 0.5 0.0451008
0.941 0.549 0.0126238
0.941 0.598 0.0334655
0.941 0.647 0.077953
0.941 0.696 0.117694
0.941 0.745 0.152193
0.941 0.794 0.156254
0.941 0.843 0.250842
0.941 0.892 0.518957
0.941 0.941 0.958096
0.941 0.99 1.34745
0.99 0.01 1.11793
0.99 0.059 0.833095
0.99 0.108 0.531928
0.99 0.157 0.433417
0.99 0.206 0.303515
0.99 0.255 0.145035
0.99 0.304 0.142349
0.99 0.353 0.204732
0.99 0.402 0.274956
0.99 0.451 0.236171
0.99 0.5 0.0886815
0.99 0.549 0.0248222
0.99 0.598 0.065803
0.99 0.647 0.153279
0.99 0.696 0.231421
0.99 0.745 0.299256
0.99 0.794 0.307242
0.99 0.843 0.49323
0.99 0.892 1.02042
0.99 0.941 1.8839
0.99 0.99 2.64949
