0.01 0.01 1.44196e-06
0.01 0.059 8.6765e-07
0.01 0.108 3.68814e-07
0.01 0.157 2.6546e-07
0.01 0.206 1.88119e-07
0.01 0.255 1.06143e-07
0.01 0.304 1.34381e-07
0.01 0.353 2.06351e-07
0.01 0.402 2.41771e-07
0.01 0.451 2.69888e-07
0.01 0.5 3.58344e-07
0.01 0.549 4.22062e-07
0.01 0.598 4.18067e-07
0.01 0.647 3.48869e-07
0.01 0.696 2.39095e-07
0.01 0.745 1.79319e-07
0.01 0.794 2.35564e-07
0.01 0.843 2.31353e-07
0.01 0.892 1.90038e-07
0.01 0.941 3.81055e-07
0.01 0.99 6.38879e-07
0.059 0.01 0.000133352
0.059 0.059 8.02403e-05
0.059 0.108 3.41079e-05
0.059 0.157 2.45498e-05
0.059 0.206 1.73973e-05
0.059 0.255 9.81615e-06
0.059 0.304 1.24276e-05
0.059 0.353 1.90834e-05
0.059 0.402 2.23589e-05
0.059 0.451 2.49592e-05
0.059 0.5 3.31396e-05
0.059 0.549 3.90323e-05
0.059 0.598 3.86628e-05
0.059 0.647 3.22634e-05
0.059 0.696 2.21115e-05
0.059 0.745 1.65834e-05
0.059 0.794 2.17849e-05
0.059 0.843 2.13955e-05
0.059 0.892 1.75747e-05
0.059 0.941 3.524e-05
0.059 0.99 5.90836e-05
0.108 0.01 0.00526214
0.108 0.059 0.00316631
0.108 0.108 0.00134591
0.108 0.157 0.000968743
0.108 0.206 0.000686502
0.108 0.255 0.000387349
0.108 0.304 0.000490397
0.108 0.353 0.000753037
0.108 0.402 0.000882292
0.108 0.451 0.0009849
0.108 0.5 0.0013077
0.108 0.549 0.00154023
0.108 0.598 0.00152565
0.108 0.647 0.00127313
0.108 0.696 0.000872527
0.108 0.745 0.000654387
0.108 0.794 0.000859642
0.108 0.843 0.000844275
0.108 0.892 0.000693504
0.108 0.941 0.00139058
0.108 0.99 0.00233146
0.157 0.01 0.0796792
0.157 0.059 0.0479443
0.157 0.108 0.0203798
0.157 0.157 0.0146687
0.157 0.206 0.010395
0.157 0.255 0.00586523
0.157 0.304 0.00742559
0.157 0.353 0.0114025
0.157 0.402 0.0133597
0.157 0.451 0.0149133
0.157 0.5 0.0198012
0.157 0.549 0.0233221
0.157 0.598 0.0231014
0.157 0.647 0.0192777
0.157 0.696 0.0132118
0.157 0.745 0.00990873
0.157 0.794 0.0130167
0.157 0.843 0.012784
0.157 0.892 0.010501
0.157 0.941 0.0210562
0.157 0.99 0.0353029
0.206 0.01 0.469741
0.206 0.059 0.282651
0.206 0.108 0.120147
0.206 0.157 0.0864778
0.206 0.206 0.0612828
0.206 0.255 0.0345779
0.206 0.304 0.0437768
0.206 0.353 0.0672222
0.206 0.402 0.0787606
0.206 0.451 0.0879201
0.206 0.5 0.116736
0.206 0.549 0.137493
0.206 0.598 0.136192
0.206 0.647 0.11365
0.206 0.696 0.0778888
0.206 0.745 0.0584159
0.206 0.794 0.0767386
0.206 0.843 0.0753668
0.206 0.892 0.0619078
0.206 0.941 0.124135
0.206 0.99 0.208125
0.255 0.01 1.17823
0.255 0.059 0.708959
0.255 0.108 0.301359
0.255 0.157 0.216908
0.255 0.206 0.153713
0.255 0.255 0.08673
0.255 0.304 0.109803
0.255 0.353 0.16861
0.255 0.402 0.197551
0.255 0.451 0.220526
0.255 0.5 0.292803
0.255 0.549 0.344867
0.255 0.598 0.341603
0.255 0.647 0.285062
0.255 0.696 0.195365
0.255 0.745 0.146522
0.255 0.794 0.19248
0.255 0.843 0.189039
0.255 0.892 0.15528
0.255 0.941 0.311361
0.255 0.99 0.52203
0.304 0.01 1.79228
0.304 0.059 1.07845
0.304 0.108 0.458417
0.304 0.157 0.329954
0.304 0.206 0.233823
0.304 0.255 0.131931
0.304 0.304 0.167029
0.304 0.353 0.256484
0.304 0.402 0.300509
0.304 0.451 0.335457
0.304 0.5 0.445403
0.304 0.549 0.524601
0.304 0.598 0.519636
0.304 0.647 0.433627
0.304 0.696 0.297182
0.304 0.745 0.222884
0.304 0.794 0.292794
0.304 0.843 0.28756
0.304 0.892 0.236207
0.304 0.941 0.473633
0.304 0.99 0.794095
0.353 0.01 2.31625
0.353 0.059 1.39373
0.353 0.108 0.592435
0.353 0.157 0.426415
0.353 0.206 0.30218
0.353 0.255 0.170501
0.353 0.304 0.21586
0.353 0.353 0.331467
0.353 0.402 0.388362
0.353 0.451 0.433527
0.353 0.5 0.575616
0.353 0.549 0.677968
0.353 0.598 0.671551
0.353 0.647 0.560397
0.353 0.696 0.384063
0.353 0.745 0.288044
0.353 0.794 0.378392
0.353 0.843 0.371628
0.353 0.892 0.305262
0.353 0.941 0.612098
0.353 0.99 1.02625
0.402 0.01 1.7516
0.402 0.059 1.05396
0.402 0.108 0.448011
0.402 0.157 0.322464
0.402 0.206 0.228515
0.402 0.255 0.128936
0.402 0.304 0.163238
0.402 0.353 0.250662
0.402 0.402 0.293687
0.402 0.451 0.327842
0.402 0.5 0.435293
0.402 0.549 0.512693
0.402 0.598 0.50784
0.402 0.647 0.423783
0.402 0.696 0.290436
0.402 0.745 0.217825
0.402 0.794 0.286147
0.402 0.843 0.281032
0.402 0.892 0.230845
0.402 0.941 0.462881
0.402 0.99 0.776069
0.451 0.01 0.727785
0.451 0.059 0.43792
0.451 0.108 0.186148
0.451 0.157 0.133983
0.451 0.206 0.0949475
0.451 0.255 0.0535727
0.451 0.304 0.0678249
0.451 0.353 0.10415
0.451 0.402 0.122026
0.451 0.451 0.136218
0.451 0.5 0.180863
0.451 0.549 0.213023
0.451 0.598 0.211007
0.451 0.647 0.176081
0.451 0.696 0.120676
0.451 0.745 0.0905058
0.451 0.794 0.118894
0.451 0.843 0.116768
0.451 0.892 0.0959158
0.451 0.941 0.192326
0.451 0.99 0.322455
0.5 0.01 1.02121
0.5 0.059 0.614477
0.5 0.108 0.261197
0.5 0.157 0.188001
0.5 0.206 0.133227
0.5 0.255 0.0751716
0.5 0.304 0.0951699
0.5 0.353 0.14614
0.5 0.402 0.171224
0.5 0.451 0.191137
0.5 0.5 0.253782
0.5 0.549 0.298908
0.5 0.598 0.296078
0.5 0.647 0.247072
0.5 0.696 0.169329
0.5 0.745 0.126995
0.5 0.794 0.166828
0.5 0.843 0.163846
0.5 0.892 0.134586
0.5 0.941 0.269866
0.5 0.99 0.45246
0.549 0.01 2.40955
0.549 0.059 1.44986
0.549 0.108 0.616297
0.549 0.157 0.44359
0.549 0.206 0.314351
0.549 0.255 0.177368
0.549 0.304 0.224554
0.549 0.353 0.344818
0.549 0.402 0.404004
0.549 0.451 0.450988
0.549 0.5 0.5988
0.549 0.549 0.705274
0.549 0.598 0.698599
0.549 0.647 0.582968
0.549 0.696 0.399532
0.549 0.745 0.299646
0.549 0.794 0.393632
0.549 0.843 0.386596
0.549 0.892 0.317557
0.549 0.941 0.636752
0.549 0.99 1.06758
0.598 0.01 3.3446
0.598 0.059 2.0125
0.598 0.108 0.855458
0.598 0.157 0.615731
0.598 0.206 0.436339
0.598 0.255 0.246198
0.598 0.304 0.311695
0.598 0.353 0.478628
0.598 0.402 0.560783
0.598 0.451 0.626
0.598 0.5 0.831173
0.598 0.549 0.978965
0.598 0.598 0.9697
0.598 0.647 0.809196
0.598 0.696 0.554576
0.598 0.745 0.415927
0.598 0.794 0.546386
0.598 0.843 0.536619
0.598 0.892 0.440789
0.598 0.941 0.883851
0.598 0.99 1.48187
0.647 0.01 3.50619
0.647 0.059 2.10973
0.647 0.108 0.896787
0.647 0.157 0.645478
0.647 0.206 0.45742
0.647 0.255 0.258092
0.647 0.304 0.326754
0.647 0.353 0.501752
0.647 0.402 0.587875
0.647 0.451 0.656243
0.647 0.5 0.871328
0.647 0.549 1.02626
0.647 0.598 1.01655
0.647 0.647 0.84829
0.647 0.696 0.581369
0.647 0.745 0.436021
0.647 0.794 0.572783
0.647 0.843 0.562544
0.647 0.892 0.462085
0.647 0.941 0.926552
0.647 0.99 1.55346
0.696 0.01 3.64149
0.696 0.059 2.19114
0.696 0.108 0.931394
0.696 0.157 0.670386
0.696 0.206 0.475071
0.696 0.255 0.268052
0.696 0.304 0.339363
0.696 0.353 0.521114
0.696 0.402 0.610561
0.696 0.451 0.681567
0.696 0.5 0.904953
0.696 0.549 1.06586
0.696 0.598 1.05578
0.696 0.647 0.881025
0.696 0.696 0.603803
0.696 0.745 0.452847
0.696 0.794 0.594887
0.696 0.843 0.584253
0.696 0.892 0.479916
0.696 0.941 0.962308
0.696 0.99 1.61341
0.745 0.01 3.408
0.745 0.059 2.05065
0.745 0.108 0.871673
0.745 0.157 0.627401
0.745 0.206 0.44461
0.745 0.255 0.250864
0.745 0.304 0.317603
0.745 0.353 0.487701
0.745 0.402 0.571412
0.745 0.451 0.637865
0.745 0.5 0.846927
0.745 0.549 0.997521
0.745 0.598 0.98808
0.745 0.647 0.824534
0.745 0.696 0.565088
0.745 0.745 0.423811
0.745 0.794 0.556743
0.745 0.843 0.546791
0.745 0.892 0.449144
0.745 0.941 0.900604
0.745 0.99 1.50996
0.794 0.01 3.72427
0.794 0.059 2.24095
0.794 0.108 0.952567
0.794 0.157 0.685626
0.794 0.206 0.485871
0.794 0.255 0.274145
0.794 0.304 0.347078
0.794 0.353 0.532961
0.794 0.402 0.624441
0.794 0.451 0.697061
0.794 0.5 0.925525
0.794 0.549 1.09009
0.794 0.598 1.07978
0.794 0.647 0.901053
0.794 0.696 0.617529
0.794 0.745 0.463142
0.794 0.794 0.60841
0.794 0.843 0.597534
0.794 0.892 0.490826
0.794 0.941 0.984183
0.794 0.99 1.65009
0.843 0.01 4.18954
0.843 0.059 2.52092
0.843 0.108 1.07157
0.843 0.157 0.771282
0.843 0.206 0.546571
0.843 0.255 0.308395
0.843 0.304 0.390438
0.843 0.353 0.599544
0.843 0.402 0.702453
0.843 0.451 0.784145
0.843 0.5 1.04115
0.843 0.549 1.22628
0.843 0.598 1.21467
0.843 0.647 1.01362
0.843 0.696 0.694678
0.843 0.745 0.521002
0.843 0.794 0.684419
0.843 0.843 0.672185
0.843 0.892 0.552145
0.843 0.941 1.10714
0.843 0.99 1.85623
0.892 0.01 7.13882
0.892 0.059 4.29555
0.892 0.108 1.82592
0.892 0.157 1.31423
0.892 0.206 0.931336
0.892 0.255 0.525493
0.892 0.304 0.665292
0.892 0.353 1.0216
0.892 0.402 1.19695
0.892 0.451 1.33615
0.892 0.5 1.77408
0.892 0.549 2.08953
0.892 0.598 2.06976
0.892 0.647 1.72717
0.892 0.696 1.1837
0.892 0.745 0.887768
0.892 0.794 1.16622
0.892 0.843 1.14538
0.892 0.892 0.940835
0.892 0.941 1.88652
0.892 0.99 3.16295
0.941 0.01 19.9078
0.941 0.059 11.9788
0.941 0.108 5.09187
0.941 0.157 3.66496
0.941 0.206 2.59719
0.941 0.255 1.46542
0.941 0.304 1.85528
0.941 0.353 2.8489
0.941 0.402 3.3379
0.941 0.451 3.72609
0.941 0.5 4.94732
0.941 0.549 5.82701
0.941 0.598 5.77186
0.941 0.647 4.81651
0.941 0.696 3.30096
0.941 0.745 2.47569
0.941 0.794 3.25221
0.941 0.843 3.19407
0.941 0.892 2.62367
0.941 0.941 5.26088
0.941 0.99 8.82041
0.99 0.01 34.7766
0.99 0.059 20.9256
0.99 0.108 8.89491
0.99 0.157 6.40226
0.99 0.206 4.53698
0.99 0.255 2.55992
0.99 0.304 3.24095
0.99 0.353 4.9767
0.99 0.402 5.83093
0.99 0.451 6.50904
0.99 0.5 8.64239
0.99 0.549 10.1791
0.99 0.598 10.0828
0.99 0.647 8.41389
0.99 0.696 5.76639
0.99 0.745 4.32474
0.99 0.794 5.68123
0.99 0.843 5.57968
0.99 0.892 4.58325
0.99 0.941 9.19014
0.99 0.99 15.4082
