0.01 0.01 0.912443
0.01 0.059 0.554931
0.01 0.108 0.236554
0.01 0.157 0.167995
0.01 0.206 0.122667
0.01 0.255 0.0580386
0.01 0.304 0.0637575
0.01 0.353 0.116942
0.01 0.402 0.155869
0.01 0.451 0.183334
0.01 0.5 0.293728
0.01 0.549 0.406784
0.01 0.598 0.339729
0.01 0.647 0.157496
0.01 0.696 0.0572587
0.01 0.745 0.0707136
0.01 0.794 0.115344
0.01 0.843 0.137516
0.01 0.892 0.133513
0.01 0.941 0.252588
0.01 0.99 0.426301
0.059 0.01 2.69354
0.059 0.059 1.63816
0.059 0.108 0.698311
0.059 0.157 0.495923
0.059 0.206 0.362114
0.059 0.255 0.171331
0.059 0.304 0.188213
0.059 0.353 0.345213
0.059 0.402 0.460127
0.059 0.451 0.541206
0.059 0.5 0.86709
0.059 0.549 1.20083
0.059 0.598 1.00288
0.059 0.647 0.464931
0.059 0.696 0.169028
0.059 0.745 0.208747
0.059 0.794 0.340496
0.059 0.843 0.40595
0.059 0.892 0.394132
0.059 0.941 0.745643
0.059 0.99 1.25845
0.108 0.01 5.55286
0.108 0.059 3.37715
0.108 0.108 1.4396
0.108 0.157 1.02237
0.108 0.206 0.746515
0.108 0.255 0.353206
0.108 0.304 0.388009
0.108 0.353 0.711672
0.108 0.402 0.948573
0.108 0.451 1.11572
0.108 0.5 1.78754
0.108 0.549 2.47557
0.108 0.598 2.06749
0.108 0.647 0.958477
0.108 0.696 0.34846
0.108 0.745 0.430342
0.108 0.794 0.701948
0.108 0.843 0.836884
0.108 0.892 0.81252
0.108 0.941 1.53718
0.108 0.99 2.59435
0.157 0.01 6.92697
0.157 0.059 4.21285
0.157 0.108 1.79584
0.157 0.157 1.27536
0.157 0.206 0.931248
0.157 0.255 0.44061
0.157 0.304 0.484026
0.157 0.353 0.887782
0.157 0.402 1.18331
0.157 0.451 1.39182
0.157 0.5 2.22989
0.157 0.549 3.08817
0.157 0.598 2.57911
0.157 0.647 1.19566
0.157 0.696 0.43469
0.157 0.745 0.536834
0.157 0.794 0.875652
0.157 0.843 1.04398
0.157 0.892 1.01359
0.157 0.941 1.91757
0.157 0.99 3.23634
0.206 0.01 5.86715
0.206 0.059 3.56829
0.206 0.108 1.52108
0.206 0.157 1.08023
0.206 0.206 0.788768
0.206 0.255 0.373197
0.206 0.304 0.40997
0.206 0.353 0.751952
0.206 0.402 1.00226
0.206 0.451 1.17887
0.206 0.5 1.88872
0.206 0.549 2.61568
0.206 0.598 2.18451
0.206 0.647 1.01273
0.206 0.696 0.368182
0.206 0.745 0.454699
0.206 0.794 0.741678
0.206 0.843 0.884251
0.206 0.892 0.858509
0.206 0.941 1.62418
0.206 0.99 2.74118
0.255 0.01 3.86722
0.255 0.059 2.35197
0.255 0.108 1.00259
0.255 0.157 0.712014
0.255 0.206 0.519901
0.255 0.255 0.245985
0.255 0.304 0.270224
0.255 0.353 0.495634
0.255 0.402 0.660621
0.255 0.451 0.777028
0.255 0.5 1.24491
0.255 0.549 1.72407
0.255 0.598 1.43987
0.255 0.647 0.667519
0.255 0.696 0.24268
0.255 0.745 0.299706
0.255 0.794 0.488863
0.255 0.843 0.582837
0.255 0.892 0.565869
0.255 0.941 1.07055
0.255 0.99 1.8068
0.304 0.01 3.05555
0.304 0.059 1.85833
0.304 0.108 0.792161
0.304 0.157 0.562573
0.304 0.206 0.410781
0.304 0.255 0.194357
0.304 0.304 0.213508
0.304 0.353 0.391608
0.304 0.402 0.521966
0.304 0.451 0.613941
0.304 0.5 0.983623
0.304 0.549 1.36222
0.304 0.598 1.13767
0.304 0.647 0.527416
0.304 0.696 0.191745
0.304 0.745 0.236802
0.304 0.794 0.386258
0.304 0.843 0.460508
0.304 0.892 0.447101
0.304 0.941 0.845854
0.304 0.99 1.42758
0.353 0.01 2.46992
0.353 0.059 1.50216
0.353 0.108 0.640336
0.353 0.157 0.45475
0.353 0.206 0.332051
0.353 0.255 0.157106
0.353 0.304 0.172587
0.353 0.353 0.316553
0.353 0.402 0.421926
0.353 0.451 0.496274
0.353 0.5 0.795102
0.353 0.549 1.10113
0.353 0.598 0.919622
0.353 0.647 0.426332
0.353 0.696 0.154995
0.353 0.745 0.191417
0.353 0.794 0.312228
0.353 0.843 0.372247
0.353 0.892 0.36141
0.353 0.941 0.683738
0.353 0.99 1.15397
0.402 0.01 1.34706
0.402 0.059 0.819257
0.402 0.108 0.34923
0.402 0.157 0.248015
0.402 0.206 0.181096
0.402 0.255 0.0856836
0.402 0.304 0.0941266
0.402 0.353 0.172643
0.402 0.402 0.230113
0.402 0.451 0.270661
0.402 0.5 0.433638
0.402 0.549 0.600544
0.402 0.598 0.501549
0.402 0.647 0.232516
0.402 0.696 0.0845324
0.402 0.745 0.104396
0.402 0.794 0.170285
0.402 0.843 0.203018
0.402 0.892 0.197108
0.402 0.941 0.372901
0.402 0.99 0.629358
0.451 0.01 1.22346
0.451 0.059 0.744083
0.451 0.108 0.317185
0.451 0.157 0.225257
0.451 0.206 0.164479
0.451 0.255 0.0778214
0.451 0.304 0.0854896
0.451 0.353 0.156802
0.451 0.402 0.208998
0.451 0.451 0.245825
0.451 0.5 0.393848
0.451 0.549 0.545438
0.451 0.598 0.455527
0.451 0.647 0.21118
0.451 0.696 0.0767757
0.451 0.745 0.0948167
0.451 0.794 0.154659
0.451 0.843 0.18439
0.451 0.892 0.179022
0.451 0.941 0.338684
0.451 0.99 0.571609
0.5 0.01 1.9355
0.5 0.059 1.17714
0.5 0.108 0.501786
0.5 0.157 0.356356
0.5 0.206 0.260205
0.5 0.255 0.123113
0.5 0.304 0.135244
0.5 0.353 0.24806
0.5 0.402 0.330634
0.5 0.451 0.388895
0.5 0.5 0.623066
0.5 0.549 0.862882
0.5 0.598 0.720643
0.5 0.647 0.334086
0.5 0.696 0.121459
0.5 0.745 0.15
0.5 0.794 0.244671
0.5 0.843 0.291704
0.5 0.892 0.283212
0.5 0.941 0.535798
0.5 0.99 0.904284
0.549 0.01 2.45003
0.549 0.059 1.49006
0.549 0.108 0.635179
0.549 0.157 0.451088
0.549 0.206 0.329377
0.549 0.255 0.155841
0.549 0.304 0.171197
0.549 0.353 0.314003
0.549 0.402 0.418529
0.549 0.451 0.492277
0.549 0.5 0.788699
0.549 0.549 1.09227
0.549 0.598 0.912216
0.549 0.647 0.422899
0.549 0.696 0.153747
0.549 0.745 0.189875
0.549 0.794 0.309713
0.549 0.843 0.369249
0.549 0.892 0.3585
0.549 0.941 0.678232
0.549 0.99 1.14468
0.598 0.01 1.81566
0.598 0.059 1.10425
0.598 0.108 0.470716
0.598 0.157 0.334291
0.598 0.206 0.244094
0.598 0.255 0.11549
0.598 0.304 0.12687
0.598 0.353 0.2327
0.598 0.402 0.310162
0.598 0.451 0.364815
0.598 0.5 0.584486
0.598 0.549 0.809453
0.598 0.598 0.676022
0.598 0.647 0.3134
0.598 0.696 0.113938
0.598 0.745 0.140712
0.598 0.794 0.229521
0.598 0.843 0.273642
0.598 0.892 0.265676
0.598 0.941 0.502622
0.598 0.99 0.848292
0.647 0.01 1.09485
0.647 0.059 0.665864
0.647 0.108 0.283843
0.647 0.157 0.201578
0.647 0.206 0.147189
0.647 0.255 0.0696407
0.647 0.304 0.0765029
0.647 0.353 0.140319
0.647 0.402 0.187028
0.647 0.451 0.219984
0.647 0.5 0.352446
0.647 0.549 0.488102
0.647 0.598 0.407642
0.647 0.647 0.188981
0.647 0.696 0.068705
0.647 0.745 0.0848495
0.647 0.794 0.138402
0.647 0.843 0.165006
0.647 0.892 0.160203
0.647 0.941 0.303082
0.647 0.99 0.511521
0.696 0.01 1.90587
0.696 0.059 1.15912
0.696 0.108 0.494105
0.696 0.157 0.350901
0.696 0.206 0.256222
0.696 0.255 0.121229
0.696 0.304 0.133174
0.696 0.353 0.244263
0.696 0.402 0.325573
0.696 0.451 0.382941
0.696 0.5 0.613528
0.696 0.549 0.849673
0.696 0.598 0.709611
0.696 0.647 0.328972
0.696 0.696 0.1196
0.696 0.745 0.147704
0.696 0.794 0.240925
0.696 0.843 0.287238
0.696 0.892 0.278876
0.696 0.941 0.527595
0.696 0.99 0.890441
0.745 0.01 3.30662
0.745 0.059 2.01102
0.745 0.108 0.857253
0.745 0.157 0.608799
0.745 0.206 0.444535
0.745 0.255 0.210327
0.745 0.304 0.231052
0.745 0.353 0.423786
0.745 0.402 0.564856
0.745 0.451 0.664389
0.745 0.5 1.06445
0.745 0.549 1.47415
0.745 0.598 1.23115
0.745 0.647 0.570754
0.745 0.696 0.207501
0.745 0.745 0.25626
0.745 0.794 0.417996
0.745 0.843 0.498348
0.745 0.892 0.48384
0.745 0.941 0.915358
0.745 0.99 1.54488
0.794 0.01 4.2484
0.794 0.059 2.5838
0.794 0.108 1.10141
0.794 0.157 0.782196
0.794 0.206 0.571147
0.794 0.255 0.270232
0.794 0.304 0.29686
0.794 0.353 0.544488
0.794 0.402 0.725737
0.794 0.451 0.853619
0.794 0.5 1.36762
0.794 0.549 1.89401
0.794 0.598 1.5818
0.794 0.647 0.733315
0.794 0.696 0.266601
0.794 0.745 0.329248
0.794 0.794 0.537049
0.794 0.843 0.640286
0.794 0.892 0.621646
0.794 0.941 1.17607
0.794 0.99 1.98489
0.843 0.01 5.27349
0.843 0.059 3.20724
0.843 0.108 1.36717
0.843 0.157 0.97093
0.843 0.206 0.708957
0.843 0.255 0.335435
0.843 0.304 0.368488
0.843 0.353 0.675867
0.843 0.402 0.900849
0.843 0.451 1.05959
0.843 0.5 1.69761
0.843 0.549 2.35102
0.843 0.598 1.96347
0.843 0.647 0.910255
0.843 0.696 0.330928
0.843 0.745 0.408691
0.843 0.794 0.666632
0.843 0.843 0.794779
0.843 0.892 0.771642
0.843 0.941 1.45984
0.843 0.99 2.46382
0.892 0.01 6.89073
0.892 0.059 4.19081
0.892 0.108 1.78645
0.892 0.157 1.26869
0.892 0.206 0.926375
0.892 0.255 0.438304
0.892 0.304 0.481493
0.892 0.353 0.883137
0.892 0.402 1.17711
0.892 0.451 1.38453
0.892 0.5 2.21822
0.892 0.549 3.07201
0.892 0.598 2.56561
0.892 0.647 1.18941
0.892 0.696 0.432415
0.892 0.745 0.534025
0.892 0.794 0.871071
0.892 0.843 1.03852
0.892 0.892 1.00828
0.892 0.941 1.90753
0.892 0.99 3.21941
0.941 0.01 10.6515
0.941 0.059 6.47804
0.941 0.108 2.76144
0.941 0.157 1.9611
0.941 0.206 1.43197
0.941 0.255 0.677519
0.941 0.304 0.744279
0.941 0.353 1.36513
0.941 0.402 1.81955
0.941 0.451 2.14017
0.941 0.5 3.42887
0.941 0.549 4.74863
0.941 0.598 3.96586
0.941 0.647 1.83855
0.941 0.696 0.668415
0.941 0.745 0.825482
0.941 0.794 1.34648
0.941 0.843 1.60531
0.941 0.892 1.55858
0.941 0.941 2.94861
0.941 0.99 4.97647
0.99 0.01 14.6907
0.99 0.059 8.93463
0.99 0.108 3.80863
0.99 0.157 2.70479
0.99 0.206 1.97499
0.99 0.255 0.934446
0.99 0.304 1.02652
0.99 0.353 1.88281
0.99 0.402 2.50956
0.99 0.451 2.95177
0.99 0.5 4.72916
0.99 0.549 6.54939
0.99 0.598 5.46978
0.99 0.647 2.53576
0.99 0.696 0.921891
0.99 0.745 1.13852
0.99 0.794 1.85709
0.99 0.843 2.21407
0.99 0.892 2.14962
0.99 0.941 4.06678
0.99 0.99 6.86364
