0.01 0.01 0.000994462
0.01 0.059 0.0159833
0.01 0.108 0.122577
0.01 0.157 0.394609
0.01 0.206 0.697863
0.01 0.255 0.944761
0.01 0.304 0.962866
0.01 0.353 1.20824
0.01 0.402 2.02495
0.01 0.451 2.67553
0.01 0.5 2.70115
0.01 0.549 2.21355
0.01 0.598 1.65911
0.01 0.647 1.56126
0.01 0.696 2.05703
0.01 0.745 3.12441
0.01 0.794 3.74163
0.01 0.843 2.79257
0.01 0.892 1.63212
0.01 0.941 1.06557
0.01 0.99 1.00527
0.059 0.01 0.000734708
0.059 0.059 0.0118084
0.059 0.108 0.0905595
0.059 0.157 0.291537
0.059 0.206 0.515581
0.059 0.255 0.697989
0.059 0.304 0.711365
0.059 0.353 0.892649
0.059 0.402 1.49603
0.059 0.451 1.97668
0.059 0.5 1.99561
0.059 0.549 1.63537
0.059 0.598 1.22575
0.059 0.647 1.15346
0.059 0.696 1.51973
0.059 0.745 2.30832
0.059 0.794 2.76431
0.059 0.843 2.06315
0.059 0.892 1.20581
0.059 0.941 0.787244
0.059 0.99 0.742697
0.108 0.01 0.000596511
0.108 0.059 0.00958729
0.108 0.108 0.0735255
0.108 0.157 0.236699
0.108 0.206 0.418601
0.108 0.255 0.566699
0.108 0.304 0.577559
0.108 0.353 0.724743
0.108 0.402 1.21463
0.108 0.451 1.60487
0.108 0.5 1.62024
0.108 0.549 1.32776
0.108 0.598 0.995191
0.108 0.647 0.936495
0.108 0.696 1.23387
0.108 0.745 1.87413
0.108 0.794 2.24435
0.108 0.843 1.67508
0.108 0.892 0.979001
0.108 0.941 0.639165
0.108 0.99 0.602997
0.157 0.01 0.00059504
0.157 0.059 0.00956366
0.157 0.108 0.0733442
0.157 0.157 0.236116
0.157 0.206 0.417569
0.157 0.255 0.565302
0.157 0.304 0.576135
0.157 0.353 0.722957
0.157 0.402 1.21164
0.157 0.451 1.60091
0.157 0.5 1.61624
0.157 0.549 1.32449
0.157 0.598 0.992738
0.157 0.647 0.934187
0.157 0.696 1.23083
0.157 0.745 1.86951
0.157 0.794 2.23882
0.157 0.843 1.67095
0.157 0.892 0.976587
0.157 0.941 0.637589
0.157 0.99 0.60151
0.206 0.01 0.000610695
0.206 0.059 0.00981527
0.206 0.108 0.0752738
0.206 0.157 0.242328
0.206 0.206 0.428555
0.206 0.255 0.580175
0.206 0.304 0.591293
0.206 0.353 0.741977
0.206 0.402 1.24352
0.206 0.451 1.64303
0.206 0.5 1.65876
0.206 0.549 1.35933
0.206 0.598 1.01886
0.206 0.647 0.958764
0.206 0.696 1.26322
0.206 0.745 1.91869
0.206 0.794 2.29772
0.206 0.843 1.71491
0.206 0.892 1.00228
0.206 0.941 0.654363
0.206 0.99 0.617336
0.255 0.01 0.000587915
0.255 0.059 0.00944914
0.255 0.108 0.0724659
0.255 0.157 0.233288
0.255 0.206 0.412569
0.255 0.255 0.558533
0.255 0.304 0.569236
0.255 0.353 0.714299
0.255 0.402 1.19713
0.255 0.451 1.58174
0.255 0.5 1.59689
0.255 0.549 1.30863
0.255 0.598 0.98085
0.255 0.647 0.923
0.255 0.696 1.21609
0.255 0.745 1.84712
0.255 0.794 2.21201
0.255 0.843 1.65094
0.255 0.892 0.964893
0.255 0.941 0.629954
0.255 0.99 0.594307
0.304 0.01 0.000568545
0.304 0.059 0.00913781
0.304 0.108 0.0700784
0.304 0.157 0.225602
0.304 0.206 0.398976
0.304 0.255 0.540131
0.304 0.304 0.550481
0.304 0.353 0.690765
0.304 0.402 1.15769
0.304 0.451 1.52963
0.304 0.5 1.54428
0.304 0.549 1.26551
0.304 0.598 0.948533
0.304 0.647 0.89259
0.304 0.696 1.17603
0.304 0.745 1.78626
0.304 0.794 2.13913
0.304 0.843 1.59655
0.304 0.892 0.933102
0.304 0.941 0.609199
0.304 0.99 0.574727
0.353 0.01 0.000541786
0.353 0.059 0.00870775
0.353 0.108 0.0667802
0.353 0.157 0.214984
0.353 0.206 0.380198
0.353 0.255 0.51471
0.353 0.304 0.524573
0.353 0.353 0.658255
0.353 0.402 1.1032
0.353 0.451 1.45764
0.353 0.5 1.4716
0.353 0.549 1.20595
0.353 0.598 0.903891
0.353 0.647 0.85058
0.353 0.696 1.12068
0.353 0.745 1.70219
0.353 0.794 2.03845
0.353 0.843 1.5214
0.353 0.892 0.889186
0.353 0.941 0.580527
0.353 0.99 0.547678
0.402 0.01 0.000531461
0.402 0.059 0.00854179
0.402 0.108 0.0655075
0.402 0.157 0.210887
0.402 0.206 0.372953
0.402 0.255 0.5049
0.402 0.304 0.514576
0.402 0.353 0.64571
0.402 0.402 1.08218
0.402 0.451 1.42986
0.402 0.5 1.44355
0.402 0.549 1.18297
0.402 0.598 0.886665
0.402 0.647 0.83437
0.402 0.696 1.09932
0.402 0.745 1.66975
0.402 0.794 1.9996
0.402 0.843 1.49241
0.402 0.892 0.87224
0.402 0.941 0.569463
0.402 0.99 0.53724
0.451 0.01 0.00057429
0.451 0.059 0.00923015
0.451 0.108 0.0707865
0.451 0.157 0.227882
0.451 0.206 0.403008
0.451 0.255 0.545589
0.451 0.304 0.556044
0.451 0.353 0.697746
0.451 0.402 1.16939
0.451 0.451 1.54509
0.451 0.5 1.55988
0.451 0.549 1.2783
0.451 0.598 0.958118
0.451 0.647 0.901609
0.451 0.696 1.18791
0.451 0.745 1.80431
0.451 0.794 2.16075
0.451 0.843 1.61268
0.451 0.892 0.942532
0.451 0.941 0.615355
0.451 0.99 0.580534
0.5 0.01 0.000579029
0.5 0.059 0.00930632
0.5 0.108 0.0713707
0.5 0.157 0.229762
0.5 0.206 0.406333
0.5 0.255 0.550091
0.5 0.304 0.560633
0.5 0.353 0.703503
0.5 0.402 1.17904
0.5 0.451 1.55784
0.5 0.5 1.57275
0.5 0.549 1.28885
0.5 0.598 0.966025
0.5 0.647 0.909049
0.5 0.696 1.19771
0.5 0.745 1.8192
0.5 0.794 2.17858
0.5 0.843 1.62599
0.5 0.892 0.950309
0.5 0.941 0.620433
0.5 0.99 0.585325
0.549 0.01 0.000559737
0.549 0.059 0.00899625
0.549 0.108 0.0689927
0.549 0.157 0.222107
0.549 0.206 0.392795
0.549 0.255 0.531763
0.549 0.304 0.541953
0.549 0.353 0.680064
0.549 0.402 1.13975
0.549 0.451 1.50593
0.549 0.5 1.52035
0.549 0.549 1.24591
0.549 0.598 0.933838
0.549 0.647 0.878761
0.549 0.696 1.15781
0.549 0.745 1.75859
0.549 0.794 2.10599
0.549 0.843 1.57181
0.549 0.892 0.918646
0.549 0.941 0.599761
0.549 0.99 0.565823
0.598 0.01 0.000489486
0.598 0.059 0.00786715
0.598 0.108 0.0603336
0.598 0.157 0.194231
0.598 0.206 0.343496
0.598 0.255 0.465023
0.598 0.304 0.473934
0.598 0.353 0.594711
0.598 0.402 0.996705
0.598 0.451 1.31693
0.598 0.5 1.32954
0.598 0.549 1.08954
0.598 0.598 0.816635
0.598 0.647 0.768471
0.598 0.696 1.01249
0.598 0.745 1.53787
0.598 0.794 1.84167
0.598 0.843 1.37454
0.598 0.892 0.80335
0.598 0.941 0.524487
0.598 0.99 0.494808
0.647 0.01 0.000537757
0.647 0.059 0.00864299
0.647 0.108 0.0662835
0.647 0.157 0.213385
0.647 0.206 0.377371
0.647 0.255 0.510882
0.647 0.304 0.520672
0.647 0.353 0.653359
0.647 0.402 1.095
0.647 0.451 1.4468
0.647 0.5 1.46065
0.647 0.549 1.19698
0.647 0.598 0.897169
0.647 0.647 0.844255
0.647 0.696 1.11234
0.647 0.745 1.68953
0.647 0.794 2.02329
0.647 0.843 1.51009
0.647 0.892 0.882574
0.647 0.941 0.57621
0.647 0.99 0.543604
0.696 0.01 0.000597478
0.696 0.059 0.00960284
0.696 0.108 0.0736447
0.696 0.157 0.237083
0.696 0.206 0.41928
0.696 0.255 0.567618
0.696 0.304 0.578496
0.696 0.353 0.725919
0.696 0.402 1.2166
0.696 0.451 1.60747
0.696 0.5 1.62287
0.696 0.549 1.32992
0.696 0.598 0.996805
0.696 0.647 0.938014
0.696 0.696 1.23588
0.696 0.745 1.87717
0.696 0.794 2.24799
0.696 0.843 1.67779
0.696 0.892 0.980589
0.696 0.941 0.640202
0.696 0.99 0.603975
0.745 0.01 0.000597293
0.745 0.059 0.00959987
0.745 0.108 0.0736219
0.745 0.157 0.23701
0.745 0.206 0.41915
0.745 0.255 0.567443
0.745 0.304 0.578317
0.745 0.353 0.725694
0.745 0.402 1.21623
0.745 0.451 1.60698
0.745 0.5 1.62236
0.745 0.549 1.3295
0.745 0.598 0.996496
0.745 0.647 0.937724
0.745 0.696 1.23549
0.745 0.745 1.87659
0.745 0.794 2.2473
0.745 0.843 1.67728
0.745 0.892 0.980285
0.745 0.941 0.640003
0.745 0.99 0.603788
0.794 0.01 0.00049258
0.794 0.059 0.00791688
0.794 0.108 0.060715
0.794 0.157 0.195459
0.794 0.206 0.345668
0.794 0.255 0.467962
0.794 0.304 0.47693
0.794 0.353 0.59847
0.794 0.402 1.00301
0.794 0.451 1.32525
0.794 0.5 1.33794
0.794 0.549 1.09642
0.794 0.598 0.821797
0.794 0.647 0.773328
0.794 0.696 1.01889
0.794 0.745 1.54759
0.794 0.794 1.85331
0.794 0.843 1.38323
0.794 0.892 0.808428
0.794 0.941 0.527802
0.794 0.99 0.497936
0.843 0.01 0.000441407
0.843 0.059 0.00709443
0.843 0.108 0.0544075
0.843 0.157 0.175153
0.843 0.206 0.309758
0.843 0.255 0.419347
0.843 0.304 0.427383
0.843 0.353 0.536297
0.843 0.402 0.898807
0.843 0.451 1.18758
0.843 0.5 1.19895
0.843 0.549 0.98252
0.843 0.598 0.736424
0.843 0.647 0.69299
0.843 0.696 0.913046
0.843 0.745 1.38682
0.843 0.794 1.66078
0.843 0.843 1.23953
0.843 0.892 0.724443
0.843 0.941 0.472971
0.843 0.99 0.446207
0.892 0.01 0.000599809
0.892 0.059 0.0096403
0.892 0.108 0.073932
0.892 0.157 0.238008
0.892 0.206 0.420916
0.892 0.255 0.569832
0.892 0.304 0.580752
0.892 0.353 0.72875
0.892 0.402 1.22135
0.892 0.451 1.61374
0.892 0.5 1.62919
0.892 0.549 1.3351
0.892 0.598 1.00069
0.892 0.647 0.941673
0.892 0.696 1.2407
0.892 0.745 1.88449
0.892 0.794 2.25676
0.892 0.843 1.68434
0.892 0.892 0.984414
0.892 0.941 0.642699
0.892 0.99 0.606331
0.941 0.01 0.000952406
0.941 0.059 0.0153073
0.941 0.108 0.117393
0.941 0.157 0.37792
0.941 0.206 0.66835
0.941 0.255 0.904807
0.941 0.304 0.922147
0.941 0.353 1.15715
0.941 0.402 1.93932
0.941 0.451 2.56238
0.941 0.5 2.58691
0.941 0.549 2.11994
0.941 0.598 1.58895
0.941 0.647 1.49523
0.941 0.696 1.97004
0.941 0.745 2.99228
0.941 0.794 3.58339
0.941 0.843 2.67448
0.941 0.892 1.5631
0.941 0.941 1.02051
0.941 0.99 0.962762
0.99 0.01 0.00135598
0.99 0.059 0.0217936
0.99 0.108 0.167137
0.99 0.157 0.53806
0.99 0.206 0.951556
0.99 0.255 1.28821
0.99 0.304 1.3129
0.99 0.353 1.64747
0.99 0.402 2.76108
0.99 0.451 3.64816
0.99 0.5 3.68309
0.99 0.549 3.01824
0.99 0.598 2.26225
0.99 0.647 2.12882
0.99 0.696 2.80482
0.99 0.745 4.26022
0.99 0.794 5.10181
0.99 0.843 3.80775
0.99 0.892 2.22544
0.99 0.941 1.45294
0.99 0.99 1.37072
