0.01 0.01 12.7715
0.01 0.059 8.06343
0.01 0.108 3.64513
0.01 0.157 1.9394
0.01 0.206 1.80796
0.01 0.255 1.84611
0.01 0.304 1.21734
0.01 0.353 1.16766
0.01 0.402 1.89744
0.01 0.451 2.22449
0.01 0.5 2.47778
0.01 0.549 3.01755
0.01 0.598 2.94477
0.01 0.647 1.97256
0.01 0.696 0.966422
0.01 0.745 0.978221
0.01 0.794 1.48037
0.01 0.843 1.71539
0.01 0.892 1.67327
0.01 0.941 3.11763
0.01 0.99 5.101
0.059 0.01 7.45115
0.059 0.059 4.70435
0.059 0.108 2.12663
0.059 0.157 1.13148
0.059 0.206 1.0548
0.059 0.255 1.07706
0.059 0.304 0.710217
0.059 0.353 0.681232
0.059 0.402 1.107
0.059 0.451 1.29781
0.059 0.5 1.44558
0.059 0.549 1.7605
0.059 0.598 1.71803
0.059 0.647 1.15083
0.059 0.696 0.563828
0.059 0.745 0.570712
0.059 0.794 0.863673
0.059 0.843 1.00079
0.059 0.892 0.976217
0.059 0.941 1.81888
0.059 0.99 2.97601
0.108 0.01 2.61939
0.108 0.059 1.65377
0.108 0.108 0.747599
0.108 0.157 0.397762
0.108 0.206 0.370804
0.108 0.255 0.37863
0.108 0.304 0.24967
0.108 0.353 0.239481
0.108 0.402 0.389156
0.108 0.451 0.456233
0.108 0.5 0.508181
0.108 0.549 0.618887
0.108 0.598 0.603958
0.108 0.647 0.404563
0.108 0.696 0.198209
0.108 0.745 0.200629
0.108 0.794 0.303617
0.108 0.843 0.351818
0.108 0.892 0.34318
0.108 0.941 0.639411
0.108 0.99 1.04619
0.157 0.01 1.66494
0.157 0.059 1.05118
0.157 0.108 0.475191
0.157 0.157 0.252827
0.157 0.206 0.235692
0.157 0.255 0.240666
0.157 0.304 0.158696
0.157 0.353 0.15222
0.157 0.402 0.247357
0.157 0.451 0.289992
0.157 0.5 0.323012
0.157 0.549 0.393379
0.157 0.598 0.38389
0.157 0.647 0.25715
0.157 0.696 0.125986
0.157 0.745 0.127524
0.157 0.794 0.192986
0.157 0.843 0.223624
0.157 0.892 0.218133
0.157 0.941 0.406425
0.157 0.99 0.664984
0.206 0.01 2.0273
0.206 0.059 1.27996
0.206 0.108 0.578613
0.206 0.157 0.307853
0.206 0.206 0.286988
0.206 0.255 0.293045
0.206 0.304 0.193235
0.206 0.353 0.185349
0.206 0.402 0.301192
0.206 0.451 0.353107
0.206 0.5 0.393313
0.206 0.549 0.478995
0.206 0.598 0.46744
0.206 0.647 0.313116
0.206 0.696 0.153406
0.206 0.745 0.155279
0.206 0.794 0.234988
0.206 0.843 0.272294
0.206 0.892 0.265608
0.206 0.941 0.49488
0.206 0.99 0.809712
0.255 0.01 2.53358
0.255 0.059 1.5996
0.255 0.108 0.72311
0.255 0.157 0.384733
0.255 0.206 0.358658
0.255 0.255 0.366227
0.255 0.304 0.241492
0.255 0.353 0.231636
0.255 0.402 0.376409
0.255 0.451 0.441288
0.255 0.5 0.491535
0.255 0.549 0.598614
0.255 0.598 0.584175
0.255 0.647 0.391311
0.255 0.696 0.191716
0.255 0.745 0.194057
0.255 0.794 0.293671
0.255 0.843 0.340294
0.255 0.892 0.331939
0.255 0.941 0.618467
0.255 0.99 1.01192
0.304 0.01 1.74869
0.304 0.059 1.10405
0.304 0.108 0.499095
0.304 0.157 0.265545
0.304 0.206 0.247548
0.304 0.255 0.252772
0.304 0.304 0.166679
0.304 0.353 0.159877
0.304 0.402 0.2598
0.304 0.451 0.30458
0.304 0.5 0.33926
0.304 0.549 0.413167
0.304 0.598 0.403201
0.304 0.647 0.270085
0.304 0.696 0.132324
0.304 0.745 0.133939
0.304 0.794 0.202694
0.304 0.843 0.234873
0.304 0.892 0.229106
0.304 0.941 0.426869
0.304 0.99 0.698434
0.353 0.01 0.97997
0.353 0.059 0.618713
0.353 0.108 0.279693
0.353 0.157 0.148812
0.353 0.206 0.138726
0.353 0.255 0.141654
0.353 0.304 0.0934072
0.353 0.353 0.0895951
0.353 0.402 0.145592
0.353 0.451 0.170687
0.353 0.5 0.190122
0.353 0.549 0.231539
0.353 0.598 0.225954
0.353 0.647 0.151356
0.353 0.696 0.0741543
0.353 0.745 0.0750596
0.353 0.794 0.11359
0.353 0.843 0.131623
0.353 0.892 0.128391
0.353 0.941 0.239218
0.353 0.99 0.391403
0.402 0.01 1.91177
0.402 0.059 1.20702
0.402 0.108 0.545639
0.402 0.157 0.290309
0.402 0.206 0.270634
0.402 0.255 0.276345
0.402 0.304 0.182223
0.402 0.353 0.174787
0.402 0.402 0.284028
0.402 0.451 0.332984
0.402 0.5 0.370899
0.402 0.549 0.451698
0.402 0.598 0.440802
0.402 0.647 0.295273
0.402 0.696 0.144664
0.402 0.745 0.14643
0.402 0.794 0.221596
0.402 0.843 0.256777
0.402 0.892 0.250472
0.402 0.941 0.466678
0.402 0.99 0.763568
0.451 0.01 3.92243
0.451 0.059 2.47646
0.451 0.108 1.1195
0.451 0.157 0.595633
0.451 0.206 0.555265
0.451 0.255 0.566983
0.451 0.304 0.373872
0.451 0.353 0.358613
0.451 0.402 0.582746
0.451 0.451 0.683191
0.451 0.5 0.760981
0.451 0.549 0.926758
0.451 0.598 0.904404
0.451 0.647 0.605817
0.451 0.696 0.29681
0.451 0.745 0.300433
0.451 0.794 0.454654
0.451 0.843 0.526834
0.451 0.892 0.513899
0.451 0.941 0.957493
0.451 0.99 1.56663
0.5 0.01 8.14564
0.5 0.059 5.14282
0.5 0.108 2.32485
0.5 0.157 1.23694
0.5 0.206 1.15311
0.5 0.255 1.17744
0.5 0.304 0.776413
0.5 0.353 0.744727
0.5 0.402 1.21018
0.5 0.451 1.41877
0.5 0.5 1.58032
0.5 0.549 1.92458
0.5 0.598 1.87816
0.5 0.647 1.25809
0.5 0.696 0.61638
0.5 0.745 0.623905
0.5 0.794 0.944172
0.5 0.843 1.09407
0.5 0.892 1.06721
0.5 0.941 1.98841
0.5 0.99 3.25339
0.549 0.01 17.1101
0.549 0.059 10.8026
0.549 0.108 4.88338
0.549 0.157 2.59822
0.549 0.206 2.42213
0.549 0.255 2.47324
0.549 0.304 1.63087
0.549 0.353 1.56431
0.549 0.402 2.542
0.549 0.451 2.98015
0.549 0.5 3.31948
0.549 0.549 4.04262
0.549 0.598 3.94511
0.549 0.647 2.64264
0.549 0.696 1.29472
0.549 0.745 1.31052
0.549 0.794 1.98325
0.549 0.843 2.29811
0.549 0.892 2.24168
0.549 0.941 4.17669
0.549 0.99 6.83381
0.598 0.01 19.9464
0.598 0.059 12.5934
0.598 0.108 5.69291
0.598 0.157 3.02893
0.598 0.206 2.82365
0.598 0.255 2.88324
0.598 0.304 1.90122
0.598 0.353 1.82363
0.598 0.402 2.9634
0.598 0.451 3.47418
0.598 0.5 3.86976
0.598 0.549 4.71278
0.598 0.598 4.5991
0.598 0.647 3.08072
0.598 0.696 1.50934
0.598 0.745 1.52777
0.598 0.794 2.31202
0.598 0.843 2.67907
0.598 0.892 2.61329
0.598 0.941 4.86907
0.598 0.99 7.96666
0.647 0.01 9.96431
0.647 0.059 6.29106
0.647 0.108 2.84391
0.647 0.157 1.51311
0.647 0.206 1.41056
0.647 0.255 1.44033
0.647 0.304 0.949762
0.647 0.353 0.911001
0.647 0.402 1.48038
0.647 0.451 1.73554
0.647 0.5 1.93315
0.647 0.549 2.35428
0.647 0.598 2.29749
0.647 0.647 1.53898
0.647 0.696 0.753999
0.647 0.745 0.763204
0.647 0.794 1.15498
0.647 0.843 1.33834
0.647 0.892 1.30548
0.647 0.941 2.43236
0.647 0.99 3.97978
0.696 0.01 2.0075
0.696 0.059 1.26746
0.696 0.108 0.572962
0.696 0.157 0.304846
0.696 0.206 0.284185
0.696 0.255 0.290183
0.696 0.304 0.191348
0.696 0.353 0.183539
0.696 0.402 0.29825
0.696 0.451 0.349658
0.696 0.5 0.389471
0.696 0.549 0.474316
0.696 0.598 0.462875
0.696 0.647 0.310058
0.696 0.696 0.151908
0.696 0.745 0.153762
0.696 0.794 0.232692
0.696 0.843 0.269634
0.696 0.892 0.263014
0.696 0.941 0.490046
0.696 0.99 0.801803
0.745 0.01 0.159985
0.745 0.059 0.101008
0.745 0.108 0.0456612
0.745 0.157 0.0242942
0.745 0.206 0.0226477
0.745 0.255 0.0231256
0.745 0.304 0.0152492
0.745 0.353 0.0146268
0.745 0.402 0.0237686
0.745 0.451 0.0278654
0.745 0.5 0.0310383
0.745 0.549 0.0377998
0.745 0.598 0.0368881
0.745 0.647 0.0247096
0.745 0.696 0.012106
0.745 0.745 0.0122538
0.745 0.794 0.018544
0.745 0.843 0.0214881
0.745 0.892 0.0209605
0.745 0.941 0.0390534
0.745 0.99 0.0638984
0.794 0.01 0.00548551
0.794 0.059 0.00346332
0.794 0.108 0.00156562
0.794 0.157 0.000832992
0.794 0.206 0.000776537
0.794 0.255 0.000792925
0.794 0.304 0.000522859
0.794 0.353 0.00050152
0.794 0.402 0.000814969
0.794 0.451 0.000955441
0.794 0.5 0.00106423
0.794 0.549 0.00129607
0.794 0.598 0.00126481
0.794 0.647 0.000847234
0.794 0.696 0.000415088
0.794 0.745 0.000420156
0.794 0.794 0.000635832
0.794 0.843 0.000736776
0.794 0.892 0.000718686
0.794 0.941 0.00133905
0.794 0.99 0.00219093
0.843 0.01 0.0172175
0.843 0.059 0.0108704
0.843 0.108 0.00491405
0.843 0.157 0.00261454
0.843 0.206 0.00243734
0.843 0.255 0.00248878
0.843 0.304 0.00164111
0.843 0.353 0.00157414
0.843 0.402 0.00255797
0.843 0.451 0.00299887
0.843 0.5 0.00334033
0.843 0.549 0.00406801
0.843 0.598 0.00396989
0.843 0.647 0.00265924
0.843 0.696 0.00130285
0.843 0.745 0.00131875
0.843 0.794 0.00199571
0.843 0.843 0.00231254
0.843 0.892 0.00225576
0.843 0.941 0.00420292
0.843 0.99 0.00687673
0.892 0.01 0.230259
0.892 0.059 0.145376
0.892 0.108 0.0657183
0.892 0.157 0.0349656
0.892 0.206 0.0325959
0.892 0.255 0.0332837
0.892 0.304 0.0219475
0.892 0.353 0.0210518
0.892 0.402 0.0342091
0.892 0.451 0.0401055
0.892 0.5 0.0446721
0.892 0.549 0.0544037
0.892 0.598 0.0530914
0.892 0.647 0.0355634
0.892 0.696 0.0174237
0.892 0.745 0.0176364
0.892 0.794 0.0266897
0.892 0.843 0.0309269
0.892 0.892 0.0301675
0.892 0.941 0.056208
0.892 0.99 0.0919662
0.941 0.01 1.18286
0.941 0.059 0.746807
0.941 0.108 0.337599
0.941 0.157 0.179621
0.941 0.206 0.167447
0.941 0.255 0.170981
0.941 0.304 0.112746
0.941 0.353 0.108144
0.941 0.402 0.175734
0.941 0.451 0.206025
0.941 0.5 0.229483
0.941 0.549 0.279476
0.941 0.598 0.272734
0.941 0.647 0.182692
0.941 0.696 0.0895067
0.941 0.745 0.0905995
0.941 0.794 0.137107
0.941 0.843 0.158873
0.941 0.892 0.154973
0.941 0.941 0.288744
0.941 0.99 0.472437
0.99 0.01 2.32585
0.99 0.059 1.46845
0.99 0.108 0.66382
0.99 0.157 0.353188
0.99 0.206 0.329251
0.99 0.255 0.336199
0.99 0.304 0.221691
0.99 0.353 0.212644
0.99 0.402 0.345546
0.99 0.451 0.405106
0.99 0.5 0.451233
0.99 0.549 0.549532
0.99 0.598 0.536276
0.99 0.647 0.359226
0.99 0.696 0.175997
0.99 0.745 0.178145
0.99 0.794 0.269592
0.99 0.843 0.312392
0.99 0.892 0.304722
0.99 0.941 0.567756
0.99 0.99 0.928951
