0.01 0.01 2.36592
0.01 0.059 1.65736
0.01 0.108 0.881029
0.01 0.157 0.660495
0.01 0.206 0.543676
0.01 0.255 0.256066
0.01 0.304 0.16275
0.01 0.353 0.316914
0.01 0.402 0.503634
0.01 0.451 0.552974
0.01 0.5 0.333415
0.01 0.549 0.238064
0.01 0.598 0.461016
0.01 0.647 0.647688
0.01 0.696 0.523525
0.01 0.745 0.460865
0.01 0.794 0.704198
0.01 0.843 0.980196
0.01 0.892 1.57324
0.01 0.941 3.14003
0.01 0.99 4.72193
0.059 0.01 2.10985
0.059 0.059 1.47798
0.059 0.108 0.78567
0.059 0.157 0.589006
0.059 0.206 0.484831
0.059 0.255 0.228351
0.059 0.304 0.145135
0.059 0.353 0.282613
0.059 0.402 0.449123
0.059 0.451 0.493122
0.059 0.5 0.297328
0.059 0.549 0.212297
0.059 0.598 0.411118
0.059 0.647 0.577585
0.059 0.696 0.466861
0.059 0.745 0.410983
0.059 0.794 0.627979
0.059 0.843 0.874104
0.059 0.892 1.40296
0.059 0.941 2.80016
0.059 0.99 4.21085
0.108 0.01 1.5956
0.108 0.059 1.11774
0.108 0.108 0.594174
0.108 0.157 0.445444
0.108 0.206 0.36666
0.108 0.255 0.172693
0.108 0.304 0.10976
0.108 0.353 0.21373
0.108 0.402 0.339655
0.108 0.451 0.37293
0.108 0.5 0.224858
0.108 0.549 0.160552
0.108 0.598 0.310913
0.108 0.647 0.436806
0.108 0.696 0.35307
0.108 0.745 0.310811
0.108 0.794 0.474917
0.108 0.843 0.661053
0.108 0.892 1.06101
0.108 0.941 2.11766
0.108 0.99 3.18451
0.157 0.01 1.79054
0.157 0.059 1.2543
0.157 0.108 0.666765
0.157 0.157 0.499864
0.157 0.206 0.411455
0.157 0.255 0.193792
0.157 0.304 0.12317
0.157 0.353 0.239841
0.157 0.402 0.381152
0.157 0.451 0.418492
0.157 0.5 0.252329
0.157 0.549 0.180167
0.157 0.598 0.348898
0.157 0.647 0.490172
0.157 0.696 0.396205
0.157 0.745 0.348784
0.157 0.794 0.532939
0.157 0.843 0.741814
0.157 0.892 1.19063
0.157 0.941 2.37638
0.157 0.99 3.57357
0.206 0.01 1.87829
0.206 0.059 1.31577
0.206 0.108 0.699443
0.206 0.157 0.524362
0.206 0.206 0.431621
0.206 0.255 0.203289
0.206 0.304 0.129206
0.206 0.353 0.251596
0.206 0.402 0.399832
0.206 0.451 0.439002
0.206 0.5 0.264696
0.206 0.549 0.188997
0.206 0.598 0.365998
0.206 0.647 0.514195
0.206 0.696 0.415623
0.206 0.745 0.365878
0.206 0.794 0.559058
0.206 0.843 0.778171
0.206 0.892 1.24899
0.206 0.941 2.49285
0.206 0.99 3.74871
0.255 0.01 1.45243
0.255 0.059 1.01745
0.255 0.108 0.54086
0.255 0.157 0.405475
0.255 0.206 0.33376
0.255 0.255 0.157198
0.255 0.304 0.0999115
0.255 0.353 0.194552
0.255 0.402 0.309179
0.255 0.451 0.339468
0.255 0.5 0.204682
0.255 0.549 0.146146
0.255 0.598 0.283016
0.255 0.647 0.397613
0.255 0.696 0.32139
0.255 0.745 0.282923
0.255 0.794 0.432304
0.255 0.843 0.601738
0.255 0.892 0.965806
0.255 0.941 1.92765
0.255 0.99 2.89877
0.304 0.01 1.57189
0.304 0.059 1.10113
0.304 0.108 0.585344
0.304 0.157 0.438824
0.304 0.206 0.361211
0.304 0.255 0.170127
0.304 0.304 0.108129
0.304 0.353 0.210554
0.304 0.402 0.334608
0.304 0.451 0.367389
0.304 0.5 0.221517
0.304 0.549 0.158166
0.304 0.598 0.306293
0.304 0.647 0.430315
0.304 0.696 0.347823
0.304 0.745 0.306193
0.304 0.794 0.46786
0.304 0.843 0.651229
0.304 0.892 1.04524
0.304 0.941 2.08619
0.304 0.99 3.13719
0.353 0.01 1.61783
0.353 0.059 1.13331
0.353 0.108 0.602451
0.353 0.157 0.451649
0.353 0.206 0.371768
0.353 0.255 0.175099
0.353 0.304 0.111289
0.353 0.353 0.216707
0.353 0.402 0.344387
0.353 0.451 0.378126
0.353 0.5 0.227991
0.353 0.549 0.162789
0.353 0.598 0.315245
0.353 0.647 0.442892
0.353 0.696 0.357989
0.353 0.745 0.315141
0.353 0.794 0.481533
0.353 0.843 0.670262
0.353 0.892 1.07579
0.353 0.941 2.14716
0.353 0.99 3.22888
0.402 0.01 1.08998
0.402 0.059 0.763547
0.402 0.108 0.40589
0.402 0.157 0.30429
0.402 0.206 0.250471
0.402 0.255 0.11797
0.402 0.304 0.0749788
0.402 0.353 0.146002
0.402 0.402 0.232024
0.402 0.451 0.254755
0.402 0.5 0.153604
0.402 0.549 0.109676
0.402 0.598 0.21239
0.402 0.647 0.298389
0.402 0.696 0.241188
0.402 0.745 0.21232
0.402 0.794 0.324424
0.402 0.843 0.451576
0.402 0.892 0.724792
0.402 0.941 1.44661
0.402 0.99 2.17539
0.451 0.01 1.09521
0.451 0.059 0.76721
0.451 0.108 0.407837
0.451 0.157 0.30575
0.451 0.206 0.251673
0.451 0.255 0.118536
0.451 0.304 0.0753386
0.451 0.353 0.146703
0.451 0.402 0.233137
0.451 0.451 0.255977
0.451 0.5 0.154341
0.451 0.549 0.110202
0.451 0.598 0.213409
0.451 0.647 0.299821
0.451 0.696 0.242345
0.451 0.745 0.213339
0.451 0.794 0.32598
0.451 0.843 0.453742
0.451 0.892 0.728269
0.451 0.941 1.45355
0.451 0.99 2.18583
0.5 0.01 1.61349
0.5 0.059 1.13027
0.5 0.108 0.600836
0.5 0.157 0.450438
0.5 0.206 0.370771
0.5 0.255 0.17463
0.5 0.304 0.110991
0.5 0.353 0.216126
0.5 0.402 0.343464
0.5 0.451 0.377112
0.5 0.5 0.227379
0.5 0.549 0.162353
0.5 0.598 0.3144
0.5 0.647 0.441704
0.5 0.696 0.357029
0.5 0.745 0.314297
0.5 0.794 0.480243
0.5 0.843 0.668465
0.5 0.892 1.07291
0.5 0.941 2.14141
0.5 0.99 3.22022
0.549 0.01 1.54641
0.549 0.059 1.08328
0.549 0.108 0.575857
0.549 0.157 0.431712
0.549 0.206 0.355357
0.549 0.255 0.16737
0.549 0.304 0.106376
0.549 0.353 0.207141
0.549 0.402 0.329185
0.549 0.451 0.361434
0.549 0.5 0.217926
0.549 0.549 0.155603
0.549 0.598 0.301329
0.549 0.647 0.423341
0.549 0.696 0.342186
0.549 0.745 0.30123
0.549 0.794 0.460277
0.549 0.843 0.640674
0.549 0.892 1.0283
0.549 0.941 2.05238
0.549 0.99 3.08634
0.598 0.01 1.3397
0.598 0.059 0.938477
0.598 0.108 0.49888
0.598 0.157 0.374003
0.598 0.206 0.307855
0.598 0.255 0.144997
0.598 0.304 0.0921566
0.598 0.353 0.179452
0.598 0.402 0.285181
0.598 0.451 0.31312
0.598 0.5 0.188795
0.598 0.549 0.134803
0.598 0.598 0.261049
0.598 0.647 0.366751
0.598 0.696 0.296444
0.598 0.745 0.260963
0.598 0.794 0.39875
0.598 0.843 0.555033
0.598 0.892 0.890843
0.598 0.941 1.77803
0.598 0.99 2.67378
0.647 0.01 2.1451
0.647 0.059 1.50268
0.647 0.108 0.7988
0.647 0.157 0.598849
0.647 0.206 0.492933
0.647 0.255 0.232167
0.647 0.304 0.14756
0.647 0.353 0.287335
0.647 0.402 0.456628
0.647 0.451 0.501363
0.647 0.5 0.302296
0.647 0.549 0.215845
0.647 0.598 0.417988
0.647 0.647 0.587237
0.647 0.696 0.474663
0.647 0.745 0.417851
0.647 0.794 0.638473
0.647 0.843 0.888711
0.647 0.892 1.42641
0.647 0.941 2.84696
0.647 0.99 4.28122
0.696 0.01 3.38124
0.696 0.059 2.36861
0.696 0.108 1.25912
0.696 0.157 0.943942
0.696 0.206 0.776991
0.696 0.255 0.365955
0.696 0.304 0.232593
0.696 0.353 0.452916
0.696 0.402 0.719766
0.696 0.451 0.790279
0.696 0.5 0.476498
0.696 0.549 0.340227
0.696 0.598 0.658858
0.696 0.647 0.925639
0.696 0.696 0.748193
0.696 0.745 0.658642
0.696 0.794 1.0064
0.696 0.843 1.40084
0.696 0.892 2.24839
0.696 0.941 4.48755
0.696 0.99 6.74832
0.745 0.01 4.90354
0.745 0.059 3.435
0.745 0.108 1.82599
0.745 0.157 1.36892
0.745 0.206 1.12681
0.745 0.255 0.530715
0.745 0.304 0.337311
0.745 0.353 0.656826
0.745 0.402 1.04382
0.745 0.451 1.14608
0.745 0.5 0.691025
0.745 0.549 0.493403
0.745 0.598 0.955487
0.745 0.647 1.34238
0.745 0.696 1.08504
0.745 0.745 0.955174
0.745 0.794 1.4595
0.745 0.843 2.03152
0.745 0.892 3.26065
0.745 0.941 6.50792
0.745 0.99 9.78653
0.794 0.01 6.0642
0.794 0.059 4.24806
0.794 0.108 2.2582
0.794 0.157 1.69294
0.794 0.206 1.39352
0.794 0.255 0.656335
0.794 0.304 0.417152
0.794 0.353 0.812296
0.794 0.402 1.29089
0.794 0.451 1.41735
0.794 0.5 0.85459
0.794 0.549 0.610191
0.794 0.598 1.18165
0.794 0.647 1.66012
0.794 0.696 1.34187
0.794 0.745 1.18126
0.794 0.794 1.80496
0.794 0.843 2.51238
0.794 0.892 4.03244
0.794 0.941 8.04834
0.794 0.99 12.103
0.843 0.01 5.08775
0.843 0.059 3.56404
0.843 0.108 1.89459
0.843 0.157 1.42035
0.843 0.206 1.16914
0.843 0.255 0.550652
0.843 0.304 0.349982
0.843 0.353 0.681501
0.843 0.402 1.08303
0.843 0.451 1.18913
0.843 0.5 0.716984
0.843 0.549 0.511939
0.843 0.598 0.991381
0.843 0.647 1.39281
0.843 0.696 1.1258
0.843 0.745 0.991056
0.843 0.794 1.51433
0.843 0.843 2.10784
0.843 0.892 3.38314
0.843 0.941 6.7524
0.843 0.99 10.1542
0.892 0.01 3.28126
0.892 0.059 2.29857
0.892 0.108 1.22188
0.892 0.157 0.916029
0.892 0.206 0.754015
0.892 0.255 0.355134
0.892 0.304 0.225715
0.892 0.353 0.439523
0.892 0.402 0.698482
0.892 0.451 0.76691
0.892 0.5 0.462407
0.892 0.549 0.330166
0.892 0.598 0.639375
0.892 0.647 0.898267
0.892 0.696 0.726068
0.892 0.745 0.639166
0.892 0.794 0.97664
0.892 0.843 1.35942
0.892 0.892 2.1819
0.892 0.941 4.35485
0.892 0.99 6.54877
0.941 0.01 2.95315
0.941 0.059 2.06872
0.941 0.108 1.0997
0.941 0.157 0.82443
0.941 0.206 0.678617
0.941 0.255 0.319622
0.941 0.304 0.203145
0.941 0.353 0.395572
0.941 0.402 0.628637
0.941 0.451 0.690222
0.941 0.5 0.416169
0.941 0.549 0.297151
0.941 0.598 0.57544
0.941 0.647 0.808444
0.941 0.696 0.653464
0.941 0.745 0.575252
0.941 0.794 0.87898
0.941 0.843 1.22348
0.941 0.892 1.96372
0.941 0.941 3.91938
0.941 0.99 5.89392
0.99 0.01 3.26429
0.99 0.059 2.28668
0.99 0.108 1.21557
0.99 0.157 0.911292
0.99 0.206 0.750116
0.99 0.255 0.353298
0.99 0.304 0.224548
0.99 0.353 0.43725
0.99 0.402 0.69487
0.99 0.451 0.762944
0.99 0.5 0.460016
0.99 0.549 0.328459
0.99 0.598 0.636069
0.99 0.647 0.893622
0.99 0.696 0.722314
0.99 0.745 0.635861
0.99 0.794 0.97159
0.99 0.843 1.35239
0.99 0.892 2.17062
0.99 0.941 4.33233
0.99 0.99 6.51491
