0.01 0.01 0.00246793
0.01 0.059 0.00358707
0.01 0.108 0.00461326
0.01 0.157 0.00458213
0.01 0.206 0.00448653
0.01 0.255 0.00460591
0.01 0.304 0.00452098
0.01 0.353 0.00377412
0.01 0.402 0.00289836
0.01 0.451 0.00288449
0.01 0.5 0.00256928
0.01 0.549 0.00220127
0.01 0.598 0.00258391
0.01 0.647 0.00277077
0.01 0.696 0.00308291
0.01 0.745 0.0032858
0.01 0.794 0.00339476
0.01 0.843 0.00356966
0.01 0.892 0.0034691
0.01 0.941 0.00317953
0.01 0.99 0.00293649
0.059 0.01 0.0231234
0.059 0.059 0.0336092
0.059 0.108 0.0432241
0.059 0.157 0.0429325
0.059 0.206 0.0420368
0.059 0.255 0.0431553
0.059 0.304 0.0423596
0.059 0.353 0.0353618
0.059 0.402 0.0271563
0.059 0.451 0.0270263
0.059 0.5 0.024073
0.059 0.549 0.0206249
0.059 0.598 0.02421
0.059 0.647 0.0259609
0.059 0.696 0.0288854
0.059 0.745 0.0307865
0.059 0.794 0.0318074
0.059 0.843 0.0334461
0.059 0.892 0.0325039
0.059 0.941 0.0297908
0.059 0.99 0.0275136
0.108 0.01 0.105938
0.108 0.059 0.153978
0.108 0.108 0.198028
0.108 0.157 0.196691
0.108 0.206 0.192588
0.108 0.255 0.197713
0.108 0.304 0.194067
0.108 0.353 0.162007
0.108 0.402 0.124414
0.108 0.451 0.123819
0.108 0.5 0.110288
0.108 0.549 0.0944914
0.108 0.598 0.110916
0.108 0.647 0.118938
0.108 0.696 0.132336
0.108 0.745 0.141046
0.108 0.794 0.145723
0.108 0.843 0.153231
0.108 0.892 0.148914
0.108 0.941 0.136484
0.108 0.99 0.126051
0.157 0.01 0.192292
0.157 0.059 0.279491
0.157 0.108 0.359448
0.157 0.157 0.357022
0.157 0.206 0.349574
0.157 0.255 0.358876
0.157 0.304 0.352258
0.157 0.353 0.294066
0.157 0.402 0.22583
0.157 0.451 0.224749
0.157 0.5 0.200189
0.157 0.549 0.171515
0.157 0.598 0.201328
0.157 0.647 0.215888
0.157 0.696 0.240209
0.157 0.745 0.256017
0.157 0.794 0.264507
0.157 0.843 0.278135
0.157 0.892 0.2703
0.157 0.941 0.247737
0.157 0.99 0.2288
0.206 0.01 0.195153
0.206 0.059 0.283649
0.206 0.108 0.364795
0.206 0.157 0.362334
0.206 0.206 0.354774
0.206 0.255 0.364214
0.206 0.304 0.357498
0.206 0.353 0.29844
0.206 0.402 0.229189
0.206 0.451 0.228092
0.206 0.5 0.203167
0.206 0.549 0.174067
0.206 0.598 0.204323
0.206 0.647 0.2191
0.206 0.696 0.243782
0.206 0.745 0.259826
0.206 0.794 0.268442
0.206 0.843 0.282272
0.206 0.892 0.274321
0.206 0.941 0.251422
0.206 0.99 0.232204
0.255 0.01 0.294819
0.255 0.059 0.428511
0.255 0.108 0.551101
0.255 0.157 0.547382
0.255 0.206 0.535962
0.255 0.255 0.550223
0.255 0.304 0.540077
0.255 0.353 0.450858
0.255 0.402 0.346239
0.255 0.451 0.344581
0.255 0.5 0.306926
0.255 0.549 0.262964
0.255 0.598 0.308674
0.255 0.647 0.330997
0.255 0.696 0.368284
0.255 0.745 0.392522
0.255 0.794 0.405538
0.255 0.843 0.426432
0.255 0.892 0.414419
0.255 0.941 0.379827
0.255 0.99 0.350794
0.304 0.01 0.396499
0.304 0.059 0.576299
0.304 0.108 0.741168
0.304 0.157 0.736166
0.304 0.206 0.720808
0.304 0.255 0.739988
0.304 0.304 0.726343
0.304 0.353 0.606352
0.304 0.402 0.465652
0.304 0.451 0.463423
0.304 0.5 0.412781
0.304 0.549 0.353657
0.304 0.598 0.415131
0.304 0.647 0.445153
0.304 0.696 0.495301
0.304 0.745 0.527898
0.304 0.794 0.545403
0.304 0.843 0.573503
0.304 0.892 0.557347
0.304 0.941 0.510824
0.304 0.99 0.471778
0.353 0.01 0.393099
0.353 0.059 0.571359
0.353 0.108 0.734814
0.353 0.157 0.729855
0.353 0.206 0.714628
0.353 0.255 0.733644
0.353 0.304 0.720116
0.353 0.353 0.601154
0.353 0.402 0.46166
0.353 0.451 0.45945
0.353 0.5 0.409242
0.353 0.549 0.350625
0.353 0.598 0.411572
0.353 0.647 0.441337
0.353 0.696 0.491055
0.353 0.745 0.523372
0.353 0.794 0.540727
0.353 0.843 0.568586
0.353 0.892 0.552569
0.353 0.941 0.506445
0.353 0.99 0.467733
0.402 0.01 0.737205
0.402 0.059 1.07151
0.402 0.108 1.37804
0.402 0.157 1.36874
0.402 0.206 1.34019
0.402 0.255 1.37585
0.402 0.304 1.35048
0.402 0.353 1.12738
0.402 0.402 0.86578
0.402 0.451 0.861635
0.402 0.5 0.767478
0.402 0.549 0.65755
0.402 0.598 0.771848
0.402 0.647 0.827667
0.402 0.696 0.920906
0.402 0.745 0.981513
0.402 0.794 1.01406
0.402 0.843 1.06631
0.402 0.892 1.03627
0.402 0.941 0.949769
0.402 0.99 0.87717
0.451 0.01 1.32182
0.451 0.059 1.92122
0.451 0.108 2.47085
0.451 0.157 2.45417
0.451 0.206 2.40297
0.451 0.255 2.46691
0.451 0.304 2.42142
0.451 0.353 2.02141
0.451 0.402 1.55235
0.451 0.451 1.54492
0.451 0.5 1.3761
0.451 0.549 1.17899
0.451 0.598 1.38393
0.451 0.647 1.48402
0.451 0.696 1.65119
0.451 0.745 1.75986
0.451 0.794 1.81822
0.451 0.843 1.9119
0.451 0.892 1.85804
0.451 0.941 1.70295
0.451 0.99 1.57277
0.5 0.01 1.49
0.5 0.059 2.16567
0.5 0.108 2.78523
0.5 0.157 2.76644
0.5 0.206 2.70872
0.5 0.255 2.7808
0.5 0.304 2.72952
0.5 0.353 2.27861
0.5 0.402 1.74987
0.5 0.451 1.7415
0.5 0.5 1.55119
0.5 0.549 1.32901
0.5 0.598 1.56002
0.5 0.647 1.67284
0.5 0.696 1.86129
0.5 0.745 1.98379
0.5 0.794 2.04957
0.5 0.843 2.15517
0.5 0.892 2.09445
0.5 0.941 1.91963
0.5 0.99 1.77289
0.549 0.01 1.18445
0.549 0.059 1.72156
0.549 0.108 2.21407
0.549 0.157 2.19913
0.549 0.206 2.15325
0.549 0.255 2.21054
0.549 0.304 2.16978
0.549 0.353 1.81134
0.549 0.402 1.39103
0.549 0.451 1.38437
0.549 0.5 1.23309
0.549 0.549 1.05647
0.549 0.598 1.24011
0.549 0.647 1.32979
0.549 0.696 1.4796
0.549 0.745 1.57697
0.549 0.794 1.62927
0.549 0.843 1.71321
0.549 0.892 1.66495
0.549 0.941 1.52597
0.549 0.99 1.40933
0.598 0.01 0.848514
0.598 0.059 1.23329
0.598 0.108 1.58611
0.598 0.157 1.57541
0.598 0.206 1.54254
0.598 0.255 1.58359
0.598 0.304 1.55439
0.598 0.353 1.2976
0.598 0.402 0.996503
0.598 0.451 0.991733
0.598 0.5 0.883359
0.598 0.549 0.756833
0.598 0.598 0.888389
0.598 0.647 0.952636
0.598 0.696 1.05995
0.598 0.745 1.12971
0.598 0.794 1.16717
0.598 0.843 1.22731
0.598 0.892 1.19273
0.598 0.941 1.09317
0.598 0.99 1.00961
0.647 0.01 0.866049
0.647 0.059 1.25878
0.647 0.108 1.61889
0.647 0.157 1.60797
0.647 0.206 1.57442
0.647 0.255 1.61631
0.647 0.304 1.58651
0.647 0.353 1.32442
0.647 0.402 1.0171
0.647 0.451 1.01223
0.647 0.5 0.901614
0.647 0.549 0.772473
0.647 0.598 0.906747
0.647 0.647 0.972322
0.647 0.696 1.08186
0.647 0.745 1.15306
0.647 0.794 1.19129
0.647 0.843 1.25267
0.647 0.892 1.21738
0.647 0.941 1.11576
0.647 0.99 1.03048
0.696 0.01 1.36619
0.696 0.059 1.98572
0.696 0.108 2.55379
0.696 0.157 2.53656
0.696 0.206 2.48364
0.696 0.255 2.54973
0.696 0.304 2.50271
0.696 0.353 2.08927
0.696 0.402 1.60447
0.696 0.451 1.59679
0.696 0.5 1.42229
0.696 0.549 1.21857
0.696 0.598 1.43039
0.696 0.647 1.53383
0.696 0.696 1.70663
0.696 0.745 1.81894
0.696 0.794 1.87926
0.696 0.843 1.97608
0.696 0.892 1.92041
0.696 0.941 1.76011
0.696 0.99 1.62557
0.745 0.01 2.00175
0.745 0.059 2.90949
0.745 0.108 3.74184
0.745 0.157 3.71659
0.745 0.206 3.63905
0.745 0.255 3.73588
0.745 0.304 3.66699
0.745 0.353 3.06121
0.745 0.402 2.35088
0.745 0.451 2.33962
0.745 0.5 2.08395
0.745 0.549 1.78546
0.745 0.598 2.09582
0.745 0.647 2.24739
0.745 0.696 2.50056
0.745 0.745 2.66513
0.745 0.794 2.75351
0.745 0.843 2.89537
0.745 0.892 2.81381
0.745 0.941 2.57893
0.745 0.99 2.3818
0.794 0.01 1.80504
0.794 0.059 2.62357
0.794 0.108 3.37413
0.794 0.157 3.35136
0.794 0.206 3.28144
0.794 0.255 3.36876
0.794 0.304 3.30664
0.794 0.353 2.76039
0.794 0.402 2.11985
0.794 0.451 2.10971
0.794 0.5 1.87916
0.794 0.549 1.61001
0.794 0.598 1.88986
0.794 0.647 2.02654
0.794 0.696 2.25483
0.794 0.745 2.40323
0.794 0.794 2.48292
0.794 0.843 2.61084
0.794 0.892 2.53729
0.794 0.941 2.3255
0.794 0.99 2.14774
0.843 0.01 0.819455
0.843 0.059 1.19105
0.843 0.108 1.53179
0.843 0.157 1.52145
0.843 0.206 1.48971
0.843 0.255 1.52935
0.843 0.304 1.50115
0.843 0.353 1.25316
0.843 0.402 0.962375
0.843 0.451 0.957768
0.843 0.5 0.853106
0.843 0.549 0.730913
0.843 0.598 0.857963
0.843 0.647 0.92001
0.843 0.696 1.02365
0.843 0.745 1.09102
0.843 0.794 1.1272
0.843 0.843 1.18527
0.843 0.892 1.15188
0.843 0.941 1.05573
0.843 0.99 0.975036
0.892 0.01 0.208828
0.892 0.059 0.303525
0.892 0.108 0.390357
0.892 0.157 0.387723
0.892 0.206 0.379634
0.892 0.255 0.389736
0.892 0.304 0.38255
0.892 0.353 0.319353
0.892 0.402 0.245249
0.892 0.451 0.244075
0.892 0.5 0.217403
0.892 0.549 0.186264
0.892 0.598 0.218641
0.892 0.647 0.234453
0.892 0.696 0.260865
0.892 0.745 0.278033
0.892 0.794 0.287252
0.892 0.843 0.302052
0.892 0.892 0.293543
0.892 0.941 0.26904
0.892 0.99 0.248475
0.941 0.01 0.201297
0.941 0.059 0.29258
0.941 0.108 0.376281
0.941 0.157 0.373742
0.941 0.206 0.365945
0.941 0.255 0.375682
0.941 0.304 0.368755
0.941 0.353 0.307837
0.941 0.402 0.236405
0.941 0.451 0.235274
0.941 0.5 0.209564
0.941 0.549 0.179547
0.941 0.598 0.210757
0.941 0.647 0.225999
0.941 0.696 0.251458
0.941 0.745 0.268007
0.941 0.794 0.276894
0.941 0.843 0.29116
0.941 0.892 0.282958
0.941 0.941 0.259339
0.941 0.99 0.239516
0.99 0.01 0.364358
0.99 0.059 0.529584
0.99 0.108 0.681088
0.99 0.157 0.676492
0.99 0.206 0.662379
0.99 0.255 0.680004
0.99 0.304 0.667465
0.99 0.353 0.557201
0.99 0.402 0.427906
0.99 0.451 0.425857
0.99 0.5 0.379321
0.99 0.549 0.32499
0.99 0.598 0.381481
0.99 0.647 0.409069
0.99 0.696 0.455151
0.99 0.745 0.485106
0.99 0.794 0.501192
0.99 0.843 0.527015
0.99 0.892 0.512168
0.99 0.941 0.469417
0.99 0.99 0.433535
