0.01 0.01 7.34082e-85
0.01 0.059 1.21222e-76
0.01 0.108 7.66368e-69
0.01 0.157 1.85449e-61
0.01 0.206 1.71769e-54
0.01 0.255 6.08974e-48
0.01 0.304 8.26389e-42
0.01 0.353 4.29243e-36
0.01 0.402 8.53405e-31
0.01 0.451 6.49441e-26
0.01 0.5 1.89172e-21
0.01 0.549 2.10915e-17
0.01 0.598 9.00102e-14
0.01 0.647 1.47031e-10
0.01 0.696 9.19302e-08
0.01 0.745 2.20009e-05
0.01 0.794 0.00201538
0.01 0.843 0.0706654
0.01 0.892 0.948395
0.01 0.941 4.87198
0.01 0.99 9.57975
0.059 0.01 7.88711e-85
0.059 0.059 1.30243e-76
0.059 0.108 8.23399e-69
0.059 0.157 1.9925e-61
0.059 0.206 1.84552e-54
0.059 0.255 6.54293e-48
0.059 0.304 8.87887e-42
0.059 0.353 4.61187e-36
0.059 0.402 9.16913e-31
0.059 0.451 6.97771e-26
0.059 0.5 2.0325e-21
0.059 0.549 2.26611e-17
0.059 0.598 9.67085e-14
0.059 0.647 1.57972e-10
0.059 0.696 9.87714e-08
0.059 0.745 2.36382e-05
0.059 0.794 0.00216536
0.059 0.843 0.0759241
0.059 0.892 1.01897
0.059 0.941 5.23454
0.059 0.99 10.2927
0.108 0.01 7.68848e-85
0.108 0.059 1.26963e-76
0.108 0.108 8.02663e-69
0.108 0.157 1.94232e-61
0.108 0.206 1.79904e-54
0.108 0.255 6.37815e-48
0.108 0.304 8.65527e-42
0.108 0.353 4.49572e-36
0.108 0.402 8.93821e-31
0.108 0.451 6.80198e-26
0.108 0.5 1.98131e-21
0.108 0.549 2.20904e-17
0.108 0.598 9.4273e-14
0.108 0.647 1.53994e-10
0.108 0.696 9.62839e-08
0.108 0.745 2.30429e-05
0.108 0.794 0.00211083
0.108 0.843 0.074012
0.108 0.892 0.99331
0.108 0.941 5.10271
0.108 0.99 10.0334
0.157 0.01 6.48375e-85
0.157 0.059 1.07069e-76
0.157 0.108 6.76892e-69
0.157 0.157 1.63797e-61
0.157 0.206 1.51715e-54
0.157 0.255 5.37874e-48
0.157 0.304 7.29906e-42
0.157 0.353 3.79128e-36
0.157 0.402 7.53767e-31
0.157 0.451 5.73617e-26
0.157 0.5 1.67086e-21
0.157 0.549 1.8629e-17
0.157 0.598 7.95012e-14
0.157 0.647 1.29864e-10
0.157 0.696 8.1197e-08
0.157 0.745 1.94322e-05
0.157 0.794 0.00178008
0.157 0.843 0.0624149
0.157 0.892 0.837667
0.157 0.941 4.30316
0.157 0.99 8.46128
0.206 0.01 7.59506e-85
0.206 0.059 1.25421e-76
0.206 0.108 7.9291e-69
0.206 0.157 1.91872e-61
0.206 0.206 1.77718e-54
0.206 0.255 6.30065e-48
0.206 0.304 8.5501e-42
0.206 0.353 4.4411e-36
0.206 0.402 8.82961e-31
0.206 0.451 6.71933e-26
0.206 0.5 1.95724e-21
0.206 0.549 2.1822e-17
0.206 0.598 9.31275e-14
0.206 0.647 1.52123e-10
0.206 0.696 9.5114e-08
0.206 0.745 2.27629e-05
0.206 0.794 0.00208518
0.206 0.843 0.0731128
0.206 0.892 0.981241
0.206 0.941 5.04071
0.206 0.99 9.91153
0.255 0.01 8.07768e-85
0.255 0.059 1.3339e-76
0.255 0.108 8.43295e-69
0.255 0.157 2.04064e-61
0.255 0.206 1.89011e-54
0.255 0.255 6.70102e-48
0.255 0.304 9.09341e-42
0.255 0.353 4.7233e-36
0.255 0.402 9.39068e-31
0.255 0.451 7.14631e-26
0.255 0.5 2.08161e-21
0.255 0.549 2.32087e-17
0.255 0.598 9.90452e-14
0.255 0.647 1.61789e-10
0.255 0.696 1.01158e-07
0.255 0.745 2.42094e-05
0.255 0.794 0.00221768
0.255 0.843 0.0777587
0.255 0.892 1.04359
0.255 0.941 5.36102
0.255 0.99 10.5414
0.304 0.01 6.21722e-85
0.304 0.059 1.02668e-76
0.304 0.108 6.49066e-69
0.304 0.157 1.57064e-61
0.304 0.206 1.45478e-54
0.304 0.255 5.15764e-48
0.304 0.304 6.99901e-42
0.304 0.353 3.63543e-36
0.304 0.402 7.22781e-31
0.304 0.451 5.50037e-26
0.304 0.5 1.60217e-21
0.304 0.549 1.78632e-17
0.304 0.598 7.6233e-14
0.304 0.647 1.24526e-10
0.304 0.696 7.78592e-08
0.304 0.745 1.86334e-05
0.304 0.794 0.0017069
0.304 0.843 0.0598492
0.304 0.892 0.803232
0.304 0.941 4.12626
0.304 0.99 8.11346
0.353 0.01 6.93676e-85
0.353 0.059 1.1455e-76
0.353 0.108 7.24185e-69
0.353 0.157 1.75242e-61
0.353 0.206 1.62315e-54
0.353 0.255 5.75455e-48
0.353 0.304 7.80903e-42
0.353 0.353 4.05617e-36
0.353 0.402 8.06431e-31
0.353 0.451 6.13694e-26
0.353 0.5 1.7876e-21
0.353 0.549 1.99306e-17
0.353 0.598 8.50558e-14
0.353 0.647 1.38938e-10
0.353 0.696 8.68701e-08
0.353 0.745 2.07899e-05
0.353 0.794 0.00190445
0.353 0.843 0.0667758
0.353 0.892 0.896193
0.353 0.941 4.60381
0.353 0.99 9.05246
0.402 0.01 8.53479e-85
0.402 0.059 1.40939e-76
0.402 0.108 8.91016e-69
0.402 0.157 2.15612e-61
0.402 0.206 1.99707e-54
0.402 0.255 7.08023e-48
0.402 0.304 9.608e-42
0.402 0.353 4.99059e-36
0.402 0.402 9.9221e-31
0.402 0.451 7.55071e-26
0.402 0.5 2.19941e-21
0.402 0.549 2.4522e-17
0.402 0.598 1.0465e-13
0.402 0.647 1.70945e-10
0.402 0.696 1.06882e-07
0.402 0.745 2.55793e-05
0.402 0.794 0.00234318
0.402 0.843 0.082159
0.402 0.892 1.10265
0.402 0.941 5.66439
0.402 0.99 11.1379
0.451 0.01 7.13256e-85
0.451 0.059 1.17783e-76
0.451 0.108 7.44626e-69
0.451 0.157 1.80188e-61
0.451 0.206 1.66896e-54
0.451 0.255 5.91697e-48
0.451 0.304 8.02945e-42
0.451 0.353 4.17066e-36
0.451 0.402 8.29194e-31
0.451 0.451 6.31016e-26
0.451 0.5 1.83805e-21
0.451 0.549 2.04931e-17
0.451 0.598 8.74565e-14
0.451 0.647 1.42859e-10
0.451 0.696 8.93221e-08
0.451 0.745 2.13768e-05
0.451 0.794 0.0019582
0.451 0.843 0.0686606
0.451 0.892 0.921489
0.451 0.941 4.73376
0.451 0.99 9.30797
0.5 0.01 6.77544e-85
0.5 0.059 1.11886e-76
0.5 0.108 7.07344e-69
0.5 0.157 1.71166e-61
0.5 0.206 1.5854e-54
0.5 0.255 5.62072e-48
0.5 0.304 7.62742e-42
0.5 0.353 3.96184e-36
0.5 0.402 7.87677e-31
0.5 0.451 5.99422e-26
0.5 0.5 1.74602e-21
0.5 0.549 1.94671e-17
0.5 0.598 8.30777e-14
0.5 0.647 1.35707e-10
0.5 0.696 8.48499e-08
0.5 0.745 2.03065e-05
0.5 0.794 0.00186016
0.5 0.843 0.0652228
0.5 0.892 0.875351
0.5 0.941 4.49674
0.5 0.99 8.84193
0.549 0.01 8.07843e-85
0.549 0.059 1.33403e-76
0.549 0.108 8.43374e-69
0.549 0.157 2.04083e-61
0.549 0.206 1.89029e-54
0.549 0.255 6.70165e-48
0.549 0.304 9.09426e-42
0.549 0.353 4.72374e-36
0.549 0.402 9.39156e-31
0.549 0.451 7.14698e-26
0.549 0.5 2.0818e-21
0.549 0.549 2.32108e-17
0.549 0.598 9.90545e-14
0.549 0.647 1.61805e-10
0.549 0.696 1.01167e-07
0.549 0.745 2.42116e-05
0.549 0.794 0.00221789
0.549 0.843 0.0777659
0.549 0.892 1.04369
0.549 0.941 5.36152
0.549 0.99 10.5423
0.598 0.01 6.49956e-85
0.598 0.059 1.0733e-76
0.598 0.108 6.78542e-69
0.598 0.157 1.64197e-61
0.598 0.206 1.52085e-54
0.598 0.255 5.39186e-48
0.598 0.304 7.31685e-42
0.598 0.353 3.80052e-36
0.598 0.402 7.55605e-31
0.598 0.451 5.75015e-26
0.598 0.5 1.67493e-21
0.598 0.549 1.86744e-17
0.598 0.598 7.9695e-14
0.598 0.647 1.30181e-10
0.598 0.696 8.1395e-08
0.598 0.745 1.94796e-05
0.598 0.794 0.00178442
0.598 0.843 0.0625671
0.598 0.892 0.839709
0.598 0.941 4.31365
0.598 0.99 8.48191
0.647 0.01 6.09363e-85
0.647 0.059 1.00627e-76
0.647 0.108 6.36164e-69
0.647 0.157 1.53942e-61
0.647 0.206 1.42586e-54
0.647 0.255 5.05511e-48
0.647 0.304 6.85988e-42
0.647 0.353 3.56316e-36
0.647 0.402 7.08413e-31
0.647 0.451 5.39102e-26
0.647 0.5 1.57032e-21
0.647 0.549 1.75081e-17
0.647 0.598 7.47176e-14
0.647 0.647 1.22051e-10
0.647 0.696 7.63114e-08
0.647 0.745 1.8263e-05
0.647 0.794 0.00167297
0.647 0.843 0.0586595
0.647 0.892 0.787265
0.647 0.941 4.04424
0.647 0.99 7.95217
0.696 0.01 1.4924e-84
0.696 0.059 2.46447e-76
0.696 0.108 1.55804e-68
0.696 0.157 3.77021e-61
0.696 0.206 3.4921e-54
0.696 0.255 1.23805e-47
0.696 0.304 1.68006e-41
0.696 0.353 8.72658e-36
0.696 0.402 1.73498e-30
0.696 0.451 1.32032e-25
0.696 0.5 3.8459e-21
0.696 0.549 4.28794e-17
0.696 0.598 1.82992e-13
0.696 0.647 2.98916e-10
0.696 0.696 1.86895e-07
0.696 0.745 4.47282e-05
0.696 0.794 0.0040973
0.696 0.843 0.143664
0.696 0.892 1.9281
0.696 0.941 9.9048
0.696 0.99 19.4758
0.745 0.01 2.97746e-84
0.745 0.059 4.91681e-76
0.745 0.108 3.10841e-68
0.745 0.157 7.52188e-61
0.745 0.206 6.96702e-54
0.745 0.255 2.47002e-47
0.745 0.304 3.35186e-41
0.745 0.353 1.74102e-35
0.745 0.402 3.46144e-30
0.745 0.451 2.63415e-25
0.745 0.5 7.67288e-21
0.745 0.549 8.55478e-17
0.745 0.598 3.65084e-13
0.745 0.647 5.96361e-10
0.745 0.696 3.72872e-07
0.745 0.745 8.92364e-05
0.745 0.794 0.00817445
0.745 0.843 0.286621
0.745 0.892 3.84672
0.745 0.941 19.7609
0.745 0.99 38.8558
0.794 0.01 3.57981e-84
0.794 0.059 5.9115e-76
0.794 0.108 3.73726e-68
0.794 0.157 9.0436e-61
0.794 0.206 8.37648e-54
0.794 0.255 2.96971e-47
0.794 0.304 4.02996e-41
0.794 0.353 2.09324e-35
0.794 0.402 4.1617e-30
0.794 0.451 3.16706e-25
0.794 0.5 9.22514e-21
0.794 0.549 1.02855e-16
0.794 0.598 4.38942e-13
0.794 0.647 7.17008e-10
0.794 0.696 4.48305e-07
0.794 0.745 0.000107289
0.794 0.794 0.00982818
0.794 0.843 0.344606
0.794 0.892 4.62493
0.794 0.941 23.7586
0.794 0.99 46.7165
0.843 0.01 2.43514e-84
0.843 0.059 4.02126e-76
0.843 0.108 2.54224e-68
0.843 0.157 6.15184e-61
0.843 0.206 5.69804e-54
0.843 0.255 2.02013e-47
0.843 0.304 2.74135e-41
0.843 0.353 1.42391e-35
0.843 0.402 2.83097e-30
0.843 0.451 2.15437e-25
0.843 0.5 6.27534e-21
0.843 0.549 6.99661e-17
0.843 0.598 2.98587e-13
0.843 0.647 4.8774e-10
0.843 0.696 3.04957e-07
0.843 0.745 7.29829e-05
0.843 0.794 0.00668555
0.843 0.843 0.234416
0.843 0.892 3.14608
0.843 0.941 16.1616
0.843 0.99 31.7785
0.892 0.01 1.21877e-84
0.892 0.059 2.0126e-76
0.892 0.108 1.27237e-68
0.892 0.157 3.07894e-61
0.892 0.206 2.85182e-54
0.892 0.255 1.01106e-47
0.892 0.304 1.37202e-41
0.892 0.353 7.12655e-36
0.892 0.402 1.41687e-30
0.892 0.451 1.07824e-25
0.892 0.5 3.14075e-21
0.892 0.549 3.50174e-17
0.892 0.598 1.4944e-13
0.892 0.647 2.44109e-10
0.892 0.696 1.52628e-07
0.892 0.745 3.65273e-05
0.892 0.794 0.00334606
0.892 0.843 0.117323
0.892 0.892 1.57458
0.892 0.941 8.08874
0.892 0.99 15.9049
0.941 0.01 1.40905e-84
0.941 0.059 2.32683e-76
0.941 0.108 1.47102e-68
0.941 0.157 3.55965e-61
0.941 0.206 3.29707e-54
0.941 0.255 1.16891e-47
0.941 0.304 1.58623e-41
0.941 0.353 8.23922e-36
0.941 0.402 1.63809e-30
0.941 0.451 1.24659e-25
0.941 0.5 3.63111e-21
0.941 0.549 4.04846e-17
0.941 0.598 1.72772e-13
0.941 0.647 2.82222e-10
0.941 0.696 1.76458e-07
0.941 0.745 4.22302e-05
0.941 0.794 0.00386847
0.941 0.843 0.13564
0.941 0.892 1.82042
0.941 0.941 9.35163
0.941 0.99 18.3881
0.99 0.01 2.0575e-84
0.99 0.059 3.39764e-76
0.99 0.108 2.14799e-68
0.99 0.157 5.19782e-61
0.99 0.206 4.81439e-54
0.99 0.255 1.70685e-47
0.99 0.304 2.31622e-41
0.99 0.353 1.20309e-35
0.99 0.402 2.39194e-30
0.99 0.451 1.82027e-25
0.99 0.5 5.30216e-21
0.99 0.549 5.91158e-17
0.99 0.598 2.52283e-13
0.99 0.647 4.12101e-10
0.99 0.696 2.57664e-07
0.99 0.745 6.16647e-05
0.99 0.794 0.00564876
0.99 0.843 0.198063
0.99 0.892 2.65818
0.99 0.941 13.6553
0.99 0.99 26.8504
