0.01 0.01 0.0618195
0.01 0.059 0.0635339
0.01 0.108 0.0797909
0.01 0.157 0.0758126
0.01 0.206 0.0322428
0.01 0.255 0.00680721
0.01 0.304 0.011564
0.01 0.353 0.0344025
0.01 0.402 0.052866
0.01 0.451 0.072986
0.01 0.5 0.0796143
0.01 0.549 0.0419411
0.01 0.598 0.0229504
0.01 0.647 0.0442312
0.01 0.696 0.0736069
0.01 0.745 0.0934029
0.01 0.794 0.0921148
0.01 0.843 0.140022
0.01 0.892 0.32445
0.01 0.941 0.805426
0.01 0.99 1.31876
0.059 0.01 0.105996
0.059 0.059 0.108935
0.059 0.108 0.136809
0.059 0.157 0.129988
0.059 0.206 0.0552834
0.059 0.255 0.0116716
0.059 0.304 0.0198276
0.059 0.353 0.0589865
0.059 0.402 0.0906439
0.059 0.451 0.125142
0.059 0.5 0.136506
0.059 0.549 0.0719122
0.059 0.598 0.0393508
0.059 0.647 0.0758388
0.059 0.696 0.126206
0.059 0.745 0.160148
0.059 0.794 0.15794
0.059 0.843 0.240081
0.059 0.892 0.556301
0.059 0.941 1.38098
0.059 0.99 2.26114
0.108 0.01 0.14611
0.108 0.059 0.150161
0.108 0.108 0.188585
0.108 0.157 0.179182
0.108 0.206 0.0762055
0.108 0.255 0.0160888
0.108 0.304 0.0273313
0.108 0.353 0.0813099
0.108 0.402 0.124948
0.108 0.451 0.172501
0.108 0.5 0.188167
0.108 0.549 0.0991273
0.108 0.598 0.054243
0.108 0.647 0.10454
0.108 0.696 0.173969
0.108 0.745 0.220756
0.108 0.794 0.217712
0.108 0.843 0.33094
0.108 0.892 0.766833
0.108 0.941 1.90361
0.108 0.99 3.11686
0.157 0.01 0.202952
0.157 0.059 0.20858
0.157 0.108 0.261952
0.157 0.157 0.248891
0.157 0.206 0.105852
0.157 0.255 0.0223479
0.157 0.304 0.0379643
0.157 0.353 0.112943
0.157 0.402 0.173558
0.157 0.451 0.239611
0.157 0.5 0.261372
0.157 0.549 0.137692
0.157 0.598 0.0753457
0.157 0.647 0.14521
0.157 0.696 0.24165
0.157 0.745 0.306639
0.157 0.794 0.302411
0.157 0.843 0.459689
0.157 0.892 1.06516
0.157 0.941 2.64419
0.157 0.99 4.32944
0.206 0.01 0.202378
0.206 0.059 0.20799
0.206 0.108 0.26121
0.206 0.157 0.248186
0.206 0.206 0.105553
0.206 0.255 0.0222846
0.206 0.304 0.0378568
0.206 0.353 0.112623
0.206 0.402 0.173066
0.206 0.451 0.238933
0.206 0.5 0.260632
0.206 0.549 0.137302
0.206 0.598 0.0751324
0.206 0.647 0.144799
0.206 0.696 0.240966
0.206 0.745 0.305771
0.206 0.794 0.301555
0.206 0.843 0.458387
0.206 0.892 1.06215
0.206 0.941 2.63671
0.206 0.99 4.31719
0.255 0.01 0.105309
0.255 0.059 0.108229
0.255 0.108 0.135923
0.255 0.157 0.129146
0.255 0.206 0.0549252
0.255 0.255 0.011596
0.255 0.304 0.0196991
0.255 0.353 0.0586042
0.255 0.402 0.0900564
0.255 0.451 0.124331
0.255 0.5 0.135622
0.255 0.549 0.0714461
0.255 0.598 0.0390957
0.255 0.647 0.0753473
0.255 0.696 0.125388
0.255 0.745 0.15911
0.255 0.794 0.156916
0.255 0.843 0.238525
0.255 0.892 0.552696
0.255 0.941 1.37203
0.255 0.99 2.24648
0.304 0.01 0.113392
0.304 0.059 0.116537
0.304 0.108 0.146356
0.304 0.157 0.139059
0.304 0.206 0.0591413
0.304 0.255 0.0124861
0.304 0.304 0.0212112
0.304 0.353 0.0631027
0.304 0.402 0.0969692
0.304 0.451 0.133874
0.304 0.5 0.146032
0.304 0.549 0.0769304
0.304 0.598 0.0420968
0.304 0.647 0.081131
0.304 0.696 0.135013
0.304 0.745 0.171324
0.304 0.794 0.168961
0.304 0.843 0.256835
0.304 0.892 0.595121
0.304 0.941 1.47735
0.304 0.99 2.41892
0.353 0.01 0.243303
0.353 0.059 0.25005
0.353 0.108 0.314033
0.353 0.157 0.298375
0.353 0.206 0.126898
0.353 0.255 0.0267911
0.353 0.304 0.0455124
0.353 0.353 0.135398
0.353 0.402 0.208064
0.353 0.451 0.287251
0.353 0.5 0.313338
0.353 0.549 0.165068
0.353 0.598 0.090326
0.353 0.647 0.174081
0.353 0.696 0.289695
0.353 0.745 0.367605
0.353 0.794 0.362536
0.353 0.843 0.551084
0.353 0.892 1.27694
0.353 0.941 3.16991
0.353 0.99 5.19022
0.402 0.01 0.303117
0.402 0.059 0.311523
0.402 0.108 0.391235
0.402 0.157 0.371729
0.402 0.206 0.158095
0.402 0.255 0.0333775
0.402 0.304 0.0567012
0.402 0.353 0.168684
0.402 0.402 0.259215
0.402 0.451 0.357869
0.402 0.5 0.390369
0.402 0.549 0.205648
0.402 0.598 0.112532
0.402 0.647 0.216877
0.402 0.696 0.360914
0.402 0.745 0.457978
0.402 0.794 0.451663
0.402 0.843 0.686564
0.402 0.892 1.59086
0.402 0.941 3.94921
0.402 0.99 6.4662
0.451 0.01 0.257153
0.451 0.059 0.264284
0.451 0.108 0.331909
0.451 0.157 0.31536
0.451 0.206 0.134122
0.451 0.255 0.0283162
0.451 0.304 0.0481031
0.451 0.353 0.143105
0.451 0.402 0.219908
0.451 0.451 0.303602
0.451 0.5 0.331174
0.451 0.549 0.174464
0.451 0.598 0.0954677
0.451 0.647 0.18399
0.451 0.696 0.306185
0.451 0.745 0.388531
0.451 0.794 0.383173
0.451 0.843 0.582454
0.451 0.892 1.34963
0.451 0.941 3.35036
0.451 0.99 5.48567
0.5 0.01 0.264931
0.5 0.059 0.272277
0.5 0.108 0.341948
0.5 0.157 0.324898
0.5 0.206 0.138178
0.5 0.255 0.0291726
0.5 0.304 0.049558
0.5 0.353 0.147434
0.5 0.402 0.22656
0.5 0.451 0.312785
0.5 0.5 0.341191
0.5 0.549 0.179741
0.5 0.598 0.0983552
0.5 0.647 0.189555
0.5 0.696 0.315446
0.5 0.745 0.400282
0.5 0.794 0.394762
0.5 0.843 0.600071
0.5 0.892 1.39045
0.5 0.941 3.45169
0.5 0.99 5.65159
0.549 0.01 0.257973
0.549 0.059 0.265126
0.549 0.108 0.332967
0.549 0.157 0.316365
0.549 0.206 0.134549
0.549 0.255 0.0284064
0.549 0.304 0.0482565
0.549 0.353 0.143561
0.549 0.402 0.220609
0.549 0.451 0.30457
0.549 0.5 0.33223
0.549 0.549 0.17502
0.549 0.598 0.095772
0.549 0.647 0.184577
0.549 0.696 0.307161
0.549 0.745 0.389769
0.549 0.794 0.384394
0.549 0.843 0.584311
0.549 0.892 1.35393
0.549 0.941 3.36104
0.549 0.99 5.50316
0.598 0.01 0.148563
0.598 0.059 0.152682
0.598 0.108 0.191751
0.598 0.157 0.18219
0.598 0.206 0.0774848
0.598 0.255 0.0163588
0.598 0.304 0.0277902
0.598 0.353 0.0826749
0.598 0.402 0.127046
0.598 0.451 0.175397
0.598 0.5 0.191326
0.598 0.549 0.100791
0.598 0.598 0.0551537
0.598 0.647 0.106295
0.598 0.696 0.17689
0.598 0.745 0.224462
0.598 0.794 0.221367
0.598 0.843 0.336496
0.598 0.892 0.779707
0.598 0.941 1.93557
0.598 0.99 3.16919
0.647 0.01 0.11229
0.647 0.059 0.115404
0.647 0.108 0.144933
0.647 0.157 0.137707
0.647 0.206 0.0585662
0.647 0.255 0.0123647
0.647 0.304 0.021005
0.647 0.353 0.0624891
0.647 0.402 0.0960263
0.647 0.451 0.132572
0.647 0.5 0.144612
0.647 0.549 0.0761823
0.647 0.598 0.0416874
0.647 0.647 0.0803421
0.647 0.696 0.1337
0.647 0.745 0.169658
0.647 0.794 0.167318
0.647 0.843 0.254337
0.647 0.892 0.589335
0.647 0.941 1.46298
0.647 0.99 2.3954
0.696 0.01 0.200982
0.696 0.059 0.206556
0.696 0.108 0.259409
0.696 0.157 0.246475
0.696 0.206 0.104825
0.696 0.255 0.022131
0.696 0.304 0.0375958
0.696 0.353 0.111846
0.696 0.402 0.171873
0.696 0.451 0.237285
0.696 0.5 0.258835
0.696 0.549 0.136355
0.696 0.598 0.0746144
0.696 0.647 0.143801
0.696 0.696 0.239304
0.696 0.745 0.303663
0.696 0.794 0.299475
0.696 0.843 0.455227
0.696 0.892 1.05482
0.696 0.941 2.61853
0.696 0.99 4.28742
0.745 0.01 0.265474
0.745 0.059 0.272836
0.745 0.108 0.342649
0.745 0.157 0.325565
0.745 0.206 0.138462
0.745 0.255 0.0292325
0.745 0.304 0.0496597
0.745 0.353 0.147736
0.745 0.402 0.227024
0.745 0.451 0.313427
0.745 0.5 0.341891
0.745 0.549 0.18011
0.745 0.598 0.098557
0.745 0.647 0.189944
0.745 0.696 0.316093
0.745 0.745 0.401104
0.745 0.794 0.395572
0.745 0.843 0.601302
0.745 0.892 1.3933
0.745 0.941 3.45877
0.745 0.99 5.66319
0.794 0.01 0.206194
0.794 0.059 0.211912
0.794 0.108 0.266136
0.794 0.157 0.252867
0.794 0.206 0.107543
0.794 0.255 0.0227049
0.794 0.304 0.0385708
0.794 0.353 0.114747
0.794 0.402 0.17633
0.794 0.451 0.243439
0.794 0.5 0.265547
0.794 0.549 0.139891
0.794 0.598 0.0765493
0.794 0.647 0.14753
0.794 0.696 0.24551
0.794 0.745 0.311538
0.794 0.794 0.307241
0.794 0.843 0.467032
0.794 0.892 1.08218
0.794 0.941 2.68643
0.794 0.99 4.3986
0.843 0.01 0.212495
0.843 0.059 0.218388
0.843 0.108 0.274268
0.843 0.157 0.260594
0.843 0.206 0.11083
0.843 0.255 0.0233987
0.843 0.304 0.0397494
0.843 0.353 0.118253
0.843 0.402 0.181718
0.843 0.451 0.250878
0.843 0.5 0.273661
0.843 0.549 0.144166
0.843 0.598 0.0788885
0.843 0.647 0.152038
0.843 0.696 0.253012
0.843 0.745 0.321057
0.843 0.794 0.31663
0.843 0.843 0.481303
0.843 0.892 1.11525
0.843 0.941 2.76852
0.843 0.99 4.53301
0.892 0.01 0.637112
0.892 0.059 0.65478
0.892 0.108 0.822325
0.892 0.157 0.781324
0.892 0.206 0.332294
0.892 0.255 0.0701551
0.892 0.304 0.119178
0.892 0.353 0.354552
0.892 0.402 0.544836
0.892 0.451 0.752193
0.892 0.5 0.820505
0.892 0.549 0.432245
0.892 0.598 0.236527
0.892 0.647 0.455847
0.892 0.696 0.758593
0.892 0.745 0.962609
0.892 0.794 0.949335
0.892 0.843 1.44307
0.892 0.892 3.34378
0.892 0.941 8.30072
0.892 0.99 13.5911
0.941 0.01 1.94232
0.941 0.059 1.99619
0.941 0.108 2.50697
0.941 0.157 2.38197
0.941 0.206 1.01304
0.941 0.255 0.213877
0.941 0.304 0.363332
0.941 0.353 1.0809
0.941 0.402 1.66101
0.941 0.451 2.29316
0.941 0.5 2.50142
0.941 0.549 1.31776
0.941 0.598 0.721085
0.941 0.647 1.38971
0.941 0.696 2.31267
0.941 0.745 2.93465
0.941 0.794 2.89418
0.941 0.843 4.39938
0.941 0.892 10.194
0.941 0.941 25.3059
0.941 0.99 41.4343
0.99 0.01 3.35166
0.99 0.059 3.4446
0.99 0.108 4.32601
0.99 0.157 4.11031
0.99 0.206 1.7481
0.99 0.255 0.369065
0.99 0.304 0.626963
0.99 0.353 1.86519
0.99 0.402 2.86622
0.99 0.451 3.95706
0.99 0.5 4.31643
0.99 0.549 2.27391
0.99 0.598 1.2443
0.99 0.647 2.39808
0.99 0.696 3.99073
0.99 0.745 5.064
0.99 0.794 4.99417
0.99 0.843 7.59154
0.99 0.892 17.5906
0.99 0.941 43.6676
0.99 0.99 71.4987
