0.01 0.01 7.85754
0.01 0.059 5.19628
0.01 0.108 2.34829
0.01 0.157 1.29905
0.01 0.206 1.36196
0.01 0.255 1.28259
0.01 0.304 0.856654
0.01 0.353 1.13704
0.01 0.402 1.8534
0.01 0.451 2.16214
0.01 0.5 2.04148
0.01 0.549 1.45435
0.01 0.598 1.25439
0.01 0.647 1.49148
0.01 0.696 1.16561
0.01 0.745 0.709708
0.01 0.794 1.11455
0.01 0.843 1.74326
0.01 0.892 2.27973
0.01 0.941 4.42003
0.01 0.99 6.85824
0.059 0.01 5.69235
0.059 0.059 3.76442
0.059 0.108 1.7012
0.059 0.157 0.941088
0.059 0.206 0.986662
0.059 0.255 0.929162
0.059 0.304 0.620598
0.059 0.353 0.823719
0.059 0.402 1.34268
0.059 0.451 1.56635
0.059 0.5 1.47894
0.059 0.549 1.0536
0.059 0.598 0.908737
0.059 0.647 1.0805
0.059 0.696 0.844422
0.059 0.745 0.514144
0.059 0.794 0.807426
0.059 0.843 1.26289
0.059 0.892 1.65153
0.059 0.941 3.20207
0.059 0.99 4.96841
0.108 0.01 3.52913
0.108 0.059 2.33385
0.108 0.108 1.05471
0.108 0.157 0.583453
0.108 0.206 0.611707
0.108 0.255 0.576059
0.108 0.304 0.384756
0.108 0.353 0.510687
0.108 0.402 0.832433
0.108 0.451 0.971099
0.108 0.5 0.916905
0.108 0.549 0.653207
0.108 0.598 0.563396
0.108 0.647 0.669883
0.108 0.696 0.523522
0.108 0.745 0.318757
0.108 0.794 0.500586
0.108 0.843 0.782963
0.108 0.892 1.02391
0.108 0.941 1.98521
0.108 0.99 3.0803
0.157 0.01 2.98899
0.157 0.059 1.97666
0.157 0.108 0.893284
0.157 0.157 0.494156
0.157 0.206 0.518086
0.157 0.255 0.487893
0.157 0.304 0.32587
0.157 0.353 0.432526
0.157 0.402 0.70503
0.157 0.451 0.822473
0.157 0.5 0.776574
0.157 0.549 0.553234
0.157 0.598 0.477169
0.157 0.647 0.567358
0.157 0.696 0.443398
0.157 0.745 0.269971
0.157 0.794 0.423971
0.157 0.843 0.663131
0.157 0.892 0.867203
0.157 0.941 1.68137
0.157 0.99 2.60886
0.206 0.01 2.33279
0.206 0.059 1.5427
0.206 0.108 0.697174
0.206 0.157 0.385669
0.206 0.206 0.404346
0.206 0.255 0.380782
0.206 0.304 0.254329
0.206 0.353 0.33757
0.206 0.402 0.550248
0.206 0.451 0.641908
0.206 0.5 0.606085
0.206 0.549 0.431777
0.206 0.598 0.372411
0.206 0.647 0.4428
0.206 0.696 0.346054
0.206 0.745 0.210702
0.206 0.794 0.330893
0.206 0.843 0.517548
0.206 0.892 0.676818
0.206 0.941 1.31225
0.206 0.99 2.03612
0.255 0.01 1.27066
0.255 0.059 0.840298
0.255 0.108 0.379745
0.255 0.157 0.210071
0.255 0.206 0.220244
0.255 0.255 0.207409
0.255 0.304 0.138531
0.255 0.353 0.183872
0.255 0.402 0.299716
0.255 0.451 0.349642
0.255 0.5 0.33013
0.255 0.549 0.235186
0.255 0.598 0.20285
0.255 0.647 0.24119
0.255 0.696 0.188493
0.255 0.745 0.114768
0.255 0.794 0.180235
0.255 0.843 0.281904
0.255 0.892 0.368658
0.255 0.941 0.71477
0.255 0.99 1.10906
0.304 0.01 1.15949
0.304 0.059 0.766785
0.304 0.108 0.346523
0.304 0.157 0.191693
0.304 0.206 0.200976
0.304 0.255 0.189264
0.304 0.304 0.126411
0.304 0.353 0.167786
0.304 0.402 0.273496
0.304 0.451 0.319054
0.304 0.5 0.301249
0.304 0.549 0.214611
0.304 0.598 0.185103
0.304 0.647 0.22009
0.304 0.696 0.172003
0.304 0.745 0.104727
0.304 0.794 0.164467
0.304 0.843 0.257242
0.304 0.892 0.336406
0.304 0.941 0.652239
0.304 0.99 1.01203
0.353 0.01 1.56057
0.353 0.059 1.03202
0.353 0.108 0.466389
0.353 0.157 0.258002
0.353 0.206 0.270496
0.353 0.255 0.254732
0.353 0.304 0.170138
0.353 0.353 0.225825
0.353 0.402 0.3681
0.353 0.451 0.429418
0.353 0.5 0.405454
0.353 0.549 0.288847
0.353 0.598 0.249133
0.353 0.647 0.296221
0.353 0.696 0.2315
0.353 0.745 0.140954
0.353 0.794 0.221358
0.353 0.843 0.346225
0.353 0.892 0.452772
0.353 0.941 0.877855
0.353 0.99 1.3621
0.402 0.01 1.98145
0.402 0.059 1.31035
0.402 0.108 0.592172
0.402 0.157 0.327583
0.402 0.206 0.343447
0.402 0.255 0.323432
0.402 0.304 0.216024
0.402 0.353 0.286728
0.402 0.402 0.467375
0.402 0.451 0.545229
0.402 0.5 0.514802
0.402 0.549 0.366747
0.402 0.598 0.316322
0.402 0.647 0.37611
0.402 0.696 0.293935
0.402 0.745 0.178968
0.402 0.794 0.281057
0.402 0.843 0.4396
0.402 0.892 0.574882
0.402 0.941 1.11461
0.402 0.99 1.72945
0.451 0.01 1.46943
0.451 0.059 0.971751
0.451 0.108 0.439151
0.451 0.157 0.242934
0.451 0.206 0.254698
0.451 0.255 0.239855
0.451 0.304 0.160202
0.451 0.353 0.212636
0.451 0.402 0.346602
0.451 0.451 0.404339
0.451 0.5 0.381774
0.451 0.549 0.271977
0.451 0.598 0.234583
0.451 0.647 0.278921
0.451 0.696 0.21798
0.451 0.745 0.132722
0.451 0.794 0.20843
0.451 0.843 0.326004
0.451 0.892 0.426329
0.451 0.941 0.826586
0.451 0.99 1.28255
0.5 0.01 0.732345
0.5 0.059 0.484308
0.5 0.108 0.218867
0.5 0.157 0.121075
0.5 0.206 0.126938
0.5 0.255 0.119541
0.5 0.304 0.0798425
0.5 0.353 0.105975
0.5 0.402 0.172742
0.5 0.451 0.201517
0.5 0.5 0.190271
0.5 0.549 0.13555
0.5 0.598 0.116913
0.5 0.647 0.13901
0.5 0.696 0.108638
0.5 0.745 0.0661467
0.5 0.794 0.103879
0.5 0.843 0.162476
0.5 0.892 0.212477
0.5 0.941 0.411959
0.5 0.99 0.639207
0.549 0.01 1.22456
0.549 0.059 0.809816
0.549 0.108 0.36597
0.549 0.157 0.202451
0.549 0.206 0.212255
0.549 0.255 0.199885
0.549 0.304 0.133506
0.549 0.353 0.177202
0.549 0.402 0.288844
0.549 0.451 0.336959
0.549 0.5 0.318155
0.549 0.549 0.226654
0.549 0.598 0.195491
0.549 0.647 0.232441
0.549 0.696 0.181656
0.549 0.745 0.110605
0.549 0.794 0.173697
0.549 0.843 0.271678
0.549 0.892 0.355285
0.549 0.941 0.688842
0.549 0.99 1.06882
0.598 0.01 2.2744
0.598 0.059 1.50409
0.598 0.108 0.679723
0.598 0.157 0.376016
0.598 0.206 0.394225
0.598 0.255 0.371251
0.598 0.304 0.247963
0.598 0.353 0.329121
0.598 0.402 0.536475
0.598 0.451 0.625841
0.598 0.5 0.590915
0.598 0.549 0.42097
0.598 0.598 0.36309
0.598 0.647 0.431717
0.598 0.696 0.337393
0.598 0.745 0.205428
0.598 0.794 0.322611
0.598 0.843 0.504594
0.598 0.892 0.659877
0.598 0.941 1.2794
0.598 0.99 1.98515
0.647 0.01 2.30167
0.647 0.059 1.52212
0.647 0.108 0.687871
0.647 0.157 0.380524
0.647 0.206 0.398951
0.647 0.255 0.375701
0.647 0.304 0.250935
0.647 0.353 0.333066
0.647 0.402 0.542906
0.647 0.451 0.633343
0.647 0.5 0.597999
0.647 0.549 0.426016
0.647 0.598 0.367442
0.647 0.647 0.436892
0.647 0.696 0.341437
0.647 0.745 0.207891
0.647 0.794 0.326478
0.647 0.843 0.510643
0.647 0.892 0.667788
0.647 0.941 1.29474
0.647 0.99 2.00895
0.696 0.01 1.73528
0.696 0.059 1.14756
0.696 0.108 0.518603
0.696 0.157 0.286886
0.696 0.206 0.300779
0.696 0.255 0.28325
0.696 0.304 0.189186
0.696 0.353 0.251106
0.696 0.402 0.40931
0.696 0.451 0.477493
0.696 0.5 0.450846
0.696 0.549 0.321184
0.696 0.598 0.277024
0.696 0.647 0.329384
0.696 0.696 0.257418
0.696 0.745 0.156734
0.696 0.794 0.24614
0.696 0.843 0.384986
0.696 0.892 0.503461
0.696 0.941 0.976133
0.696 0.99 1.51459
0.745 0.01 2.17322
0.745 0.059 1.43717
0.745 0.108 0.649483
0.745 0.157 0.359287
0.745 0.206 0.376686
0.745 0.255 0.354734
0.745 0.304 0.236931
0.745 0.353 0.314478
0.745 0.402 0.512608
0.745 0.451 0.597998
0.745 0.5 0.564626
0.745 0.549 0.402241
0.745 0.598 0.346936
0.745 0.647 0.41251
0.745 0.696 0.322382
0.745 0.745 0.196289
0.745 0.794 0.308258
0.745 0.843 0.482145
0.745 0.892 0.63052
0.745 0.941 1.22248
0.745 0.99 1.89683
0.794 0.01 2.82582
0.794 0.059 1.86875
0.794 0.108 0.844519
0.794 0.157 0.467179
0.794 0.206 0.489803
0.794 0.255 0.461258
0.794 0.304 0.30808
0.794 0.353 0.408914
0.794 0.402 0.666541
0.794 0.451 0.777573
0.794 0.5 0.734179
0.794 0.549 0.523032
0.794 0.598 0.451119
0.794 0.647 0.536385
0.794 0.696 0.419192
0.794 0.745 0.255233
0.794 0.794 0.400826
0.794 0.843 0.62693
0.794 0.892 0.819861
0.794 0.941 1.58958
0.794 0.99 2.46644
0.843 0.01 3.19249
0.843 0.059 2.11123
0.843 0.108 0.9541
0.843 0.157 0.527799
0.843 0.206 0.553358
0.843 0.255 0.52111
0.843 0.304 0.348055
0.843 0.353 0.461973
0.843 0.402 0.753029
0.843 0.451 0.878468
0.843 0.5 0.829444
0.843 0.549 0.590899
0.843 0.598 0.509655
0.843 0.647 0.605984
0.843 0.696 0.473585
0.843 0.745 0.288351
0.843 0.794 0.452836
0.843 0.843 0.708278
0.843 0.892 0.926244
0.843 0.941 1.79584
0.843 0.99 2.78648
0.892 0.01 4.91779
0.892 0.059 3.25219
0.892 0.108 1.46972
0.892 0.157 0.813034
0.892 0.206 0.852406
0.892 0.255 0.80273
0.892 0.304 0.536153
0.892 0.353 0.711636
0.892 0.402 1.15999
0.892 0.451 1.35321
0.892 0.5 1.2777
0.892 0.549 0.910235
0.892 0.598 0.785085
0.892 0.647 0.933473
0.892 0.696 0.729522
0.892 0.745 0.444184
0.892 0.794 0.69756
0.892 0.843 1.09105
0.892 0.892 1.42681
0.892 0.941 2.76636
0.892 0.99 4.29236
0.941 0.01 10.8718
0.941 0.059 7.18967
0.941 0.108 3.24914
0.941 0.157 1.79739
0.941 0.206 1.88443
0.941 0.255 1.77461
0.941 0.304 1.18528
0.941 0.353 1.57323
0.941 0.402 2.5644
0.941 0.451 2.99157
0.941 0.5 2.82462
0.941 0.549 2.01227
0.941 0.598 1.7356
0.941 0.647 2.06365
0.941 0.696 1.61277
0.941 0.745 0.981965
0.941 0.794 1.54211
0.941 0.843 2.412
0.941 0.892 3.15427
0.941 0.941 6.11564
0.941 0.99 9.48919
0.99 0.01 17.8942
0.99 0.059 11.8336
0.99 0.108 5.34782
0.99 0.157 2.95836
0.99 0.206 3.10162
0.99 0.255 2.92087
0.99 0.304 1.95088
0.99 0.353 2.58941
0.99 0.402 4.2208
0.99 0.451 4.9239
0.99 0.5 4.64911
0.99 0.549 3.31204
0.99 0.598 2.85666
0.99 0.647 3.3966
0.99 0.696 2.65449
0.99 0.745 1.61624
0.99 0.794 2.53819
0.99 0.843 3.96997
0.99 0.892 5.19169
0.99 0.941 10.0659
0.99 0.99 15.6185
