0.01 0.01 2.31156e-15
0.01 0.059 2.1449e-15
0.01 0.108 1.95166e-15
0.01 0.157 1.43079e-15
0.01 0.206 6.79508e-16
0.01 0.255 1.74863e-16
0.01 0.304 2.06984e-17
0.01 0.353 1.02571e-18
0.01 0.402 2.04071e-20
0.01 0.451 1.60003e-22
0.01 0.5 4.89695e-25
0.01 0.549 5.81703e-28
0.01 0.598 2.19109e-30
0.01 0.647 3.14361e-27
0.01 0.696 1.96603e-24
0.01 0.745 4.70616e-22
0.01 0.794 4.31182e-20
0.01 0.843 1.51207e-18
0.01 0.892 2.02955e-17
0.01 0.941 1.04266e-16
0.01 0.99 2.05024e-16
0.059 0.01 4.53681e-12
0.059 0.059 4.20972e-12
0.059 0.108 3.83046e-12
0.059 0.157 2.80817e-12
0.059 0.206 1.33365e-12
0.059 0.255 3.43197e-13
0.059 0.304 4.06241e-14
0.059 0.353 2.01312e-15
0.059 0.402 4.00523e-17
0.059 0.451 3.14032e-19
0.059 0.5 9.61107e-22
0.059 0.549 1.14169e-24
0.059 0.598 4.30037e-27
0.059 0.647 6.16985e-24
0.059 0.696 3.85865e-21
0.059 0.745 9.23661e-19
0.059 0.794 8.46266e-17
0.059 0.843 2.96768e-15
0.059 0.892 3.98332e-14
0.059 0.941 2.04639e-13
0.059 0.99 4.02392e-13
0.108 0.01 3.52678e-09
0.108 0.059 3.27251e-09
0.108 0.108 2.97768e-09
0.108 0.157 2.18298e-09
0.108 0.206 1.03674e-09
0.108 0.255 2.66791e-10
0.108 0.304 3.15799e-11
0.108 0.353 1.56494e-12
0.108 0.402 3.11355e-14
0.108 0.451 2.44119e-16
0.108 0.5 7.47136e-19
0.108 0.549 8.87513e-22
0.108 0.598 3.34298e-24
0.108 0.647 4.79625e-21
0.108 0.696 2.9996e-18
0.108 0.745 7.18026e-16
0.108 0.794 6.57862e-14
0.108 0.843 2.30699e-12
0.108 0.892 3.09651e-11
0.108 0.941 1.5908e-10
0.108 0.99 3.12808e-10
0.157 0.01 1.05186e-06
0.157 0.059 9.7602e-07
0.157 0.108 8.88089e-07
0.157 0.157 6.51071e-07
0.157 0.206 3.09205e-07
0.157 0.255 7.95699e-08
0.157 0.304 9.41866e-09
0.157 0.353 4.66741e-10
0.157 0.402 9.2861e-12
0.157 0.451 7.28081e-14
0.157 0.5 2.22832e-16
0.157 0.549 2.64699e-19
0.157 0.598 9.97039e-22
0.157 0.647 1.43048e-18
0.157 0.696 8.94625e-16
0.157 0.745 2.1415e-13
0.157 0.794 1.96206e-11
0.157 0.843 6.88055e-10
0.157 0.892 9.2353e-09
0.157 0.941 4.74455e-08
0.157 0.99 9.32944e-08
0.206 0.01 0.000120831
0.206 0.059 0.000112119
0.206 0.108 0.000102018
0.206 0.157 7.4791e-05
0.206 0.206 3.55195e-05
0.206 0.255 9.14049e-06
0.206 0.304 1.08196e-06
0.206 0.353 5.36162e-08
0.206 0.402 1.06673e-09
0.206 0.451 8.36373e-12
0.206 0.5 2.55975e-14
0.206 0.549 3.0407e-17
0.206 0.598 1.14534e-19
0.206 0.647 1.64324e-16
0.206 0.696 1.02769e-13
0.206 0.745 2.46002e-11
0.206 0.794 2.25389e-09
0.206 0.843 7.90395e-08
0.206 0.892 1.06089e-06
0.206 0.941 5.45024e-06
0.206 0.99 1.07171e-05
0.255 0.01 0.00539962
0.255 0.059 0.00501031
0.255 0.108 0.00455893
0.255 0.157 0.00334222
0.255 0.206 0.00158728
0.255 0.255 0.000408465
0.255 0.304 4.83499e-05
0.255 0.353 2.39597e-06
0.255 0.402 4.76694e-08
0.255 0.451 3.73754e-10
0.255 0.5 1.14389e-12
0.255 0.549 1.35881e-15
0.255 0.598 5.11821e-18
0.255 0.647 7.34322e-15
0.255 0.696 4.59248e-12
0.255 0.745 1.09932e-09
0.255 0.794 1.00721e-07
0.255 0.843 3.53207e-06
0.255 0.892 4.74086e-05
0.255 0.941 0.000243557
0.255 0.99 0.000478919
0.304 0.01 0.096165
0.304 0.059 0.0892317
0.304 0.108 0.0811927
0.304 0.157 0.0595236
0.304 0.206 0.0282688
0.304 0.255 0.0072746
0.304 0.304 0.000861092
0.304 0.353 4.26713e-05
0.304 0.402 8.48973e-07
0.304 0.451 6.65641e-09
0.304 0.5 2.03722e-11
0.304 0.549 2.41999e-14
0.304 0.598 9.11533e-17
0.304 0.647 1.3078e-13
0.304 0.696 8.17902e-11
0.304 0.745 1.95785e-08
0.304 0.794 1.7938e-06
0.304 0.843 6.29048e-05
0.304 0.892 0.000844328
0.304 0.941 0.00433766
0.304 0.99 0.00852935
0.353 0.01 0.719331
0.353 0.059 0.667468
0.353 0.108 0.607335
0.353 0.157 0.445246
0.353 0.206 0.211455
0.353 0.255 0.0544153
0.353 0.304 0.00644112
0.353 0.353 0.000319189
0.353 0.402 6.35047e-06
0.353 0.451 4.97911e-08
0.353 0.5 1.52388e-10
0.353 0.549 1.81019e-13
0.353 0.598 6.81843e-16
0.353 0.647 9.78255e-13
0.353 0.696 6.11805e-10
0.353 0.745 1.4645e-07
0.353 0.794 1.34179e-05
0.353 0.843 0.000470539
0.353 0.892 0.00631572
0.353 0.941 0.0324464
0.353 0.99 0.063801
0.402 0.01 2.47989
0.402 0.059 2.3011
0.402 0.108 2.09379
0.402 0.157 1.53499
0.402 0.206 0.728992
0.402 0.255 0.187597
0.402 0.304 0.0222058
0.402 0.353 0.0011004
0.402 0.402 2.18932e-05
0.402 0.451 1.71655e-07
0.402 0.5 5.25356e-10
0.402 0.549 6.24064e-13
0.402 0.598 2.35065e-15
0.402 0.647 3.37254e-12
0.402 0.696 2.1092e-09
0.402 0.745 5.04888e-07
0.402 0.794 4.62582e-05
0.402 0.843 0.00162218
0.402 0.892 0.0217734
0.402 0.941 0.111859
0.402 0.99 0.219954
0.451 0.01 4.53799
0.451 0.059 4.21081
0.451 0.108 3.83145
0.451 0.157 2.80889
0.451 0.206 1.33399
0.451 0.255 0.343286
0.451 0.304 0.0406346
0.451 0.353 0.00201364
0.451 0.402 4.00627e-05
0.451 0.451 3.14113e-07
0.451 0.5 9.61357e-10
0.451 0.549 1.14198e-12
0.451 0.598 4.30149e-15
0.451 0.647 6.17145e-12
0.451 0.696 3.85965e-09
0.451 0.745 9.23901e-07
0.451 0.794 8.46486e-05
0.451 0.843 0.00296845
0.451 0.892 0.0398435
0.451 0.941 0.204692
0.451 0.99 0.402497
0.5 0.01 5.65696
0.5 0.059 5.2491
0.5 0.108 4.7762
0.5 0.157 3.50151
0.5 0.206 1.66293
0.5 0.255 0.427932
0.5 0.304 0.0506542
0.5 0.353 0.00251016
0.5 0.402 4.99413e-05
0.5 0.451 3.91567e-07
0.5 0.5 1.19841e-09
0.5 0.549 1.42357e-12
0.5 0.598 5.36215e-15
0.5 0.647 7.6932e-12
0.5 0.696 4.81136e-09
0.5 0.745 1.15172e-06
0.5 0.794 0.000105521
0.5 0.843 0.00370041
0.5 0.892 0.0496681
0.5 0.941 0.255165
0.5 0.99 0.501744
0.549 0.01 6.17627
0.549 0.059 5.73097
0.549 0.108 5.21466
0.549 0.157 3.82294
0.549 0.206 1.81558
0.549 0.255 0.467216
0.549 0.304 0.0553043
0.549 0.353 0.0027406
0.549 0.402 5.45259e-05
0.549 0.451 4.27513e-07
0.549 0.5 1.30842e-09
0.549 0.549 1.55426e-12
0.549 0.598 5.85439e-15
0.549 0.647 8.39943e-12
0.549 0.696 5.25304e-09
0.549 0.745 1.25744e-06
0.549 0.794 0.000115208
0.549 0.843 0.00404011
0.549 0.892 0.0542276
0.549 0.941 0.278589
0.549 0.99 0.547804
0.598 0.01 6.12984
0.598 0.059 5.68789
0.598 0.108 5.17546
0.598 0.157 3.79421
0.598 0.206 1.80193
0.598 0.255 0.463704
0.598 0.304 0.0548885
0.598 0.353 0.00271999
0.598 0.402 5.4116e-05
0.598 0.451 4.24299e-07
0.598 0.5 1.29858e-09
0.598 0.549 1.54257e-12
0.598 0.598 5.81038e-15
0.598 0.647 8.33629e-12
0.598 0.696 5.21355e-09
0.598 0.745 1.24799e-06
0.598 0.794 0.000114342
0.598 0.843 0.00400974
0.598 0.892 0.0538199
0.598 0.941 0.276495
0.598 0.99 0.543686
0.647 0.01 6.10116
0.647 0.059 5.66127
0.647 0.108 5.15124
0.647 0.157 3.77645
0.647 0.206 1.7935
0.647 0.255 0.461535
0.647 0.304 0.0546317
0.647 0.353 0.00270727
0.647 0.402 5.38628e-05
0.647 0.451 4.22314e-07
0.647 0.5 1.29251e-09
0.647 0.549 1.53535e-12
0.647 0.598 5.78319e-15
0.647 0.647 8.29728e-12
0.647 0.696 5.18915e-09
0.647 0.745 1.24215e-06
0.647 0.794 0.000113807
0.647 0.843 0.00399097
0.647 0.892 0.0535681
0.647 0.941 0.275201
0.647 0.99 0.541142
0.696 0.01 5.89682
0.696 0.059 5.47167
0.696 0.108 4.97872
0.696 0.157 3.64997
0.696 0.206 1.73344
0.696 0.255 0.446077
0.696 0.304 0.052802
0.696 0.353 0.0026166
0.696 0.402 5.20589e-05
0.696 0.451 4.0817e-07
0.696 0.5 1.24922e-09
0.696 0.549 1.48393e-12
0.696 0.598 5.5895e-15
0.696 0.647 8.01939e-12
0.696 0.696 5.01536e-09
0.696 0.745 1.20055e-06
0.696 0.794 0.000109995
0.696 0.843 0.00385731
0.696 0.892 0.051774
0.696 0.941 0.265984
0.696 0.99 0.523018
0.745 0.01 5.5287
0.745 0.059 5.13009
0.745 0.108 4.66791
0.745 0.157 3.42211
0.745 0.206 1.62522
0.745 0.255 0.41823
0.745 0.304 0.0495057
0.745 0.353 0.00245325
0.745 0.402 4.8809e-05
0.745 0.451 3.82689e-07
0.745 0.5 1.17123e-09
0.745 0.549 1.39129e-12
0.745 0.598 5.24057e-15
0.745 0.647 7.51876e-12
0.745 0.696 4.70227e-09
0.745 0.745 1.1256e-06
0.745 0.794 0.000103129
0.745 0.843 0.00361651
0.745 0.892 0.0485419
0.745 0.941 0.24938
0.745 0.99 0.490368
0.794 0.01 5.34779
0.794 0.059 4.96222
0.794 0.108 4.51517
0.794 0.157 3.31014
0.794 0.206 1.57204
0.794 0.255 0.404545
0.794 0.304 0.0478858
0.794 0.353 0.00237298
0.794 0.402 4.72119e-05
0.794 0.451 3.70166e-07
0.794 0.5 1.13291e-09
0.794 0.549 1.34577e-12
0.794 0.598 5.06909e-15
0.794 0.647 7.27274e-12
0.794 0.696 4.5484e-09
0.794 0.745 1.08877e-06
0.794 0.794 9.9754e-05
0.794 0.843 0.00349817
0.794 0.892 0.0469535
0.794 0.941 0.24122
0.794 0.99 0.474322
0.843 0.01 6.01645
0.843 0.059 5.58267
0.843 0.108 5.07972
0.843 0.157 3.72402
0.843 0.206 1.7686
0.843 0.255 0.455127
0.843 0.304 0.0538732
0.843 0.353 0.00266968
0.843 0.402 5.3115e-05
0.843 0.451 4.1645e-07
0.843 0.5 1.27456e-09
0.843 0.549 1.51404e-12
0.843 0.598 5.7029e-15
0.843 0.647 8.18208e-12
0.843 0.696 5.11711e-09
0.843 0.745 1.2249e-06
0.843 0.794 0.000112227
0.843 0.843 0.00393556
0.843 0.892 0.0528244
0.843 0.941 0.27138
0.843 0.99 0.533629
0.892 0.01 9.52007
0.892 0.059 8.83369
0.892 0.108 8.03785
0.892 0.157 5.89267
0.892 0.206 2.79853
0.892 0.255 0.720166
0.892 0.304 0.0852458
0.892 0.353 0.00422434
0.892 0.402 8.4046e-05
0.892 0.451 6.58966e-07
0.892 0.5 2.01679e-09
0.892 0.549 2.39572e-12
0.892 0.598 9.02393e-15
0.892 0.647 1.29468e-11
0.892 0.696 8.09701e-09
0.892 0.745 1.93822e-06
0.892 0.794 0.000177581
0.892 0.843 0.0062274
0.892 0.892 0.0835862
0.892 0.941 0.429416
0.892 0.99 0.844383
0.941 0.01 23.8841
0.941 0.059 22.1621
0.941 0.108 20.1655
0.941 0.157 14.7836
0.941 0.206 7.02099
0.941 0.255 1.80676
0.941 0.304 0.213866
0.941 0.353 0.0105981
0.941 0.402 0.000210856
0.941 0.451 1.65322e-06
0.941 0.5 5.05975e-09
0.941 0.549 6.01042e-12
0.941 0.598 2.26393e-14
0.941 0.647 3.24812e-11
0.941 0.696 2.03139e-08
0.941 0.745 4.86262e-06
0.941 0.794 0.000445517
0.941 0.843 0.0156234
0.941 0.892 0.209702
0.941 0.941 1.07732
0.941 0.99 2.1184
0.99 0.01 40.4514
0.99 0.059 37.5349
0.99 0.108 34.1533
0.99 0.157 25.0383
0.99 0.206 11.8911
0.99 0.255 3.06003
0.99 0.304 0.362214
0.99 0.353 0.0179495
0.99 0.402 0.000357117
0.99 0.451 2.79999e-06
0.99 0.5 8.56947e-09
0.99 0.549 1.01796e-11
0.99 0.598 3.83432e-14
0.99 0.647 5.50119e-11
0.99 0.696 3.44047e-08
0.99 0.745 8.2356e-06
0.99 0.794 0.000754552
0.99 0.843 0.0264606
0.99 0.892 0.355163
0.99 0.941 1.82462
0.99 0.99 3.58783
