0.01 0.01 23.797
0.01 0.059 15.5818
0.01 0.108 8.01942
0.01 0.157 5.32454
0.01 0.206 4.57317
0.01 0.255 4.12574
0.01 0.304 3.66547
0.01 0.353 3.67185
0.01 0.402 3.0847
0.01 0.451 3.30591
0.01 0.5 4.54319
0.01 0.549 6.07482
0.01 0.598 7.10413
0.01 0.647 4.6276
0.01 0.696 1.32971
0.01 0.745 0.15707
0.01 0.794 0.00790412
0.01 0.843 0.0174182
0.01 0.892 0.231948
0.01 0.941 1.1916
0.01 0.99 2.34311
0.059 0.01 13.8461
0.059 0.059 9.06613
0.059 0.108 4.66603
0.059 0.157 3.09803
0.059 0.206 2.66086
0.059 0.255 2.40052
0.059 0.304 2.13272
0.059 0.353 2.13643
0.059 0.402 1.7948
0.059 0.451 1.92351
0.059 0.5 2.64342
0.059 0.549 3.53458
0.059 0.598 4.13347
0.059 0.647 2.69253
0.059 0.696 0.773677
0.059 0.745 0.0913898
0.059 0.794 0.00459894
0.059 0.843 0.0101346
0.059 0.892 0.134957
0.059 0.941 0.693324
0.059 0.99 1.36332
0.108 0.01 5.65694
0.108 0.059 3.70405
0.108 0.108 1.90635
0.108 0.157 1.26573
0.108 0.206 1.08712
0.108 0.255 0.980754
0.108 0.304 0.87134
0.108 0.353 0.872857
0.108 0.402 0.733282
0.108 0.451 0.785868
0.108 0.5 1.07999
0.108 0.549 1.44408
0.108 0.598 1.68877
0.108 0.647 1.10006
0.108 0.696 0.316092
0.108 0.745 0.0373381
0.108 0.794 0.00187894
0.108 0.843 0.00414058
0.108 0.892 0.0551377
0.108 0.941 0.283263
0.108 0.99 0.556995
0.157 0.01 3.2305
0.157 0.059 2.11527
0.157 0.108 1.08866
0.157 0.157 0.722819
0.157 0.206 0.620819
0.157 0.255 0.560079
0.157 0.304 0.497596
0.157 0.353 0.498462
0.157 0.402 0.418755
0.157 0.451 0.448785
0.157 0.5 0.61675
0.157 0.549 0.824672
0.157 0.598 0.964402
0.157 0.647 0.628208
0.157 0.696 0.180511
0.157 0.745 0.0213226
0.157 0.794 0.001073
0.157 0.843 0.00236456
0.157 0.892 0.0314874
0.157 0.941 0.161763
0.157 0.99 0.318083
0.206 0.01 2.03473
0.206 0.059 1.3323
0.206 0.108 0.685689
0.206 0.157 0.455267
0.206 0.206 0.391022
0.206 0.255 0.352765
0.206 0.304 0.31341
0.206 0.353 0.313956
0.206 0.402 0.263753
0.206 0.451 0.282667
0.206 0.5 0.388459
0.206 0.549 0.519419
0.206 0.598 0.607428
0.206 0.647 0.395677
0.206 0.696 0.113695
0.206 0.745 0.01343
0.206 0.794 0.00067583
0.206 0.843 0.00148932
0.206 0.892 0.0198323
0.206 0.941 0.101886
0.206 0.99 0.200344
0.255 0.01 2.51036
0.255 0.059 1.64373
0.255 0.108 0.845973
0.255 0.157 0.561688
0.255 0.206 0.482426
0.255 0.255 0.435227
0.255 0.304 0.386672
0.255 0.353 0.387345
0.255 0.402 0.325407
0.255 0.451 0.348742
0.255 0.5 0.479264
0.255 0.549 0.640837
0.255 0.598 0.749418
0.255 0.647 0.488169
0.255 0.696 0.140271
0.255 0.745 0.0165694
0.255 0.794 0.00083381
0.255 0.843 0.00183745
0.255 0.892 0.0244683
0.255 0.941 0.125703
0.255 0.99 0.247176
0.304 0.01 3.50885
0.304 0.059 2.29753
0.304 0.108 1.18246
0.304 0.157 0.785099
0.304 0.206 0.67431
0.304 0.255 0.608337
0.304 0.304 0.54047
0.304 0.353 0.541411
0.304 0.402 0.454837
0.304 0.451 0.487454
0.304 0.5 0.669891
0.304 0.549 0.895728
0.304 0.598 1.0475
0.304 0.647 0.682337
0.304 0.696 0.196064
0.304 0.745 0.0231599
0.304 0.794 0.00116546
0.304 0.843 0.0025683
0.304 0.892 0.0342005
0.304 0.941 0.175701
0.304 0.99 0.34549
0.353 0.01 3.37665
0.353 0.059 2.21096
0.353 0.108 1.13791
0.353 0.157 0.75552
0.353 0.206 0.648905
0.353 0.255 0.585417
0.353 0.304 0.520107
0.353 0.353 0.521013
0.353 0.402 0.4377
0.353 0.451 0.469088
0.353 0.5 0.644652
0.353 0.549 0.861981
0.353 0.598 1.00803
0.353 0.647 0.656629
0.353 0.696 0.188677
0.353 0.745 0.0222873
0.353 0.794 0.00112155
0.353 0.843 0.00247153
0.353 0.892 0.032912
0.353 0.941 0.169081
0.353 0.99 0.332473
0.402 0.01 4.23666
0.402 0.059 2.77408
0.402 0.108 1.42772
0.402 0.157 0.947945
0.402 0.206 0.814176
0.402 0.255 0.734519
0.402 0.304 0.652575
0.402 0.353 0.653711
0.402 0.402 0.549179
0.402 0.451 0.588562
0.402 0.5 0.80884
0.402 0.549 1.08152
0.402 0.598 1.26477
0.402 0.647 0.823867
0.402 0.696 0.236732
0.402 0.745 0.0279637
0.402 0.794 0.0014072
0.402 0.843 0.00310101
0.402 0.892 0.0412944
0.402 0.941 0.212145
0.402 0.99 0.417152
0.451 0.01 7.29988
0.451 0.059 4.77981
0.451 0.108 2.46001
0.451 0.157 1.63333
0.451 0.206 1.40285
0.451 0.255 1.26559
0.451 0.304 1.1244
0.451 0.353 1.12636
0.451 0.402 0.94625
0.451 0.451 1.01411
0.451 0.5 1.39365
0.451 0.549 1.86349
0.451 0.598 2.17923
0.451 0.647 1.41954
0.451 0.696 0.407895
0.451 0.745 0.0481822
0.451 0.794 0.00242464
0.451 0.843 0.00534313
0.451 0.892 0.0711513
0.451 0.941 0.365532
0.451 0.99 0.718763
0.5 0.01 9.13809
0.5 0.059 5.98343
0.5 0.108 3.07947
0.5 0.157 2.04463
0.5 0.206 1.7561
0.5 0.255 1.58429
0.5 0.304 1.40754
0.5 0.353 1.40999
0.5 0.402 1.18453
0.5 0.451 1.26947
0.5 0.5 1.74459
0.5 0.549 2.33274
0.5 0.598 2.72799
0.5 0.647 1.77701
0.5 0.696 0.510609
0.5 0.745 0.0603151
0.5 0.794 0.00303519
0.5 0.843 0.0066886
0.5 0.892 0.0890682
0.5 0.941 0.457578
0.5 0.99 0.899757
0.549 0.01 7.03525
0.549 0.059 4.60654
0.549 0.108 2.37083
0.549 0.157 1.57412
0.549 0.206 1.35199
0.549 0.255 1.21972
0.549 0.304 1.08364
0.549 0.353 1.08553
0.549 0.402 0.911947
0.549 0.451 0.977345
0.549 0.5 1.34313
0.549 0.549 1.79594
0.549 0.598 2.10023
0.549 0.647 1.36809
0.549 0.696 0.393109
0.549 0.745 0.0464355
0.549 0.794 0.00233674
0.549 0.843 0.00514944
0.549 0.892 0.068572
0.549 0.941 0.352281
0.549 0.99 0.692707
0.598 0.01 3.89018
0.598 0.059 2.54721
0.598 0.108 1.31096
0.598 0.157 0.87042
0.598 0.206 0.747591
0.598 0.255 0.674448
0.598 0.304 0.599206
0.598 0.353 0.600249
0.598 0.402 0.504266
0.598 0.451 0.540428
0.598 0.5 0.742691
0.598 0.549 0.993072
0.598 0.598 1.16134
0.598 0.647 0.75649
0.598 0.696 0.217371
0.598 0.745 0.0256768
0.598 0.794 0.00129211
0.598 0.843 0.00284741
0.598 0.892 0.0379172
0.598 0.941 0.194796
0.598 0.99 0.383036
0.647 0.01 3.38221
0.647 0.059 2.2146
0.647 0.108 1.13978
0.647 0.157 0.756764
0.647 0.206 0.649974
0.647 0.255 0.586381
0.647 0.304 0.520964
0.647 0.353 0.521871
0.647 0.402 0.438421
0.647 0.451 0.469861
0.647 0.5 0.645713
0.647 0.549 0.8634
0.647 0.598 1.00969
0.647 0.647 0.65771
0.647 0.696 0.188988
0.647 0.745 0.022324
0.647 0.794 0.00112339
0.647 0.843 0.0024756
0.647 0.892 0.0329661
0.647 0.941 0.16936
0.647 0.99 0.333021
0.696 0.01 3.36067
0.696 0.059 2.2005
0.696 0.108 1.13252
0.696 0.157 0.751943
0.696 0.206 0.645833
0.696 0.255 0.582646
0.696 0.304 0.517645
0.696 0.353 0.518547
0.696 0.402 0.435628
0.696 0.451 0.466868
0.696 0.5 0.6416
0.696 0.549 0.8579
0.696 0.598 1.00326
0.696 0.647 0.653521
0.696 0.696 0.187784
0.696 0.745 0.0221818
0.696 0.794 0.00111624
0.696 0.843 0.00245983
0.696 0.892 0.0327562
0.696 0.941 0.168281
0.696 0.99 0.330899
0.745 0.01 2.03541
0.745 0.059 1.33274
0.745 0.108 0.685917
0.745 0.157 0.455418
0.745 0.206 0.391152
0.745 0.255 0.352883
0.745 0.304 0.313514
0.745 0.353 0.31406
0.745 0.402 0.26384
0.745 0.451 0.282761
0.745 0.5 0.388588
0.745 0.549 0.519592
0.745 0.598 0.60763
0.745 0.647 0.395808
0.745 0.696 0.113732
0.745 0.745 0.0134345
0.745 0.794 0.000676055
0.745 0.843 0.00148981
0.745 0.892 0.0198389
0.745 0.941 0.10192
0.745 0.99 0.200411
0.794 0.01 1.57698
0.794 0.059 1.03258
0.794 0.108 0.531431
0.794 0.157 0.352847
0.794 0.206 0.303055
0.794 0.255 0.273405
0.794 0.304 0.242903
0.794 0.353 0.243326
0.794 0.402 0.204417
0.794 0.451 0.219076
0.794 0.5 0.301069
0.794 0.549 0.402567
0.794 0.598 0.470777
0.794 0.647 0.306662
0.794 0.696 0.088117
0.794 0.745 0.0104087
0.794 0.794 0.000523791
0.794 0.843 0.00115427
0.794 0.892 0.0153707
0.794 0.941 0.0789653
0.794 0.99 0.155273
0.843 0.01 2.51954
0.843 0.059 1.64974
0.843 0.108 0.849067
0.843 0.157 0.563743
0.843 0.206 0.48419
0.843 0.255 0.436818
0.843 0.304 0.388086
0.843 0.353 0.388762
0.843 0.402 0.326597
0.843 0.451 0.350017
0.843 0.5 0.481017
0.843 0.549 0.64318
0.843 0.598 0.752159
0.843 0.647 0.489954
0.843 0.696 0.140784
0.843 0.745 0.01663
0.843 0.794 0.000836859
0.843 0.843 0.00184417
0.843 0.892 0.0245578
0.843 0.941 0.126163
0.843 0.99 0.24808
0.892 0.01 3.43393
0.892 0.059 2.24847
0.892 0.108 1.15721
0.892 0.157 0.768335
0.892 0.206 0.659912
0.892 0.255 0.595347
0.892 0.304 0.528929
0.892 0.353 0.52985
0.892 0.402 0.445124
0.892 0.451 0.477045
0.892 0.5 0.655586
0.892 0.549 0.876601
0.892 0.598 1.02513
0.892 0.647 0.667766
0.892 0.696 0.191877
0.892 0.745 0.0226653
0.892 0.794 0.00114057
0.892 0.843 0.00251346
0.892 0.892 0.0334702
0.892 0.941 0.171949
0.892 0.99 0.338113
0.941 0.01 3.54328
0.941 0.059 2.32007
0.941 0.108 1.19406
0.941 0.157 0.792802
0.941 0.206 0.680927
0.941 0.255 0.614306
0.941 0.304 0.545773
0.941 0.353 0.546724
0.941 0.402 0.459299
0.941 0.451 0.492236
0.941 0.5 0.676463
0.941 0.549 0.904517
0.941 0.598 1.05778
0.941 0.647 0.689032
0.941 0.696 0.197988
0.941 0.745 0.0233871
0.941 0.794 0.00117689
0.941 0.843 0.0025935
0.941 0.892 0.0345361
0.941 0.941 0.177425
0.941 0.99 0.34888
0.99 0.01 3.56065
0.99 0.059 2.33144
0.99 0.108 1.19991
0.99 0.157 0.796689
0.99 0.206 0.684265
0.99 0.255 0.617317
0.99 0.304 0.548449
0.99 0.353 0.549404
0.99 0.402 0.461551
0.99 0.451 0.49465
0.99 0.5 0.67978
0.99 0.549 0.908951
0.99 0.598 1.06296
0.99 0.647 0.692409
0.99 0.696 0.198958
0.99 0.745 0.0235017
0.99 0.794 0.00118266
0.99 0.843 0.00260621
0.99 0.892 0.0347054
0.99 0.941 0.178295
0.99 0.99 0.35059
