0.01 0.01 7.17883
0.01 0.059 5.07047
0.01 0.108 2.93565
0.01 0.157 1.97703
0.01 0.206 1.43469
0.01 0.255 1.1681
0.01 0.304 1.13582
0.01 0.353 1.07328
0.01 0.402 1.18545
0.01 0.451 1.18648
0.01 0.5 1.11478
0.01 0.549 0.973849
0.01 0.598 0.614288
0.01 0.647 0.500089
0.01 0.696 0.62759
0.01 0.745 0.783597
0.01 0.794 0.555798
0.01 0.843 0.16903
0.01 0.892 0.0883272
0.01 0.941 0.358318
0.01 0.99 0.702977
0.059 0.01 4.61086
0.059 0.059 3.25669
0.059 0.108 1.88553
0.059 0.157 1.26982
0.059 0.206 0.921485
0.059 0.255 0.750256
0.059 0.304 0.729523
0.059 0.353 0.689354
0.059 0.402 0.761401
0.059 0.451 0.762059
0.059 0.5 0.716006
0.059 0.549 0.62549
0.059 0.598 0.394549
0.059 0.647 0.3212
0.059 0.696 0.403092
0.059 0.745 0.503293
0.059 0.794 0.356982
0.059 0.843 0.108565
0.059 0.892 0.0567314
0.059 0.941 0.230142
0.059 0.99 0.451512
0.108 0.01 2.6475
0.108 0.059 1.86995
0.108 0.108 1.08264
0.108 0.157 0.729115
0.108 0.206 0.529105
0.108 0.255 0.430788
0.108 0.304 0.418883
0.108 0.353 0.395818
0.108 0.402 0.437187
0.108 0.451 0.437565
0.108 0.5 0.411122
0.108 0.549 0.359148
0.108 0.598 0.226545
0.108 0.647 0.184429
0.108 0.696 0.231451
0.108 0.745 0.288985
0.108 0.794 0.204974
0.108 0.843 0.0623369
0.108 0.892 0.0325744
0.108 0.941 0.132145
0.108 0.99 0.259253
0.157 0.01 2.91624
0.157 0.059 2.05977
0.157 0.108 1.19254
0.157 0.157 0.803126
0.157 0.206 0.582813
0.157 0.255 0.474516
0.157 0.304 0.461403
0.157 0.353 0.435997
0.157 0.402 0.481565
0.157 0.451 0.481981
0.157 0.5 0.452854
0.157 0.549 0.395605
0.157 0.598 0.249541
0.157 0.647 0.20315
0.157 0.696 0.254945
0.157 0.745 0.318319
0.157 0.794 0.225781
0.157 0.843 0.0686646
0.157 0.892 0.035881
0.157 0.941 0.145559
0.157 0.99 0.285569
0.206 0.01 3.09997
0.206 0.059 2.18953
0.206 0.108 1.26767
0.206 0.157 0.853723
0.206 0.206 0.61953
0.206 0.255 0.504411
0.206 0.304 0.490472
0.206 0.353 0.463465
0.206 0.402 0.511903
0.206 0.451 0.512346
0.206 0.5 0.481384
0.206 0.549 0.420528
0.206 0.598 0.265262
0.206 0.647 0.215949
0.206 0.696 0.271006
0.206 0.745 0.338373
0.206 0.794 0.240005
0.206 0.843 0.0729905
0.206 0.892 0.0381415
0.206 0.941 0.154729
0.206 0.99 0.30356
0.255 0.01 1.95412
0.255 0.059 1.38021
0.255 0.108 0.799101
0.255 0.157 0.53816
0.255 0.206 0.390532
0.255 0.255 0.317964
0.255 0.304 0.309178
0.255 0.353 0.292154
0.255 0.402 0.322688
0.255 0.451 0.322967
0.255 0.5 0.303449
0.255 0.549 0.265088
0.255 0.598 0.167213
0.255 0.647 0.136127
0.255 0.696 0.170834
0.255 0.745 0.2133
0.255 0.794 0.151292
0.255 0.843 0.0460109
0.255 0.892 0.0240432
0.255 0.941 0.0975362
0.255 0.99 0.191354
0.304 0.01 2.00219
0.304 0.059 1.41417
0.304 0.108 0.81876
0.304 0.157 0.551399
0.304 0.206 0.40014
0.304 0.255 0.325787
0.304 0.304 0.316784
0.304 0.353 0.299341
0.304 0.402 0.330626
0.304 0.451 0.330912
0.304 0.5 0.310914
0.304 0.549 0.271609
0.304 0.598 0.171327
0.304 0.647 0.139476
0.304 0.696 0.175036
0.304 0.745 0.218547
0.304 0.794 0.155014
0.304 0.843 0.0471428
0.304 0.892 0.0246347
0.304 0.941 0.0999357
0.304 0.99 0.196062
0.353 0.01 4.98792
0.353 0.059 3.52301
0.353 0.108 2.03972
0.353 0.157 1.37366
0.353 0.206 0.99684
0.353 0.255 0.811609
0.353 0.304 0.789181
0.353 0.353 0.745726
0.353 0.402 0.823665
0.353 0.451 0.824377
0.353 0.5 0.774558
0.353 0.549 0.67664
0.353 0.598 0.426813
0.353 0.647 0.347467
0.353 0.696 0.436056
0.353 0.745 0.544451
0.353 0.794 0.386174
0.353 0.843 0.117443
0.353 0.892 0.0613706
0.353 0.941 0.248963
0.353 0.99 0.488435
0.402 0.01 8.61676
0.402 0.059 6.08609
0.402 0.108 3.52366
0.402 0.157 2.37303
0.402 0.206 1.72207
0.402 0.255 1.40207
0.402 0.304 1.36333
0.402 0.353 1.28826
0.402 0.402 1.4229
0.402 0.451 1.42413
0.402 0.5 1.33807
0.402 0.549 1.16891
0.402 0.598 0.73733
0.402 0.647 0.600257
0.402 0.696 0.753297
0.402 0.745 0.940552
0.402 0.794 0.667125
0.402 0.843 0.202886
0.402 0.892 0.106019
0.402 0.941 0.430089
0.402 0.99 0.843784
0.451 0.01 9.56418
0.451 0.059 6.75526
0.451 0.108 3.91109
0.451 0.157 2.63395
0.451 0.206 1.91141
0.451 0.255 1.55623
0.451 0.304 1.51323
0.451 0.353 1.42991
0.451 0.402 1.57935
0.451 0.451 1.58072
0.451 0.5 1.48519
0.451 0.549 1.29743
0.451 0.598 0.818401
0.451 0.647 0.666256
0.451 0.696 0.836122
0.451 0.745 1.04397
0.451 0.794 0.740476
0.451 0.843 0.225194
0.451 0.892 0.117676
0.451 0.941 0.477377
0.451 0.99 0.936558
0.5 0.01 7.73223
0.5 0.059 5.46134
0.5 0.108 3.16195
0.5 0.157 2.12944
0.5 0.206 1.54529
0.5 0.255 1.25815
0.5 0.304 1.22338
0.5 0.353 1.15602
0.5 0.402 1.27684
0.5 0.451 1.27794
0.5 0.5 1.20071
0.5 0.549 1.04892
0.5 0.598 0.661642
0.5 0.647 0.53864
0.5 0.696 0.67597
0.5 0.745 0.844002
0.5 0.794 0.598644
0.5 0.843 0.18206
0.5 0.892 0.0951362
0.5 0.941 0.385939
0.5 0.99 0.757168
0.549 0.01 5.32086
0.549 0.059 3.75817
0.549 0.108 2.17587
0.549 0.157 1.46535
0.549 0.206 1.06338
0.549 0.255 0.865783
0.549 0.304 0.841858
0.549 0.353 0.795503
0.549 0.402 0.878645
0.549 0.451 0.879404
0.549 0.5 0.82626
0.549 0.549 0.721805
0.549 0.598 0.455303
0.549 0.647 0.37066
0.549 0.696 0.465162
0.549 0.745 0.580792
0.549 0.794 0.411951
0.549 0.843 0.125283
0.549 0.892 0.0654671
0.549 0.941 0.265581
0.549 0.99 0.521038
0.598 0.01 3.25517
0.598 0.059 2.29916
0.598 0.108 1.33114
0.598 0.157 0.896467
0.598 0.206 0.650549
0.598 0.255 0.529665
0.598 0.304 0.515028
0.598 0.353 0.486669
0.598 0.402 0.537533
0.598 0.451 0.537998
0.598 0.5 0.505486
0.598 0.549 0.441583
0.598 0.598 0.278543
0.598 0.647 0.226761
0.598 0.696 0.284575
0.598 0.745 0.355315
0.598 0.794 0.252022
0.598 0.843 0.0766449
0.598 0.892 0.0400512
0.598 0.941 0.162476
0.598 0.99 0.318758
0.647 0.01 2.9666
0.647 0.059 2.09534
0.647 0.108 1.21313
0.647 0.157 0.816994
0.647 0.206 0.592877
0.647 0.255 0.48271
0.647 0.304 0.469371
0.647 0.353 0.443526
0.647 0.402 0.48988
0.647 0.451 0.490304
0.647 0.5 0.460674
0.647 0.549 0.402436
0.647 0.598 0.25385
0.647 0.647 0.206658
0.647 0.696 0.259347
0.647 0.745 0.323816
0.647 0.794 0.22968
0.647 0.843 0.0698503
0.647 0.892 0.0365006
0.647 0.941 0.148072
0.647 0.99 0.2905
0.696 0.01 3.48978
0.696 0.059 2.46486
0.696 0.108 1.42708
0.696 0.157 0.961077
0.696 0.206 0.697435
0.696 0.255 0.567839
0.696 0.304 0.552147
0.696 0.353 0.521744
0.696 0.402 0.576274
0.696 0.451 0.576772
0.696 0.5 0.541917
0.696 0.549 0.473408
0.696 0.598 0.298618
0.696 0.647 0.243104
0.696 0.696 0.305085
0.696 0.745 0.380923
0.696 0.794 0.270185
0.696 0.843 0.0821688
0.696 0.892 0.0429377
0.696 0.941 0.174186
0.696 0.99 0.341732
0.745 0.01 2.79632
0.745 0.059 1.97506
0.745 0.108 1.1435
0.745 0.157 0.770099
0.745 0.206 0.558846
0.745 0.255 0.455002
0.745 0.304 0.442429
0.745 0.353 0.418067
0.745 0.402 0.461761
0.745 0.451 0.46216
0.745 0.5 0.434231
0.745 0.549 0.379336
0.745 0.598 0.239279
0.745 0.647 0.194796
0.745 0.696 0.24446
0.745 0.745 0.305229
0.745 0.794 0.216496
0.745 0.843 0.0658409
0.745 0.892 0.0344054
0.745 0.941 0.139573
0.745 0.99 0.273825
0.794 0.01 2.6336
0.794 0.059 1.86013
0.794 0.108 1.07696
0.794 0.157 0.725286
0.794 0.206 0.526326
0.794 0.255 0.428525
0.794 0.304 0.416683
0.794 0.353 0.393739
0.794 0.402 0.434891
0.794 0.451 0.435267
0.794 0.5 0.408963
0.794 0.549 0.357262
0.794 0.598 0.225355
0.794 0.647 0.183461
0.794 0.696 0.230235
0.794 0.745 0.287467
0.794 0.794 0.203898
0.794 0.843 0.0620095
0.794 0.892 0.0324034
0.794 0.941 0.131451
0.794 0.99 0.257891
0.843 0.01 4.11837
0.843 0.059 2.90884
0.843 0.108 1.68413
0.843 0.157 1.13419
0.843 0.206 0.82306
0.843 0.255 0.670121
0.843 0.304 0.651602
0.843 0.353 0.615723
0.843 0.402 0.680075
0.843 0.451 0.680663
0.843 0.5 0.639529
0.843 0.549 0.558681
0.843 0.598 0.352407
0.843 0.647 0.286893
0.843 0.696 0.360038
0.843 0.745 0.449536
0.843 0.794 0.318852
0.843 0.843 0.0969695
0.843 0.892 0.0506718
0.843 0.941 0.205561
0.843 0.99 0.403286
0.892 0.01 5.90702
0.892 0.059 4.17218
0.892 0.108 2.41556
0.892 0.157 1.62678
0.892 0.206 1.18052
0.892 0.255 0.96116
0.892 0.304 0.934599
0.892 0.353 0.883137
0.892 0.402 0.975437
0.892 0.451 0.976281
0.892 0.5 0.917282
0.892 0.549 0.80132
0.892 0.598 0.50546
0.892 0.647 0.411492
0.892 0.696 0.516405
0.892 0.745 0.644773
0.892 0.794 0.457332
0.892 0.843 0.139084
0.892 0.892 0.072679
0.892 0.941 0.294837
0.892 0.99 0.578436
0.941 0.01 10.5526
0.941 0.059 7.45339
0.941 0.108 4.31529
0.941 0.157 2.90616
0.941 0.206 2.10894
0.941 0.255 1.71706
0.941 0.304 1.66961
0.941 0.353 1.57768
0.941 0.402 1.74257
0.941 0.451 1.74408
0.941 0.5 1.63868
0.941 0.549 1.43152
0.941 0.598 0.902979
0.941 0.647 0.735111
0.941 0.696 0.922533
0.941 0.745 1.15186
0.941 0.794 0.817002
0.941 0.843 0.248467
0.941 0.892 0.129838
0.941 0.941 0.526713
0.941 0.99 1.03335
0.99 0.01 15.8462
0.99 0.059 11.1923
0.99 0.108 6.48
0.99 0.157 4.364
0.99 0.206 3.16687
0.99 0.255 2.57841
0.99 0.304 2.50716
0.99 0.353 2.36911
0.99 0.402 2.61671
0.99 0.451 2.61897
0.99 0.5 2.4607
0.99 0.549 2.14962
0.99 0.598 1.35595
0.99 0.647 1.10387
0.99 0.696 1.38531
0.99 0.745 1.72967
0.99 0.794 1.22684
0.99 0.843 0.373107
0.99 0.892 0.194969
0.99 0.941 0.790932
0.99 0.99 1.55171
