0.01 0.01 1.20719
0.01 0.059 0.805063
0.01 0.108 0.378456
0.01 0.157 0.176738
0.01 0.206 0.16343
0.01 0.255 0.218572
0.01 0.304 0.204169
0.01 0.353 0.153468
0.01 0.402 0.227434
0.01 0.451 0.314139
0.01 0.5 0.32576
0.01 0.549 0.298766
0.01 0.598 0.188312
0.01 0.647 0.148993
0.01 0.696 0.217995
0.01 0.745 0.236945
0.01 0.794 0.196309
0.01 0.843 0.266157
0.01 0.892 0.442735
0.01 0.941 0.79388
0.01 0.99 1.16187
0.059 0.01 1.61341
0.059 0.059 1.07597
0.059 0.108 0.505806
0.059 0.157 0.23621
0.059 0.206 0.218423
0.059 0.255 0.292121
0.059 0.304 0.272871
0.059 0.353 0.20511
0.059 0.402 0.303965
0.059 0.451 0.419847
0.059 0.5 0.435378
0.059 0.549 0.3993
0.059 0.598 0.251678
0.059 0.647 0.199129
0.059 0.696 0.291351
0.059 0.745 0.316676
0.059 0.794 0.262367
0.059 0.843 0.355719
0.059 0.892 0.591714
0.059 0.941 1.06102
0.059 0.99 1.55284
0.108 0.01 2.03625
0.108 0.059 1.35795
0.108 0.108 0.638367
0.108 0.157 0.298116
0.108 0.206 0.275667
0.108 0.255 0.36868
0.108 0.304 0.344385
0.108 0.353 0.258865
0.108 0.402 0.383628
0.108 0.451 0.52988
0.108 0.5 0.549481
0.108 0.549 0.503948
0.108 0.598 0.317638
0.108 0.647 0.251317
0.108 0.696 0.367707
0.108 0.745 0.39967
0.108 0.794 0.331128
0.108 0.843 0.448945
0.108 0.892 0.74679
0.108 0.941 1.33909
0.108 0.99 1.95981
0.157 0.01 1.50621
0.157 0.059 1.00447
0.157 0.108 0.472199
0.157 0.157 0.220516
0.157 0.206 0.203911
0.157 0.255 0.272712
0.157 0.304 0.254741
0.157 0.353 0.191482
0.157 0.402 0.283769
0.157 0.451 0.391951
0.157 0.5 0.40645
0.157 0.549 0.37277
0.157 0.598 0.234956
0.157 0.647 0.185899
0.157 0.696 0.271992
0.157 0.745 0.295635
0.157 0.794 0.244935
0.157 0.843 0.332084
0.157 0.892 0.552399
0.157 0.941 0.990522
0.157 0.99 1.44966
0.206 0.01 0.491057
0.206 0.059 0.32748
0.206 0.108 0.153947
0.206 0.157 0.0718929
0.206 0.206 0.0664792
0.206 0.255 0.0889098
0.206 0.304 0.083051
0.206 0.353 0.0624273
0.206 0.402 0.0925148
0.206 0.451 0.127784
0.206 0.5 0.132511
0.206 0.549 0.121531
0.206 0.598 0.0766007
0.206 0.647 0.060607
0.206 0.696 0.0886753
0.206 0.745 0.0963834
0.206 0.794 0.0798539
0.206 0.843 0.108266
0.206 0.892 0.180094
0.206 0.941 0.322931
0.206 0.99 0.472622
0.255 0.01 0.0888071
0.255 0.059 0.0592244
0.255 0.108 0.0278411
0.255 0.157 0.0130017
0.255 0.206 0.0120227
0.255 0.255 0.0160792
0.255 0.304 0.0150197
0.255 0.353 0.0112899
0.255 0.402 0.0167312
0.255 0.451 0.0231096
0.255 0.5 0.0239645
0.255 0.549 0.0219787
0.255 0.598 0.0138531
0.255 0.647 0.0109607
0.255 0.696 0.0160368
0.255 0.745 0.0174308
0.255 0.794 0.0144415
0.255 0.843 0.0195799
0.255 0.892 0.0325698
0.255 0.941 0.0584017
0.255 0.99 0.085473
0.304 0.01 0.217255
0.304 0.059 0.144885
0.304 0.108 0.0681096
0.304 0.157 0.031807
0.304 0.206 0.0294119
0.304 0.255 0.0393357
0.304 0.304 0.0367436
0.304 0.353 0.0276192
0.304 0.402 0.0409306
0.304 0.451 0.0565347
0.304 0.5 0.058626
0.304 0.549 0.053768
0.304 0.598 0.0338899
0.304 0.647 0.0268139
0.304 0.696 0.039232
0.304 0.745 0.0426422
0.304 0.794 0.0353292
0.304 0.843 0.0478995
0.304 0.892 0.0796776
0.304 0.941 0.142872
0.304 0.99 0.209098
0.353 0.01 0.708423
0.353 0.059 0.472439
0.353 0.108 0.222091
0.353 0.157 0.103716
0.353 0.206 0.0959062
0.353 0.255 0.128266
0.353 0.304 0.119813
0.353 0.353 0.0900607
0.353 0.402 0.133466
0.353 0.451 0.184348
0.353 0.5 0.191167
0.353 0.549 0.175326
0.353 0.598 0.110508
0.353 0.647 0.0874345
0.353 0.696 0.127927
0.353 0.745 0.139047
0.353 0.794 0.115201
0.353 0.843 0.15619
0.353 0.892 0.259812
0.353 0.941 0.465876
0.353 0.99 0.681827
0.402 0.01 1.13988
0.402 0.059 0.760175
0.402 0.108 0.357355
0.402 0.157 0.166884
0.402 0.206 0.154317
0.402 0.255 0.206385
0.402 0.304 0.192785
0.402 0.353 0.144912
0.402 0.402 0.214753
0.402 0.451 0.296624
0.402 0.5 0.307597
0.402 0.549 0.282108
0.402 0.598 0.177812
0.402 0.647 0.140686
0.402 0.696 0.205841
0.402 0.745 0.223733
0.402 0.794 0.185364
0.402 0.843 0.251317
0.402 0.892 0.418049
0.402 0.941 0.749616
0.402 0.99 1.09709
0.451 0.01 1.57185
0.451 0.059 1.04825
0.451 0.108 0.492776
0.451 0.157 0.230126
0.451 0.206 0.212797
0.451 0.255 0.284596
0.451 0.304 0.265842
0.451 0.353 0.199827
0.451 0.402 0.296135
0.451 0.451 0.409031
0.451 0.5 0.424162
0.451 0.549 0.389014
0.451 0.598 0.245195
0.451 0.647 0.194
0.451 0.696 0.283845
0.451 0.745 0.308518
0.451 0.794 0.255608
0.451 0.843 0.346555
0.451 0.892 0.576471
0.451 0.941 1.03369
0.451 0.99 1.51284
0.5 0.01 1.76997
0.5 0.059 1.18037
0.5 0.108 0.554887
0.5 0.157 0.259131
0.5 0.206 0.239618
0.5 0.255 0.320467
0.5 0.304 0.299349
0.5 0.353 0.225013
0.5 0.402 0.333461
0.5 0.451 0.460586
0.5 0.5 0.477624
0.5 0.549 0.438046
0.5 0.598 0.2761
0.5 0.647 0.218452
0.5 0.696 0.319622
0.5 0.745 0.347405
0.5 0.794 0.287826
0.5 0.843 0.390236
0.5 0.892 0.649131
0.5 0.941 1.16397
0.5 0.99 1.70352
0.549 0.01 0.980986
0.549 0.059 0.654208
0.549 0.108 0.30754
0.549 0.157 0.143621
0.549 0.206 0.132806
0.549 0.255 0.177615
0.549 0.304 0.165911
0.549 0.353 0.124711
0.549 0.402 0.184817
0.549 0.451 0.255275
0.549 0.5 0.264718
0.549 0.549 0.242782
0.549 0.598 0.153025
0.549 0.647 0.121075
0.549 0.696 0.177147
0.549 0.745 0.192545
0.549 0.794 0.159524
0.549 0.843 0.216284
0.549 0.892 0.359774
0.549 0.941 0.64512
0.549 0.99 0.944157
0.598 0.01 0.536789
0.598 0.059 0.357978
0.598 0.108 0.168284
0.598 0.157 0.0785882
0.598 0.206 0.0726704
0.598 0.255 0.0971899
0.598 0.304 0.0907855
0.598 0.353 0.0682411
0.598 0.402 0.101131
0.598 0.451 0.139685
0.598 0.5 0.144852
0.598 0.549 0.132849
0.598 0.598 0.0837345
0.598 0.647 0.0662512
0.598 0.696 0.0969336
0.598 0.745 0.10536
0.598 0.794 0.0872906
0.598 0.843 0.118349
0.598 0.892 0.196866
0.598 0.941 0.353006
0.598 0.99 0.516636
0.647 0.01 1.13718
0.647 0.059 0.75837
0.647 0.108 0.356506
0.647 0.157 0.166488
0.647 0.206 0.153951
0.647 0.255 0.205895
0.647 0.304 0.192327
0.647 0.353 0.144568
0.647 0.402 0.214243
0.647 0.451 0.29592
0.647 0.5 0.306866
0.647 0.549 0.281438
0.647 0.598 0.17739
0.647 0.647 0.140352
0.647 0.696 0.205352
0.647 0.745 0.223202
0.647 0.794 0.184924
0.647 0.843 0.250721
0.647 0.892 0.417057
0.647 0.941 0.747836
0.647 0.99 1.09448
0.696 0.01 1.99606
0.696 0.059 1.33115
0.696 0.108 0.625768
0.696 0.157 0.292232
0.696 0.206 0.270227
0.696 0.255 0.361403
0.696 0.304 0.337588
0.696 0.353 0.253756
0.696 0.402 0.376057
0.696 0.451 0.519422
0.696 0.5 0.538636
0.696 0.549 0.494002
0.696 0.598 0.311369
0.696 0.647 0.246357
0.696 0.696 0.36045
0.696 0.745 0.391782
0.696 0.794 0.324592
0.696 0.843 0.440085
0.696 0.892 0.732051
0.696 0.941 1.31266
0.696 0.99 1.92113
0.745 0.01 2.06634
0.745 0.059 1.37802
0.745 0.108 0.647799
0.745 0.157 0.302521
0.745 0.206 0.27974
0.745 0.255 0.374127
0.745 0.304 0.349474
0.745 0.353 0.26269
0.745 0.402 0.389296
0.745 0.451 0.537709
0.745 0.5 0.5576
0.745 0.549 0.511394
0.745 0.598 0.322331
0.745 0.647 0.25503
0.745 0.696 0.37314
0.745 0.745 0.405575
0.745 0.794 0.33602
0.745 0.843 0.455579
0.745 0.892 0.757824
0.745 0.941 1.35887
0.745 0.99 1.98876
0.794 0.01 1.69868
0.794 0.059 1.13283
0.794 0.108 0.53254
0.794 0.157 0.248695
0.794 0.206 0.229968
0.794 0.255 0.30756
0.794 0.304 0.287293
0.794 0.353 0.215951
0.794 0.402 0.320031
0.794 0.451 0.442037
0.794 0.5 0.458389
0.794 0.549 0.420404
0.794 0.598 0.26498
0.794 0.647 0.209654
0.794 0.696 0.306749
0.794 0.745 0.333413
0.794 0.794 0.276234
0.794 0.843 0.37452
0.794 0.892 0.622988
0.794 0.941 1.1171
0.794 0.99 1.63491
0.843 0.01 3.21854
0.843 0.059 2.1464
0.843 0.108 1.00901
0.843 0.157 0.471208
0.843 0.206 0.435725
0.843 0.255 0.582741
0.843 0.304 0.544341
0.843 0.353 0.409167
0.843 0.402 0.606369
0.843 0.451 0.837537
0.843 0.5 0.868519
0.843 0.549 0.796549
0.843 0.598 0.502064
0.843 0.647 0.397236
0.843 0.696 0.581204
0.843 0.745 0.631725
0.843 0.794 0.523386
0.843 0.843 0.709611
0.843 0.892 1.18039
0.843 0.941 2.11659
0.843 0.99 3.0977
0.892 0.01 7.89313
0.892 0.059 5.26383
0.892 0.108 2.47451
0.892 0.157 1.15559
0.892 0.206 1.06857
0.892 0.255 1.42911
0.892 0.304 1.33494
0.892 0.353 1.00344
0.892 0.402 1.48706
0.892 0.451 2.05397
0.892 0.5 2.12995
0.892 0.549 1.95346
0.892 0.598 1.23126
0.892 0.647 0.974181
0.892 0.696 1.42534
0.892 0.745 1.54924
0.892 0.794 1.28355
0.892 0.843 1.74025
0.892 0.892 2.89478
0.892 0.941 5.19072
0.892 0.99 7.5968
0.941 0.01 17.5461
0.941 0.059 11.7013
0.941 0.108 5.50071
0.941 0.157 2.56882
0.941 0.206 2.37538
0.941 0.255 3.17685
0.941 0.304 2.96751
0.941 0.353 2.2306
0.941 0.402 3.30566
0.941 0.451 4.56589
0.941 0.5 4.73479
0.941 0.549 4.34244
0.941 0.598 2.73703
0.941 0.647 2.16556
0.941 0.696 3.16847
0.941 0.745 3.44389
0.941 0.794 2.85327
0.941 0.843 3.86849
0.941 0.892 6.43497
0.941 0.941 11.5387
0.941 0.99 16.8873
0.99 0.01 27.1389
0.99 0.059 18.0986
0.99 0.108 8.50808
0.99 0.157 3.97326
0.99 0.206 3.67406
0.99 0.255 4.91372
0.99 0.304 4.58992
0.99 0.353 3.45013
0.99 0.402 5.11295
0.99 0.451 7.06217
0.99 0.5 7.32341
0.99 0.549 6.71656
0.99 0.598 4.23344
0.99 0.647 3.34952
0.99 0.696 4.90076
0.99 0.745 5.32676
0.99 0.794 4.41323
0.99 0.843 5.98349
0.99 0.892 9.95312
0.99 0.941 17.8472
0.99 0.99 26.12
