0.01 0.01 0.00213458
0.01 0.059 0.00125209
0.01 0.108 0.000568402
0.01 0.157 0.000444102
0.01 0.206 0.000339576
0.01 0.255 0.000399832
0.01 0.304 0.00071476
0.01 0.353 0.000929227
0.01 0.402 0.00097293
0.01 0.451 0.00112485
0.01 0.5 0.0012177
0.01 0.549 0.000915687
0.01 0.598 0.000443193
0.01 0.647 0.000238431
0.01 0.696 0.000249856
0.01 0.745 0.000335334
0.01 0.794 0.000358077
0.01 0.843 0.000200133
0.01 0.892 0.000231319
0.01 0.941 0.000719956
0.01 0.99 0.001243
0.059 0.01 0.0333325
0.059 0.059 0.019552
0.059 0.108 0.00887588
0.059 0.157 0.00693487
0.059 0.206 0.00530265
0.059 0.255 0.00624357
0.059 0.304 0.0111613
0.059 0.353 0.0145103
0.059 0.402 0.0151928
0.059 0.451 0.0175651
0.059 0.5 0.019015
0.059 0.549 0.0142989
0.059 0.598 0.00692068
0.059 0.647 0.00372321
0.059 0.696 0.00390163
0.059 0.745 0.00523641
0.059 0.794 0.00559155
0.059 0.843 0.00312517
0.059 0.892 0.00361217
0.059 0.941 0.0112425
0.059 0.99 0.0194101
0.108 0.01 0.246058
0.108 0.059 0.144331
0.108 0.108 0.065521
0.108 0.157 0.0511927
0.108 0.206 0.0391437
0.108 0.255 0.0460895
0.108 0.304 0.0823921
0.108 0.353 0.107114
0.108 0.402 0.112152
0.108 0.451 0.129664
0.108 0.5 0.140367
0.108 0.549 0.105553
0.108 0.598 0.0510879
0.108 0.647 0.0274845
0.108 0.696 0.0288015
0.108 0.745 0.0386547
0.108 0.794 0.0412763
0.108 0.843 0.0230697
0.108 0.892 0.0266647
0.108 0.941 0.082991
0.108 0.99 0.143284
0.157 0.01 0.731056
0.157 0.059 0.428818
0.157 0.108 0.194667
0.157 0.157 0.152097
0.157 0.206 0.116299
0.157 0.255 0.136935
0.157 0.304 0.244793
0.157 0.353 0.318244
0.157 0.402 0.333211
0.157 0.451 0.38524
0.157 0.5 0.417041
0.157 0.549 0.313607
0.157 0.598 0.151786
0.157 0.647 0.0816583
0.157 0.696 0.0855713
0.157 0.745 0.114846
0.157 0.794 0.122635
0.157 0.843 0.0685418
0.157 0.892 0.0792228
0.157 0.941 0.246572
0.157 0.99 0.425706
0.206 0.01 1.14106
0.206 0.059 0.669318
0.206 0.108 0.303845
0.206 0.157 0.2374
0.206 0.206 0.181524
0.206 0.255 0.213734
0.206 0.304 0.382083
0.206 0.353 0.496729
0.206 0.402 0.520091
0.206 0.451 0.6013
0.206 0.5 0.650936
0.206 0.549 0.489491
0.206 0.598 0.236914
0.206 0.647 0.127456
0.206 0.696 0.133563
0.206 0.745 0.179257
0.206 0.794 0.191414
0.206 0.843 0.106983
0.206 0.892 0.123654
0.206 0.941 0.384861
0.206 0.99 0.664461
0.255 0.01 1.77522
0.255 0.059 1.0413
0.255 0.108 0.47271
0.255 0.157 0.369337
0.255 0.206 0.282408
0.255 0.255 0.332519
0.255 0.304 0.594429
0.255 0.353 0.772791
0.255 0.402 0.809136
0.255 0.451 0.935478
0.255 0.5 1.0127
0.255 0.549 0.76153
0.255 0.598 0.368581
0.255 0.647 0.198291
0.255 0.696 0.207792
0.255 0.745 0.27888
0.255 0.794 0.297794
0.255 0.843 0.16644
0.255 0.892 0.192376
0.255 0.941 0.598751
0.255 0.99 1.03374
0.304 0.01 2.72647
0.304 0.059 1.59928
0.304 0.108 0.726012
0.304 0.157 0.567246
0.304 0.206 0.433736
0.304 0.255 0.5107
0.304 0.304 0.912954
0.304 0.353 1.18689
0.304 0.402 1.24271
0.304 0.451 1.43675
0.304 0.5 1.55535
0.304 0.549 1.1696
0.304 0.598 0.566084
0.304 0.647 0.304544
0.304 0.696 0.319138
0.304 0.745 0.428318
0.304 0.794 0.457367
0.304 0.843 0.255627
0.304 0.892 0.295461
0.304 0.941 0.919591
0.304 0.99 1.58767
0.353 0.01 3.09483
0.353 0.059 1.81535
0.353 0.108 0.824101
0.353 0.157 0.643884
0.353 0.206 0.492336
0.353 0.255 0.579698
0.353 0.304 1.0363
0.353 0.353 1.34725
0.353 0.402 1.41061
0.353 0.451 1.63087
0.353 0.5 1.76549
0.353 0.549 1.32762
0.353 0.598 0.642566
0.353 0.647 0.34569
0.353 0.696 0.362255
0.353 0.745 0.486186
0.353 0.794 0.51916
0.353 0.843 0.290163
0.353 0.892 0.33538
0.353 0.941 1.04383
0.353 0.99 1.80217
0.402 0.01 2.44521
0.402 0.059 1.4343
0.402 0.108 0.651117
0.402 0.157 0.508729
0.402 0.206 0.388992
0.402 0.255 0.458016
0.402 0.304 0.818774
0.402 0.353 1.06445
0.402 0.402 1.11451
0.402 0.451 1.28854
0.402 0.5 1.39491
0.402 0.549 1.04894
0.402 0.598 0.507687
0.402 0.647 0.273128
0.402 0.696 0.286216
0.402 0.745 0.384133
0.402 0.794 0.410185
0.402 0.843 0.229256
0.402 0.892 0.264982
0.402 0.941 0.824726
0.402 0.99 1.42389
0.451 0.01 2.10532
0.451 0.059 1.23492
0.451 0.108 0.56061
0.451 0.157 0.438014
0.451 0.206 0.334921
0.451 0.255 0.394351
0.451 0.304 0.704962
0.451 0.353 0.916489
0.451 0.402 0.959593
0.451 0.451 1.10943
0.451 0.5 1.20101
0.451 0.549 0.903135
0.451 0.598 0.437117
0.451 0.647 0.235162
0.451 0.696 0.246431
0.451 0.745 0.330737
0.451 0.794 0.353168
0.451 0.843 0.197389
0.451 0.892 0.228148
0.451 0.941 0.710087
0.451 0.99 1.22596
0.5 0.01 2.34881
0.5 0.059 1.37775
0.5 0.108 0.625447
0.5 0.157 0.488672
0.5 0.206 0.373656
0.5 0.255 0.439959
0.5 0.304 0.786495
0.5 0.353 1.02249
0.5 0.402 1.07057
0.5 0.451 1.23774
0.5 0.5 1.33991
0.5 0.549 1.00759
0.5 0.598 0.487672
0.5 0.647 0.26236
0.5 0.696 0.274932
0.5 0.745 0.368989
0.5 0.794 0.394014
0.5 0.843 0.220218
0.5 0.892 0.254535
0.5 0.941 0.792212
0.5 0.99 1.36775
0.549 0.01 1.92772
0.549 0.059 1.13075
0.549 0.108 0.513318
0.549 0.157 0.401064
0.549 0.206 0.306668
0.549 0.255 0.361084
0.549 0.304 0.645494
0.549 0.353 0.839177
0.549 0.402 0.878645
0.549 0.451 1.01584
0.549 0.5 1.0997
0.549 0.549 0.826949
0.549 0.598 0.400243
0.549 0.647 0.215325
0.549 0.696 0.225643
0.549 0.745 0.302837
0.549 0.794 0.323376
0.549 0.843 0.180738
0.549 0.892 0.208902
0.549 0.941 0.650186
0.549 0.99 1.12254
0.598 0.01 1.90037
0.598 0.059 1.11471
0.598 0.108 0.506036
0.598 0.157 0.395375
0.598 0.206 0.302317
0.598 0.255 0.355962
0.598 0.304 0.636336
0.598 0.353 0.827271
0.598 0.402 0.866179
0.598 0.451 1.00143
0.598 0.5 1.08409
0.598 0.549 0.815217
0.598 0.598 0.394565
0.598 0.647 0.21227
0.598 0.696 0.222442
0.598 0.745 0.298541
0.598 0.794 0.318788
0.598 0.843 0.178174
0.598 0.892 0.205939
0.598 0.941 0.640962
0.598 0.99 1.10662
0.647 0.01 2.26581
0.647 0.059 1.32906
0.647 0.108 0.603345
0.647 0.157 0.471404
0.647 0.206 0.360452
0.647 0.255 0.424412
0.647 0.304 0.758702
0.647 0.353 0.986353
0.647 0.402 1.03274
0.647 0.451 1.194
0.647 0.5 1.29256
0.647 0.549 0.971981
0.647 0.598 0.470439
0.647 0.647 0.253089
0.647 0.696 0.265217
0.647 0.745 0.355949
0.647 0.794 0.38009
0.647 0.843 0.212436
0.647 0.892 0.24554
0.647 0.941 0.764217
0.647 0.99 1.31942
0.696 0.01 1.78982
0.696 0.059 1.04986
0.696 0.108 0.476597
0.696 0.157 0.372373
0.696 0.206 0.28473
0.696 0.255 0.335253
0.696 0.304 0.599316
0.696 0.353 0.779144
0.696 0.402 0.815788
0.696 0.451 0.943168
0.696 0.5 1.02103
0.696 0.549 0.767791
0.696 0.598 0.371611
0.696 0.647 0.199921
0.696 0.696 0.209501
0.696 0.745 0.281173
0.696 0.794 0.300242
0.696 0.843 0.167808
0.696 0.892 0.193958
0.696 0.941 0.603673
0.696 0.99 1.04224
0.745 0.01 1.77193
0.745 0.059 1.03936
0.745 0.108 0.471833
0.745 0.157 0.368651
0.745 0.206 0.281884
0.745 0.255 0.331902
0.745 0.304 0.593326
0.745 0.353 0.771356
0.745 0.402 0.807634
0.745 0.451 0.933741
0.745 0.5 1.01082
0.745 0.549 0.760117
0.745 0.598 0.367897
0.745 0.647 0.197923
0.745 0.696 0.207407
0.745 0.745 0.278363
0.745 0.794 0.297241
0.745 0.843 0.166131
0.745 0.892 0.192019
0.745 0.941 0.597639
0.745 0.99 1.03182
0.794 0.01 3.57249
0.794 0.059 2.09553
0.794 0.108 0.951292
0.794 0.157 0.743261
0.794 0.206 0.568323
0.794 0.255 0.669169
0.794 0.304 1.19624
0.794 0.353 1.55518
0.794 0.402 1.62832
0.794 0.451 1.88257
0.794 0.5 2.03798
0.794 0.549 1.53252
0.794 0.598 0.741739
0.794 0.647 0.399044
0.794 0.696 0.418166
0.794 0.745 0.561224
0.794 0.794 0.599286
0.794 0.843 0.334947
0.794 0.892 0.387142
0.794 0.941 1.20494
0.794 0.99 2.08032
0.843 0.01 7.08938
0.843 0.059 4.15844
0.843 0.108 1.88778
0.843 0.157 1.47495
0.843 0.206 1.1278
0.843 0.255 1.32792
0.843 0.304 2.37387
0.843 0.353 3.08615
0.843 0.402 3.2313
0.843 0.451 3.73585
0.843 0.5 4.04424
0.843 0.549 3.04119
0.843 0.598 1.47193
0.843 0.647 0.791877
0.843 0.696 0.829823
0.843 0.745 1.11371
0.843 0.794 1.18925
0.843 0.843 0.664681
0.843 0.892 0.768259
0.843 0.941 2.39112
0.843 0.99 4.12826
0.892 0.01 9.65725
0.892 0.059 5.66469
0.892 0.108 2.57156
0.892 0.157 2.0092
0.892 0.206 1.53631
0.892 0.255 1.80891
0.892 0.304 3.23371
0.892 0.353 4.204
0.892 0.402 4.40172
0.892 0.451 5.08902
0.892 0.5 5.50911
0.892 0.549 4.14274
0.892 0.598 2.00509
0.892 0.647 1.07871
0.892 0.696 1.1304
0.892 0.745 1.51712
0.892 0.794 1.62001
0.892 0.843 0.905438
0.892 0.892 1.04653
0.892 0.941 3.25722
0.892 0.99 5.62358
0.941 0.01 9.77917
0.941 0.059 5.73621
0.941 0.108 2.60402
0.941 0.157 2.03457
0.941 0.206 1.5557
0.941 0.255 1.83175
0.941 0.304 3.27454
0.941 0.353 4.25708
0.941 0.402 4.4573
0.941 0.451 5.15327
0.941 0.5 5.57867
0.941 0.549 4.19505
0.941 0.598 2.0304
0.941 0.647 1.09232
0.941 0.696 1.14467
0.941 0.745 1.53627
0.941 0.794 1.64046
0.941 0.843 0.916869
0.941 0.892 1.05975
0.941 0.941 3.29834
0.941 0.99 5.69458
0.99 0.01 10.163
0.99 0.059 5.96137
0.99 0.108 2.70624
0.99 0.157 2.11443
0.99 0.206 1.61677
0.99 0.255 1.90365
0.99 0.304 3.40307
0.99 0.353 4.42418
0.99 0.402 4.63226
0.99 0.451 5.35555
0.99 0.5 5.79765
0.99 0.549 4.35972
0.99 0.598 2.1101
0.99 0.647 1.1352
0.99 0.696 1.1896
0.99 0.745 1.59657
0.99 0.794 1.70485
0.99 0.843 0.952859
0.99 0.892 1.10134
0.99 0.941 3.42781
0.99 0.99 5.91811
