0.01 0.01 6.20854e-84
0.01 0.059 1.02524e-75
0.01 0.108 6.4816e-68
0.01 0.157 1.56845e-60
0.01 0.206 1.45275e-53
0.01 0.255 5.15043e-47
0.01 0.304 6.98924e-41
0.01 0.353 3.63035e-35
0.01 0.402 7.21772e-30
0.01 0.451 5.49269e-25
0.01 0.5 1.59994e-20
0.01 0.549 1.78383e-16
0.01 0.598 7.61266e-13
0.01 0.647 1.24352e-09
0.01 0.696 7.77505e-07
0.01 0.745 0.000186074
0.01 0.794 0.0170452
0.01 0.843 0.597657
0.01 0.892 8.02111
0.01 0.941 41.205
0.01 0.99 81.0213
0.059 0.01 4.19806e-84
0.059 0.059 6.93244e-76
0.059 0.108 4.3827e-68
0.059 0.157 1.06055e-60
0.059 0.206 9.82313e-54
0.059 0.255 3.4826e-47
0.059 0.304 4.72595e-41
0.059 0.353 2.45475e-35
0.059 0.402 4.88045e-30
0.059 0.451 3.71402e-25
0.059 0.5 1.08184e-20
0.059 0.549 1.20618e-16
0.059 0.598 5.14749e-13
0.059 0.647 8.40838e-10
0.059 0.696 5.2573e-07
0.059 0.745 0.000125819
0.059 0.794 0.0115255
0.059 0.843 0.404121
0.059 0.892 5.42367
0.059 0.941 27.8618
0.059 0.99 54.7846
0.108 0.01 2.10714e-84
0.108 0.059 3.47961e-76
0.108 0.108 2.19981e-68
0.108 0.157 5.32321e-61
0.108 0.206 4.93054e-54
0.108 0.255 1.74802e-47
0.108 0.304 2.3721e-41
0.108 0.353 1.23212e-35
0.108 0.402 2.44965e-30
0.108 0.451 1.86418e-25
0.108 0.5 5.43008e-21
0.108 0.549 6.0542e-17
0.108 0.598 2.58369e-13
0.108 0.647 4.22043e-10
0.108 0.696 2.6388e-07
0.108 0.745 6.31524e-05
0.108 0.794 0.00578503
0.108 0.843 0.202841
0.108 0.892 2.72231
0.108 0.941 13.9847
0.108 0.99 27.4981
0.157 0.01 1.10613e-84
0.157 0.059 1.8266e-76
0.157 0.108 1.15478e-68
0.157 0.157 2.79438e-61
0.157 0.206 2.58825e-54
0.157 0.255 9.17612e-48
0.157 0.304 1.24522e-41
0.157 0.353 6.46791e-36
0.157 0.402 1.28592e-30
0.157 0.451 9.78588e-26
0.157 0.5 2.85048e-21
0.157 0.549 3.1781e-17
0.157 0.598 1.35629e-13
0.157 0.647 2.21548e-10
0.157 0.696 1.38522e-07
0.157 0.745 3.31514e-05
0.157 0.794 0.00303681
0.157 0.843 0.10648
0.157 0.892 1.42906
0.157 0.941 7.34117
0.157 0.99 14.4349
0.206 0.01 7.80766e-85
0.206 0.059 1.28931e-76
0.206 0.108 8.15106e-69
0.206 0.157 1.97243e-61
0.206 0.206 1.82693e-54
0.206 0.255 6.47702e-48
0.206 0.304 8.78944e-42
0.206 0.353 4.56541e-36
0.206 0.402 9.07678e-31
0.206 0.451 6.90743e-26
0.206 0.5 2.01203e-21
0.206 0.549 2.24328e-17
0.206 0.598 9.57344e-14
0.206 0.647 1.56381e-10
0.206 0.696 9.77765e-08
0.206 0.745 2.34001e-05
0.206 0.794 0.00214355
0.206 0.843 0.0751594
0.206 0.892 1.00871
0.206 0.941 5.18181
0.206 0.99 10.189
0.255 0.01 8.33279e-85
0.255 0.059 1.37603e-76
0.255 0.108 8.69928e-69
0.255 0.157 2.10509e-61
0.255 0.206 1.94981e-54
0.255 0.255 6.91265e-48
0.255 0.304 9.3806e-42
0.255 0.353 4.87247e-36
0.255 0.402 9.68726e-31
0.255 0.451 7.372e-26
0.255 0.5 2.14735e-21
0.255 0.549 2.39416e-17
0.255 0.598 1.02173e-13
0.255 0.647 1.66899e-10
0.255 0.696 1.04353e-07
0.255 0.745 2.49739e-05
0.255 0.794 0.00228772
0.255 0.843 0.0802144
0.255 0.892 1.07655
0.255 0.941 5.53033
0.255 0.99 10.8743
0.304 0.01 6.20513e-85
0.304 0.059 1.02468e-76
0.304 0.108 6.47804e-69
0.304 0.157 1.56759e-61
0.304 0.206 1.45195e-54
0.304 0.255 5.1476e-48
0.304 0.304 6.9854e-42
0.304 0.353 3.62836e-36
0.304 0.402 7.21376e-31
0.304 0.451 5.48967e-26
0.304 0.5 1.59906e-21
0.304 0.549 1.78285e-17
0.304 0.598 7.60848e-14
0.304 0.647 1.24284e-10
0.304 0.696 7.77078e-08
0.304 0.745 1.85972e-05
0.304 0.794 0.00170358
0.304 0.843 0.0597328
0.304 0.892 0.80167
0.304 0.941 4.11824
0.304 0.99 8.09768
0.353 0.01 2.2562e-85
0.353 0.059 3.72576e-77
0.353 0.108 2.35543e-69
0.353 0.157 5.69978e-62
0.353 0.206 5.27933e-55
0.353 0.255 1.87168e-48
0.353 0.304 2.53991e-42
0.353 0.353 1.31928e-36
0.353 0.402 2.62294e-31
0.353 0.451 1.99606e-26
0.353 0.5 5.81421e-22
0.353 0.549 6.48248e-18
0.353 0.598 2.76646e-14
0.353 0.647 4.51899e-11
0.353 0.696 2.82547e-08
0.353 0.745 6.76199e-06
0.353 0.794 0.000619428
0.353 0.843 0.021719
0.353 0.892 0.291489
0.353 0.941 1.4974
0.353 0.99 2.94434
0.402 0.01 1.30292e-85
0.402 0.059 2.15157e-77
0.402 0.108 1.36023e-69
0.402 0.157 3.29154e-62
0.402 0.206 3.04874e-55
0.402 0.255 1.08087e-48
0.402 0.304 1.46676e-42
0.402 0.353 7.61865e-37
0.402 0.402 1.51471e-31
0.402 0.451 1.15269e-26
0.402 0.5 3.35762e-22
0.402 0.549 3.74354e-18
0.402 0.598 1.59759e-14
0.402 0.647 2.60965e-11
0.402 0.696 1.63167e-08
0.402 0.745 3.90495e-06
0.402 0.794 0.00035771
0.402 0.843 0.0125424
0.402 0.892 0.168331
0.402 0.941 0.864728
0.402 0.99 1.70031
0.451 0.01 2.80077e-85
0.451 0.059 4.62504e-77
0.451 0.108 2.92395e-69
0.451 0.157 7.07552e-62
0.451 0.206 6.55358e-55
0.451 0.255 2.32344e-48
0.451 0.304 3.15295e-42
0.451 0.353 1.63771e-36
0.451 0.402 3.25603e-31
0.451 0.451 2.47784e-26
0.451 0.5 7.21756e-22
0.451 0.549 8.04713e-18
0.451 0.598 3.43419e-14
0.451 0.647 5.60972e-11
0.451 0.696 3.50745e-08
0.451 0.745 8.3941e-06
0.451 0.794 0.000768936
0.451 0.843 0.0269612
0.451 0.892 0.361845
0.451 0.941 1.85882
0.451 0.99 3.655
0.5 0.01 3.69646e-85
0.5 0.059 6.10412e-77
0.5 0.108 3.85903e-69
0.5 0.157 9.33826e-62
0.5 0.206 8.64941e-55
0.5 0.255 3.06648e-48
0.5 0.304 4.16127e-42
0.5 0.353 2.16145e-36
0.5 0.402 4.2973e-31
0.5 0.451 3.27025e-26
0.5 0.5 9.52573e-22
0.5 0.549 1.06206e-17
0.5 0.598 4.53244e-14
0.5 0.647 7.40371e-11
0.5 0.696 4.62913e-08
0.5 0.745 1.10785e-05
0.5 0.794 0.00101484
0.5 0.843 0.0355834
0.5 0.892 0.477562
0.5 0.941 2.45327
0.5 0.99 4.82386
0.549 0.01 4.95086e-85
0.549 0.059 8.17558e-77
0.549 0.108 5.16861e-69
0.549 0.157 1.25072e-61
0.549 0.206 1.15846e-54
0.549 0.255 4.1071e-48
0.549 0.304 5.57341e-42
0.549 0.353 2.89494e-36
0.549 0.402 5.75561e-31
0.549 0.451 4.38002e-26
0.549 0.5 1.27583e-21
0.549 0.549 1.42247e-17
0.549 0.598 6.07055e-14
0.549 0.647 9.91618e-11
0.549 0.696 6.20004e-08
0.549 0.745 1.48381e-05
0.549 0.794 0.00135923
0.549 0.843 0.0476588
0.549 0.892 0.639625
0.549 0.941 3.2858
0.549 0.99 6.46086
0.598 0.01 6.33293e-85
0.598 0.059 1.04579e-76
0.598 0.108 6.61147e-69
0.598 0.157 1.59987e-61
0.598 0.206 1.48186e-54
0.598 0.255 5.25363e-48
0.598 0.304 7.12927e-42
0.598 0.353 3.70309e-36
0.598 0.402 7.36234e-31
0.598 0.451 5.60274e-26
0.598 0.5 1.63199e-21
0.598 0.549 1.81957e-17
0.598 0.598 7.76519e-14
0.598 0.647 1.26844e-10
0.598 0.696 7.93083e-08
0.598 0.745 1.89802e-05
0.598 0.794 0.00173867
0.598 0.843 0.0609631
0.598 0.892 0.818182
0.598 0.941 4.20306
0.598 0.99 8.26446
0.647 0.01 3.78626e-85
0.647 0.059 6.25241e-77
0.647 0.108 3.95278e-69
0.647 0.157 9.56513e-62
0.647 0.206 8.85954e-55
0.647 0.255 3.14097e-48
0.647 0.304 4.26236e-42
0.647 0.353 2.21396e-36
0.647 0.402 4.4017e-31
0.647 0.451 3.3497e-26
0.647 0.5 9.75715e-22
0.647 0.549 1.08786e-17
0.647 0.598 4.64256e-14
0.647 0.647 7.58357e-11
0.647 0.696 4.74159e-08
0.647 0.745 1.13477e-05
0.647 0.794 0.0010395
0.647 0.843 0.0364479
0.647 0.892 0.489164
0.647 0.941 2.51287
0.647 0.99 4.94106
0.696 0.01 9.99495e-86
0.696 0.059 1.65051e-77
0.696 0.108 1.04345e-69
0.696 0.157 2.525e-62
0.696 0.206 2.33874e-55
0.696 0.255 8.29153e-49
0.696 0.304 1.12518e-42
0.696 0.353 5.84439e-37
0.696 0.402 1.16196e-31
0.696 0.451 8.84251e-27
0.696 0.5 2.57569e-22
0.696 0.549 2.87173e-18
0.696 0.598 1.22554e-14
0.696 0.647 2.00191e-11
0.696 0.696 1.25168e-08
0.696 0.745 2.99555e-06
0.696 0.794 0.000274406
0.696 0.843 0.00962149
0.696 0.892 0.129129
0.696 0.941 0.663347
0.696 0.99 1.30434
0.745 0.01 1.01623e-85
0.745 0.059 1.67814e-77
0.745 0.108 1.06092e-69
0.745 0.157 2.56727e-62
0.745 0.206 2.3779e-55
0.745 0.255 8.43036e-49
0.745 0.304 1.14402e-42
0.745 0.353 5.94225e-37
0.745 0.402 1.18141e-31
0.745 0.451 8.99056e-27
0.745 0.5 2.61881e-22
0.745 0.549 2.91981e-18
0.745 0.598 1.24606e-14
0.745 0.647 2.03543e-11
0.745 0.696 1.27264e-08
0.745 0.745 3.04571e-06
0.745 0.794 0.000279
0.745 0.843 0.00978259
0.745 0.892 0.131291
0.745 0.941 0.674454
0.745 0.99 1.32618
0.794 0.01 3.29391e-85
0.794 0.059 5.43938e-77
0.794 0.108 3.43878e-69
0.794 0.157 8.32132e-62
0.794 0.206 7.70748e-55
0.794 0.255 2.73254e-48
0.794 0.304 3.7081e-42
0.794 0.353 1.92606e-36
0.794 0.402 3.82932e-31
0.794 0.451 2.91411e-26
0.794 0.5 8.48837e-22
0.794 0.549 9.464e-18
0.794 0.598 4.03886e-14
0.794 0.647 6.59744e-11
0.794 0.696 4.12501e-08
0.794 0.745 9.87207e-06
0.794 0.794 0.000904324
0.794 0.843 0.0317083
0.794 0.892 0.425556
0.794 0.941 2.18611
0.794 0.99 4.29854
0.843 0.01 6.59017e-85
0.843 0.059 1.08826e-76
0.843 0.108 6.88001e-69
0.843 0.157 1.66486e-61
0.843 0.206 1.54205e-54
0.843 0.255 5.46702e-48
0.843 0.304 7.41885e-42
0.843 0.353 3.8535e-36
0.843 0.402 7.66138e-31
0.843 0.451 5.83031e-26
0.843 0.5 1.69828e-21
0.843 0.549 1.89348e-17
0.843 0.598 8.08059e-14
0.843 0.647 1.31996e-10
0.843 0.696 8.25296e-08
0.843 0.745 1.97512e-05
0.843 0.794 0.00180929
0.843 0.843 0.0634393
0.843 0.892 0.851415
0.843 0.941 4.37378
0.843 0.99 8.60015
0.892 0.01 1.17193e-84
0.892 0.059 1.93527e-76
0.892 0.108 1.22348e-68
0.892 0.157 2.96063e-61
0.892 0.206 2.74223e-54
0.892 0.255 9.72205e-48
0.892 0.304 1.3193e-41
0.892 0.353 6.85271e-36
0.892 0.402 1.36243e-30
0.892 0.451 1.03681e-25
0.892 0.5 3.02006e-21
0.892 0.549 3.36718e-17
0.892 0.598 1.43698e-13
0.892 0.647 2.34729e-10
0.892 0.696 1.46763e-07
0.892 0.745 3.51237e-05
0.892 0.794 0.00321748
0.892 0.843 0.112815
0.892 0.892 1.51408
0.892 0.941 7.77793
0.892 0.99 15.2937
0.941 0.01 2.61126e-84
0.941 0.059 4.31209e-76
0.941 0.108 2.72611e-68
0.941 0.157 6.59676e-61
0.941 0.206 6.11014e-54
0.941 0.255 2.16623e-47
0.941 0.304 2.93962e-41
0.941 0.353 1.5269e-35
0.941 0.402 3.03571e-30
0.941 0.451 2.31018e-25
0.941 0.5 6.72919e-21
0.941 0.549 7.50263e-17
0.941 0.598 3.20182e-13
0.941 0.647 5.23015e-10
0.941 0.696 3.27012e-07
0.941 0.745 7.82613e-05
0.941 0.794 0.00716907
0.941 0.843 0.251369
0.941 0.892 3.37361
0.941 0.941 17.3305
0.941 0.99 34.0769
0.99 0.01 4.35378e-84
0.99 0.059 7.1896e-76
0.99 0.108 4.54527e-68
0.99 0.157 1.09989e-60
0.99 0.206 1.01875e-53
0.99 0.255 3.61178e-47
0.99 0.304 4.90125e-41
0.99 0.353 2.54581e-35
0.99 0.402 5.06148e-30
0.99 0.451 3.85178e-25
0.99 0.5 1.12197e-20
0.99 0.549 1.25092e-16
0.99 0.598 5.33843e-13
0.99 0.647 8.72028e-10
0.99 0.696 5.45231e-07
0.99 0.745 0.000130486
0.99 0.794 0.0119531
0.99 0.843 0.419111
0.99 0.892 5.62486
0.99 0.941 28.8953
0.99 0.99 56.8168
