0.01 0.01 14.3199
0.01 0.059 8.8149
0.01 0.108 4.23568
0.01 0.157 2.22855
0.01 0.206 0.709547
0.01 0.255 0.26669
0.01 0.304 0.725794
0.01 0.353 1.13736
0.01 0.402 0.821498
0.01 0.451 1.04935
0.01 0.5 2.11331
0.01 0.549 1.88699
0.01 0.598 0.649957
0.01 0.647 0.113862
0.01 0.696 0.262559
0.01 0.745 0.978807
0.01 0.794 1.94647
0.01 0.843 2.91469
0.01 0.892 5.78859
0.01 0.941 18.8223
0.01 0.99 34.9302
0.059 0.01 7.89444
0.059 0.059 4.85959
0.059 0.108 2.3351
0.059 0.157 1.22858
0.059 0.206 0.391169
0.059 0.255 0.147024
0.059 0.304 0.400125
0.059 0.353 0.627016
0.059 0.402 0.452886
0.059 0.451 0.5785
0.059 0.5 1.16505
0.059 0.549 1.04029
0.059 0.598 0.358317
0.059 0.647 0.0627715
0.059 0.696 0.144747
0.059 0.745 0.539609
0.059 0.794 1.07308
0.059 0.843 1.60685
0.059 0.892 3.19121
0.059 0.941 10.3766
0.059 0.99 19.2568
0.108 0.01 2.43363
0.108 0.059 1.49807
0.108 0.108 0.719845
0.108 0.157 0.378737
0.108 0.206 0.120586
0.108 0.255 0.0453233
0.108 0.304 0.123347
0.108 0.353 0.193291
0.108 0.402 0.139612
0.108 0.451 0.178335
0.108 0.5 0.359153
0.108 0.549 0.32069
0.108 0.598 0.110459
0.108 0.647 0.0193507
0.108 0.696 0.0446214
0.108 0.745 0.166346
0.108 0.794 0.330799
0.108 0.843 0.495346
0.108 0.892 0.983758
0.108 0.941 3.19882
0.108 0.99 5.93631
0.157 0.01 1.20516
0.157 0.059 0.741863
0.157 0.108 0.356476
0.157 0.157 0.187555
0.157 0.206 0.0597156
0.157 0.255 0.0224446
0.157 0.304 0.0610829
0.157 0.353 0.0957201
0.157 0.402 0.0691374
0.157 0.451 0.0883136
0.157 0.5 0.177857
0.157 0.549 0.15881
0.157 0.598 0.0547005
0.157 0.647 0.00958267
0.157 0.696 0.022097
0.157 0.745 0.0823766
0.157 0.794 0.163816
0.157 0.843 0.245301
0.157 0.892 0.487168
0.157 0.941 1.58409
0.157 0.99 2.93973
0.206 0.01 1.42923
0.206 0.059 0.879793
0.206 0.108 0.422752
0.206 0.157 0.222426
0.206 0.206 0.0708181
0.206 0.255 0.0266176
0.206 0.304 0.0724396
0.206 0.353 0.113517
0.206 0.402 0.0819916
0.206 0.451 0.104733
0.206 0.5 0.210924
0.206 0.549 0.188336
0.206 0.598 0.0648706
0.206 0.647 0.0113643
0.206 0.696 0.0262054
0.206 0.745 0.0976922
0.206 0.794 0.194273
0.206 0.843 0.290908
0.206 0.892 0.577744
0.206 0.941 1.87861
0.206 0.99 3.48629
0.255 0.01 1.72681
0.255 0.059 1.06298
0.255 0.108 0.510775
0.255 0.157 0.268738
0.255 0.206 0.0855633
0.255 0.255 0.0321597
0.255 0.304 0.0875224
0.255 0.353 0.137152
0.255 0.402 0.0990633
0.255 0.451 0.12654
0.255 0.5 0.254842
0.255 0.549 0.22755
0.255 0.598 0.0783775
0.255 0.647 0.0137305
0.255 0.696 0.0316617
0.255 0.745 0.118033
0.255 0.794 0.234723
0.255 0.843 0.351479
0.255 0.892 0.698038
0.255 0.941 2.26976
0.255 0.99 4.21218
0.304 0.01 0.975198
0.304 0.059 0.600304
0.304 0.108 0.288454
0.304 0.157 0.151766
0.304 0.206 0.0483209
0.304 0.255 0.0181618
0.304 0.304 0.0494273
0.304 0.353 0.0774551
0.304 0.402 0.0559449
0.304 0.451 0.0714619
0.304 0.5 0.143919
0.304 0.549 0.128506
0.304 0.598 0.0442628
0.304 0.647 0.00775414
0.304 0.696 0.0178806
0.304 0.745 0.0666578
0.304 0.794 0.132557
0.304 0.843 0.198493
0.304 0.892 0.394209
0.304 0.941 1.28182
0.304 0.99 2.37878
0.353 0.01 0.217497
0.353 0.059 0.133885
0.353 0.108 0.0643335
0.353 0.157 0.0338483
0.353 0.206 0.0107769
0.353 0.255 0.00405061
0.353 0.304 0.0110237
0.353 0.353 0.0172747
0.353 0.402 0.0124773
0.353 0.451 0.015938
0.353 0.5 0.032098
0.353 0.549 0.0286605
0.353 0.598 0.00987186
0.353 0.647 0.00172939
0.353 0.696 0.00398787
0.353 0.745 0.0148666
0.353 0.794 0.029564
0.353 0.843 0.0442697
0.353 0.892 0.0879198
0.353 0.941 0.285883
0.353 0.99 0.530536
0.402 0.01 0.0519836
0.402 0.059 0.0319996
0.402 0.108 0.0153763
0.402 0.157 0.00809002
0.402 0.206 0.00257578
0.402 0.255 0.000968129
0.402 0.304 0.00263476
0.402 0.353 0.0041288
0.402 0.402 0.00298218
0.402 0.451 0.00380933
0.402 0.5 0.00767169
0.402 0.549 0.0068501
0.402 0.598 0.00235946
0.402 0.647 0.00041334
0.402 0.696 0.000953135
0.402 0.745 0.00355324
0.402 0.794 0.00706604
0.402 0.843 0.0105808
0.402 0.892 0.0210136
0.402 0.941 0.0683283
0.402 0.99 0.126803
0.451 0.01 0.251042
0.451 0.059 0.154535
0.451 0.108 0.074256
0.451 0.157 0.0390688
0.451 0.206 0.0124391
0.451 0.255 0.00467535
0.451 0.304 0.0127239
0.451 0.353 0.0199391
0.451 0.402 0.0144017
0.451 0.451 0.0183962
0.451 0.5 0.0370486
0.451 0.549 0.033081
0.451 0.598 0.0113944
0.451 0.647 0.00199613
0.451 0.696 0.00460294
0.451 0.745 0.0171595
0.451 0.794 0.0341238
0.451 0.843 0.0510976
0.451 0.892 0.10148
0.451 0.941 0.329976
0.451 0.99 0.612363
0.5 0.01 0.721434
0.5 0.059 0.444094
0.5 0.108 0.213393
0.5 0.157 0.112274
0.5 0.206 0.035747
0.5 0.255 0.0134358
0.5 0.304 0.0365654
0.5 0.353 0.0572999
0.5 0.402 0.041387
0.5 0.451 0.0528663
0.5 0.5 0.106469
0.5 0.549 0.0950665
0.5 0.598 0.0327448
0.5 0.647 0.00573637
0.5 0.696 0.0132277
0.5 0.745 0.0493122
0.5 0.794 0.0980633
0.5 0.843 0.146842
0.5 0.892 0.291629
0.5 0.941 0.948268
0.5 0.99 1.75978
0.549 0.01 0.915145
0.549 0.059 0.563337
0.549 0.108 0.270691
0.549 0.157 0.142421
0.549 0.206 0.0453453
0.549 0.255 0.0170434
0.549 0.304 0.0463836
0.549 0.353 0.0726854
0.549 0.402 0.0524998
0.549 0.451 0.0670613
0.549 0.5 0.135056
0.549 0.549 0.120593
0.549 0.598 0.0415371
0.549 0.647 0.00727664
0.549 0.696 0.0167795
0.549 0.745 0.062553
0.549 0.794 0.124394
0.549 0.843 0.18627
0.549 0.892 0.369933
0.549 0.941 1.20289
0.549 0.99 2.2323
0.598 0.01 1.094
0.598 0.059 0.673437
0.598 0.108 0.323596
0.598 0.157 0.170256
0.598 0.206 0.0542077
0.598 0.255 0.0203744
0.598 0.304 0.0554489
0.598 0.353 0.0868913
0.598 0.402 0.0627605
0.598 0.451 0.0801679
0.598 0.5 0.161452
0.598 0.549 0.144162
0.598 0.598 0.0496552
0.598 0.647 0.0086988
0.598 0.696 0.0200589
0.598 0.745 0.0747785
0.598 0.794 0.148706
0.598 0.843 0.222675
0.598 0.892 0.442234
0.598 0.941 1.43798
0.598 0.99 2.66858
0.647 0.01 1.67289
0.647 0.059 1.02978
0.647 0.108 0.494825
0.647 0.157 0.260346
0.647 0.206 0.0828914
0.647 0.255 0.0311555
0.647 0.304 0.0847894
0.647 0.353 0.132869
0.647 0.402 0.0959699
0.647 0.451 0.122588
0.647 0.5 0.246884
0.647 0.549 0.220444
0.647 0.598 0.07593
0.647 0.647 0.0133017
0.647 0.696 0.0306729
0.647 0.745 0.114347
0.647 0.794 0.227393
0.647 0.843 0.340503
0.647 0.892 0.67624
0.647 0.941 2.19888
0.647 0.99 4.08065
0.696 0.01 1.30913
0.696 0.059 0.805861
0.696 0.108 0.387227
0.696 0.157 0.203735
0.696 0.206 0.0648671
0.696 0.255 0.0243809
0.696 0.304 0.0663523
0.696 0.353 0.103977
0.696 0.402 0.0751017
0.696 0.451 0.0959321
0.696 0.5 0.1932
0.696 0.549 0.172509
0.696 0.598 0.0594193
0.696 0.647 0.0104093
0.696 0.696 0.0240033
0.696 0.745 0.0894829
0.696 0.794 0.177947
0.696 0.843 0.266462
0.696 0.892 0.529195
0.696 0.941 1.72074
0.696 0.99 3.19333
0.745 0.01 0.429152
0.745 0.059 0.264173
0.745 0.108 0.126939
0.745 0.157 0.0667873
0.745 0.206 0.0212644
0.745 0.255 0.00799241
0.745 0.304 0.0217513
0.745 0.353 0.0340854
0.745 0.402 0.0246194
0.745 0.451 0.031448
0.745 0.5 0.0633338
0.745 0.549 0.0565512
0.745 0.598 0.0194785
0.745 0.647 0.00341233
0.745 0.696 0.00786863
0.745 0.745 0.0293338
0.745 0.794 0.0583338
0.745 0.843 0.0873503
0.745 0.892 0.173478
0.745 0.941 0.564086
0.745 0.99 1.04682
0.794 0.01 0.289584
0.794 0.059 0.17826
0.794 0.108 0.0856564
0.794 0.157 0.045067
0.794 0.206 0.0143489
0.794 0.255 0.00539315
0.794 0.304 0.0146774
0.794 0.353 0.0230003
0.794 0.402 0.0166128
0.794 0.451 0.0212206
0.794 0.5 0.0427366
0.794 0.549 0.0381598
0.794 0.598 0.0131438
0.794 0.647 0.00230259
0.794 0.696 0.00530962
0.794 0.745 0.019794
0.794 0.794 0.0393627
0.794 0.843 0.0589425
0.794 0.892 0.11706
0.794 0.941 0.380636
0.794 0.99 0.706378
0.843 0.01 1.08118
0.843 0.059 0.665546
0.843 0.108 0.319804
0.843 0.157 0.168261
0.843 0.206 0.0535726
0.843 0.255 0.0201357
0.843 0.304 0.0547992
0.843 0.353 0.0858731
0.843 0.402 0.0620251
0.843 0.451 0.0792286
0.843 0.5 0.15956
0.843 0.549 0.142472
0.843 0.598 0.0490734
0.843 0.647 0.00859688
0.843 0.696 0.0198239
0.843 0.745 0.0739023
0.843 0.794 0.146964
0.843 0.843 0.220066
0.843 0.892 0.437052
0.843 0.941 1.42113
0.843 0.99 2.63731
0.892 0.01 3.98511
0.892 0.059 2.45312
0.892 0.108 1.17876
0.892 0.157 0.620187
0.892 0.206 0.197461
0.892 0.255 0.0742176
0.892 0.304 0.201983
0.892 0.353 0.316517
0.892 0.402 0.228616
0.892 0.451 0.292026
0.892 0.5 0.588118
0.892 0.549 0.525135
0.892 0.598 0.180878
0.892 0.647 0.031687
0.892 0.696 0.0730682
0.892 0.745 0.272394
0.892 0.794 0.541688
0.892 0.843 0.811136
0.892 0.892 1.61092
0.892 0.941 5.23811
0.892 0.99 9.72079
0.941 0.01 13.052
0.941 0.059 8.03443
0.941 0.108 3.86065
0.941 0.157 2.03123
0.941 0.206 0.646724
0.941 0.255 0.243077
0.941 0.304 0.661532
0.941 0.353 1.03665
0.941 0.402 0.748763
0.941 0.451 0.956442
0.941 0.5 1.9262
0.941 0.549 1.71992
0.941 0.598 0.59241
0.941 0.647 0.103781
0.941 0.696 0.239312
0.941 0.745 0.892143
0.941 0.794 1.77413
0.941 0.843 2.65662
0.941 0.892 5.27606
0.941 0.941 17.1558
0.941 0.99 31.8374
0.99 0.01 23.1485
0.99 0.059 14.2496
0.99 0.108 6.84711
0.99 0.157 3.60252
0.99 0.206 1.147
0.99 0.255 0.431112
0.99 0.304 1.17327
0.99 0.353 1.83857
0.99 0.402 1.32798
0.99 0.451 1.69631
0.99 0.5 3.41624
0.99 0.549 3.05038
0.99 0.598 1.05068
0.99 0.647 0.184062
0.99 0.696 0.424435
0.99 0.745 1.58227
0.99 0.794 3.14653
0.99 0.843 4.71169
0.99 0.892 9.35742
0.99 0.941 30.4269
0.99 0.99 56.4657
