0.01 0.01 1.32985e-144
0.01 0.059 4.72663e-137
0.01 0.108 6.43394e-130
0.01 0.157 3.35201e-123
0.01 0.206 6.68403e-117
0.01 0.255 5.10125e-111
0.01 0.304 1.49012e-105
0.01 0.353 1.66601e-100
0.01 0.402 7.12944e-96
0.01 0.451 1.16784e-91
0.01 0.5 7.32366e-88
0.01 0.549 1.75901e-84
0.01 0.598 1.6199e-81
0.01 0.647 5.73916e-79
0.01 0.696 7.90872e-77
0.01 0.745 4.4011e-75
0.01 0.794 1.11122e-73
0.01 0.843 1.5899e-72
0.01 0.892 1.39851e-71
0.01 0.941 6.21329e-71
0.01 0.99 1.17598e-70
0.059 0.01 3.84426e-137
0.059 0.059 1.36635e-129
0.059 0.108 1.85989e-122
0.059 0.157 9.68981e-116
0.059 0.206 1.93218e-109
0.059 0.255 1.47464e-103
0.059 0.304 4.30755e-98
0.059 0.353 4.816e-93
0.059 0.402 2.06094e-88
0.059 0.451 3.37592e-84
0.059 0.5 2.11708e-80
0.059 0.549 5.08483e-77
0.059 0.598 4.68271e-74
0.059 0.647 1.65904e-71
0.059 0.696 2.28621e-69
0.059 0.745 1.27224e-67
0.059 0.794 3.21226e-66
0.059 0.843 4.59598e-65
0.059 0.892 4.04275e-64
0.059 0.941 1.7961e-63
0.059 0.99 3.39945e-63
0.108 0.01 4.2562e-130
0.108 0.059 1.51276e-122
0.108 0.108 2.05919e-115
0.108 0.157 1.07282e-108
0.108 0.206 2.13923e-102
0.108 0.255 1.63266e-96
0.108 0.304 4.76915e-91
0.108 0.353 5.33208e-86
0.108 0.402 2.28179e-81
0.108 0.451 3.73768e-77
0.108 0.5 2.34395e-73
0.108 0.549 5.62972e-70
0.108 0.598 5.18451e-67
0.108 0.647 1.83683e-64
0.108 0.696 2.53119e-62
0.108 0.745 1.40858e-60
0.108 0.794 3.55648e-59
0.108 0.843 5.08848e-58
0.108 0.892 4.47596e-57
0.108 0.941 1.98857e-56
0.108 0.99 3.76373e-56
0.157 0.01 1.80358e-123
0.157 0.059 6.41039e-116
0.157 0.108 8.72588e-109
0.157 0.157 4.54609e-102
0.157 0.206 9.06507e-96
0.157 0.255 6.91846e-90
0.157 0.304 2.02094e-84
0.157 0.353 2.25949e-79
0.157 0.402 9.66915e-75
0.157 0.451 1.58386e-70
0.157 0.5 9.93255e-67
0.157 0.549 2.38561e-63
0.157 0.598 2.19695e-60
0.157 0.647 7.78361e-58
0.157 0.696 1.0726e-55
0.157 0.745 5.96889e-54
0.157 0.794 1.50707e-52
0.157 0.843 2.15626e-51
0.157 0.892 1.8967e-50
0.157 0.941 8.42663e-50
0.157 0.99 1.59489e-49
0.206 0.01 2.92518e-117
0.206 0.059 1.03968e-109
0.206 0.108 1.41523e-102
0.206 0.157 7.37319e-96
0.206 0.206 1.47024e-89
0.206 0.255 1.12209e-83
0.206 0.304 3.27771e-78
0.206 0.353 3.6646e-73
0.206 0.402 1.56821e-68
0.206 0.451 2.56881e-64
0.206 0.5 1.61093e-60
0.206 0.549 3.86916e-57
0.206 0.598 3.56318e-54
0.206 0.647 1.2624e-51
0.206 0.696 1.73963e-49
0.206 0.745 9.68079e-48
0.206 0.794 2.44428e-46
0.206 0.843 3.49718e-45
0.206 0.892 3.07621e-44
0.206 0.941 1.36669e-43
0.206 0.99 2.58671e-43
0.255 0.01 1.81582e-111
0.255 0.059 6.45389e-104
0.255 0.108 8.7851e-97
0.255 0.157 4.57695e-90
0.255 0.206 9.12659e-84
0.255 0.255 6.96541e-78
0.255 0.304 2.03466e-72
0.255 0.353 2.27482e-67
0.255 0.402 9.73477e-63
0.255 0.451 1.59461e-58
0.255 0.5 9.99996e-55
0.255 0.549 2.4018e-51
0.255 0.598 2.21186e-48
0.255 0.647 7.83644e-46
0.255 0.696 1.07988e-43
0.255 0.745 6.0094e-42
0.255 0.794 1.5173e-40
0.255 0.843 2.1709e-39
0.255 0.892 1.90958e-38
0.255 0.941 8.48382e-38
0.255 0.99 1.60572e-37
0.304 0.01 4.31417e-106
0.304 0.059 1.53337e-98
0.304 0.108 2.08723e-91
0.304 0.157 1.08743e-84
0.304 0.206 2.16837e-78
0.304 0.255 1.6549e-72
0.304 0.304 4.8341e-67
0.304 0.353 5.4047e-62
0.304 0.402 2.31286e-57
0.304 0.451 3.78859e-53
0.304 0.5 2.37587e-49
0.304 0.549 5.70639e-46
0.304 0.598 5.25512e-43
0.304 0.647 1.86184e-40
0.304 0.696 2.56567e-38
0.304 0.745 1.42776e-36
0.304 0.794 3.60491e-35
0.304 0.843 5.15778e-34
0.304 0.892 4.53692e-33
0.304 0.941 2.01565e-32
0.304 0.99 3.81498e-32
0.353 0.01 3.92306e-101
0.353 0.059 1.39436e-93
0.353 0.108 1.89801e-86
0.353 0.157 9.88843e-80
0.353 0.206 1.97179e-73
0.353 0.255 1.50487e-67
0.353 0.304 4.39585e-62
0.353 0.353 4.91472e-57
0.353 0.402 2.10318e-52
0.353 0.451 3.44513e-48
0.353 0.5 2.16048e-44
0.353 0.549 5.18906e-41
0.353 0.598 4.7787e-38
0.353 0.647 1.69305e-35
0.353 0.696 2.33307e-33
0.353 0.745 1.29832e-31
0.353 0.794 3.2781e-30
0.353 0.843 4.69019e-29
0.353 0.892 4.12562e-28
0.353 0.941 1.83292e-27
0.353 0.99 3.46913e-27
0.402 0.01 1.36539e-96
0.402 0.059 4.85294e-89
0.402 0.108 6.60587e-82
0.402 0.157 3.44159e-75
0.402 0.206 6.86265e-69
0.402 0.255 5.23757e-63
0.402 0.304 1.52994e-57
0.402 0.353 1.71053e-52
0.402 0.402 7.31996e-48
0.402 0.451 1.19905e-43
0.402 0.5 7.51937e-40
0.402 0.549 1.80601e-36
0.402 0.598 1.66319e-33
0.402 0.647 5.89253e-31
0.402 0.696 8.12006e-29
0.402 0.745 4.51871e-27
0.402 0.794 1.14092e-25
0.402 0.843 1.63238e-24
0.402 0.892 1.43589e-23
0.402 0.941 6.37933e-23
0.402 0.99 1.2074e-22
0.451 0.01 1.81883e-92
0.451 0.059 6.46458e-85
0.451 0.108 8.79965e-78
0.451 0.157 4.58452e-71
0.451 0.206 9.1417e-65
0.451 0.255 6.97694e-59
0.451 0.304 2.03803e-53
0.451 0.353 2.27859e-48
0.451 0.402 9.75089e-44
0.451 0.451 1.59725e-39
0.451 0.5 1.00165e-35
0.451 0.549 2.40578e-32
0.451 0.598 2.21552e-29
0.451 0.647 7.84941e-27
0.451 0.696 1.08167e-24
0.451 0.745 6.01935e-23
0.451 0.794 1.51981e-21
0.451 0.843 2.17449e-20
0.451 0.892 1.91274e-19
0.451 0.941 8.49787e-19
0.451 0.99 1.60837e-18
0.5 0.01 9.27326e-89
0.5 0.059 3.29596e-81
0.5 0.108 4.48649e-74
0.5 0.157 2.33741e-67
0.5 0.206 4.66088e-61
0.5 0.255 3.55718e-55
0.5 0.304 1.03908e-49
0.5 0.353 1.16173e-44
0.5 0.402 4.97147e-40
0.5 0.451 8.14353e-36
0.5 0.5 5.10691e-32
0.5 0.549 1.22658e-28
0.5 0.598 1.12958e-25
0.5 0.647 4.00201e-23
0.5 0.696 5.51488e-21
0.5 0.745 3.06896e-19
0.5 0.794 7.74872e-18
0.5 0.843 1.10866e-16
0.5 0.892 9.75206e-16
0.5 0.941 4.33263e-15
0.5 0.99 8.20027e-15
0.549 0.01 1.80963e-85
0.549 0.059 6.43187e-78
0.549 0.108 8.75513e-71
0.549 0.157 4.56133e-64
0.549 0.206 9.09545e-58
0.549 0.255 6.94164e-52
0.549 0.304 2.02772e-46
0.549 0.353 2.26706e-41
0.549 0.402 9.70155e-37
0.549 0.451 1.58916e-32
0.549 0.5 9.96584e-29
0.549 0.549 2.39361e-25
0.549 0.598 2.20432e-22
0.549 0.647 7.8097e-20
0.549 0.696 1.0762e-17
0.549 0.745 5.9889e-16
0.549 0.794 1.51212e-14
0.549 0.843 2.16349e-13
0.549 0.892 1.90306e-12
0.549 0.941 8.45488e-12
0.549 0.99 1.60024e-11
0.598 0.01 1.35179e-82
0.598 0.059 4.80462e-75
0.598 0.108 6.5401e-68
0.598 0.157 3.40732e-61
0.598 0.206 6.79432e-55
0.598 0.255 5.18542e-49
0.598 0.304 1.51471e-43
0.598 0.353 1.6935e-38
0.598 0.402 7.24708e-34
0.598 0.451 1.18711e-29
0.598 0.5 7.4445e-26
0.598 0.549 1.78803e-22
0.598 0.598 1.64663e-19
0.598 0.647 5.83386e-17
0.598 0.696 8.03921e-15
0.598 0.745 4.47372e-13
0.598 0.794 1.12956e-11
0.598 0.843 1.61613e-10
0.598 0.892 1.42159e-09
0.598 0.941 6.31581e-09
0.598 0.99 1.19538e-08
0.647 0.01 3.8679e-80
0.647 0.059 1.37475e-72
0.647 0.108 1.87132e-65
0.647 0.157 9.74939e-59
0.647 0.206 1.94406e-52
0.647 0.255 1.48371e-46
0.647 0.304 4.33404e-41
0.647 0.353 4.84562e-36
0.647 0.402 2.07361e-31
0.647 0.451 3.39668e-27
0.647 0.5 2.1301e-23
0.647 0.549 5.1161e-20
0.647 0.598 4.71151e-17
0.647 0.647 1.66925e-14
0.647 0.696 2.30027e-12
0.647 0.745 1.28007e-10
0.647 0.794 3.23201e-09
0.647 0.843 4.62424e-08
0.647 0.892 4.0676e-07
0.647 0.941 1.80715e-06
0.647 0.99 3.42035e-06
0.696 0.01 4.25408e-78
0.696 0.059 1.51201e-70
0.696 0.108 2.05816e-63
0.696 0.157 1.07228e-56
0.696 0.206 2.13817e-50
0.696 0.255 1.63185e-44
0.696 0.304 4.76677e-39
0.696 0.353 5.32942e-34
0.696 0.402 2.28065e-29
0.696 0.451 3.73582e-25
0.696 0.5 2.34278e-21
0.696 0.549 5.62691e-18
0.696 0.598 5.18192e-15
0.696 0.647 1.83591e-12
0.696 0.696 2.52993e-10
0.696 0.745 1.40787e-08
0.696 0.794 3.5547e-07
0.696 0.843 5.08594e-06
0.696 0.892 4.47373e-05
0.696 0.941 0.000198758
0.696 0.99 0.000376185
0.745 0.01 1.83313e-76
0.745 0.059 6.51542e-69
0.745 0.108 8.86886e-62
0.745 0.157 4.62058e-55
0.745 0.206 9.2136e-49
0.745 0.255 7.03182e-43
0.745 0.304 2.05406e-37
0.745 0.353 2.29651e-32
0.745 0.402 9.82758e-28
0.745 0.451 1.60981e-23
0.745 0.5 1.00953e-19
0.745 0.549 2.4247e-16
0.745 0.598 2.23295e-13
0.745 0.647 7.91115e-11
0.745 0.696 1.09018e-08
0.745 0.745 6.06669e-07
0.745 0.794 1.53176e-05
0.745 0.843 0.000219159
0.745 0.892 0.00192778
0.745 0.941 0.00856471
0.745 0.99 0.0162102
0.794 0.01 3.40147e-75
0.794 0.059 1.20897e-67
0.794 0.108 1.64566e-60
0.794 0.157 8.57372e-54
0.794 0.206 1.70963e-47
0.794 0.255 1.30479e-41
0.794 0.304 3.8114e-36
0.794 0.353 4.26129e-31
0.794 0.402 1.82356e-26
0.794 0.451 2.98708e-22
0.794 0.5 1.87323e-18
0.794 0.549 4.49915e-15
0.794 0.598 4.14335e-12
0.794 0.647 1.46795e-09
0.794 0.696 2.02288e-07
0.794 0.745 1.12571e-05
0.794 0.794 0.000284226
0.794 0.843 0.00406661
0.794 0.892 0.035771
0.794 0.941 0.158922
0.794 0.99 0.300789
0.843 0.01 3.68542e-74
0.843 0.059 1.30989e-66
0.843 0.108 1.78304e-59
0.843 0.157 9.28945e-53
0.843 0.206 1.85235e-46
0.843 0.255 1.41371e-40
0.843 0.304 4.12958e-35
0.843 0.353 4.61702e-30
0.843 0.402 1.97579e-25
0.843 0.451 3.23644e-21
0.843 0.5 2.02961e-17
0.843 0.549 4.87474e-14
0.843 0.598 4.48923e-11
0.843 0.647 1.5905e-08
0.843 0.696 2.19175e-06
0.843 0.745 0.000121968
0.843 0.794 0.00307953
0.843 0.843 0.0440609
0.843 0.892 0.387571
0.843 0.941 1.72189
0.843 0.99 3.25899
0.892 0.01 2.98772e-73
0.892 0.059 1.06191e-65
0.892 0.108 1.44549e-58
0.892 0.157 7.53083e-52
0.892 0.206 1.50167e-45
0.892 0.255 1.14608e-39
0.892 0.304 3.34779e-34
0.892 0.353 3.74295e-29
0.892 0.402 1.60174e-24
0.892 0.451 2.62374e-20
0.892 0.5 1.64538e-16
0.892 0.549 3.95189e-13
0.892 0.598 3.63936e-10
0.892 0.647 1.28939e-07
0.892 0.696 1.77682e-05
0.892 0.745 0.000988777
0.892 0.794 0.0249654
0.892 0.843 0.357196
0.892 0.892 3.14198
0.892 0.941 13.9591
0.892 0.99 26.4202
0.941 0.01 1.35232e-72
0.941 0.059 4.80647e-65
0.941 0.108 6.54262e-58
0.941 0.157 3.40863e-51
0.941 0.206 6.79694e-45
0.941 0.255 5.18742e-39
0.941 0.304 1.51529e-33
0.941 0.353 1.69415e-28
0.941 0.402 7.24987e-24
0.941 0.451 1.18757e-19
0.941 0.5 7.44737e-16
0.941 0.549 1.78872e-12
0.941 0.598 1.64726e-09
0.941 0.647 5.83611e-07
0.941 0.696 8.04231e-05
0.941 0.745 0.00447544
0.941 0.794 0.112999
0.941 0.843 1.61675
0.941 0.892 14.2214
0.941 0.941 63.1824
0.941 0.99 119.584
0.99 0.01 2.59686e-72
0.99 0.059 9.2299e-65
0.99 0.108 1.25638e-57
0.99 0.157 6.54562e-51
0.99 0.206 1.30522e-44
0.99 0.255 9.96143e-39
0.99 0.304 2.90982e-33
0.99 0.353 3.25329e-28
0.99 0.402 1.3922e-23
0.99 0.451 2.28049e-19
0.99 0.5 1.43012e-15
0.99 0.549 3.43489e-12
0.99 0.598 3.16325e-09
0.99 0.647 1.12071e-06
0.99 0.696 0.000154437
0.99 0.745 0.00859421
0.99 0.794 0.216993
0.99 0.843 3.10466
0.99 0.892 27.3094
0.99 0.941 121.33
0.99 0.99 229.638
