0.01 0.01 8.7213e-05
0.01 0.059 6.1374e-05
0.01 0.108 4.53303e-05
0.01 0.157 4.18356e-05
0.01 0.206 4.01535e-05
0.01 0.255 3.81531e-05
0.01 0.304 2.38753e-05
0.01 0.353 1.60142e-05
0.01 0.402 2.26094e-05
0.01 0.451 3.08829e-05
0.01 0.5 2.63412e-05
0.01 0.549 1.08618e-05
0.01 0.598 6.84492e-06
0.01 0.647 1.66487e-05
0.01 0.696 2.95754e-05
0.01 0.745 3.62522e-05
0.01 0.794 4.01552e-05
0.01 0.843 6.10901e-05
0.01 0.892 0.000101544
0.01 0.941 0.000184932
0.01 0.99 0.0002689
0.059 0.01 0.00271234
0.059 0.059 0.00190875
0.059 0.108 0.00140978
0.059 0.157 0.0013011
0.059 0.206 0.00124878
0.059 0.255 0.00118657
0.059 0.304 0.000742526
0.059 0.353 0.000498044
0.059 0.402 0.000703156
0.059 0.451 0.000960465
0.059 0.5 0.000819217
0.059 0.549 0.000337804
0.059 0.598 0.000212879
0.059 0.647 0.000517779
0.059 0.696 0.000919802
0.059 0.745 0.00112745
0.059 0.794 0.00124884
0.059 0.843 0.00189992
0.059 0.892 0.00315804
0.059 0.941 0.00575142
0.059 0.99 0.00836284
0.108 0.01 0.0382932
0.108 0.059 0.0269479
0.108 0.108 0.0199035
0.108 0.157 0.018369
0.108 0.206 0.0176305
0.108 0.255 0.0167521
0.108 0.304 0.0104831
0.108 0.353 0.00703145
0.108 0.402 0.00992725
0.108 0.451 0.01356
0.108 0.5 0.0115658
0.108 0.549 0.00476916
0.108 0.598 0.00300545
0.108 0.647 0.00731007
0.108 0.696 0.0129859
0.108 0.745 0.0159175
0.108 0.794 0.0176312
0.108 0.843 0.0268233
0.108 0.892 0.0445856
0.108 0.941 0.0811993
0.108 0.99 0.118068
0.157 0.01 0.216444
0.157 0.059 0.152317
0.157 0.108 0.1125
0.157 0.157 0.103827
0.157 0.206 0.0996524
0.157 0.255 0.0946878
0.157 0.304 0.0592533
0.157 0.353 0.0397438
0.157 0.402 0.0561116
0.157 0.451 0.0766448
0.157 0.5 0.0653732
0.157 0.549 0.0269566
0.157 0.598 0.0169876
0.157 0.647 0.0413186
0.157 0.696 0.0733999
0.157 0.745 0.0899701
0.157 0.794 0.0996568
0.157 0.843 0.151613
0.157 0.892 0.252011
0.157 0.941 0.458962
0.157 0.99 0.667352
0.206 0.01 0.562189
0.206 0.059 0.395627
0.206 0.108 0.292207
0.206 0.157 0.269679
0.206 0.206 0.258836
0.206 0.255 0.245941
0.206 0.304 0.153904
0.206 0.353 0.10323
0.206 0.402 0.145744
0.206 0.451 0.199076
0.206 0.5 0.1698
0.206 0.549 0.0700169
0.206 0.598 0.0441235
0.206 0.647 0.10732
0.206 0.696 0.190648
0.206 0.745 0.233687
0.206 0.794 0.258847
0.206 0.843 0.393797
0.206 0.892 0.65457
0.206 0.941 1.1921
0.206 0.99 1.73337
0.255 0.01 0.900366
0.255 0.059 0.633611
0.255 0.108 0.467979
0.255 0.157 0.431901
0.255 0.206 0.414535
0.255 0.255 0.393883
0.255 0.304 0.246482
0.255 0.353 0.165326
0.255 0.402 0.233414
0.255 0.451 0.318828
0.255 0.5 0.27194
0.255 0.549 0.112135
0.255 0.598 0.0706653
0.255 0.647 0.171877
0.255 0.696 0.30533
0.255 0.745 0.374259
0.255 0.794 0.414553
0.255 0.843 0.63068
0.255 0.892 1.04832
0.255 0.941 1.90919
0.255 0.99 2.77606
0.304 0.01 0.987258
0.304 0.059 0.694759
0.304 0.108 0.513143
0.304 0.157 0.473582
0.304 0.206 0.454541
0.304 0.255 0.431896
0.304 0.304 0.27027
0.304 0.353 0.181282
0.304 0.402 0.25594
0.304 0.451 0.349597
0.304 0.5 0.298185
0.304 0.549 0.122956
0.304 0.598 0.0774851
0.304 0.647 0.188465
0.304 0.696 0.334796
0.304 0.745 0.410377
0.304 0.794 0.454561
0.304 0.843 0.691545
0.304 0.892 1.14949
0.304 0.941 2.09344
0.304 0.99 3.04397
0.353 0.01 0.887336
0.353 0.059 0.624441
0.353 0.108 0.461207
0.353 0.157 0.42565
0.353 0.206 0.408536
0.353 0.255 0.388183
0.353 0.304 0.242915
0.353 0.353 0.162934
0.353 0.402 0.230036
0.353 0.451 0.314214
0.353 0.5 0.268005
0.353 0.549 0.110512
0.353 0.598 0.0696427
0.353 0.647 0.16939
0.353 0.696 0.300911
0.353 0.745 0.368842
0.353 0.794 0.408554
0.353 0.843 0.621552
0.353 0.892 1.03314
0.353 0.941 1.88156
0.353 0.99 2.73588
0.402 0.01 1.84534
0.402 0.059 1.29861
0.402 0.108 0.959145
0.402 0.157 0.885201
0.402 0.206 0.849609
0.402 0.255 0.807282
0.402 0.304 0.505177
0.402 0.353 0.338844
0.402 0.402 0.478392
0.402 0.451 0.653452
0.402 0.5 0.557354
0.402 0.549 0.229825
0.402 0.598 0.144832
0.402 0.647 0.352271
0.402 0.696 0.625787
0.402 0.745 0.76706
0.402 0.794 0.849646
0.402 0.843 1.29261
0.402 0.892 2.14857
0.402 0.941 3.91298
0.402 0.99 5.68965
0.451 0.01 4.1117
0.451 0.059 2.89351
0.451 0.108 2.13712
0.451 0.157 1.97236
0.451 0.206 1.89306
0.451 0.255 1.79875
0.451 0.304 1.12561
0.451 0.353 0.754996
0.451 0.402 1.06593
0.451 0.451 1.45599
0.451 0.5 1.24187
0.451 0.549 0.512084
0.451 0.598 0.322707
0.451 0.647 0.784912
0.451 0.696 1.39435
0.451 0.745 1.70913
0.451 0.794 1.89314
0.451 0.843 2.88012
0.451 0.892 4.78734
0.451 0.941 8.71871
0.451 0.99 12.6774
0.5 0.01 5.28684
0.5 0.059 3.72049
0.5 0.108 2.74792
0.5 0.157 2.53607
0.5 0.206 2.4341
0.5 0.255 2.31284
0.5 0.304 1.44732
0.5 0.353 0.970778
0.5 0.402 1.37058
0.5 0.451 1.87212
0.5 0.5 1.5968
0.5 0.549 0.658441
0.5 0.598 0.414939
0.5 0.647 1.00924
0.5 0.696 1.79286
0.5 0.745 2.1976
0.5 0.794 2.43421
0.5 0.843 3.70328
0.5 0.892 6.15559
0.5 0.941 11.2106
0.5 0.99 16.3007
0.549 0.01 4.22465
0.549 0.059 2.97299
0.549 0.108 2.19583
0.549 0.157 2.02654
0.549 0.206 1.94506
0.549 0.255 1.84816
0.549 0.304 1.15653
0.549 0.353 0.775736
0.549 0.402 1.09521
0.549 0.451 1.49599
0.549 0.5 1.27598
0.549 0.549 0.526151
0.549 0.598 0.331572
0.549 0.647 0.806473
0.549 0.696 1.43265
0.549 0.745 1.75608
0.549 0.794 1.94514
0.549 0.843 2.95924
0.549 0.892 4.91885
0.549 0.941 8.95821
0.549 0.99 13.0257
0.598 0.01 3.06295
0.598 0.059 2.15548
0.598 0.108 1.59202
0.598 0.157 1.46928
0.598 0.206 1.4102
0.598 0.255 1.33995
0.598 0.304 0.838507
0.598 0.353 0.562423
0.598 0.402 0.794048
0.598 0.451 1.08462
0.598 0.5 0.925111
0.598 0.549 0.381469
0.598 0.598 0.240396
0.598 0.647 0.584708
0.598 0.696 1.0387
0.598 0.745 1.27319
0.598 0.794 1.41027
0.598 0.843 2.1455
0.598 0.892 3.56626
0.598 0.941 6.49487
0.598 0.99 9.44384
0.647 0.01 2.4459
0.647 0.059 1.72125
0.647 0.108 1.2713
0.647 0.157 1.17329
0.647 0.206 1.12611
0.647 0.255 1.07001
0.647 0.304 0.669586
0.647 0.353 0.44912
0.647 0.402 0.634083
0.647 0.451 0.866116
0.647 0.5 0.738743
0.647 0.549 0.304621
0.647 0.598 0.191967
0.647 0.647 0.466916
0.647 0.696 0.829448
0.647 0.745 1.0167
0.647 0.794 1.12616
0.647 0.843 1.71328
0.647 0.892 2.84782
0.647 0.941 5.18645
0.647 0.99 7.54134
0.696 0.01 1.86314
0.696 0.059 1.31114
0.696 0.108 0.968397
0.696 0.157 0.893739
0.696 0.206 0.857804
0.696 0.255 0.815068
0.696 0.304 0.51005
0.696 0.353 0.342113
0.696 0.402 0.483006
0.696 0.451 0.659755
0.696 0.5 0.56273
0.696 0.549 0.232042
0.696 0.598 0.146229
0.696 0.647 0.355668
0.696 0.696 0.631823
0.696 0.745 0.774459
0.696 0.794 0.857841
0.696 0.843 1.30508
0.696 0.892 2.1693
0.696 0.941 3.95072
0.696 0.99 5.74454
0.745 0.01 1.50886
0.745 0.059 1.06182
0.745 0.108 0.784253
0.745 0.157 0.723791
0.745 0.206 0.694689
0.745 0.255 0.66008
0.745 0.304 0.413062
0.745 0.353 0.277059
0.745 0.402 0.391161
0.745 0.451 0.5343
0.745 0.5 0.455725
0.745 0.549 0.187918
0.745 0.598 0.118423
0.745 0.647 0.288037
0.745 0.696 0.51168
0.745 0.745 0.627193
0.745 0.794 0.69472
0.745 0.843 1.05691
0.745 0.892 1.7568
0.745 0.941 3.19948
0.745 0.99 4.65219
0.794 0.01 1.20309
0.794 0.059 0.846648
0.794 0.108 0.625326
0.794 0.157 0.577117
0.794 0.206 0.553913
0.794 0.255 0.526317
0.794 0.304 0.329356
0.794 0.353 0.220914
0.794 0.402 0.311893
0.794 0.451 0.426026
0.794 0.5 0.363374
0.794 0.549 0.149837
0.794 0.598 0.0944249
0.794 0.647 0.229667
0.794 0.696 0.407989
0.794 0.745 0.500094
0.794 0.794 0.553937
0.794 0.843 0.842731
0.794 0.892 1.40079
0.794 0.941 2.55111
0.794 0.99 3.70944
0.843 0.01 1.01618
0.843 0.059 0.715113
0.843 0.108 0.528176
0.843 0.157 0.487457
0.843 0.206 0.467857
0.843 0.255 0.444549
0.843 0.304 0.278188
0.843 0.353 0.186593
0.843 0.402 0.263438
0.843 0.451 0.359839
0.843 0.5 0.30692
0.843 0.549 0.126559
0.843 0.598 0.0797551
0.843 0.647 0.193986
0.843 0.696 0.344605
0.843 0.745 0.4224
0.843 0.794 0.467878
0.843 0.843 0.711805
0.843 0.892 1.18316
0.843 0.941 2.15477
0.843 0.99 3.13314
0.892 0.01 1.18889
0.892 0.059 0.836655
0.892 0.108 0.617946
0.892 0.157 0.570305
0.892 0.206 0.547375
0.892 0.255 0.520105
0.892 0.304 0.325469
0.892 0.353 0.218306
0.892 0.402 0.308212
0.892 0.451 0.420998
0.892 0.5 0.359085
0.892 0.549 0.148069
0.892 0.598 0.0933104
0.892 0.647 0.226956
0.892 0.696 0.403174
0.892 0.745 0.494192
0.892 0.794 0.547399
0.892 0.843 0.832784
0.892 0.892 1.38425
0.892 0.941 2.521
0.892 0.99 3.66566
0.941 0.01 1.30047
0.941 0.059 0.915174
0.941 0.108 0.67594
0.941 0.157 0.623829
0.941 0.206 0.598746
0.941 0.255 0.568917
0.941 0.304 0.356014
0.941 0.353 0.238794
0.941 0.402 0.337138
0.941 0.451 0.460508
0.941 0.5 0.392785
0.941 0.549 0.161965
0.941 0.598 0.102068
0.941 0.647 0.248256
0.941 0.696 0.441012
0.941 0.745 0.540571
0.941 0.794 0.598772
0.941 0.843 0.910941
0.941 0.892 1.51417
0.941 0.941 2.7576
0.941 0.99 4.00968
0.99 0.01 1.30366
0.99 0.059 0.917417
0.99 0.108 0.677596
0.99 0.157 0.625357
0.99 0.206 0.600213
0.99 0.255 0.570311
0.99 0.304 0.356887
0.99 0.353 0.239379
0.99 0.402 0.337964
0.99 0.451 0.461637
0.99 0.5 0.393747
0.99 0.549 0.162362
0.99 0.598 0.102318
0.99 0.647 0.248864
0.99 0.696 0.442092
0.99 0.745 0.541896
0.99 0.794 0.600239
0.99 0.843 0.913173
0.99 0.892 1.51788
0.99 0.941 2.76436
0.99 0.99 4.0195
