0.01 0.01 2.57584
0.01 0.059 1.62074
0.01 0.108 0.723154
0.01 0.157 0.519872
0.01 0.206 0.515691
0.01 0.255 0.399918
0.01 0.304 0.452728
0.01 0.353 0.594738
0.01 0.402 0.697888
0.01 0.451 0.923097
0.01 0.5 1.06196
0.01 0.549 0.920791
0.01 0.598 0.546967
0.01 0.647 0.249424
0.01 0.696 0.232862
0.01 0.745 0.330106
0.01 0.794 0.397715
0.01 0.843 0.27779
0.01 0.892 0.24846
0.01 0.941 0.73239
0.01 0.99 1.29977
0.059 0.01 2.60015
0.059 0.059 1.63603
0.059 0.108 0.729976
0.059 0.157 0.524777
0.059 0.206 0.520556
0.059 0.255 0.403691
0.059 0.304 0.456999
0.059 0.353 0.600349
0.059 0.402 0.704473
0.059 0.451 0.931806
0.059 0.5 1.07198
0.059 0.549 0.929478
0.059 0.598 0.552128
0.059 0.647 0.251777
0.059 0.696 0.235059
0.059 0.745 0.33322
0.059 0.794 0.401467
0.059 0.843 0.280411
0.059 0.892 0.250804
0.059 0.941 0.7393
0.059 0.99 1.31203
0.108 0.01 2.02708
0.108 0.059 1.27546
0.108 0.108 0.569092
0.108 0.157 0.409118
0.108 0.206 0.405827
0.108 0.255 0.314718
0.108 0.304 0.356278
0.108 0.353 0.468034
0.108 0.402 0.549209
0.108 0.451 0.726439
0.108 0.5 0.835716
0.108 0.549 0.724624
0.108 0.598 0.430441
0.108 0.647 0.196287
0.108 0.696 0.183252
0.108 0.745 0.259779
0.108 0.794 0.312985
0.108 0.843 0.218609
0.108 0.892 0.195527
0.108 0.941 0.576361
0.108 0.99 1.02286
0.157 0.01 0.926941
0.157 0.059 0.583239
0.157 0.108 0.260233
0.157 0.157 0.187081
0.157 0.206 0.185576
0.157 0.255 0.143914
0.157 0.304 0.162918
0.157 0.353 0.214022
0.157 0.402 0.251142
0.157 0.451 0.332185
0.157 0.5 0.382155
0.157 0.549 0.331355
0.157 0.598 0.196831
0.157 0.647 0.0897576
0.157 0.696 0.0837974
0.157 0.745 0.118792
0.157 0.794 0.143121
0.157 0.843 0.0999652
0.157 0.892 0.0894105
0.157 0.941 0.263557
0.157 0.99 0.467732
0.206 0.01 0.828479
0.206 0.059 0.521286
0.206 0.108 0.232591
0.206 0.157 0.167208
0.206 0.206 0.165864
0.206 0.255 0.128627
0.206 0.304 0.145613
0.206 0.353 0.191288
0.206 0.402 0.224465
0.206 0.451 0.296899
0.206 0.5 0.341562
0.206 0.549 0.296158
0.206 0.598 0.175923
0.206 0.647 0.0802233
0.206 0.696 0.0748962
0.206 0.745 0.106173
0.206 0.794 0.127919
0.206 0.843 0.0893466
0.206 0.892 0.079913
0.206 0.941 0.235562
0.206 0.99 0.418048
0.255 0.01 1.71059
0.255 0.059 1.07632
0.255 0.108 0.480239
0.255 0.157 0.345242
0.255 0.206 0.342465
0.255 0.255 0.265581
0.255 0.304 0.300652
0.255 0.353 0.394959
0.255 0.402 0.463461
0.255 0.451 0.61302
0.255 0.5 0.705236
0.255 0.549 0.611488
0.255 0.598 0.363236
0.255 0.647 0.16564
0.255 0.696 0.154641
0.255 0.745 0.21922
0.255 0.794 0.264119
0.255 0.843 0.184477
0.255 0.892 0.165
0.255 0.941 0.486373
0.255 0.99 0.863161
0.304 0.01 2.41526
0.304 0.059 1.5197
0.304 0.108 0.678071
0.304 0.157 0.487463
0.304 0.206 0.483542
0.304 0.255 0.374986
0.304 0.304 0.424504
0.304 0.353 0.557661
0.304 0.402 0.654381
0.304 0.451 0.86555
0.304 0.5 0.995754
0.304 0.549 0.863388
0.304 0.598 0.512869
0.304 0.647 0.233875
0.304 0.696 0.218345
0.304 0.745 0.309526
0.304 0.794 0.372921
0.304 0.843 0.260472
0.304 0.892 0.23297
0.304 0.941 0.686732
0.304 0.99 1.21874
0.353 0.01 2.09434
0.353 0.059 1.31777
0.353 0.108 0.587973
0.353 0.157 0.422691
0.353 0.206 0.419292
0.353 0.255 0.32516
0.353 0.304 0.368098
0.353 0.353 0.483562
0.353 0.402 0.567431
0.353 0.451 0.750541
0.353 0.5 0.863444
0.353 0.549 0.748666
0.353 0.598 0.444722
0.353 0.647 0.202799
0.353 0.696 0.189332
0.353 0.745 0.268398
0.353 0.794 0.323369
0.353 0.843 0.225862
0.353 0.892 0.202014
0.353 0.941 0.595483
0.353 0.99 1.0568
0.402 0.01 1.7313
0.402 0.059 1.08935
0.402 0.108 0.486053
0.402 0.157 0.349421
0.402 0.206 0.346611
0.402 0.255 0.268796
0.402 0.304 0.304291
0.402 0.353 0.39974
0.402 0.402 0.469071
0.402 0.451 0.62044
0.402 0.5 0.713772
0.402 0.549 0.61889
0.402 0.598 0.367633
0.402 0.647 0.167645
0.402 0.696 0.156513
0.402 0.745 0.221874
0.402 0.794 0.267316
0.402 0.843 0.186711
0.402 0.892 0.166997
0.402 0.941 0.492261
0.402 0.99 0.87361
0.451 0.01 2.21743
0.451 0.059 1.39523
0.451 0.108 0.622532
0.451 0.157 0.447535
0.451 0.206 0.443936
0.451 0.255 0.344272
0.451 0.304 0.389734
0.451 0.353 0.511984
0.451 0.402 0.600782
0.451 0.451 0.794655
0.451 0.5 0.914193
0.451 0.549 0.792669
0.451 0.598 0.470861
0.451 0.647 0.214719
0.451 0.696 0.20046
0.451 0.745 0.284174
0.451 0.794 0.342376
0.451 0.843 0.239137
0.451 0.892 0.213888
0.451 0.941 0.630483
0.451 0.99 1.11891
0.5 0.01 2.29378
0.5 0.059 1.44327
0.5 0.108 0.643966
0.5 0.157 0.462945
0.5 0.206 0.459221
0.5 0.255 0.356126
0.5 0.304 0.403153
0.5 0.353 0.529612
0.5 0.402 0.621468
0.5 0.451 0.822016
0.5 0.5 0.94567
0.5 0.549 0.819962
0.5 0.598 0.487073
0.5 0.647 0.222112
0.5 0.696 0.207363
0.5 0.745 0.293958
0.5 0.794 0.354164
0.5 0.843 0.247371
0.5 0.892 0.221253
0.5 0.941 0.652192
0.5 0.99 1.15744
0.549 0.01 1.44754
0.549 0.059 0.910804
0.549 0.108 0.406388
0.549 0.157 0.292151
0.549 0.206 0.289801
0.549 0.255 0.22474
0.549 0.304 0.254418
0.549 0.353 0.334223
0.549 0.402 0.39219
0.549 0.451 0.51875
0.549 0.5 0.596785
0.549 0.549 0.517454
0.549 0.598 0.307378
0.549 0.647 0.140168
0.549 0.696 0.130861
0.549 0.745 0.185508
0.549 0.794 0.223503
0.549 0.843 0.156109
0.549 0.892 0.139626
0.549 0.941 0.411579
0.549 0.99 0.730425
0.598 0.01 1.42139
0.598 0.059 0.894351
0.598 0.108 0.399048
0.598 0.157 0.286873
0.598 0.206 0.284566
0.598 0.255 0.220681
0.598 0.304 0.249822
0.598 0.353 0.328185
0.598 0.402 0.385106
0.598 0.451 0.50938
0.598 0.5 0.586005
0.598 0.549 0.508107
0.598 0.598 0.301825
0.598 0.647 0.137636
0.598 0.696 0.128497
0.598 0.745 0.182157
0.598 0.794 0.219466
0.598 0.843 0.153289
0.598 0.892 0.137104
0.598 0.941 0.404144
0.598 0.99 0.717231
0.647 0.01 2.33191
0.647 0.059 1.46725
0.647 0.108 0.654669
0.647 0.157 0.470639
0.647 0.206 0.466854
0.647 0.255 0.362044
0.647 0.304 0.409853
0.647 0.353 0.538414
0.647 0.402 0.631797
0.647 0.451 0.835678
0.647 0.5 0.961388
0.647 0.549 0.83359
0.647 0.598 0.495168
0.647 0.647 0.225803
0.647 0.696 0.210809
0.647 0.745 0.298844
0.647 0.794 0.360051
0.647 0.843 0.251482
0.647 0.892 0.22493
0.647 0.941 0.663031
0.647 0.99 1.17667
0.696 0.01 2.32731
0.696 0.059 1.46436
0.696 0.108 0.65338
0.696 0.157 0.469712
0.696 0.206 0.465934
0.696 0.255 0.361331
0.696 0.304 0.409046
0.696 0.353 0.537354
0.696 0.402 0.630552
0.696 0.451 0.834032
0.696 0.5 0.959494
0.696 0.549 0.831948
0.696 0.598 0.494193
0.696 0.647 0.225358
0.696 0.696 0.210394
0.696 0.745 0.298255
0.696 0.794 0.359341
0.696 0.843 0.250987
0.696 0.892 0.224487
0.696 0.941 0.661725
0.696 0.99 1.17436
0.745 0.01 1.5927
0.745 0.059 1.00214
0.745 0.108 0.447141
0.745 0.157 0.321448
0.745 0.206 0.318862
0.745 0.255 0.247277
0.745 0.304 0.279931
0.745 0.353 0.367738
0.745 0.402 0.431519
0.745 0.451 0.57077
0.745 0.5 0.65663
0.745 0.549 0.569344
0.745 0.598 0.338201
0.745 0.647 0.154224
0.745 0.696 0.143983
0.745 0.745 0.204111
0.745 0.794 0.245916
0.745 0.843 0.171763
0.745 0.892 0.153628
0.745 0.941 0.452852
0.745 0.99 0.803672
0.794 0.01 3.5814
0.794 0.059 2.25345
0.794 0.108 1.00546
0.794 0.157 0.72282
0.794 0.206 0.717007
0.794 0.255 0.556038
0.794 0.304 0.629464
0.794 0.353 0.826912
0.794 0.402 0.970331
0.794 0.451 1.28346
0.794 0.5 1.47653
0.794 0.549 1.28025
0.794 0.598 0.760493
0.794 0.647 0.346795
0.794 0.696 0.323766
0.794 0.745 0.458973
0.794 0.794 0.552976
0.794 0.843 0.386234
0.794 0.892 0.345454
0.794 0.941 1.0183
0.794 0.99 1.80717
0.843 0.01 9.42224
0.843 0.059 5.92856
0.843 0.108 2.64524
0.843 0.157 1.90165
0.843 0.206 1.88636
0.843 0.255 1.46287
0.843 0.304 1.65604
0.843 0.353 2.17551
0.843 0.402 2.55282
0.843 0.451 3.37662
0.843 0.5 3.88456
0.843 0.549 3.36819
0.843 0.598 2.00077
0.843 0.647 0.912376
0.843 0.696 0.85179
0.843 0.745 1.2075
0.843 0.794 1.45481
0.843 0.843 1.01613
0.843 0.892 0.908847
0.843 0.941 2.67903
0.843 0.99 4.75444
0.892 0.01 12.8593
0.892 0.059 8.09121
0.892 0.108 3.61019
0.892 0.157 2.59535
0.892 0.206 2.57448
0.892 0.255 1.9965
0.892 0.304 2.26015
0.892 0.353 2.9691
0.892 0.402 3.48406
0.892 0.451 4.60836
0.892 0.5 5.3016
0.892 0.549 4.59685
0.892 0.598 2.73062
0.892 0.647 1.2452
0.892 0.696 1.16251
0.892 0.745 1.64798
0.892 0.794 1.98551
0.892 0.843 1.38681
0.892 0.892 1.24038
0.892 0.941 3.6563
0.892 0.99 6.4888
0.941 0.01 11.9539
0.941 0.059 7.52149
0.941 0.108 3.35599
0.941 0.157 2.4126
0.941 0.206 2.3932
0.941 0.255 1.85592
0.941 0.304 2.101
0.941 0.353 2.76004
0.941 0.402 3.23874
0.941 0.451 4.28388
0.941 0.5 4.9283
0.941 0.549 4.27318
0.941 0.598 2.53835
0.941 0.647 1.15752
0.941 0.696 1.08066
0.941 0.745 1.53194
0.941 0.794 1.8457
0.941 0.843 1.28916
0.941 0.892 1.15304
0.941 0.941 3.39885
0.941 0.99 6.03191
0.99 0.01 11.8328
0.99 0.059 7.44533
0.99 0.108 3.32201
0.99 0.157 2.38817
0.99 0.206 2.36897
0.99 0.255 1.83713
0.99 0.304 2.07973
0.99 0.353 2.73209
0.99 0.402 3.20594
0.99 0.451 4.2405
0.99 0.5 4.87839
0.99 0.549 4.22991
0.99 0.598 2.51265
0.99 0.647 1.1458
0.99 0.696 1.06971
0.99 0.745 1.51643
0.99 0.794 1.82701
0.99 0.843 1.2761
0.99 0.892 1.14137
0.99 0.941 3.36444
0.99 0.99 5.97083
