0.01 0.01 2.23995
0.01 0.059 1.4172
0.01 0.108 0.537492
0.01 0.157 0.245014
0.01 0.206 0.318037
0.01 0.255 0.391928
0.01 0.304 0.304873
0.01 0.353 0.281956
0.01 0.402 0.407729
0.01 0.451 0.437391
0.01 0.5 0.41163
0.01 0.549 0.442723
0.01 0.598 0.341313
0.01 0.647 0.257585
0.01 0.696 0.375597
0.01 0.745 0.413639
0.01 0.794 0.310993
0.01 0.843 0.411812
0.01 0.892 0.747257
0.01 0.941 1.36922
0.01 0.99 1.96231
0.059 0.01 2.44974
0.059 0.059 1.54993
0.059 0.108 0.58783
0.059 0.157 0.26796
0.059 0.206 0.347823
0.059 0.255 0.428634
0.059 0.304 0.333426
0.059 0.353 0.308363
0.059 0.402 0.445915
0.059 0.451 0.478355
0.059 0.5 0.450181
0.059 0.549 0.484186
0.059 0.598 0.373279
0.059 0.647 0.281709
0.059 0.696 0.410774
0.059 0.745 0.452378
0.059 0.794 0.340119
0.059 0.843 0.45038
0.059 0.892 0.817241
0.059 0.941 1.49746
0.059 0.99 2.14609
0.108 0.01 2.57503
0.108 0.059 1.6292
0.108 0.108 0.617896
0.108 0.157 0.281666
0.108 0.206 0.365613
0.108 0.255 0.450557
0.108 0.304 0.350479
0.108 0.353 0.324135
0.108 0.402 0.468722
0.108 0.451 0.502821
0.108 0.5 0.473207
0.108 0.549 0.508951
0.108 0.598 0.392371
0.108 0.647 0.296117
0.108 0.696 0.431784
0.108 0.745 0.475516
0.108 0.794 0.357515
0.108 0.843 0.473415
0.108 0.892 0.85904
0.108 0.941 1.57405
0.108 0.99 2.25585
0.157 0.01 2.71122
0.157 0.059 1.71536
0.157 0.108 0.650574
0.157 0.157 0.296562
0.157 0.206 0.384949
0.157 0.255 0.474385
0.157 0.304 0.369015
0.157 0.353 0.341277
0.157 0.402 0.49351
0.157 0.451 0.529413
0.157 0.5 0.498233
0.157 0.549 0.535867
0.157 0.598 0.413121
0.157 0.647 0.311778
0.157 0.696 0.454619
0.157 0.745 0.500664
0.157 0.794 0.376422
0.157 0.843 0.498452
0.157 0.892 0.904471
0.157 0.941 1.65729
0.157 0.99 2.37515
0.206 0.01 3.13092
0.206 0.059 1.9809
0.206 0.108 0.751284
0.206 0.157 0.34247
0.206 0.206 0.44454
0.206 0.255 0.547821
0.206 0.304 0.426139
0.206 0.353 0.394107
0.206 0.402 0.569907
0.206 0.451 0.611368
0.206 0.5 0.57536
0.206 0.549 0.618821
0.206 0.598 0.477074
0.206 0.647 0.360042
0.206 0.696 0.524995
0.206 0.745 0.578168
0.206 0.794 0.434693
0.206 0.843 0.575614
0.206 0.892 1.04449
0.206 0.941 1.91384
0.206 0.99 2.74283
0.255 0.01 2.67758
0.255 0.059 1.69408
0.255 0.108 0.642502
0.255 0.157 0.292882
0.255 0.206 0.380172
0.255 0.255 0.468499
0.255 0.304 0.364436
0.255 0.353 0.337042
0.255 0.402 0.487387
0.255 0.451 0.522845
0.255 0.5 0.492051
0.255 0.549 0.529219
0.255 0.598 0.407996
0.255 0.647 0.307909
0.255 0.696 0.448978
0.255 0.745 0.494452
0.255 0.794 0.371752
0.255 0.843 0.492268
0.255 0.892 0.893249
0.255 0.941 1.63673
0.255 0.99 2.34568
0.304 0.01 2.44246
0.304 0.059 1.54532
0.304 0.108 0.586083
0.304 0.157 0.267164
0.304 0.206 0.346789
0.304 0.255 0.42736
0.304 0.304 0.332435
0.304 0.353 0.307446
0.304 0.402 0.444589
0.304 0.451 0.476933
0.304 0.5 0.448843
0.304 0.549 0.482747
0.304 0.598 0.372169
0.304 0.647 0.280872
0.304 0.696 0.409553
0.304 0.745 0.451034
0.304 0.794 0.339108
0.304 0.843 0.449041
0.304 0.892 0.814812
0.304 0.941 1.493
0.304 0.99 2.13971
0.353 0.01 2.48601
0.353 0.059 1.57288
0.353 0.108 0.596535
0.353 0.157 0.271928
0.353 0.206 0.352973
0.353 0.255 0.434981
0.353 0.304 0.338363
0.353 0.353 0.312929
0.353 0.402 0.452517
0.353 0.451 0.485438
0.353 0.5 0.456847
0.353 0.549 0.491356
0.353 0.598 0.378806
0.353 0.647 0.28588
0.353 0.696 0.416856
0.353 0.745 0.459077
0.353 0.794 0.345155
0.353 0.843 0.457049
0.353 0.892 0.829342
0.353 0.941 1.51963
0.353 0.99 2.17786
0.402 0.01 1.53978
0.402 0.059 0.974203
0.402 0.108 0.36948
0.402 0.157 0.168426
0.402 0.206 0.218623
0.402 0.255 0.269417
0.402 0.304 0.209574
0.402 0.353 0.193821
0.402 0.402 0.280279
0.402 0.451 0.300669
0.402 0.5 0.282961
0.402 0.549 0.304335
0.402 0.598 0.234624
0.402 0.647 0.177068
0.402 0.696 0.258191
0.402 0.745 0.284341
0.402 0.794 0.213781
0.402 0.843 0.283085
0.402 0.892 0.513675
0.402 0.941 0.941223
0.402 0.99 1.34892
0.451 0.01 0.807048
0.451 0.059 0.510612
0.451 0.108 0.193657
0.451 0.157 0.0882776
0.451 0.206 0.114588
0.451 0.255 0.14121
0.451 0.304 0.109845
0.451 0.353 0.101588
0.451 0.402 0.146903
0.451 0.451 0.157591
0.451 0.5 0.148309
0.451 0.549 0.159512
0.451 0.598 0.122974
0.451 0.647 0.092807
0.451 0.696 0.135327
0.451 0.745 0.149033
0.451 0.794 0.11205
0.451 0.843 0.148374
0.451 0.892 0.269234
0.451 0.941 0.493326
0.451 0.99 0.707013
0.5 0.01 1.25763
0.5 0.059 0.795693
0.5 0.108 0.301777
0.5 0.157 0.137564
0.5 0.206 0.178563
0.5 0.255 0.22005
0.5 0.304 0.171172
0.5 0.353 0.158306
0.5 0.402 0.228921
0.5 0.451 0.245575
0.5 0.5 0.231112
0.5 0.549 0.248569
0.5 0.598 0.191632
0.5 0.647 0.144622
0.5 0.696 0.210881
0.5 0.745 0.232239
0.5 0.794 0.174608
0.5 0.843 0.231214
0.5 0.892 0.419551
0.5 0.941 0.768755
0.5 0.99 1.10175
0.549 0.01 2.05354
0.549 0.059 1.29926
0.549 0.108 0.492761
0.549 0.157 0.224623
0.549 0.206 0.29157
0.549 0.255 0.359311
0.549 0.304 0.279501
0.549 0.353 0.258492
0.549 0.402 0.373797
0.549 0.451 0.400991
0.549 0.5 0.377374
0.549 0.549 0.40588
0.549 0.598 0.312909
0.549 0.647 0.236148
0.549 0.696 0.34434
0.549 0.745 0.379215
0.549 0.794 0.285112
0.549 0.843 0.37754
0.549 0.892 0.685069
0.549 0.941 1.25527
0.549 0.99 1.799
0.598 0.01 2.37023
0.598 0.059 1.49962
0.598 0.108 0.568751
0.598 0.157 0.259263
0.598 0.206 0.336534
0.598 0.255 0.414721
0.598 0.304 0.322604
0.598 0.353 0.298354
0.598 0.402 0.431441
0.598 0.451 0.462829
0.598 0.5 0.43557
0.598 0.549 0.468471
0.598 0.598 0.361163
0.598 0.647 0.272565
0.598 0.696 0.397441
0.598 0.745 0.437695
0.598 0.794 0.32908
0.598 0.843 0.435762
0.598 0.892 0.790716
0.598 0.941 1.44885
0.598 0.99 2.07643
0.647 0.01 2.90472
0.647 0.059 1.83779
0.647 0.108 0.697007
0.647 0.157 0.317728
0.647 0.206 0.412423
0.647 0.255 0.508243
0.647 0.304 0.395352
0.647 0.353 0.365634
0.647 0.402 0.528733
0.647 0.451 0.567199
0.647 0.5 0.533793
0.647 0.549 0.574113
0.647 0.598 0.442607
0.647 0.647 0.33403
0.647 0.696 0.487066
0.647 0.745 0.536397
0.647 0.794 0.403288
0.647 0.843 0.534028
0.647 0.892 0.969025
0.647 0.941 1.77557
0.647 0.99 2.54467
0.696 0.01 6.96476
0.696 0.059 4.40654
0.696 0.108 1.67124
0.696 0.157 0.761829
0.696 0.206 0.988884
0.696 0.255 1.21863
0.696 0.304 0.947951
0.696 0.353 0.876696
0.696 0.402 1.26776
0.696 0.451 1.35999
0.696 0.5 1.2799
0.696 0.549 1.37657
0.696 0.598 1.06126
0.696 0.647 0.800917
0.696 0.696 1.16786
0.696 0.745 1.28614
0.696 0.794 0.966981
0.696 0.843 1.28046
0.696 0.892 2.32347
0.696 0.941 4.25737
0.696 0.99 6.10147
0.745 0.01 11.5115
0.745 0.059 7.28323
0.745 0.108 2.76226
0.745 0.157 1.25917
0.745 0.206 1.63445
0.745 0.255 2.01419
0.745 0.304 1.56679
0.745 0.353 1.44902
0.745 0.402 2.09539
0.745 0.451 2.24783
0.745 0.5 2.11544
0.745 0.549 2.27523
0.745 0.598 1.75407
0.745 0.647 1.32377
0.745 0.696 1.93026
0.745 0.745 2.12576
0.745 0.794 1.59825
0.745 0.843 2.11637
0.745 0.892 3.84028
0.745 0.941 7.03667
0.745 0.99 10.0846
0.794 0.01 9.55208
0.794 0.059 6.04351
0.794 0.108 2.29208
0.794 0.157 1.04484
0.794 0.206 1.35624
0.794 0.255 1.67134
0.794 0.304 1.3001
0.794 0.353 1.20238
0.794 0.402 1.73872
0.794 0.451 1.86521
0.794 0.5 1.75536
0.794 0.549 1.88795
0.794 0.598 1.4555
0.794 0.647 1.09845
0.794 0.696 1.6017
0.794 0.745 1.76392
0.794 0.794 1.3262
0.794 0.843 1.75613
0.794 0.892 3.18661
0.794 0.941 5.83892
0.794 0.99 8.36808
0.843 0.01 5.28157
0.843 0.059 3.3416
0.843 0.108 1.26735
0.843 0.157 0.577716
0.843 0.206 0.749897
0.843 0.255 0.924123
0.843 0.304 0.718857
0.843 0.353 0.664822
0.843 0.402 0.961381
0.843 0.451 1.03132
0.843 0.5 0.97058
0.843 0.549 1.04389
0.843 0.598 0.804779
0.843 0.647 0.607357
0.843 0.696 0.885618
0.843 0.745 0.975316
0.843 0.794 0.733288
0.843 0.843 0.971008
0.843 0.892 1.76195
0.843 0.941 3.22848
0.843 0.99 4.62691
0.892 0.01 3.67288
0.892 0.059 2.3238
0.892 0.108 0.881331
0.892 0.157 0.401752
0.892 0.206 0.521489
0.892 0.255 0.642649
0.892 0.304 0.499903
0.892 0.353 0.462327
0.892 0.402 0.668558
0.892 0.451 0.717195
0.892 0.5 0.674955
0.892 0.549 0.725939
0.892 0.598 0.559655
0.892 0.647 0.422365
0.892 0.696 0.615871
0.892 0.745 0.678248
0.892 0.794 0.509939
0.892 0.843 0.675252
0.892 0.892 1.22529
0.892 0.941 2.24513
0.892 0.99 3.21762
0.941 0.01 4.21714
0.941 0.059 2.66814
0.941 0.108 1.01193
0.941 0.157 0.461284
0.941 0.206 0.598765
0.941 0.255 0.737878
0.941 0.304 0.57398
0.941 0.353 0.530836
0.941 0.402 0.767626
0.941 0.451 0.823471
0.941 0.5 0.774971
0.941 0.549 0.83351
0.941 0.598 0.642586
0.941 0.647 0.484952
0.941 0.696 0.707133
0.941 0.745 0.778753
0.941 0.794 0.585503
0.941 0.843 0.775313
0.941 0.892 1.40685
0.941 0.941 2.57782
0.941 0.99 3.69441
0.99 0.01 4.84011
0.99 0.059 3.06229
0.99 0.108 1.16142
0.99 0.157 0.529427
0.99 0.206 0.687217
0.99 0.255 0.84688
0.99 0.304 0.658771
0.99 0.353 0.609253
0.99 0.402 0.881023
0.99 0.451 0.945117
0.99 0.5 0.889453
0.99 0.549 0.956639
0.99 0.598 0.737511
0.99 0.647 0.556591
0.99 0.696 0.811593
0.99 0.745 0.893793
0.99 0.794 0.671995
0.99 0.843 0.889845
0.99 0.892 1.61468
0.99 0.941 2.95862
0.99 0.99 4.24016
