0.01 0.01 7.83283
0.01 0.059 5.3369
0.01 0.108 1.92419
0.01 0.157 0.700123
0.01 0.206 1.36594
0.01 0.255 2.03889
0.01 0.304 2.66723
0.01 0.353 3.50838
0.01 0.402 2.30869
0.01 0.451 0.682012
0.01 0.5 0.647199
0.01 0.549 1.76307
0.01 0.598 3.00125
0.01 0.647 3.85138
0.01 0.696 3.22059
0.01 0.745 3.41426
0.01 0.794 7.29949
0.01 0.843 12.4713
0.01 0.892 17.7671
0.01 0.941 27.7047
0.01 0.99 38.8341
0.059 0.01 4.56324
0.059 0.059 3.10917
0.059 0.108 1.12099
0.059 0.157 0.407877
0.059 0.206 0.795766
0.059 0.255 1.18782
0.059 0.304 1.55387
0.059 0.353 2.04391
0.059 0.402 1.34499
0.059 0.451 0.397326
0.059 0.5 0.377045
0.059 0.549 1.02713
0.059 0.598 1.74847
0.059 0.647 2.24374
0.059 0.696 1.87625
0.059 0.745 1.98908
0.059 0.794 4.25253
0.059 0.843 7.26551
0.059 0.892 10.3507
0.059 0.941 16.1402
0.059 0.99 22.6239
0.108 0.01 1.61226
0.108 0.059 1.09852
0.108 0.108 0.396063
0.108 0.157 0.144109
0.108 0.206 0.281156
0.108 0.255 0.419674
0.108 0.304 0.549007
0.108 0.353 0.722143
0.108 0.402 0.475207
0.108 0.451 0.140381
0.108 0.5 0.133216
0.108 0.549 0.3629
0.108 0.598 0.61776
0.108 0.647 0.792746
0.108 0.696 0.662907
0.108 0.745 0.702772
0.108 0.794 1.50249
0.108 0.843 2.56701
0.108 0.892 3.65707
0.108 0.941 5.70258
0.108 0.99 7.99339
0.157 0.01 0.787954
0.157 0.059 0.536873
0.157 0.108 0.193566
0.157 0.157 0.0704299
0.157 0.206 0.137408
0.157 0.255 0.205105
0.157 0.304 0.268314
0.157 0.353 0.35293
0.157 0.402 0.232246
0.157 0.451 0.0686079
0.157 0.5 0.0651059
0.157 0.549 0.177358
0.157 0.598 0.301915
0.157 0.647 0.387435
0.157 0.696 0.323979
0.157 0.745 0.343463
0.157 0.794 0.734303
0.157 0.843 1.25457
0.157 0.892 1.7873
0.157 0.941 2.787
0.157 0.99 3.90657
0.206 0.01 0.799681
0.206 0.059 0.544863
0.206 0.108 0.196447
0.206 0.157 0.071478
0.206 0.206 0.139453
0.206 0.255 0.208158
0.206 0.304 0.272307
0.206 0.353 0.358182
0.206 0.402 0.235702
0.206 0.451 0.0696289
0.206 0.5 0.0660748
0.206 0.549 0.179998
0.206 0.598 0.306408
0.206 0.647 0.393201
0.206 0.696 0.328801
0.206 0.745 0.348574
0.206 0.794 0.745231
0.206 0.843 1.27324
0.206 0.892 1.8139
0.206 0.941 2.82847
0.206 0.99 3.96471
0.255 0.01 0.784522
0.255 0.059 0.534535
0.255 0.108 0.192723
0.255 0.157 0.0701231
0.255 0.206 0.13681
0.255 0.255 0.204212
0.255 0.304 0.267145
0.255 0.353 0.351393
0.255 0.402 0.231234
0.255 0.451 0.0683091
0.255 0.5 0.0648223
0.255 0.549 0.176586
0.255 0.598 0.3006
0.255 0.647 0.385748
0.255 0.696 0.322568
0.255 0.745 0.341967
0.255 0.794 0.731104
0.255 0.843 1.2491
0.255 0.892 1.77952
0.255 0.941 2.77486
0.255 0.99 3.88956
0.304 0.01 0.825465
0.304 0.059 0.562431
0.304 0.108 0.202781
0.304 0.157 0.0737827
0.304 0.206 0.14395
0.304 0.255 0.214869
0.304 0.304 0.281087
0.304 0.353 0.369731
0.304 0.402 0.243302
0.304 0.451 0.071874
0.304 0.5 0.0682053
0.304 0.549 0.185802
0.304 0.598 0.316288
0.304 0.647 0.405879
0.304 0.696 0.339402
0.304 0.745 0.359813
0.304 0.794 0.769259
0.304 0.843 1.31429
0.304 0.892 1.87239
0.304 0.941 2.91967
0.304 0.99 4.09255
0.353 0.01 1.23565
0.353 0.059 0.841907
0.353 0.108 0.303544
0.353 0.157 0.110446
0.353 0.206 0.215479
0.353 0.255 0.32164
0.353 0.304 0.420761
0.353 0.353 0.553454
0.353 0.402 0.3642
0.353 0.451 0.107589
0.353 0.5 0.102097
0.353 0.549 0.278128
0.353 0.598 0.473454
0.353 0.647 0.607564
0.353 0.696 0.508054
0.353 0.745 0.538607
0.353 0.794 1.15151
0.353 0.843 1.96737
0.353 0.892 2.8028
0.353 0.941 4.37048
0.353 0.99 6.12616
0.402 0.01 1.5337
0.402 0.059 1.04499
0.402 0.108 0.376764
0.402 0.157 0.137087
0.402 0.206 0.267456
0.402 0.255 0.399224
0.402 0.304 0.522256
0.402 0.353 0.686955
0.402 0.402 0.452051
0.402 0.451 0.133541
0.402 0.5 0.126724
0.402 0.549 0.345217
0.402 0.598 0.587658
0.402 0.647 0.754118
0.402 0.696 0.630605
0.402 0.745 0.668528
0.402 0.794 1.42927
0.402 0.843 2.44193
0.402 0.892 3.47887
0.402 0.941 5.42471
0.402 0.99 7.60389
0.451 0.01 1.44726
0.451 0.059 0.986091
0.451 0.108 0.355529
0.451 0.157 0.129361
0.451 0.206 0.252382
0.451 0.255 0.376723
0.451 0.304 0.49282
0.451 0.353 0.648237
0.451 0.402 0.426573
0.451 0.451 0.126014
0.451 0.5 0.119582
0.451 0.549 0.32576
0.451 0.598 0.554536
0.451 0.647 0.711614
0.451 0.696 0.595063
0.451 0.745 0.630848
0.451 0.794 1.34872
0.451 0.843 2.3043
0.451 0.892 3.2828
0.451 0.941 5.11896
0.451 0.99 7.17532
0.5 0.01 1.16433
0.5 0.059 0.793318
0.5 0.108 0.286026
0.5 0.157 0.104072
0.5 0.206 0.203043
0.5 0.255 0.303077
0.5 0.304 0.396478
0.5 0.353 0.521512
0.5 0.402 0.343181
0.5 0.451 0.10138
0.5 0.5 0.0962047
0.5 0.549 0.262076
0.5 0.598 0.446129
0.5 0.647 0.5725
0.5 0.696 0.478733
0.5 0.745 0.507523
0.5 0.794 1.08505
0.5 0.843 1.85383
0.5 0.892 2.64104
0.5 0.941 4.11825
0.5 0.99 5.7726
0.549 0.01 0.758701
0.549 0.059 0.516941
0.549 0.108 0.18638
0.549 0.157 0.0678151
0.549 0.206 0.132307
0.549 0.255 0.197491
0.549 0.304 0.258352
0.549 0.353 0.339827
0.549 0.402 0.223623
0.549 0.451 0.0660608
0.549 0.5 0.0626888
0.549 0.549 0.170774
0.549 0.598 0.290706
0.549 0.647 0.373051
0.549 0.696 0.311951
0.549 0.745 0.330711
0.549 0.794 0.707041
0.549 0.843 1.20799
0.549 0.892 1.72095
0.549 0.941 2.68353
0.549 0.99 3.76154
0.598 0.01 0.404548
0.598 0.059 0.275639
0.598 0.108 0.0993799
0.598 0.157 0.0361598
0.598 0.206 0.0705476
0.598 0.255 0.105304
0.598 0.304 0.137757
0.598 0.353 0.1812
0.598 0.402 0.119239
0.598 0.451 0.0352244
0.598 0.5 0.0334264
0.598 0.549 0.0910586
0.598 0.598 0.155008
0.598 0.647 0.198915
0.598 0.696 0.166336
0.598 0.745 0.176339
0.598 0.794 0.377003
0.598 0.843 0.644114
0.598 0.892 0.917631
0.598 0.941 1.43089
0.598 0.99 2.0057
0.647 0.01 0.355777
0.647 0.059 0.242409
0.647 0.108 0.087399
0.647 0.157 0.0318005
0.647 0.206 0.0620426
0.647 0.255 0.0926092
0.647 0.304 0.121149
0.647 0.353 0.159355
0.647 0.402 0.104864
0.647 0.451 0.0309779
0.647 0.5 0.0293966
0.647 0.549 0.0800809
0.647 0.598 0.136321
0.647 0.647 0.174935
0.647 0.696 0.146283
0.647 0.745 0.15508
0.647 0.794 0.331553
0.647 0.843 0.566462
0.647 0.892 0.807004
0.647 0.941 1.25839
0.647 0.99 1.7639
0.696 0.01 0.373152
0.696 0.059 0.254247
0.696 0.108 0.0916671
0.696 0.157 0.0333535
0.696 0.206 0.0650724
0.696 0.255 0.0971317
0.696 0.304 0.127065
0.696 0.353 0.167137
0.696 0.402 0.109985
0.696 0.451 0.0324907
0.696 0.5 0.0308322
0.696 0.549 0.0839917
0.696 0.598 0.142978
0.696 0.647 0.183478
0.696 0.696 0.153427
0.696 0.745 0.162654
0.696 0.794 0.347744
0.696 0.843 0.594125
0.696 0.892 0.846414
0.696 0.941 1.31984
0.696 0.99 1.85004
0.745 0.01 0.542587
0.745 0.059 0.369692
0.745 0.108 0.13329
0.745 0.157 0.0484982
0.745 0.206 0.0946196
0.745 0.255 0.141236
0.745 0.304 0.184762
0.745 0.353 0.243028
0.745 0.402 0.159925
0.745 0.451 0.0472436
0.745 0.5 0.0448321
0.745 0.549 0.122129
0.745 0.598 0.207899
0.745 0.647 0.266789
0.745 0.696 0.223093
0.745 0.745 0.236509
0.745 0.794 0.505643
0.745 0.843 0.863897
0.745 0.892 1.23074
0.745 0.941 1.91913
0.745 0.99 2.69007
0.794 0.01 0.596404
0.794 0.059 0.40636
0.794 0.108 0.14651
0.794 0.157 0.0533085
0.794 0.206 0.104004
0.794 0.255 0.155244
0.794 0.304 0.203087
0.794 0.353 0.267133
0.794 0.402 0.175787
0.794 0.451 0.0519294
0.794 0.5 0.0492788
0.794 0.549 0.134243
0.794 0.598 0.22852
0.794 0.647 0.29325
0.794 0.696 0.24522
0.794 0.745 0.259967
0.794 0.794 0.555795
0.794 0.843 0.949582
0.794 0.892 1.35281
0.794 0.941 2.10948
0.794 0.99 2.95689
0.843 0.01 0.281588
0.843 0.059 0.19186
0.843 0.108 0.0691739
0.843 0.157 0.0251692
0.843 0.206 0.049105
0.843 0.255 0.0732976
0.843 0.304 0.0958862
0.843 0.353 0.126125
0.843 0.402 0.0829967
0.843 0.451 0.0245181
0.843 0.5 0.0232666
0.843 0.549 0.0633818
0.843 0.598 0.107894
0.843 0.647 0.138456
0.843 0.696 0.115779
0.843 0.745 0.122742
0.843 0.794 0.262415
0.843 0.843 0.448339
0.843 0.892 0.638722
0.843 0.941 0.995977
0.843 0.99 1.39608
0.892 0.01 0.109293
0.892 0.059 0.0744668
0.892 0.108 0.0268485
0.892 0.157 0.00976896
0.892 0.206 0.0190592
0.892 0.255 0.0284491
0.892 0.304 0.0372164
0.892 0.353 0.0489531
0.892 0.402 0.0322136
0.892 0.451 0.00951624
0.892 0.5 0.0090305
0.892 0.549 0.0246005
0.892 0.598 0.041877
0.892 0.647 0.0537391
0.892 0.696 0.0449375
0.892 0.745 0.0476399
0.892 0.794 0.101851
0.892 0.843 0.174014
0.892 0.892 0.247908
0.892 0.941 0.38657
0.892 0.99 0.54186
0.941 0.01 0.309214
0.941 0.059 0.210683
0.941 0.108 0.0759603
0.941 0.157 0.0276385
0.941 0.206 0.0539225
0.941 0.255 0.0804886
0.941 0.304 0.105293
0.941 0.353 0.138499
0.941 0.402 0.0911392
0.941 0.451 0.0269235
0.941 0.5 0.0255492
0.941 0.549 0.0696
0.941 0.598 0.118479
0.941 0.647 0.15204
0.941 0.696 0.127138
0.941 0.745 0.134784
0.941 0.794 0.288159
0.941 0.843 0.492324
0.941 0.892 0.701384
0.941 0.941 1.09369
0.941 0.99 1.53304
0.99 0.01 0.60138
0.99 0.059 0.409751
0.99 0.108 0.147733
0.99 0.157 0.0537533
0.99 0.206 0.104872
0.99 0.255 0.15654
0.99 0.304 0.204782
0.99 0.353 0.269362
0.99 0.402 0.177254
0.99 0.451 0.0523627
0.99 0.5 0.0496899
0.99 0.549 0.135363
0.99 0.598 0.230427
0.99 0.647 0.295697
0.99 0.696 0.247267
0.99 0.745 0.262137
0.99 0.794 0.560432
0.99 0.843 0.957506
0.99 0.892 1.3641
0.99 0.941 2.12708
0.99 0.99 2.98156
