0.01 0.01 9.89637e-07
0.01 0.059 8.26739e-05
0.01 0.108 0.00295826
0.01 0.157 0.0405362
0.01 0.206 0.213775
0.01 0.255 0.455813
0.01 0.304 0.56276
0.01 0.353 0.808538
0.01 0.402 0.843515
0.01 0.451 0.458024
0.01 0.5 0.460873
0.01 0.549 0.882948
0.01 0.598 1.18027
0.01 0.647 1.17947
0.01 0.696 1.399
0.01 0.745 1.73595
0.01 0.794 1.98673
0.01 0.843 2.30862
0.01 0.892 3.48569
0.01 0.941 7.79577
0.01 0.99 12.7052
0.059 0.01 8.36701e-07
0.059 0.059 6.98976e-05
0.059 0.108 0.00250109
0.059 0.157 0.0342718
0.059 0.206 0.180739
0.059 0.255 0.385373
0.059 0.304 0.475792
0.059 0.353 0.683588
0.059 0.402 0.71316
0.059 0.451 0.387242
0.059 0.5 0.389651
0.059 0.549 0.746499
0.059 0.598 0.997876
0.059 0.647 0.997197
0.059 0.696 1.18281
0.059 0.745 1.46768
0.059 0.794 1.6797
0.059 0.843 1.95185
0.059 0.892 2.94702
0.059 0.941 6.59103
0.059 0.99 10.7418
0.108 0.01 6.69989e-07
0.108 0.059 5.59706e-05
0.108 0.108 0.00200275
0.108 0.157 0.0274432
0.108 0.206 0.144727
0.108 0.255 0.308587
0.108 0.304 0.380991
0.108 0.353 0.547384
0.108 0.402 0.571063
0.108 0.451 0.310084
0.108 0.5 0.312013
0.108 0.549 0.597759
0.108 0.598 0.79905
0.108 0.647 0.798506
0.108 0.696 0.947132
0.108 0.745 1.17525
0.108 0.794 1.34502
0.108 0.843 1.56294
0.108 0.892 2.35983
0.108 0.941 5.27777
0.108 0.99 8.60149
0.157 0.01 5.8697e-07
0.157 0.059 4.90353e-05
0.157 0.108 0.00175459
0.157 0.157 0.0240427
0.157 0.206 0.126794
0.157 0.255 0.27035
0.157 0.304 0.333782
0.157 0.353 0.479557
0.157 0.402 0.500303
0.157 0.451 0.271662
0.157 0.5 0.273351
0.157 0.549 0.523691
0.157 0.598 0.700039
0.157 0.647 0.699563
0.157 0.696 0.829773
0.157 0.745 1.02962
0.157 0.794 1.17836
0.157 0.843 1.36928
0.157 0.892 2.06742
0.157 0.941 4.6238
0.157 0.99 7.53568
0.206 0.01 5.68645e-07
0.206 0.059 4.75044e-05
0.206 0.108 0.00169981
0.206 0.157 0.0232921
0.206 0.206 0.122835
0.206 0.255 0.26191
0.206 0.304 0.323361
0.206 0.353 0.464585
0.206 0.402 0.484683
0.206 0.451 0.263181
0.206 0.5 0.264817
0.206 0.549 0.507341
0.206 0.598 0.678184
0.206 0.647 0.677722
0.206 0.696 0.803867
0.206 0.745 0.997478
0.206 0.794 1.14157
0.206 0.843 1.32653
0.206 0.892 2.00288
0.206 0.941 4.47944
0.206 0.99 7.30041
0.255 0.01 5.65226e-07
0.255 0.059 4.72187e-05
0.255 0.108 0.00168959
0.255 0.157 0.023152
0.255 0.206 0.122096
0.255 0.255 0.260335
0.255 0.304 0.321417
0.255 0.353 0.461792
0.255 0.402 0.481769
0.255 0.451 0.261598
0.255 0.5 0.263225
0.255 0.549 0.50429
0.255 0.598 0.674106
0.255 0.647 0.673647
0.255 0.696 0.799033
0.255 0.745 0.99148
0.255 0.794 1.13471
0.255 0.843 1.31855
0.255 0.892 1.99083
0.255 0.941 4.45251
0.255 0.99 7.25652
0.304 0.01 5.64582e-07
0.304 0.059 4.71649e-05
0.304 0.108 0.00168767
0.304 0.157 0.0231256
0.304 0.206 0.121957
0.304 0.255 0.260039
0.304 0.304 0.321051
0.304 0.353 0.461266
0.304 0.402 0.48122
0.304 0.451 0.2613
0.304 0.5 0.262925
0.304 0.549 0.503716
0.304 0.598 0.673338
0.304 0.647 0.67288
0.304 0.696 0.798123
0.304 0.745 0.990351
0.304 0.794 1.13342
0.304 0.843 1.31705
0.304 0.892 1.98857
0.304 0.941 4.44744
0.304 0.99 7.24825
0.353 0.01 5.22778e-07
0.353 0.059 4.36726e-05
0.353 0.108 0.0015627
0.353 0.157 0.0214133
0.353 0.206 0.112927
0.353 0.255 0.240784
0.353 0.304 0.297279
0.353 0.353 0.427112
0.353 0.402 0.445589
0.353 0.451 0.241952
0.353 0.5 0.243457
0.353 0.549 0.466419
0.353 0.598 0.623482
0.353 0.647 0.623057
0.353 0.696 0.739027
0.353 0.745 0.917022
0.353 0.794 1.04949
0.353 0.843 1.21953
0.353 0.892 1.84132
0.353 0.941 4.11813
0.353 0.99 6.71156
0.402 0.01 4.81936e-07
0.402 0.059 4.02607e-05
0.402 0.108 0.00144062
0.402 0.157 0.0197404
0.402 0.206 0.104105
0.402 0.255 0.221973
0.402 0.304 0.274054
0.402 0.353 0.393744
0.402 0.402 0.410777
0.402 0.451 0.22305
0.402 0.5 0.224437
0.402 0.549 0.42998
0.402 0.598 0.574772
0.402 0.647 0.574381
0.402 0.696 0.68129
0.402 0.745 0.845379
0.402 0.794 0.967502
0.402 0.843 1.12426
0.402 0.892 1.69747
0.402 0.941 3.7964
0.402 0.99 6.18722
0.451 0.01 4.11902e-07
0.451 0.059 3.44101e-05
0.451 0.108 0.00123127
0.451 0.157 0.0168718
0.451 0.206 0.0889765
0.451 0.255 0.189716
0.451 0.304 0.234229
0.451 0.353 0.336526
0.451 0.402 0.351084
0.451 0.451 0.190637
0.451 0.5 0.191822
0.451 0.549 0.367496
0.451 0.598 0.491248
0.451 0.647 0.490913
0.451 0.696 0.582287
0.451 0.745 0.722531
0.451 0.794 0.826907
0.451 0.843 0.960882
0.451 0.892 1.4508
0.451 0.941 3.24472
0.451 0.99 5.28811
0.5 0.01 4.63712e-07
0.5 0.059 3.87383e-05
0.5 0.108 0.00138614
0.5 0.157 0.018994
0.5 0.206 0.100168
0.5 0.255 0.21358
0.5 0.304 0.263691
0.5 0.353 0.378855
0.5 0.402 0.395244
0.5 0.451 0.214616
0.5 0.5 0.21595
0.5 0.549 0.413721
0.5 0.598 0.553038
0.5 0.647 0.552662
0.5 0.696 0.655529
0.5 0.745 0.813413
0.5 0.794 0.930918
0.5 0.843 1.08174
0.5 0.892 1.63328
0.5 0.941 3.65285
0.5 0.99 5.95326
0.549 0.01 4.77167e-07
0.549 0.059 3.98624e-05
0.549 0.108 0.00142636
0.549 0.157 0.0195451
0.549 0.206 0.103075
0.549 0.255 0.219777
0.549 0.304 0.271342
0.549 0.353 0.389848
0.549 0.402 0.406712
0.549 0.451 0.220843
0.549 0.5 0.222216
0.549 0.549 0.425725
0.549 0.598 0.569085
0.549 0.647 0.568698
0.549 0.696 0.67455
0.549 0.745 0.837015
0.549 0.794 0.957929
0.549 0.843 1.11313
0.549 0.892 1.68067
0.549 0.941 3.75884
0.549 0.99 6.126
0.598 0.01 4.50598e-07
0.598 0.059 3.76428e-05
0.598 0.108 0.00134694
0.598 0.157 0.0184568
0.598 0.206 0.0973354
0.598 0.255 0.207539
0.598 0.304 0.256234
0.598 0.353 0.368141
0.598 0.402 0.384066
0.598 0.451 0.208546
0.598 0.5 0.209843
0.598 0.549 0.402021
0.598 0.598 0.537398
0.598 0.647 0.537032
0.598 0.696 0.63699
0.598 0.745 0.790409
0.598 0.794 0.90459
0.598 0.843 1.05115
0.598 0.892 1.58709
0.598 0.941 3.54954
0.598 0.99 5.7849
0.647 0.01 4.93147e-07
0.647 0.059 4.11973e-05
0.647 0.108 0.00147413
0.647 0.157 0.0201996
0.647 0.206 0.106527
0.647 0.255 0.227137
0.647 0.304 0.280429
0.647 0.353 0.402903
0.647 0.402 0.420333
0.647 0.451 0.228239
0.647 0.5 0.229658
0.647 0.549 0.439982
0.647 0.598 0.588143
0.647 0.647 0.587742
0.647 0.696 0.697139
0.647 0.745 0.865045
0.647 0.794 0.990008
0.647 0.843 1.15041
0.647 0.892 1.73696
0.647 0.941 3.88472
0.647 0.99 6.33115
0.696 0.01 4.96591e-07
0.696 0.059 4.1485e-05
0.696 0.108 0.00148443
0.696 0.157 0.0203407
0.696 0.206 0.107271
0.696 0.255 0.228723
0.696 0.304 0.282388
0.696 0.353 0.405717
0.696 0.402 0.423269
0.696 0.451 0.229833
0.696 0.5 0.231262
0.696 0.549 0.443055
0.696 0.598 0.592251
0.696 0.647 0.591848
0.696 0.696 0.702008
0.696 0.745 0.871087
0.696 0.794 0.996923
0.696 0.843 1.15844
0.696 0.892 1.74909
0.696 0.941 3.91185
0.696 0.99 6.37537
0.745 0.01 6.11974e-07
0.745 0.059 5.1124e-05
0.745 0.108 0.00182933
0.745 0.157 0.0250668
0.745 0.206 0.132195
0.745 0.255 0.281867
0.745 0.304 0.348
0.745 0.353 0.499985
0.745 0.402 0.521614
0.745 0.451 0.283234
0.745 0.5 0.284995
0.745 0.549 0.545999
0.745 0.598 0.729859
0.745 0.647 0.729362
0.745 0.696 0.865119
0.745 0.745 1.07348
0.745 0.794 1.22856
0.745 0.843 1.42761
0.745 0.892 2.15549
0.745 0.941 4.82076
0.745 0.99 7.85668
0.794 0.01 6.87684e-07
0.794 0.059 5.74488e-05
0.794 0.108 0.00205565
0.794 0.157 0.028168
0.794 0.206 0.148549
0.794 0.255 0.316738
0.794 0.304 0.391053
0.794 0.353 0.561841
0.794 0.402 0.586146
0.794 0.451 0.318274
0.794 0.5 0.320254
0.794 0.549 0.613547
0.794 0.598 0.820154
0.794 0.647 0.819596
0.794 0.696 0.972147
0.794 0.745 1.20629
0.794 0.794 1.38055
0.794 0.843 1.60422
0.794 0.892 2.42215
0.794 0.941 5.41716
0.794 0.99 8.82867
0.843 0.01 5.69745e-07
0.843 0.059 4.75963e-05
0.843 0.108 0.0017031
0.843 0.157 0.0233371
0.843 0.206 0.123073
0.843 0.255 0.262417
0.843 0.304 0.323987
0.843 0.353 0.465485
0.843 0.402 0.485621
0.843 0.451 0.26369
0.843 0.5 0.26533
0.843 0.549 0.508323
0.843 0.598 0.679496
0.843 0.647 0.679034
0.843 0.696 0.805423
0.843 0.745 0.999409
0.843 0.794 1.14378
0.843 0.843 1.3291
0.843 0.892 2.00675
0.843 0.941 4.48811
0.843 0.99 7.31454
0.892 0.01 4.63946e-07
0.892 0.059 3.87578e-05
0.892 0.108 0.00138684
0.892 0.157 0.0190035
0.892 0.206 0.100219
0.892 0.255 0.213687
0.892 0.304 0.263824
0.892 0.353 0.379046
0.892 0.402 0.395443
0.892 0.451 0.214724
0.892 0.5 0.216059
0.892 0.549 0.413929
0.892 0.598 0.553317
0.892 0.647 0.55294
0.892 0.696 0.655859
0.892 0.745 0.813823
0.892 0.794 0.931386
0.892 0.843 1.08229
0.892 0.892 1.63411
0.892 0.941 3.65469
0.892 0.99 5.95626
0.941 0.01 6.60822e-07
0.941 0.059 5.52048e-05
0.941 0.108 0.00197535
0.941 0.157 0.0270677
0.941 0.206 0.142747
0.941 0.255 0.304366
0.941 0.304 0.375778
0.941 0.353 0.539895
0.941 0.402 0.56325
0.941 0.451 0.305842
0.941 0.5 0.307744
0.941 0.549 0.589581
0.941 0.598 0.788118
0.941 0.647 0.787581
0.941 0.696 0.934174
0.941 0.745 1.15917
0.941 0.794 1.32662
0.941 0.843 1.54156
0.941 0.892 2.32754
0.941 0.941 5.20556
0.941 0.99 8.48381
0.99 0.01 9.10963e-07
0.99 0.059 7.61014e-05
0.99 0.108 0.00272308
0.99 0.157 0.0373136
0.99 0.206 0.19678
0.99 0.255 0.419577
0.99 0.304 0.518021
0.99 0.353 0.744261
0.99 0.402 0.776457
0.99 0.451 0.421612
0.99 0.5 0.424234
0.99 0.549 0.812755
0.99 0.598 1.08644
0.99 0.647 1.0857
0.99 0.696 1.28779
0.99 0.745 1.59795
0.99 0.794 1.82879
0.99 0.843 2.12509
0.99 0.892 3.20858
0.99 0.941 7.17602
0.99 0.99 11.6952
