0.01 0.01 20.5489
0.01 0.059 12.1454
0.01 0.108 4.41011
0.01 0.157 1.275
0.01 0.206 0.22059
0.01 0.255 0.117359
0.01 0.304 0.525037
0.01 0.353 1.0376
0.01 0.402 0.889514
0.01 0.451 0.974302
0.01 0.5 1.92101
0.01 0.549 1.83409
0.01 0.598 0.680472
0.01 0.647 0.140621
0.01 0.696 0.335002
0.01 0.745 1.01005
0.01 0.794 1.69876
0.01 0.843 2.51475
0.01 0.892 4.79278
0.01 0.941 14.4371
0.01 0.99 26.368
0.059 0.01 11.948
0.059 0.059 7.06184
0.059 0.108 2.56422
0.059 0.157 0.74134
0.059 0.206 0.12826
0.059 0.255 0.0682373
0.059 0.304 0.305278
0.059 0.353 0.603301
0.059 0.402 0.5172
0.059 0.451 0.5665
0.059 0.5 1.11695
0.059 0.549 1.06642
0.059 0.598 0.395655
0.059 0.647 0.0817629
0.059 0.696 0.194784
0.059 0.745 0.587283
0.059 0.794 0.987727
0.059 0.843 1.46218
0.059 0.892 2.78672
0.059 0.941 8.39431
0.059 0.99 15.3315
0.108 0.01 3.8423
0.108 0.059 2.27099
0.108 0.108 0.824619
0.108 0.157 0.238405
0.108 0.206 0.0412466
0.108 0.255 0.0219442
0.108 0.304 0.0981732
0.108 0.353 0.194013
0.108 0.402 0.166325
0.108 0.451 0.182178
0.108 0.5 0.359197
0.108 0.549 0.342945
0.108 0.598 0.127237
0.108 0.647 0.0262938
0.108 0.696 0.0626399
0.108 0.745 0.188862
0.108 0.794 0.317639
0.108 0.843 0.470218
0.108 0.892 0.896171
0.108 0.941 2.6995
0.108 0.99 4.93039
0.157 0.01 2.21815
0.157 0.059 1.31104
0.157 0.108 0.476052
0.157 0.157 0.137631
0.157 0.206 0.0238116
0.157 0.255 0.0126683
0.157 0.304 0.0566753
0.157 0.353 0.112004
0.157 0.402 0.096019
0.157 0.451 0.105171
0.157 0.5 0.207364
0.157 0.549 0.197982
0.157 0.598 0.0734538
0.157 0.647 0.0151794
0.157 0.696 0.0361619
0.157 0.745 0.10903
0.157 0.794 0.183373
0.157 0.843 0.271456
0.157 0.892 0.517359
0.157 0.941 1.55842
0.157 0.99 2.84631
0.206 0.01 3.03377
0.206 0.059 1.79311
0.206 0.108 0.651096
0.206 0.157 0.188237
0.206 0.206 0.0325671
0.206 0.255 0.0173265
0.206 0.304 0.0775148
0.206 0.353 0.153187
0.206 0.402 0.131325
0.206 0.451 0.143843
0.206 0.5 0.283612
0.206 0.549 0.270779
0.206 0.598 0.100463
0.206 0.647 0.0207609
0.206 0.696 0.0494587
0.206 0.745 0.14912
0.206 0.794 0.250799
0.206 0.843 0.37127
0.206 0.892 0.707591
0.206 0.941 2.13144
0.206 0.99 3.89289
0.255 0.01 2.94096
0.255 0.059 1.73825
0.255 0.108 0.631177
0.255 0.157 0.182479
0.255 0.206 0.0315708
0.255 0.255 0.0167964
0.255 0.304 0.0751433
0.255 0.353 0.148501
0.255 0.402 0.127307
0.255 0.451 0.139442
0.255 0.5 0.274935
0.255 0.549 0.262495
0.255 0.598 0.0973893
0.255 0.647 0.0201257
0.255 0.696 0.0479456
0.255 0.745 0.144558
0.255 0.794 0.243126
0.255 0.843 0.359912
0.255 0.892 0.685944
0.255 0.941 2.06624
0.255 0.99 3.7738
0.304 0.01 1.80886
0.304 0.059 1.06912
0.304 0.108 0.388209
0.304 0.157 0.112235
0.304 0.206 0.0194178
0.304 0.255 0.0103308
0.304 0.304 0.0462174
0.304 0.353 0.0913365
0.304 0.402 0.0783013
0.304 0.451 0.0857649
0.304 0.5 0.169101
0.304 0.549 0.16145
0.304 0.598 0.0599
0.304 0.647 0.0123785
0.304 0.696 0.0294893
0.304 0.745 0.0889114
0.304 0.794 0.149536
0.304 0.843 0.221366
0.304 0.892 0.421894
0.304 0.941 1.27085
0.304 0.99 2.3211
0.353 0.01 2.3155
0.353 0.059 1.36858
0.353 0.108 0.496944
0.353 0.157 0.143671
0.353 0.206 0.0248566
0.353 0.255 0.0132243
0.353 0.304 0.0591625
0.353 0.353 0.116919
0.353 0.402 0.100233
0.353 0.451 0.109787
0.353 0.5 0.216464
0.353 0.549 0.20667
0.353 0.598 0.0766774
0.353 0.647 0.0158456
0.353 0.696 0.0377489
0.353 0.745 0.113815
0.353 0.794 0.19142
0.353 0.843 0.283369
0.353 0.892 0.540063
0.353 0.941 1.62681
0.353 0.99 2.97122
0.402 0.01 4.20787
0.402 0.059 2.48706
0.402 0.108 0.903076
0.402 0.157 0.261087
0.402 0.206 0.045171
0.402 0.255 0.024032
0.402 0.304 0.107514
0.402 0.353 0.212472
0.402 0.402 0.182149
0.402 0.451 0.199512
0.402 0.5 0.393372
0.402 0.549 0.375574
0.402 0.598 0.139343
0.402 0.647 0.0287955
0.402 0.696 0.0685997
0.402 0.745 0.206831
0.402 0.794 0.347861
0.402 0.843 0.514956
0.402 0.892 0.981436
0.402 0.941 2.95633
0.402 0.99 5.39948
0.451 0.01 5.21238
0.451 0.059 3.08078
0.451 0.108 1.11866
0.451 0.157 0.323415
0.451 0.206 0.0559543
0.451 0.255 0.029769
0.451 0.304 0.13318
0.451 0.353 0.263194
0.451 0.402 0.225632
0.451 0.451 0.247139
0.451 0.5 0.487279
0.451 0.549 0.465232
0.451 0.598 0.172607
0.451 0.647 0.0356697
0.451 0.696 0.084976
0.451 0.745 0.256206
0.451 0.794 0.430903
0.451 0.843 0.637887
0.451 0.892 1.21573
0.451 0.941 3.66208
0.451 0.99 6.68846
0.5 0.01 5.12146
0.5 0.059 3.02704
0.5 0.108 1.09915
0.5 0.157 0.317773
0.5 0.206 0.0549783
0.5 0.255 0.0292497
0.5 0.304 0.130857
0.5 0.353 0.258603
0.5 0.402 0.221697
0.5 0.451 0.242828
0.5 0.5 0.478779
0.5 0.549 0.457116
0.5 0.598 0.169596
0.5 0.647 0.0350475
0.5 0.696 0.0834937
0.5 0.745 0.251737
0.5 0.794 0.423387
0.5 0.843 0.62676
0.5 0.892 1.19452
0.5 0.941 3.5982
0.5 0.99 6.57179
0.549 0.01 4.25764
0.549 0.059 2.51648
0.549 0.108 0.913757
0.549 0.157 0.264175
0.549 0.206 0.0457052
0.549 0.255 0.0243162
0.549 0.304 0.108785
0.549 0.353 0.214985
0.549 0.402 0.184304
0.549 0.451 0.201871
0.549 0.5 0.398025
0.549 0.549 0.380016
0.549 0.598 0.140991
0.549 0.647 0.0291361
0.549 0.696 0.069411
0.549 0.745 0.209277
0.549 0.794 0.351975
0.549 0.843 0.521046
0.549 0.892 0.993044
0.549 0.941 2.9913
0.549 0.99 5.46334
0.598 0.01 3.93997
0.598 0.059 2.32872
0.598 0.108 0.84558
0.598 0.157 0.244465
0.598 0.206 0.0422951
0.598 0.255 0.022502
0.598 0.304 0.100669
0.598 0.353 0.198945
0.598 0.402 0.170552
0.598 0.451 0.186809
0.598 0.5 0.368327
0.598 0.549 0.351662
0.598 0.598 0.130471
0.598 0.647 0.0269622
0.598 0.696 0.0642321
0.598 0.745 0.193663
0.598 0.794 0.325713
0.598 0.843 0.48217
0.598 0.892 0.918951
0.598 0.941 2.76811
0.598 0.99 5.05571
0.647 0.01 3.34662
0.647 0.059 1.97802
0.647 0.108 0.718237
0.647 0.157 0.207649
0.647 0.206 0.0359255
0.647 0.255 0.0191132
0.647 0.304 0.0855082
0.647 0.353 0.168984
0.647 0.402 0.144868
0.647 0.451 0.158676
0.647 0.5 0.312858
0.647 0.549 0.298702
0.647 0.598 0.110823
0.647 0.647 0.0229017
0.647 0.696 0.0545589
0.647 0.745 0.164497
0.647 0.794 0.276662
0.647 0.843 0.409556
0.647 0.892 0.780559
0.647 0.941 2.35124
0.647 0.99 4.29433
0.696 0.01 2.48177
0.696 0.059 1.46685
0.696 0.108 0.532628
0.696 0.157 0.153988
0.696 0.206 0.0266415
0.696 0.255 0.0141739
0.696 0.304 0.0634109
0.696 0.353 0.125315
0.696 0.402 0.10743
0.696 0.451 0.117671
0.696 0.5 0.232008
0.696 0.549 0.221511
0.696 0.598 0.0821835
0.696 0.647 0.0169834
0.696 0.696 0.0404596
0.696 0.745 0.121988
0.696 0.794 0.205166
0.696 0.843 0.303718
0.696 0.892 0.578844
0.696 0.941 1.74363
0.696 0.99 3.18458
0.745 0.01 3.0476
0.745 0.059 1.80128
0.745 0.108 0.654063
0.745 0.157 0.189095
0.745 0.206 0.0327156
0.745 0.255 0.0174055
0.745 0.304 0.077868
0.745 0.353 0.153886
0.745 0.402 0.131924
0.745 0.451 0.144498
0.745 0.5 0.284904
0.745 0.549 0.272013
0.745 0.598 0.100921
0.745 0.647 0.0208555
0.745 0.696 0.0496841
0.745 0.745 0.1498
0.745 0.794 0.251942
0.745 0.843 0.372963
0.745 0.892 0.710816
0.745 0.941 2.14116
0.745 0.99 3.91064
0.794 0.01 3.78211
0.794 0.059 2.23542
0.794 0.108 0.811702
0.794 0.157 0.23467
0.794 0.206 0.0406005
0.794 0.255 0.0216004
0.794 0.304 0.0966355
0.794 0.353 0.190974
0.794 0.402 0.163719
0.794 0.451 0.179325
0.794 0.5 0.353571
0.794 0.549 0.337573
0.794 0.598 0.125244
0.794 0.647 0.025882
0.794 0.696 0.0616587
0.794 0.745 0.185904
0.794 0.794 0.312664
0.794 0.843 0.462852
0.794 0.892 0.882134
0.794 0.941 2.65721
0.794 0.99 4.85316
0.843 0.01 3.90875
0.843 0.059 2.31027
0.843 0.108 0.838881
0.843 0.157 0.242528
0.843 0.206 0.04196
0.843 0.255 0.0223237
0.843 0.304 0.0998711
0.843 0.353 0.197369
0.843 0.402 0.169201
0.843 0.451 0.185329
0.843 0.5 0.365409
0.843 0.549 0.348876
0.843 0.598 0.129438
0.843 0.647 0.0267486
0.843 0.696 0.0637233
0.843 0.745 0.192128
0.843 0.794 0.323133
0.843 0.843 0.47835
0.843 0.892 0.91167
0.843 0.941 2.74618
0.843 0.99 5.01566
0.892 0.01 5.1416
0.892 0.059 3.03894
0.892 0.108 1.10347
0.892 0.157 0.319023
0.892 0.206 0.0551944
0.892 0.255 0.0293647
0.892 0.304 0.131371
0.892 0.353 0.25962
0.892 0.402 0.222568
0.892 0.451 0.243783
0.892 0.5 0.480662
0.892 0.549 0.458914
0.892 0.598 0.170263
0.892 0.647 0.0351852
0.892 0.696 0.083822
0.892 0.745 0.252727
0.892 0.794 0.425051
0.892 0.843 0.629225
0.892 0.892 1.19922
0.892 0.941 3.61235
0.892 0.99 6.59763
0.941 0.01 8.14709
0.941 0.059 4.81534
0.941 0.108 1.7485
0.941 0.157 0.505506
0.941 0.206 0.0874581
0.941 0.255 0.0465298
0.941 0.304 0.208163
0.941 0.353 0.41138
0.941 0.402 0.352669
0.941 0.451 0.386286
0.941 0.5 0.76163
0.941 0.549 0.72717
0.941 0.598 0.26979
0.941 0.647 0.0557526
0.941 0.696 0.13282
0.941 0.745 0.400457
0.941 0.794 0.673513
0.941 0.843 0.997035
0.941 0.892 1.90021
0.941 0.941 5.72393
0.941 0.99 10.4542
0.99 0.01 11.0482
0.99 0.059 6.53006
0.99 0.108 2.37113
0.99 0.157 0.685514
0.99 0.206 0.118601
0.99 0.255 0.0630987
0.99 0.304 0.282289
0.99 0.353 0.55787
0.99 0.402 0.478253
0.99 0.451 0.52384
0.99 0.5 1.03284
0.99 0.549 0.98611
0.99 0.598 0.36586
0.99 0.647 0.0756058
0.99 0.696 0.180116
0.99 0.745 0.543058
0.99 0.794 0.913347
0.99 0.843 1.35207
0.99 0.892 2.57687
0.99 0.941 7.76218
0.99 0.99 14.1769
