0.01 0.01 0.000433052
0.01 0.059 0.000363886
0.01 0.108 0.000354515
0.01 0.157 0.000398165
0.01 0.206 0.000358802
0.01 0.255 0.000253621
0.01 0.304 0.000170629
0.01 0.353 0.000159247
0.01 0.402 0.000153357
0.01 0.451 0.000129449
0.01 0.5 0.000149911
0.01 0.549 0.000138226
0.01 0.598 7.46256e-05
0.01 0.647 6.2837e-05
0.01 0.696 9.59775e-05
0.01 0.745 0.000126359
0.01 0.794 0.000102702
0.01 0.843 6.34916e-05
0.01 0.892 0.000138816
0.01 0.941 0.0003905
0.01 0.99 0.000638335
0.059 0.01 0.00959688
0.059 0.059 0.00806411
0.059 0.108 0.00785642
0.059 0.157 0.00882377
0.059 0.206 0.00795142
0.059 0.255 0.00562051
0.059 0.304 0.00378133
0.059 0.353 0.00352909
0.059 0.402 0.00339855
0.059 0.451 0.00286872
0.059 0.5 0.00332218
0.059 0.549 0.00306323
0.059 0.598 0.00165378
0.059 0.647 0.00139254
0.059 0.696 0.00212696
0.059 0.745 0.00280025
0.059 0.794 0.00227599
0.059 0.843 0.00140704
0.059 0.892 0.00307631
0.059 0.941 0.00865389
0.059 0.99 0.0141462
0.108 0.01 0.102453
0.108 0.059 0.0860894
0.108 0.108 0.0838722
0.108 0.157 0.0941993
0.108 0.206 0.0848864
0.108 0.255 0.0600025
0.108 0.304 0.0403681
0.108 0.353 0.0376752
0.108 0.402 0.0362816
0.108 0.451 0.0306254
0.108 0.5 0.0354663
0.108 0.549 0.0327019
0.108 0.598 0.0176552
0.108 0.647 0.0148662
0.108 0.696 0.0227067
0.108 0.745 0.0298944
0.108 0.794 0.0242977
0.108 0.843 0.0150211
0.108 0.892 0.0328416
0.108 0.941 0.0923857
0.108 0.99 0.151019
0.157 0.01 0.475382
0.157 0.059 0.399456
0.157 0.108 0.389168
0.157 0.157 0.437085
0.157 0.206 0.393874
0.157 0.255 0.278412
0.157 0.304 0.187308
0.157 0.353 0.174813
0.157 0.402 0.168347
0.157 0.451 0.142102
0.157 0.5 0.164564
0.157 0.549 0.151737
0.157 0.598 0.0819201
0.157 0.647 0.0689793
0.157 0.696 0.105359
0.157 0.745 0.13871
0.157 0.794 0.112741
0.157 0.843 0.0696979
0.157 0.892 0.152385
0.157 0.941 0.428671
0.157 0.99 0.700731
0.206 0.01 1.09323
0.206 0.059 0.918622
0.206 0.108 0.894963
0.206 0.157 1.00516
0.206 0.206 0.905785
0.206 0.255 0.64026
0.206 0.304 0.43075
0.206 0.353 0.402015
0.206 0.402 0.387145
0.206 0.451 0.32679
0.206 0.5 0.378446
0.206 0.549 0.348948
0.206 0.598 0.18839
0.206 0.647 0.15863
0.206 0.696 0.242293
0.206 0.745 0.31899
0.206 0.794 0.25927
0.206 0.843 0.160283
0.206 0.892 0.350438
0.206 0.941 0.985807
0.206 0.99 1.61146
0.255 0.01 1.3757
0.255 0.059 1.15598
0.255 0.108 1.1262
0.255 0.157 1.26487
0.255 0.206 1.13982
0.255 0.255 0.805691
0.255 0.304 0.542047
0.255 0.353 0.505889
0.255 0.402 0.487176
0.255 0.451 0.411226
0.255 0.5 0.476229
0.255 0.549 0.439109
0.255 0.598 0.237067
0.255 0.647 0.199618
0.255 0.696 0.304897
0.255 0.745 0.401411
0.255 0.794 0.32626
0.255 0.843 0.201697
0.255 0.892 0.440984
0.255 0.941 1.24052
0.255 0.99 2.02783
0.304 0.01 1.08663
0.304 0.059 0.913079
0.304 0.108 0.889563
0.304 0.157 0.999093
0.304 0.206 0.90032
0.304 0.255 0.636397
0.304 0.304 0.42815
0.304 0.353 0.39959
0.304 0.402 0.384809
0.304 0.451 0.324818
0.304 0.5 0.376162
0.304 0.549 0.346842
0.304 0.598 0.187254
0.304 0.647 0.157673
0.304 0.696 0.240831
0.304 0.745 0.317065
0.304 0.794 0.257705
0.304 0.843 0.159316
0.304 0.892 0.348323
0.304 0.941 0.979859
0.304 0.99 1.60174
0.353 0.01 0.960899
0.353 0.059 0.807428
0.353 0.108 0.786633
0.353 0.157 0.88349
0.353 0.206 0.796145
0.353 0.255 0.56276
0.353 0.304 0.37861
0.353 0.353 0.353354
0.353 0.402 0.340283
0.353 0.451 0.287234
0.353 0.5 0.332637
0.353 0.549 0.30671
0.353 0.598 0.165587
0.353 0.647 0.139429
0.353 0.696 0.212964
0.353 0.745 0.280378
0.353 0.794 0.227887
0.353 0.843 0.140882
0.353 0.892 0.308019
0.353 0.941 0.866481
0.353 0.99 1.4164
0.402 0.01 1.17391
0.402 0.059 0.986415
0.402 0.108 0.96101
0.402 0.157 1.07934
0.402 0.206 0.972631
0.402 0.255 0.687511
0.402 0.304 0.462538
0.402 0.353 0.431684
0.402 0.402 0.415716
0.402 0.451 0.350906
0.402 0.5 0.406374
0.402 0.549 0.3747
0.402 0.598 0.202293
0.402 0.647 0.170337
0.402 0.696 0.260174
0.402 0.745 0.342531
0.402 0.794 0.278403
0.402 0.843 0.172112
0.402 0.892 0.3763
0.402 0.941 1.05856
0.402 0.99 1.73038
0.451 0.01 1.06984
0.451 0.059 0.898966
0.451 0.108 0.875814
0.451 0.157 0.983651
0.451 0.206 0.886404
0.451 0.255 0.626561
0.451 0.304 0.421533
0.451 0.353 0.393414
0.451 0.402 0.378861
0.451 0.451 0.319797
0.451 0.5 0.370348
0.451 0.549 0.341481
0.451 0.598 0.184359
0.451 0.647 0.155236
0.451 0.696 0.237108
0.451 0.745 0.312164
0.451 0.794 0.253722
0.451 0.843 0.156854
0.451 0.892 0.34294
0.451 0.941 0.964714
0.451 0.99 1.57698
0.5 0.01 0.529037
0.5 0.059 0.444541
0.5 0.108 0.433092
0.5 0.157 0.486418
0.5 0.206 0.438329
0.5 0.255 0.309836
0.5 0.304 0.208449
0.5 0.353 0.194544
0.5 0.402 0.187348
0.5 0.451 0.158141
0.5 0.5 0.183138
0.5 0.549 0.168863
0.5 0.598 0.0911662
0.5 0.647 0.0767648
0.5 0.696 0.117251
0.5 0.745 0.154366
0.5 0.794 0.125466
0.5 0.843 0.0775645
0.5 0.892 0.169585
0.5 0.941 0.477054
0.5 0.99 0.779821
0.549 0.01 0.412987
0.549 0.059 0.347026
0.549 0.108 0.338089
0.549 0.157 0.379717
0.549 0.206 0.342177
0.549 0.255 0.24187
0.549 0.304 0.162723
0.549 0.353 0.151869
0.549 0.402 0.146251
0.549 0.451 0.123451
0.549 0.5 0.142965
0.549 0.549 0.131821
0.549 0.598 0.0711679
0.549 0.647 0.0599256
0.549 0.696 0.0915305
0.549 0.745 0.120504
0.549 0.794 0.0979438
0.549 0.843 0.0605498
0.549 0.892 0.132384
0.549 0.941 0.372407
0.549 0.99 0.608758
0.598 0.01 0.718597
0.598 0.059 0.603826
0.598 0.108 0.588274
0.598 0.157 0.660707
0.598 0.206 0.595388
0.598 0.255 0.420854
0.598 0.304 0.283139
0.598 0.353 0.264251
0.598 0.402 0.254477
0.598 0.451 0.214804
0.598 0.5 0.248759
0.598 0.549 0.229369
0.598 0.598 0.123832
0.598 0.647 0.10427
0.598 0.696 0.159263
0.598 0.745 0.209677
0.598 0.794 0.170422
0.598 0.843 0.105357
0.598 0.892 0.230349
0.598 0.941 0.647987
0.598 0.99 1.05924
0.647 0.01 1.05027
0.647 0.059 0.882527
0.647 0.108 0.859797
0.647 0.157 0.965663
0.647 0.206 0.870194
0.647 0.255 0.615102
0.647 0.304 0.413824
0.647 0.353 0.386219
0.647 0.402 0.371933
0.647 0.451 0.313949
0.647 0.5 0.363575
0.647 0.549 0.335237
0.647 0.598 0.180988
0.647 0.647 0.152397
0.647 0.696 0.232772
0.647 0.745 0.306456
0.647 0.794 0.249082
0.647 0.843 0.153985
0.647 0.892 0.336668
0.647 0.941 0.947072
0.647 0.99 1.54814
0.696 0.01 1.09703
0.696 0.059 0.921814
0.696 0.108 0.898072
0.696 0.157 1.00865
0.696 0.206 0.908932
0.696 0.255 0.642485
0.696 0.304 0.432246
0.696 0.353 0.403412
0.696 0.402 0.38849
0.696 0.451 0.327925
0.696 0.5 0.37976
0.696 0.549 0.35016
0.696 0.598 0.189045
0.696 0.647 0.159182
0.696 0.696 0.243134
0.696 0.745 0.320098
0.696 0.794 0.26017
0.696 0.843 0.16084
0.696 0.892 0.351655
0.696 0.941 0.989232
0.696 0.99 1.61706
0.745 0.01 0.610368
0.745 0.059 0.512883
0.745 0.108 0.499673
0.745 0.157 0.561197
0.745 0.206 0.505716
0.745 0.255 0.357468
0.745 0.304 0.240495
0.745 0.353 0.224452
0.745 0.402 0.21615
0.745 0.451 0.182452
0.745 0.5 0.211293
0.745 0.549 0.194824
0.745 0.598 0.105182
0.745 0.647 0.0885661
0.745 0.696 0.135276
0.745 0.745 0.178098
0.745 0.794 0.144755
0.745 0.843 0.0894888
0.745 0.892 0.195656
0.745 0.941 0.550393
0.745 0.99 0.899706
0.794 0.01 0.466007
0.794 0.059 0.391578
0.794 0.108 0.381493
0.794 0.157 0.428466
0.794 0.206 0.386107
0.794 0.255 0.272922
0.794 0.304 0.183614
0.794 0.353 0.171366
0.794 0.402 0.165027
0.794 0.451 0.1393
0.794 0.5 0.161319
0.794 0.549 0.148745
0.794 0.598 0.0803046
0.794 0.647 0.067619
0.794 0.696 0.103281
0.794 0.745 0.135975
0.794 0.794 0.110518
0.794 0.843 0.0683234
0.794 0.892 0.14938
0.794 0.941 0.420217
0.794 0.99 0.686912
0.843 0.01 1.14911
0.843 0.059 0.965582
0.843 0.108 0.940713
0.843 0.157 1.05654
0.843 0.206 0.952089
0.843 0.255 0.67299
0.843 0.304 0.452769
0.843 0.353 0.422566
0.843 0.402 0.406936
0.843 0.451 0.343495
0.843 0.5 0.397792
0.843 0.549 0.366786
0.843 0.598 0.198021
0.843 0.647 0.16674
0.843 0.696 0.254679
0.843 0.745 0.335297
0.843 0.794 0.272523
0.843 0.843 0.168477
0.843 0.892 0.368352
0.843 0.941 1.0362
0.843 0.99 1.69384
0.892 0.01 3.5008
0.892 0.059 2.94167
0.892 0.108 2.8659
0.892 0.157 3.21878
0.892 0.206 2.90056
0.892 0.255 2.05028
0.892 0.304 1.37937
0.892 0.353 1.28736
0.892 0.402 1.23974
0.892 0.451 1.04647
0.892 0.5 1.21188
0.892 0.549 1.11742
0.892 0.598 0.603275
0.892 0.647 0.507976
0.892 0.696 0.775884
0.892 0.745 1.02149
0.892 0.794 0.830249
0.892 0.843 0.513268
0.892 0.892 1.12219
0.892 0.941 3.15681
0.892 0.99 5.16031
0.941 0.01 10.7758
0.941 0.059 9.05475
0.941 0.108 8.82155
0.941 0.157 9.90773
0.941 0.206 8.92822
0.941 0.255 6.31097
0.941 0.304 4.24585
0.941 0.353 3.96262
0.941 0.402 3.81604
0.941 0.451 3.22113
0.941 0.5 3.73029
0.941 0.549 3.43954
0.941 0.598 1.85694
0.941 0.647 1.5636
0.941 0.696 2.38825
0.941 0.745 3.14425
0.941 0.794 2.55559
0.941 0.843 1.57989
0.941 0.892 3.45423
0.941 0.941 9.71699
0.941 0.99 15.884
0.99 0.01 18.874
0.99 0.059 15.8595
0.99 0.108 15.4511
0.99 0.157 17.3535
0.99 0.206 15.6379
0.99 0.255 11.0538
0.99 0.304 7.43666
0.99 0.353 6.94059
0.99 0.402 6.68385
0.99 0.451 5.64185
0.99 0.5 6.53366
0.99 0.549 6.0244
0.99 0.598 3.25246
0.99 0.647 2.73867
0.99 0.696 4.18305
0.99 0.745 5.50719
0.99 0.794 4.47615
0.99 0.843 2.7672
0.99 0.892 6.05013
0.99 0.941 17.0194
0.99 0.99 27.821
