0.01 0.01 6.85217e-07
0.01 0.059 4.90299e-07
0.01 0.108 2.70398e-07
0.01 0.157 1.12683e-07
0.01 0.206 6.60141e-08
0.01 0.255 9.6097e-08
0.01 0.304 1.15593e-07
0.01 0.353 1.67245e-07
0.01 0.402 1.6551e-07
0.01 0.451 7.05417e-08
0.01 0.5 3.40812e-08
0.01 0.549 1.10405e-07
0.01 0.598 2.52486e-07
0.01 0.647 4.09746e-07
0.01 0.696 8.49721e-07
0.01 0.745 1.43973e-06
0.01 0.794 1.19096e-06
0.01 0.843 4.21086e-07
0.01 0.892 7.76584e-08
0.01 0.941 9.18632e-08
0.01 0.99 1.73869e-07
0.059 0.01 6.34772e-05
0.059 0.059 4.54203e-05
0.059 0.108 2.50492e-05
0.059 0.157 1.04388e-05
0.059 0.206 6.11542e-06
0.059 0.255 8.90224e-06
0.059 0.304 1.07083e-05
0.059 0.353 1.54933e-05
0.059 0.402 1.53325e-05
0.059 0.451 6.53485e-06
0.059 0.5 3.15722e-06
0.059 0.549 1.02277e-05
0.059 0.598 2.33898e-05
0.059 0.647 3.79581e-05
0.059 0.696 7.87165e-05
0.059 0.745 0.000133374
0.059 0.794 0.000110328
0.059 0.843 3.90086e-05
0.059 0.892 7.19413e-06
0.059 0.941 8.51003e-06
0.059 0.99 1.61069e-05
0.108 0.01 0.00250801
0.108 0.059 0.00179458
0.108 0.108 0.000989704
0.108 0.157 0.00041244
0.108 0.206 0.000241623
0.108 0.255 0.000351731
0.108 0.304 0.000423091
0.108 0.353 0.000612146
0.108 0.402 0.000605794
0.108 0.451 0.000258195
0.108 0.5 0.000124743
0.108 0.549 0.0004041
0.108 0.598 0.000924141
0.108 0.647 0.00149974
0.108 0.696 0.00311012
0.108 0.745 0.00526967
0.108 0.794 0.00435911
0.108 0.843 0.00154125
0.108 0.892 0.000284243
0.108 0.941 0.000336235
0.108 0.99 0.000636392
0.157 0.01 0.0379327
0.157 0.059 0.0271422
0.157 0.108 0.0149689
0.157 0.157 0.00623799
0.157 0.206 0.00365445
0.157 0.255 0.00531979
0.157 0.304 0.00639908
0.157 0.353 0.00925846
0.157 0.402 0.0091624
0.157 0.451 0.00390509
0.157 0.5 0.00188669
0.157 0.549 0.00611185
0.157 0.598 0.0139773
0.157 0.647 0.022683
0.157 0.696 0.0470393
0.157 0.745 0.0797016
0.157 0.794 0.0659297
0.157 0.843 0.0233107
0.157 0.892 0.00429906
0.157 0.941 0.00508541
0.157 0.99 0.00962517
0.206 0.01 0.22002
0.206 0.059 0.157432
0.206 0.108 0.0868234
0.206 0.157 0.036182
0.206 0.206 0.0211968
0.206 0.255 0.0308562
0.206 0.304 0.0371164
0.206 0.353 0.0537015
0.206 0.402 0.0531443
0.206 0.451 0.0226506
0.206 0.5 0.0109433
0.206 0.549 0.0354504
0.206 0.598 0.0810719
0.206 0.647 0.131567
0.206 0.696 0.272841
0.206 0.745 0.462291
0.206 0.794 0.38241
0.206 0.843 0.135208
0.206 0.892 0.0249357
0.206 0.941 0.0294968
0.206 0.99 0.0558285
0.255 0.01 0.500734
0.255 0.059 0.358294
0.255 0.108 0.197598
0.255 0.157 0.0823453
0.255 0.206 0.0482409
0.255 0.255 0.0702245
0.255 0.304 0.0844718
0.255 0.353 0.122217
0.255 0.402 0.120949
0.255 0.451 0.0515496
0.255 0.5 0.0249054
0.255 0.549 0.0806802
0.255 0.598 0.184508
0.255 0.647 0.299429
0.255 0.696 0.620948
0.255 0.745 1.05211
0.255 0.794 0.870313
0.255 0.843 0.307716
0.255 0.892 0.0567502
0.255 0.941 0.0671306
0.255 0.99 0.127058
0.304 0.01 0.568704
0.304 0.059 0.406929
0.304 0.108 0.22442
0.304 0.157 0.0935229
0.304 0.206 0.0547891
0.304 0.255 0.0797568
0.304 0.304 0.095938
0.304 0.353 0.138807
0.304 0.402 0.137367
0.304 0.451 0.0585469
0.304 0.5 0.0282861
0.304 0.549 0.0916317
0.304 0.598 0.209554
0.304 0.647 0.340074
0.304 0.696 0.705235
0.304 0.745 1.19492
0.304 0.794 0.988449
0.304 0.843 0.349485
0.304 0.892 0.0644535
0.304 0.941 0.0762429
0.304 0.99 0.144305
0.353 0.01 0.780681
0.353 0.059 0.558607
0.353 0.108 0.30807
0.353 0.157 0.128382
0.353 0.206 0.0752111
0.353 0.255 0.109485
0.353 0.304 0.131698
0.353 0.353 0.190546
0.353 0.402 0.188569
0.353 0.451 0.0803695
0.353 0.5 0.0388294
0.353 0.549 0.125786
0.353 0.598 0.287662
0.353 0.647 0.466832
0.353 0.696 0.968103
0.353 0.745 1.64032
0.353 0.794 1.35688
0.353 0.843 0.479751
0.353 0.892 0.0884777
0.353 0.941 0.104661
0.353 0.99 0.198093
0.402 0.01 1.04056
0.402 0.059 0.74456
0.402 0.108 0.410623
0.402 0.157 0.171119
0.402 0.206 0.100248
0.402 0.255 0.145931
0.402 0.304 0.175538
0.402 0.353 0.253976
0.402 0.402 0.251341
0.402 0.451 0.107124
0.402 0.5 0.0517552
0.402 0.549 0.167659
0.402 0.598 0.383421
0.402 0.647 0.622234
0.402 0.696 1.29037
0.402 0.745 2.18636
0.402 0.794 1.80857
0.402 0.843 0.639454
0.402 0.892 0.117931
0.402 0.941 0.139502
0.402 0.99 0.264035
0.451 0.01 0.623337
0.451 0.059 0.446021
0.451 0.108 0.245979
0.451 0.157 0.102507
0.451 0.206 0.0600525
0.451 0.255 0.0874187
0.451 0.304 0.105154
0.451 0.353 0.152142
0.451 0.402 0.150563
0.451 0.451 0.0641713
0.451 0.5 0.0310034
0.451 0.549 0.100434
0.451 0.598 0.229685
0.451 0.647 0.372743
0.451 0.696 0.772984
0.451 0.745 1.30972
0.451 0.794 1.08341
0.451 0.843 0.383059
0.451 0.892 0.0706453
0.451 0.941 0.0835672
0.451 0.99 0.158168
0.5 0.01 0.17961
0.5 0.059 0.128518
0.5 0.108 0.0708771
0.5 0.157 0.0295367
0.5 0.206 0.0173037
0.5 0.255 0.0251891
0.5 0.304 0.0302995
0.5 0.353 0.0438385
0.5 0.402 0.0433837
0.5 0.451 0.0184905
0.5 0.5 0.0089334
0.5 0.549 0.0289394
0.5 0.598 0.0661819
0.5 0.647 0.107403
0.5 0.696 0.22273
0.5 0.745 0.377385
0.5 0.794 0.312175
0.5 0.843 0.110376
0.5 0.892 0.0203559
0.5 0.941 0.0240793
0.5 0.99 0.0455749
0.549 0.01 0.2332
0.549 0.059 0.166864
0.549 0.108 0.0920248
0.549 0.157 0.0383496
0.549 0.206 0.0224666
0.549 0.255 0.0327047
0.549 0.304 0.0393399
0.549 0.353 0.0569186
0.549 0.402 0.0563281
0.549 0.451 0.0240075
0.549 0.5 0.0115989
0.549 0.549 0.0375741
0.549 0.598 0.0859287
0.549 0.647 0.139449
0.549 0.696 0.289186
0.549 0.745 0.489986
0.549 0.794 0.405319
0.549 0.843 0.143308
0.549 0.892 0.0264295
0.549 0.941 0.0312638
0.549 0.99 0.0591731
0.598 0.01 0.597326
0.598 0.059 0.427409
0.598 0.108 0.235715
0.598 0.157 0.0982298
0.598 0.206 0.0575466
0.598 0.255 0.0837709
0.598 0.304 0.100766
0.598 0.353 0.145793
0.598 0.402 0.14428
0.598 0.451 0.0614935
0.598 0.5 0.0297097
0.598 0.549 0.0962435
0.598 0.598 0.2201
0.598 0.647 0.357189
0.598 0.696 0.740729
0.598 0.745 1.25506
0.598 0.794 1.0382
0.598 0.843 0.367074
0.598 0.892 0.0676973
0.598 0.941 0.0800801
0.598 0.99 0.151568
0.647 0.01 0.997902
0.647 0.059 0.714036
0.647 0.108 0.393789
0.647 0.157 0.164104
0.647 0.206 0.0961382
0.647 0.255 0.139949
0.647 0.304 0.168342
0.647 0.353 0.243564
0.647 0.402 0.241037
0.647 0.451 0.102732
0.647 0.5 0.0496334
0.647 0.549 0.160786
0.647 0.598 0.367703
0.647 0.647 0.596725
0.647 0.696 1.23747
0.647 0.745 2.09673
0.647 0.794 1.73443
0.647 0.843 0.613239
0.647 0.892 0.113096
0.647 0.941 0.133783
0.647 0.99 0.253211
0.696 0.01 1.40091
0.696 0.059 1.0024
0.696 0.108 0.552821
0.696 0.157 0.230378
0.696 0.206 0.134964
0.696 0.255 0.196467
0.696 0.304 0.236327
0.696 0.353 0.341928
0.696 0.402 0.33838
0.696 0.451 0.14422
0.696 0.5 0.069678
0.696 0.549 0.225719
0.696 0.598 0.5162
0.696 0.647 0.837714
0.696 0.696 1.73723
0.696 0.745 2.94349
0.696 0.794 2.43488
0.696 0.843 0.860897
0.696 0.892 0.15877
0.696 0.941 0.187811
0.696 0.99 0.355471
0.745 0.01 1.67104
0.745 0.059 1.19569
0.745 0.108 0.659421
0.745 0.157 0.274801
0.745 0.206 0.160989
0.745 0.255 0.234352
0.745 0.304 0.281898
0.745 0.353 0.407861
0.745 0.402 0.40363
0.745 0.451 0.17203
0.745 0.5 0.0831139
0.745 0.549 0.269245
0.745 0.598 0.615739
0.745 0.647 0.99925
0.745 0.696 2.07222
0.745 0.745 3.51109
0.745 0.794 2.90439
0.745 0.843 1.0269
0.745 0.892 0.189386
0.745 0.941 0.224027
0.745 0.99 0.424016
0.794 0.01 1.90933
0.794 0.059 1.3662
0.794 0.108 0.753455
0.794 0.157 0.313988
0.794 0.206 0.183946
0.794 0.255 0.267771
0.794 0.304 0.322096
0.794 0.353 0.466022
0.794 0.402 0.461187
0.794 0.451 0.196562
0.794 0.5 0.094966
0.794 0.549 0.307639
0.794 0.598 0.703543
0.794 0.647 1.14174
0.794 0.696 2.36771
0.794 0.745 4.01177
0.794 0.794 3.31856
0.794 0.843 1.17334
0.794 0.892 0.216392
0.794 0.941 0.255973
0.794 0.99 0.484481
0.843 0.01 2.09345
0.843 0.059 1.49794
0.843 0.108 0.826111
0.843 0.157 0.344266
0.843 0.206 0.201684
0.843 0.255 0.293592
0.843 0.304 0.353156
0.843 0.353 0.510961
0.843 0.402 0.50566
0.843 0.451 0.215517
0.843 0.5 0.104124
0.843 0.549 0.337305
0.843 0.598 0.771386
0.843 0.647 1.25184
0.843 0.696 2.59604
0.843 0.745 4.39862
0.843 0.794 3.63857
0.843 0.843 1.28649
0.843 0.892 0.237259
0.843 0.941 0.280657
0.843 0.99 0.5312
0.892 0.01 3.71227
0.892 0.059 2.65627
0.892 0.108 1.46492
0.892 0.157 0.610479
0.892 0.206 0.357641
0.892 0.255 0.52062
0.892 0.304 0.626244
0.892 0.353 0.906076
0.892 0.402 0.896675
0.892 0.451 0.38217
0.892 0.5 0.18464
0.892 0.549 0.598135
0.892 0.598 1.36788
0.892 0.647 2.21986
0.892 0.696 4.60349
0.892 0.745 7.79998
0.892 0.794 6.45219
0.892 0.843 2.2813
0.892 0.892 0.420726
0.892 0.941 0.497683
0.892 0.99 0.941964
0.941 0.01 10.7608
0.941 0.059 7.69975
0.941 0.108 4.24639
0.941 0.157 1.7696
0.941 0.206 1.0367
0.941 0.255 1.50913
0.941 0.304 1.8153
0.941 0.353 2.62645
0.941 0.402 2.5992
0.941 0.451 1.1078
0.941 0.5 0.535218
0.941 0.549 1.73382
0.941 0.598 3.96509
0.941 0.647 6.43474
0.941 0.696 13.3442
0.941 0.745 22.6099
0.941 0.794 18.703
0.941 0.843 6.61282
0.941 0.892 1.21956
0.941 0.941 1.44264
0.941 0.99 2.73048
0.99 0.01 19.2033
0.99 0.059 13.7407
0.99 0.108 7.57794
0.99 0.157 3.15796
0.99 0.206 1.85005
0.99 0.255 2.69313
0.99 0.304 3.23951
0.99 0.353 4.68706
0.99 0.402 4.63843
0.99 0.451 1.97694
0.99 0.5 0.955129
0.99 0.549 3.09411
0.99 0.598 7.07595
0.99 0.647 11.4832
0.99 0.696 23.8135
0.99 0.745 40.3487
0.99 0.794 33.3767
0.99 0.843 11.801
0.99 0.892 2.17638
0.99 0.941 2.57447
0.99 0.99 4.87271
