0.01 0.01 7.45298
0.01 0.059 4.93194
0.01 0.108 2.46321
0.01 0.157 1.59513
0.01 0.206 1.42255
0.01 0.255 1.34434
0.01 0.304 1.22077
0.01 0.353 1.20936
0.01 0.402 1.18945
0.01 0.451 1.03709
0.01 0.5 0.976502
0.01 0.549 0.68318
0.01 0.598 0.44733
0.01 0.647 0.488252
0.01 0.696 0.653464
0.01 0.745 0.692941
0.01 0.794 0.342803
0.01 0.843 0.0718214
0.01 0.892 0.0706445
0.01 0.941 0.337253
0.01 0.99 0.662875
0.059 0.01 4.91517
0.059 0.059 3.25257
0.059 0.108 1.62446
0.059 0.157 1.05198
0.059 0.206 0.938156
0.059 0.255 0.886579
0.059 0.304 0.805083
0.059 0.353 0.797564
0.059 0.402 0.784431
0.059 0.451 0.683948
0.059 0.5 0.643994
0.059 0.549 0.450551
0.059 0.598 0.29501
0.059 0.647 0.321997
0.059 0.696 0.430953
0.059 0.745 0.456988
0.059 0.794 0.226076
0.059 0.843 0.0473655
0.059 0.892 0.0465894
0.059 0.941 0.222415
0.059 0.99 0.437159
0.108 0.01 2.84411
0.108 0.059 1.88206
0.108 0.108 0.939978
0.108 0.157 0.608713
0.108 0.206 0.542853
0.108 0.255 0.513009
0.108 0.304 0.465852
0.108 0.353 0.461501
0.108 0.402 0.453902
0.108 0.451 0.395759
0.108 0.5 0.37264
0.108 0.549 0.260706
0.108 0.598 0.170704
0.108 0.647 0.18632
0.108 0.696 0.249366
0.108 0.745 0.264431
0.108 0.794 0.130816
0.108 0.843 0.0274075
0.108 0.892 0.0269584
0.108 0.941 0.128698
0.108 0.99 0.252957
0.157 0.01 3.40626
0.157 0.059 2.25406
0.157 0.108 1.12577
0.157 0.157 0.729029
0.157 0.206 0.650151
0.157 0.255 0.614408
0.157 0.304 0.557931
0.157 0.353 0.55272
0.157 0.402 0.543618
0.157 0.451 0.473983
0.157 0.5 0.446294
0.157 0.549 0.312236
0.157 0.598 0.204444
0.157 0.647 0.223147
0.157 0.696 0.298655
0.157 0.745 0.316697
0.157 0.794 0.156673
0.157 0.843 0.0328248
0.157 0.892 0.0322869
0.157 0.941 0.154136
0.157 0.99 0.302956
0.206 0.01 3.87212
0.206 0.059 2.56234
0.206 0.108 1.27974
0.206 0.157 0.828736
0.206 0.206 0.73907
0.206 0.255 0.698438
0.206 0.304 0.634237
0.206 0.353 0.628313
0.206 0.402 0.617967
0.206 0.451 0.538808
0.206 0.5 0.507332
0.206 0.549 0.354939
0.206 0.598 0.232406
0.206 0.647 0.253666
0.206 0.696 0.339501
0.206 0.745 0.360011
0.206 0.794 0.1781
0.206 0.843 0.0373141
0.206 0.892 0.0367026
0.206 0.941 0.175216
0.206 0.99 0.34439
0.255 0.01 3.36698
0.255 0.059 2.22807
0.255 0.108 1.11279
0.255 0.157 0.720622
0.255 0.206 0.642654
0.255 0.255 0.607322
0.255 0.304 0.551497
0.255 0.353 0.546346
0.255 0.402 0.537349
0.255 0.451 0.468517
0.255 0.5 0.441147
0.255 0.549 0.308635
0.255 0.598 0.202087
0.255 0.647 0.220574
0.255 0.696 0.295211
0.255 0.745 0.313045
0.255 0.794 0.154866
0.255 0.843 0.0324462
0.255 0.892 0.0319146
0.255 0.941 0.152358
0.255 0.99 0.299462
0.304 0.01 4.5527
0.304 0.059 3.01271
0.304 0.108 1.50467
0.304 0.157 0.974398
0.304 0.206 0.868972
0.304 0.255 0.821198
0.304 0.304 0.745713
0.304 0.353 0.738748
0.304 0.402 0.726583
0.304 0.451 0.633511
0.304 0.5 0.596503
0.304 0.549 0.417325
0.304 0.598 0.273254
0.304 0.647 0.298252
0.304 0.696 0.399173
0.304 0.745 0.423288
0.304 0.794 0.209404
0.304 0.843 0.0438725
0.304 0.892 0.0431536
0.304 0.941 0.206013
0.304 0.99 0.404921
0.353 0.01 6.93326
0.353 0.059 4.58802
0.353 0.108 2.29144
0.353 0.157 1.4839
0.353 0.206 1.32335
0.353 0.255 1.25059
0.353 0.304 1.13564
0.353 0.353 1.12503
0.353 0.402 1.10651
0.353 0.451 0.964766
0.353 0.5 0.908407
0.353 0.549 0.63554
0.353 0.598 0.416136
0.353 0.647 0.454204
0.353 0.696 0.607896
0.353 0.745 0.64462
0.353 0.794 0.318899
0.353 0.843 0.066813
0.353 0.892 0.0657182
0.353 0.941 0.313735
0.353 0.99 0.61665
0.402 0.01 8.63841
0.402 0.059 5.71639
0.402 0.108 2.855
0.402 0.157 1.84885
0.402 0.206 1.64881
0.402 0.255 1.55816
0.402 0.304 1.41493
0.402 0.353 1.40172
0.402 0.402 1.37864
0.402 0.451 1.20204
0.402 0.5 1.13182
0.402 0.549 0.791842
0.402 0.598 0.518479
0.402 0.647 0.56591
0.402 0.696 0.7574
0.402 0.745 0.803156
0.402 0.794 0.397328
0.402 0.843 0.0832448
0.402 0.892 0.0818808
0.402 0.941 0.390894
0.402 0.99 0.768307
0.451 0.01 8.88028
0.451 0.059 5.87644
0.451 0.108 2.93493
0.451 0.157 1.90061
0.451 0.206 1.69497
0.451 0.255 1.60179
0.451 0.304 1.45455
0.451 0.353 1.44097
0.451 0.402 1.41724
0.451 0.451 1.23569
0.451 0.5 1.16351
0.451 0.549 0.814013
0.451 0.598 0.532996
0.451 0.647 0.581755
0.451 0.696 0.778606
0.451 0.745 0.825644
0.451 0.794 0.408452
0.451 0.843 0.0855756
0.451 0.892 0.0841734
0.451 0.941 0.401839
0.451 0.99 0.789819
0.5 0.01 7.53135
0.5 0.059 4.9838
0.5 0.108 2.48911
0.5 0.157 1.61191
0.5 0.206 1.4375
0.5 0.255 1.35847
0.5 0.304 1.2336
0.5 0.353 1.22208
0.5 0.402 1.20196
0.5 0.451 1.04799
0.5 0.5 0.98677
0.5 0.549 0.690364
0.5 0.598 0.452033
0.5 0.647 0.493386
0.5 0.696 0.660335
0.5 0.745 0.700227
0.5 0.794 0.346408
0.5 0.843 0.0725766
0.5 0.892 0.0713873
0.5 0.941 0.340799
0.5 0.99 0.669845
0.549 0.01 5.11918
0.549 0.059 3.38757
0.549 0.108 1.69189
0.549 0.157 1.09564
0.549 0.206 0.977095
0.549 0.255 0.923377
0.549 0.304 0.838499
0.549 0.353 0.830668
0.549 0.402 0.816989
0.549 0.451 0.712336
0.549 0.5 0.670723
0.549 0.549 0.469251
0.549 0.598 0.307254
0.549 0.647 0.335362
0.549 0.696 0.44884
0.549 0.745 0.475956
0.549 0.794 0.235459
0.549 0.843 0.0493314
0.549 0.892 0.0485231
0.549 0.941 0.231647
0.549 0.99 0.455304
0.598 0.01 2.97451
0.598 0.059 1.96835
0.598 0.108 0.983075
0.598 0.157 0.636622
0.598 0.206 0.567742
0.598 0.255 0.53653
0.598 0.304 0.487211
0.598 0.353 0.482661
0.598 0.402 0.474713
0.598 0.451 0.413904
0.598 0.5 0.389725
0.598 0.549 0.272659
0.598 0.598 0.17853
0.598 0.647 0.194863
0.598 0.696 0.260799
0.598 0.745 0.276555
0.598 0.794 0.136814
0.598 0.843 0.0286641
0.598 0.892 0.0281944
0.598 0.941 0.134599
0.598 0.99 0.264555
0.647 0.01 3.11745
0.647 0.059 2.06295
0.647 0.108 1.03032
0.647 0.157 0.667217
0.647 0.206 0.595027
0.647 0.255 0.562314
0.647 0.304 0.510625
0.647 0.353 0.505856
0.647 0.402 0.497526
0.647 0.451 0.433795
0.647 0.5 0.408454
0.647 0.549 0.285762
0.647 0.598 0.18711
0.647 0.647 0.204227
0.647 0.696 0.273333
0.647 0.745 0.289845
0.647 0.794 0.143389
0.647 0.843 0.0300416
0.647 0.892 0.0295494
0.647 0.941 0.141067
0.647 0.99 0.277269
0.696 0.01 3.84874
0.696 0.059 2.54687
0.696 0.108 1.27201
0.696 0.157 0.823731
0.696 0.206 0.734607
0.696 0.255 0.69422
0.696 0.304 0.630406
0.696 0.353 0.624519
0.696 0.402 0.614235
0.696 0.451 0.535554
0.696 0.5 0.504268
0.696 0.549 0.352796
0.696 0.598 0.231002
0.696 0.647 0.252134
0.696 0.696 0.33745
0.696 0.745 0.357837
0.696 0.794 0.177025
0.696 0.843 0.0370887
0.696 0.892 0.036481
0.696 0.941 0.174158
0.696 0.99 0.34231
0.745 0.01 3.13346
0.745 0.059 2.07354
0.745 0.108 1.03561
0.745 0.157 0.670643
0.745 0.206 0.598082
0.745 0.255 0.565201
0.745 0.304 0.513247
0.745 0.353 0.508453
0.745 0.402 0.500081
0.745 0.451 0.436022
0.745 0.5 0.410551
0.745 0.549 0.28723
0.745 0.598 0.188071
0.745 0.647 0.205276
0.745 0.696 0.274736
0.745 0.745 0.291334
0.745 0.794 0.144125
0.745 0.843 0.0301959
0.745 0.892 0.0297011
0.745 0.941 0.141791
0.745 0.99 0.278693
0.794 0.01 3.16922
0.794 0.059 2.09721
0.794 0.108 1.04743
0.794 0.157 0.678297
0.794 0.206 0.604908
0.794 0.255 0.571652
0.794 0.304 0.519105
0.794 0.353 0.514257
0.794 0.402 0.505789
0.794 0.451 0.440999
0.794 0.5 0.415237
0.794 0.549 0.290508
0.794 0.598 0.190217
0.794 0.647 0.207619
0.794 0.696 0.277872
0.794 0.745 0.294659
0.794 0.794 0.14577
0.794 0.843 0.0305405
0.794 0.892 0.0300401
0.794 0.941 0.14341
0.794 0.99 0.281874
0.843 0.01 4.78216
0.843 0.059 3.16455
0.843 0.108 1.58051
0.843 0.157 1.02351
0.843 0.206 0.912769
0.843 0.255 0.862588
0.843 0.304 0.783298
0.843 0.353 0.775982
0.843 0.402 0.763204
0.843 0.451 0.66544
0.843 0.5 0.626567
0.843 0.549 0.438359
0.843 0.598 0.287026
0.843 0.647 0.313284
0.843 0.696 0.419291
0.843 0.745 0.444622
0.843 0.794 0.219958
0.843 0.843 0.0460838
0.843 0.892 0.0453286
0.843 0.941 0.216396
0.843 0.99 0.42533
0.892 0.01 6.56549
0.892 0.059 4.34466
0.892 0.108 2.1699
0.892 0.157 1.40519
0.892 0.206 1.25315
0.892 0.255 1.18426
0.892 0.304 1.0754
0.892 0.353 1.06536
0.892 0.402 1.04781
0.892 0.451 0.913592
0.892 0.5 0.860222
0.892 0.549 0.601828
0.892 0.598 0.394062
0.892 0.647 0.430112
0.892 0.696 0.57565
0.892 0.745 0.610427
0.892 0.794 0.301983
0.892 0.843 0.063269
0.892 0.892 0.0622323
0.892 0.941 0.297093
0.892 0.99 0.583941
0.941 0.01 11.3752
0.941 0.059 7.52742
0.941 0.108 3.7595
0.941 0.157 2.43459
0.941 0.206 2.17117
0.941 0.255 2.05181
0.941 0.304 1.86321
0.941 0.353 1.8458
0.941 0.402 1.81541
0.941 0.451 1.58286
0.941 0.5 1.4904
0.941 0.549 1.04271
0.941 0.598 0.682741
0.941 0.647 0.745199
0.941 0.696 0.997355
0.941 0.745 1.05761
0.941 0.794 0.523207
0.941 0.843 0.109618
0.941 0.892 0.107822
0.941 0.941 0.514735
0.941 0.99 1.01172
0.99 0.01 16.6472
0.99 0.059 11.0161
0.99 0.108 5.5019
0.99 0.157 3.56294
0.99 0.206 3.17744
0.99 0.255 3.00276
0.99 0.304 2.72674
0.99 0.353 2.70127
0.99 0.402 2.65679
0.99 0.451 2.31647
0.99 0.5 2.18114
0.99 0.549 1.52597
0.99 0.598 0.999169
0.99 0.647 1.09057
0.99 0.696 1.4596
0.99 0.745 1.54777
0.99 0.794 0.765696
0.99 0.843 0.160422
0.99 0.892 0.157794
0.99 0.941 0.753298
0.99 0.99 1.48062
