0.01 0.01 1.83474e-06
0.01 0.059 1.27625e-06
0.01 0.108 7.84136e-07
0.01 0.157 4.47823e-07
0.01 0.206 2.93495e-07
0.01 0.255 4.78558e-07
0.01 0.304 6.60484e-07
0.01 0.353 6.05417e-07
0.01 0.402 8.64858e-07
0.01 0.451 1.88071e-06
0.01 0.5 2.54338e-06
0.01 0.549 1.82981e-06
0.01 0.598 9.09115e-07
0.01 0.647 6.83646e-07
0.01 0.696 6.08542e-07
0.01 0.745 3.65246e-07
0.01 0.794 3.54753e-07
0.01 0.843 5.84275e-07
0.01 0.892 8.07147e-07
0.01 0.941 1.31984e-06
0.01 0.99 2.03325e-06
0.059 0.01 0.000138196
0.059 0.059 9.61296e-05
0.059 0.108 5.90628e-05
0.059 0.157 3.3731e-05
0.059 0.206 2.21067e-05
0.059 0.255 3.6046e-05
0.059 0.304 4.97491e-05
0.059 0.353 4.56013e-05
0.059 0.402 6.5143e-05
0.059 0.451 0.000141659
0.059 0.5 0.000191573
0.059 0.549 0.000137825
0.059 0.598 6.84765e-05
0.059 0.647 5.14937e-05
0.059 0.696 4.58367e-05
0.059 0.745 2.75111e-05
0.059 0.794 2.67208e-05
0.059 0.843 4.40089e-05
0.059 0.892 6.07961e-05
0.059 0.941 9.94129e-05
0.059 0.99 0.000153149
0.108 0.01 0.00447791
0.108 0.059 0.00311484
0.108 0.108 0.00191378
0.108 0.157 0.00109297
0.108 0.206 0.000716312
0.108 0.255 0.00116798
0.108 0.304 0.00161199
0.108 0.353 0.0014776
0.108 0.402 0.0021108
0.108 0.451 0.00459012
0.108 0.5 0.00620744
0.108 0.549 0.00446589
0.108 0.598 0.00221881
0.108 0.647 0.00166852
0.108 0.696 0.00148522
0.108 0.745 0.00089143
0.108 0.794 0.000865821
0.108 0.843 0.001426
0.108 0.892 0.00196995
0.108 0.941 0.00322123
0.108 0.99 0.00496241
0.157 0.01 0.0555349
0.157 0.059 0.0386301
0.157 0.108 0.0237347
0.157 0.157 0.013555
0.157 0.206 0.00888368
0.157 0.255 0.0144853
0.157 0.304 0.0199919
0.157 0.353 0.0183251
0.157 0.402 0.026178
0.157 0.451 0.0569264
0.157 0.5 0.0769845
0.157 0.549 0.0553858
0.157 0.598 0.0275176
0.157 0.647 0.020693
0.157 0.696 0.0184197
0.157 0.745 0.0110555
0.157 0.794 0.0107379
0.157 0.843 0.0176852
0.157 0.892 0.0244312
0.157 0.941 0.0399496
0.157 0.99 0.0615437
0.206 0.01 0.263696
0.206 0.059 0.183427
0.206 0.108 0.112699
0.206 0.157 0.064363
0.206 0.206 0.0421823
0.206 0.255 0.0687803
0.206 0.304 0.0949274
0.206 0.353 0.0870129
0.206 0.402 0.124301
0.206 0.451 0.270304
0.206 0.5 0.365545
0.206 0.549 0.262988
0.206 0.598 0.130662
0.206 0.647 0.0982563
0.206 0.696 0.0874621
0.206 0.745 0.0524947
0.206 0.794 0.0509866
0.206 0.843 0.0839745
0.206 0.892 0.116007
0.206 0.941 0.189692
0.206 0.99 0.292227
0.255 0.01 0.482862
0.255 0.059 0.33588
0.255 0.108 0.206367
0.255 0.157 0.117857
0.255 0.206 0.0772414
0.255 0.255 0.125946
0.255 0.304 0.173825
0.255 0.353 0.159332
0.255 0.402 0.227612
0.255 0.451 0.494961
0.255 0.5 0.669361
0.255 0.549 0.481566
0.255 0.598 0.239259
0.255 0.647 0.17992
0.255 0.696 0.160155
0.255 0.745 0.0961247
0.255 0.794 0.0933632
0.255 0.843 0.153768
0.255 0.892 0.212423
0.255 0.941 0.347352
0.255 0.99 0.535107
0.304 0.01 0.396518
0.304 0.059 0.275818
0.304 0.108 0.169465
0.304 0.157 0.0967822
0.304 0.206 0.0634293
0.304 0.255 0.103425
0.304 0.304 0.142742
0.304 0.353 0.130841
0.304 0.402 0.186911
0.304 0.451 0.406453
0.304 0.5 0.549668
0.304 0.549 0.395453
0.304 0.598 0.196475
0.304 0.647 0.147747
0.304 0.696 0.131516
0.304 0.745 0.0789359
0.304 0.794 0.0766682
0.304 0.843 0.126272
0.304 0.892 0.174438
0.304 0.941 0.285239
0.304 0.99 0.43942
0.353 0.01 0.484383
0.353 0.059 0.336937
0.353 0.108 0.207017
0.353 0.157 0.118228
0.353 0.206 0.0774847
0.353 0.255 0.126343
0.353 0.304 0.174372
0.353 0.353 0.159834
0.353 0.402 0.228328
0.353 0.451 0.49652
0.353 0.5 0.671469
0.353 0.549 0.483083
0.353 0.598 0.240012
0.353 0.647 0.180487
0.353 0.696 0.160659
0.353 0.745 0.0964274
0.353 0.794 0.0936572
0.353 0.843 0.154253
0.353 0.892 0.213092
0.353 0.941 0.348446
0.353 0.99 0.536792
0.402 0.01 1.03728
0.402 0.059 0.721535
0.402 0.108 0.443317
0.402 0.157 0.25318
0.402 0.206 0.16593
0.402 0.255 0.270556
0.402 0.304 0.373409
0.402 0.353 0.342276
0.402 0.402 0.488954
0.402 0.451 1.06327
0.402 0.5 1.43792
0.402 0.549 1.0345
0.402 0.598 0.513975
0.402 0.647 0.386504
0.402 0.696 0.344043
0.402 0.745 0.206494
0.402 0.794 0.200562
0.402 0.843 0.330324
0.402 0.892 0.456326
0.402 0.941 0.746179
0.402 0.99 1.14951
0.451 0.01 1.46247
0.451 0.059 1.0173
0.451 0.108 0.625036
0.451 0.157 0.356961
0.451 0.206 0.233946
0.451 0.255 0.38146
0.451 0.304 0.526473
0.451 0.353 0.482579
0.451 0.402 0.689381
0.451 0.451 1.49912
0.451 0.5 2.02733
0.451 0.549 1.45855
0.451 0.598 0.724658
0.451 0.647 0.544935
0.451 0.696 0.48507
0.451 0.745 0.291139
0.451 0.794 0.282775
0.451 0.843 0.465727
0.451 0.892 0.643379
0.451 0.941 1.05204
0.451 0.99 1.62071
0.5 0.01 1.73704
0.5 0.059 1.20829
0.5 0.108 0.742382
0.5 0.157 0.423977
0.5 0.206 0.277867
0.5 0.255 0.453076
0.5 0.304 0.625314
0.5 0.353 0.573179
0.5 0.402 0.818806
0.5 0.451 1.78057
0.5 0.5 2.40795
0.5 0.549 1.73238
0.5 0.598 0.860707
0.5 0.647 0.647243
0.5 0.696 0.576138
0.5 0.745 0.345797
0.5 0.794 0.335863
0.5 0.843 0.553164
0.5 0.892 0.764168
0.5 0.941 1.24956
0.5 0.99 1.92499
0.549 0.01 1.70523
0.549 0.059 1.18616
0.549 0.108 0.728785
0.549 0.157 0.416212
0.549 0.206 0.272778
0.549 0.255 0.444778
0.549 0.304 0.613862
0.549 0.353 0.562681
0.549 0.402 0.80381
0.549 0.451 1.74796
0.549 0.5 2.36385
0.549 0.549 1.70065
0.549 0.598 0.844943
0.549 0.647 0.635388
0.549 0.696 0.565586
0.549 0.745 0.339464
0.549 0.794 0.329712
0.549 0.843 0.543033
0.549 0.892 0.750173
0.549 0.941 1.22667
0.549 0.99 1.88973
0.598 0.01 1.52723
0.598 0.059 1.06234
0.598 0.108 0.652711
0.598 0.157 0.372766
0.598 0.206 0.244304
0.598 0.255 0.39835
0.598 0.304 0.549783
0.598 0.353 0.503946
0.598 0.402 0.719904
0.598 0.451 1.56549
0.598 0.5 2.1171
0.598 0.549 1.52313
0.598 0.598 0.756743
0.598 0.647 0.569063
0.598 0.696 0.506547
0.598 0.745 0.304029
0.598 0.794 0.295295
0.598 0.843 0.486348
0.598 0.892 0.671866
0.598 0.941 1.09863
0.598 0.99 1.69247
0.647 0.01 1.38827
0.647 0.059 0.96568
0.647 0.108 0.593322
0.647 0.157 0.338848
0.647 0.206 0.222075
0.647 0.255 0.362104
0.647 0.304 0.499759
0.647 0.353 0.458092
0.647 0.402 0.654401
0.647 0.451 1.42305
0.647 0.5 1.92447
0.647 0.549 1.38454
0.647 0.598 0.687888
0.647 0.647 0.517285
0.647 0.696 0.460457
0.647 0.745 0.276366
0.647 0.794 0.268426
0.647 0.843 0.442096
0.647 0.892 0.610733
0.647 0.941 0.998663
0.647 0.99 1.53847
0.696 0.01 1.26854
0.696 0.059 0.8824
0.696 0.108 0.542154
0.696 0.157 0.309626
0.696 0.206 0.202923
0.696 0.255 0.330876
0.696 0.304 0.45666
0.696 0.353 0.418587
0.696 0.402 0.597966
0.696 0.451 1.30033
0.696 0.5 1.7585
0.696 0.549 1.26514
0.696 0.598 0.628565
0.696 0.647 0.472674
0.696 0.696 0.420747
0.696 0.745 0.252532
0.696 0.794 0.245277
0.696 0.843 0.40397
0.696 0.892 0.558064
0.696 0.941 0.912539
0.696 0.99 1.4058
0.745 0.01 1.6924
0.745 0.059 1.17724
0.745 0.108 0.723304
0.745 0.157 0.413082
0.745 0.206 0.270726
0.745 0.255 0.441433
0.745 0.304 0.609245
0.745 0.353 0.558449
0.745 0.402 0.797764
0.745 0.451 1.73481
0.745 0.5 2.34607
0.745 0.549 1.68786
0.745 0.598 0.838588
0.745 0.647 0.63061
0.745 0.696 0.561332
0.745 0.745 0.336911
0.745 0.794 0.327232
0.745 0.843 0.538948
0.745 0.892 0.744531
0.745 0.941 1.21745
0.745 0.99 1.87552
0.794 0.01 2.45826
0.794 0.059 1.70997
0.794 0.108 1.05062
0.794 0.157 0.600012
0.794 0.206 0.393237
0.794 0.255 0.641192
0.794 0.304 0.884943
0.794 0.353 0.811162
0.794 0.402 1.15877
0.794 0.451 2.51985
0.794 0.5 3.40772
0.794 0.549 2.45166
0.794 0.598 1.21807
0.794 0.647 0.915976
0.794 0.696 0.815349
0.794 0.745 0.489372
0.794 0.794 0.475313
0.794 0.843 0.782836
0.794 0.892 1.08145
0.794 0.941 1.76837
0.794 0.99 2.72423
0.843 0.01 3.52555
0.843 0.059 2.45238
0.843 0.108 1.50676
0.843 0.157 0.860517
0.843 0.206 0.563967
0.843 0.255 0.919575
0.843 0.304 1.26915
0.843 0.353 1.16334
0.843 0.402 1.66187
0.843 0.451 3.61389
0.843 0.5 4.88724
0.843 0.549 3.51608
0.843 0.598 1.74691
0.843 0.647 1.31366
0.843 0.696 1.16935
0.843 0.745 0.70184
0.843 0.794 0.681677
0.843 0.843 1.12272
0.843 0.892 1.55098
0.843 0.941 2.53614
0.843 0.99 3.907
0.892 0.01 4.55868
0.892 0.059 3.17102
0.892 0.108 1.9483
0.892 0.157 1.11268
0.892 0.206 0.729233
0.892 0.255 1.18905
0.892 0.304 1.64107
0.892 0.353 1.50425
0.892 0.402 2.14887
0.892 0.451 4.67291
0.892 0.5 6.31941
0.892 0.549 4.54644
0.892 0.598 2.25883
0.892 0.647 1.69862
0.892 0.696 1.51201
0.892 0.745 0.907508
0.892 0.794 0.881437
0.892 0.843 1.45172
0.892 0.892 2.00548
0.892 0.941 3.27933
0.892 0.99 5.05192
0.941 0.01 7.08841
0.941 0.059 4.93071
0.941 0.108 3.02947
0.941 0.157 1.73014
0.941 0.206 1.1339
0.941 0.255 1.84888
0.941 0.304 2.55174
0.941 0.353 2.33899
0.941 0.402 3.34133
0.941 0.451 7.26603
0.941 0.5 9.82621
0.941 0.549 7.06938
0.941 0.598 3.51232
0.941 0.647 2.64123
0.941 0.696 2.35107
0.941 0.745 1.41111
0.941 0.794 1.37057
0.941 0.843 2.25732
0.941 0.892 3.11837
0.941 0.941 5.09912
0.941 0.99 7.85536
0.99 0.01 10.2249
0.99 0.059 7.11244
0.99 0.108 4.36994
0.99 0.157 2.49569
0.99 0.206 1.63563
0.99 0.255 2.66698
0.99 0.304 3.68084
0.99 0.353 3.37395
0.99 0.402 4.8198
0.99 0.451 10.4811
0.99 0.5 14.1741
0.99 0.549 10.1974
0.99 0.598 5.06644
0.99 0.647 3.80991
0.99 0.696 3.39136
0.99 0.745 2.03549
0.99 0.794 1.97702
0.99 0.843 3.25613
0.99 0.892 4.49818
0.99 0.941 7.35537
0.99 0.99 11.3312
