0.01 0.01 6.58053
0.01 0.059 5.52932
0.01 0.108 4.06396
0.01 0.157 2.58078
0.01 0.206 1.82174
0.01 0.255 1.98219
0.01 0.304 1.6169
0.01 0.353 0.872736
0.01 0.402 0.907377
0.01 0.451 1.35992
0.01 0.5 1.68415
0.01 0.549 1.24738
0.01 0.598 0.839972
0.01 0.647 1.32349
0.01 0.696 2.01922
0.01 0.745 2.61492
0.01 0.794 3.87686
0.01 0.843 4.63491
0.01 0.892 4.35819
0.01 0.941 5.72503
0.01 0.99 7.61393
0.059 0.01 3.89663
0.059 0.059 3.27416
0.059 0.108 2.40645
0.059 0.157 1.52819
0.059 0.206 1.07873
0.059 0.255 1.17374
0.059 0.304 0.957441
0.059 0.353 0.516786
0.059 0.402 0.537299
0.059 0.451 0.805272
0.059 0.5 0.997259
0.059 0.549 0.738628
0.059 0.598 0.497385
0.059 0.647 0.783701
0.059 0.696 1.19567
0.059 0.745 1.54841
0.059 0.794 2.29566
0.059 0.843 2.74454
0.059 0.892 2.58068
0.059 0.941 3.39005
0.059 0.99 4.50855
0.108 0.01 1.59195
0.108 0.059 1.33764
0.108 0.108 0.983144
0.108 0.157 0.624336
0.108 0.206 0.440712
0.108 0.255 0.479527
0.108 0.304 0.391158
0.108 0.353 0.211131
0.108 0.402 0.219511
0.108 0.451 0.32899
0.108 0.5 0.407425
0.108 0.549 0.301763
0.108 0.598 0.203204
0.108 0.647 0.320177
0.108 0.696 0.488485
0.108 0.745 0.632596
0.108 0.794 0.937883
0.108 0.843 1.12127
0.108 0.892 1.05432
0.108 0.941 1.38499
0.108 0.99 1.84195
0.157 0.01 1.22917
0.157 0.059 1.03282
0.157 0.108 0.759104
0.157 0.157 0.482062
0.157 0.206 0.340282
0.157 0.255 0.370252
0.157 0.304 0.30202
0.157 0.353 0.163018
0.157 0.402 0.169489
0.157 0.451 0.25402
0.157 0.5 0.314581
0.157 0.549 0.232997
0.157 0.598 0.156898
0.157 0.647 0.247215
0.157 0.696 0.377169
0.157 0.745 0.488439
0.157 0.794 0.724157
0.157 0.843 0.865753
0.157 0.892 0.814064
0.157 0.941 1.06938
0.157 0.99 1.4222
0.206 0.01 1.29806
0.206 0.059 1.0907
0.206 0.108 0.801649
0.206 0.157 0.509079
0.206 0.206 0.359353
0.206 0.255 0.391003
0.206 0.304 0.318947
0.206 0.353 0.172154
0.206 0.402 0.178988
0.206 0.451 0.268256
0.206 0.5 0.332212
0.206 0.549 0.246056
0.206 0.598 0.165691
0.206 0.647 0.26107
0.206 0.696 0.398308
0.206 0.745 0.515814
0.206 0.794 0.764743
0.206 0.843 0.914275
0.206 0.892 0.859689
0.206 0.941 1.12931
0.206 0.99 1.50191
0.255 0.01 0.811896
0.255 0.059 0.682199
0.255 0.108 0.501404
0.255 0.157 0.318412
0.255 0.206 0.224763
0.255 0.255 0.244559
0.255 0.304 0.199491
0.255 0.353 0.107677
0.255 0.402 0.111951
0.255 0.451 0.167785
0.255 0.5 0.207787
0.255 0.549 0.153899
0.255 0.598 0.103634
0.255 0.647 0.163291
0.255 0.696 0.249128
0.255 0.745 0.322624
0.255 0.794 0.478321
0.255 0.843 0.571848
0.255 0.892 0.537706
0.255 0.941 0.706345
0.255 0.99 0.939395
0.304 0.01 0.598001
0.304 0.059 0.502473
0.304 0.108 0.369309
0.304 0.157 0.234526
0.304 0.206 0.165549
0.304 0.255 0.18013
0.304 0.304 0.146935
0.304 0.353 0.0793092
0.304 0.402 0.0824572
0.304 0.451 0.123582
0.304 0.5 0.153045
0.304 0.549 0.113354
0.304 0.598 0.0763318
0.304 0.647 0.120271
0.304 0.696 0.183495
0.304 0.745 0.237629
0.304 0.794 0.352307
0.304 0.843 0.421194
0.304 0.892 0.396047
0.304 0.941 0.520258
0.304 0.99 0.69191
0.353 0.01 1.29687
0.353 0.059 1.0897
0.353 0.108 0.800913
0.353 0.157 0.508612
0.353 0.206 0.359023
0.353 0.255 0.390644
0.353 0.304 0.318655
0.353 0.353 0.171996
0.353 0.402 0.178823
0.353 0.451 0.26801
0.353 0.5 0.331907
0.353 0.549 0.24583
0.353 0.598 0.165539
0.353 0.647 0.260831
0.353 0.696 0.397942
0.353 0.745 0.515341
0.353 0.794 0.764041
0.353 0.843 0.913435
0.353 0.892 0.858899
0.353 0.941 1.12827
0.353 0.99 1.50053
0.402 0.01 3.04208
0.402 0.059 2.55612
0.402 0.108 1.8787
0.402 0.157 1.19305
0.402 0.206 0.842162
0.402 0.255 0.916334
0.402 0.304 0.747469
0.402 0.353 0.403452
0.402 0.402 0.419466
0.402 0.451 0.628672
0.402 0.5 0.778554
0.402 0.549 0.576643
0.402 0.598 0.388306
0.402 0.647 0.611831
0.402 0.696 0.933453
0.402 0.745 1.20884
0.402 0.794 1.79221
0.402 0.843 2.14265
0.402 0.892 2.01472
0.402 0.941 2.64659
0.402 0.99 3.5198
0.451 0.01 7.16447
0.451 0.059 6.01997
0.451 0.108 4.42458
0.451 0.157 2.80978
0.451 0.206 1.9834
0.451 0.255 2.15808
0.451 0.304 1.76038
0.451 0.353 0.95018
0.451 0.402 0.987895
0.451 0.451 1.4806
0.451 0.5 1.83359
0.451 0.549 1.35806
0.451 0.598 0.914508
0.451 0.647 1.44094
0.451 0.696 2.1984
0.451 0.745 2.84696
0.451 0.794 4.22088
0.451 0.843 5.0462
0.451 0.892 4.74492
0.451 0.941 6.23305
0.451 0.99 8.28957
0.5 0.01 10.5394
0.5 0.059 8.85574
0.5 0.108 6.50881
0.5 0.157 4.13336
0.5 0.206 2.91769
0.5 0.255 3.17466
0.5 0.304 2.58962
0.5 0.353 1.39777
0.5 0.402 1.45325
0.5 0.451 2.17805
0.5 0.5 2.69732
0.5 0.549 1.99779
0.5 0.598 1.3453
0.5 0.647 2.1197
0.5 0.696 3.23397
0.5 0.745 4.18804
0.5 0.794 6.20916
0.5 0.843 7.42326
0.5 0.892 6.98005
0.5 0.941 9.16919
0.5 0.99 12.1944
0.549 0.01 6.90602
0.549 0.059 5.80281
0.549 0.108 4.26497
0.549 0.157 2.70842
0.549 0.206 1.91185
0.549 0.255 2.08023
0.549 0.304 1.69688
0.549 0.353 0.915903
0.549 0.402 0.952257
0.549 0.451 1.42719
0.549 0.5 1.76745
0.549 0.549 1.30907
0.549 0.598 0.881518
0.549 0.647 1.38896
0.549 0.696 2.11909
0.549 0.745 2.74426
0.549 0.794 4.06862
0.549 0.843 4.86416
0.549 0.892 4.57375
0.549 0.941 6.0082
0.549 0.99 7.99053
0.598 0.01 1.84244
0.598 0.059 1.54812
0.598 0.108 1.13784
0.598 0.157 0.722574
0.598 0.206 0.510057
0.598 0.255 0.554979
0.598 0.304 0.452706
0.598 0.353 0.244352
0.598 0.402 0.25405
0.598 0.451 0.380756
0.598 0.5 0.471533
0.598 0.549 0.349245
0.598 0.598 0.235178
0.598 0.647 0.370556
0.598 0.696 0.565347
0.598 0.745 0.732133
0.598 0.794 1.08546
0.598 0.843 1.2977
0.598 0.892 1.22022
0.598 0.941 1.60291
0.598 0.99 2.13177
0.647 0.01 0.195697
0.647 0.059 0.164436
0.647 0.108 0.120857
0.647 0.157 0.0767492
0.647 0.206 0.0541764
0.647 0.255 0.0589479
0.647 0.304 0.0480848
0.647 0.353 0.0259542
0.647 0.402 0.0269843
0.647 0.451 0.0404426
0.647 0.5 0.0500845
0.647 0.549 0.0370955
0.647 0.598 0.0249798
0.647 0.647 0.0393592
0.647 0.696 0.0600492
0.647 0.745 0.0777646
0.647 0.794 0.115293
0.647 0.843 0.137837
0.647 0.892 0.129607
0.647 0.941 0.170256
0.647 0.99 0.226429
0.696 0.01 0.0082009
0.696 0.059 0.00689084
0.696 0.108 0.00506465
0.696 0.157 0.00321626
0.696 0.206 0.00227032
0.696 0.255 0.00247027
0.696 0.304 0.00201504
0.696 0.353 0.00108764
0.696 0.402 0.00113081
0.696 0.451 0.00169479
0.696 0.5 0.00209884
0.696 0.549 0.00155453
0.696 0.598 0.0010468
0.696 0.647 0.00164939
0.696 0.696 0.00251642
0.696 0.745 0.00325881
0.696 0.794 0.00483149
0.696 0.843 0.0057762
0.696 0.892 0.00543133
0.696 0.941 0.00713475
0.696 0.99 0.00948876
0.745 0.01 0.00013742
0.745 0.059 0.000115468
0.745 0.108 8.48671e-05
0.745 0.157 5.3894e-05
0.745 0.206 3.80432e-05
0.745 0.255 4.13938e-05
0.745 0.304 3.37656e-05
0.745 0.353 1.82252e-05
0.745 0.402 1.89486e-05
0.745 0.451 2.83991e-05
0.745 0.5 3.51698e-05
0.745 0.549 2.60488e-05
0.745 0.598 1.7541e-05
0.745 0.647 2.76384e-05
0.745 0.696 4.21671e-05
0.745 0.745 5.4607e-05
0.745 0.794 8.096e-05
0.745 0.843 9.67903e-05
0.745 0.892 9.10115e-05
0.745 0.941 0.000119555
0.745 0.99 0.000159001
0.794 0.01 0.00024252
0.794 0.059 0.000203779
0.794 0.108 0.000149774
0.794 0.157 9.51125e-05
0.794 0.206 6.71388e-05
0.794 0.255 7.3052e-05
0.794 0.304 5.95897e-05
0.794 0.353 3.2164e-05
0.794 0.402 3.34407e-05
0.794 0.451 5.0119e-05
0.794 0.5 6.20679e-05
0.794 0.549 4.59711e-05
0.794 0.598 3.09565e-05
0.794 0.647 4.87764e-05
0.794 0.696 7.44167e-05
0.794 0.745 9.63708e-05
0.794 0.794 0.000142879
0.794 0.843 0.000170816
0.794 0.892 0.000160618
0.794 0.941 0.000210992
0.794 0.99 0.000280606
0.843 0.01 0.00847438
0.843 0.059 0.00712063
0.843 0.108 0.00523354
0.843 0.157 0.00332351
0.843 0.206 0.00234603
0.843 0.255 0.00255265
0.843 0.304 0.00208224
0.843 0.353 0.00112391
0.843 0.402 0.00116852
0.843 0.451 0.0017513
0.843 0.5 0.00216884
0.843 0.549 0.00160637
0.843 0.598 0.00108171
0.843 0.647 0.00170439
0.843 0.696 0.00260034
0.843 0.745 0.00336748
0.843 0.794 0.0049926
0.843 0.843 0.00596882
0.843 0.892 0.00561245
0.843 0.941 0.00737267
0.843 0.99 0.00980519
0.892 0.01 0.113746
0.892 0.059 0.0955754
0.892 0.108 0.0702462
0.892 0.157 0.0446092
0.892 0.206 0.0314891
0.892 0.255 0.0342625
0.892 0.304 0.0279485
0.892 0.353 0.0150854
0.892 0.402 0.0156842
0.892 0.451 0.0235065
0.892 0.5 0.0291108
0.892 0.549 0.0215611
0.892 0.598 0.0145191
0.892 0.647 0.0228769
0.892 0.696 0.0349026
0.892 0.745 0.0451994
0.892 0.794 0.0670123
0.892 0.843 0.0801153
0.892 0.892 0.0753321
0.892 0.941 0.0989583
0.892 0.99 0.131608
0.941 0.01 0.584358
0.941 0.059 0.49101
0.941 0.108 0.360884
0.941 0.157 0.229176
0.941 0.206 0.161772
0.941 0.255 0.17602
0.941 0.304 0.143583
0.941 0.353 0.0774999
0.941 0.402 0.0805761
0.941 0.451 0.120763
0.941 0.5 0.149554
0.941 0.549 0.110768
0.941 0.598 0.0745904
0.941 0.647 0.117528
0.941 0.696 0.179309
0.941 0.745 0.232208
0.941 0.794 0.344269
0.941 0.843 0.411585
0.941 0.892 0.387012
0.941 0.941 0.508389
0.941 0.99 0.676125
0.99 0.01 1.14905
0.99 0.059 0.965497
0.99 0.108 0.709623
0.99 0.157 0.450639
0.99 0.206 0.318101
0.99 0.255 0.346118
0.99 0.304 0.282334
0.99 0.353 0.152392
0.99 0.402 0.158441
0.99 0.451 0.237462
0.99 0.5 0.294075
0.99 0.549 0.217809
0.99 0.598 0.146671
0.99 0.647 0.231101
0.99 0.696 0.352584
0.99 0.745 0.456601
0.99 0.794 0.676954
0.99 0.843 0.80932
0.99 0.892 0.761
0.99 0.941 0.999671
0.99 0.99 1.3295
