0.01 0.01 5.81111
0.01 0.059 5.89251
0.01 0.108 8.0091
0.01 0.157 10.6174
0.01 0.206 8.86197
0.01 0.255 4.78589
0.01 0.304 2.95688
0.01 0.353 3.21763
0.01 0.402 2.51237
0.01 0.451 1.42252
0.01 0.5 1.71954
0.01 0.549 2.5417
0.01 0.598 2.52928
0.01 0.647 1.8786
0.01 0.696 2.90197
0.01 0.745 5.04269
0.01 0.794 5.69467
0.01 0.843 4.65705
0.01 0.892 3.9164
0.01 0.941 3.51024
0.01 0.99 3.32633
0.059 0.01 4.06837
0.059 0.059 4.12536
0.059 0.108 5.60719
0.059 0.157 7.43324
0.059 0.206 6.20429
0.059 0.255 3.35061
0.059 0.304 2.07012
0.059 0.353 2.25267
0.059 0.402 1.75892
0.059 0.451 0.99591
0.059 0.5 1.20385
0.059 0.549 1.77945
0.059 0.598 1.77075
0.059 0.647 1.31521
0.059 0.696 2.03167
0.059 0.745 3.5304
0.059 0.794 3.98685
0.059 0.843 3.26041
0.059 0.892 2.74188
0.059 0.941 2.45753
0.059 0.99 2.32877
0.108 0.01 2.485
0.108 0.059 2.51981
0.108 0.108 3.42493
0.108 0.157 4.5403
0.108 0.206 3.78964
0.108 0.255 2.04659
0.108 0.304 1.26445
0.108 0.353 1.37596
0.108 0.402 1.07436
0.108 0.451 0.608312
0.108 0.5 0.735325
0.108 0.549 1.08691
0.108 0.598 1.08159
0.108 0.647 0.803343
0.108 0.696 1.24097
0.108 0.745 2.15641
0.108 0.794 2.43521
0.108 0.843 1.99149
0.108 0.892 1.67477
0.108 0.941 1.50108
0.108 0.99 1.42244
0.157 0.01 1.88191
0.157 0.059 1.90827
0.157 0.108 2.59372
0.157 0.157 3.4384
0.157 0.206 2.86992
0.157 0.255 1.54989
0.157 0.304 0.957573
0.157 0.353 1.04202
0.157 0.402 0.813622
0.157 0.451 0.460678
0.157 0.5 0.556866
0.157 0.549 0.823121
0.157 0.598 0.819097
0.157 0.647 0.608376
0.157 0.696 0.939792
0.157 0.745 1.63306
0.157 0.794 1.8442
0.157 0.843 1.50817
0.157 0.892 1.26831
0.157 0.941 1.13678
0.157 0.99 1.07722
0.206 0.01 1.56633
0.206 0.059 1.58827
0.206 0.108 2.15878
0.206 0.157 2.86181
0.206 0.206 2.38866
0.206 0.255 1.28999
0.206 0.304 0.796998
0.206 0.353 0.867282
0.206 0.402 0.677186
0.206 0.451 0.383427
0.206 0.5 0.463485
0.206 0.549 0.685091
0.206 0.598 0.681743
0.206 0.647 0.506358
0.206 0.696 0.782198
0.206 0.745 1.35921
0.206 0.794 1.53494
0.206 0.843 1.25526
0.206 0.892 1.05563
0.206 0.941 0.946153
0.206 0.99 0.896582
0.255 0.01 1.28905
0.255 0.059 1.30711
0.255 0.108 1.77662
0.255 0.157 2.3552
0.255 0.206 1.96581
0.255 0.255 1.06163
0.255 0.304 0.655909
0.255 0.353 0.713751
0.255 0.402 0.557307
0.255 0.451 0.315551
0.255 0.5 0.381436
0.255 0.549 0.563813
0.255 0.598 0.561057
0.255 0.647 0.41672
0.255 0.696 0.643729
0.255 0.745 1.1186
0.255 0.794 1.26322
0.255 0.843 1.03305
0.255 0.892 0.868755
0.255 0.941 0.77866
0.255 0.99 0.737864
0.304 0.01 1.07448
0.304 0.059 1.08954
0.304 0.108 1.4809
0.304 0.157 1.96317
0.304 0.206 1.6386
0.304 0.255 0.88492
0.304 0.304 0.546732
0.304 0.353 0.594946
0.304 0.402 0.464542
0.304 0.451 0.263027
0.304 0.5 0.317946
0.304 0.549 0.469965
0.304 0.598 0.467668
0.304 0.647 0.347356
0.304 0.696 0.536579
0.304 0.745 0.932404
0.304 0.794 1.05296
0.304 0.843 0.861097
0.304 0.892 0.724149
0.304 0.941 0.64905
0.304 0.99 0.615045
0.353 0.01 1.09716
0.353 0.059 1.11252
0.353 0.108 1.51214
0.353 0.157 2.00459
0.353 0.206 1.67317
0.353 0.255 0.903591
0.353 0.304 0.558267
0.353 0.353 0.607499
0.353 0.402 0.474343
0.353 0.451 0.268576
0.353 0.5 0.324654
0.353 0.549 0.479881
0.353 0.598 0.477535
0.353 0.647 0.354685
0.353 0.696 0.547901
0.353 0.745 0.952076
0.353 0.794 1.07517
0.353 0.843 0.879265
0.353 0.892 0.739428
0.353 0.941 0.662745
0.353 0.99 0.628022
0.402 0.01 1.09045
0.402 0.059 1.10572
0.402 0.108 1.5029
0.402 0.157 1.99234
0.402 0.206 1.66294
0.402 0.255 0.898067
0.402 0.304 0.554854
0.402 0.353 0.603785
0.402 0.402 0.471444
0.402 0.451 0.266935
0.402 0.5 0.322669
0.402 0.549 0.476947
0.402 0.598 0.474616
0.402 0.647 0.352516
0.402 0.696 0.544551
0.402 0.745 0.946256
0.402 0.794 1.0686
0.402 0.843 0.87389
0.402 0.892 0.734908
0.402 0.941 0.658693
0.402 0.99 0.624183
0.451 0.01 1.18433
0.451 0.059 1.20092
0.451 0.108 1.63229
0.451 0.157 2.16387
0.451 0.206 1.80611
0.451 0.255 0.975387
0.451 0.304 0.602625
0.451 0.353 0.655769
0.451 0.402 0.512033
0.451 0.451 0.289916
0.451 0.5 0.35045
0.451 0.549 0.518011
0.451 0.598 0.515479
0.451 0.647 0.382867
0.451 0.696 0.591435
0.451 0.745 1.02772
0.451 0.794 1.1606
0.451 0.843 0.949128
0.451 0.892 0.79818
0.451 0.941 0.715404
0.451 0.99 0.677922
0.5 0.01 1.2399
0.5 0.059 1.25727
0.5 0.108 1.70888
0.5 0.157 2.2654
0.5 0.206 1.89086
0.5 0.255 1.02115
0.5 0.304 0.630901
0.5 0.353 0.686539
0.5 0.402 0.536059
0.5 0.451 0.30352
0.5 0.5 0.366893
0.5 0.549 0.542317
0.5 0.598 0.539666
0.5 0.647 0.400831
0.5 0.696 0.619186
0.5 0.745 1.07595
0.5 0.794 1.21506
0.5 0.843 0.993663
0.5 0.892 0.835633
0.5 0.941 0.748972
0.5 0.99 0.709732
0.549 0.01 1.16635
0.549 0.059 1.18269
0.549 0.108 1.60751
0.549 0.157 2.13102
0.549 0.206 1.77869
0.549 0.255 0.960578
0.549 0.304 0.593476
0.549 0.353 0.645813
0.549 0.402 0.504259
0.549 0.451 0.285515
0.549 0.5 0.345129
0.549 0.549 0.510146
0.549 0.598 0.507652
0.549 0.647 0.377054
0.549 0.696 0.582455
0.549 0.745 1.01212
0.549 0.794 1.14298
0.549 0.843 0.934718
0.549 0.892 0.786062
0.549 0.941 0.704542
0.549 0.99 0.66763
0.598 0.01 0.963599
0.598 0.059 0.977097
0.598 0.108 1.32807
0.598 0.157 1.76057
0.598 0.206 1.46949
0.598 0.255 0.793597
0.598 0.304 0.490309
0.598 0.353 0.533548
0.598 0.402 0.416602
0.598 0.451 0.235883
0.598 0.5 0.285134
0.598 0.549 0.421465
0.598 0.598 0.419405
0.598 0.647 0.311509
0.598 0.696 0.481205
0.598 0.745 0.83618
0.598 0.794 0.944291
0.598 0.843 0.772232
0.598 0.892 0.649417
0.598 0.941 0.582069
0.598 0.99 0.551573
0.647 0.01 0.514663
0.647 0.059 0.521873
0.647 0.108 0.70933
0.647 0.157 0.940331
0.647 0.206 0.784864
0.647 0.255 0.423864
0.647 0.304 0.261877
0.647 0.353 0.284971
0.647 0.402 0.222509
0.647 0.451 0.125986
0.647 0.5 0.152291
0.647 0.549 0.225107
0.647 0.598 0.224006
0.647 0.647 0.166379
0.647 0.696 0.257014
0.647 0.745 0.446608
0.647 0.794 0.504351
0.647 0.843 0.412453
0.647 0.892 0.346857
0.647 0.941 0.310886
0.647 0.99 0.294598
0.696 0.01 0.360203
0.696 0.059 0.365249
0.696 0.108 0.496446
0.696 0.157 0.65812
0.696 0.206 0.549311
0.696 0.255 0.296655
0.696 0.304 0.183283
0.696 0.353 0.199446
0.696 0.402 0.15573
0.696 0.451 0.0881753
0.696 0.5 0.106586
0.696 0.549 0.157548
0.696 0.598 0.156778
0.696 0.647 0.116445
0.696 0.696 0.179879
0.696 0.745 0.312573
0.696 0.794 0.352986
0.696 0.843 0.288668
0.696 0.892 0.242759
0.696 0.941 0.217583
0.696 0.99 0.206184
0.745 0.01 0.434841
0.745 0.059 0.440933
0.745 0.108 0.599316
0.745 0.157 0.79449
0.745 0.206 0.663135
0.745 0.255 0.358125
0.745 0.304 0.221261
0.745 0.353 0.240773
0.745 0.402 0.187999
0.745 0.451 0.106446
0.745 0.5 0.128672
0.745 0.549 0.190194
0.745 0.598 0.189264
0.745 0.647 0.140574
0.745 0.696 0.217152
0.745 0.745 0.377341
0.745 0.794 0.426128
0.745 0.843 0.348484
0.745 0.892 0.293061
0.745 0.941 0.262669
0.745 0.99 0.248907
0.794 0.01 0.575895
0.794 0.059 0.583963
0.794 0.108 0.793722
0.794 0.157 1.05221
0.794 0.206 0.878243
0.794 0.255 0.474294
0.794 0.304 0.293034
0.794 0.353 0.318875
0.794 0.402 0.248982
0.794 0.451 0.140975
0.794 0.5 0.17041
0.794 0.549 0.251889
0.794 0.598 0.250658
0.794 0.647 0.186174
0.794 0.696 0.287592
0.794 0.745 0.499744
0.794 0.794 0.564356
0.794 0.843 0.461525
0.794 0.892 0.388125
0.794 0.941 0.347874
0.794 0.99 0.329648
0.843 0.01 0.718299
0.843 0.059 0.728362
0.843 0.108 0.989989
0.843 0.157 1.31239
0.843 0.206 1.09541
0.843 0.255 0.591574
0.843 0.304 0.365493
0.843 0.353 0.397725
0.843 0.402 0.310549
0.843 0.451 0.175835
0.843 0.5 0.212548
0.843 0.549 0.314175
0.843 0.598 0.312639
0.843 0.647 0.232209
0.843 0.696 0.358706
0.843 0.745 0.623317
0.843 0.794 0.703907
0.843 0.843 0.575648
0.843 0.892 0.484098
0.843 0.941 0.433894
0.843 0.99 0.411161
0.892 0.01 0.496535
0.892 0.059 0.50349
0.892 0.108 0.684344
0.892 0.157 0.907209
0.892 0.206 0.757218
0.892 0.255 0.408934
0.892 0.304 0.252653
0.892 0.353 0.274933
0.892 0.402 0.214672
0.892 0.451 0.121548
0.892 0.5 0.146927
0.892 0.549 0.217178
0.892 0.598 0.216116
0.892 0.647 0.160518
0.892 0.696 0.247961
0.892 0.745 0.430877
0.892 0.794 0.486586
0.892 0.843 0.397925
0.892 0.892 0.33464
0.892 0.941 0.299935
0.892 0.99 0.284221
0.941 0.01 0.444048
0.941 0.059 0.450269
0.941 0.108 0.612005
0.941 0.157 0.811312
0.941 0.206 0.677176
0.941 0.255 0.365707
0.941 0.304 0.225946
0.941 0.353 0.245871
0.941 0.402 0.19198
0.941 0.451 0.1087
0.941 0.5 0.131396
0.941 0.549 0.194221
0.941 0.598 0.193271
0.941 0.647 0.14355
0.941 0.696 0.22175
0.941 0.745 0.385331
0.941 0.794 0.435151
0.941 0.843 0.355862
0.941 0.892 0.299266
0.941 0.941 0.268231
0.941 0.99 0.254177
0.99 0.01 0.683671
0.99 0.059 0.693248
0.99 0.108 0.942262
0.99 0.157 1.24912
0.99 0.206 1.0426
0.99 0.255 0.563055
0.99 0.304 0.347873
0.99 0.353 0.378551
0.99 0.402 0.295578
0.99 0.451 0.167358
0.99 0.5 0.202302
0.99 0.549 0.299028
0.99 0.598 0.297567
0.99 0.647 0.221015
0.99 0.696 0.341413
0.99 0.745 0.593267
0.99 0.794 0.669972
0.99 0.843 0.547896
0.99 0.892 0.46076
0.99 0.941 0.412976
0.99 0.99 0.39134
