0.01 0.01 7.21885
0.01 0.059 4.42482
0.01 0.108 1.52741
0.01 0.157 0.824196
0.01 0.206 1.02624
0.01 0.255 1.40366
0.01 0.304 1.41465
0.01 0.353 0.651187
0.01 0.402 0.210343
0.01 0.451 0.436665
0.01 0.5 0.823333
0.01 0.549 1.09057
0.01 0.598 1.47704
0.01 0.647 1.14428
0.01 0.696 0.438197
0.01 0.745 0.507146
0.01 0.794 1.28533
0.01 0.843 2.12183
0.01 0.892 3.99761
0.01 0.941 11.904
0.01 0.99 21.3435
0.059 0.01 4.46845
0.059 0.059 2.73895
0.059 0.108 0.945461
0.059 0.157 0.510175
0.059 0.206 0.635239
0.059 0.255 0.868859
0.059 0.304 0.875663
0.059 0.353 0.403083
0.059 0.402 0.130202
0.059 0.451 0.270294
0.059 0.5 0.509641
0.059 0.549 0.675063
0.059 0.598 0.914285
0.059 0.647 0.708309
0.059 0.696 0.271243
0.059 0.745 0.313922
0.059 0.794 0.795616
0.059 0.843 1.31341
0.059 0.892 2.47451
0.059 0.941 7.36856
0.059 0.99 13.2115
0.108 0.01 2.13337
0.108 0.059 1.30766
0.108 0.108 0.451392
0.108 0.157 0.243573
0.108 0.206 0.303282
0.108 0.255 0.414819
0.108 0.304 0.418068
0.108 0.353 0.192444
0.108 0.402 0.0621623
0.108 0.451 0.129047
0.108 0.5 0.243318
0.108 0.549 0.322295
0.108 0.598 0.436507
0.108 0.647 0.338168
0.108 0.696 0.1295
0.108 0.745 0.149876
0.108 0.794 0.379851
0.108 0.843 0.627061
0.108 0.892 1.18141
0.108 0.941 3.51797
0.108 0.99 6.30759
0.157 0.01 1.82243
0.157 0.059 1.11706
0.157 0.108 0.3856
0.157 0.157 0.208072
0.157 0.206 0.259078
0.157 0.255 0.354359
0.157 0.304 0.357134
0.157 0.353 0.164395
0.157 0.402 0.053102
0.157 0.451 0.110238
0.157 0.5 0.207854
0.157 0.549 0.27532
0.157 0.598 0.372885
0.157 0.647 0.288879
0.157 0.696 0.110625
0.157 0.745 0.128031
0.157 0.794 0.324487
0.157 0.843 0.535665
0.157 0.892 1.00921
0.157 0.941 3.00522
0.157 0.99 5.38824
0.206 0.01 1.41982
0.206 0.059 0.870285
0.206 0.108 0.300415
0.206 0.157 0.162105
0.206 0.206 0.201843
0.206 0.255 0.276075
0.206 0.304 0.278237
0.206 0.353 0.128077
0.206 0.402 0.0413709
0.206 0.451 0.0858844
0.206 0.5 0.161936
0.206 0.549 0.214497
0.206 0.598 0.290509
0.206 0.647 0.225061
0.206 0.696 0.0861858
0.206 0.745 0.099747
0.206 0.794 0.252802
0.206 0.843 0.417328
0.206 0.892 0.786261
0.206 0.941 2.34132
0.206 0.99 4.19789
0.255 0.01 0.575849
0.255 0.059 0.352969
0.255 0.108 0.121842
0.255 0.157 0.0657463
0.255 0.206 0.0818633
0.255 0.255 0.11197
0.255 0.304 0.112847
0.255 0.353 0.0519454
0.255 0.402 0.0167791
0.255 0.451 0.0348329
0.255 0.5 0.0656775
0.255 0.549 0.0869954
0.255 0.598 0.117824
0.255 0.647 0.0912799
0.255 0.696 0.0349551
0.255 0.745 0.0404552
0.255 0.794 0.102531
0.255 0.843 0.169259
0.255 0.892 0.318891
0.255 0.941 0.949587
0.255 0.99 1.70257
0.304 0.01 0.369687
0.304 0.059 0.226601
0.304 0.108 0.0782207
0.304 0.157 0.0422082
0.304 0.206 0.0525551
0.304 0.255 0.0718832
0.304 0.304 0.0724461
0.304 0.353 0.0333482
0.304 0.402 0.010772
0.304 0.451 0.0223622
0.304 0.5 0.0421641
0.304 0.549 0.0558498
0.304 0.598 0.0756414
0.304 0.647 0.0586004
0.304 0.696 0.0224407
0.304 0.745 0.0259717
0.304 0.794 0.0658235
0.304 0.843 0.108662
0.304 0.892 0.204723
0.304 0.941 0.609622
0.304 0.99 1.09303
0.353 0.01 0.743222
0.353 0.059 0.45556
0.353 0.108 0.157255
0.353 0.157 0.0848557
0.353 0.206 0.105657
0.353 0.255 0.144514
0.353 0.304 0.145646
0.353 0.353 0.0670435
0.353 0.402 0.021656
0.353 0.451 0.0449572
0.353 0.5 0.084767
0.353 0.549 0.112281
0.353 0.598 0.15207
0.353 0.647 0.117811
0.353 0.696 0.0451149
0.353 0.745 0.0522137
0.353 0.794 0.132332
0.353 0.843 0.218455
0.353 0.892 0.411577
0.353 0.941 1.22559
0.353 0.99 2.19743
0.402 0.01 1.13609
0.402 0.059 0.696369
0.402 0.108 0.24038
0.402 0.157 0.12971
0.402 0.206 0.161507
0.402 0.255 0.220904
0.402 0.304 0.222634
0.402 0.353 0.102483
0.402 0.402 0.0331034
0.402 0.451 0.0687214
0.402 0.5 0.129575
0.402 0.549 0.171632
0.402 0.598 0.232454
0.402 0.647 0.180085
0.402 0.696 0.0689626
0.402 0.745 0.0798137
0.402 0.794 0.202283
0.402 0.843 0.33393
0.402 0.892 0.629136
0.402 0.941 1.87343
0.402 0.99 3.35899
0.451 0.01 1.46317
0.451 0.059 0.896857
0.451 0.108 0.309587
0.451 0.157 0.167055
0.451 0.206 0.208006
0.451 0.255 0.284504
0.451 0.304 0.286732
0.451 0.353 0.131988
0.451 0.402 0.042634
0.451 0.451 0.0885067
0.451 0.5 0.16688
0.451 0.549 0.221046
0.451 0.598 0.299379
0.451 0.647 0.231933
0.451 0.696 0.0888173
0.451 0.745 0.102792
0.451 0.794 0.260521
0.451 0.843 0.43007
0.451 0.892 0.810268
0.451 0.941 2.4128
0.451 0.99 4.32606
0.5 0.01 1.10282
0.5 0.059 0.675975
0.5 0.108 0.233341
0.5 0.157 0.125912
0.5 0.206 0.156778
0.5 0.255 0.214435
0.5 0.304 0.216114
0.5 0.353 0.0994813
0.5 0.402 0.0321339
0.5 0.451 0.0667089
0.5 0.5 0.12578
0.5 0.549 0.166606
0.5 0.598 0.225646
0.5 0.647 0.174811
0.5 0.696 0.066943
0.5 0.745 0.0774763
0.5 0.794 0.196359
0.5 0.843 0.32415
0.5 0.892 0.610711
0.5 0.941 1.81857
0.5 0.99 3.26062
0.549 0.01 0.466256
0.549 0.059 0.285793
0.549 0.108 0.0986533
0.549 0.157 0.0532338
0.549 0.206 0.0662835
0.549 0.255 0.0906604
0.549 0.304 0.0913703
0.549 0.353 0.0420594
0.549 0.402 0.0135858
0.549 0.451 0.0282036
0.549 0.5 0.0531781
0.549 0.549 0.0704388
0.549 0.598 0.0954003
0.549 0.647 0.0739079
0.549 0.696 0.0283026
0.549 0.745 0.032756
0.549 0.794 0.0830178
0.549 0.843 0.137047
0.549 0.892 0.258201
0.549 0.941 0.768866
0.549 0.99 1.37855
0.598 0.01 0.547377
0.598 0.059 0.335517
0.598 0.108 0.115817
0.598 0.157 0.0624956
0.598 0.206 0.0778157
0.598 0.255 0.106434
0.598 0.304 0.107267
0.598 0.353 0.049377
0.598 0.402 0.0159495
0.598 0.451 0.0331106
0.598 0.5 0.0624302
0.598 0.549 0.082694
0.598 0.598 0.111998
0.598 0.647 0.0867666
0.598 0.696 0.0332268
0.598 0.745 0.0384549
0.598 0.794 0.0974615
0.598 0.843 0.16089
0.598 0.892 0.303123
0.598 0.941 0.902636
0.598 0.99 1.61839
0.647 0.01 1.01552
0.647 0.059 0.622465
0.647 0.108 0.21487
0.647 0.157 0.115945
0.647 0.206 0.144367
0.647 0.255 0.197461
0.647 0.304 0.199007
0.647 0.353 0.0916064
0.647 0.402 0.0295902
0.647 0.451 0.0614282
0.647 0.5 0.115823
0.647 0.549 0.153418
0.647 0.598 0.207784
0.647 0.647 0.160973
0.647 0.696 0.0616438
0.647 0.745 0.0713433
0.647 0.794 0.180815
0.647 0.843 0.298491
0.647 0.892 0.562368
0.647 0.941 1.67461
0.647 0.99 3.00251
0.696 0.01 1.44412
0.696 0.059 0.885177
0.696 0.108 0.305555
0.696 0.157 0.164879
0.696 0.206 0.205297
0.696 0.255 0.280799
0.696 0.304 0.282998
0.696 0.353 0.130269
0.696 0.402 0.0420788
0.696 0.451 0.0873541
0.696 0.5 0.164706
0.696 0.549 0.218168
0.696 0.598 0.29548
0.696 0.647 0.228912
0.696 0.696 0.0876606
0.696 0.745 0.101454
0.696 0.794 0.257128
0.696 0.843 0.424469
0.696 0.892 0.799715
0.696 0.941 2.38138
0.696 0.99 4.26972
0.745 0.01 1.36897
0.745 0.059 0.839114
0.745 0.108 0.289655
0.745 0.157 0.156299
0.745 0.206 0.194614
0.745 0.255 0.266187
0.745 0.304 0.268271
0.745 0.353 0.12349
0.745 0.402 0.0398891
0.745 0.451 0.0828083
0.745 0.5 0.156135
0.745 0.549 0.206814
0.745 0.598 0.280103
0.745 0.647 0.217
0.745 0.696 0.0830989
0.745 0.745 0.0961743
0.745 0.794 0.243747
0.745 0.843 0.40238
0.745 0.892 0.758099
0.745 0.941 2.25746
0.745 0.99 4.04753
0.794 0.01 0.734482
0.794 0.059 0.450203
0.794 0.108 0.155406
0.794 0.157 0.0838579
0.794 0.206 0.104415
0.794 0.255 0.142815
0.794 0.304 0.143933
0.794 0.353 0.0662551
0.794 0.402 0.0214014
0.794 0.451 0.0444285
0.794 0.5 0.0837701
0.794 0.549 0.110961
0.794 0.598 0.150282
0.794 0.647 0.116425
0.794 0.696 0.0445844
0.794 0.745 0.0515997
0.794 0.794 0.130776
0.794 0.843 0.215886
0.794 0.892 0.406737
0.794 0.941 1.21118
0.794 0.99 2.17159
0.843 0.01 0.9115
0.843 0.059 0.558707
0.843 0.108 0.192861
0.843 0.157 0.104068
0.843 0.206 0.12958
0.843 0.255 0.177235
0.843 0.304 0.178623
0.843 0.353 0.0822233
0.843 0.402 0.0265593
0.843 0.451 0.0551362
0.843 0.5 0.10396
0.843 0.549 0.137703
0.843 0.598 0.186501
0.843 0.647 0.144485
0.843 0.696 0.0553297
0.843 0.745 0.0640357
0.843 0.794 0.162294
0.843 0.843 0.267917
0.843 0.892 0.504765
0.843 0.941 1.50308
0.843 0.99 2.69497
0.892 0.01 3.25695
0.892 0.059 1.99636
0.892 0.108 0.689124
0.892 0.157 0.371855
0.892 0.206 0.463011
0.892 0.255 0.633291
0.892 0.304 0.63825
0.892 0.353 0.293798
0.892 0.402 0.094901
0.892 0.451 0.197011
0.892 0.5 0.371466
0.892 0.549 0.492037
0.892 0.598 0.666401
0.892 0.647 0.51627
0.892 0.696 0.197703
0.892 0.745 0.228811
0.892 0.794 0.579905
0.892 0.843 0.957313
0.892 0.892 1.80361
0.892 0.941 5.37077
0.892 0.99 9.62958
0.941 0.01 10.4875
0.941 0.059 6.42836
0.941 0.108 2.21901
0.941 0.157 1.19739
0.941 0.206 1.49092
0.941 0.255 2.03923
0.941 0.304 2.0552
0.941 0.353 0.946043
0.941 0.402 0.305586
0.941 0.451 0.634385
0.941 0.5 1.19614
0.941 0.549 1.58438
0.941 0.598 2.14584
0.941 0.647 1.66241
0.941 0.696 0.636612
0.941 0.745 0.736781
0.941 0.794 1.86732
0.941 0.843 3.08259
0.941 0.892 5.80772
0.941 0.941 17.2941
0.941 0.99 31.0077
0.99 0.01 18.4694
0.99 0.059 11.3209
0.99 0.108 3.90786
0.99 0.157 2.1087
0.99 0.206 2.62563
0.99 0.255 3.59125
0.99 0.304 3.61937
0.99 0.353 1.66606
0.99 0.402 0.538162
0.99 0.451 1.1172
0.99 0.5 2.10649
0.99 0.549 2.79023
0.99 0.598 3.779
0.99 0.647 2.92764
0.99 0.696 1.12113
0.99 0.745 1.29753
0.99 0.794 3.28851
0.99 0.843 5.4287
0.99 0.892 10.2279
0.99 0.941 30.4564
0.99 0.99 54.6071
