0.01 0.01 5.52115
0.01 0.059 3.30616
0.01 0.108 1.30363
0.01 0.157 0.910846
0.01 0.206 0.817027
0.01 0.255 0.52849
0.01 0.304 0.623386
0.01 0.353 0.996686
0.01 0.402 1.20271
0.01 0.451 1.50472
0.01 0.5 1.8905
0.01 0.549 1.96087
0.01 0.598 1.47447
0.01 0.647 0.70941
0.01 0.696 0.380999
0.01 0.745 0.587755
0.01 0.794 0.835522
0.01 0.843 0.711262
0.01 0.892 0.592873
0.01 0.941 1.43743
0.01 0.99 2.51082
0.059 0.01 3.81949
0.059 0.059 2.28718
0.059 0.108 0.901842
0.059 0.157 0.630117
0.059 0.206 0.565213
0.059 0.255 0.365605
0.059 0.304 0.431254
0.059 0.353 0.6895
0.059 0.402 0.832029
0.059 0.451 1.04095
0.059 0.5 1.30784
0.059 0.549 1.35652
0.059 0.598 1.02003
0.059 0.647 0.490765
0.059 0.696 0.263572
0.059 0.745 0.406605
0.059 0.794 0.578008
0.059 0.843 0.492046
0.059 0.892 0.410145
0.059 0.941 0.994407
0.059 0.99 1.73696
0.108 0.01 3.02118
0.108 0.059 1.80914
0.108 0.108 0.713348
0.108 0.157 0.498416
0.108 0.206 0.447078
0.108 0.255 0.28919
0.108 0.304 0.341118
0.108 0.353 0.545388
0.108 0.402 0.658127
0.108 0.451 0.823383
0.108 0.5 1.03449
0.108 0.549 1.07299
0.108 0.598 0.806831
0.108 0.647 0.38819
0.108 0.696 0.208483
0.108 0.745 0.32162
0.108 0.794 0.457199
0.108 0.843 0.389204
0.108 0.892 0.324421
0.108 0.941 0.786566
0.108 0.99 1.37392
0.157 0.01 4.38092
0.157 0.059 2.62337
0.157 0.108 1.0344
0.157 0.157 0.722738
0.157 0.206 0.648295
0.157 0.255 0.419346
0.157 0.304 0.494645
0.157 0.353 0.790851
0.157 0.402 0.95433
0.157 0.451 1.19396
0.157 0.5 1.50008
0.157 0.549 1.55591
0.157 0.598 1.16996
0.157 0.647 0.562903
0.157 0.696 0.302315
0.157 0.745 0.466372
0.157 0.794 0.66297
0.157 0.843 0.564372
0.157 0.892 0.470433
0.157 0.941 1.14058
0.157 0.99 1.99228
0.206 0.01 5.16985
0.206 0.059 3.0958
0.206 0.108 1.22068
0.206 0.157 0.852891
0.206 0.206 0.765041
0.206 0.255 0.494863
0.206 0.304 0.583722
0.206 0.353 0.933269
0.206 0.402 1.12619
0.206 0.451 1.40897
0.206 0.5 1.77022
0.206 0.549 1.8361
0.206 0.598 1.38065
0.206 0.647 0.664272
0.206 0.696 0.356757
0.206 0.745 0.550357
0.206 0.794 0.78236
0.206 0.843 0.666006
0.206 0.892 0.55515
0.206 0.941 1.34597
0.206 0.99 2.35106
0.255 0.01 4.36813
0.255 0.059 2.61571
0.255 0.108 1.03138
0.255 0.157 0.720628
0.255 0.206 0.646402
0.255 0.255 0.418122
0.255 0.304 0.4932
0.255 0.353 0.788542
0.255 0.402 0.951543
0.255 0.451 1.19048
0.255 0.5 1.4957
0.255 0.549 1.55137
0.255 0.598 1.16655
0.255 0.647 0.561259
0.255 0.696 0.301432
0.255 0.745 0.46501
0.255 0.794 0.661034
0.255 0.843 0.562725
0.255 0.892 0.469059
0.255 0.941 1.13725
0.255 0.99 1.98646
0.304 0.01 3.66572
0.304 0.059 2.1951
0.304 0.108 0.865534
0.304 0.157 0.604749
0.304 0.206 0.542458
0.304 0.255 0.350886
0.304 0.304 0.413892
0.304 0.353 0.661741
0.304 0.402 0.798532
0.304 0.451 0.999043
0.304 0.5 1.25518
0.304 0.549 1.3019
0.304 0.598 0.97896
0.304 0.647 0.471007
0.304 0.696 0.252961
0.304 0.745 0.390235
0.304 0.794 0.554738
0.304 0.843 0.472237
0.304 0.892 0.393633
0.304 0.941 0.954372
0.304 0.99 1.66703
0.353 0.01 3.28034
0.353 0.059 1.96433
0.353 0.108 0.77454
0.353 0.157 0.541171
0.353 0.206 0.485429
0.353 0.255 0.313998
0.353 0.304 0.37038
0.353 0.353 0.592172
0.353 0.402 0.714582
0.353 0.451 0.894013
0.353 0.5 1.12323
0.353 0.549 1.16503
0.353 0.598 0.876042
0.353 0.647 0.42149
0.353 0.696 0.226367
0.353 0.745 0.349209
0.353 0.794 0.496418
0.353 0.843 0.42259
0.353 0.892 0.35225
0.353 0.941 0.854039
0.353 0.99 1.49178
0.402 0.01 2.81726
0.402 0.059 1.68702
0.402 0.108 0.665199
0.402 0.157 0.464775
0.402 0.206 0.416902
0.402 0.255 0.269671
0.402 0.304 0.318093
0.402 0.353 0.508576
0.402 0.402 0.613705
0.402 0.451 0.767806
0.402 0.5 0.964661
0.402 0.549 1.00057
0.402 0.598 0.752372
0.402 0.647 0.361989
0.402 0.696 0.194411
0.402 0.745 0.299912
0.402 0.794 0.426339
0.402 0.843 0.362934
0.402 0.892 0.302523
0.402 0.941 0.733475
0.402 0.99 1.28119
0.451 0.01 3.05084
0.451 0.059 1.8269
0.451 0.108 0.720352
0.451 0.157 0.50331
0.451 0.206 0.451468
0.451 0.255 0.29203
0.451 0.304 0.344467
0.451 0.353 0.550743
0.451 0.402 0.664589
0.451 0.451 0.831467
0.451 0.5 1.04464
0.451 0.549 1.08353
0.451 0.598 0.814753
0.451 0.647 0.392002
0.451 0.696 0.21053
0.451 0.745 0.324778
0.451 0.794 0.461688
0.451 0.843 0.393025
0.451 0.892 0.327606
0.451 0.941 0.79429
0.451 0.99 1.38741
0.5 0.01 2.80696
0.5 0.059 1.68086
0.5 0.108 0.662767
0.5 0.157 0.463075
0.5 0.206 0.415378
0.5 0.255 0.268685
0.5 0.304 0.31693
0.5 0.353 0.506717
0.5 0.402 0.611461
0.5 0.451 0.764999
0.5 0.5 0.961135
0.5 0.549 0.996909
0.5 0.598 0.749621
0.5 0.647 0.360665
0.5 0.696 0.1937
0.5 0.745 0.298815
0.5 0.794 0.42478
0.5 0.843 0.361607
0.5 0.892 0.301417
0.5 0.941 0.730793
0.5 0.99 1.2765
0.549 0.01 2.69562
0.549 0.059 1.61419
0.549 0.108 0.63648
0.549 0.157 0.444708
0.549 0.206 0.398902
0.549 0.255 0.258028
0.549 0.304 0.30436
0.549 0.353 0.486619
0.549 0.402 0.587209
0.549 0.451 0.734657
0.549 0.5 0.923013
0.549 0.549 0.957368
0.549 0.598 0.719889
0.549 0.647 0.34636
0.549 0.696 0.186018
0.549 0.745 0.286963
0.549 0.794 0.407932
0.549 0.843 0.347264
0.549 0.892 0.289462
0.549 0.941 0.701808
0.549 0.99 1.22587
0.598 0.01 3.80509
0.598 0.059 2.27856
0.598 0.108 0.898441
0.598 0.157 0.627741
0.598 0.206 0.563082
0.598 0.255 0.364227
0.598 0.304 0.429628
0.598 0.353 0.686901
0.598 0.402 0.828892
0.598 0.451 1.03703
0.598 0.5 1.30291
0.598 0.549 1.3514
0.598 0.598 1.01618
0.598 0.647 0.488915
0.598 0.696 0.262578
0.598 0.745 0.405072
0.598 0.794 0.575829
0.598 0.843 0.490191
0.598 0.892 0.408599
0.598 0.941 0.990658
0.598 0.99 1.73041
0.647 0.01 4.8488
0.647 0.059 2.90355
0.647 0.108 1.14488
0.647 0.157 0.799926
0.647 0.206 0.717532
0.647 0.255 0.464132
0.647 0.304 0.547472
0.647 0.353 0.875313
0.647 0.402 1.05625
0.647 0.451 1.32148
0.647 0.5 1.66028
0.647 0.549 1.72208
0.647 0.598 1.29491
0.647 0.647 0.623021
0.647 0.696 0.334602
0.647 0.745 0.51618
0.647 0.794 0.733775
0.647 0.843 0.624647
0.647 0.892 0.520675
0.647 0.941 1.26239
0.647 0.99 2.20506
0.696 0.01 5.64078
0.696 0.059 3.3778
0.696 0.108 1.33188
0.696 0.157 0.930584
0.696 0.206 0.834731
0.696 0.255 0.539942
0.696 0.304 0.636895
0.696 0.353 1.01828
0.696 0.402 1.22878
0.696 0.451 1.53732
0.696 0.5 1.93147
0.696 0.549 2.00336
0.696 0.598 1.50642
0.696 0.647 0.724783
0.696 0.696 0.389255
0.696 0.745 0.600491
0.696 0.794 0.853627
0.696 0.843 0.726675
0.696 0.892 0.60572
0.696 0.941 1.46858
0.696 0.99 2.56522
0.745 0.01 5.83888
0.745 0.059 3.49643
0.745 0.108 1.37865
0.745 0.157 0.963264
0.745 0.206 0.864046
0.745 0.255 0.558904
0.745 0.304 0.659262
0.745 0.353 1.05404
0.745 0.402 1.27193
0.745 0.451 1.59131
0.745 0.5 1.9993
0.745 0.549 2.07372
0.745 0.598 1.55932
0.745 0.647 0.750236
0.745 0.696 0.402925
0.745 0.745 0.621579
0.745 0.794 0.883605
0.745 0.843 0.752195
0.745 0.892 0.626992
0.745 0.941 1.52016
0.745 0.99 2.65531
0.794 0.01 5.02082
0.794 0.059 3.00656
0.794 0.108 1.18549
0.794 0.157 0.828305
0.794 0.206 0.742988
0.794 0.255 0.480598
0.794 0.304 0.566895
0.794 0.353 0.906366
0.794 0.402 1.09372
0.794 0.451 1.36836
0.794 0.5 1.71919
0.794 0.549 1.78318
0.794 0.598 1.34085
0.794 0.647 0.645123
0.794 0.696 0.346472
0.794 0.745 0.534492
0.794 0.794 0.759807
0.794 0.843 0.646807
0.794 0.892 0.539147
0.794 0.941 1.30717
0.794 0.99 2.28328
0.843 0.01 3.8783
0.843 0.059 2.3224
0.843 0.108 0.915729
0.843 0.157 0.63982
0.843 0.206 0.573917
0.843 0.255 0.371235
0.843 0.304 0.437895
0.843 0.353 0.700118
0.843 0.402 0.844841
0.843 0.451 1.05698
0.843 0.5 1.32798
0.843 0.549 1.3774
0.843 0.598 1.03573
0.843 0.647 0.498322
0.843 0.696 0.267631
0.843 0.745 0.412866
0.843 0.794 0.586909
0.843 0.843 0.499623
0.843 0.892 0.416461
0.843 0.941 1.00972
0.843 0.99 1.76371
0.892 0.01 3.37712
0.892 0.059 2.02228
0.892 0.108 0.797391
0.892 0.157 0.557137
0.892 0.206 0.499751
0.892 0.255 0.323261
0.892 0.304 0.381307
0.892 0.353 0.609643
0.892 0.402 0.735664
0.892 0.451 0.920389
0.892 0.5 1.15636
0.892 0.549 1.1994
0.892 0.598 0.901887
0.892 0.647 0.433925
0.892 0.696 0.233045
0.892 0.745 0.359512
0.892 0.794 0.511064
0.892 0.843 0.435058
0.892 0.892 0.362643
0.892 0.941 0.879235
0.892 0.99 1.53579
0.941 0.01 4.58528
0.941 0.059 2.74575
0.941 0.108 1.08266
0.941 0.157 0.756453
0.941 0.206 0.678537
0.941 0.255 0.438908
0.941 0.304 0.517719
0.941 0.353 0.827743
0.941 0.402 0.998848
0.941 0.451 1.24966
0.941 0.5 1.57005
0.941 0.549 1.62849
0.941 0.598 1.22454
0.941 0.647 0.589162
0.941 0.696 0.316418
0.941 0.745 0.488127
0.941 0.794 0.693897
0.941 0.843 0.5907
0.941 0.892 0.492378
0.941 0.941 1.19378
0.941 0.99 2.08522
0.99 0.01 6.03579
0.99 0.059 3.61434
0.99 0.108 1.42515
0.99 0.157 0.99575
0.99 0.206 0.893185
0.99 0.255 0.577752
0.99 0.304 0.681495
0.99 0.353 1.08959
0.99 0.402 1.31482
0.99 0.451 1.64498
0.99 0.5 2.06672
0.99 0.549 2.14365
0.99 0.598 1.61191
0.99 0.647 0.775537
0.99 0.696 0.416513
0.99 0.745 0.642542
0.99 0.794 0.913404
0.99 0.843 0.777562
0.99 0.892 0.648137
0.99 0.941 1.57142
0.99 0.99 2.74486
