0.01 0.01 0.709791
0.01 0.059 0.396514
0.01 0.108 0.137589
0.01 0.157 0.0937024
0.01 0.206 0.0838835
0.01 0.255 0.0410241
0.01 0.304 0.0272676
0.01 0.353 0.0501524
0.01 0.402 0.0765337
0.01 0.451 0.0906629
0.01 0.5 0.0648709
0.01 0.549 0.0617645
0.01 0.598 0.115675
0.01 0.647 0.158543
0.01 0.696 0.174219
0.01 0.745 0.172066
0.01 0.794 0.15116
0.01 0.843 0.112412
0.01 0.892 0.137335
0.01 0.941 0.285999
0.01 0.99 0.428207
0.059 0.01 1.12734
0.059 0.059 0.629772
0.059 0.108 0.218528
0.059 0.157 0.148825
0.059 0.206 0.13323
0.059 0.255 0.0651573
0.059 0.304 0.0433082
0.059 0.353 0.0796556
0.059 0.402 0.121556
0.059 0.451 0.143997
0.059 0.5 0.103033
0.059 0.549 0.0980986
0.059 0.598 0.183723
0.059 0.647 0.25181
0.059 0.696 0.276707
0.059 0.745 0.273287
0.059 0.794 0.240083
0.059 0.843 0.178541
0.059 0.892 0.218125
0.059 0.941 0.454244
0.059 0.99 0.680108
0.108 0.01 1.23039
0.108 0.059 0.687338
0.108 0.108 0.238503
0.108 0.157 0.162428
0.108 0.206 0.145408
0.108 0.255 0.0711131
0.108 0.304 0.0472669
0.108 0.353 0.0869367
0.108 0.402 0.132667
0.108 0.451 0.15716
0.108 0.5 0.11245
0.108 0.549 0.107066
0.108 0.598 0.200517
0.108 0.647 0.274827
0.108 0.696 0.302
0.108 0.745 0.298268
0.108 0.794 0.262028
0.108 0.843 0.194861
0.108 0.892 0.238063
0.108 0.941 0.495765
0.108 0.99 0.742275
0.157 0.01 1.58959
0.157 0.059 0.888002
0.157 0.108 0.308132
0.157 0.157 0.209848
0.157 0.206 0.187859
0.157 0.255 0.0918742
0.157 0.304 0.0610662
0.157 0.353 0.112317
0.157 0.402 0.171399
0.157 0.451 0.203041
0.157 0.5 0.14528
0.157 0.549 0.138323
0.157 0.598 0.259056
0.157 0.647 0.355061
0.157 0.696 0.390167
0.157 0.745 0.385345
0.157 0.794 0.338525
0.157 0.843 0.25175
0.157 0.892 0.307564
0.157 0.941 0.640501
0.157 0.99 0.958977
0.206 0.01 2.3416
0.206 0.059 1.3081
0.206 0.108 0.453906
0.206 0.157 0.309125
0.206 0.206 0.276732
0.206 0.255 0.135339
0.206 0.304 0.0899558
0.206 0.353 0.165453
0.206 0.402 0.252485
0.206 0.451 0.299097
0.206 0.5 0.21401
0.206 0.549 0.203761
0.206 0.598 0.381612
0.206 0.647 0.523035
0.206 0.696 0.57475
0.206 0.745 0.567647
0.206 0.794 0.498677
0.206 0.843 0.370849
0.206 0.892 0.453068
0.206 0.941 0.943513
0.206 0.99 1.41266
0.255 0.01 1.60793
0.255 0.059 0.898249
0.255 0.108 0.311688
0.255 0.157 0.21227
0.255 0.206 0.190026
0.255 0.255 0.0929344
0.255 0.304 0.0617709
0.255 0.353 0.113613
0.255 0.402 0.173377
0.255 0.451 0.205384
0.255 0.5 0.146956
0.255 0.549 0.139919
0.255 0.598 0.262046
0.255 0.647 0.359158
0.255 0.696 0.39467
0.255 0.745 0.389792
0.255 0.794 0.342432
0.255 0.843 0.254655
0.255 0.892 0.311113
0.255 0.941 0.647892
0.255 0.99 0.970044
0.304 0.01 0.429443
0.304 0.059 0.239902
0.304 0.108 0.0832448
0.304 0.157 0.0566925
0.304 0.206 0.0507518
0.304 0.255 0.0248207
0.304 0.304 0.0164976
0.304 0.353 0.0303436
0.304 0.402 0.0463049
0.304 0.451 0.0548535
0.304 0.5 0.0392487
0.304 0.549 0.0373692
0.304 0.598 0.0699864
0.304 0.647 0.095923
0.304 0.696 0.105407
0.304 0.745 0.104105
0.304 0.794 0.0914558
0.304 0.843 0.0680125
0.304 0.892 0.0830912
0.304 0.941 0.173037
0.304 0.99 0.259077
0.353 0.01 0.0439528
0.353 0.059 0.0245536
0.353 0.108 0.00851999
0.353 0.157 0.00580239
0.353 0.206 0.00519437
0.353 0.255 0.00254036
0.353 0.304 0.00168851
0.353 0.353 0.00310562
0.353 0.402 0.00473924
0.353 0.451 0.00561418
0.353 0.5 0.00401704
0.353 0.549 0.00382468
0.353 0.598 0.00716301
0.353 0.647 0.00981758
0.353 0.696 0.0107883
0.353 0.745 0.010655
0.353 0.794 0.00936037
0.353 0.843 0.00696098
0.353 0.892 0.00850426
0.353 0.941 0.0177101
0.353 0.99 0.0265161
0.402 0.01 0.00202708
0.402 0.059 0.0011324
0.402 0.108 0.000392937
0.402 0.157 0.000267603
0.402 0.206 0.000239561
0.402 0.255 0.00011716
0.402 0.304 7.78728e-05
0.402 0.353 0.000143229
0.402 0.402 0.000218571
0.402 0.451 0.000258922
0.402 0.5 0.000185264
0.402 0.549 0.000176392
0.402 0.598 0.000330354
0.402 0.647 0.000452781
0.402 0.696 0.000497549
0.402 0.745 0.0004914
0.402 0.794 0.000431694
0.402 0.843 0.000321036
0.402 0.892 0.000392211
0.402 0.941 0.000816779
0.402 0.99 0.00122291
0.451 0.01 0.0101241
0.451 0.059 0.00565567
0.451 0.108 0.00196249
0.451 0.157 0.00133652
0.451 0.206 0.00119647
0.451 0.255 0.000585145
0.451 0.304 0.00038893
0.451 0.353 0.000715347
0.451 0.402 0.00109164
0.451 0.451 0.00129317
0.451 0.5 0.000925284
0.451 0.549 0.000880975
0.451 0.598 0.00164992
0.451 0.647 0.00226138
0.451 0.696 0.00248497
0.451 0.745 0.00245426
0.451 0.794 0.00215606
0.451 0.843 0.00160339
0.451 0.892 0.00195887
0.451 0.941 0.00407934
0.451 0.99 0.00610771
0.5 0.01 0.127844
0.5 0.059 0.0714182
0.5 0.108 0.0247818
0.5 0.157 0.0168772
0.5 0.206 0.0151087
0.5 0.255 0.00738905
0.5 0.304 0.0049113
0.5 0.353 0.00903321
0.5 0.402 0.0137849
0.5 0.451 0.0163298
0.5 0.5 0.0116842
0.5 0.549 0.0111247
0.5 0.598 0.0208348
0.5 0.647 0.028556
0.5 0.696 0.0313795
0.5 0.745 0.0309917
0.5 0.794 0.0272262
0.5 0.843 0.0202472
0.5 0.892 0.0247361
0.5 0.941 0.0515128
0.5 0.99 0.0771265
0.549 0.01 0.622968
0.549 0.059 0.348012
0.549 0.108 0.120759
0.549 0.157 0.0822406
0.549 0.206 0.0736227
0.549 0.255 0.0360059
0.549 0.304 0.0239321
0.549 0.353 0.0440177
0.549 0.402 0.067172
0.549 0.451 0.0795729
0.549 0.5 0.0569358
0.549 0.549 0.0542093
0.549 0.598 0.101525
0.549 0.647 0.13915
0.549 0.696 0.152908
0.549 0.745 0.151019
0.549 0.794 0.13267
0.549 0.843 0.098662
0.549 0.892 0.120536
0.549 0.941 0.251015
0.549 0.99 0.375828
0.598 0.01 1.23207
0.598 0.059 0.688278
0.598 0.108 0.238829
0.598 0.157 0.16265
0.598 0.206 0.145607
0.598 0.255 0.0712104
0.598 0.304 0.0473316
0.598 0.353 0.0870556
0.598 0.402 0.132849
0.598 0.451 0.157374
0.598 0.5 0.112604
0.598 0.549 0.107212
0.598 0.598 0.200791
0.598 0.647 0.275203
0.598 0.696 0.302413
0.598 0.745 0.298676
0.598 0.794 0.262386
0.598 0.843 0.195128
0.598 0.892 0.238388
0.598 0.941 0.496443
0.598 0.99 0.74329
0.647 0.01 1.46818
0.647 0.059 0.820178
0.647 0.108 0.284598
0.647 0.157 0.193821
0.647 0.206 0.17351
0.647 0.255 0.084857
0.647 0.304 0.0564021
0.647 0.353 0.103739
0.647 0.402 0.158308
0.647 0.451 0.187533
0.647 0.5 0.134184
0.647 0.549 0.127758
0.647 0.598 0.23927
0.647 0.647 0.327942
0.647 0.696 0.360367
0.647 0.745 0.355913
0.647 0.794 0.31267
0.647 0.843 0.232522
0.647 0.892 0.284073
0.647 0.941 0.591581
0.647 0.99 0.885733
0.696 0.01 2.14476
0.696 0.059 1.19814
0.696 0.108 0.415748
0.696 0.157 0.283138
0.696 0.206 0.253469
0.696 0.255 0.123961
0.696 0.304 0.0823937
0.696 0.353 0.151544
0.696 0.402 0.23126
0.696 0.451 0.273954
0.696 0.5 0.196019
0.696 0.549 0.186632
0.696 0.598 0.349532
0.696 0.647 0.479067
0.696 0.696 0.526434
0.696 0.745 0.519928
0.696 0.794 0.456756
0.696 0.843 0.339674
0.696 0.892 0.414981
0.696 0.941 0.864197
0.696 0.99 1.2939
0.745 0.01 2.20414
0.745 0.059 1.23131
0.745 0.108 0.427259
0.745 0.157 0.290977
0.745 0.206 0.260486
0.745 0.255 0.127393
0.745 0.304 0.0846749
0.745 0.353 0.15574
0.745 0.402 0.237663
0.745 0.451 0.281539
0.745 0.5 0.201446
0.745 0.549 0.191799
0.745 0.598 0.359209
0.745 0.647 0.49233
0.745 0.696 0.541009
0.745 0.745 0.534322
0.745 0.794 0.469402
0.745 0.843 0.349078
0.745 0.892 0.42647
0.745 0.941 0.888123
0.745 0.99 1.32973
0.794 0.01 1.16324
0.794 0.059 0.649825
0.794 0.108 0.225486
0.794 0.157 0.153563
0.794 0.206 0.137472
0.794 0.255 0.067232
0.794 0.304 0.0446872
0.794 0.353 0.0821919
0.794 0.402 0.125427
0.794 0.451 0.148582
0.794 0.5 0.106313
0.794 0.549 0.101222
0.794 0.598 0.189573
0.794 0.647 0.259828
0.794 0.696 0.285518
0.794 0.745 0.281989
0.794 0.794 0.247727
0.794 0.843 0.184226
0.794 0.892 0.22507
0.794 0.941 0.468708
0.794 0.99 0.701764
0.843 0.01 1.66657
0.843 0.059 0.931005
0.843 0.108 0.323054
0.843 0.157 0.220011
0.843 0.206 0.196956
0.843 0.255 0.0963233
0.843 0.304 0.0640235
0.843 0.353 0.117756
0.843 0.402 0.179699
0.843 0.451 0.212874
0.843 0.5 0.152315
0.843 0.549 0.145021
0.843 0.598 0.271602
0.843 0.647 0.372255
0.843 0.696 0.409062
0.843 0.745 0.404006
0.843 0.794 0.354919
0.843 0.843 0.263941
0.843 0.892 0.322458
0.843 0.941 0.671518
0.843 0.99 1.00542
0.892 0.01 7.69305
0.892 0.059 4.29761
0.892 0.108 1.49125
0.892 0.157 1.01559
0.892 0.206 0.909169
0.892 0.255 0.444638
0.892 0.304 0.295539
0.892 0.353 0.543576
0.892 0.402 0.829508
0.892 0.451 0.982647
0.892 0.5 0.703102
0.892 0.549 0.669432
0.892 0.598 1.25374
0.892 0.647 1.71837
0.892 0.696 1.88827
0.892 0.745 1.86493
0.892 0.794 1.63834
0.892 0.843 1.21838
0.892 0.892 1.4885
0.892 0.941 3.09979
0.892 0.99 4.64111
0.941 0.01 28.5315
0.941 0.059 15.9387
0.941 0.108 5.53067
0.941 0.157 3.76657
0.941 0.206 3.37187
0.941 0.255 1.64905
0.941 0.304 1.09608
0.941 0.353 2.01598
0.941 0.402 3.07643
0.941 0.451 3.64439
0.941 0.5 2.60762
0.941 0.549 2.48275
0.941 0.598 4.6498
0.941 0.647 6.37298
0.941 0.696 7.00311
0.941 0.745 6.91656
0.941 0.794 6.07619
0.941 0.843 4.51865
0.941 0.892 5.52046
0.941 0.941 11.4963
0.941 0.99 17.2127
0.99 0.01 52.211
0.99 0.059 29.1669
0.99 0.108 10.1208
0.99 0.157 6.89259
0.99 0.206 6.17033
0.99 0.255 3.01766
0.99 0.304 2.00576
0.99 0.353 3.68913
0.99 0.402 5.62969
0.99 0.451 6.66901
0.99 0.5 4.7718
0.99 0.549 4.54329
0.99 0.598 8.50885
0.99 0.647 11.6622
0.99 0.696 12.8153
0.99 0.745 12.6569
0.99 0.794 11.1191
0.99 0.843 8.26887
0.99 0.892 10.1021
0.99 0.941 21.0376
0.99 0.99 31.4982
