0.01 0.01 1.87603
0.01 0.059 1.29783
0.01 0.108 0.602167
0.01 0.157 0.302182
0.01 0.206 0.396725
0.01 0.255 0.537557
0.01 0.304 0.416969
0.01 0.353 0.209411
0.01 0.402 0.245905
0.01 0.451 0.40414
0.01 0.5 0.502584
0.01 0.549 0.366337
0.01 0.598 0.241424
0.01 0.647 0.415586
0.01 0.696 0.619659
0.01 0.745 0.645265
0.01 0.794 0.780474
0.01 0.843 1.05551
0.01 0.892 1.44189
0.01 0.941 2.63973
0.01 0.99 4.05595
0.059 0.01 1.84558
0.059 0.059 1.27676
0.059 0.108 0.592393
0.059 0.157 0.297277
0.059 0.206 0.390286
0.059 0.255 0.528831
0.059 0.304 0.410201
0.059 0.353 0.206012
0.059 0.402 0.241914
0.059 0.451 0.39758
0.059 0.5 0.494426
0.059 0.549 0.360391
0.059 0.598 0.237505
0.059 0.647 0.40884
0.059 0.696 0.609601
0.059 0.745 0.634791
0.059 0.794 0.767805
0.059 0.843 1.03837
0.059 0.892 1.41849
0.059 0.941 2.59688
0.059 0.99 3.99011
0.108 0.01 1.37319
0.108 0.059 0.949967
0.108 0.108 0.440765
0.108 0.157 0.221187
0.108 0.206 0.290389
0.108 0.255 0.393473
0.108 0.304 0.305207
0.108 0.353 0.153281
0.108 0.402 0.179994
0.108 0.451 0.295816
0.108 0.5 0.367874
0.108 0.549 0.268146
0.108 0.598 0.176714
0.108 0.647 0.304194
0.108 0.696 0.453569
0.108 0.745 0.472311
0.108 0.794 0.57128
0.108 0.843 0.772593
0.108 0.892 1.05542
0.108 0.941 1.93219
0.108 0.99 2.96881
0.157 0.01 1.22424
0.157 0.059 0.846927
0.157 0.108 0.392957
0.157 0.157 0.197195
0.157 0.206 0.258891
0.157 0.255 0.350794
0.157 0.304 0.272102
0.157 0.353 0.136655
0.157 0.402 0.160471
0.157 0.451 0.26373
0.157 0.5 0.327972
0.157 0.549 0.239061
0.157 0.598 0.157546
0.157 0.647 0.271199
0.157 0.696 0.404372
0.157 0.745 0.421081
0.157 0.794 0.509315
0.157 0.843 0.688792
0.157 0.892 0.940938
0.157 0.941 1.72261
0.157 0.99 2.6468
0.206 0.01 1.49788
0.206 0.059 1.03623
0.206 0.108 0.480788
0.206 0.157 0.241271
0.206 0.206 0.316757
0.206 0.255 0.429201
0.206 0.304 0.33292
0.206 0.353 0.1672
0.206 0.402 0.196338
0.206 0.451 0.322677
0.206 0.5 0.401278
0.206 0.549 0.292494
0.206 0.598 0.19276
0.206 0.647 0.331816
0.206 0.696 0.494754
0.206 0.745 0.515198
0.206 0.794 0.623153
0.206 0.843 0.842746
0.206 0.892 1.15125
0.206 0.941 2.10763
0.206 0.99 3.23839
0.255 0.01 1.37795
0.255 0.059 0.95326
0.255 0.108 0.442294
0.255 0.157 0.221954
0.255 0.206 0.291396
0.255 0.255 0.394837
0.255 0.304 0.306265
0.255 0.353 0.153813
0.255 0.402 0.180618
0.255 0.451 0.296842
0.255 0.5 0.36915
0.255 0.549 0.269076
0.255 0.598 0.177327
0.255 0.647 0.305249
0.255 0.696 0.455141
0.255 0.745 0.473949
0.255 0.794 0.57326
0.255 0.843 0.775272
0.255 0.892 1.05908
0.255 0.941 1.93889
0.255 0.99 2.97911
0.304 0.01 1.20545
0.304 0.059 0.833924
0.304 0.108 0.386924
0.304 0.157 0.194168
0.304 0.206 0.254917
0.304 0.255 0.345408
0.304 0.304 0.267924
0.304 0.353 0.134557
0.304 0.402 0.158007
0.304 0.451 0.259681
0.304 0.5 0.322936
0.304 0.549 0.235391
0.304 0.598 0.155128
0.304 0.647 0.267035
0.304 0.696 0.398163
0.304 0.745 0.414616
0.304 0.794 0.501495
0.304 0.843 0.678217
0.304 0.892 0.926492
0.304 0.941 1.69616
0.304 0.99 2.60616
0.353 0.01 1.43825
0.353 0.059 0.994973
0.353 0.108 0.461647
0.353 0.157 0.231666
0.353 0.206 0.304147
0.353 0.255 0.412114
0.353 0.304 0.319666
0.353 0.353 0.160543
0.353 0.402 0.188522
0.353 0.451 0.309831
0.353 0.5 0.385303
0.353 0.549 0.28085
0.353 0.598 0.185086
0.353 0.647 0.318606
0.353 0.696 0.475057
0.353 0.745 0.494688
0.353 0.794 0.598345
0.353 0.843 0.809196
0.353 0.892 1.10542
0.353 0.941 2.02373
0.353 0.99 3.10947
0.402 0.01 1.35313
0.402 0.059 0.93609
0.402 0.108 0.434327
0.402 0.157 0.217956
0.402 0.206 0.286147
0.402 0.255 0.387725
0.402 0.304 0.300748
0.402 0.353 0.151042
0.402 0.402 0.177365
0.402 0.451 0.291495
0.402 0.5 0.3625
0.402 0.549 0.264229
0.402 0.598 0.174133
0.402 0.647 0.299751
0.402 0.696 0.446943
0.402 0.745 0.465412
0.402 0.794 0.562935
0.402 0.843 0.761308
0.402 0.892 1.04
0.402 0.941 1.90396
0.402 0.99 2.92545
0.451 0.01 0.995454
0.451 0.059 0.688651
0.451 0.108 0.31952
0.451 0.157 0.160343
0.451 0.206 0.210509
0.451 0.255 0.285236
0.451 0.304 0.221251
0.451 0.353 0.111117
0.451 0.402 0.130481
0.451 0.451 0.214443
0.451 0.5 0.26668
0.451 0.549 0.194385
0.451 0.598 0.128104
0.451 0.647 0.220517
0.451 0.696 0.328801
0.451 0.745 0.342388
0.451 0.794 0.414132
0.451 0.843 0.560069
0.451 0.892 0.765093
0.451 0.941 1.40068
0.451 0.99 2.15216
0.5 0.01 1.20883
0.5 0.059 0.836261
0.5 0.108 0.388008
0.5 0.157 0.194712
0.5 0.206 0.255631
0.5 0.255 0.346376
0.5 0.304 0.268675
0.5 0.353 0.134935
0.5 0.402 0.15845
0.5 0.451 0.260409
0.5 0.5 0.323842
0.5 0.549 0.23605
0.5 0.598 0.155562
0.5 0.647 0.267784
0.5 0.696 0.399279
0.5 0.745 0.415778
0.5 0.794 0.502901
0.5 0.843 0.680118
0.5 0.892 0.929089
0.5 0.941 1.70092
0.5 0.99 2.61346
0.549 0.01 1.52951
0.549 0.059 1.05811
0.549 0.108 0.490941
0.549 0.157 0.246366
0.549 0.206 0.323446
0.549 0.255 0.438264
0.549 0.304 0.33995
0.549 0.353 0.17073
0.549 0.402 0.200484
0.549 0.451 0.329491
0.549 0.5 0.409752
0.549 0.549 0.298671
0.549 0.598 0.196831
0.549 0.647 0.338823
0.549 0.696 0.505201
0.549 0.745 0.526078
0.549 0.794 0.636312
0.549 0.843 0.860542
0.549 0.892 1.17556
0.549 0.941 2.15214
0.549 0.99 3.30677
0.598 0.01 1.46382
0.598 0.059 1.01266
0.598 0.108 0.469856
0.598 0.157 0.235785
0.598 0.206 0.309555
0.598 0.255 0.419441
0.598 0.304 0.32535
0.598 0.353 0.163398
0.598 0.402 0.191874
0.598 0.451 0.31534
0.598 0.5 0.392153
0.598 0.549 0.285843
0.598 0.598 0.188377
0.598 0.647 0.324271
0.598 0.696 0.483504
0.598 0.745 0.503483
0.598 0.794 0.608984
0.598 0.843 0.823584
0.598 0.892 1.12507
0.598 0.941 2.05971
0.598 0.99 3.16475
0.647 0.01 1.95869
0.647 0.059 1.35501
0.647 0.108 0.6287
0.647 0.157 0.315497
0.647 0.206 0.414206
0.647 0.255 0.561242
0.647 0.304 0.435341
0.647 0.353 0.218638
0.647 0.402 0.25674
0.647 0.451 0.421947
0.647 0.5 0.524729
0.647 0.549 0.382478
0.647 0.598 0.252062
0.647 0.647 0.433897
0.647 0.696 0.646962
0.647 0.745 0.673696
0.647 0.794 0.814863
0.647 0.843 1.10201
0.647 0.892 1.50543
0.647 0.941 2.75604
0.647 0.99 4.23466
0.696 0.01 3.23641
0.696 0.059 2.23893
0.696 0.108 1.03882
0.696 0.157 0.521305
0.696 0.206 0.684404
0.696 0.255 0.927357
0.696 0.304 0.719327
0.696 0.353 0.361262
0.696 0.402 0.424219
0.696 0.451 0.697195
0.696 0.5 0.867025
0.696 0.549 0.63198
0.696 0.598 0.416489
0.696 0.647 0.716941
0.696 0.696 1.06899
0.696 0.745 1.11317
0.696 0.794 1.34642
0.696 0.843 1.82089
0.696 0.892 2.48746
0.696 0.941 4.55388
0.696 0.99 6.99706
0.745 0.01 4.79746
0.745 0.059 3.31886
0.745 0.108 1.53988
0.745 0.157 0.772751
0.745 0.206 1.01452
0.745 0.255 1.37466
0.745 0.304 1.06629
0.745 0.353 0.535513
0.745 0.402 0.628838
0.745 0.451 1.03348
0.745 0.5 1.28523
0.745 0.549 0.93681
0.745 0.598 0.617378
0.745 0.647 1.06275
0.745 0.696 1.58461
0.745 0.745 1.65009
0.745 0.794 1.99586
0.745 0.843 2.69918
0.745 0.892 3.68726
0.745 0.941 6.7504
0.745 0.99 10.372
0.794 0.01 5.65818
0.794 0.059 3.9143
0.794 0.108 1.81616
0.794 0.157 0.911393
0.794 0.206 1.19654
0.794 0.255 1.62129
0.794 0.304 1.25759
0.794 0.353 0.631591
0.794 0.402 0.741659
0.794 0.451 1.2189
0.794 0.5 1.51581
0.794 0.549 1.10489
0.794 0.598 0.728144
0.794 0.647 1.25342
0.794 0.696 1.86891
0.794 0.745 1.94614
0.794 0.794 2.35394
0.794 0.843 3.18344
0.794 0.892 4.3488
0.794 0.941 7.96151
0.794 0.99 12.2329
0.843 0.01 4.3124
0.843 0.059 2.9833
0.843 0.108 1.38419
0.843 0.157 0.694621
0.843 0.206 0.911946
0.843 0.255 1.23567
0.843 0.304 0.958479
0.843 0.353 0.481369
0.843 0.402 0.565258
0.843 0.451 0.928989
0.843 0.5 1.15528
0.843 0.549 0.842093
0.843 0.598 0.554958
0.843 0.647 0.9553
0.843 0.696 1.4244
0.843 0.745 1.48326
0.843 0.794 1.79406
0.843 0.843 2.42627
0.843 0.892 3.31446
0.843 0.941 6.0679
0.843 0.99 9.32334
0.892 0.01 2.5181
0.892 0.059 1.74201
0.892 0.108 0.808258
0.892 0.157 0.405604
0.892 0.206 0.532504
0.892 0.255 0.721534
0.892 0.304 0.559676
0.892 0.353 0.281081
0.892 0.402 0.330066
0.892 0.451 0.542456
0.892 0.5 0.674593
0.892 0.549 0.491715
0.892 0.598 0.324051
0.892 0.647 0.557819
0.892 0.696 0.831736
0.892 0.745 0.866105
0.892 0.794 1.04759
0.892 0.843 1.41675
0.892 0.892 1.93538
0.892 0.941 3.54317
0.892 0.99 5.44409
0.941 0.01 2.63064
0.941 0.059 1.81986
0.941 0.108 0.844379
0.941 0.157 0.42373
0.941 0.206 0.556301
0.941 0.255 0.75378
0.941 0.304 0.584688
0.941 0.353 0.293643
0.941 0.402 0.344816
0.941 0.451 0.566698
0.941 0.5 0.70474
0.941 0.549 0.51369
0.941 0.598 0.338533
0.941 0.647 0.582748
0.941 0.696 0.868907
0.941 0.745 0.904812
0.941 0.794 1.09441
0.941 0.843 1.48006
0.941 0.892 2.02187
0.941 0.941 3.70151
0.941 0.99 5.68739
0.99 0.01 3.3974
0.99 0.059 2.35031
0.99 0.108 1.09049
0.99 0.157 0.547237
0.99 0.206 0.71845
0.99 0.255 0.973488
0.99 0.304 0.75511
0.99 0.353 0.379232
0.99 0.402 0.445322
0.99 0.451 0.731877
0.99 0.5 0.910155
0.99 0.549 0.663418
0.99 0.598 0.437207
0.99 0.647 0.752605
0.99 0.696 1.12217
0.99 0.745 1.16854
0.99 0.794 1.4134
0.99 0.843 1.91147
0.99 0.892 2.6112
0.99 0.941 4.78041
0.99 0.99 7.34512
