0.01 0.01 12.1509
0.01 0.059 7.08207
0.01 0.108 2.93144
0.01 0.157 1.82535
0.01 0.206 1.01169
0.01 0.255 0.798688
0.01 0.304 1.39904
0.01 0.353 2.06094
0.01 0.402 2.75323
0.01 0.451 4.12166
0.01 0.5 4.88371
0.01 0.549 3.57932
0.01 0.598 1.56495
0.01 0.647 0.769072
0.01 0.696 0.966545
0.01 0.745 1.352
0.01 0.794 1.47634
0.01 0.843 0.870222
0.01 0.892 0.908009
0.01 0.941 2.84316
0.01 0.99 4.95977
0.059 0.01 7.19232
0.059 0.059 4.19198
0.059 0.108 1.73517
0.059 0.157 1.08045
0.059 0.206 0.598832
0.059 0.255 0.472756
0.059 0.304 0.82811
0.059 0.353 1.2199
0.059 0.402 1.62968
0.059 0.451 2.43967
0.059 0.5 2.89074
0.059 0.549 2.11865
0.059 0.598 0.92632
0.059 0.647 0.455225
0.059 0.696 0.572112
0.059 0.745 0.800271
0.059 0.794 0.87387
0.059 0.843 0.515097
0.059 0.892 0.537464
0.059 0.941 1.68291
0.059 0.99 2.93576
0.108 0.01 2.34426
0.108 0.059 1.36633
0.108 0.108 0.565558
0.108 0.157 0.352161
0.108 0.206 0.195183
0.108 0.255 0.15409
0.108 0.304 0.269913
0.108 0.353 0.397613
0.108 0.402 0.531175
0.108 0.451 0.795185
0.108 0.5 0.942205
0.108 0.549 0.690551
0.108 0.598 0.301924
0.108 0.647 0.148376
0.108 0.696 0.186474
0.108 0.745 0.26084
0.108 0.794 0.284828
0.108 0.843 0.16789
0.108 0.892 0.175181
0.108 0.941 0.548526
0.108 0.99 0.956879
0.157 0.01 1.31893
0.157 0.059 0.768725
0.157 0.108 0.318194
0.157 0.157 0.198133
0.157 0.206 0.109814
0.157 0.255 0.0866938
0.157 0.304 0.151859
0.157 0.353 0.223705
0.157 0.402 0.29885
0.157 0.451 0.447387
0.157 0.5 0.530103
0.157 0.549 0.388518
0.157 0.598 0.169868
0.157 0.647 0.0834792
0.157 0.696 0.104914
0.157 0.745 0.146754
0.157 0.794 0.16025
0.157 0.843 0.0944584
0.157 0.892 0.0985601
0.157 0.941 0.308612
0.157 0.99 0.538359
0.206 0.01 1.60599
0.206 0.059 0.936035
0.206 0.108 0.387448
0.206 0.157 0.241256
0.206 0.206 0.133714
0.206 0.255 0.105562
0.206 0.304 0.18491
0.206 0.353 0.272394
0.206 0.402 0.363894
0.206 0.451 0.544759
0.206 0.5 0.645479
0.206 0.549 0.473077
0.206 0.598 0.20684
0.206 0.647 0.101648
0.206 0.696 0.127748
0.206 0.745 0.178694
0.206 0.794 0.195128
0.206 0.843 0.115017
0.206 0.892 0.120011
0.206 0.941 0.37578
0.206 0.99 0.655531
0.255 0.01 2.20311
0.255 0.059 1.28407
0.255 0.108 0.531507
0.255 0.157 0.330958
0.255 0.206 0.183431
0.255 0.255 0.144812
0.255 0.304 0.253662
0.255 0.353 0.373673
0.255 0.402 0.499194
0.255 0.451 0.747308
0.255 0.5 0.885476
0.255 0.549 0.648974
0.255 0.598 0.283745
0.255 0.647 0.139442
0.255 0.696 0.175246
0.255 0.745 0.245135
0.255 0.794 0.267679
0.255 0.843 0.157782
0.255 0.892 0.164633
0.255 0.941 0.5155
0.255 0.99 0.899267
0.304 0.01 2.32005
0.304 0.059 1.35222
0.304 0.108 0.559717
0.304 0.157 0.348524
0.304 0.206 0.193167
0.304 0.255 0.152498
0.304 0.304 0.267126
0.304 0.353 0.393506
0.304 0.402 0.52569
0.304 0.451 0.786973
0.304 0.5 0.932474
0.304 0.549 0.683419
0.304 0.598 0.298806
0.304 0.647 0.146843
0.304 0.696 0.184548
0.304 0.745 0.258146
0.304 0.794 0.281887
0.304 0.843 0.166156
0.304 0.892 0.173371
0.304 0.941 0.542861
0.304 0.99 0.946997
0.353 0.01 1.23302
0.353 0.059 0.718657
0.353 0.108 0.29747
0.353 0.157 0.185228
0.353 0.206 0.102661
0.353 0.255 0.0810474
0.353 0.304 0.141968
0.353 0.353 0.209135
0.353 0.402 0.279385
0.353 0.451 0.418248
0.353 0.5 0.495577
0.353 0.549 0.363213
0.353 0.598 0.158805
0.353 0.647 0.0780421
0.353 0.696 0.0980807
0.353 0.745 0.137195
0.353 0.794 0.149813
0.353 0.843 0.0883063
0.353 0.892 0.0921408
0.353 0.941 0.288512
0.353 0.99 0.503295
0.402 0.01 1.15382
0.402 0.059 0.672492
0.402 0.108 0.278361
0.402 0.157 0.17333
0.402 0.206 0.0960666
0.402 0.255 0.075841
0.402 0.304 0.132848
0.402 0.353 0.1957
0.402 0.402 0.261438
0.402 0.451 0.391381
0.402 0.5 0.463742
0.402 0.549 0.339881
0.402 0.598 0.148603
0.402 0.647 0.0730288
0.402 0.696 0.0917802
0.402 0.745 0.128382
0.402 0.794 0.140189
0.402 0.843 0.0826336
0.402 0.892 0.0862218
0.402 0.941 0.269978
0.402 0.99 0.470965
0.451 0.01 3.1613
0.451 0.059 1.84254
0.451 0.108 0.762672
0.451 0.157 0.4749
0.451 0.206 0.26321
0.451 0.255 0.207794
0.451 0.304 0.363987
0.451 0.353 0.536193
0.451 0.402 0.716306
0.451 0.451 1.07233
0.451 0.5 1.27059
0.451 0.549 0.931229
0.451 0.598 0.407153
0.451 0.647 0.200089
0.451 0.696 0.251466
0.451 0.745 0.35175
0.451 0.794 0.3841
0.451 0.843 0.226405
0.451 0.892 0.236236
0.451 0.941 0.739704
0.451 0.99 1.29038
0.5 0.01 7.81921
0.5 0.059 4.55736
0.5 0.108 1.8864
0.5 0.157 1.17462
0.5 0.206 0.651027
0.5 0.255 0.513962
0.5 0.304 0.900289
0.5 0.353 1.32623
0.5 0.402 1.77172
0.5 0.451 2.65232
0.5 0.5 3.1427
0.5 0.549 2.30331
0.5 0.598 1.00706
0.5 0.647 0.494903
0.5 0.696 0.621978
0.5 0.745 0.870023
0.5 0.794 0.950038
0.5 0.843 0.559994
0.5 0.892 0.58431
0.5 0.941 1.82959
0.5 0.99 3.19164
0.549 0.01 16.9904
0.549 0.059 9.90271
0.549 0.108 4.09898
0.549 0.157 2.55235
0.549 0.206 1.41462
0.549 0.255 1.11679
0.549 0.304 1.95624
0.549 0.353 2.88177
0.549 0.402 3.84978
0.549 0.451 5.76324
0.549 0.5 6.82879
0.549 0.549 5.00488
0.549 0.598 2.18824
0.549 0.647 1.07538
0.549 0.696 1.3515
0.549 0.745 1.89048
0.549 0.794 2.06434
0.549 0.843 1.21681
0.549 0.892 1.26965
0.549 0.941 3.97554
0.549 0.99 6.93514
0.598 0.01 20.4533
0.598 0.059 11.921
0.598 0.108 4.9344
0.598 0.157 3.07255
0.598 0.206 1.70294
0.598 0.255 1.34441
0.598 0.304 2.35495
0.598 0.353 3.46911
0.598 0.402 4.63442
0.598 0.451 6.93786
0.598 0.5 8.22058
0.598 0.549 6.02494
0.598 0.598 2.63423
0.598 0.647 1.29455
0.598 0.696 1.62695
0.598 0.745 2.27578
0.598 0.794 2.48508
0.598 0.843 1.46482
0.598 0.892 1.52842
0.598 0.941 4.7858
0.598 0.99 8.34861
0.647 0.01 10.4607
0.647 0.059 6.09691
0.647 0.108 2.52367
0.647 0.157 1.57143
0.647 0.206 0.870955
0.647 0.255 0.687587
0.647 0.304 1.20442
0.647 0.353 1.77425
0.647 0.402 2.37024
0.647 0.451 3.54832
0.647 0.5 4.20436
0.647 0.549 3.08141
0.647 0.598 1.34726
0.647 0.647 0.662091
0.647 0.696 0.832094
0.647 0.745 1.16393
0.647 0.794 1.27098
0.647 0.843 0.749169
0.647 0.892 0.781701
0.647 0.941 2.44766
0.647 0.99 4.26984
0.696 0.01 2.13478
0.696 0.059 1.24424
0.696 0.108 0.51502
0.696 0.157 0.320692
0.696 0.206 0.177741
0.696 0.255 0.14032
0.696 0.304 0.245794
0.696 0.353 0.362082
0.696 0.402 0.48371
0.696 0.451 0.724128
0.696 0.5 0.85801
0.696 0.549 0.628844
0.696 0.598 0.274944
0.696 0.647 0.135117
0.696 0.696 0.169811
0.696 0.745 0.237531
0.696 0.794 0.259376
0.696 0.843 0.152888
0.696 0.892 0.159527
0.696 0.941 0.49951
0.696 0.99 0.871373
0.745 0.01 0.171379
0.745 0.059 0.099887
0.745 0.108 0.0413457
0.745 0.157 0.0257451
0.745 0.206 0.014269
0.745 0.255 0.0112649
0.745 0.304 0.0197323
0.745 0.353 0.0290679
0.745 0.402 0.0388321
0.745 0.451 0.0581328
0.745 0.5 0.0688809
0.745 0.549 0.0504834
0.745 0.598 0.0220724
0.745 0.647 0.0108472
0.745 0.696 0.0136324
0.745 0.745 0.0190689
0.745 0.794 0.0208227
0.745 0.843 0.0122738
0.745 0.892 0.0128068
0.745 0.941 0.0401006
0.745 0.99 0.0699536
0.794 0.01 0.00586154
0.794 0.059 0.00341635
0.794 0.108 0.00141411
0.794 0.157 0.000880538
0.794 0.206 0.000488031
0.794 0.255 0.000385283
0.794 0.304 0.000674887
0.794 0.353 0.000994184
0.794 0.402 0.00132814
0.794 0.451 0.00198827
0.794 0.5 0.00235587
0.794 0.549 0.00172664
0.794 0.598 0.000754925
0.794 0.647 0.000370996
0.794 0.696 0.000466256
0.794 0.745 0.000652198
0.794 0.794 0.00071218
0.794 0.843 0.00041979
0.794 0.892 0.000438018
0.794 0.941 0.00137152
0.794 0.99 0.00239256
0.843 0.01 0.0168356
0.843 0.059 0.00981248
0.843 0.108 0.00406163
0.843 0.157 0.00252909
0.843 0.206 0.00140173
0.843 0.255 0.00110661
0.843 0.304 0.00193842
0.843 0.353 0.00285551
0.843 0.402 0.00381471
0.843 0.451 0.00571073
0.843 0.5 0.00676657
0.843 0.549 0.00495928
0.843 0.598 0.00216831
0.843 0.647 0.00106558
0.843 0.696 0.00133919
0.843 0.745 0.00187325
0.843 0.794 0.00204553
0.843 0.843 0.00120573
0.843 0.892 0.00125808
0.843 0.941 0.00393932
0.843 0.99 0.00687196
0.892 0.01 0.225065
0.892 0.059 0.131177
0.892 0.108 0.0542974
0.892 0.157 0.0338099
0.892 0.206 0.0187389
0.892 0.255 0.0147936
0.892 0.304 0.0259135
0.892 0.353 0.0381735
0.892 0.402 0.0509965
0.892 0.451 0.0763432
0.892 0.5 0.0904581
0.892 0.549 0.0662976
0.892 0.598 0.0289867
0.892 0.647 0.0142451
0.892 0.696 0.0179028
0.892 0.745 0.0250424
0.892 0.794 0.0273455
0.892 0.843 0.0161186
0.892 0.892 0.0168185
0.892 0.941 0.0526623
0.892 0.99 0.0918669
0.941 0.01 1.15617
0.941 0.059 0.673865
0.941 0.108 0.27893
0.941 0.157 0.173684
0.941 0.206 0.0962628
0.941 0.255 0.0759959
0.941 0.304 0.13312
0.941 0.353 0.1961
0.941 0.402 0.261972
0.941 0.451 0.39218
0.941 0.5 0.464689
0.941 0.549 0.340575
0.941 0.598 0.148907
0.941 0.647 0.0731779
0.941 0.696 0.0919676
0.941 0.745 0.128644
0.941 0.794 0.140475
0.941 0.843 0.0828024
0.941 0.892 0.0863979
0.941 0.941 0.27053
0.941 0.99 0.471926
0.99 0.01 2.27338
0.99 0.059 1.32502
0.99 0.108 0.548458
0.99 0.157 0.341514
0.99 0.206 0.189281
0.99 0.255 0.149431
0.99 0.304 0.261753
0.99 0.353 0.385591
0.99 0.402 0.515115
0.99 0.451 0.771142
0.99 0.5 0.913717
0.99 0.549 0.669672
0.99 0.598 0.292795
0.99 0.647 0.14389
0.99 0.696 0.180836
0.99 0.745 0.252953
0.99 0.794 0.276217
0.99 0.843 0.162814
0.99 0.892 0.169884
0.99 0.941 0.531941
0.99 0.99 0.927947
