0.01 0.01 2.23535
0.01 0.059 2.35691
0.01 0.108 1.95497
0.01 0.157 0.833029
0.01 0.206 0.293334
0.01 0.255 0.615275
0.01 0.304 1.05047
0.01 0.353 1.36094
0.01 0.402 1.85059
0.01 0.451 1.39713
0.01 0.5 0.666674
0.01 0.549 1.10642
0.01 0.598 2.19306
0.01 0.647 2.68591
0.01 0.696 2.92646
0.01 0.745 3.47592
0.01 0.794 3.50022
0.01 0.843 3.27204
0.01 0.892 5.10744
0.01 0.941 14.8206
0.01 0.99 25.7648
0.059 0.01 1.53622
0.059 0.059 1.61976
0.059 0.108 1.34353
0.059 0.157 0.572489
0.059 0.206 0.20159
0.059 0.255 0.42284
0.059 0.304 0.721922
0.059 0.353 0.935289
0.059 0.402 1.27179
0.059 0.451 0.960164
0.059 0.5 0.458164
0.059 0.549 0.760373
0.059 0.598 1.50715
0.059 0.647 1.84586
0.059 0.696 2.01118
0.059 0.745 2.38879
0.059 0.794 2.40549
0.059 0.843 2.24867
0.059 0.892 3.51003
0.059 0.941 10.1853
0.059 0.99 17.7065
0.108 0.01 1.01041
0.108 0.059 1.06536
0.108 0.108 0.883676
0.108 0.157 0.376542
0.108 0.206 0.132591
0.108 0.255 0.278114
0.108 0.304 0.474828
0.108 0.353 0.615166
0.108 0.402 0.836494
0.108 0.451 0.631526
0.108 0.5 0.301347
0.108 0.549 0.500118
0.108 0.598 0.991297
0.108 0.647 1.21407
0.108 0.696 1.32281
0.108 0.745 1.57117
0.108 0.794 1.58215
0.108 0.843 1.47901
0.108 0.892 2.30864
0.108 0.941 6.69915
0.108 0.99 11.6461
0.157 0.01 0.958925
0.157 0.059 1.01107
0.157 0.108 0.838648
0.157 0.157 0.357355
0.157 0.206 0.125835
0.157 0.255 0.263942
0.157 0.304 0.450633
0.157 0.353 0.583819
0.157 0.402 0.79387
0.157 0.451 0.599346
0.157 0.5 0.285991
0.157 0.549 0.474634
0.157 0.598 0.940785
0.157 0.647 1.15221
0.157 0.696 1.2554
0.157 0.745 1.49111
0.157 0.794 1.50153
0.157 0.843 1.40365
0.157 0.892 2.191
0.157 0.941 6.35778
0.157 0.99 11.0526
0.206 0.01 0.809018
0.206 0.059 0.853014
0.206 0.108 0.707543
0.206 0.157 0.30149
0.206 0.206 0.106163
0.206 0.255 0.22268
0.206 0.304 0.380186
0.206 0.353 0.492551
0.206 0.402 0.669765
0.206 0.451 0.505651
0.206 0.5 0.241283
0.206 0.549 0.400435
0.206 0.598 0.793713
0.206 0.647 0.972085
0.206 0.696 1.05915
0.206 0.745 1.25801
0.206 0.794 1.2668
0.206 0.843 1.18422
0.206 0.892 1.84849
0.206 0.941 5.36388
0.206 0.99 9.32479
0.255 0.01 0.458252
0.255 0.059 0.483173
0.255 0.108 0.400774
0.255 0.157 0.170773
0.255 0.206 0.0601342
0.255 0.255 0.126133
0.255 0.304 0.215349
0.255 0.353 0.278996
0.255 0.402 0.379375
0.255 0.451 0.286416
0.255 0.5 0.13667
0.255 0.549 0.226819
0.255 0.598 0.449583
0.255 0.647 0.550618
0.255 0.696 0.599933
0.255 0.745 0.712573
0.255 0.794 0.717555
0.255 0.843 0.670776
0.255 0.892 1.04704
0.255 0.941 3.03826
0.255 0.99 5.28185
0.304 0.01 0.301465
0.304 0.059 0.31786
0.304 0.108 0.263653
0.304 0.157 0.112345
0.304 0.206 0.0395598
0.304 0.255 0.0829778
0.304 0.304 0.141669
0.304 0.353 0.18354
0.304 0.402 0.249576
0.304 0.451 0.188422
0.304 0.5 0.0899095
0.304 0.549 0.149215
0.304 0.598 0.295762
0.304 0.647 0.362229
0.304 0.696 0.394671
0.304 0.745 0.468773
0.304 0.794 0.47205
0.304 0.843 0.441276
0.304 0.892 0.688804
0.304 0.941 1.99875
0.304 0.99 3.47471
0.353 0.01 0.379077
0.353 0.059 0.399693
0.353 0.108 0.33153
0.353 0.157 0.141268
0.353 0.206 0.0497445
0.353 0.255 0.10434
0.353 0.304 0.178142
0.353 0.353 0.230792
0.353 0.402 0.313828
0.353 0.451 0.23693
0.353 0.5 0.113057
0.353 0.549 0.18763
0.353 0.598 0.371906
0.353 0.647 0.455485
0.353 0.696 0.496279
0.353 0.745 0.589458
0.353 0.794 0.593579
0.353 0.843 0.554882
0.353 0.892 0.866136
0.353 0.941 2.51333
0.353 0.99 4.36927
0.402 0.01 0.384578
0.402 0.059 0.405493
0.402 0.108 0.336341
0.402 0.157 0.143318
0.402 0.206 0.0504663
0.402 0.255 0.105854
0.402 0.304 0.180727
0.402 0.353 0.234142
0.402 0.402 0.318383
0.402 0.451 0.240369
0.402 0.5 0.114697
0.402 0.549 0.190353
0.402 0.598 0.377303
0.402 0.647 0.462095
0.402 0.696 0.503481
0.402 0.745 0.598012
0.402 0.794 0.602192
0.402 0.843 0.562934
0.402 0.892 0.878705
0.402 0.941 2.5498
0.402 0.99 4.43268
0.451 0.01 0.200338
0.451 0.059 0.211233
0.451 0.108 0.17521
0.451 0.157 0.0746583
0.451 0.206 0.0262894
0.451 0.255 0.0551426
0.451 0.304 0.0941458
0.451 0.353 0.121971
0.451 0.402 0.165855
0.451 0.451 0.125215
0.451 0.5 0.0597491
0.451 0.549 0.0991602
0.451 0.598 0.196548
0.451 0.647 0.240718
0.451 0.696 0.262277
0.451 0.745 0.311521
0.451 0.794 0.313699
0.451 0.843 0.293249
0.451 0.892 0.457743
0.451 0.941 1.32826
0.451 0.99 2.30911
0.5 0.01 0.0922346
0.5 0.059 0.0972506
0.5 0.108 0.0806657
0.5 0.157 0.0343723
0.5 0.206 0.0121035
0.5 0.255 0.0253874
0.5 0.304 0.0433443
0.5 0.353 0.0561549
0.5 0.402 0.0763587
0.5 0.451 0.0576484
0.5 0.5 0.0275082
0.5 0.549 0.0456529
0.5 0.598 0.0904898
0.5 0.647 0.110826
0.5 0.696 0.120751
0.5 0.745 0.143423
0.5 0.794 0.144426
0.5 0.843 0.13501
0.5 0.892 0.210743
0.5 0.941 0.611526
0.5 0.99 1.0631
0.549 0.01 0.151352
0.549 0.059 0.159583
0.549 0.108 0.132368
0.549 0.157 0.0564031
0.549 0.206 0.0198612
0.549 0.255 0.0416593
0.549 0.304 0.0711255
0.549 0.353 0.092147
0.549 0.402 0.1253
0.549 0.451 0.0945977
0.549 0.5 0.0451394
0.549 0.549 0.0749138
0.549 0.598 0.148489
0.549 0.647 0.181859
0.549 0.696 0.198146
0.549 0.745 0.235349
0.549 0.794 0.236994
0.549 0.843 0.221544
0.549 0.892 0.345817
0.549 0.941 1.00348
0.549 0.99 1.74449
0.598 0.01 0.206084
0.598 0.059 0.217291
0.598 0.108 0.180235
0.598 0.157 0.0767997
0.598 0.206 0.0270434
0.598 0.255 0.0567242
0.598 0.304 0.0968461
0.598 0.353 0.125469
0.598 0.402 0.170612
0.598 0.451 0.128806
0.598 0.5 0.0614628
0.598 0.549 0.102004
0.598 0.598 0.202185
0.598 0.647 0.247623
0.598 0.696 0.2698
0.598 0.745 0.320457
0.598 0.794 0.322697
0.598 0.843 0.30166
0.598 0.892 0.470872
0.598 0.941 1.36636
0.598 0.99 2.37534
0.647 0.01 0.279336
0.647 0.059 0.294527
0.647 0.108 0.244299
0.647 0.157 0.104098
0.647 0.206 0.0366559
0.647 0.255 0.0768866
0.647 0.304 0.13127
0.647 0.353 0.170067
0.647 0.402 0.231255
0.647 0.451 0.17459
0.647 0.5 0.0833096
0.647 0.549 0.138261
0.647 0.598 0.274052
0.647 0.647 0.335639
0.647 0.696 0.3657
0.647 0.745 0.434362
0.647 0.794 0.437398
0.647 0.843 0.408884
0.647 0.892 0.638242
0.647 0.941 1.85203
0.647 0.99 3.21965
0.696 0.01 0.340627
0.696 0.059 0.359151
0.696 0.108 0.297902
0.696 0.157 0.126939
0.696 0.206 0.0446988
0.696 0.255 0.0937569
0.696 0.304 0.160073
0.696 0.353 0.207383
0.696 0.402 0.281996
0.696 0.451 0.212898
0.696 0.5 0.101589
0.696 0.549 0.168598
0.696 0.598 0.334183
0.696 0.647 0.409284
0.696 0.696 0.445941
0.696 0.745 0.529668
0.696 0.794 0.533371
0.696 0.843 0.4986
0.696 0.892 0.778283
0.696 0.941 2.2584
0.696 0.99 3.92609
0.745 0.01 0.202577
0.745 0.059 0.213594
0.745 0.108 0.177168
0.745 0.157 0.0754927
0.745 0.206 0.0265832
0.745 0.255 0.0557589
0.745 0.304 0.095198
0.745 0.353 0.123334
0.745 0.402 0.167708
0.745 0.451 0.126614
0.745 0.5 0.0604169
0.745 0.549 0.100268
0.745 0.598 0.198745
0.745 0.647 0.243409
0.745 0.696 0.265209
0.745 0.745 0.315003
0.745 0.794 0.317205
0.745 0.843 0.296526
0.745 0.892 0.462859
0.745 0.941 1.34311
0.745 0.99 2.33492
0.794 0.01 0.119943
0.794 0.059 0.126466
0.794 0.108 0.104899
0.794 0.157 0.0446982
0.794 0.206 0.0157395
0.794 0.255 0.0330141
0.794 0.304 0.0563655
0.794 0.353 0.0730246
0.794 0.402 0.0992978
0.794 0.451 0.0749667
0.794 0.5 0.035772
0.794 0.549 0.0593676
0.794 0.598 0.117674
0.794 0.647 0.144119
0.794 0.696 0.157027
0.794 0.745 0.186509
0.794 0.794 0.187813
0.794 0.843 0.175569
0.794 0.892 0.274052
0.794 0.941 0.795236
0.794 0.99 1.38247
0.843 0.01 0.287034
0.843 0.059 0.302644
0.843 0.108 0.251032
0.843 0.157 0.106967
0.843 0.206 0.0376661
0.843 0.255 0.0790056
0.843 0.304 0.134888
0.843 0.353 0.174754
0.843 0.402 0.237628
0.843 0.451 0.179402
0.843 0.5 0.0856056
0.843 0.549 0.142072
0.843 0.598 0.281604
0.843 0.647 0.34489
0.843 0.696 0.375779
0.843 0.745 0.446333
0.843 0.794 0.449453
0.843 0.843 0.420153
0.843 0.892 0.655832
0.843 0.941 1.90307
0.843 0.99 3.30838
0.892 0.01 0.706353
0.892 0.059 0.744767
0.892 0.108 0.617756
0.892 0.157 0.263231
0.892 0.206 0.0926913
0.892 0.255 0.194422
0.892 0.304 0.33194
0.892 0.353 0.430047
0.892 0.402 0.584772
0.892 0.451 0.441484
0.892 0.5 0.210664
0.892 0.549 0.34962
0.892 0.598 0.692991
0.892 0.647 0.848727
0.892 0.696 0.92474
0.892 0.745 1.09837
0.892 0.794 1.10604
0.892 0.843 1.03394
0.892 0.892 1.61391
0.892 0.941 4.6832
0.892 0.99 8.14148
0.941 0.01 1.53742
0.941 0.059 1.62103
0.941 0.108 1.34458
0.941 0.157 0.572939
0.941 0.206 0.201748
0.941 0.255 0.423172
0.941 0.304 0.722489
0.941 0.353 0.936024
0.941 0.402 1.27279
0.941 0.451 0.960918
0.941 0.5 0.458523
0.941 0.549 0.76097
0.941 0.598 1.50834
0.941 0.647 1.84731
0.941 0.696 2.01276
0.941 0.745 2.39066
0.941 0.794 2.40737
0.941 0.843 2.25043
0.941 0.892 3.51279
0.941 0.941 10.1933
0.941 0.99 17.7204
0.99 0.01 2.33517
0.99 0.059 2.46217
0.99 0.108 2.04227
0.99 0.157 0.870231
0.99 0.206 0.306434
0.99 0.255 0.642752
0.99 0.304 1.09738
0.99 0.353 1.42172
0.99 0.402 1.93323
0.99 0.451 1.45953
0.99 0.5 0.696446
0.99 0.549 1.15583
0.99 0.598 2.291
0.99 0.647 2.80586
0.99 0.696 3.05715
0.99 0.745 3.63115
0.99 0.794 3.65654
0.99 0.843 3.41816
0.99 0.892 5.33553
0.99 0.941 15.4825
0.99 0.99 26.9154
