0.01 0.01 0.0144149
0.01 0.059 0.00803017
0.01 0.108 0.00351571
0.01 0.157 0.0040085
0.01 0.206 0.00550186
0.01 0.255 0.00520158
0.01 0.304 0.00357476
0.01 0.353 0.00490339
0.01 0.402 0.00695889
0.01 0.451 0.00647724
0.01 0.5 0.00726409
0.01 0.549 0.00939457
0.01 0.598 0.00988794
0.01 0.647 0.0095704
0.01 0.696 0.00932614
0.01 0.745 0.010049
0.01 0.794 0.0103325
0.01 0.843 0.00989677
0.01 0.892 0.0125728
0.01 0.941 0.0250518
0.01 0.99 0.0386825
0.059 0.01 0.143258
0.059 0.059 0.0798058
0.059 0.108 0.03494
0.059 0.157 0.0398374
0.059 0.206 0.0546788
0.059 0.255 0.0516946
0.059 0.304 0.0355268
0.059 0.353 0.0487311
0.059 0.402 0.0691591
0.059 0.451 0.0643724
0.059 0.5 0.0721923
0.059 0.549 0.0933656
0.059 0.598 0.0982688
0.059 0.647 0.095113
0.059 0.696 0.0926854
0.059 0.745 0.0998689
0.059 0.794 0.102687
0.059 0.843 0.0983565
0.059 0.892 0.124952
0.059 0.941 0.248971
0.059 0.99 0.384436
0.108 0.01 0.737281
0.108 0.059 0.410722
0.108 0.108 0.179819
0.108 0.157 0.205024
0.108 0.206 0.281405
0.108 0.255 0.266047
0.108 0.304 0.182839
0.108 0.353 0.250795
0.108 0.402 0.355928
0.108 0.451 0.331293
0.108 0.5 0.371539
0.108 0.549 0.480507
0.108 0.598 0.505742
0.108 0.647 0.4895
0.108 0.696 0.477007
0.108 0.745 0.513977
0.108 0.794 0.528478
0.108 0.843 0.506193
0.108 0.892 0.643067
0.108 0.941 1.28133
0.108 0.99 1.97851
0.157 0.01 1.66145
0.157 0.059 0.925554
0.157 0.108 0.405219
0.157 0.157 0.462017
0.157 0.206 0.634142
0.157 0.255 0.599532
0.157 0.304 0.412025
0.157 0.353 0.565162
0.157 0.402 0.802078
0.157 0.451 0.746564
0.157 0.5 0.837256
0.157 0.549 1.08281
0.157 0.598 1.13968
0.157 0.647 1.10308
0.157 0.696 1.07493
0.157 0.745 1.15824
0.157 0.794 1.19091
0.157 0.843 1.1407
0.157 0.892 1.44914
0.157 0.941 2.88746
0.157 0.99 4.45853
0.206 0.01 1.91389
0.206 0.059 1.06618
0.206 0.108 0.466787
0.206 0.157 0.532215
0.206 0.206 0.730492
0.206 0.255 0.690623
0.206 0.304 0.474627
0.206 0.353 0.651032
0.206 0.402 0.923944
0.206 0.451 0.859994
0.206 0.5 0.964466
0.206 0.549 1.24733
0.206 0.598 1.31284
0.206 0.647 1.27068
0.206 0.696 1.23825
0.206 0.745 1.33422
0.206 0.794 1.37186
0.206 0.843 1.31401
0.206 0.892 1.66932
0.206 0.941 3.32617
0.206 0.99 5.13594
0.255 0.01 1.52237
0.255 0.059 0.848074
0.255 0.108 0.371298
0.255 0.157 0.423341
0.255 0.206 0.581057
0.255 0.255 0.549344
0.255 0.304 0.377534
0.255 0.353 0.517852
0.255 0.402 0.734935
0.255 0.451 0.684067
0.255 0.5 0.767167
0.255 0.549 0.99217
0.255 0.598 1.04427
0.255 0.647 1.01074
0.255 0.696 0.984942
0.255 0.745 1.06128
0.255 0.794 1.09122
0.255 0.843 1.04521
0.255 0.892 1.32783
0.255 0.941 2.64574
0.255 0.99 4.0853
0.304 0.01 1.32749
0.304 0.059 0.739515
0.304 0.108 0.323769
0.304 0.157 0.36915
0.304 0.206 0.506677
0.304 0.255 0.479024
0.304 0.304 0.329207
0.304 0.353 0.451563
0.304 0.402 0.640858
0.304 0.451 0.596502
0.304 0.5 0.668965
0.304 0.549 0.865165
0.304 0.598 0.9106
0.304 0.647 0.881357
0.304 0.696 0.858863
0.304 0.745 0.925428
0.304 0.794 0.951537
0.304 0.843 0.911413
0.304 0.892 1.15786
0.304 0.941 2.30707
0.304 0.99 3.56235
0.353 0.01 1.28342
0.353 0.059 0.714962
0.353 0.108 0.313019
0.353 0.157 0.356894
0.353 0.206 0.489855
0.353 0.255 0.46312
0.353 0.304 0.318276
0.353 0.353 0.43657
0.353 0.402 0.61958
0.353 0.451 0.576697
0.353 0.5 0.646754
0.353 0.549 0.83644
0.353 0.598 0.880367
0.353 0.647 0.852095
0.353 0.696 0.830347
0.353 0.745 0.894702
0.353 0.794 0.919944
0.353 0.843 0.881153
0.353 0.892 1.11941
0.353 0.941 2.23047
0.353 0.99 3.44407
0.402 0.01 1.42065
0.402 0.059 0.791412
0.402 0.108 0.34649
0.402 0.157 0.395056
0.402 0.206 0.542235
0.402 0.255 0.512641
0.402 0.304 0.352309
0.402 0.353 0.483252
0.402 0.402 0.685831
0.402 0.451 0.638363
0.402 0.5 0.715911
0.402 0.549 0.92588
0.402 0.598 0.974504
0.402 0.647 0.943208
0.402 0.696 0.919135
0.402 0.745 0.990372
0.402 0.794 1.01831
0.402 0.843 0.975374
0.402 0.892 1.23911
0.402 0.941 2.46897
0.402 0.99 3.81234
0.451 0.01 1.98906
0.451 0.059 1.10806
0.451 0.108 0.485121
0.451 0.157 0.553119
0.451 0.206 0.759183
0.451 0.255 0.717749
0.451 0.304 0.493269
0.451 0.353 0.676602
0.451 0.402 0.960233
0.451 0.451 0.893772
0.451 0.5 1.00235
0.451 0.549 1.29633
0.451 0.598 1.3644
0.451 0.647 1.32059
0.451 0.696 1.28688
0.451 0.745 1.38662
0.451 0.794 1.42574
0.451 0.843 1.36562
0.451 0.892 1.73488
0.451 0.941 3.45681
0.451 0.99 5.33767
0.5 0.01 2.29612
0.5 0.059 1.27912
0.5 0.108 0.560013
0.5 0.157 0.638508
0.5 0.206 0.876384
0.5 0.255 0.828553
0.5 0.304 0.569418
0.5 0.353 0.781054
0.5 0.402 1.10847
0.5 0.451 1.03175
0.5 0.5 1.15709
0.5 0.549 1.49645
0.5 0.598 1.57504
0.5 0.647 1.52446
0.5 0.696 1.48555
0.5 0.745 1.60068
0.5 0.794 1.64584
0.5 0.843 1.57644
0.5 0.892 2.00271
0.5 0.941 3.99046
0.5 0.99 6.16168
0.549 0.01 2.00917
0.549 0.059 1.11926
0.549 0.108 0.490026
0.549 0.157 0.558711
0.549 0.206 0.766858
0.549 0.255 0.725005
0.549 0.304 0.498256
0.549 0.353 0.683443
0.549 0.402 0.969941
0.549 0.451 0.902808
0.549 0.5 1.01248
0.549 0.549 1.30943
0.549 0.598 1.3782
0.549 0.647 1.33394
0.549 0.696 1.29989
0.549 0.745 1.40064
0.549 0.794 1.44016
0.549 0.843 1.37943
0.549 0.892 1.75242
0.549 0.941 3.49176
0.549 0.99 5.39163
0.598 0.01 1.56139
0.598 0.059 0.869815
0.598 0.108 0.380816
0.598 0.157 0.434194
0.598 0.206 0.595953
0.598 0.255 0.563427
0.598 0.304 0.387212
0.598 0.353 0.531127
0.598 0.402 0.753775
0.598 0.451 0.701604
0.598 0.5 0.786834
0.598 0.549 1.0176
0.598 0.598 1.07105
0.598 0.647 1.03665
0.598 0.696 1.01019
0.598 0.745 1.08849
0.598 0.794 1.1192
0.598 0.843 1.072
0.598 0.892 1.36187
0.598 0.941 2.71357
0.598 0.99 4.19003
0.647 0.01 1.40793
0.647 0.059 0.784324
0.647 0.108 0.343387
0.647 0.157 0.391519
0.647 0.206 0.537379
0.647 0.255 0.50805
0.647 0.304 0.349154
0.647 0.353 0.478925
0.647 0.402 0.67969
0.647 0.451 0.632646
0.647 0.5 0.709499
0.647 0.549 0.917588
0.647 0.598 0.965777
0.647 0.647 0.934762
0.647 0.696 0.910904
0.647 0.745 0.981503
0.647 0.794 1.00919
0.647 0.843 0.966639
0.647 0.892 1.22802
0.647 0.941 2.44686
0.647 0.99 3.7782
0.696 0.01 1.26192
0.696 0.059 0.702986
0.696 0.108 0.307776
0.696 0.157 0.350916
0.696 0.206 0.48165
0.696 0.255 0.455362
0.696 0.304 0.312945
0.696 0.353 0.429258
0.696 0.402 0.609202
0.696 0.451 0.567037
0.696 0.5 0.63592
0.696 0.549 0.822429
0.696 0.598 0.86562
0.696 0.647 0.837822
0.696 0.696 0.816438
0.696 0.745 0.879716
0.696 0.794 0.904535
0.696 0.843 0.866393
0.696 0.892 1.10066
0.696 0.941 2.19311
0.696 0.99 3.38638
0.745 0.01 1.24078
0.745 0.059 0.691208
0.745 0.108 0.30262
0.745 0.157 0.345037
0.745 0.206 0.47358
0.745 0.255 0.447733
0.745 0.304 0.307702
0.745 0.353 0.422066
0.745 0.402 0.598996
0.745 0.451 0.557537
0.745 0.5 0.625266
0.745 0.549 0.808651
0.745 0.598 0.851118
0.745 0.647 0.823785
0.745 0.696 0.80276
0.745 0.745 0.864977
0.745 0.794 0.889381
0.745 0.843 0.851878
0.745 0.892 1.08222
0.745 0.941 2.15637
0.745 0.99 3.32965
0.794 0.01 1.54205
0.794 0.059 0.859039
0.794 0.108 0.376098
0.794 0.157 0.428815
0.794 0.206 0.58857
0.794 0.255 0.556447
0.794 0.304 0.382415
0.794 0.353 0.524547
0.794 0.402 0.744437
0.794 0.451 0.692912
0.794 0.5 0.777087
0.794 0.549 1.005
0.794 0.598 1.05778
0.794 0.647 1.02381
0.794 0.696 0.997677
0.794 0.745 1.075
0.794 0.794 1.10533
0.794 0.843 1.05872
0.794 0.892 1.345
0.794 0.941 2.67995
0.794 0.99 4.13812
0.843 0.01 1.88891
0.843 0.059 1.05227
0.843 0.108 0.460697
0.843 0.157 0.525271
0.843 0.206 0.720961
0.843 0.255 0.681613
0.843 0.304 0.468434
0.843 0.353 0.642538
0.843 0.402 0.911889
0.843 0.451 0.848774
0.843 0.5 0.951883
0.843 0.549 1.23106
0.843 0.598 1.29571
0.843 0.647 1.2541
0.843 0.696 1.22209
0.843 0.745 1.31681
0.843 0.794 1.35396
0.843 0.843 1.29687
0.843 0.892 1.64754
0.843 0.941 3.28277
0.843 0.99 5.06894
0.892 0.01 2.07541
0.892 0.059 1.15616
0.892 0.108 0.506184
0.892 0.157 0.577133
0.892 0.206 0.792144
0.892 0.255 0.748911
0.892 0.304 0.514685
0.892 0.353 0.705978
0.892 0.402 1.00192
0.892 0.451 0.932577
0.892 0.5 1.04587
0.892 0.549 1.35261
0.892 0.598 1.42364
0.892 0.647 1.37792
0.892 0.696 1.34275
0.892 0.745 1.44682
0.892 0.794 1.48764
0.892 0.843 1.42491
0.892 0.892 1.81021
0.892 0.941 3.60689
0.892 0.99 5.56941
0.941 0.01 1.85482
0.941 0.059 1.03328
0.941 0.108 0.452381
0.941 0.157 0.51579
0.941 0.206 0.707947
0.941 0.255 0.669309
0.941 0.304 0.459979
0.941 0.353 0.630939
0.941 0.402 0.895429
0.941 0.451 0.833453
0.941 0.5 0.934701
0.941 0.549 1.20884
0.941 0.598 1.27232
0.941 0.647 1.23146
0.941 0.696 1.20003
0.941 0.745 1.29304
0.941 0.794 1.32952
0.941 0.843 1.27346
0.941 0.892 1.6178
0.941 0.941 3.22352
0.941 0.99 4.97744
0.99 0.01 1.58596
0.99 0.059 0.883504
0.99 0.108 0.386809
0.99 0.157 0.441027
0.99 0.206 0.605331
0.99 0.255 0.572293
0.99 0.304 0.393306
0.99 0.353 0.539486
0.99 0.402 0.765637
0.99 0.451 0.712645
0.99 0.5 0.799217
0.99 0.549 1.03362
0.99 0.598 1.0879
0.99 0.647 1.05296
0.99 0.696 1.02609
0.99 0.745 1.10562
0.99 0.794 1.13681
0.99 0.843 1.08887
0.99 0.892 1.3833
0.99 0.941 2.75627
0.99 0.99 4.25596
