0.01 0.01 0.391676
0.01 0.059 1.41282
0.01 0.108 3.25002
0.01 0.157 3.93026
0.01 0.206 3.08757
0.01 0.255 2.36469
0.01 0.304 1.81838
0.01 0.353 1.3564
0.01 0.402 1.67777
0.01 0.451 1.83989
0.01 0.5 1.16736
0.01 0.549 0.910574
0.01 0.598 1.47126
0.01 0.647 1.86557
0.01 0.696 1.64896
0.01 0.745 1.9669
0.01 0.794 2.91075
0.01 0.843 3.70359
0.01 0.892 4.9523
0.01 0.941 8.04288
0.01 0.99 11.3245
0.059 0.01 0.252574
0.059 0.059 0.911063
0.059 0.108 2.09579
0.059 0.157 2.53444
0.059 0.206 1.99103
0.059 0.255 1.52488
0.059 0.304 1.17259
0.059 0.353 0.874677
0.059 0.402 1.08191
0.059 0.451 1.18646
0.059 0.5 0.752779
0.059 0.549 0.587187
0.059 0.598 0.948745
0.059 0.647 1.20302
0.059 0.696 1.06334
0.059 0.745 1.26836
0.059 0.794 1.87701
0.059 0.843 2.38828
0.059 0.892 3.19351
0.059 0.941 5.18648
0.059 0.99 7.30266
0.108 0.01 0.140582
0.108 0.059 0.507097
0.108 0.108 1.16651
0.108 0.157 1.41067
0.108 0.206 1.10821
0.108 0.255 0.848747
0.108 0.304 0.65266
0.108 0.353 0.486844
0.108 0.402 0.602192
0.108 0.451 0.660383
0.108 0.5 0.418996
0.108 0.549 0.326828
0.108 0.598 0.528071
0.108 0.647 0.6696
0.108 0.696 0.591854
0.108 0.745 0.705969
0.108 0.794 1.04474
0.108 0.843 1.32931
0.108 0.892 1.7775
0.108 0.941 2.88679
0.108 0.99 4.06466
0.157 0.01 0.109017
0.157 0.059 0.393236
0.157 0.108 0.904592
0.157 0.157 1.09392
0.157 0.206 0.859375
0.157 0.255 0.658174
0.157 0.304 0.506116
0.157 0.353 0.377531
0.157 0.402 0.466979
0.157 0.451 0.512104
0.157 0.5 0.324917
0.157 0.549 0.253444
0.157 0.598 0.409501
0.157 0.647 0.519252
0.157 0.696 0.458962
0.157 0.745 0.547455
0.157 0.794 0.810161
0.157 0.843 1.03084
0.157 0.892 1.37839
0.157 0.941 2.23861
0.157 0.99 3.152
0.206 0.01 0.083209
0.206 0.059 0.300144
0.206 0.108 0.690445
0.206 0.157 0.834956
0.206 0.206 0.655933
0.206 0.255 0.502363
0.206 0.304 0.386302
0.206 0.353 0.288157
0.206 0.402 0.35643
0.206 0.451 0.390872
0.206 0.5 0.247999
0.206 0.549 0.193445
0.206 0.598 0.312558
0.206 0.647 0.396328
0.206 0.696 0.350311
0.206 0.745 0.417854
0.206 0.794 0.618369
0.206 0.843 0.786803
0.206 0.892 1.05208
0.206 0.941 1.70866
0.206 0.99 2.40582
0.255 0.01 0.0916626
0.255 0.059 0.330637
0.255 0.108 0.760591
0.255 0.157 0.919783
0.255 0.206 0.722572
0.255 0.255 0.5534
0.255 0.304 0.425548
0.255 0.353 0.317432
0.255 0.402 0.392641
0.255 0.451 0.430583
0.255 0.5 0.273194
0.255 0.549 0.213098
0.255 0.598 0.344313
0.255 0.647 0.436593
0.255 0.696 0.385901
0.255 0.745 0.460306
0.255 0.794 0.681192
0.255 0.843 0.866739
0.255 0.892 1.15897
0.255 0.941 1.88225
0.255 0.99 2.65024
0.304 0.01 0.092707
0.304 0.059 0.334405
0.304 0.108 0.769257
0.304 0.157 0.930264
0.304 0.206 0.730806
0.304 0.255 0.559706
0.304 0.304 0.430397
0.304 0.353 0.321049
0.304 0.402 0.397115
0.304 0.451 0.435489
0.304 0.5 0.276307
0.304 0.549 0.215526
0.304 0.598 0.348236
0.304 0.647 0.441568
0.304 0.696 0.390298
0.304 0.745 0.465551
0.304 0.794 0.688954
0.304 0.843 0.876614
0.304 0.892 1.17217
0.304 0.941 1.90369
0.304 0.99 2.68044
0.353 0.01 0.0540074
0.353 0.059 0.194811
0.353 0.108 0.448138
0.353 0.157 0.541934
0.353 0.206 0.425738
0.353 0.255 0.326062
0.353 0.304 0.250732
0.353 0.353 0.18703
0.353 0.402 0.231343
0.353 0.451 0.253698
0.353 0.5 0.160965
0.353 0.549 0.125557
0.353 0.598 0.202868
0.353 0.647 0.257239
0.353 0.696 0.227372
0.353 0.745 0.271211
0.353 0.794 0.401357
0.353 0.843 0.51068
0.353 0.892 0.682861
0.353 0.941 1.10901
0.353 0.99 1.56151
0.402 0.01 0.0414469
0.402 0.059 0.149504
0.402 0.108 0.343915
0.402 0.157 0.415897
0.402 0.206 0.326725
0.402 0.255 0.25023
0.402 0.304 0.192419
0.402 0.353 0.143533
0.402 0.402 0.17754
0.402 0.451 0.194696
0.402 0.5 0.12353
0.402 0.549 0.0963564
0.402 0.598 0.155687
0.402 0.647 0.197414
0.402 0.696 0.174492
0.402 0.745 0.208136
0.402 0.794 0.308014
0.402 0.843 0.391912
0.402 0.892 0.524049
0.402 0.941 0.851093
0.402 0.99 1.19835
0.451 0.01 0.0666124
0.451 0.059 0.240278
0.451 0.108 0.552731
0.451 0.157 0.668418
0.451 0.206 0.525103
0.451 0.255 0.402163
0.451 0.304 0.309251
0.451 0.353 0.230682
0.451 0.402 0.285338
0.451 0.451 0.31291
0.451 0.5 0.198534
0.451 0.549 0.154861
0.451 0.598 0.250216
0.451 0.647 0.317278
0.451 0.696 0.280439
0.451 0.745 0.33451
0.451 0.794 0.495031
0.451 0.843 0.62987
0.451 0.892 0.842237
0.451 0.941 1.36785
0.451 0.99 1.92596
0.5 0.01 0.0863744
0.5 0.059 0.311562
0.5 0.108 0.716711
0.5 0.157 0.866719
0.5 0.206 0.680886
0.5 0.255 0.521473
0.5 0.304 0.400997
0.5 0.353 0.299119
0.5 0.402 0.369989
0.5 0.451 0.405742
0.5 0.5 0.257433
0.5 0.549 0.200804
0.5 0.598 0.324449
0.5 0.647 0.411405
0.5 0.696 0.363637
0.5 0.745 0.43375
0.5 0.794 0.641893
0.5 0.843 0.816735
0.5 0.892 1.09211
0.5 0.941 1.77366
0.5 0.99 2.49734
0.549 0.01 0.0674315
0.549 0.059 0.243233
0.549 0.108 0.559528
0.549 0.157 0.676638
0.549 0.206 0.53156
0.549 0.255 0.407108
0.549 0.304 0.313054
0.549 0.353 0.233519
0.549 0.402 0.288846
0.549 0.451 0.316758
0.549 0.5 0.200975
0.549 0.549 0.156766
0.549 0.598 0.253293
0.549 0.647 0.321179
0.549 0.696 0.283887
0.549 0.745 0.338624
0.549 0.794 0.501118
0.549 0.843 0.637616
0.549 0.892 0.852594
0.549 0.941 1.38467
0.549 0.99 1.94965
0.598 0.01 0.0480662
0.598 0.059 0.17338
0.598 0.108 0.39884
0.598 0.157 0.482317
0.598 0.206 0.378904
0.598 0.255 0.290193
0.598 0.304 0.223149
0.598 0.353 0.166456
0.598 0.402 0.205894
0.598 0.451 0.22579
0.598 0.5 0.143258
0.598 0.549 0.111745
0.598 0.598 0.180551
0.598 0.647 0.228941
0.598 0.696 0.202359
0.598 0.745 0.241376
0.598 0.794 0.357205
0.598 0.843 0.454502
0.598 0.892 0.607742
0.598 0.941 0.987015
0.598 0.99 1.38974
0.647 0.01 0.0685719
0.647 0.059 0.247347
0.647 0.108 0.568991
0.647 0.157 0.688081
0.647 0.206 0.540549
0.647 0.255 0.413993
0.647 0.304 0.318348
0.647 0.353 0.237468
0.647 0.402 0.293731
0.647 0.451 0.322115
0.647 0.5 0.204374
0.647 0.549 0.159417
0.647 0.598 0.257577
0.647 0.647 0.326611
0.647 0.696 0.288688
0.647 0.745 0.34435
0.647 0.794 0.509593
0.647 0.843 0.648399
0.647 0.892 0.867013
0.647 0.941 1.40809
0.647 0.99 1.98262
0.696 0.01 0.0900996
0.696 0.059 0.324999
0.696 0.108 0.747621
0.696 0.157 0.904099
0.696 0.206 0.710251
0.696 0.255 0.543964
0.696 0.304 0.418291
0.696 0.353 0.31202
0.696 0.402 0.385946
0.696 0.451 0.423241
0.696 0.5 0.268536
0.696 0.549 0.209465
0.696 0.598 0.338442
0.696 0.647 0.429148
0.696 0.696 0.37932
0.696 0.745 0.452457
0.696 0.794 0.669577
0.696 0.843 0.851959
0.696 0.892 1.13921
0.696 0.941 1.85015
0.696 0.99 2.60505
0.745 0.01 0.0776834
0.745 0.059 0.280213
0.745 0.108 0.644595
0.745 0.157 0.77951
0.745 0.206 0.612375
0.745 0.255 0.469003
0.745 0.304 0.360649
0.745 0.353 0.269022
0.745 0.402 0.332761
0.745 0.451 0.364916
0.745 0.5 0.23153
0.745 0.549 0.180599
0.745 0.598 0.291803
0.745 0.647 0.370009
0.745 0.696 0.327048
0.745 0.745 0.390106
0.745 0.794 0.577306
0.745 0.843 0.734555
0.745 0.892 0.982218
0.745 0.941 1.59519
0.745 0.99 2.24606
0.794 0.01 0.0775811
0.794 0.059 0.279844
0.794 0.108 0.643747
0.794 0.157 0.778484
0.794 0.206 0.611569
0.794 0.255 0.468385
0.794 0.304 0.360174
0.794 0.353 0.268668
0.794 0.402 0.332323
0.794 0.451 0.364436
0.794 0.5 0.231225
0.794 0.549 0.180362
0.794 0.598 0.291418
0.794 0.647 0.369522
0.794 0.696 0.326617
0.794 0.745 0.389593
0.794 0.794 0.576546
0.794 0.843 0.733588
0.794 0.892 0.980925
0.794 0.941 1.59309
0.794 0.99 2.2431
0.843 0.01 0.114435
0.843 0.059 0.412781
0.843 0.108 0.949553
0.843 0.157 1.14829
0.843 0.206 0.902089
0.843 0.255 0.690887
0.843 0.304 0.531271
0.843 0.353 0.396295
0.843 0.402 0.490189
0.843 0.451 0.537557
0.843 0.5 0.341066
0.843 0.549 0.266041
0.843 0.598 0.429854
0.843 0.647 0.54506
0.843 0.696 0.481774
0.843 0.745 0.574665
0.843 0.794 0.850428
0.843 0.843 1.08207
0.843 0.892 1.4469
0.843 0.941 2.34987
0.843 0.99 3.30866
0.892 0.01 0.176883
0.892 0.059 0.638039
0.892 0.108 1.46773
0.892 0.157 1.77493
0.892 0.206 1.39436
0.892 0.255 1.06791
0.892 0.304 0.821189
0.892 0.353 0.612557
0.892 0.402 0.757689
0.892 0.451 0.830906
0.892 0.5 0.527189
0.892 0.549 0.411221
0.892 0.598 0.664428
0.892 0.647 0.842503
0.892 0.696 0.744681
0.892 0.745 0.888263
0.892 0.794 1.31451
0.892 0.843 1.67257
0.892 0.892 2.23649
0.892 0.941 3.63221
0.892 0.99 5.11422
0.941 0.01 0.387425
0.941 0.059 1.39749
0.941 0.108 3.21475
0.941 0.157 3.8876
0.941 0.206 3.05406
0.941 0.255 2.33903
0.941 0.304 1.79864
0.941 0.353 1.34167
0.941 0.402 1.65956
0.941 0.451 1.81992
0.941 0.5 1.15469
0.941 0.549 0.900691
0.941 0.598 1.45529
0.941 0.647 1.84532
0.941 0.696 1.63107
0.941 0.745 1.94555
0.941 0.794 2.87916
0.941 0.843 3.6634
0.941 0.892 4.89855
0.941 0.941 7.95559
0.941 0.99 11.2016
0.99 0.01 0.629609
0.99 0.059 2.27107
0.99 0.108 5.22433
0.99 0.157 6.31778
0.99 0.206 4.96318
0.99 0.255 3.80118
0.99 0.304 2.92299
0.99 0.353 2.18037
0.99 0.402 2.69696
0.99 0.451 2.95758
0.99 0.5 1.87651
0.99 0.549 1.46372
0.99 0.598 2.36501
0.99 0.647 2.99886
0.99 0.696 2.65066
0.99 0.745 3.16174
0.99 0.794 4.67895
0.99 0.843 5.95343
0.99 0.892 7.96069
0.99 0.941 12.9287
0.99 0.99 18.2039
