0.01 0.01 19.4188
0.01 0.059 11.594
0.01 0.108 3.65645
0.01 0.157 1.31725
0.01 0.206 1.50241
0.01 0.255 1.92382
0.01 0.304 2.61498
0.01 0.353 2.02153
0.01 0.402 0.64678
0.01 0.451 0.219764
0.01 0.5 0.689338
0.01 0.549 1.30332
0.01 0.598 1.35808
0.01 0.647 2.0058
0.01 0.696 2.53662
0.01 0.745 1.46422
0.01 0.794 0.962072
0.01 0.843 2.30961
0.01 0.892 6.60179
0.01 0.941 19.1552
0.01 0.99 33.1004
0.059 0.01 11.3152
0.059 0.059 6.75574
0.059 0.108 2.13059
0.059 0.157 0.767556
0.059 0.206 0.875448
0.059 0.255 1.121
0.059 0.304 1.52373
0.059 0.353 1.17793
0.059 0.402 0.376875
0.059 0.451 0.128055
0.059 0.5 0.401673
0.059 0.549 0.759436
0.059 0.598 0.791343
0.059 0.647 1.16877
0.059 0.696 1.47807
0.059 0.745 0.853193
0.059 0.794 0.560593
0.059 0.843 1.3458
0.059 0.892 3.84682
0.059 0.941 11.1616
0.059 0.99 19.2874
0.108 0.01 4.35111
0.108 0.059 2.59783
0.108 0.108 0.819291
0.108 0.157 0.295154
0.108 0.206 0.336642
0.108 0.255 0.431065
0.108 0.304 0.585931
0.108 0.353 0.452958
0.108 0.402 0.144922
0.108 0.451 0.049242
0.108 0.5 0.154458
0.108 0.549 0.292031
0.108 0.598 0.304301
0.108 0.647 0.449434
0.108 0.696 0.568373
0.108 0.745 0.328085
0.108 0.794 0.215569
0.108 0.843 0.517509
0.108 0.892 1.47925
0.108 0.941 4.29206
0.108 0.99 7.41673
0.157 0.01 1.68698
0.157 0.059 1.00721
0.157 0.108 0.317648
0.157 0.157 0.114434
0.157 0.206 0.13052
0.157 0.255 0.167129
0.157 0.304 0.227172
0.157 0.353 0.175617
0.157 0.402 0.056188
0.157 0.451 0.0190917
0.157 0.5 0.0598852
0.157 0.549 0.113224
0.157 0.598 0.117981
0.157 0.647 0.174251
0.157 0.696 0.220365
0.157 0.745 0.127202
0.157 0.794 0.0835785
0.157 0.843 0.200644
0.157 0.892 0.57352
0.157 0.941 1.66408
0.157 0.99 2.87555
0.206 0.01 0.451487
0.206 0.059 0.26956
0.206 0.108 0.0850126
0.206 0.157 0.0306262
0.206 0.206 0.0349312
0.206 0.255 0.0447288
0.206 0.304 0.0607983
0.206 0.353 0.0470006
0.206 0.402 0.0150377
0.206 0.451 0.00510953
0.206 0.5 0.0160271
0.206 0.549 0.0303022
0.206 0.598 0.0315754
0.206 0.647 0.0466349
0.206 0.696 0.0589765
0.206 0.745 0.0340432
0.206 0.794 0.0223682
0.206 0.843 0.0536986
0.206 0.892 0.153492
0.206 0.941 0.445359
0.206 0.99 0.769586
0.255 0.01 0.365968
0.255 0.059 0.218501
0.255 0.108 0.0689097
0.255 0.157 0.0248251
0.255 0.206 0.0283146
0.255 0.255 0.0362564
0.255 0.304 0.0492821
0.255 0.353 0.0380979
0.255 0.402 0.0121893
0.255 0.451 0.0041417
0.255 0.5 0.0129913
0.255 0.549 0.0245625
0.255 0.598 0.0255944
0.255 0.647 0.0378014
0.255 0.696 0.0478053
0.255 0.745 0.0275949
0.255 0.794 0.0181313
0.255 0.843 0.0435272
0.255 0.892 0.124418
0.255 0.941 0.361001
0.255 0.99 0.623813
0.304 0.01 0.89694
0.304 0.059 0.535518
0.304 0.108 0.168889
0.304 0.157 0.0608431
0.304 0.206 0.0693956
0.304 0.255 0.0888598
0.304 0.304 0.120784
0.304 0.353 0.093373
0.304 0.402 0.0298743
0.304 0.451 0.0101508
0.304 0.5 0.0318401
0.304 0.549 0.0601995
0.304 0.598 0.0627287
0.304 0.647 0.0926465
0.304 0.696 0.117165
0.304 0.745 0.0676315
0.304 0.794 0.0444375
0.304 0.843 0.10668
0.304 0.892 0.304932
0.304 0.941 0.884767
0.304 0.99 1.52889
0.353 0.01 1.09468
0.353 0.059 0.653577
0.353 0.108 0.206122
0.353 0.157 0.0742564
0.353 0.206 0.0846944
0.353 0.255 0.10845
0.353 0.304 0.147412
0.353 0.353 0.113958
0.353 0.402 0.0364604
0.353 0.451 0.0123886
0.353 0.5 0.0388595
0.353 0.549 0.0734709
0.353 0.598 0.0765578
0.353 0.647 0.113071
0.353 0.696 0.142995
0.353 0.745 0.0825414
0.353 0.794 0.0542341
0.353 0.843 0.130198
0.353 0.892 0.372157
0.353 0.941 1.07982
0.353 0.99 1.86594
0.402 0.01 1.31346
0.402 0.059 0.784201
0.402 0.108 0.247317
0.402 0.157 0.0890973
0.402 0.206 0.101621
0.402 0.255 0.130124
0.402 0.304 0.176874
0.402 0.353 0.136733
0.402 0.402 0.0437473
0.402 0.451 0.0148646
0.402 0.5 0.0466259
0.402 0.549 0.0881548
0.402 0.598 0.0918586
0.402 0.647 0.135669
0.402 0.696 0.171573
0.402 0.745 0.0990381
0.402 0.794 0.0650733
0.402 0.843 0.156219
0.402 0.892 0.446536
0.402 0.941 1.29563
0.402 0.99 2.23887
0.451 0.01 2.02476
0.451 0.059 1.20888
0.451 0.108 0.381252
0.451 0.157 0.137348
0.451 0.206 0.156654
0.451 0.255 0.200593
0.451 0.304 0.272659
0.451 0.353 0.210781
0.451 0.402 0.0674386
0.451 0.451 0.0229145
0.451 0.5 0.0718761
0.451 0.549 0.135895
0.451 0.598 0.141604
0.451 0.647 0.209141
0.451 0.696 0.264489
0.451 0.745 0.152672
0.451 0.794 0.100314
0.451 0.843 0.24082
0.451 0.892 0.688357
0.451 0.941 1.99728
0.451 0.99 3.45133
0.5 0.01 1.57119
0.5 0.059 0.938081
0.5 0.108 0.295847
0.5 0.157 0.10658
0.5 0.206 0.121562
0.5 0.255 0.155658
0.5 0.304 0.211581
0.5 0.353 0.163564
0.5 0.402 0.0523317
0.5 0.451 0.0177814
0.5 0.5 0.0557751
0.5 0.549 0.105453
0.5 0.598 0.109884
0.5 0.647 0.162291
0.5 0.696 0.205241
0.5 0.745 0.118472
0.5 0.794 0.0778423
0.5 0.843 0.186873
0.5 0.892 0.534158
0.5 0.941 1.54987
0.5 0.99 2.67819
0.549 0.01 0.480544
0.549 0.059 0.286909
0.549 0.108 0.0904839
0.549 0.157 0.0325973
0.549 0.206 0.0371794
0.549 0.255 0.0476075
0.549 0.304 0.0647113
0.549 0.353 0.0500255
0.549 0.402 0.0160055
0.549 0.451 0.00543837
0.549 0.5 0.0170586
0.549 0.549 0.0322525
0.549 0.598 0.0336075
0.549 0.647 0.0496362
0.549 0.696 0.0627721
0.549 0.745 0.0362342
0.549 0.794 0.0238078
0.549 0.843 0.0571546
0.549 0.892 0.16337
0.549 0.941 0.474022
0.549 0.99 0.819116
0.598 0.01 0.102787
0.598 0.059 0.0613688
0.598 0.108 0.0193542
0.598 0.157 0.00697244
0.598 0.206 0.00795253
0.598 0.255 0.0101831
0.598 0.304 0.0138415
0.598 0.353 0.0107003
0.598 0.402 0.00342351
0.598 0.451 0.00116325
0.598 0.5 0.00364878
0.598 0.549 0.00689868
0.598 0.598 0.00718852
0.598 0.647 0.010617
0.598 0.696 0.0134267
0.598 0.745 0.00775037
0.598 0.794 0.0050924
0.598 0.843 0.0122252
0.598 0.892 0.0349443
0.598 0.941 0.101392
0.598 0.99 0.175206
0.647 0.01 0.335567
0.647 0.059 0.20035
0.647 0.108 0.0631855
0.647 0.157 0.0227629
0.647 0.206 0.0259626
0.647 0.255 0.0332446
0.647 0.304 0.0451883
0.647 0.353 0.0349331
0.647 0.402 0.0111767
0.647 0.451 0.00379765
0.647 0.5 0.0119121
0.647 0.549 0.0225221
0.647 0.598 0.0234683
0.647 0.647 0.0346613
0.647 0.696 0.0438342
0.647 0.745 0.0253026
0.647 0.794 0.0166251
0.647 0.843 0.0399114
0.647 0.892 0.114083
0.647 0.941 0.331013
0.647 0.99 0.571994
0.696 0.01 0.94912
0.696 0.059 0.566672
0.696 0.108 0.178714
0.696 0.157 0.0643827
0.696 0.206 0.0734327
0.696 0.255 0.0940293
0.696 0.304 0.127811
0.696 0.353 0.0988051
0.696 0.402 0.0316123
0.696 0.451 0.0107413
0.696 0.5 0.0336924
0.696 0.549 0.0637016
0.696 0.598 0.066378
0.696 0.647 0.0980362
0.696 0.696 0.123981
0.696 0.745 0.071566
0.696 0.794 0.0470227
0.696 0.843 0.112886
0.696 0.892 0.322672
0.696 0.941 0.936238
0.696 0.99 1.61783
0.745 0.01 1.4176
0.745 0.059 0.846378
0.745 0.108 0.266926
0.745 0.157 0.0961616
0.745 0.206 0.109679
0.745 0.255 0.140442
0.745 0.304 0.190897
0.745 0.353 0.147575
0.745 0.402 0.0472159
0.745 0.451 0.0160431
0.745 0.5 0.0503228
0.745 0.549 0.0951444
0.745 0.598 0.0991418
0.745 0.647 0.146426
0.745 0.696 0.185177
0.745 0.745 0.106891
0.745 0.794 0.0702328
0.745 0.843 0.168606
0.745 0.892 0.481941
0.745 0.941 1.39836
0.745 0.99 2.41638
0.794 0.01 1.97568
0.794 0.059 1.17958
0.794 0.108 0.372009
0.794 0.157 0.134018
0.794 0.206 0.152857
0.794 0.255 0.19573
0.794 0.304 0.266049
0.794 0.353 0.205671
0.794 0.402 0.0658037
0.794 0.451 0.0223589
0.794 0.5 0.0701336
0.794 0.549 0.1326
0.794 0.598 0.138172
0.794 0.647 0.204071
0.794 0.696 0.258077
0.794 0.745 0.148971
0.794 0.794 0.0978817
0.794 0.843 0.234981
0.794 0.892 0.671669
0.794 0.941 1.94886
0.794 0.99 3.36765
0.843 0.01 2.31251
0.843 0.059 1.38069
0.843 0.108 0.435434
0.843 0.157 0.156867
0.843 0.206 0.178917
0.843 0.255 0.229101
0.843 0.304 0.311409
0.843 0.353 0.240737
0.843 0.402 0.0770227
0.843 0.451 0.026171
0.843 0.5 0.0820909
0.843 0.549 0.155208
0.843 0.598 0.161729
0.843 0.647 0.238863
0.843 0.696 0.302077
0.843 0.745 0.174369
0.843 0.794 0.11457
0.843 0.843 0.275044
0.843 0.892 0.786184
0.843 0.941 2.28113
0.843 0.99 3.94181
0.892 0.01 3.93056
0.892 0.059 2.34674
0.892 0.108 0.740102
0.892 0.157 0.266625
0.892 0.206 0.304104
0.892 0.255 0.3894
0.892 0.304 0.529298
0.892 0.353 0.409178
0.892 0.402 0.130915
0.892 0.451 0.0444825
0.892 0.5 0.139529
0.892 0.549 0.263805
0.892 0.598 0.274889
0.892 0.647 0.405994
0.892 0.696 0.513437
0.892 0.745 0.296374
0.892 0.794 0.194733
0.892 0.843 0.467489
0.892 0.892 1.33627
0.892 0.941 3.87721
0.892 0.99 6.69986
0.941 0.01 13.4859
0.941 0.059 8.05178
0.941 0.108 2.53933
0.941 0.157 0.914807
0.941 0.206 1.0434
0.941 0.255 1.33605
0.941 0.304 1.81605
0.941 0.353 1.40391
0.941 0.402 0.449176
0.941 0.451 0.152622
0.941 0.5 0.478732
0.941 0.549 0.90513
0.941 0.598 0.943158
0.941 0.647 1.39299
0.941 0.696 1.76163
0.941 0.745 1.01687
0.941 0.794 0.66814
0.941 0.843 1.60398
0.941 0.892 4.58481
0.941 0.941 13.3029
0.941 0.99 22.9876
0.99 0.01 24.8839
0.99 0.059 14.8569
0.99 0.108 4.6855
0.99 0.157 1.68797
0.99 0.206 1.92525
0.99 0.255 2.46524
0.99 0.304 3.35092
0.99 0.353 2.59045
0.99 0.402 0.828806
0.99 0.451 0.281613
0.99 0.5 0.883341
0.99 0.549 1.67012
0.99 0.598 1.74029
0.99 0.647 2.5703
0.99 0.696 3.25051
0.99 0.745 1.8763
0.99 0.794 1.23283
0.99 0.843 2.95962
0.99 0.892 8.45976
0.99 0.941 24.5461
0.99 0.99 42.416
