0.01 0.01 0.672365
0.01 0.059 0.433026
0.01 0.108 0.246703
0.01 0.157 0.185749
0.01 0.206 0.15146
0.01 0.255 0.163225
0.01 0.304 0.151126
0.01 0.353 0.139595
0.01 0.402 0.16974
0.01 0.451 0.156412
0.01 0.5 0.136498
0.01 0.549 0.156152
0.01 0.598 0.13195
0.01 0.647 0.0857772
0.01 0.696 0.0997483
0.01 0.745 0.136727
0.01 0.794 0.123682
0.01 0.843 0.0852025
0.01 0.892 0.199769
0.01 0.941 0.596879
0.01 0.99 0.993562
0.059 0.01 2.15823
0.059 0.059 1.38998
0.059 0.108 0.791895
0.059 0.157 0.596237
0.059 0.206 0.486174
0.059 0.255 0.52394
0.059 0.304 0.485102
0.059 0.353 0.448089
0.059 0.402 0.544852
0.059 0.451 0.502068
0.059 0.5 0.438145
0.059 0.549 0.501234
0.059 0.598 0.423549
0.059 0.647 0.275337
0.059 0.696 0.320183
0.059 0.745 0.438882
0.059 0.794 0.397007
0.059 0.843 0.273493
0.059 0.892 0.641241
0.059 0.941 1.91593
0.059 0.99 3.18925
0.108 0.01 4.17303
0.108 0.059 2.68757
0.108 0.108 1.53116
0.108 0.157 1.15285
0.108 0.206 0.940036
0.108 0.255 1.01306
0.108 0.304 0.937964
0.108 0.353 0.866398
0.108 0.402 1.05349
0.108 0.451 0.970768
0.108 0.5 0.847171
0.108 0.549 0.969156
0.108 0.598 0.818949
0.108 0.647 0.532375
0.108 0.696 0.619087
0.108 0.745 0.848595
0.108 0.794 0.767629
0.108 0.843 0.528809
0.108 0.892 1.23986
0.108 0.941 3.70452
0.108 0.99 6.16654
0.157 0.01 3.66997
0.157 0.059 2.36359
0.157 0.108 1.34658
0.157 0.157 1.01387
0.157 0.206 0.826716
0.157 0.255 0.890935
0.157 0.304 0.824894
0.157 0.353 0.761955
0.157 0.402 0.926495
0.157 0.451 0.853743
0.157 0.5 0.745045
0.157 0.549 0.852325
0.157 0.598 0.720225
0.157 0.647 0.468198
0.157 0.696 0.544457
0.157 0.745 0.746298
0.157 0.794 0.675092
0.157 0.843 0.465061
0.157 0.892 1.0904
0.157 0.941 3.25795
0.157 0.99 5.42317
0.206 0.01 2.07293
0.206 0.059 1.33504
0.206 0.108 0.760597
0.206 0.157 0.572672
0.206 0.206 0.466959
0.206 0.255 0.503232
0.206 0.304 0.46593
0.206 0.353 0.43038
0.206 0.402 0.523318
0.206 0.451 0.482225
0.206 0.5 0.420829
0.206 0.549 0.481424
0.206 0.598 0.406809
0.206 0.647 0.264455
0.206 0.696 0.307529
0.206 0.745 0.421536
0.206 0.794 0.381317
0.206 0.843 0.262684
0.206 0.892 0.615897
0.206 0.941 1.84021
0.206 0.99 3.0632
0.255 0.01 1.78807
0.255 0.059 1.15158
0.255 0.108 0.656077
0.255 0.157 0.493977
0.255 0.206 0.402791
0.255 0.255 0.434079
0.255 0.304 0.401903
0.255 0.353 0.371238
0.255 0.402 0.451405
0.255 0.451 0.415959
0.255 0.5 0.362999
0.255 0.549 0.415268
0.255 0.598 0.350906
0.255 0.647 0.228114
0.255 0.696 0.265269
0.255 0.745 0.363609
0.255 0.794 0.328917
0.255 0.843 0.226586
0.255 0.892 0.531262
0.255 0.941 1.58733
0.255 0.99 2.64226
0.304 0.01 1.75859
0.304 0.059 1.13259
0.304 0.108 0.645258
0.304 0.157 0.485831
0.304 0.206 0.396148
0.304 0.255 0.426921
0.304 0.304 0.395275
0.304 0.353 0.365116
0.304 0.402 0.443961
0.304 0.451 0.409099
0.304 0.5 0.357013
0.304 0.549 0.40842
0.304 0.598 0.34512
0.304 0.647 0.224353
0.304 0.696 0.260895
0.304 0.745 0.357613
0.304 0.794 0.323493
0.304 0.843 0.22285
0.304 0.892 0.522501
0.304 0.941 1.56115
0.304 0.99 2.59869
0.353 0.01 0.934149
0.353 0.059 0.601625
0.353 0.108 0.342756
0.353 0.157 0.25807
0.353 0.206 0.210431
0.353 0.255 0.226777
0.353 0.304 0.209967
0.353 0.353 0.193947
0.353 0.402 0.235829
0.353 0.451 0.21731
0.353 0.5 0.189643
0.353 0.549 0.216949
0.353 0.598 0.183325
0.353 0.647 0.119174
0.353 0.696 0.138585
0.353 0.745 0.189961
0.353 0.794 0.171837
0.353 0.843 0.118376
0.353 0.892 0.277548
0.353 0.941 0.829273
0.353 0.99 1.3804
0.402 0.01 0.250755
0.402 0.059 0.161495
0.402 0.108 0.0920066
0.402 0.157 0.069274
0.402 0.206 0.0564863
0.402 0.255 0.0608741
0.402 0.304 0.0563618
0.402 0.353 0.0520614
0.402 0.402 0.0633038
0.402 0.451 0.058333
0.402 0.5 0.0509061
0.402 0.549 0.0582361
0.402 0.598 0.0492102
0.402 0.647 0.0319902
0.402 0.696 0.0372006
0.402 0.745 0.0509916
0.402 0.794 0.0461264
0.402 0.843 0.0317758
0.402 0.892 0.0745028
0.402 0.941 0.222603
0.402 0.99 0.370544
0.451 0.01 0.300945
0.451 0.059 0.193819
0.451 0.108 0.110422
0.451 0.157 0.0831395
0.451 0.206 0.0677922
0.451 0.255 0.0730583
0.451 0.304 0.0676428
0.451 0.353 0.0624817
0.451 0.402 0.0759743
0.451 0.451 0.0700085
0.451 0.5 0.0610951
0.451 0.549 0.0698922
0.451 0.598 0.0590598
0.451 0.647 0.0383931
0.451 0.696 0.0446465
0.451 0.745 0.0611978
0.451 0.794 0.0553588
0.451 0.843 0.0381359
0.451 0.892 0.0894148
0.451 0.941 0.267158
0.451 0.99 0.44471
0.5 0.01 0.717906
0.5 0.059 0.462357
0.5 0.108 0.263413
0.5 0.157 0.19833
0.5 0.206 0.161719
0.5 0.255 0.174281
0.5 0.304 0.161363
0.5 0.353 0.149051
0.5 0.402 0.181238
0.5 0.451 0.167006
0.5 0.5 0.145743
0.5 0.549 0.166729
0.5 0.598 0.140888
0.5 0.647 0.0915872
0.5 0.696 0.106505
0.5 0.745 0.145988
0.5 0.794 0.132059
0.5 0.843 0.0909736
0.5 0.892 0.2133
0.5 0.941 0.637308
0.5 0.99 1.06086
0.549 0.01 0.928885
0.549 0.059 0.598234
0.549 0.108 0.340825
0.549 0.157 0.256615
0.549 0.206 0.209245
0.549 0.255 0.225499
0.549 0.304 0.208784
0.549 0.353 0.192854
0.549 0.402 0.2345
0.549 0.451 0.216086
0.549 0.5 0.188574
0.549 0.549 0.215727
0.549 0.598 0.182292
0.549 0.647 0.118503
0.549 0.696 0.137804
0.549 0.745 0.188891
0.549 0.794 0.170869
0.549 0.843 0.117709
0.549 0.892 0.275984
0.549 0.941 0.8246
0.549 0.99 1.37262
0.598 0.01 1.28537
0.598 0.059 0.827824
0.598 0.108 0.471626
0.598 0.157 0.355099
0.598 0.206 0.289549
0.598 0.255 0.312041
0.598 0.304 0.288911
0.598 0.353 0.266867
0.598 0.402 0.324496
0.598 0.451 0.299015
0.598 0.5 0.260945
0.598 0.549 0.298518
0.598 0.598 0.252252
0.598 0.647 0.163982
0.598 0.696 0.190691
0.598 0.745 0.261383
0.598 0.794 0.236444
0.598 0.843 0.162883
0.598 0.892 0.381902
0.598 0.941 1.14106
0.598 0.99 1.89941
0.647 0.01 1.51847
0.647 0.059 0.977951
0.647 0.108 0.557156
0.647 0.157 0.419497
0.647 0.206 0.342059
0.647 0.255 0.36863
0.647 0.304 0.341305
0.647 0.353 0.315264
0.647 0.402 0.383343
0.647 0.451 0.353242
0.647 0.5 0.308267
0.647 0.549 0.352655
0.647 0.598 0.297998
0.647 0.647 0.19372
0.647 0.696 0.225272
0.647 0.745 0.308786
0.647 0.794 0.279324
0.647 0.843 0.192422
0.647 0.892 0.45116
0.647 0.941 1.348
0.647 0.99 2.24387
0.696 0.01 0.81502
0.696 0.059 0.524901
0.696 0.108 0.299046
0.696 0.157 0.225159
0.696 0.206 0.183595
0.696 0.255 0.197857
0.696 0.304 0.183191
0.696 0.353 0.169213
0.696 0.402 0.205754
0.696 0.451 0.189598
0.696 0.5 0.165458
0.696 0.549 0.189283
0.696 0.598 0.159946
0.696 0.647 0.103976
0.696 0.696 0.120912
0.696 0.745 0.165736
0.696 0.794 0.149923
0.696 0.843 0.10328
0.696 0.892 0.242154
0.696 0.941 0.723518
0.696 0.99 1.20437
0.745 0.01 0.307368
0.745 0.059 0.197956
0.745 0.108 0.112779
0.745 0.157 0.0849141
0.745 0.206 0.0692393
0.745 0.255 0.0746177
0.745 0.304 0.0690867
0.745 0.353 0.0638154
0.745 0.402 0.077596
0.745 0.451 0.0715029
0.745 0.5 0.0623992
0.745 0.549 0.0713841
0.745 0.598 0.0603204
0.745 0.647 0.0392126
0.745 0.696 0.0455994
0.745 0.745 0.0625041
0.745 0.794 0.0565405
0.745 0.843 0.0389499
0.745 0.892 0.0913233
0.745 0.941 0.27286
0.745 0.99 0.454202
0.794 0.01 0.730105
0.794 0.059 0.470213
0.794 0.108 0.267889
0.794 0.157 0.2017
0.794 0.206 0.164467
0.794 0.255 0.177243
0.794 0.304 0.164104
0.794 0.353 0.151583
0.794 0.402 0.184317
0.794 0.451 0.169844
0.794 0.5 0.148219
0.794 0.549 0.169562
0.794 0.598 0.143282
0.794 0.647 0.0931434
0.794 0.696 0.108314
0.794 0.745 0.148469
0.794 0.794 0.134303
0.794 0.843 0.0925194
0.794 0.892 0.216924
0.794 0.941 0.648136
0.794 0.99 1.07889
0.843 0.01 1.88899
0.843 0.059 1.21657
0.843 0.108 0.693104
0.843 0.157 0.521855
0.843 0.206 0.425523
0.843 0.255 0.458577
0.843 0.304 0.424585
0.843 0.353 0.392189
0.843 0.402 0.47688
0.843 0.451 0.439434
0.843 0.5 0.383486
0.843 0.549 0.438704
0.843 0.598 0.37071
0.843 0.647 0.240988
0.843 0.696 0.28024
0.843 0.745 0.38413
0.843 0.794 0.34748
0.843 0.843 0.239374
0.843 0.892 0.561244
0.843 0.941 1.67691
0.843 0.99 2.79138
0.892 0.01 4.42802
0.892 0.059 2.8518
0.892 0.108 1.62472
0.892 0.157 1.22329
0.892 0.206 0.997478
0.892 0.255 1.07496
0.892 0.304 0.995279
0.892 0.353 0.91934
0.892 0.402 1.11787
0.892 0.451 1.03009
0.892 0.5 0.898938
0.892 0.549 1.02838
0.892 0.598 0.868991
0.892 0.647 0.564907
0.892 0.696 0.656917
0.892 0.745 0.900449
0.892 0.794 0.814536
0.892 0.843 0.561122
0.892 0.892 1.31563
0.892 0.941 3.93089
0.892 0.99 6.54335
0.941 0.01 13.07
0.941 0.059 8.41755
0.941 0.108 4.79563
0.941 0.157 3.61075
0.941 0.206 2.94422
0.941 0.255 3.17292
0.941 0.304 2.93773
0.941 0.353 2.71358
0.941 0.402 3.29956
0.941 0.451 3.04047
0.941 0.5 2.65336
0.941 0.549 3.03542
0.941 0.598 2.56497
0.941 0.647 1.66741
0.941 0.696 1.93899
0.941 0.745 2.65782
0.941 0.794 2.40423
0.941 0.843 1.65624
0.941 0.892 3.88328
0.941 0.941 11.6027
0.941 0.99 19.3137
0.99 0.01 23.4854
0.99 0.059 15.1254
0.99 0.108 8.61722
0.99 0.157 6.48812
0.99 0.206 5.29044
0.99 0.255 5.7014
0.99 0.304 5.27878
0.99 0.353 4.87601
0.99 0.402 5.92896
0.99 0.451 5.4634
0.99 0.5 4.7678
0.99 0.549 5.45432
0.99 0.598 4.60897
0.99 0.647 2.99616
0.99 0.696 3.48417
0.99 0.745 4.77582
0.99 0.794 4.32015
0.99 0.843 2.97609
0.99 0.892 6.97784
0.99 0.941 20.8487
0.99 0.99 34.7047
