0.01 0.01 4.46053e-85
0.01 0.059 7.36587e-77
0.01 0.108 4.65671e-69
0.01 0.157 1.12685e-61
0.01 0.206 1.04373e-54
0.01 0.255 3.70033e-48
0.01 0.304 5.02142e-42
0.01 0.353 2.60823e-36
0.01 0.402 5.18558e-31
0.01 0.451 3.94623e-26
0.01 0.5 1.14947e-21
0.01 0.549 1.28159e-17
0.01 0.598 5.46932e-14
0.01 0.647 8.93409e-11
0.01 0.696 5.58599e-08
0.01 0.745 1.33685e-05
0.01 0.794 0.00122461
0.01 0.843 0.0429387
0.01 0.892 0.576277
0.01 0.941 2.96038
0.01 0.99 5.82098
0.059 0.01 6.7577e-85
0.059 0.059 1.11593e-76
0.059 0.108 7.05492e-69
0.059 0.157 1.70718e-61
0.059 0.206 1.58125e-54
0.059 0.255 5.606e-48
0.059 0.304 7.60745e-42
0.059 0.353 3.95147e-36
0.059 0.402 7.85615e-31
0.059 0.451 5.97853e-26
0.059 0.5 1.74145e-21
0.059 0.549 1.94161e-17
0.059 0.598 8.28602e-14
0.059 0.647 1.35351e-10
0.059 0.696 8.46277e-08
0.059 0.745 2.02533e-05
0.059 0.794 0.00185529
0.059 0.843 0.0650521
0.059 0.892 0.87306
0.059 0.941 4.48497
0.059 0.99 8.81879
0.108 0.01 8.52132e-85
0.108 0.059 1.40716e-76
0.108 0.108 8.8961e-69
0.108 0.157 2.15272e-61
0.108 0.206 1.99392e-54
0.108 0.255 7.06905e-48
0.108 0.304 9.59283e-42
0.108 0.353 4.98271e-36
0.108 0.402 9.90643e-31
0.108 0.451 7.53879e-26
0.108 0.5 2.19593e-21
0.108 0.549 2.44833e-17
0.108 0.598 1.04485e-13
0.108 0.647 1.70675e-10
0.108 0.696 1.06714e-07
0.108 0.745 2.5539e-05
0.108 0.794 0.00233948
0.108 0.843 0.0820293
0.108 0.892 1.10091
0.108 0.941 5.65545
0.108 0.99 11.1203
0.157 0.01 8.36551e-85
0.157 0.059 1.38143e-76
0.157 0.108 8.73343e-69
0.157 0.157 2.11336e-61
0.157 0.206 1.95746e-54
0.157 0.255 6.93979e-48
0.157 0.304 9.41743e-42
0.157 0.353 4.8916e-36
0.157 0.402 9.7253e-31
0.157 0.451 7.40095e-26
0.157 0.5 2.15578e-21
0.157 0.549 2.40356e-17
0.157 0.598 1.02574e-13
0.157 0.647 1.67554e-10
0.157 0.696 1.04762e-07
0.157 0.745 2.5072e-05
0.157 0.794 0.0022967
0.157 0.843 0.0805294
0.157 0.892 1.08078
0.157 0.941 5.55204
0.157 0.99 10.917
0.206 0.01 1.16995e-84
0.206 0.059 1.93199e-76
0.206 0.108 1.22141e-68
0.206 0.157 2.95562e-61
0.206 0.206 2.73759e-54
0.206 0.255 9.70559e-48
0.206 0.304 1.31707e-41
0.206 0.353 6.84111e-36
0.206 0.402 1.36012e-30
0.206 0.451 1.03505e-25
0.206 0.5 3.01495e-21
0.206 0.549 3.36148e-17
0.206 0.598 1.43455e-13
0.206 0.647 2.34332e-10
0.206 0.696 1.46515e-07
0.206 0.745 3.50642e-05
0.206 0.794 0.00321204
0.206 0.843 0.112624
0.206 0.892 1.51152
0.206 0.941 7.76476
0.206 0.99 15.2678
0.255 0.01 1.8423e-84
0.255 0.059 3.04227e-76
0.255 0.108 1.92333e-68
0.255 0.157 4.65416e-61
0.255 0.206 4.31084e-54
0.255 0.255 1.52832e-47
0.255 0.304 2.07396e-41
0.255 0.353 1.07726e-35
0.255 0.402 2.14176e-30
0.255 0.451 1.62988e-25
0.255 0.5 4.74759e-21
0.255 0.549 5.29327e-17
0.255 0.598 2.25896e-13
0.255 0.647 3.68998e-10
0.255 0.696 2.30714e-07
0.255 0.745 5.5215e-05
0.255 0.794 0.00505794
0.255 0.843 0.177347
0.255 0.892 2.38016
0.255 0.941 12.227
0.255 0.99 24.042
0.304 0.01 2.4463e-84
0.304 0.059 4.03969e-76
0.304 0.108 2.55389e-68
0.304 0.157 6.18003e-61
0.304 0.206 5.72415e-54
0.304 0.255 2.02938e-47
0.304 0.304 2.75391e-41
0.304 0.353 1.43044e-35
0.304 0.402 2.84394e-30
0.304 0.451 2.16424e-25
0.304 0.5 6.3041e-21
0.304 0.549 7.02867e-17
0.304 0.598 2.99956e-13
0.304 0.647 4.89975e-10
0.304 0.696 3.06354e-07
0.304 0.745 7.33173e-05
0.304 0.794 0.00671619
0.304 0.843 0.23549
0.304 0.892 3.16049
0.304 0.941 16.2357
0.304 0.99 31.9242
0.353 0.01 2.42938e-84
0.353 0.059 4.01175e-76
0.353 0.108 2.53623e-68
0.353 0.157 6.13729e-61
0.353 0.206 5.68456e-54
0.353 0.255 2.01535e-47
0.353 0.304 2.73487e-41
0.353 0.353 1.42054e-35
0.353 0.402 2.82427e-30
0.353 0.451 2.14927e-25
0.353 0.5 6.26049e-21
0.353 0.549 6.98006e-17
0.353 0.598 2.97881e-13
0.353 0.647 4.86586e-10
0.353 0.696 3.04235e-07
0.353 0.745 7.28102e-05
0.353 0.794 0.00666974
0.353 0.843 0.233861
0.353 0.892 3.13863
0.353 0.941 16.1234
0.353 0.99 31.7034
0.402 0.01 1.71423e-84
0.402 0.059 2.83078e-76
0.402 0.108 1.78962e-68
0.402 0.157 4.33062e-61
0.402 0.206 4.01116e-54
0.402 0.255 1.42208e-47
0.402 0.304 1.92979e-41
0.402 0.353 1.00237e-35
0.402 0.402 1.99287e-30
0.402 0.451 1.51658e-25
0.402 0.5 4.41755e-21
0.402 0.549 4.9253e-17
0.402 0.598 2.10192e-13
0.402 0.647 3.43347e-10
0.402 0.696 2.14676e-07
0.402 0.745 5.13766e-05
0.402 0.794 0.00470632
0.402 0.843 0.165018
0.402 0.892 2.21469
0.402 0.941 11.377
0.402 0.99 22.3707
0.451 0.01 1.10605e-84
0.451 0.059 1.82647e-76
0.451 0.108 1.15469e-68
0.451 0.157 2.79418e-61
0.451 0.206 2.58806e-54
0.451 0.255 9.17547e-48
0.451 0.304 1.24513e-41
0.451 0.353 6.46745e-36
0.451 0.402 1.28583e-30
0.451 0.451 9.78519e-26
0.451 0.5 2.85027e-21
0.451 0.549 3.17788e-17
0.451 0.598 1.35619e-13
0.451 0.647 2.21533e-10
0.451 0.696 1.38512e-07
0.451 0.745 3.3149e-05
0.451 0.794 0.00303659
0.451 0.843 0.106472
0.451 0.892 1.42896
0.451 0.941 7.34065
0.451 0.99 14.4339
0.5 0.01 6.8836e-85
0.5 0.059 1.13672e-76
0.5 0.108 7.18636e-69
0.5 0.157 1.73899e-61
0.5 0.206 1.61071e-54
0.5 0.255 5.71045e-48
0.5 0.304 7.74919e-42
0.5 0.353 4.02508e-36
0.5 0.402 8.00251e-31
0.5 0.451 6.08991e-26
0.5 0.5 1.7739e-21
0.5 0.549 1.97779e-17
0.5 0.598 8.4404e-14
0.5 0.647 1.37873e-10
0.5 0.696 8.62044e-08
0.5 0.745 2.06306e-05
0.5 0.794 0.00188986
0.5 0.843 0.0662641
0.5 0.892 0.889325
0.5 0.941 4.56853
0.5 0.99 8.98308
0.549 0.01 5.45436e-85
0.549 0.059 9.00702e-77
0.549 0.108 5.69425e-69
0.549 0.157 1.37792e-61
0.549 0.206 1.27628e-54
0.549 0.255 4.52478e-48
0.549 0.304 6.14022e-42
0.549 0.353 3.18935e-36
0.549 0.402 6.34095e-31
0.549 0.451 4.82546e-26
0.549 0.5 1.40558e-21
0.549 0.549 1.56714e-17
0.549 0.598 6.68791e-14
0.549 0.647 1.09246e-10
0.549 0.696 6.83057e-08
0.549 0.745 1.63471e-05
0.549 0.794 0.00149746
0.549 0.843 0.0525056
0.549 0.892 0.704674
0.549 0.941 3.61996
0.549 0.99 7.11792
0.598 0.01 8.12693e-85
0.598 0.059 1.34204e-76
0.598 0.108 8.48436e-69
0.598 0.157 2.05309e-61
0.598 0.206 1.90164e-54
0.598 0.255 6.74188e-48
0.598 0.304 9.14885e-42
0.598 0.353 4.7521e-36
0.598 0.402 9.44794e-31
0.598 0.451 7.18988e-26
0.598 0.5 2.0943e-21
0.598 0.549 2.33502e-17
0.598 0.598 9.96491e-14
0.598 0.647 1.62776e-10
0.598 0.696 1.01775e-07
0.598 0.745 2.4357e-05
0.598 0.794 0.0022312
0.598 0.843 0.0782327
0.598 0.892 1.04996
0.598 0.941 5.3937
0.598 0.99 10.6056
0.647 0.01 8.62938e-85
0.647 0.059 1.42501e-76
0.647 0.108 9.00892e-69
0.647 0.157 2.18002e-61
0.647 0.206 2.01921e-54
0.647 0.255 7.1587e-48
0.647 0.304 9.71449e-42
0.647 0.353 5.0459e-36
0.647 0.402 1.00321e-30
0.647 0.451 7.6344e-26
0.647 0.5 2.22378e-21
0.647 0.549 2.47938e-17
0.647 0.598 1.0581e-13
0.647 0.647 1.7284e-10
0.647 0.696 1.08067e-07
0.647 0.745 2.58628e-05
0.647 0.794 0.00236915
0.647 0.843 0.0830695
0.647 0.892 1.11487
0.647 0.941 5.72717
0.647 0.99 11.2613
0.696 0.01 6.99028e-85
0.696 0.059 1.15434e-76
0.696 0.108 7.29773e-69
0.696 0.157 1.76594e-61
0.696 0.206 1.63567e-54
0.696 0.255 5.79895e-48
0.696 0.304 7.86928e-42
0.696 0.353 4.08746e-36
0.696 0.402 8.12653e-31
0.696 0.451 6.18429e-26
0.696 0.5 1.80139e-21
0.696 0.549 2.00844e-17
0.696 0.598 8.5712e-14
0.696 0.647 1.4001e-10
0.696 0.696 8.75403e-08
0.696 0.745 2.09503e-05
0.696 0.794 0.00191914
0.696 0.843 0.067291
0.696 0.892 0.903108
0.696 0.941 4.63933
0.696 0.99 9.1223
0.745 0.01 7.81583e-85
0.745 0.059 1.29066e-76
0.745 0.108 8.15958e-69
0.745 0.157 1.97449e-61
0.745 0.206 1.82884e-54
0.745 0.255 6.48379e-48
0.745 0.304 8.79863e-42
0.745 0.353 4.57019e-36
0.745 0.402 9.08627e-31
0.745 0.451 6.91465e-26
0.745 0.5 2.01413e-21
0.745 0.549 2.24563e-17
0.745 0.598 9.58345e-14
0.745 0.647 1.56545e-10
0.745 0.696 9.78788e-08
0.745 0.745 2.34246e-05
0.745 0.794 0.00214579
0.745 0.843 0.075238
0.745 0.892 1.00976
0.745 0.941 5.18723
0.745 0.99 10.1996
0.794 0.01 8.0926e-85
0.794 0.059 1.33637e-76
0.794 0.108 8.44853e-69
0.794 0.157 2.04441e-61
0.794 0.206 1.8936e-54
0.794 0.255 6.7134e-48
0.794 0.304 9.11021e-42
0.794 0.353 4.73203e-36
0.794 0.402 9.40803e-31
0.794 0.451 7.15951e-26
0.794 0.5 2.08546e-21
0.794 0.549 2.32515e-17
0.794 0.598 9.92282e-14
0.794 0.647 1.62088e-10
0.794 0.696 1.01345e-07
0.794 0.745 2.42541e-05
0.794 0.794 0.00222178
0.794 0.843 0.0779023
0.794 0.892 1.04552
0.794 0.941 5.37092
0.794 0.99 10.5608
0.843 0.01 7.19554e-85
0.843 0.059 1.18823e-76
0.843 0.108 7.51201e-69
0.843 0.157 1.81779e-61
0.843 0.206 1.6837e-54
0.843 0.255 5.96922e-48
0.843 0.304 8.10035e-42
0.843 0.353 4.20748e-36
0.843 0.402 8.36515e-31
0.843 0.451 6.36588e-26
0.843 0.5 1.85428e-21
0.843 0.549 2.06741e-17
0.843 0.598 8.82288e-14
0.843 0.647 1.44121e-10
0.843 0.696 9.01108e-08
0.843 0.745 2.15655e-05
0.843 0.794 0.0019755
0.843 0.843 0.0692669
0.843 0.892 0.929626
0.843 0.941 4.77556
0.843 0.99 9.39016
0.892 0.01 1.08148e-84
0.892 0.059 1.7859e-76
0.892 0.108 1.12905e-68
0.892 0.157 2.73212e-61
0.892 0.206 2.53058e-54
0.892 0.255 8.97168e-48
0.892 0.304 1.21747e-41
0.892 0.353 6.32381e-36
0.892 0.402 1.25727e-30
0.892 0.451 9.56786e-26
0.892 0.5 2.78697e-21
0.892 0.549 3.1073e-17
0.892 0.598 1.32607e-13
0.892 0.647 2.16612e-10
0.892 0.696 1.35436e-07
0.892 0.745 3.24128e-05
0.892 0.794 0.00296915
0.892 0.843 0.104107
0.892 0.892 1.39722
0.892 0.941 7.17762
0.892 0.99 14.1133
0.941 0.01 2.02689e-84
0.941 0.059 3.34709e-76
0.941 0.108 2.11603e-68
0.941 0.157 5.12047e-61
0.941 0.206 4.74275e-54
0.941 0.255 1.68145e-47
0.941 0.304 2.28176e-41
0.941 0.353 1.18519e-35
0.941 0.402 2.35635e-30
0.941 0.451 1.79318e-25
0.941 0.5 5.22327e-21
0.941 0.549 5.82362e-17
0.941 0.598 2.48529e-13
0.941 0.647 4.05969e-10
0.941 0.696 2.5383e-07
0.941 0.745 6.07472e-05
0.941 0.794 0.00556471
0.941 0.843 0.195115
0.941 0.892 2.61863
0.941 0.941 13.4521
0.941 0.99 26.4508
0.99 0.01 2.93432e-84
0.99 0.059 4.84558e-76
0.99 0.108 3.06338e-68
0.99 0.157 7.41291e-61
0.99 0.206 6.86608e-54
0.99 0.255 2.43423e-47
0.99 0.304 3.3033e-41
0.99 0.353 1.7158e-35
0.99 0.402 3.41129e-30
0.99 0.451 2.59599e-25
0.99 0.5 7.56172e-21
0.99 0.549 8.43085e-17
0.99 0.598 3.59795e-13
0.99 0.647 5.87721e-10
0.99 0.696 3.6747e-07
0.99 0.745 8.79436e-05
0.99 0.794 0.00805602
0.99 0.843 0.282468
0.99 0.892 3.79099
0.99 0.941 19.4746
0.99 0.99 38.2928
