0.01 0.01 1.05198
0.01 0.059 0.641642
0.01 0.108 0.281055
0.01 0.157 0.21686
0.01 0.206 0.191529
0.01 0.255 0.178908
0.01 0.304 0.185441
0.01 0.353 0.129458
0.01 0.402 0.0981654
0.01 0.451 0.137852
0.01 0.5 0.161148
0.01 0.549 0.103192
0.01 0.598 0.0539275
0.01 0.647 0.0830775
0.01 0.696 0.135755
0.01 0.745 0.153115
0.01 0.794 0.0930671
0.01 0.843 0.0618362
0.01 0.892 0.206486
0.01 0.941 0.666595
0.01 0.99 1.14599
0.059 0.01 2.84699
0.059 0.059 1.73648
0.059 0.108 0.76062
0.059 0.157 0.586891
0.059 0.206 0.518338
0.059 0.255 0.484181
0.059 0.304 0.501861
0.059 0.353 0.350353
0.059 0.402 0.265666
0.059 0.451 0.373069
0.059 0.5 0.436117
0.059 0.549 0.27927
0.059 0.598 0.145944
0.059 0.647 0.224833
0.059 0.696 0.367395
0.059 0.745 0.414375
0.059 0.794 0.251868
0.059 0.843 0.167348
0.059 0.892 0.558814
0.059 0.941 1.80401
0.059 0.99 3.1014
0.108 0.01 5.26507
0.108 0.059 3.21136
0.108 0.108 1.40665
0.108 0.157 1.08537
0.108 0.206 0.958586
0.108 0.255 0.895419
0.108 0.304 0.928115
0.108 0.353 0.647925
0.108 0.402 0.491309
0.108 0.451 0.689935
0.108 0.5 0.806532
0.108 0.549 0.516467
0.108 0.598 0.269902
0.108 0.647 0.415795
0.108 0.696 0.679441
0.108 0.745 0.766324
0.108 0.794 0.465792
0.108 0.843 0.309484
0.108 0.892 1.03344
0.108 0.941 3.33624
0.108 0.99 5.73556
0.157 0.01 5.12079
0.157 0.059 3.12336
0.157 0.108 1.36811
0.157 0.157 1.05562
0.157 0.206 0.932319
0.157 0.255 0.870883
0.157 0.304 0.902683
0.157 0.353 0.630171
0.157 0.402 0.477846
0.157 0.451 0.671029
0.157 0.5 0.784432
0.157 0.549 0.502315
0.157 0.598 0.262506
0.157 0.647 0.404401
0.157 0.696 0.660823
0.157 0.745 0.745325
0.157 0.794 0.453028
0.157 0.843 0.301004
0.157 0.892 1.00512
0.157 0.941 3.24482
0.157 0.99 5.57839
0.206 0.01 3.43476
0.206 0.059 2.09499
0.206 0.108 0.917655
0.206 0.157 0.708058
0.206 0.206 0.625352
0.206 0.255 0.584143
0.206 0.304 0.605473
0.206 0.353 0.422686
0.206 0.402 0.320514
0.206 0.451 0.450092
0.206 0.5 0.526156
0.206 0.549 0.336927
0.206 0.598 0.176076
0.206 0.647 0.271252
0.206 0.696 0.443246
0.206 0.745 0.499926
0.206 0.794 0.303868
0.206 0.843 0.201898
0.206 0.892 0.674185
0.206 0.941 2.17646
0.206 0.99 3.7417
0.255 0.01 2.93255
0.255 0.059 1.78867
0.255 0.108 0.783479
0.255 0.157 0.604529
0.255 0.206 0.533915
0.255 0.255 0.498732
0.255 0.304 0.516943
0.255 0.353 0.360882
0.255 0.402 0.27365
0.255 0.451 0.384281
0.255 0.5 0.449224
0.255 0.549 0.287663
0.255 0.598 0.150331
0.255 0.647 0.23159
0.255 0.696 0.378436
0.255 0.745 0.426829
0.255 0.794 0.259438
0.255 0.843 0.172377
0.255 0.892 0.575608
0.255 0.941 1.85823
0.255 0.99 3.1946
0.304 0.01 2.42166
0.304 0.059 1.47706
0.304 0.108 0.646987
0.304 0.157 0.499212
0.304 0.206 0.440901
0.304 0.255 0.411847
0.304 0.304 0.426885
0.304 0.353 0.298012
0.304 0.402 0.225977
0.304 0.451 0.317335
0.304 0.5 0.370963
0.304 0.549 0.237549
0.304 0.598 0.124141
0.304 0.647 0.191244
0.304 0.696 0.312508
0.304 0.745 0.35247
0.304 0.794 0.21424
0.304 0.843 0.142347
0.304 0.892 0.47533
0.304 0.941 1.5345
0.304 0.99 2.63806
0.353 0.01 1.17597
0.353 0.059 0.71727
0.353 0.108 0.314181
0.353 0.157 0.242421
0.353 0.206 0.214104
0.353 0.255 0.199995
0.353 0.304 0.207298
0.353 0.353 0.144717
0.353 0.402 0.109736
0.353 0.451 0.1541
0.353 0.5 0.180142
0.353 0.549 0.115355
0.353 0.598 0.0602837
0.353 0.647 0.0928695
0.353 0.696 0.151756
0.353 0.745 0.171162
0.353 0.794 0.104037
0.353 0.843 0.0691246
0.353 0.892 0.230823
0.353 0.941 0.745163
0.353 0.99 1.28106
0.402 0.01 0.918037
0.402 0.059 0.559944
0.402 0.108 0.245269
0.402 0.157 0.189248
0.402 0.206 0.167143
0.402 0.255 0.156129
0.402 0.304 0.16183
0.402 0.353 0.112975
0.402 0.402 0.0856664
0.402 0.451 0.1203
0.402 0.5 0.14063
0.402 0.549 0.0900532
0.402 0.598 0.0470611
0.402 0.647 0.0724995
0.402 0.696 0.11847
0.402 0.745 0.133619
0.402 0.794 0.0812172
0.402 0.843 0.0539628
0.402 0.892 0.180195
0.402 0.941 0.581719
0.402 0.99 1.00007
0.451 0.01 1.6916
0.451 0.059 1.03177
0.451 0.108 0.451938
0.451 0.157 0.348714
0.451 0.206 0.307981
0.451 0.255 0.287686
0.451 0.304 0.298191
0.451 0.353 0.20817
0.451 0.402 0.157851
0.451 0.451 0.221667
0.451 0.5 0.259128
0.451 0.549 0.165934
0.451 0.598 0.086716
0.451 0.647 0.133589
0.451 0.696 0.218295
0.451 0.745 0.24621
0.451 0.794 0.149653
0.451 0.843 0.0994332
0.451 0.892 0.332031
0.451 0.941 1.07189
0.451 0.99 1.84276
0.5 0.01 2.42026
0.5 0.059 1.47621
0.5 0.108 0.646614
0.5 0.157 0.498924
0.5 0.206 0.440646
0.5 0.255 0.411609
0.5 0.304 0.426639
0.5 0.353 0.29784
0.5 0.402 0.225846
0.5 0.451 0.317151
0.5 0.5 0.370749
0.5 0.549 0.237411
0.5 0.598 0.124069
0.5 0.647 0.191134
0.5 0.696 0.312328
0.5 0.745 0.352266
0.5 0.794 0.214117
0.5 0.843 0.142265
0.5 0.892 0.475056
0.5 0.941 1.53361
0.5 0.99 2.63654
0.549 0.01 2.07428
0.549 0.059 1.26518
0.549 0.108 0.55418
0.549 0.157 0.427602
0.549 0.206 0.377655
0.549 0.255 0.352769
0.549 0.304 0.36565
0.549 0.353 0.255264
0.549 0.402 0.193561
0.549 0.451 0.271814
0.549 0.5 0.31775
0.549 0.549 0.203473
0.549 0.598 0.106334
0.549 0.647 0.163811
0.549 0.696 0.26768
0.549 0.745 0.30191
0.549 0.794 0.183509
0.549 0.843 0.121928
0.549 0.892 0.407146
0.549 0.941 1.31438
0.549 0.99 2.25964
0.598 0.01 0.972251
0.598 0.059 0.593012
0.598 0.108 0.259753
0.598 0.157 0.200424
0.598 0.206 0.177013
0.598 0.255 0.165349
0.598 0.304 0.171386
0.598 0.353 0.119646
0.598 0.402 0.0907254
0.598 0.451 0.127404
0.598 0.5 0.148935
0.598 0.549 0.0953713
0.598 0.598 0.0498403
0.598 0.647 0.076781
0.598 0.696 0.125466
0.598 0.745 0.14151
0.598 0.794 0.0860135
0.598 0.843 0.0571496
0.598 0.892 0.190836
0.598 0.941 0.616073
0.598 0.99 1.05913
0.647 0.01 0.883407
0.647 0.059 0.538822
0.647 0.108 0.236017
0.647 0.157 0.18211
0.647 0.206 0.160838
0.647 0.255 0.150239
0.647 0.304 0.155725
0.647 0.353 0.108713
0.647 0.402 0.0824349
0.647 0.451 0.115762
0.647 0.5 0.135325
0.647 0.549 0.0866563
0.647 0.598 0.0452859
0.647 0.647 0.0697648
0.647 0.696 0.114001
0.647 0.745 0.128579
0.647 0.794 0.0781536
0.647 0.843 0.0519273
0.647 0.892 0.173398
0.647 0.941 0.559776
0.647 0.99 0.962349
0.696 0.01 1.62569
0.696 0.059 0.991569
0.696 0.108 0.434331
0.696 0.157 0.335127
0.696 0.206 0.295982
0.696 0.255 0.276478
0.696 0.304 0.286573
0.696 0.353 0.200059
0.696 0.402 0.151701
0.696 0.451 0.213031
0.696 0.5 0.249032
0.696 0.549 0.159469
0.696 0.598 0.0833375
0.696 0.647 0.128385
0.696 0.696 0.20979
0.696 0.745 0.236617
0.696 0.794 0.143822
0.696 0.843 0.0955592
0.696 0.892 0.319095
0.696 0.941 1.03013
0.696 0.99 1.77096
0.745 0.01 2.3271
0.745 0.059 1.41938
0.745 0.108 0.621723
0.745 0.157 0.479719
0.745 0.206 0.423684
0.745 0.255 0.395765
0.745 0.304 0.410216
0.745 0.353 0.286375
0.745 0.402 0.217153
0.745 0.451 0.304943
0.745 0.5 0.356478
0.745 0.549 0.228273
0.745 0.598 0.119294
0.745 0.647 0.183776
0.745 0.696 0.300305
0.745 0.745 0.338706
0.745 0.794 0.205875
0.745 0.843 0.136788
0.745 0.892 0.456769
0.745 0.941 1.47458
0.745 0.99 2.53505
0.794 0.01 2.17333
0.794 0.059 1.32559
0.794 0.108 0.580641
0.794 0.157 0.44802
0.794 0.206 0.395688
0.794 0.255 0.369613
0.794 0.304 0.38311
0.794 0.353 0.267452
0.794 0.402 0.202804
0.794 0.451 0.284793
0.794 0.5 0.332923
0.794 0.549 0.213189
0.794 0.598 0.111411
0.794 0.647 0.171633
0.794 0.696 0.280461
0.794 0.745 0.316325
0.794 0.794 0.192271
0.794 0.843 0.12775
0.794 0.892 0.426587
0.794 0.941 1.37714
0.794 0.99 2.36754
0.843 0.01 1.60512
0.843 0.059 0.979021
0.843 0.108 0.428835
0.843 0.157 0.330887
0.843 0.206 0.292237
0.843 0.255 0.272979
0.843 0.304 0.282947
0.843 0.353 0.197528
0.843 0.402 0.149781
0.843 0.451 0.210335
0.843 0.5 0.245881
0.843 0.549 0.157451
0.843 0.598 0.0822829
0.843 0.647 0.12676
0.843 0.696 0.207136
0.843 0.745 0.233623
0.843 0.794 0.142002
0.843 0.843 0.09435
0.843 0.892 0.315057
0.843 0.941 1.01709
0.843 0.99 1.74855
0.892 0.01 4.54377
0.892 0.059 2.77141
0.892 0.108 1.21394
0.892 0.157 0.936673
0.892 0.206 0.827262
0.892 0.255 0.772748
0.892 0.304 0.800966
0.892 0.353 0.559161
0.892 0.402 0.424
0.892 0.451 0.595415
0.892 0.5 0.696039
0.892 0.549 0.445713
0.892 0.598 0.232926
0.892 0.647 0.358832
0.892 0.696 0.586359
0.892 0.745 0.66134
0.892 0.794 0.40198
0.892 0.843 0.267086
0.892 0.892 0.891862
0.892 0.941 2.87918
0.892 0.99 4.9498
0.941 0.01 16.6099
0.941 0.059 10.131
0.941 0.108 4.4376
0.941 0.157 3.42403
0.941 0.206 3.02408
0.941 0.255 2.8248
0.941 0.304 2.92795
0.941 0.353 2.04403
0.941 0.402 1.54994
0.941 0.451 2.17656
0.941 0.5 2.54439
0.941 0.549 1.62931
0.941 0.598 0.851468
0.941 0.647 1.31172
0.941 0.696 2.14345
0.941 0.745 2.41754
0.941 0.794 1.46945
0.941 0.843 0.976339
0.941 0.892 3.26023
0.941 0.941 10.5249
0.941 0.99 18.0941
0.99 0.01 30.1287
0.99 0.059 18.3766
0.99 0.108 8.04939
0.99 0.157 6.21087
0.99 0.206 5.4854
0.99 0.255 5.12393
0.99 0.304 5.31103
0.99 0.353 3.70767
0.99 0.402 2.81145
0.99 0.451 3.94807
0.99 0.5 4.61528
0.99 0.549 2.95542
0.99 0.598 1.54448
0.99 0.647 2.37934
0.99 0.696 3.88802
0.99 0.745 4.3852
0.99 0.794 2.66544
0.99 0.843 1.77099
0.99 0.892 5.91375
0.99 0.941 19.0912
0.99 0.99 32.821
