0.01 0.01 1.18452
0.01 0.059 1.98686
0.01 0.108 2.44585
0.01 0.157 1.83105
0.01 0.206 1.32013
0.01 0.255 1.21298
0.01 0.304 0.904632
0.01 0.353 0.811812
0.01 0.402 1.08551
0.01 0.451 1.052
0.01 0.5 0.662399
0.01 0.549 0.668564
0.01 0.598 0.989432
0.01 0.647 1.07889
0.01 0.696 0.873163
0.01 0.745 1.30204
0.01 0.794 2.20651
0.01 0.843 2.73202
0.01 0.892 3.21243
0.01 0.941 4.65425
0.01 0.99 6.23071
0.059 0.01 0.875385
0.059 0.059 1.46834
0.059 0.108 1.80754
0.059 0.157 1.35319
0.059 0.206 0.975602
0.059 0.255 0.896422
0.059 0.304 0.668543
0.059 0.353 0.599947
0.059 0.402 0.802217
0.059 0.451 0.777447
0.059 0.5 0.489527
0.059 0.549 0.494084
0.059 0.598 0.731211
0.059 0.647 0.797323
0.059 0.696 0.645286
0.059 0.745 0.962239
0.059 0.794 1.63066
0.059 0.843 2.01902
0.059 0.892 2.37406
0.059 0.941 3.43959
0.059 0.99 4.60463
0.108 0.01 0.625502
0.108 0.059 1.04919
0.108 0.108 1.29157
0.108 0.157 0.966913
0.108 0.206 0.697112
0.108 0.255 0.640533
0.108 0.304 0.477704
0.108 0.353 0.428689
0.108 0.402 0.57322
0.108 0.451 0.555521
0.108 0.5 0.349789
0.108 0.549 0.353045
0.108 0.598 0.522483
0.108 0.647 0.569723
0.108 0.696 0.461086
0.108 0.745 0.687562
0.108 0.794 1.16518
0.108 0.843 1.44268
0.108 0.892 1.69637
0.108 0.941 2.45774
0.108 0.99 3.29021
0.157 0.01 0.561311
0.157 0.059 0.94152
0.157 0.108 1.15902
0.157 0.157 0.867685
0.157 0.206 0.625572
0.157 0.255 0.5748
0.157 0.304 0.42868
0.157 0.353 0.384696
0.157 0.402 0.514394
0.157 0.451 0.498512
0.157 0.5 0.313892
0.157 0.549 0.316814
0.157 0.598 0.468864
0.157 0.647 0.511256
0.157 0.696 0.413768
0.157 0.745 0.617003
0.157 0.794 1.0456
0.157 0.843 1.29463
0.157 0.892 1.52228
0.157 0.941 2.20552
0.157 0.99 2.95256
0.206 0.01 0.646321
0.206 0.059 1.08411
0.206 0.108 1.33456
0.206 0.157 0.999096
0.206 0.206 0.720315
0.206 0.255 0.661853
0.206 0.304 0.493604
0.206 0.353 0.442958
0.206 0.402 0.592299
0.206 0.451 0.574011
0.206 0.5 0.361431
0.206 0.549 0.364796
0.206 0.598 0.539874
0.206 0.647 0.588686
0.206 0.696 0.476433
0.206 0.745 0.710448
0.206 0.794 1.20396
0.206 0.843 1.4907
0.206 0.892 1.75283
0.206 0.941 2.53954
0.206 0.99 3.39973
0.255 0.01 0.679747
0.255 0.059 1.14018
0.255 0.108 1.40357
0.255 0.157 1.05077
0.255 0.206 0.757567
0.255 0.255 0.696082
0.255 0.304 0.519131
0.255 0.353 0.465866
0.255 0.402 0.622931
0.255 0.451 0.603697
0.255 0.5 0.380123
0.255 0.549 0.383662
0.255 0.598 0.567794
0.255 0.647 0.619131
0.255 0.696 0.501072
0.255 0.745 0.747189
0.255 0.794 1.26622
0.255 0.843 1.56779
0.255 0.892 1.84348
0.255 0.941 2.67088
0.255 0.99 3.57555
0.304 0.01 0.621992
0.304 0.059 1.0433
0.304 0.108 1.28432
0.304 0.157 0.961487
0.304 0.206 0.6932
0.304 0.255 0.636939
0.304 0.304 0.475023
0.304 0.353 0.426283
0.304 0.402 0.570003
0.304 0.451 0.552403
0.304 0.5 0.347826
0.304 0.549 0.351064
0.304 0.598 0.519551
0.304 0.647 0.566526
0.304 0.696 0.458499
0.304 0.745 0.683704
0.304 0.794 1.15864
0.304 0.843 1.43459
0.304 0.892 1.68685
0.304 0.941 2.44395
0.304 0.99 3.27175
0.353 0.01 0.4771
0.353 0.059 0.800268
0.353 0.108 0.985139
0.353 0.157 0.737511
0.353 0.206 0.53172
0.353 0.255 0.488565
0.353 0.304 0.364367
0.353 0.353 0.326981
0.353 0.402 0.437222
0.353 0.451 0.423722
0.353 0.5 0.266801
0.353 0.549 0.269284
0.353 0.598 0.398523
0.353 0.647 0.434555
0.353 0.696 0.351692
0.353 0.745 0.524437
0.353 0.794 0.888737
0.353 0.843 1.1004
0.353 0.892 1.2939
0.353 0.941 1.87464
0.353 0.99 2.5096
0.402 0.01 0.436471
0.402 0.059 0.732119
0.402 0.108 0.901247
0.402 0.157 0.674705
0.402 0.206 0.48644
0.402 0.255 0.44696
0.402 0.304 0.333338
0.402 0.353 0.299136
0.402 0.402 0.399989
0.402 0.451 0.387639
0.402 0.5 0.24408
0.402 0.549 0.246352
0.402 0.598 0.364585
0.402 0.647 0.397549
0.402 0.696 0.321743
0.402 0.745 0.479777
0.402 0.794 0.813054
0.402 0.843 1.00669
0.402 0.892 1.18372
0.402 0.941 1.71499
0.402 0.99 2.29589
0.451 0.01 0.487746
0.451 0.059 0.818126
0.451 0.108 1.00712
0.451 0.157 0.753968
0.451 0.206 0.543585
0.451 0.255 0.499467
0.451 0.304 0.372498
0.451 0.353 0.334278
0.451 0.402 0.446978
0.451 0.451 0.433177
0.451 0.5 0.272754
0.451 0.549 0.275293
0.451 0.598 0.407416
0.451 0.647 0.444252
0.451 0.696 0.35954
0.451 0.745 0.536139
0.451 0.794 0.908568
0.451 0.843 1.12496
0.451 0.892 1.32278
0.451 0.941 1.91647
0.451 0.99 2.5656
0.5 0.01 0.425501
0.5 0.059 0.713718
0.5 0.108 0.878596
0.5 0.157 0.657748
0.5 0.206 0.474214
0.5 0.255 0.435727
0.5 0.304 0.324961
0.5 0.353 0.291618
0.5 0.402 0.389936
0.5 0.451 0.377896
0.5 0.5 0.237946
0.5 0.549 0.240161
0.5 0.598 0.355422
0.5 0.647 0.387557
0.5 0.696 0.313656
0.5 0.745 0.467718
0.5 0.794 0.792619
0.5 0.843 0.981393
0.5 0.892 1.15397
0.5 0.941 1.67189
0.5 0.99 2.23819
0.549 0.01 0.460957
0.549 0.059 0.77319
0.549 0.108 0.951806
0.549 0.157 0.712556
0.549 0.206 0.513729
0.549 0.255 0.472034
0.549 0.304 0.352038
0.549 0.353 0.315918
0.549 0.402 0.422428
0.549 0.451 0.409385
0.549 0.5 0.257773
0.549 0.549 0.260173
0.549 0.598 0.385038
0.549 0.647 0.419851
0.549 0.696 0.339792
0.549 0.745 0.506692
0.549 0.794 0.858665
0.549 0.843 1.06317
0.549 0.892 1.25012
0.549 0.941 1.8112
0.549 0.99 2.42469
0.598 0.01 0.576877
0.598 0.059 0.96763
0.598 0.108 1.19116
0.598 0.157 0.891748
0.598 0.206 0.64292
0.598 0.255 0.59074
0.598 0.304 0.440568
0.598 0.353 0.395364
0.598 0.402 0.528659
0.598 0.451 0.512336
0.598 0.5 0.322597
0.598 0.549 0.3256
0.598 0.598 0.481867
0.598 0.647 0.525434
0.598 0.696 0.425243
0.598 0.745 0.634113
0.598 0.794 1.0746
0.598 0.843 1.33053
0.598 0.892 1.5645
0.598 0.941 2.26668
0.598 0.99 3.03444
0.647 0.01 0.666071
0.647 0.059 1.11724
0.647 0.108 1.37534
0.647 0.157 1.02963
0.647 0.206 0.742325
0.647 0.255 0.682078
0.647 0.304 0.508687
0.647 0.353 0.456493
0.647 0.402 0.610398
0.647 0.451 0.591551
0.647 0.5 0.372476
0.647 0.549 0.375943
0.647 0.598 0.556371
0.647 0.647 0.606674
0.647 0.696 0.490991
0.647 0.745 0.732157
0.647 0.794 1.24075
0.647 0.843 1.53625
0.647 0.892 1.80639
0.647 0.941 2.61714
0.647 0.99 3.50361
0.696 0.01 0.877234
0.696 0.059 1.47144
0.696 0.108 1.81136
0.696 0.157 1.35605
0.696 0.206 0.977664
0.696 0.255 0.898316
0.696 0.304 0.669955
0.696 0.353 0.601214
0.696 0.402 0.803912
0.696 0.451 0.77909
0.696 0.5 0.490561
0.696 0.549 0.495128
0.696 0.598 0.732756
0.696 0.647 0.799008
0.696 0.696 0.64665
0.696 0.745 0.964272
0.696 0.794 1.6341
0.696 0.843 2.02329
0.696 0.892 2.37907
0.696 0.941 3.44686
0.696 0.99 4.61436
0.745 0.01 1.05169
0.745 0.059 1.76407
0.745 0.108 2.17159
0.745 0.157 1.62573
0.745 0.206 1.17209
0.745 0.255 1.07697
0.745 0.304 0.803191
0.745 0.353 0.72078
0.745 0.402 0.963788
0.745 0.451 0.93403
0.745 0.5 0.588121
0.745 0.549 0.593595
0.745 0.598 0.878482
0.745 0.647 0.957909
0.745 0.696 0.775251
0.745 0.745 1.15604
0.745 0.794 1.95908
0.745 0.843 2.42567
0.745 0.892 2.85221
0.745 0.941 4.13234
0.745 0.99 5.53203
0.794 0.01 0.975715
0.794 0.059 1.63662
0.794 0.108 2.0147
0.794 0.157 1.50828
0.794 0.206 1.08742
0.794 0.255 0.999163
0.794 0.304 0.745166
0.794 0.353 0.668708
0.794 0.402 0.894161
0.794 0.451 0.866553
0.794 0.5 0.545633
0.794 0.549 0.550712
0.794 0.598 0.815018
0.794 0.647 0.888706
0.794 0.696 0.719244
0.794 0.745 1.07252
0.794 0.794 1.81755
0.794 0.843 2.25043
0.794 0.892 2.64616
0.794 0.941 3.83381
0.794 0.99 5.13238
0.843 0.01 0.697178
0.843 0.059 1.16942
0.843 0.108 1.43957
0.843 0.157 1.07771
0.843 0.206 0.776994
0.843 0.255 0.713932
0.843 0.304 0.532444
0.843 0.353 0.477812
0.843 0.402 0.638905
0.843 0.451 0.619178
0.843 0.5 0.389871
0.843 0.549 0.3935
0.843 0.598 0.582355
0.843 0.647 0.635008
0.843 0.696 0.513922
0.843 0.745 0.76635
0.843 0.794 1.2987
0.843 0.843 1.608
0.843 0.892 1.89076
0.843 0.941 2.73937
0.843 0.99 3.66724
0.892 0.01 0.579453
0.892 0.059 0.971951
0.892 0.108 1.19648
0.892 0.157 0.89573
0.892 0.206 0.645791
0.892 0.255 0.593378
0.892 0.304 0.442536
0.892 0.353 0.397129
0.892 0.402 0.53102
0.892 0.451 0.514624
0.892 0.5 0.324038
0.892 0.549 0.327054
0.892 0.598 0.484019
0.892 0.647 0.527781
0.892 0.696 0.427142
0.892 0.745 0.636945
0.892 0.794 1.0794
0.892 0.843 1.33647
0.892 0.892 1.57149
0.892 0.941 2.2768
0.892 0.99 3.04799
0.941 0.01 0.621346
0.941 0.059 1.04222
0.941 0.108 1.28299
0.941 0.157 0.96049
0.941 0.206 0.692481
0.941 0.255 0.636278
0.941 0.304 0.47453
0.941 0.353 0.425841
0.941 0.402 0.569412
0.941 0.451 0.55183
0.941 0.5 0.347465
0.941 0.549 0.3507
0.941 0.598 0.519012
0.941 0.647 0.565938
0.941 0.696 0.458023
0.941 0.745 0.682995
0.941 0.794 1.15744
0.941 0.843 1.4331
0.941 0.892 1.6851
0.941 0.941 2.44141
0.941 0.99 3.26836
0.99 0.01 0.638158
0.99 0.059 1.07042
0.99 0.108 1.3177
0.99 0.157 0.986477
0.99 0.206 0.711216
0.99 0.255 0.653494
0.99 0.304 0.487369
0.99 0.353 0.437363
0.99 0.402 0.584818
0.99 0.451 0.566761
0.99 0.5 0.356866
0.99 0.549 0.360188
0.99 0.598 0.533055
0.99 0.647 0.58125
0.99 0.696 0.470415
0.99 0.745 0.701474
0.99 0.794 1.18875
0.99 0.843 1.47187
0.99 0.892 1.73069
0.99 0.941 2.50747
0.99 0.99 3.35678
