0.01 0.01 1.51724e-22
0.01 0.059 2.30286e-21
0.01 0.108 1.64554e-20
0.01 0.157 4.53797e-20
0.01 0.206 5.37808e-20
0.01 0.255 6.00886e-20
0.01 0.304 9.95309e-20
0.01 0.353 8.7122e-20
0.01 0.402 3.48273e-20
0.01 0.451 4.21132e-20
0.01 0.5 1.467e-19
0.01 0.549 3.16936e-19
0.01 0.598 3.94588e-19
0.01 0.647 3.09036e-19
0.01 0.696 2.28865e-19
0.01 0.745 2.0445e-19
0.01 0.794 1.89231e-19
0.01 0.843 1.65581e-19
0.01 0.892 2.54818e-19
0.01 0.941 6.75944e-19
0.01 0.99 1.13812e-18
0.059 0.01 7.07472e-19
0.059 0.059 1.0738e-17
0.059 0.108 7.67297e-17
0.059 0.157 2.11601e-16
0.059 0.206 2.50774e-16
0.059 0.255 2.80187e-16
0.059 0.304 4.64103e-16
0.059 0.353 4.06241e-16
0.059 0.402 1.62396e-16
0.059 0.451 1.9637e-16
0.059 0.5 6.84045e-16
0.059 0.549 1.47784e-15
0.059 0.598 1.83992e-15
0.059 0.647 1.441e-15
0.059 0.696 1.06717e-15
0.059 0.745 9.53331e-16
0.059 0.794 8.82365e-16
0.059 0.843 7.72087e-16
0.059 0.892 1.18819e-15
0.059 0.941 3.15186e-15
0.059 0.99 5.30692e-15
0.108 0.01 1.2928e-15
0.108 0.059 1.96221e-14
0.108 0.108 1.40212e-13
0.108 0.157 3.86669e-13
0.108 0.206 4.58253e-13
0.108 0.255 5.12e-13
0.108 0.304 8.48078e-13
0.108 0.353 7.42345e-13
0.108 0.402 2.96754e-13
0.108 0.451 3.58836e-13
0.108 0.5 1.24999e-12
0.108 0.549 2.70053e-12
0.108 0.598 3.36218e-12
0.108 0.647 2.63322e-12
0.108 0.696 1.9501e-12
0.108 0.745 1.74207e-12
0.108 0.794 1.61239e-12
0.108 0.843 1.41087e-12
0.108 0.892 2.17124e-12
0.108 0.941 5.75954e-12
0.108 0.99 9.6976e-12
0.157 0.01 9.042e-13
0.157 0.059 1.37239e-11
0.157 0.108 9.8066e-11
0.157 0.157 2.70441e-10
0.157 0.206 3.20508e-10
0.157 0.255 3.58099e-10
0.157 0.304 5.93156e-10
0.157 0.353 5.19205e-10
0.157 0.402 2.07554e-10
0.157 0.451 2.50974e-10
0.157 0.5 8.74259e-10
0.157 0.549 1.88879e-09
0.157 0.598 2.35155e-09
0.157 0.647 1.84171e-09
0.157 0.696 1.36392e-09
0.157 0.745 1.21842e-09
0.157 0.794 1.12772e-09
0.157 0.843 9.86783e-10
0.157 0.892 1.51859e-09
0.157 0.941 4.0283e-09
0.157 0.99 6.78262e-09
0.206 0.01 2.42069e-10
0.206 0.059 3.67411e-09
0.206 0.108 2.62538e-08
0.206 0.157 7.24015e-08
0.206 0.206 8.5805e-08
0.206 0.255 9.58689e-08
0.206 0.304 1.58797e-07
0.206 0.353 1.39e-07
0.206 0.402 5.55654e-08
0.206 0.451 6.71898e-08
0.206 0.5 2.34053e-07
0.206 0.549 5.05658e-07
0.206 0.598 6.29548e-07
0.206 0.647 4.93054e-07
0.206 0.696 3.65144e-07
0.206 0.745 3.26192e-07
0.206 0.794 3.0191e-07
0.206 0.843 2.64178e-07
0.206 0.892 4.06551e-07
0.206 0.941 1.07844e-06
0.206 0.99 1.81582e-06
0.255 0.01 2.48139e-08
0.255 0.059 3.76625e-07
0.255 0.108 2.69122e-06
0.255 0.157 7.42171e-06
0.255 0.206 8.79568e-06
0.255 0.255 9.82731e-06
0.255 0.304 1.6278e-05
0.255 0.353 1.42485e-05
0.255 0.402 5.69589e-06
0.255 0.451 6.88748e-06
0.255 0.5 2.39923e-05
0.255 0.549 5.18339e-05
0.255 0.598 6.45336e-05
0.255 0.647 5.05419e-05
0.255 0.696 3.74301e-05
0.255 0.745 3.34372e-05
0.255 0.794 3.09481e-05
0.255 0.843 2.70803e-05
0.255 0.892 4.16747e-05
0.255 0.941 0.000110548
0.255 0.99 0.000186135
0.304 0.01 9.75455e-07
0.304 0.059 1.48054e-05
0.304 0.108 0.000105794
0.304 0.157 0.000291753
0.304 0.206 0.000345765
0.304 0.255 0.000386319
0.304 0.304 0.000639899
0.304 0.353 0.00056012
0.304 0.402 0.00022391
0.304 0.451 0.000270752
0.304 0.5 0.000943154
0.304 0.549 0.00203763
0.304 0.598 0.00253686
0.304 0.647 0.00198684
0.304 0.696 0.0014714
0.304 0.745 0.00131444
0.304 0.794 0.00121659
0.304 0.843 0.00106455
0.304 0.892 0.00163826
0.304 0.941 0.00434574
0.304 0.99 0.00731712
0.353 0.01 1.4813e-05
0.353 0.059 0.000224831
0.353 0.108 0.00160656
0.353 0.157 0.00443049
0.353 0.206 0.0052507
0.353 0.255 0.00586654
0.353 0.304 0.00971735
0.353 0.353 0.00850585
0.353 0.402 0.00340024
0.353 0.451 0.00411157
0.353 0.5 0.0143225
0.353 0.549 0.0309429
0.353 0.598 0.0385242
0.353 0.647 0.0301717
0.353 0.696 0.0223444
0.353 0.745 0.0199608
0.353 0.794 0.0184749
0.353 0.843 0.0161659
0.353 0.892 0.0248782
0.353 0.941 0.0659934
0.353 0.99 0.111116
0.402 0.01 8.98256e-05
0.402 0.059 0.00136337
0.402 0.108 0.00974213
0.402 0.157 0.0268663
0.402 0.206 0.03184
0.402 0.255 0.0355745
0.402 0.304 0.0589257
0.402 0.353 0.0515792
0.402 0.402 0.0206189
0.402 0.451 0.0249324
0.402 0.5 0.0868511
0.402 0.549 0.187637
0.402 0.598 0.233609
0.402 0.647 0.18296
0.402 0.696 0.135496
0.402 0.745 0.121041
0.402 0.794 0.112031
0.402 0.843 0.0980295
0.402 0.892 0.150861
0.402 0.941 0.400181
0.402 0.99 0.673803
0.451 0.01 0.000247109
0.451 0.059 0.00375061
0.451 0.108 0.0268005
0.451 0.157 0.073909
0.451 0.206 0.0875916
0.451 0.255 0.0978651
0.451 0.304 0.162104
0.451 0.353 0.141894
0.451 0.402 0.0567224
0.451 0.451 0.0685889
0.451 0.5 0.238927
0.451 0.549 0.516187
0.451 0.598 0.642657
0.451 0.647 0.503321
0.451 0.696 0.372747
0.451 0.745 0.332984
0.451 0.794 0.308196
0.451 0.843 0.269678
0.451 0.892 0.415016
0.451 0.941 1.10089
0.451 0.99 1.85363
0.5 0.01 0.000406984
0.5 0.059 0.00617719
0.5 0.108 0.0441399
0.5 0.157 0.121727
0.5 0.206 0.144262
0.5 0.255 0.161182
0.5 0.304 0.266982
0.5 0.353 0.233696
0.5 0.402 0.0934207
0.5 0.451 0.112965
0.5 0.5 0.393508
0.5 0.549 0.85015
0.5 0.598 1.05844
0.5 0.647 0.82896
0.5 0.696 0.613907
0.5 0.745 0.548418
0.5 0.794 0.507594
0.5 0.843 0.444155
0.5 0.892 0.683524
0.5 0.941 1.81315
0.5 0.99 3.05289
0.549 0.01 0.000436805
0.549 0.059 0.0066298
0.549 0.108 0.0473741
0.549 0.157 0.130646
0.549 0.206 0.154832
0.549 0.255 0.172992
0.549 0.304 0.286544
0.549 0.353 0.25082
0.549 0.402 0.100266
0.549 0.451 0.121242
0.549 0.5 0.42234
0.549 0.549 0.912442
0.549 0.598 1.136
0.549 0.647 0.889699
0.549 0.696 0.658889
0.549 0.745 0.588601
0.549 0.794 0.544786
0.549 0.843 0.476699
0.549 0.892 0.733607
0.549 0.941 1.94601
0.549 0.99 3.27658
0.598 0.01 0.000236931
0.598 0.059 0.00359613
0.598 0.108 0.0256966
0.598 0.157 0.0708647
0.598 0.206 0.0839838
0.598 0.255 0.093834
0.598 0.304 0.155427
0.598 0.353 0.136049
0.598 0.402 0.054386
0.598 0.451 0.0657637
0.598 0.5 0.229085
0.598 0.549 0.494926
0.598 0.598 0.616186
0.598 0.647 0.482589
0.598 0.696 0.357394
0.598 0.745 0.319268
0.598 0.794 0.295502
0.598 0.843 0.25857
0.598 0.892 0.397922
0.598 0.941 1.05555
0.598 0.99 1.77728
0.647 0.01 8.85044e-05
0.647 0.059 0.00134332
0.647 0.108 0.00959883
0.647 0.157 0.0264712
0.647 0.206 0.0313717
0.647 0.255 0.0350512
0.647 0.304 0.0580589
0.647 0.353 0.0508205
0.647 0.402 0.0203156
0.647 0.451 0.0245657
0.647 0.5 0.0855737
0.647 0.549 0.184877
0.647 0.598 0.230173
0.647 0.647 0.180269
0.647 0.696 0.133503
0.647 0.745 0.119261
0.647 0.794 0.110383
0.647 0.843 0.0965876
0.647 0.892 0.148642
0.647 0.941 0.394295
0.647 0.99 0.663892
0.696 0.01 0.000173116
0.696 0.059 0.00262755
0.696 0.108 0.0187755
0.696 0.157 0.0517781
0.696 0.206 0.0613637
0.696 0.255 0.0685609
0.696 0.304 0.113564
0.696 0.353 0.0994059
0.696 0.402 0.0397378
0.696 0.451 0.048051
0.696 0.5 0.167384
0.696 0.549 0.361623
0.696 0.598 0.450223
0.696 0.647 0.352609
0.696 0.696 0.261134
0.696 0.745 0.233277
0.696 0.794 0.215912
0.696 0.843 0.188927
0.696 0.892 0.290746
0.696 0.941 0.771249
0.696 0.99 1.29859
0.745 0.01 0.000405251
0.745 0.059 0.00615089
0.745 0.108 0.0439519
0.745 0.157 0.121208
0.745 0.206 0.143647
0.745 0.255 0.160495
0.745 0.304 0.265845
0.745 0.353 0.232701
0.745 0.402 0.0930229
0.745 0.451 0.112483
0.745 0.5 0.391832
0.745 0.549 0.84653
0.745 0.598 1.05394
0.745 0.647 0.82543
0.745 0.696 0.611293
0.745 0.745 0.546083
0.745 0.794 0.505432
0.745 0.843 0.442264
0.745 0.892 0.680613
0.745 0.941 1.80543
0.745 0.99 3.03989
0.794 0.01 0.000675955
0.794 0.059 0.0102596
0.794 0.108 0.0733114
0.794 0.157 0.202174
0.794 0.206 0.239602
0.794 0.255 0.267705
0.794 0.304 0.443427
0.794 0.353 0.388143
0.794 0.402 0.155161
0.794 0.451 0.187621
0.794 0.5 0.653571
0.794 0.549 1.412
0.794 0.598 1.75795
0.794 0.647 1.37681
0.794 0.696 1.01963
0.794 0.745 0.91086
0.794 0.794 0.843055
0.794 0.843 0.737691
0.794 0.892 1.13526
0.794 0.941 3.01144
0.794 0.99 5.0705
0.843 0.01 0.00100071
0.843 0.059 0.0151887
0.843 0.108 0.108533
0.843 0.157 0.299307
0.843 0.206 0.354717
0.843 0.255 0.396321
0.843 0.304 0.656467
0.843 0.353 0.574623
0.843 0.402 0.229707
0.843 0.451 0.277762
0.843 0.5 0.967573
0.843 0.549 2.09039
0.843 0.598 2.60255
0.843 0.647 2.03828
0.843 0.696 1.5095
0.843 0.745 1.34847
0.843 0.794 1.24809
0.843 0.843 1.09211
0.843 0.892 1.68068
0.843 0.941 4.45826
0.843 0.99 7.50657
0.892 0.01 0.00187383
0.892 0.059 0.0284409
0.892 0.108 0.203228
0.892 0.157 0.560451
0.892 0.206 0.664206
0.892 0.255 0.742109
0.892 0.304 1.22923
0.892 0.353 1.07598
0.892 0.402 0.430125
0.892 0.451 0.520108
0.892 0.5 1.81178
0.892 0.549 3.91424
0.892 0.598 4.87326
0.892 0.647 3.81667
0.892 0.696 2.82653
0.892 0.745 2.52501
0.892 0.794 2.33705
0.892 0.843 2.04497
0.892 0.892 3.14706
0.892 0.941 8.34807
0.892 0.99 14.056
0.941 0.01 0.00454344
0.941 0.059 0.0689601
0.941 0.108 0.492763
0.941 0.157 1.35892
0.941 0.206 1.61049
0.941 0.255 1.79938
0.941 0.304 2.9805
0.941 0.353 2.60891
0.941 0.402 1.04292
0.941 0.451 1.2611
0.941 0.5 4.39299
0.941 0.549 9.4908
0.941 0.598 11.8161
0.941 0.647 9.25423
0.941 0.696 6.85345
0.941 0.745 6.12236
0.941 0.794 5.66661
0.941 0.843 4.9584
0.941 0.892 7.63064
0.941 0.941 20.2414
0.941 0.99 34.0814
0.99 0.01 0.00744462
0.99 0.059 0.112994
0.99 0.108 0.807414
0.99 0.157 2.22664
0.99 0.206 2.63886
0.99 0.255 2.94836
0.99 0.304 4.88368
0.99 0.353 4.27481
0.99 0.402 1.70887
0.99 0.451 2.06636
0.99 0.5 7.1981
0.99 0.549 15.5511
0.99 0.598 19.3612
0.99 0.647 15.1635
0.99 0.696 11.2297
0.99 0.745 10.0317
0.99 0.794 9.28498
0.99 0.843 8.12455
0.99 0.892 12.5031
0.99 0.941 33.1665
0.99 0.99 55.8439
