0.01 0.01 5.5012e-45
0.01 0.059 5.81892e-45
0.01 0.108 5.61288e-45
0.01 0.157 2.9519e-45
0.01 0.206 6.45345e-46
0.01 0.255 6.06075e-47
0.01 0.304 1.09432e-46
0.01 0.353 7.74353e-46
0.01 0.402 2.13275e-45
0.01 0.451 2.27642e-45
0.01 0.5 1.32894e-45
0.01 0.549 2.43806e-45
0.01 0.598 4.7897e-45
0.01 0.647 3.81558e-45
0.01 0.696 1.31568e-45
0.01 0.745 1.36914e-45
0.01 0.794 4.36994e-45
0.01 0.843 8.00401e-45
0.01 0.892 1.69014e-44
0.01 0.941 5.61224e-44
0.01 0.99 1.03124e-43
0.059 0.01 3.54969e-39
0.059 0.059 3.75471e-39
0.059 0.108 3.62176e-39
0.059 0.157 1.90474e-39
0.059 0.206 4.16414e-40
0.059 0.255 3.91075e-41
0.059 0.304 7.06117e-41
0.059 0.353 4.99658e-40
0.059 0.402 1.37618e-39
0.059 0.451 1.46888e-39
0.059 0.5 8.5751e-40
0.059 0.549 1.57318e-39
0.059 0.598 3.09059e-39
0.059 0.647 2.46203e-39
0.059 0.696 8.48954e-40
0.059 0.745 8.8345e-40
0.059 0.794 2.81974e-39
0.059 0.843 5.16466e-39
0.059 0.892 1.09057e-38
0.059 0.941 3.62134e-38
0.059 0.99 6.65413e-38
0.108 0.01 8.80186e-34
0.108 0.059 9.31022e-34
0.108 0.108 8.98055e-34
0.108 0.157 4.72301e-34
0.108 0.206 1.03255e-34
0.108 0.255 9.69713e-36
0.108 0.304 1.75089e-35
0.108 0.353 1.23896e-34
0.108 0.402 3.41238e-34
0.108 0.451 3.64225e-34
0.108 0.5 2.12629e-34
0.108 0.549 3.90087e-34
0.108 0.598 7.66346e-34
0.108 0.647 6.10488e-34
0.108 0.696 2.10507e-34
0.108 0.745 2.19061e-34
0.108 0.794 6.99186e-34
0.108 0.843 1.28063e-33
0.108 0.892 2.7042e-33
0.108 0.941 8.97952e-33
0.108 0.99 1.64997e-32
0.157 0.01 8.36412e-29
0.157 0.059 8.84719e-29
0.157 0.108 8.53392e-29
0.157 0.157 4.48812e-29
0.157 0.206 9.81194e-30
0.157 0.255 9.21487e-31
0.157 0.304 1.66382e-30
0.157 0.353 1.17734e-29
0.157 0.402 3.24268e-29
0.157 0.451 3.46111e-29
0.157 0.5 2.02055e-29
0.157 0.549 3.70687e-29
0.157 0.598 7.28234e-29
0.157 0.647 5.80127e-29
0.157 0.696 2.00038e-29
0.157 0.745 2.08167e-29
0.157 0.794 6.64414e-29
0.157 0.843 1.21694e-28
0.157 0.892 2.56971e-28
0.157 0.941 8.53295e-28
0.157 0.99 1.56791e-27
0.206 0.01 3.04838e-24
0.206 0.059 3.22445e-24
0.206 0.108 3.11027e-24
0.206 0.157 1.63574e-24
0.206 0.206 3.57606e-25
0.206 0.255 3.35845e-26
0.206 0.304 6.06395e-26
0.206 0.353 4.29093e-25
0.206 0.402 1.18182e-24
0.206 0.451 1.26144e-24
0.206 0.5 7.36407e-25
0.206 0.549 1.35101e-24
0.206 0.598 2.65412e-24
0.206 0.647 2.11433e-24
0.206 0.696 7.29059e-25
0.206 0.745 7.58684e-25
0.206 0.794 2.42152e-24
0.206 0.843 4.43527e-24
0.206 0.892 9.36557e-24
0.206 0.941 3.10992e-23
0.206 0.99 5.7144e-23
0.255 0.01 4.26657e-20
0.255 0.059 4.51299e-20
0.255 0.108 4.35319e-20
0.255 0.157 2.28941e-20
0.255 0.206 5.00511e-21
0.255 0.255 4.70054e-22
0.255 0.304 8.4872e-22
0.255 0.353 6.00566e-21
0.255 0.402 1.6541e-20
0.255 0.451 1.76553e-20
0.255 0.5 1.03069e-20
0.255 0.549 1.89089e-20
0.255 0.598 3.71475e-20
0.255 0.647 2.95925e-20
0.255 0.696 1.0204e-20
0.255 0.745 1.06187e-20
0.255 0.794 3.3892e-20
0.255 0.843 6.20768e-20
0.255 0.892 1.31082e-19
0.255 0.941 4.35269e-19
0.255 0.99 7.99796e-19
0.304 0.01 2.29804e-16
0.304 0.059 2.43077e-16
0.304 0.108 2.3447e-16
0.304 0.157 1.23311e-16
0.304 0.206 2.69583e-17
0.304 0.255 2.53179e-18
0.304 0.304 4.57134e-18
0.304 0.353 3.23474e-17
0.304 0.402 8.90925e-17
0.304 0.451 9.50941e-17
0.304 0.5 5.55145e-17
0.304 0.549 1.01846e-16
0.304 0.598 2.00082e-16
0.304 0.647 1.5939e-16
0.304 0.696 5.49605e-17
0.304 0.745 5.71938e-17
0.304 0.794 1.82548e-16
0.304 0.843 3.34356e-16
0.304 0.892 7.06029e-16
0.304 0.941 2.34443e-15
0.304 0.99 4.30783e-15
0.353 0.01 4.77979e-13
0.353 0.059 5.05585e-13
0.353 0.108 4.87682e-13
0.353 0.157 2.5648e-13
0.353 0.206 5.60716e-14
0.353 0.255 5.26596e-15
0.353 0.304 9.50811e-15
0.353 0.353 6.72807e-14
0.353 0.402 1.85307e-13
0.353 0.451 1.9779e-13
0.353 0.5 1.15467e-13
0.353 0.549 2.11834e-13
0.353 0.598 4.16159e-13
0.353 0.647 3.31521e-13
0.353 0.696 1.14315e-13
0.353 0.745 1.1896e-13
0.353 0.794 3.79688e-13
0.353 0.843 6.95439e-13
0.353 0.892 1.4685e-12
0.353 0.941 4.87627e-12
0.353 0.99 8.96002e-12
0.402 0.01 3.86112e-10
0.402 0.059 4.08412e-10
0.402 0.108 3.93951e-10
0.402 0.157 2.07185e-10
0.402 0.206 4.52948e-11
0.402 0.255 4.25385e-12
0.402 0.304 7.68067e-12
0.402 0.353 5.43495e-11
0.402 0.402 1.49691e-10
0.402 0.451 1.59775e-10
0.402 0.5 9.32743e-11
0.402 0.549 1.7112e-10
0.402 0.598 3.36174e-10
0.402 0.647 2.67804e-10
0.402 0.696 9.23435e-11
0.402 0.745 9.60958e-11
0.402 0.794 3.06713e-10
0.402 0.843 5.61777e-10
0.402 0.892 1.18625e-09
0.402 0.941 3.93906e-09
0.402 0.99 7.23792e-09
0.451 0.01 1.22281e-07
0.451 0.059 1.29343e-07
0.451 0.108 1.24763e-07
0.451 0.157 6.56148e-08
0.451 0.206 1.43447e-08
0.451 0.255 1.34718e-09
0.451 0.304 2.43245e-09
0.451 0.353 1.72123e-08
0.451 0.402 4.74068e-08
0.451 0.451 5.06003e-08
0.451 0.5 2.95397e-08
0.451 0.549 5.41932e-08
0.451 0.598 1.06465e-07
0.451 0.647 8.48126e-08
0.451 0.696 2.92449e-08
0.451 0.745 3.04333e-08
0.451 0.794 9.7135e-08
0.451 0.843 1.77913e-07
0.451 0.892 3.75683e-07
0.451 0.941 1.24749e-06
0.451 0.99 2.29223e-06
0.5 0.01 1.54138e-05
0.5 0.059 1.63041e-05
0.5 0.108 1.57268e-05
0.5 0.157 8.27094e-06
0.5 0.206 1.80819e-06
0.5 0.255 1.69816e-07
0.5 0.304 3.06617e-07
0.5 0.353 2.16966e-06
0.5 0.402 5.97577e-06
0.5 0.451 6.37832e-06
0.5 0.5 3.72356e-06
0.5 0.549 6.83122e-06
0.5 0.598 1.34203e-05
0.5 0.647 1.06909e-05
0.5 0.696 3.68641e-06
0.5 0.745 3.8362e-06
0.5 0.794 1.22442e-05
0.5 0.843 2.24265e-05
0.5 0.892 4.7356e-05
0.5 0.941 0.00015725
0.5 0.99 0.000288942
0.549 0.01 0.000791313
0.549 0.059 0.000837016
0.549 0.108 0.000807378
0.549 0.157 0.000424613
0.549 0.206 9.28289e-05
0.549 0.255 8.71801e-06
0.549 0.304 1.57411e-05
0.549 0.353 0.000111386
0.549 0.402 0.000306783
0.549 0.451 0.000327449
0.549 0.5 0.00019116
0.549 0.549 0.0003507
0.549 0.598 0.000688968
0.549 0.647 0.000548847
0.549 0.696 0.000189252
0.549 0.745 0.000196943
0.549 0.794 0.000628589
0.549 0.843 0.00115133
0.549 0.892 0.00243116
0.549 0.941 0.00807286
0.549 0.99 0.0148337
0.598 0.01 0.0170664
0.598 0.059 0.0180521
0.598 0.108 0.0174129
0.598 0.157 0.0091577
0.598 0.206 0.00200206
0.598 0.255 0.000188023
0.598 0.304 0.000339491
0.598 0.353 0.00240228
0.598 0.402 0.00661646
0.598 0.451 0.00706217
0.598 0.5 0.00412278
0.598 0.549 0.00756362
0.598 0.598 0.0148591
0.598 0.647 0.0118371
0.598 0.696 0.00408164
0.598 0.745 0.0042475
0.598 0.794 0.0135569
0.598 0.843 0.0248309
0.598 0.892 0.0524332
0.598 0.941 0.174109
0.598 0.99 0.319921
0.647 0.01 0.160002
0.647 0.059 0.169243
0.647 0.108 0.16325
0.647 0.157 0.085856
0.647 0.206 0.0187698
0.647 0.255 0.00176277
0.647 0.304 0.00318282
0.647 0.353 0.022522
0.647 0.402 0.0620311
0.647 0.451 0.0662097
0.647 0.5 0.0386522
0.647 0.549 0.070911
0.647 0.598 0.139308
0.647 0.647 0.110976
0.647 0.696 0.0382665
0.647 0.745 0.0398214
0.647 0.794 0.1271
0.647 0.843 0.232797
0.647 0.892 0.491576
0.647 0.941 1.63232
0.647 0.99 2.99935
0.696 0.01 0.671415
0.696 0.059 0.710193
0.696 0.108 0.685045
0.696 0.157 0.360276
0.696 0.206 0.0787636
0.696 0.255 0.00739707
0.696 0.304 0.013356
0.696 0.353 0.0945089
0.696 0.402 0.2603
0.696 0.451 0.277835
0.696 0.5 0.162196
0.696 0.549 0.297563
0.696 0.598 0.584577
0.696 0.647 0.465687
0.696 0.696 0.160577
0.696 0.745 0.167102
0.696 0.794 0.533346
0.696 0.843 0.97688
0.696 0.892 2.06279
0.696 0.941 6.84967
0.696 0.99 12.5861
0.745 0.01 1.3037
0.745 0.059 1.379
0.745 0.108 1.33017
0.745 0.157 0.699558
0.745 0.206 0.152938
0.745 0.255 0.0143631
0.745 0.304 0.0259337
0.745 0.353 0.183511
0.745 0.402 0.505432
0.745 0.451 0.53948
0.745 0.5 0.31494
0.745 0.549 0.577786
0.745 0.598 1.13509
0.745 0.647 0.904237
0.745 0.696 0.311797
0.745 0.745 0.324467
0.745 0.794 1.03561
0.745 0.843 1.89684
0.745 0.892 4.00538
0.745 0.941 13.3002
0.745 0.99 24.4388
0.794 0.01 1.31053
0.794 0.059 1.38622
0.794 0.108 1.33713
0.794 0.157 0.703219
0.794 0.206 0.153738
0.794 0.255 0.0144383
0.794 0.304 0.0260694
0.794 0.353 0.184471
0.794 0.402 0.508077
0.794 0.451 0.542303
0.794 0.5 0.316588
0.794 0.549 0.580809
0.794 0.598 1.14103
0.794 0.647 0.908969
0.794 0.696 0.313429
0.794 0.745 0.326165
0.794 0.794 1.04103
0.794 0.843 1.90676
0.794 0.892 4.02634
0.794 0.941 13.3698
0.794 0.99 24.5667
0.843 0.01 0.99818
0.843 0.059 1.05583
0.843 0.108 1.01844
0.843 0.157 0.535616
0.843 0.206 0.117096
0.843 0.255 0.0109971
0.843 0.304 0.0198561
0.843 0.353 0.140505
0.843 0.402 0.386983
0.843 0.451 0.413052
0.843 0.5 0.241133
0.843 0.549 0.442381
0.843 0.598 0.86908
0.843 0.647 0.692328
0.843 0.696 0.238727
0.843 0.745 0.248428
0.843 0.794 0.792916
0.843 0.843 1.45231
0.843 0.892 3.06672
0.843 0.941 10.1833
0.843 0.99 18.7115
0.892 0.01 1.20091
0.892 0.059 1.27027
0.892 0.108 1.22529
0.892 0.157 0.644399
0.892 0.206 0.140879
0.892 0.255 0.0132306
0.892 0.304 0.0238889
0.892 0.353 0.169041
0.892 0.402 0.46558
0.892 0.451 0.496943
0.892 0.5 0.290107
0.892 0.549 0.532228
0.892 0.598 1.04559
0.892 0.647 0.83294
0.892 0.696 0.287213
0.892 0.745 0.298883
0.892 0.794 0.953957
0.892 0.843 1.74727
0.892 0.892 3.68956
0.892 0.941 12.2515
0.892 0.99 22.5118
0.941 0.01 2.77301
0.941 0.059 2.93317
0.941 0.108 2.82931
0.941 0.157 1.48798
0.941 0.206 0.325302
0.941 0.255 0.0305507
0.941 0.304 0.0551617
0.941 0.353 0.390332
0.941 0.402 1.07507
0.941 0.451 1.14749
0.941 0.5 0.669885
0.941 0.549 1.22897
0.941 0.598 2.41436
0.941 0.647 1.92334
0.941 0.696 0.663201
0.941 0.745 0.690149
0.941 0.794 2.20278
0.941 0.843 4.03462
0.941 0.892 8.51955
0.941 0.941 28.2899
0.941 0.99 51.9819
0.99 0.01 4.70771
0.99 0.059 4.9796
0.99 0.108 4.80328
0.99 0.157 2.52612
0.99 0.206 0.552261
0.99 0.255 0.0518655
0.99 0.304 0.0936473
0.99 0.353 0.662661
0.99 0.402 1.82513
0.99 0.451 1.94807
0.99 0.5 1.13726
0.99 0.549 2.0864
0.99 0.598 4.09883
0.99 0.647 3.26522
0.99 0.696 1.12591
0.99 0.745 1.17166
0.99 0.794 3.73962
0.99 0.843 6.84952
0.99 0.892 14.4635
0.99 0.941 48.0273
0.99 0.99 88.249
