0.01 0.01 7.3988
0.01 0.059 4.26405
0.01 0.108 1.38544
0.01 0.157 0.757938
0.01 0.206 0.926859
0.01 0.255 0.976606
0.01 0.304 0.515738
0.01 0.353 0.214291
0.01 0.402 0.402483
0.01 0.451 0.734989
0.01 0.5 1.00827
0.01 0.549 0.888402
0.01 0.598 0.515531
0.01 0.647 0.739723
0.01 0.696 1.27715
0.01 0.745 1.39029
0.01 0.794 1.49406
0.01 0.843 1.86252
0.01 0.892 2.51961
0.01 0.941 4.54015
0.01 0.99 6.84775
0.059 0.01 5.37827
0.059 0.059 3.09958
0.059 0.108 1.00709
0.059 0.157 0.550953
0.059 0.206 0.673744
0.059 0.255 0.709905
0.059 0.304 0.374896
0.059 0.353 0.155771
0.059 0.402 0.292569
0.059 0.451 0.534271
0.059 0.5 0.732921
0.059 0.549 0.645789
0.059 0.598 0.374745
0.059 0.647 0.537712
0.059 0.696 0.928374
0.059 0.745 1.01061
0.059 0.794 1.08605
0.059 0.843 1.35389
0.059 0.892 1.83153
0.059 0.941 3.30028
0.059 0.99 4.9777
0.108 0.01 3.54426
0.108 0.059 2.04262
0.108 0.108 0.663671
0.108 0.157 0.363077
0.108 0.206 0.443995
0.108 0.255 0.467826
0.108 0.304 0.247055
0.108 0.353 0.102652
0.108 0.402 0.192802
0.108 0.451 0.352083
0.108 0.5 0.482993
0.108 0.549 0.425573
0.108 0.598 0.246956
0.108 0.647 0.354351
0.108 0.696 0.611796
0.108 0.745 0.665992
0.108 0.794 0.715705
0.108 0.843 0.892207
0.108 0.892 1.20698
0.108 0.941 2.17488
0.108 0.99 3.28029
0.157 0.01 1.88996
0.157 0.059 1.08921
0.157 0.108 0.353898
0.157 0.157 0.193608
0.157 0.206 0.236758
0.157 0.255 0.249465
0.157 0.304 0.131741
0.157 0.353 0.0547388
0.157 0.402 0.102811
0.157 0.451 0.187746
0.157 0.5 0.257553
0.157 0.549 0.226934
0.157 0.598 0.131688
0.157 0.647 0.188956
0.157 0.696 0.326237
0.157 0.745 0.355136
0.157 0.794 0.381645
0.157 0.843 0.475764
0.157 0.892 0.643613
0.157 0.941 1.15974
0.157 0.99 1.7492
0.206 0.01 0.804028
0.206 0.059 0.463374
0.206 0.108 0.150556
0.206 0.157 0.0823651
0.206 0.206 0.100722
0.206 0.255 0.106128
0.206 0.304 0.0560453
0.206 0.353 0.023287
0.206 0.402 0.0437378
0.206 0.451 0.0798712
0.206 0.5 0.109569
0.206 0.549 0.0965426
0.206 0.598 0.0560228
0.206 0.647 0.0803857
0.206 0.696 0.138788
0.206 0.745 0.151082
0.206 0.794 0.16236
0.206 0.843 0.2024
0.206 0.892 0.273806
0.206 0.941 0.493378
0.206 0.99 0.744145
0.255 0.01 1.14342
0.255 0.059 0.658971
0.255 0.108 0.214108
0.255 0.157 0.117133
0.255 0.206 0.143238
0.255 0.255 0.150926
0.255 0.304 0.0797028
0.255 0.353 0.0331168
0.255 0.402 0.0622001
0.255 0.451 0.113586
0.255 0.5 0.155819
0.255 0.549 0.137295
0.255 0.598 0.0796708
0.255 0.647 0.114318
0.255 0.696 0.197372
0.255 0.745 0.214857
0.255 0.794 0.230894
0.255 0.843 0.287836
0.255 0.892 0.389384
0.255 0.941 0.70164
0.255 0.99 1.05826
0.304 0.01 1.99339
0.304 0.059 1.14882
0.304 0.108 0.373266
0.304 0.157 0.204204
0.304 0.206 0.249715
0.304 0.255 0.263118
0.304 0.304 0.13895
0.304 0.353 0.0577345
0.304 0.402 0.108437
0.304 0.451 0.198021
0.304 0.5 0.271648
0.304 0.549 0.239354
0.304 0.598 0.138895
0.304 0.647 0.199296
0.304 0.696 0.34409
0.304 0.745 0.374572
0.304 0.794 0.402531
0.304 0.843 0.501801
0.304 0.892 0.678836
0.304 0.941 1.22321
0.304 0.99 1.84492
0.353 0.01 2.4874
0.353 0.059 1.43353
0.353 0.108 0.465772
0.353 0.157 0.254811
0.353 0.206 0.311601
0.353 0.255 0.328325
0.353 0.304 0.173386
0.353 0.353 0.0720426
0.353 0.402 0.135311
0.353 0.451 0.247096
0.353 0.5 0.33897
0.353 0.549 0.298672
0.353 0.598 0.173317
0.353 0.647 0.248688
0.353 0.696 0.429365
0.353 0.745 0.467401
0.353 0.794 0.50229
0.353 0.843 0.626161
0.353 0.892 0.84707
0.353 0.941 1.52635
0.353 0.99 2.30215
0.402 0.01 1.73724
0.402 0.059 1.0012
0.402 0.108 0.325302
0.402 0.157 0.177964
0.402 0.206 0.217627
0.402 0.255 0.229308
0.402 0.304 0.121096
0.402 0.353 0.0503158
0.402 0.402 0.0945032
0.402 0.451 0.172576
0.402 0.5 0.236742
0.402 0.549 0.208597
0.402 0.598 0.121047
0.402 0.647 0.173687
0.402 0.696 0.299876
0.402 0.745 0.32644
0.402 0.794 0.350807
0.402 0.843 0.437321
0.402 0.892 0.591607
0.402 0.941 1.06603
0.402 0.99 1.60786
0.451 0.01 0.781896
0.451 0.059 0.450619
0.451 0.108 0.146412
0.451 0.157 0.0800979
0.451 0.206 0.0979493
0.451 0.255 0.103206
0.451 0.304 0.0545026
0.451 0.353 0.022646
0.451 0.402 0.0425338
0.451 0.451 0.0776727
0.451 0.5 0.106553
0.451 0.549 0.0938852
0.451 0.598 0.0544807
0.451 0.647 0.078173
0.451 0.696 0.134968
0.451 0.745 0.146924
0.451 0.794 0.157891
0.451 0.843 0.196829
0.451 0.892 0.26627
0.451 0.941 0.479797
0.451 0.99 0.723661
0.5 0.01 1.1923
0.5 0.059 0.68714
0.5 0.108 0.22326
0.5 0.157 0.12214
0.5 0.206 0.149361
0.5 0.255 0.157377
0.5 0.304 0.0831099
0.5 0.353 0.0345325
0.5 0.402 0.064859
0.5 0.451 0.118441
0.5 0.5 0.16248
0.5 0.549 0.143164
0.5 0.598 0.0830765
0.5 0.647 0.119204
0.5 0.696 0.205809
0.5 0.745 0.224041
0.5 0.794 0.240764
0.5 0.843 0.30014
0.5 0.892 0.406029
0.5 0.941 0.731633
0.5 0.99 1.1035
0.549 0.01 2.35938
0.549 0.059 1.35975
0.549 0.108 0.441798
0.549 0.157 0.241696
0.549 0.206 0.295563
0.549 0.255 0.311426
0.549 0.304 0.164462
0.549 0.353 0.0683346
0.549 0.402 0.128346
0.549 0.451 0.234378
0.549 0.5 0.321523
0.549 0.549 0.283299
0.549 0.598 0.164396
0.549 0.647 0.235888
0.549 0.696 0.407266
0.549 0.745 0.443344
0.549 0.794 0.476437
0.549 0.843 0.593932
0.549 0.892 0.803471
0.549 0.941 1.44779
0.549 0.99 2.18365
0.598 0.01 2.81376
0.598 0.059 1.62162
0.598 0.108 0.526883
0.598 0.157 0.288244
0.598 0.206 0.352484
0.598 0.255 0.371403
0.598 0.304 0.196135
0.598 0.353 0.081495
0.598 0.402 0.153064
0.598 0.451 0.279516
0.598 0.5 0.383445
0.598 0.549 0.337859
0.598 0.598 0.196057
0.598 0.647 0.281317
0.598 0.696 0.4857
0.598 0.745 0.528726
0.598 0.794 0.568193
0.598 0.843 0.708316
0.598 0.892 0.95821
0.598 0.941 1.72662
0.598 0.99 2.6042
0.647 0.01 2.39281
0.647 0.059 1.37902
0.647 0.108 0.448059
0.647 0.157 0.245121
0.647 0.206 0.299751
0.647 0.255 0.31584
0.647 0.304 0.166793
0.647 0.353 0.069303
0.647 0.402 0.130165
0.647 0.451 0.237699
0.647 0.5 0.32608
0.647 0.549 0.287314
0.647 0.598 0.166726
0.647 0.647 0.239231
0.647 0.696 0.413038
0.647 0.745 0.449627
0.647 0.794 0.483189
0.647 0.843 0.602349
0.647 0.892 0.814858
0.647 0.941 1.46831
0.647 0.99 2.2146
0.696 0.01 2.73355
0.696 0.059 1.57539
0.696 0.108 0.511863
0.696 0.157 0.280027
0.696 0.206 0.342436
0.696 0.255 0.360815
0.696 0.304 0.190544
0.696 0.353 0.0791718
0.696 0.402 0.148701
0.696 0.451 0.271548
0.696 0.5 0.372514
0.696 0.549 0.328228
0.696 0.598 0.190468
0.696 0.647 0.273297
0.696 0.696 0.471854
0.696 0.745 0.513654
0.696 0.794 0.551995
0.696 0.843 0.688124
0.696 0.892 0.930893
0.696 0.941 1.6774
0.696 0.99 2.52996
0.745 0.01 2.97741
0.745 0.059 1.71593
0.745 0.108 0.557526
0.745 0.157 0.305008
0.745 0.206 0.372984
0.745 0.255 0.393003
0.745 0.304 0.207542
0.745 0.353 0.0862346
0.745 0.402 0.161966
0.745 0.451 0.295772
0.745 0.5 0.405745
0.745 0.549 0.357508
0.745 0.598 0.207459
0.745 0.647 0.297677
0.745 0.696 0.513948
0.745 0.745 0.559476
0.745 0.794 0.601238
0.745 0.843 0.749511
0.745 0.892 1.01394
0.745 0.941 1.82704
0.745 0.99 2.75565
0.794 0.01 2.33141
0.794 0.059 1.34363
0.794 0.108 0.436562
0.794 0.157 0.238831
0.794 0.206 0.292059
0.794 0.255 0.307735
0.794 0.304 0.162513
0.794 0.353 0.0675247
0.794 0.402 0.126825
0.794 0.451 0.2316
0.794 0.5 0.317712
0.794 0.549 0.279941
0.794 0.598 0.162447
0.794 0.647 0.233092
0.794 0.696 0.402439
0.794 0.745 0.438089
0.794 0.794 0.47079
0.794 0.843 0.586893
0.794 0.892 0.793948
0.794 0.941 1.43063
0.794 0.99 2.15777
0.843 0.01 3.04499
0.843 0.059 1.75488
0.843 0.108 0.570181
0.843 0.157 0.311931
0.843 0.206 0.381451
0.843 0.255 0.401924
0.843 0.304 0.212253
0.843 0.353 0.0881921
0.843 0.402 0.165643
0.843 0.451 0.302486
0.843 0.5 0.414955
0.843 0.549 0.365624
0.843 0.598 0.212168
0.843 0.647 0.304435
0.843 0.696 0.525614
0.843 0.745 0.572176
0.843 0.794 0.614886
0.843 0.843 0.766524
0.843 0.892 1.03695
0.843 0.941 1.86851
0.843 0.99 2.81821
0.892 0.01 6.33565
0.892 0.059 3.65134
0.892 0.108 1.18636
0.892 0.157 0.649028
0.892 0.206 0.793676
0.892 0.255 0.836275
0.892 0.304 0.441631
0.892 0.353 0.183499
0.892 0.402 0.344649
0.892 0.451 0.629376
0.892 0.5 0.863388
0.892 0.549 0.760745
0.892 0.598 0.441453
0.892 0.647 0.63343
0.892 0.696 1.09363
0.892 0.745 1.19051
0.892 0.794 1.27938
0.892 0.843 1.59489
0.892 0.892 2.15756
0.892 0.941 3.88776
0.892 0.99 5.86378
0.941 0.01 15.6684
0.941 0.059 9.02995
0.941 0.108 2.93394
0.941 0.157 1.60508
0.941 0.206 1.9628
0.941 0.255 2.06815
0.941 0.304 1.09218
0.941 0.353 0.453803
0.941 0.402 0.852334
0.941 0.451 1.55648
0.941 0.5 2.1352
0.941 0.549 1.88136
0.941 0.598 1.09174
0.941 0.647 1.56651
0.941 0.696 2.70461
0.941 0.745 2.9442
0.941 0.794 3.16397
0.941 0.843 3.94424
0.941 0.892 5.33577
0.941 0.941 9.61464
0.941 0.99 14.5014
0.99 0.01 26.232
0.99 0.059 15.118
0.99 0.108 4.912
0.99 0.157 2.68723
0.99 0.206 3.28613
0.99 0.255 3.4625
0.99 0.304 1.82852
0.99 0.353 0.759758
0.99 0.402 1.42698
0.99 0.451 2.60586
0.99 0.5 3.57476
0.99 0.549 3.14978
0.99 0.598 1.82779
0.99 0.647 2.62265
0.99 0.696 4.52807
0.99 0.745 4.92919
0.99 0.794 5.29712
0.99 0.843 6.60346
0.99 0.892 8.93315
0.99 0.941 16.0969
0.99 0.99 24.2783
