0.01 0.01 12.4423
0.01 0.059 6.78252
0.01 0.108 2.0466
0.01 0.157 0.906661
0.01 0.206 1.17837
0.01 0.255 1.41108
0.01 0.304 0.721645
0.01 0.353 0.143557
0.01 0.402 0.0328716
0.01 0.451 0.181322
0.01 0.5 0.57741
0.01 0.549 0.829567
0.01 0.598 1.05702
0.01 0.647 1.45797
0.01 0.696 1.01874
0.01 0.745 0.347871
0.01 0.794 0.41902
0.01 0.843 1.13822
0.01 0.892 3.38002
0.01 0.941 10.7978
0.01 0.99 19.2084
0.059 0.01 7.2617
0.059 0.059 3.95847
0.059 0.108 1.19445
0.059 0.157 0.529153
0.059 0.206 0.68773
0.059 0.255 0.823546
0.059 0.304 0.421173
0.059 0.353 0.0837841
0.059 0.402 0.0191848
0.059 0.451 0.105824
0.059 0.5 0.336993
0.059 0.549 0.484159
0.059 0.598 0.616905
0.059 0.647 0.850915
0.059 0.696 0.594563
0.059 0.745 0.203027
0.059 0.794 0.244552
0.059 0.843 0.6643
0.059 0.892 1.97267
0.059 0.941 6.3019
0.059 0.99 11.2106
0.108 0.01 2.55112
0.108 0.059 1.39066
0.108 0.108 0.419625
0.108 0.157 0.185898
0.108 0.206 0.241608
0.108 0.255 0.289321
0.108 0.304 0.147963
0.108 0.353 0.0294343
0.108 0.402 0.00673984
0.108 0.451 0.0371774
0.108 0.5 0.11839
0.108 0.549 0.170091
0.108 0.598 0.216726
0.108 0.647 0.298936
0.108 0.696 0.208877
0.108 0.745 0.0713259
0.108 0.794 0.085914
0.108 0.843 0.233376
0.108 0.892 0.693023
0.108 0.941 2.21393
0.108 0.99 3.9384
0.157 0.01 1.79352
0.157 0.059 0.977677
0.157 0.108 0.29501
0.157 0.157 0.130692
0.157 0.206 0.169858
0.157 0.255 0.203402
0.157 0.304 0.104023
0.157 0.353 0.0206933
0.157 0.402 0.00473833
0.157 0.451 0.0261369
0.157 0.5 0.0832317
0.157 0.549 0.119579
0.157 0.598 0.152365
0.157 0.647 0.210162
0.157 0.696 0.146847
0.157 0.745 0.0501444
0.157 0.794 0.0604003
0.157 0.843 0.164071
0.157 0.892 0.487218
0.157 0.941 1.55647
0.157 0.99 2.76882
0.206 0.01 2.38607
0.206 0.059 1.30068
0.206 0.108 0.392476
0.206 0.157 0.173871
0.206 0.206 0.225976
0.206 0.255 0.270603
0.206 0.304 0.13839
0.206 0.353 0.02753
0.206 0.402 0.00630379
0.206 0.451 0.0347721
0.206 0.5 0.11073
0.206 0.549 0.159086
0.206 0.598 0.202704
0.206 0.647 0.279596
0.206 0.696 0.195363
0.206 0.745 0.0667113
0.206 0.794 0.0803556
0.206 0.843 0.218277
0.206 0.892 0.648186
0.206 0.941 2.0707
0.206 0.99 3.68359
0.255 0.01 2.51679
0.255 0.059 1.37194
0.255 0.108 0.413977
0.255 0.157 0.183396
0.255 0.206 0.238356
0.255 0.255 0.285428
0.255 0.304 0.145972
0.255 0.353 0.0290382
0.255 0.402 0.00664914
0.255 0.451 0.036677
0.255 0.5 0.116796
0.255 0.549 0.167802
0.255 0.598 0.213809
0.255 0.647 0.294913
0.255 0.696 0.206066
0.255 0.745 0.070366
0.255 0.794 0.0847578
0.255 0.843 0.230236
0.255 0.892 0.683697
0.255 0.941 2.18414
0.255 0.99 3.8854
0.304 0.01 1.36689
0.304 0.059 0.745111
0.304 0.108 0.224834
0.304 0.157 0.0996036
0.304 0.206 0.129453
0.304 0.255 0.155018
0.304 0.304 0.0792782
0.304 0.353 0.0157709
0.304 0.402 0.00361119
0.304 0.451 0.0199196
0.304 0.5 0.0634329
0.304 0.549 0.0911343
0.304 0.598 0.116121
0.304 0.647 0.16017
0.304 0.696 0.111916
0.304 0.745 0.0382163
0.304 0.794 0.0460326
0.304 0.843 0.125043
0.304 0.892 0.37132
0.304 0.941 1.18622
0.304 0.99 2.11019
0.353 0.01 0.72159
0.353 0.059 0.39335
0.353 0.108 0.118692
0.353 0.157 0.0525815
0.353 0.206 0.0683392
0.353 0.255 0.0818352
0.353 0.304 0.0418516
0.353 0.353 0.00832556
0.353 0.402 0.00190638
0.353 0.451 0.0105157
0.353 0.5 0.0334867
0.353 0.549 0.0481105
0.353 0.598 0.0613013
0.353 0.647 0.0845548
0.353 0.696 0.0590813
0.353 0.745 0.0201747
0.353 0.794 0.024301
0.353 0.843 0.066011
0.353 0.892 0.196023
0.353 0.941 0.626215
0.353 0.99 1.11398
0.402 0.01 1.46905
0.402 0.059 0.800804
0.402 0.108 0.241639
0.402 0.157 0.107048
0.402 0.206 0.139129
0.402 0.255 0.166605
0.402 0.304 0.0852038
0.402 0.353 0.0169496
0.402 0.402 0.00388111
0.402 0.451 0.0214084
0.402 0.5 0.0681742
0.402 0.549 0.097946
0.402 0.598 0.124801
0.402 0.647 0.172141
0.402 0.696 0.120281
0.402 0.745 0.0410727
0.402 0.794 0.0494732
0.402 0.843 0.134389
0.402 0.892 0.399075
0.402 0.941 1.27488
0.402 0.99 2.26791
0.451 0.01 2.58515
0.451 0.059 1.40921
0.451 0.108 0.425221
0.451 0.157 0.188377
0.451 0.206 0.24483
0.451 0.255 0.29318
0.451 0.304 0.149936
0.451 0.353 0.0298269
0.451 0.402 0.00682973
0.451 0.451 0.0376732
0.451 0.5 0.119969
0.451 0.549 0.172359
0.451 0.598 0.219617
0.451 0.647 0.302924
0.451 0.696 0.211663
0.451 0.745 0.0722773
0.451 0.794 0.0870599
0.451 0.843 0.236489
0.451 0.892 0.702267
0.451 0.941 2.24346
0.451 0.99 3.99093
0.5 0.01 2.70071
0.5 0.059 1.4722
0.5 0.108 0.44423
0.5 0.157 0.196798
0.5 0.206 0.255775
0.5 0.255 0.306286
0.5 0.304 0.156639
0.5 0.353 0.0311602
0.5 0.402 0.00713504
0.5 0.451 0.0393573
0.5 0.5 0.125331
0.5 0.549 0.180064
0.5 0.598 0.229434
0.5 0.647 0.316465
0.5 0.696 0.221125
0.5 0.745 0.0755082
0.5 0.794 0.0909517
0.5 0.843 0.247061
0.5 0.892 0.733659
0.5 0.941 2.34375
0.5 0.99 4.16933
0.549 0.01 1.46922
0.549 0.059 0.800895
0.549 0.108 0.241666
0.549 0.157 0.107061
0.549 0.206 0.139145
0.549 0.255 0.166623
0.549 0.304 0.0852135
0.549 0.353 0.0169516
0.549 0.402 0.00388155
0.549 0.451 0.0214109
0.549 0.5 0.0681819
0.549 0.549 0.0979571
0.549 0.598 0.124815
0.549 0.647 0.172161
0.549 0.696 0.120295
0.549 0.745 0.0410774
0.549 0.794 0.0494788
0.549 0.843 0.134404
0.549 0.892 0.39912
0.549 0.941 1.27503
0.549 0.99 2.26817
0.598 0.01 0.884939
0.598 0.059 0.482395
0.598 0.108 0.14556
0.598 0.157 0.0644847
0.598 0.206 0.0838095
0.598 0.255 0.100361
0.598 0.304 0.0513258
0.598 0.353 0.0102103
0.598 0.402 0.00233793
0.598 0.451 0.0128962
0.598 0.5 0.0410673
0.598 0.549 0.0590015
0.598 0.598 0.0751784
0.598 0.647 0.103696
0.598 0.696 0.0724558
0.598 0.745 0.0247417
0.598 0.794 0.0298021
0.598 0.843 0.0809542
0.598 0.892 0.240398
0.598 0.941 0.767975
0.598 0.99 1.36616
0.647 0.01 1.53195
0.647 0.059 0.835089
0.647 0.108 0.251985
0.647 0.157 0.111632
0.647 0.206 0.145085
0.647 0.255 0.173738
0.647 0.304 0.0888517
0.647 0.353 0.0176753
0.647 0.402 0.00404727
0.647 0.451 0.022325
0.647 0.5 0.071093
0.647 0.549 0.102139
0.647 0.598 0.130144
0.647 0.647 0.179511
0.647 0.696 0.125431
0.647 0.745 0.0428312
0.647 0.794 0.0515914
0.647 0.843 0.140143
0.647 0.892 0.41616
0.647 0.941 1.32947
0.647 0.99 2.36501
0.696 0.01 2.38134
0.696 0.059 1.29811
0.696 0.108 0.391699
0.696 0.157 0.173526
0.696 0.206 0.225529
0.696 0.255 0.270067
0.696 0.304 0.138116
0.696 0.353 0.0274755
0.696 0.402 0.0062913
0.696 0.451 0.0347032
0.696 0.5 0.110511
0.696 0.549 0.158771
0.696 0.598 0.202303
0.696 0.647 0.279042
0.696 0.696 0.194976
0.696 0.745 0.0665792
0.696 0.794 0.0801964
0.696 0.843 0.217845
0.696 0.892 0.646903
0.696 0.941 2.0666
0.696 0.99 3.6763
0.745 0.01 2.59357
0.745 0.059 1.4138
0.745 0.108 0.426607
0.745 0.157 0.188991
0.745 0.206 0.245628
0.745 0.255 0.294136
0.745 0.304 0.150425
0.745 0.353 0.0299241
0.745 0.402 0.00685199
0.745 0.451 0.037796
0.745 0.5 0.12036
0.745 0.549 0.172921
0.745 0.598 0.220332
0.745 0.647 0.303911
0.745 0.696 0.212353
0.745 0.745 0.0725128
0.745 0.794 0.0873437
0.745 0.843 0.23726
0.745 0.892 0.704555
0.745 0.941 2.25077
0.745 0.99 4.00394
0.794 0.01 1.60415
0.794 0.059 0.874449
0.794 0.108 0.263861
0.794 0.157 0.116893
0.794 0.206 0.151924
0.794 0.255 0.181926
0.794 0.304 0.0930396
0.794 0.353 0.0185084
0.794 0.402 0.00423803
0.794 0.451 0.0233773
0.794 0.5 0.0744438
0.794 0.549 0.106954
0.794 0.598 0.136278
0.794 0.647 0.187972
0.794 0.696 0.131343
0.794 0.745 0.04485
0.794 0.794 0.054023
0.794 0.843 0.146748
0.794 0.892 0.435775
0.794 0.941 1.39213
0.794 0.99 2.47648
0.843 0.01 1.50141
0.843 0.059 0.818441
0.843 0.108 0.246961
0.843 0.157 0.109406
0.843 0.206 0.142193
0.843 0.255 0.170274
0.843 0.304 0.0870804
0.843 0.353 0.0173229
0.843 0.402 0.00396659
0.843 0.451 0.0218799
0.843 0.5 0.0696757
0.843 0.549 0.100103
0.843 0.598 0.127549
0.843 0.647 0.175933
0.843 0.696 0.12293
0.843 0.745 0.0419774
0.843 0.794 0.0505629
0.843 0.843 0.137349
0.843 0.892 0.407864
0.843 0.941 1.30296
0.843 0.99 2.31786
0.892 0.01 5.27286
0.892 0.059 2.87432
0.892 0.108 0.867313
0.892 0.157 0.384228
0.892 0.206 0.499374
0.892 0.255 0.597992
0.892 0.304 0.305821
0.892 0.353 0.0608372
0.892 0.402 0.0139304
0.892 0.451 0.0768411
0.892 0.5 0.244697
0.892 0.549 0.351557
0.892 0.598 0.447946
0.892 0.647 0.617865
0.892 0.696 0.431723
0.892 0.745 0.147422
0.892 0.794 0.177574
0.892 0.843 0.48236
0.892 0.892 1.43239
0.892 0.941 4.57593
0.892 0.99 8.14019
0.941 0.01 18.2393
0.941 0.059 9.94252
0.941 0.108 3.00011
0.941 0.157 1.32908
0.941 0.206 1.72738
0.941 0.255 2.06851
0.941 0.304 1.05786
0.941 0.353 0.210441
0.941 0.402 0.0481866
0.941 0.451 0.2658
0.941 0.5 0.846428
0.941 0.549 1.21607
0.941 0.598 1.54948
0.941 0.647 2.13725
0.941 0.696 1.49337
0.941 0.745 0.509946
0.941 0.794 0.614243
0.941 0.843 1.66853
0.941 0.892 4.95478
0.941 0.941 15.8285
0.941 0.99 28.1576
0.99 0.01 32.6872
0.99 0.059 17.8183
0.99 0.108 5.3766
0.99 0.157 2.38188
0.99 0.206 3.09569
0.99 0.255 3.70704
0.99 0.304 1.89583
0.99 0.353 0.377138
0.99 0.402 0.0863567
0.99 0.451 0.476349
0.99 0.5 1.51691
0.99 0.549 2.17935
0.99 0.598 2.77688
0.99 0.647 3.83024
0.99 0.696 2.67632
0.99 0.745 0.913891
0.99 0.794 1.10081
0.99 0.843 2.99022
0.99 0.892 8.87962
0.99 0.941 28.3669
0.99 0.99 50.4622
