0.01 0.01 3.52366e-15
0.01 0.059 1.96565e-15
0.01 0.108 8.54921e-16
0.01 0.157 8.86979e-16
0.01 0.206 1.206e-15
0.01 0.255 1.2612e-15
0.01 0.304 6.3637e-16
0.01 0.353 2.67006e-16
0.01 0.402 5.93625e-16
0.01 0.451 1.23478e-15
0.01 0.5 1.69418e-15
0.01 0.549 1.94779e-15
0.01 0.598 2.59384e-15
0.01 0.647 3.22764e-15
0.01 0.696 3.78142e-15
0.01 0.745 4.15845e-15
0.01 0.794 3.1234e-15
0.01 0.843 1.98815e-15
0.01 0.892 2.72303e-15
0.01 0.941 5.61797e-15
0.01 0.99 8.88932e-15
0.059 0.01 5.57691e-12
0.059 0.059 3.11103e-12
0.059 0.108 1.35309e-12
0.059 0.157 1.40382e-12
0.059 0.206 1.90874e-12
0.059 0.255 1.99611e-12
0.059 0.304 1.00718e-12
0.059 0.353 4.2259e-13
0.059 0.402 9.39532e-13
0.059 0.451 1.95428e-12
0.059 0.5 2.68138e-12
0.059 0.549 3.08277e-12
0.059 0.598 4.10527e-12
0.059 0.647 5.10839e-12
0.059 0.696 5.98486e-12
0.059 0.745 6.58158e-12
0.059 0.794 4.94341e-12
0.059 0.843 3.14665e-12
0.059 0.892 4.30975e-12
0.059 0.941 8.89157e-12
0.059 0.99 1.40691e-11
0.108 0.01 3.50317e-09
0.108 0.059 1.95422e-09
0.108 0.108 8.4995e-10
0.108 0.157 8.81821e-10
0.108 0.206 1.19899e-09
0.108 0.255 1.25387e-09
0.108 0.304 6.3267e-10
0.108 0.353 2.65453e-10
0.108 0.402 5.90173e-10
0.108 0.451 1.2276e-09
0.108 0.5 1.68433e-09
0.108 0.549 1.93646e-09
0.108 0.598 2.57876e-09
0.108 0.647 3.20887e-09
0.108 0.696 3.75943e-09
0.108 0.745 4.13427e-09
0.108 0.794 3.10524e-09
0.108 0.843 1.97659e-09
0.108 0.892 2.7072e-09
0.108 0.941 5.5853e-09
0.108 0.99 8.83763e-09
0.157 0.01 8.4224e-07
0.157 0.059 4.69837e-07
0.157 0.108 2.04347e-07
0.157 0.157 2.12009e-07
0.157 0.206 2.88263e-07
0.157 0.255 3.01457e-07
0.157 0.304 1.52108e-07
0.157 0.353 6.38207e-08
0.157 0.402 1.41891e-07
0.157 0.451 2.95141e-07
0.157 0.5 4.04949e-07
0.157 0.549 4.65569e-07
0.157 0.598 6.19989e-07
0.157 0.647 7.71482e-07
0.157 0.696 9.0385e-07
0.157 0.745 9.93969e-07
0.157 0.794 7.46567e-07
0.157 0.843 4.75215e-07
0.157 0.892 6.5087e-07
0.157 0.941 1.34283e-06
0.157 0.99 2.12476e-06
0.206 0.01 7.75052e-05
0.206 0.059 4.32356e-05
0.206 0.108 1.88045e-05
0.206 0.157 1.95096e-05
0.206 0.206 2.65267e-05
0.206 0.255 2.77409e-05
0.206 0.304 1.39973e-05
0.206 0.353 5.87295e-06
0.206 0.402 1.30572e-05
0.206 0.451 2.71596e-05
0.206 0.5 3.72645e-05
0.206 0.549 4.28429e-05
0.206 0.598 5.70531e-05
0.206 0.647 7.09939e-05
0.206 0.696 8.31747e-05
0.206 0.745 9.14676e-05
0.206 0.794 6.87011e-05
0.206 0.843 4.37306e-05
0.206 0.892 5.98948e-05
0.206 0.941 0.000123571
0.206 0.99 0.000195526
0.255 0.01 0.00273059
0.255 0.059 0.00152324
0.255 0.108 0.000662503
0.255 0.157 0.000687345
0.255 0.206 0.000934565
0.255 0.255 0.000977342
0.255 0.304 0.000493142
0.255 0.353 0.00020691
0.255 0.402 0.000460017
0.255 0.451 0.000956863
0.255 0.5 0.00131287
0.255 0.549 0.0015094
0.255 0.598 0.00201004
0.255 0.647 0.00250119
0.255 0.696 0.00293033
0.255 0.745 0.0032225
0.255 0.794 0.00242041
0.255 0.843 0.00154067
0.255 0.892 0.00211016
0.255 0.941 0.00435353
0.255 0.99 0.00688859
0.304 0.01 0.0369005
0.304 0.059 0.0205847
0.304 0.108 0.00895291
0.304 0.157 0.00928862
0.304 0.206 0.0126295
0.304 0.255 0.0132076
0.304 0.304 0.0066642
0.304 0.353 0.00279614
0.304 0.402 0.00621656
0.304 0.451 0.0129308
0.304 0.5 0.0177418
0.304 0.549 0.0203977
0.304 0.598 0.0271632
0.304 0.647 0.0338005
0.304 0.696 0.0395998
0.304 0.745 0.0435481
0.304 0.794 0.0327089
0.304 0.843 0.0208203
0.304 0.892 0.0285162
0.304 0.941 0.0588325
0.304 0.99 0.0930907
0.353 0.01 0.193945
0.353 0.059 0.10819
0.353 0.108 0.0470554
0.353 0.157 0.0488198
0.353 0.206 0.066379
0.353 0.255 0.0694173
0.353 0.304 0.0350262
0.353 0.353 0.0146961
0.353 0.402 0.0326735
0.353 0.451 0.0679628
0.353 0.5 0.0932486
0.353 0.549 0.107208
0.353 0.598 0.142766
0.353 0.647 0.177651
0.353 0.696 0.208132
0.353 0.745 0.228883
0.353 0.794 0.171914
0.353 0.843 0.109429
0.353 0.892 0.149877
0.353 0.941 0.309216
0.353 0.99 0.489273
0.402 0.01 0.435413
0.402 0.059 0.242892
0.402 0.108 0.105641
0.402 0.157 0.109603
0.402 0.206 0.149024
0.402 0.255 0.155845
0.402 0.304 0.0786352
0.402 0.353 0.0329935
0.402 0.402 0.0733533
0.402 0.451 0.152579
0.402 0.5 0.209347
0.402 0.549 0.240685
0.402 0.598 0.320516
0.402 0.647 0.398834
0.402 0.696 0.467264
0.402 0.745 0.513853
0.402 0.794 0.385953
0.402 0.843 0.245672
0.402 0.892 0.336481
0.402 0.941 0.694203
0.402 0.99 1.09844
0.451 0.01 0.625436
0.451 0.059 0.348894
0.451 0.108 0.151745
0.451 0.157 0.157435
0.451 0.206 0.21406
0.451 0.255 0.223858
0.451 0.304 0.112953
0.451 0.353 0.0473924
0.451 0.402 0.105366
0.451 0.451 0.219167
0.451 0.5 0.30071
0.451 0.549 0.345725
0.451 0.598 0.460395
0.451 0.647 0.572892
0.451 0.696 0.671186
0.451 0.745 0.738107
0.451 0.794 0.55439
0.451 0.843 0.352888
0.451 0.892 0.483327
0.451 0.941 0.997166
0.451 0.99 1.57782
0.5 0.01 0.844833
0.5 0.059 0.471283
0.5 0.108 0.204976
0.5 0.157 0.212662
0.5 0.206 0.289151
0.5 0.255 0.302386
0.5 0.304 0.152576
0.5 0.353 0.0640172
0.5 0.402 0.142328
0.5 0.451 0.29605
0.5 0.5 0.406196
0.5 0.549 0.467002
0.5 0.598 0.621898
0.5 0.647 0.773858
0.5 0.696 0.906633
0.5 0.745 0.997029
0.5 0.794 0.748866
0.5 0.843 0.476678
0.5 0.892 0.652874
0.5 0.941 1.34696
0.5 0.99 2.1313
0.549 0.01 0.849335
0.549 0.059 0.473794
0.549 0.108 0.206068
0.549 0.157 0.213795
0.549 0.206 0.290691
0.549 0.255 0.303997
0.549 0.304 0.153389
0.549 0.353 0.0643584
0.549 0.402 0.143086
0.549 0.451 0.297627
0.549 0.5 0.408361
0.549 0.549 0.46949
0.549 0.598 0.625212
0.549 0.647 0.777981
0.549 0.696 0.911464
0.549 0.745 1.00234
0.549 0.794 0.752856
0.549 0.843 0.479218
0.549 0.892 0.656353
0.549 0.941 1.35414
0.549 0.99 2.14266
0.598 0.01 1.02954
0.598 0.059 0.574319
0.598 0.108 0.249789
0.598 0.157 0.259156
0.598 0.206 0.352367
0.598 0.255 0.368495
0.598 0.304 0.185933
0.598 0.353 0.0780131
0.598 0.402 0.173444
0.598 0.451 0.360774
0.598 0.5 0.495002
0.598 0.549 0.569101
0.598 0.598 0.757862
0.598 0.647 0.943044
0.598 0.696 1.10485
0.598 0.745 1.21501
0.598 0.794 0.912588
0.598 0.843 0.580893
0.598 0.892 0.79561
0.598 0.941 1.64145
0.598 0.99 2.59726
0.647 0.01 1.66226
0.647 0.059 0.92728
0.647 0.108 0.403303
0.647 0.157 0.418426
0.647 0.206 0.568922
0.647 0.255 0.594963
0.647 0.304 0.300203
0.647 0.353 0.125958
0.647 0.402 0.280039
0.647 0.451 0.582497
0.647 0.5 0.799217
0.647 0.549 0.918857
0.647 0.598 1.22363
0.647 0.647 1.52262
0.647 0.696 1.78386
0.647 0.745 1.96172
0.647 0.794 1.47344
0.647 0.843 0.937895
0.647 0.892 1.28457
0.647 0.941 2.65024
0.647 0.99 4.19347
0.696 0.01 2.67679
0.696 0.059 1.49323
0.696 0.108 0.649451
0.696 0.157 0.673804
0.696 0.206 0.916153
0.696 0.255 0.958087
0.696 0.304 0.483426
0.696 0.353 0.202834
0.696 0.402 0.450954
0.696 0.451 0.938012
0.696 0.5 1.287
0.696 0.549 1.47966
0.696 0.598 1.97044
0.696 0.647 2.45191
0.696 0.696 2.8726
0.696 0.745 3.15902
0.696 0.794 2.37273
0.696 0.843 1.51032
0.696 0.892 2.06858
0.696 0.941 4.26776
0.696 0.99 6.75287
0.745 0.01 3.62331
0.745 0.059 2.02124
0.745 0.108 0.879099
0.745 0.157 0.912063
0.745 0.206 1.24011
0.745 0.255 1.29687
0.745 0.304 0.654367
0.745 0.353 0.274557
0.745 0.402 0.610413
0.745 0.451 1.2697
0.745 0.5 1.74209
0.745 0.549 2.00288
0.745 0.598 2.66719
0.745 0.647 3.31892
0.745 0.696 3.88836
0.745 0.745 4.27605
0.745 0.794 3.21173
0.745 0.843 2.04437
0.745 0.892 2.80004
0.745 0.941 5.77685
0.745 0.99 9.14071
0.794 0.01 3.60698
0.794 0.059 2.01212
0.794 0.108 0.875136
0.794 0.157 0.907951
0.794 0.206 1.23452
0.794 0.255 1.29102
0.794 0.304 0.651417
0.794 0.353 0.273319
0.794 0.402 0.607661
0.794 0.451 1.26397
0.794 0.5 1.73424
0.794 0.549 1.99385
0.794 0.598 2.65517
0.794 0.647 3.30395
0.794 0.696 3.87083
0.794 0.745 4.25678
0.794 0.794 3.19725
0.794 0.843 2.03516
0.794 0.892 2.78742
0.794 0.941 5.75081
0.794 0.99 9.0995
0.843 0.01 3.9162
0.843 0.059 2.18462
0.843 0.108 0.95016
0.843 0.157 0.985788
0.843 0.206 1.34035
0.843 0.255 1.4017
0.843 0.304 0.707262
0.843 0.353 0.29675
0.843 0.402 0.659755
0.843 0.451 1.37233
0.843 0.5 1.88291
0.843 0.549 2.16477
0.843 0.598 2.88279
0.843 0.647 3.5872
0.843 0.696 4.20267
0.843 0.745 4.6217
0.843 0.794 3.47135
0.843 0.843 2.20963
0.843 0.892 3.02638
0.843 0.941 6.24381
0.843 0.99 9.87959
0.892 0.01 4.24407
0.892 0.059 2.36752
0.892 0.108 1.02971
0.892 0.157 1.06832
0.892 0.206 1.45256
0.892 0.255 1.51905
0.892 0.304 0.766474
0.892 0.353 0.321594
0.892 0.402 0.71499
0.892 0.451 1.48722
0.892 0.5 2.04055
0.892 0.549 2.34601
0.892 0.598 3.12414
0.892 0.647 3.88752
0.892 0.696 4.55452
0.892 0.745 5.00863
0.892 0.794 3.76197
0.892 0.843 2.39462
0.892 0.892 3.27975
0.892 0.941 6.76655
0.892 0.99 10.7067
0.941 0.01 3.91133
0.941 0.059 2.1819
0.941 0.108 0.948978
0.941 0.157 0.984562
0.941 0.206 1.33868
0.941 0.255 1.39996
0.941 0.304 0.706382
0.941 0.353 0.296381
0.941 0.402 0.658934
0.941 0.451 1.37062
0.941 0.5 1.88057
0.941 0.549 2.16208
0.941 0.598 2.87921
0.941 0.647 3.58273
0.941 0.696 4.19744
0.941 0.745 4.61595
0.941 0.794 3.46703
0.941 0.843 2.20688
0.941 0.892 3.02261
0.941 0.941 6.23604
0.941 0.99 9.8673
0.99 0.01 3.82129
0.99 0.059 2.13167
0.99 0.108 0.927131
0.99 0.157 0.961896
0.99 0.206 1.30786
0.99 0.255 1.36773
0.99 0.304 0.69012
0.99 0.353 0.289558
0.99 0.402 0.643765
0.99 0.451 1.33907
0.99 0.5 1.83728
0.99 0.549 2.11231
0.99 0.598 2.81292
0.99 0.647 3.50025
0.99 0.696 4.10081
0.99 0.745 4.50969
0.99 0.794 3.38721
0.99 0.843 2.15607
0.99 0.892 2.95303
0.99 0.941 6.09248
0.99 0.99 9.64014
