0.01 0.01 1.58041e-84
0.01 0.059 2.6098e-76
0.01 0.108 1.64992e-68
0.01 0.157 3.99255e-61
0.01 0.206 3.69803e-54
0.01 0.255 1.31106e-47
0.01 0.304 1.77914e-41
0.01 0.353 9.2412e-36
0.01 0.402 1.8373e-30
0.01 0.451 1.39818e-25
0.01 0.5 4.0727e-21
0.01 0.549 4.5408e-17
0.01 0.598 1.93783e-13
0.01 0.647 3.16543e-10
0.01 0.696 1.97917e-07
0.01 0.745 4.73659e-05
0.01 0.794 0.00433892
0.01 0.843 0.152136
0.01 0.892 2.0418
0.01 0.941 10.4889
0.01 0.99 20.6243
0.059 0.01 1.04402e-84
0.059 0.059 1.72403e-76
0.059 0.108 1.08993e-68
0.059 0.157 2.63747e-61
0.059 0.206 2.44292e-54
0.059 0.255 8.66087e-48
0.059 0.304 1.1753e-41
0.059 0.353 6.10473e-36
0.059 0.402 1.21372e-30
0.059 0.451 9.2364e-26
0.059 0.5 2.69042e-21
0.059 0.549 2.99965e-17
0.059 0.598 1.28013e-13
0.059 0.647 2.09108e-10
0.059 0.696 1.30744e-07
0.059 0.745 3.12899e-05
0.059 0.794 0.00286629
0.059 0.843 0.100501
0.059 0.892 1.34881
0.059 0.941 6.92896
0.059 0.99 13.6244
0.108 0.01 6.50281e-85
0.108 0.059 1.07384e-76
0.108 0.108 6.78882e-69
0.108 0.157 1.64279e-61
0.108 0.206 1.52161e-54
0.108 0.255 5.39455e-48
0.108 0.304 7.32051e-42
0.108 0.353 3.80242e-36
0.108 0.402 7.55983e-31
0.108 0.451 5.75303e-26
0.108 0.5 1.67577e-21
0.108 0.549 1.86838e-17
0.108 0.598 7.97349e-14
0.108 0.647 1.30246e-10
0.108 0.696 8.14357e-08
0.108 0.745 1.94894e-05
0.108 0.794 0.00178531
0.108 0.843 0.0625984
0.108 0.892 0.840129
0.108 0.941 4.31581
0.108 0.99 8.48615
0.157 0.01 8.90365e-85
0.157 0.059 1.4703e-76
0.157 0.108 9.29524e-69
0.157 0.157 2.24931e-61
0.157 0.206 2.08338e-54
0.157 0.255 7.38622e-48
0.157 0.304 1.00232e-41
0.157 0.353 5.20627e-36
0.157 0.402 1.03509e-30
0.157 0.451 7.87704e-26
0.157 0.5 2.29446e-21
0.157 0.549 2.55818e-17
0.157 0.598 1.09173e-13
0.157 0.647 1.78333e-10
0.157 0.696 1.11502e-07
0.157 0.745 2.66848e-05
0.157 0.794 0.00244445
0.157 0.843 0.0857097
0.157 0.892 1.1503
0.157 0.941 5.9092
0.157 0.99 11.6192
0.206 0.01 1.2161e-84
0.206 0.059 2.00819e-76
0.206 0.108 1.26958e-68
0.206 0.157 3.07219e-61
0.206 0.206 2.84557e-54
0.206 0.255 1.00884e-47
0.206 0.304 1.36902e-41
0.206 0.353 7.11094e-36
0.206 0.402 1.41377e-30
0.206 0.451 1.07588e-25
0.206 0.5 3.13387e-21
0.206 0.549 3.49407e-17
0.206 0.598 1.49113e-13
0.206 0.647 2.43574e-10
0.206 0.696 1.52294e-07
0.206 0.745 3.64472e-05
0.206 0.794 0.00333873
0.206 0.843 0.117066
0.206 0.892 1.57113
0.206 0.941 8.07102
0.206 0.99 15.87
0.255 0.01 1.43574e-84
0.255 0.059 2.37091e-76
0.255 0.108 1.49889e-68
0.255 0.157 3.62708e-61
0.255 0.206 3.35953e-54
0.255 0.255 1.19105e-47
0.255 0.304 1.61628e-41
0.255 0.353 8.39529e-36
0.255 0.402 1.66912e-30
0.255 0.451 1.2702e-25
0.255 0.5 3.6999e-21
0.255 0.549 4.12515e-17
0.255 0.598 1.76045e-13
0.255 0.647 2.87568e-10
0.255 0.696 1.798e-07
0.255 0.745 4.30302e-05
0.255 0.794 0.00394175
0.255 0.843 0.13821
0.255 0.892 1.8549
0.255 0.941 9.52878
0.255 0.99 18.7364
0.304 0.01 1.47548e-84
0.304 0.059 2.43652e-76
0.304 0.108 1.54037e-68
0.304 0.157 3.72746e-61
0.304 0.206 3.4525e-54
0.304 0.255 1.22401e-47
0.304 0.304 1.66101e-41
0.304 0.353 8.62762e-36
0.304 0.402 1.71531e-30
0.304 0.451 1.30535e-25
0.304 0.5 3.80229e-21
0.304 0.549 4.23931e-17
0.304 0.598 1.80917e-13
0.304 0.647 2.95526e-10
0.304 0.696 1.84776e-07
0.304 0.745 4.4221e-05
0.304 0.794 0.00405084
0.304 0.843 0.142035
0.304 0.892 1.90624
0.304 0.941 9.79248
0.304 0.99 19.2549
0.353 0.01 1.22302e-84
0.353 0.059 2.01962e-76
0.353 0.108 1.27681e-68
0.353 0.157 3.08967e-61
0.353 0.206 2.86176e-54
0.353 0.255 1.01458e-47
0.353 0.304 1.3768e-41
0.353 0.353 7.1514e-36
0.353 0.402 1.42181e-30
0.353 0.451 1.082e-25
0.353 0.5 3.1517e-21
0.353 0.549 3.51395e-17
0.353 0.598 1.49961e-13
0.353 0.647 2.4496e-10
0.353 0.696 1.5316e-07
0.353 0.745 3.66546e-05
0.353 0.794 0.00335772
0.353 0.843 0.117732
0.353 0.892 1.58007
0.353 0.941 8.11694
0.353 0.99 15.9603
0.402 0.01 9.49405e-85
0.402 0.059 1.56779e-76
0.402 0.108 9.91162e-69
0.402 0.157 2.39846e-61
0.402 0.206 2.22153e-54
0.402 0.255 7.876e-48
0.402 0.304 1.06879e-41
0.402 0.353 5.5515e-36
0.402 0.402 1.10373e-30
0.402 0.451 8.39937e-26
0.402 0.5 2.44661e-21
0.402 0.549 2.72782e-17
0.402 0.598 1.16412e-13
0.402 0.647 1.90158e-10
0.402 0.696 1.18895e-07
0.402 0.745 2.84543e-05
0.402 0.794 0.00260654
0.402 0.843 0.0913932
0.402 0.892 1.22658
0.402 0.941 6.30104
0.402 0.99 12.3897
0.451 0.01 9.52713e-85
0.451 0.059 1.57326e-76
0.451 0.108 9.94615e-69
0.451 0.157 2.40682e-61
0.451 0.206 2.22927e-54
0.451 0.255 7.90344e-48
0.451 0.304 1.07251e-41
0.451 0.353 5.57084e-36
0.451 0.402 1.10757e-30
0.451 0.451 8.42863e-26
0.451 0.5 2.45513e-21
0.451 0.549 2.73732e-17
0.451 0.598 1.16818e-13
0.451 0.647 1.90821e-10
0.451 0.696 1.1931e-07
0.451 0.745 2.85535e-05
0.451 0.794 0.00261562
0.451 0.843 0.0917116
0.451 0.892 1.23085
0.451 0.941 6.32299
0.451 0.99 12.4329
0.5 0.01 8.94014e-85
0.5 0.059 1.47632e-76
0.5 0.108 9.33334e-69
0.5 0.157 2.25853e-61
0.5 0.206 2.09192e-54
0.5 0.255 7.41649e-48
0.5 0.304 1.00643e-41
0.5 0.353 5.22761e-36
0.5 0.402 1.03933e-30
0.5 0.451 7.90933e-26
0.5 0.5 2.30387e-21
0.5 0.549 2.56867e-17
0.5 0.598 1.0962e-13
0.5 0.647 1.79064e-10
0.5 0.696 1.11959e-07
0.5 0.745 2.67942e-05
0.5 0.794 0.00245447
0.5 0.843 0.086061
0.5 0.892 1.15502
0.5 0.941 5.93342
0.5 0.99 11.6669
0.549 0.01 8.38901e-85
0.549 0.059 1.38531e-76
0.549 0.108 8.75797e-69
0.549 0.157 2.1193e-61
0.549 0.206 1.96296e-54
0.549 0.255 6.95929e-48
0.549 0.304 9.44389e-42
0.549 0.353 4.90535e-36
0.549 0.402 9.75262e-31
0.549 0.451 7.42174e-26
0.549 0.5 2.16184e-21
0.549 0.549 2.41032e-17
0.549 0.598 1.02863e-13
0.549 0.647 1.68025e-10
0.549 0.696 1.05057e-07
0.549 0.745 2.51424e-05
0.549 0.794 0.00230316
0.549 0.843 0.0807557
0.549 0.892 1.08382
0.549 0.941 5.56764
0.549 0.99 10.9476
0.598 0.01 9.49845e-85
0.598 0.059 1.56852e-76
0.598 0.108 9.91621e-69
0.598 0.157 2.39957e-61
0.598 0.206 2.22256e-54
0.598 0.255 7.87965e-48
0.598 0.304 1.06928e-41
0.598 0.353 5.55408e-36
0.598 0.402 1.10424e-30
0.598 0.451 8.40326e-26
0.598 0.5 2.44774e-21
0.598 0.549 2.72908e-17
0.598 0.598 1.16466e-13
0.598 0.647 1.90246e-10
0.598 0.696 1.18951e-07
0.598 0.745 2.84675e-05
0.598 0.794 0.00260775
0.598 0.843 0.0914355
0.598 0.892 1.22715
0.598 0.941 6.30396
0.598 0.99 12.3955
0.647 0.01 1.08742e-84
0.647 0.059 1.79571e-76
0.647 0.108 1.13525e-68
0.647 0.157 2.74713e-61
0.647 0.206 2.54448e-54
0.647 0.255 9.02096e-48
0.647 0.304 1.22416e-41
0.647 0.353 6.35854e-36
0.647 0.402 1.26418e-30
0.647 0.451 9.62041e-26
0.647 0.5 2.80228e-21
0.647 0.549 3.12436e-17
0.647 0.598 1.33335e-13
0.647 0.647 2.17802e-10
0.647 0.696 1.3618e-07
0.647 0.745 3.25908e-05
0.647 0.794 0.00298546
0.647 0.843 0.104679
0.647 0.892 1.40489
0.647 0.941 7.21704
0.647 0.99 14.1908
0.696 0.01 1.51023e-84
0.696 0.059 2.4939e-76
0.696 0.108 1.57665e-68
0.696 0.157 3.81525e-61
0.696 0.206 3.53381e-54
0.696 0.255 1.25284e-47
0.696 0.304 1.70013e-41
0.696 0.353 8.83082e-36
0.696 0.402 1.75571e-30
0.696 0.451 1.33609e-25
0.696 0.5 3.89184e-21
0.696 0.549 4.33916e-17
0.696 0.598 1.85178e-13
0.696 0.647 3.02486e-10
0.696 0.696 1.89128e-07
0.696 0.745 4.52625e-05
0.696 0.794 0.00414624
0.696 0.843 0.14538
0.696 0.892 1.95113
0.696 0.941 10.0231
0.696 0.99 19.7084
0.745 0.01 1.74301e-84
0.745 0.059 2.8783e-76
0.745 0.108 1.81967e-68
0.745 0.157 4.40331e-61
0.745 0.206 4.0785e-54
0.745 0.255 1.44595e-47
0.745 0.304 1.96218e-41
0.745 0.353 1.0192e-35
0.745 0.402 2.02633e-30
0.745 0.451 1.54203e-25
0.745 0.5 4.49171e-21
0.745 0.549 5.00798e-17
0.745 0.598 2.1372e-13
0.745 0.647 3.4911e-10
0.745 0.696 2.18279e-07
0.745 0.745 5.22391e-05
0.745 0.794 0.00478533
0.745 0.843 0.167788
0.745 0.892 2.25187
0.745 0.941 11.568
0.745 0.99 22.7462
0.794 0.01 1.43222e-84
0.794 0.059 2.36509e-76
0.794 0.108 1.49521e-68
0.794 0.157 3.61818e-61
0.794 0.206 3.35128e-54
0.794 0.255 1.18813e-47
0.794 0.304 1.61231e-41
0.794 0.353 8.37468e-36
0.794 0.402 1.66502e-30
0.794 0.451 1.26708e-25
0.794 0.5 3.69081e-21
0.794 0.549 4.11503e-17
0.794 0.598 1.75613e-13
0.794 0.647 2.86862e-10
0.794 0.696 1.79359e-07
0.794 0.745 4.29245e-05
0.794 0.794 0.00393208
0.794 0.843 0.13787
0.794 0.892 1.85035
0.794 0.941 9.50539
0.794 0.99 18.6904
0.843 0.01 1.13288e-84
0.843 0.059 1.87077e-76
0.843 0.108 1.1827e-68
0.843 0.157 2.86196e-61
0.843 0.206 2.65084e-54
0.843 0.255 9.39804e-48
0.843 0.304 1.27533e-41
0.843 0.353 6.62433e-36
0.843 0.402 1.31702e-30
0.843 0.451 1.00226e-25
0.843 0.5 2.91942e-21
0.843 0.549 3.25497e-17
0.843 0.598 1.38909e-13
0.843 0.647 2.26906e-10
0.843 0.696 1.41872e-07
0.843 0.745 3.39531e-05
0.843 0.794 0.00311025
0.843 0.843 0.109055
0.843 0.892 1.46362
0.843 0.941 7.51872
0.843 0.99 14.784
0.892 0.01 1.03501e-84
0.892 0.059 1.70916e-76
0.892 0.108 1.08053e-68
0.892 0.157 2.61472e-61
0.892 0.206 2.42184e-54
0.892 0.255 8.58615e-48
0.892 0.304 1.16516e-41
0.892 0.353 6.05206e-36
0.892 0.402 1.20325e-30
0.892 0.451 9.1567e-26
0.892 0.5 2.66721e-21
0.892 0.549 2.97377e-17
0.892 0.598 1.26909e-13
0.892 0.647 2.07304e-10
0.892 0.696 1.29616e-07
0.892 0.745 3.10199e-05
0.892 0.794 0.00284156
0.892 0.843 0.0996337
0.892 0.892 1.33718
0.892 0.941 6.86918
0.892 0.99 13.5068
0.941 0.01 1.47108e-84
0.941 0.059 2.42925e-76
0.941 0.108 1.53578e-68
0.941 0.157 3.71635e-61
0.941 0.206 3.4422e-54
0.941 0.255 1.22036e-47
0.941 0.304 1.65606e-41
0.941 0.353 8.6019e-36
0.941 0.402 1.7102e-30
0.941 0.451 1.30146e-25
0.941 0.5 3.79095e-21
0.941 0.549 4.22667e-17
0.941 0.598 1.80377e-13
0.941 0.647 2.94645e-10
0.941 0.696 1.84225e-07
0.941 0.745 4.40892e-05
0.941 0.794 0.00403876
0.941 0.843 0.141611
0.941 0.892 1.90055
0.941 0.941 9.76329
0.941 0.99 19.1975
0.99 0.01 2.05552e-84
0.99 0.059 3.39437e-76
0.99 0.108 2.14592e-68
0.99 0.157 5.19281e-61
0.99 0.206 4.80975e-54
0.99 0.255 1.7052e-47
0.99 0.304 2.31399e-41
0.99 0.353 1.20193e-35
0.99 0.402 2.38964e-30
0.99 0.451 1.81851e-25
0.99 0.5 5.29705e-21
0.99 0.549 5.90588e-17
0.99 0.598 2.52039e-13
0.99 0.647 4.11704e-10
0.99 0.696 2.57416e-07
0.99 0.745 6.16053e-05
0.99 0.794 0.00564332
0.99 0.843 0.197872
0.99 0.892 2.65562
0.99 0.941 13.6421
0.99 0.99 26.8245
