0.01 0.01 3.76926
0.01 0.059 2.90629
0.01 0.108 1.91494
0.01 0.157 1.58212
0.01 0.206 1.41768
0.01 0.255 1.47085
0.01 0.304 1.67942
0.01 0.353 1.84417
0.01 0.402 2.09838
0.01 0.451 2.25872
0.01 0.5 2.22282
0.01 0.549 1.85136
0.01 0.598 1.47906
0.01 0.647 1.26747
0.01 0.696 0.765295
0.01 0.745 0.518777
0.01 0.794 0.867938
0.01 0.843 1.21954
0.01 0.892 1.33584
0.01 0.941 2.07393
0.01 0.99 3.05154
0.059 0.01 3.05489
0.059 0.059 2.35548
0.059 0.108 1.55201
0.059 0.157 1.28226
0.059 0.206 1.14899
0.059 0.255 1.19209
0.059 0.304 1.36113
0.059 0.353 1.49466
0.059 0.402 1.70068
0.059 0.451 1.83064
0.059 0.5 1.80154
0.059 0.549 1.50048
0.059 0.598 1.19874
0.059 0.647 1.02725
0.059 0.696 0.620252
0.059 0.745 0.420455
0.059 0.794 0.703442
0.059 0.843 0.98841
0.059 0.892 1.08266
0.059 0.941 1.68087
0.059 0.99 2.4732
0.108 0.01 3.19854
0.108 0.059 2.46624
0.108 0.108 1.62499
0.108 0.157 1.34256
0.108 0.206 1.20302
0.108 0.255 1.24814
0.108 0.304 1.42513
0.108 0.353 1.56494
0.108 0.402 1.78065
0.108 0.451 1.91672
0.108 0.5 1.88625
0.108 0.549 1.57104
0.108 0.598 1.25511
0.108 0.647 1.07555
0.108 0.696 0.649418
0.108 0.745 0.440226
0.108 0.794 0.73652
0.108 0.843 1.03489
0.108 0.892 1.13357
0.108 0.941 1.75991
0.108 0.99 2.58949
0.157 0.01 3.8478
0.157 0.059 2.96685
0.157 0.108 1.95484
0.157 0.157 1.61508
0.157 0.206 1.44722
0.157 0.255 1.5015
0.157 0.304 1.71442
0.157 0.353 1.8826
0.157 0.402 2.1421
0.157 0.451 2.30579
0.157 0.5 2.26913
0.157 0.549 1.88993
0.157 0.598 1.50987
0.157 0.647 1.29388
0.157 0.696 0.781241
0.157 0.745 0.529586
0.157 0.794 0.886023
0.157 0.843 1.24496
0.157 0.892 1.36367
0.157 0.941 2.11714
0.157 0.99 3.11513
0.206 0.01 3.45684
0.206 0.059 2.6654
0.206 0.108 1.75621
0.206 0.157 1.45098
0.206 0.206 1.30017
0.206 0.255 1.34894
0.206 0.304 1.54022
0.206 0.353 1.69132
0.206 0.402 1.92445
0.206 0.451 2.07151
0.206 0.5 2.03857
0.206 0.549 1.6979
0.206 0.598 1.35646
0.206 0.647 1.16241
0.206 0.696 0.701862
0.206 0.745 0.475777
0.206 0.794 0.795997
0.206 0.843 1.11846
0.206 0.892 1.22512
0.206 0.941 1.90203
0.206 0.99 2.79861
0.255 0.01 2.50185
0.255 0.059 1.92905
0.255 0.108 1.27104
0.255 0.157 1.05013
0.255 0.206 0.940984
0.255 0.255 0.976278
0.255 0.304 1.11472
0.255 0.353 1.22407
0.255 0.402 1.3928
0.255 0.451 1.49923
0.255 0.5 1.4754
0.255 0.549 1.22884
0.255 0.598 0.981724
0.255 0.647 0.841281
0.255 0.696 0.507965
0.255 0.745 0.344338
0.255 0.794 0.576094
0.255 0.843 0.809473
0.255 0.892 0.886665
0.255 0.941 1.37657
0.255 0.99 2.02546
0.304 0.01 1.93778
0.304 0.059 1.49413
0.304 0.108 0.984474
0.304 0.157 0.813369
0.304 0.206 0.728831
0.304 0.255 0.756168
0.304 0.304 0.863395
0.304 0.353 0.948094
0.304 0.402 1.07878
0.304 0.451 1.16122
0.304 0.5 1.14276
0.304 0.549 0.951787
0.304 0.598 0.760386
0.304 0.647 0.651607
0.304 0.696 0.39344
0.304 0.745 0.266704
0.304 0.794 0.446209
0.304 0.843 0.62697
0.304 0.892 0.686758
0.304 0.941 1.06621
0.304 0.99 1.5688
0.353 0.01 1.57104
0.353 0.059 1.21135
0.353 0.108 0.798153
0.353 0.157 0.659432
0.353 0.206 0.590893
0.353 0.255 0.613056
0.353 0.304 0.699989
0.353 0.353 0.768659
0.353 0.402 0.874611
0.353 0.451 0.941445
0.353 0.5 0.926478
0.353 0.549 0.771653
0.353 0.598 0.616476
0.353 0.647 0.528284
0.353 0.696 0.318978
0.353 0.745 0.216228
0.353 0.794 0.36176
0.353 0.843 0.50831
0.353 0.892 0.556783
0.353 0.941 0.864421
0.353 0.99 1.27189
0.402 0.01 1.58831
0.402 0.059 1.22467
0.402 0.108 0.806929
0.402 0.157 0.666682
0.402 0.206 0.59739
0.402 0.255 0.619797
0.402 0.304 0.707686
0.402 0.353 0.77711
0.402 0.402 0.884228
0.402 0.451 0.951796
0.402 0.5 0.936665
0.402 0.549 0.780137
0.402 0.598 0.623254
0.402 0.647 0.534093
0.402 0.696 0.322485
0.402 0.745 0.218605
0.402 0.794 0.365737
0.402 0.843 0.513899
0.402 0.892 0.562905
0.402 0.941 0.873926
0.402 0.99 1.28588
0.451 0.01 1.37782
0.451 0.059 1.06237
0.451 0.108 0.69999
0.451 0.157 0.578329
0.451 0.206 0.51822
0.451 0.255 0.537657
0.451 0.304 0.613899
0.451 0.353 0.674122
0.451 0.402 0.767044
0.451 0.451 0.825658
0.451 0.5 0.812532
0.451 0.549 0.676748
0.451 0.598 0.540656
0.451 0.647 0.463311
0.451 0.696 0.279747
0.451 0.745 0.189634
0.451 0.794 0.317267
0.451 0.843 0.445794
0.451 0.892 0.488305
0.451 0.941 0.758107
0.451 0.99 1.11547
0.5 0.01 1.01594
0.5 0.059 0.783343
0.5 0.108 0.51614
0.5 0.157 0.426433
0.5 0.206 0.382111
0.5 0.255 0.396443
0.5 0.304 0.45266
0.5 0.353 0.497066
0.5 0.402 0.565582
0.5 0.451 0.608802
0.5 0.5 0.599123
0.5 0.549 0.499003
0.5 0.598 0.398655
0.5 0.647 0.341624
0.5 0.696 0.206272
0.5 0.745 0.139828
0.5 0.794 0.233938
0.5 0.843 0.328708
0.5 0.892 0.360053
0.5 0.941 0.558993
0.5 0.99 0.822492
0.549 0.01 1.33568
0.549 0.059 1.02988
0.549 0.108 0.678581
0.549 0.157 0.560641
0.549 0.206 0.50237
0.549 0.255 0.521213
0.549 0.304 0.595123
0.549 0.353 0.653504
0.549 0.402 0.743584
0.549 0.451 0.800405
0.549 0.5 0.787681
0.549 0.549 0.65605
0.549 0.598 0.524121
0.549 0.647 0.449141
0.549 0.696 0.271191
0.549 0.745 0.183834
0.549 0.794 0.307564
0.549 0.843 0.43216
0.549 0.892 0.47337
0.549 0.941 0.734921
0.549 0.99 1.08135
0.598 0.01 1.48712
0.598 0.059 1.14664
0.598 0.108 0.755516
0.598 0.157 0.624205
0.598 0.206 0.559327
0.598 0.255 0.580306
0.598 0.304 0.662596
0.598 0.353 0.727597
0.598 0.402 0.827889
0.598 0.451 0.891153
0.598 0.5 0.876986
0.598 0.549 0.730431
0.598 0.598 0.583544
0.598 0.647 0.500064
0.598 0.696 0.301938
0.598 0.745 0.204677
0.598 0.794 0.342435
0.598 0.843 0.481157
0.598 0.892 0.52704
0.598 0.941 0.818244
0.598 0.99 1.20395
0.647 0.01 0.930435
0.647 0.059 0.717414
0.647 0.108 0.472699
0.647 0.157 0.390543
0.647 0.206 0.349951
0.647 0.255 0.363077
0.647 0.304 0.414563
0.647 0.353 0.455231
0.647 0.402 0.517981
0.647 0.451 0.557562
0.647 0.5 0.548699
0.647 0.549 0.457005
0.647 0.598 0.365102
0.647 0.647 0.312872
0.647 0.696 0.188912
0.647 0.745 0.128059
0.647 0.794 0.214249
0.647 0.843 0.301042
0.647 0.892 0.32975
0.647 0.941 0.511946
0.647 0.99 0.753268
0.696 0.01 0.790295
0.696 0.059 0.609358
0.696 0.108 0.401502
0.696 0.157 0.33172
0.696 0.206 0.297242
0.696 0.255 0.308391
0.696 0.304 0.352122
0.696 0.353 0.386665
0.696 0.402 0.439963
0.696 0.451 0.473583
0.696 0.5 0.466055
0.696 0.549 0.388171
0.696 0.598 0.310111
0.696 0.647 0.265748
0.696 0.696 0.160458
0.696 0.745 0.108771
0.696 0.794 0.181979
0.696 0.843 0.2557
0.696 0.892 0.280084
0.696 0.941 0.434838
0.696 0.99 0.639812
0.745 0.01 1.26268
0.745 0.059 0.973592
0.745 0.108 0.641494
0.745 0.157 0.53
0.745 0.206 0.474914
0.745 0.255 0.492727
0.745 0.304 0.562597
0.745 0.353 0.617788
0.745 0.402 0.702944
0.745 0.451 0.75666
0.745 0.5 0.744631
0.745 0.549 0.620194
0.745 0.598 0.495475
0.745 0.647 0.424594
0.745 0.696 0.256369
0.745 0.745 0.173787
0.745 0.794 0.290754
0.745 0.843 0.40854
0.745 0.892 0.447499
0.745 0.941 0.694755
0.745 0.99 1.02225
0.794 0.01 1.46507
0.794 0.059 1.12965
0.794 0.108 0.744318
0.794 0.157 0.614953
0.794 0.206 0.551037
0.794 0.255 0.571705
0.794 0.304 0.652775
0.794 0.353 0.716812
0.794 0.402 0.815618
0.794 0.451 0.877944
0.794 0.5 0.863987
0.794 0.549 0.719604
0.794 0.598 0.574894
0.794 0.647 0.492651
0.794 0.696 0.297463
0.794 0.745 0.201643
0.794 0.794 0.337359
0.794 0.843 0.474025
0.794 0.892 0.519228
0.794 0.941 0.806116
0.794 0.99 1.1861
0.843 0.01 1.30888
0.843 0.059 1.00921
0.843 0.108 0.664963
0.843 0.157 0.54939
0.843 0.206 0.492288
0.843 0.255 0.510753
0.843 0.304 0.58318
0.843 0.353 0.64039
0.843 0.402 0.728662
0.843 0.451 0.784343
0.843 0.5 0.771874
0.843 0.549 0.642885
0.843 0.598 0.513603
0.843 0.647 0.440128
0.843 0.696 0.265749
0.843 0.745 0.180145
0.843 0.794 0.301392
0.843 0.843 0.423487
0.843 0.892 0.463871
0.843 0.941 0.720173
0.843 0.99 1.05965
0.892 0.01 1.91923
0.892 0.059 1.47982
0.892 0.108 0.975047
0.892 0.157 0.80558
0.892 0.206 0.721851
0.892 0.255 0.748926
0.892 0.304 0.855127
0.892 0.353 0.939015
0.892 0.402 1.06845
0.892 0.451 1.1501
0.892 0.5 1.13181
0.892 0.549 0.942673
0.892 0.598 0.753104
0.892 0.647 0.645367
0.892 0.696 0.389672
0.892 0.745 0.26415
0.892 0.794 0.441936
0.892 0.843 0.620966
0.892 0.892 0.680182
0.892 0.941 1.056
0.892 0.99 1.55378
0.941 0.01 3.72583
0.941 0.059 2.8728
0.941 0.108 1.89287
0.941 0.157 1.56389
0.941 0.206 1.40134
0.941 0.255 1.4539
0.941 0.304 1.66007
0.941 0.353 1.82292
0.941 0.402 2.0742
0.941 0.451 2.2327
0.941 0.5 2.1972
0.941 0.549 1.83003
0.941 0.598 1.46201
0.941 0.647 1.25286
0.941 0.696 0.756477
0.941 0.745 0.512799
0.941 0.794 0.857937
0.941 0.843 1.20549
0.941 0.892 1.32045
0.941 0.941 2.05003
0.941 0.99 3.01638
0.99 0.01 5.44568
0.99 0.059 4.1989
0.99 0.108 2.76663
0.99 0.157 2.28578
0.99 0.206 2.04821
0.99 0.255 2.12503
0.99 0.304 2.42637
0.99 0.353 2.66439
0.99 0.402 3.03166
0.99 0.451 3.26332
0.99 0.5 3.21144
0.99 0.549 2.67477
0.99 0.598 2.13688
0.99 0.647 1.83119
0.99 0.696 1.10567
0.99 0.745 0.749509
0.99 0.794 1.25396
0.99 0.843 1.76195
0.99 0.892 1.92997
0.99 0.941 2.99634
0.99 0.99 4.40875
