0.01 0.01 0.1192
0.01 0.059 0.28887
0.01 0.108 0.483316
0.01 0.157 0.467968
0.01 0.206 0.375375
0.01 0.255 0.309128
0.01 0.304 0.171249
0.01 0.353 0.0832569
0.01 0.402 0.108643
0.01 0.451 0.151317
0.01 0.5 0.20237
0.01 0.549 0.164744
0.01 0.598 0.0597327
0.01 0.647 0.037232
0.01 0.696 0.110426
0.01 0.745 0.214321
0.01 0.794 0.240859
0.01 0.843 0.196166
0.01 0.892 0.44399
0.01 0.941 1.53552
0.01 0.99 2.76172
0.059 0.01 0.15374
0.059 0.059 0.372575
0.059 0.108 0.623364
0.059 0.157 0.603569
0.059 0.206 0.484145
0.059 0.255 0.398703
0.059 0.304 0.220871
0.059 0.353 0.107382
0.059 0.402 0.140124
0.059 0.451 0.195164
0.059 0.5 0.26101
0.059 0.549 0.212482
0.059 0.598 0.0770411
0.059 0.647 0.0480205
0.059 0.696 0.142424
0.059 0.745 0.276424
0.059 0.794 0.310651
0.059 0.843 0.253009
0.059 0.892 0.572643
0.059 0.941 1.98046
0.059 0.99 3.56196
0.108 0.01 0.195323
0.108 0.059 0.473346
0.108 0.108 0.791968
0.108 0.157 0.766818
0.108 0.206 0.615094
0.108 0.255 0.506541
0.108 0.304 0.280611
0.108 0.353 0.136426
0.108 0.402 0.178024
0.108 0.451 0.247951
0.108 0.5 0.331607
0.108 0.549 0.269953
0.108 0.598 0.0978788
0.108 0.647 0.0610088
0.108 0.696 0.180945
0.108 0.745 0.35119
0.108 0.794 0.394675
0.108 0.843 0.321441
0.108 0.892 0.727528
0.108 0.941 2.51612
0.108 0.99 4.52538
0.157 0.01 0.172034
0.157 0.059 0.416908
0.157 0.108 0.69754
0.157 0.157 0.675389
0.157 0.206 0.541755
0.157 0.255 0.446145
0.157 0.304 0.247153
0.157 0.353 0.12016
0.157 0.402 0.156798
0.157 0.451 0.218387
0.157 0.5 0.292069
0.157 0.549 0.237766
0.157 0.598 0.0862085
0.157 0.647 0.0537346
0.157 0.696 0.159371
0.157 0.745 0.309317
0.157 0.794 0.347617
0.157 0.843 0.283115
0.157 0.892 0.640784
0.157 0.941 2.21612
0.157 0.99 3.98581
0.206 0.01 0.164152
0.206 0.059 0.397808
0.206 0.108 0.665582
0.206 0.157 0.644447
0.206 0.206 0.516935
0.206 0.255 0.425706
0.206 0.304 0.23583
0.206 0.353 0.114655
0.206 0.402 0.149615
0.206 0.451 0.208382
0.206 0.5 0.278688
0.206 0.549 0.226873
0.206 0.598 0.0822589
0.206 0.647 0.0512728
0.206 0.696 0.152069
0.206 0.745 0.295145
0.206 0.794 0.331691
0.206 0.843 0.270144
0.206 0.892 0.611427
0.206 0.941 2.11459
0.206 0.99 3.80321
0.255 0.01 0.237186
0.255 0.059 0.5748
0.255 0.108 0.961711
0.255 0.157 0.931172
0.255 0.206 0.746928
0.255 0.255 0.615109
0.255 0.304 0.340754
0.255 0.353 0.165666
0.255 0.402 0.216181
0.255 0.451 0.301094
0.255 0.5 0.402681
0.255 0.549 0.327812
0.255 0.598 0.118857
0.255 0.647 0.0740849
0.255 0.696 0.219728
0.255 0.745 0.426461
0.255 0.794 0.479266
0.255 0.843 0.390336
0.255 0.892 0.883461
0.255 0.941 3.05541
0.255 0.99 5.49532
0.304 0.01 0.254951
0.304 0.059 0.617851
0.304 0.108 1.03374
0.304 0.157 1.00092
0.304 0.206 0.802871
0.304 0.255 0.66118
0.304 0.304 0.366276
0.304 0.353 0.178074
0.304 0.402 0.232372
0.304 0.451 0.323646
0.304 0.5 0.432841
0.304 0.549 0.352364
0.304 0.598 0.127759
0.304 0.647 0.0796337
0.304 0.696 0.236185
0.304 0.745 0.458402
0.304 0.794 0.515162
0.304 0.843 0.419571
0.304 0.892 0.94963
0.304 0.941 3.28425
0.304 0.99 5.90691
0.353 0.01 0.243811
0.353 0.059 0.590854
0.353 0.108 0.988573
0.353 0.157 0.957181
0.353 0.206 0.76779
0.353 0.255 0.63229
0.353 0.304 0.350272
0.353 0.353 0.170294
0.353 0.402 0.222219
0.353 0.451 0.309504
0.353 0.5 0.413928
0.353 0.549 0.336968
0.353 0.598 0.122177
0.353 0.647 0.0761542
0.353 0.696 0.225865
0.353 0.745 0.438372
0.353 0.794 0.492652
0.353 0.843 0.401238
0.353 0.892 0.908137
0.353 0.941 3.14075
0.353 0.99 5.64881
0.402 0.01 0.229606
0.402 0.059 0.556428
0.402 0.108 0.930974
0.402 0.157 0.90141
0.402 0.206 0.723055
0.402 0.255 0.595449
0.402 0.304 0.329863
0.402 0.353 0.160371
0.402 0.402 0.209271
0.402 0.451 0.291471
0.402 0.5 0.389811
0.402 0.549 0.317335
0.402 0.598 0.115058
0.402 0.647 0.0717171
0.402 0.696 0.212705
0.402 0.745 0.41283
0.402 0.794 0.463948
0.402 0.843 0.37786
0.402 0.892 0.855224
0.402 0.941 2.95775
0.402 0.99 5.31968
0.451 0.01 0.149436
0.451 0.059 0.362145
0.451 0.108 0.605913
0.451 0.157 0.586672
0.451 0.206 0.470592
0.451 0.255 0.387541
0.451 0.304 0.214688
0.451 0.353 0.104376
0.451 0.402 0.136202
0.451 0.451 0.1897
0.451 0.5 0.253704
0.451 0.549 0.206533
0.451 0.598 0.0748844
0.451 0.647 0.0466762
0.451 0.696 0.138436
0.451 0.745 0.268686
0.451 0.794 0.301955
0.451 0.843 0.245926
0.451 0.892 0.556612
0.451 0.941 1.92502
0.451 0.99 3.46225
0.5 0.01 0.136892
0.5 0.059 0.331745
0.5 0.108 0.555051
0.5 0.157 0.537425
0.5 0.206 0.431089
0.5 0.255 0.35501
0.5 0.304 0.196666
0.5 0.353 0.0956141
0.5 0.402 0.124768
0.5 0.451 0.173776
0.5 0.5 0.232407
0.5 0.549 0.189196
0.5 0.598 0.0685984
0.5 0.647 0.042758
0.5 0.696 0.126816
0.5 0.745 0.246131
0.5 0.794 0.276608
0.5 0.843 0.225282
0.5 0.892 0.509888
0.5 0.941 1.76342
0.5 0.99 3.17162
0.549 0.01 0.216232
0.549 0.059 0.524019
0.549 0.108 0.876749
0.549 0.157 0.848907
0.549 0.206 0.68094
0.549 0.255 0.560767
0.549 0.304 0.31065
0.549 0.353 0.151031
0.549 0.402 0.197082
0.549 0.451 0.274494
0.549 0.5 0.367106
0.549 0.549 0.298851
0.549 0.598 0.108357
0.549 0.647 0.0675399
0.549 0.696 0.200316
0.549 0.745 0.388785
0.549 0.794 0.436925
0.549 0.843 0.355852
0.549 0.892 0.805411
0.549 0.941 2.78548
0.549 0.99 5.00983
0.598 0.01 0.255575
0.598 0.059 0.619363
0.598 0.108 1.03627
0.598 0.157 1.00336
0.598 0.206 0.804836
0.598 0.255 0.662797
0.598 0.304 0.367172
0.598 0.353 0.17851
0.598 0.402 0.232941
0.598 0.451 0.324438
0.598 0.5 0.4339
0.598 0.549 0.353227
0.598 0.598 0.128072
0.598 0.647 0.0798286
0.598 0.696 0.236763
0.598 0.745 0.459523
0.598 0.794 0.516422
0.598 0.843 0.420598
0.598 0.892 0.951954
0.598 0.941 3.29229
0.598 0.99 5.92136
0.647 0.01 0.34261
0.647 0.059 0.830285
0.647 0.108 1.38917
0.647 0.157 1.34506
0.647 0.206 1.07892
0.647 0.255 0.888511
0.647 0.304 0.492212
0.647 0.353 0.239301
0.647 0.402 0.312268
0.647 0.451 0.434924
0.647 0.5 0.581663
0.647 0.549 0.473517
0.647 0.598 0.171687
0.647 0.647 0.107014
0.647 0.696 0.317392
0.647 0.745 0.616012
0.647 0.794 0.692288
0.647 0.843 0.563831
0.647 0.892 1.27614
0.647 0.941 4.41346
0.647 0.99 7.93786
0.696 0.01 0.586786
0.696 0.059 1.42202
0.696 0.108 2.37922
0.696 0.157 2.30367
0.696 0.206 1.84786
0.696 0.255 1.52175
0.696 0.304 0.843008
0.696 0.353 0.409849
0.696 0.402 0.534819
0.696 0.451 0.744891
0.696 0.5 0.99621
0.696 0.549 0.810989
0.696 0.598 0.294046
0.696 0.647 0.183282
0.696 0.696 0.543594
0.696 0.745 1.05504
0.696 0.794 1.18568
0.696 0.843 0.965669
0.696 0.892 2.18563
0.696 0.941 7.55891
0.696 0.99 13.5951
0.745 0.01 0.764763
0.745 0.059 1.85333
0.745 0.108 3.10086
0.745 0.157 3.00239
0.745 0.206 2.40833
0.745 0.255 1.9833
0.745 0.304 1.0987
0.745 0.353 0.53416
0.745 0.402 0.697034
0.745 0.451 0.970822
0.745 0.5 1.29837
0.745 0.549 1.05697
0.745 0.598 0.383233
0.745 0.647 0.238873
0.745 0.696 0.708471
0.745 0.745 1.37504
0.745 0.794 1.5453
0.745 0.843 1.25856
0.745 0.892 2.84855
0.745 0.941 9.85159
0.745 0.99 17.7186
0.794 0.01 0.648127
0.794 0.059 1.57068
0.794 0.108 2.62794
0.794 0.157 2.54449
0.794 0.206 2.04103
0.794 0.255 1.68083
0.794 0.304 0.931134
0.794 0.353 0.452694
0.794 0.402 0.590728
0.794 0.451 0.82276
0.794 0.5 1.10035
0.794 0.549 0.895767
0.794 0.598 0.324785
0.794 0.647 0.202442
0.794 0.696 0.60042
0.794 0.745 1.16533
0.794 0.794 1.30962
0.794 0.843 1.06662
0.794 0.892 2.41411
0.794 0.941 8.3491
0.794 0.99 15.0163
0.843 0.01 0.426025
0.843 0.059 1.03243
0.843 0.108 1.72739
0.843 0.157 1.67254
0.843 0.206 1.3416
0.843 0.255 1.10484
0.843 0.304 0.61205
0.843 0.353 0.297564
0.843 0.402 0.388295
0.843 0.451 0.540814
0.843 0.5 0.72328
0.843 0.549 0.588803
0.843 0.598 0.213487
0.843 0.647 0.133069
0.843 0.696 0.394667
0.843 0.745 0.765992
0.843 0.794 0.860839
0.843 0.843 0.701106
0.843 0.892 1.58684
0.843 0.941 5.48801
0.843 0.99 9.87048
0.892 0.01 0.359749
0.892 0.059 0.871819
0.892 0.108 1.45866
0.892 0.157 1.41234
0.892 0.206 1.13289
0.892 0.255 0.932958
0.892 0.304 0.516834
0.892 0.353 0.251272
0.892 0.402 0.327889
0.892 0.451 0.45668
0.892 0.5 0.61076
0.892 0.549 0.497204
0.892 0.598 0.180275
0.892 0.647 0.112367
0.892 0.696 0.333269
0.892 0.745 0.646828
0.892 0.794 0.726919
0.892 0.843 0.592036
0.892 0.892 1.33998
0.892 0.941 4.63424
0.892 0.99 8.33494
0.941 0.01 0.45667
0.941 0.059 1.1067
0.941 0.108 1.85164
0.941 0.157 1.79284
0.941 0.206 1.43811
0.941 0.255 1.18431
0.941 0.304 0.656076
0.941 0.353 0.318968
0.941 0.402 0.416226
0.941 0.451 0.579716
0.941 0.5 0.775306
0.941 0.549 0.631157
0.941 0.598 0.228843
0.941 0.647 0.14264
0.941 0.696 0.423055
0.941 0.745 0.821091
0.941 0.794 0.92276
0.941 0.843 0.751538
0.941 0.892 1.70098
0.941 0.941 5.88277
0.941 0.99 10.5805
0.99 0.01 0.600357
0.99 0.059 1.45491
0.99 0.108 2.43424
0.99 0.157 2.35694
0.99 0.206 1.89059
0.99 0.255 1.55694
0.99 0.304 0.862504
0.99 0.353 0.419328
0.99 0.402 0.547188
0.99 0.451 0.762118
0.99 0.5 1.01925
0.99 0.549 0.829744
0.99 0.598 0.300847
0.99 0.647 0.187521
0.99 0.696 0.556166
0.99 0.745 1.07944
0.99 0.794 1.2131
0.99 0.843 0.988002
0.99 0.892 2.23618
0.99 0.941 7.73372
0.99 0.99 13.9095
