0.01 0.01 15.0781
0.01 0.059 9.81321
0.01 0.108 4.03212
0.01 0.157 1.50638
0.01 0.206 1.60491
0.01 0.255 2.46978
0.01 0.304 2.56895
0.01 0.353 1.91937
0.01 0.402 2.43472
0.01 0.451 3.17237
0.01 0.5 2.58694
0.01 0.549 2.32951
0.01 0.598 2.7514
0.01 0.647 2.20021
0.01 0.696 1.19683
0.01 0.745 1.58657
0.01 0.794 2.67981
0.01 0.843 3.00782
0.01 0.892 4.36749
0.01 0.941 11.3797
0.01 0.99 19.0467
0.059 0.01 8.40396
0.059 0.059 5.46949
0.059 0.108 2.24734
0.059 0.157 0.839596
0.059 0.206 0.894516
0.059 0.255 1.37656
0.059 0.304 1.43183
0.059 0.353 1.06978
0.059 0.402 1.35702
0.059 0.451 1.76815
0.059 0.5 1.44186
0.059 0.549 1.29838
0.059 0.598 1.53352
0.059 0.647 1.22631
0.059 0.696 0.667068
0.059 0.745 0.884291
0.059 0.794 1.49362
0.059 0.843 1.67644
0.059 0.892 2.43427
0.059 0.941 6.34261
0.059 0.99 10.6159
0.108 0.01 2.51186
0.108 0.059 1.63478
0.108 0.108 0.671708
0.108 0.157 0.250947
0.108 0.206 0.267362
0.108 0.255 0.411439
0.108 0.304 0.427961
0.108 0.353 0.319747
0.108 0.402 0.405598
0.108 0.451 0.528483
0.108 0.5 0.430957
0.108 0.549 0.388073
0.108 0.598 0.458354
0.108 0.647 0.366532
0.108 0.696 0.19938
0.108 0.745 0.264306
0.108 0.794 0.446427
0.108 0.843 0.50107
0.108 0.892 0.727578
0.108 0.941 1.89574
0.108 0.99 3.17297
0.157 0.01 1.22852
0.157 0.059 0.799548
0.157 0.108 0.328524
0.157 0.157 0.122735
0.157 0.206 0.130763
0.157 0.255 0.201229
0.157 0.304 0.20931
0.157 0.353 0.156384
0.157 0.402 0.198373
0.157 0.451 0.258474
0.157 0.5 0.210775
0.157 0.549 0.189801
0.157 0.598 0.224175
0.157 0.647 0.179266
0.157 0.696 0.0975141
0.157 0.745 0.129268
0.157 0.794 0.218342
0.157 0.843 0.245067
0.157 0.892 0.355849
0.157 0.941 0.927182
0.157 0.99 1.55186
0.206 0.01 1.3126
0.206 0.059 0.854268
0.206 0.108 0.351008
0.206 0.157 0.131135
0.206 0.206 0.139713
0.206 0.255 0.215001
0.206 0.304 0.223635
0.206 0.353 0.167087
0.206 0.402 0.211949
0.206 0.451 0.276164
0.206 0.5 0.225201
0.206 0.549 0.202791
0.206 0.598 0.239517
0.206 0.647 0.191535
0.206 0.696 0.104188
0.206 0.745 0.138116
0.206 0.794 0.233285
0.206 0.843 0.261839
0.206 0.892 0.380203
0.206 0.941 0.990638
0.206 0.99 1.65807
0.255 0.01 1.83104
0.255 0.059 1.19169
0.255 0.108 0.489649
0.255 0.157 0.18293
0.255 0.206 0.194896
0.255 0.255 0.299922
0.255 0.304 0.311966
0.255 0.353 0.233083
0.255 0.402 0.295665
0.255 0.451 0.385243
0.255 0.5 0.314151
0.255 0.549 0.282889
0.255 0.598 0.334122
0.255 0.647 0.267187
0.255 0.696 0.14534
0.255 0.745 0.192668
0.255 0.794 0.325428
0.255 0.843 0.36526
0.255 0.892 0.530375
0.255 0.941 1.38192
0.255 0.99 2.31297
0.304 0.01 1.54269
0.304 0.059 1.00402
0.304 0.108 0.412539
0.304 0.157 0.154123
0.304 0.206 0.164204
0.304 0.255 0.252691
0.304 0.304 0.262838
0.304 0.353 0.196377
0.304 0.402 0.249104
0.304 0.451 0.324576
0.304 0.5 0.264679
0.304 0.549 0.23834
0.304 0.598 0.281505
0.304 0.647 0.225111
0.304 0.696 0.122452
0.304 0.745 0.162327
0.304 0.794 0.27418
0.304 0.843 0.30774
0.304 0.892 0.446852
0.304 0.941 1.1643
0.304 0.99 1.94873
0.353 0.01 0.595445
0.353 0.059 0.387529
0.353 0.108 0.159231
0.353 0.157 0.0594878
0.353 0.206 0.0633791
0.353 0.255 0.097533
0.353 0.304 0.10145
0.353 0.353 0.0757971
0.353 0.402 0.0961484
0.353 0.451 0.125279
0.353 0.5 0.10216
0.353 0.549 0.0919939
0.353 0.598 0.108654
0.353 0.647 0.0868877
0.353 0.696 0.0472637
0.353 0.745 0.0626546
0.353 0.794 0.105827
0.353 0.843 0.118781
0.353 0.892 0.172475
0.353 0.941 0.449392
0.353 0.99 0.752165
0.402 0.01 0.47537
0.402 0.059 0.309382
0.402 0.108 0.127121
0.402 0.157 0.0474918
0.402 0.206 0.0505983
0.402 0.255 0.0778649
0.402 0.304 0.0809917
0.402 0.353 0.0605122
0.402 0.402 0.0767596
0.402 0.451 0.100016
0.402 0.5 0.0815588
0.402 0.549 0.0734429
0.402 0.598 0.0867436
0.402 0.647 0.0693663
0.402 0.696 0.0377327
0.402 0.745 0.05002
0.402 0.794 0.0844865
0.402 0.843 0.0948278
0.402 0.892 0.137694
0.402 0.941 0.35877
0.402 0.99 0.600486
0.451 0.01 1.10417
0.451 0.059 0.718618
0.451 0.108 0.295271
0.451 0.157 0.110312
0.451 0.206 0.117527
0.451 0.255 0.180861
0.451 0.304 0.188124
0.451 0.353 0.140555
0.451 0.402 0.178294
0.451 0.451 0.232312
0.451 0.5 0.189441
0.451 0.549 0.17059
0.451 0.598 0.201484
0.451 0.647 0.161121
0.451 0.696 0.0876438
0.451 0.745 0.116184
0.451 0.794 0.196241
0.451 0.843 0.220262
0.451 0.892 0.31983
0.451 0.941 0.833334
0.451 0.99 1.39478
0.5 0.01 1.8049
0.5 0.059 1.17467
0.5 0.108 0.482657
0.5 0.157 0.180318
0.5 0.206 0.192113
0.5 0.255 0.29564
0.5 0.304 0.307512
0.5 0.353 0.229755
0.5 0.402 0.291443
0.5 0.451 0.379743
0.5 0.5 0.309665
0.5 0.549 0.27885
0.5 0.598 0.329351
0.5 0.647 0.263372
0.5 0.696 0.143265
0.5 0.745 0.189917
0.5 0.794 0.320781
0.5 0.843 0.360045
0.5 0.892 0.522802
0.5 0.941 1.36219
0.5 0.99 2.27995
0.549 0.01 2.06736
0.549 0.059 1.34549
0.549 0.108 0.552843
0.549 0.157 0.206539
0.549 0.206 0.220049
0.549 0.255 0.33863
0.549 0.304 0.352229
0.549 0.353 0.263164
0.549 0.402 0.333823
0.549 0.451 0.434963
0.549 0.5 0.354695
0.549 0.549 0.319399
0.549 0.598 0.377243
0.549 0.647 0.30167
0.549 0.696 0.164098
0.549 0.745 0.217534
0.549 0.794 0.367427
0.549 0.843 0.412401
0.549 0.892 0.598825
0.549 0.941 1.56027
0.549 0.99 2.61148
0.598 0.01 1.37078
0.598 0.059 0.892136
0.598 0.108 0.366567
0.598 0.157 0.136948
0.598 0.206 0.145906
0.598 0.255 0.224532
0.598 0.304 0.233548
0.598 0.353 0.174493
0.598 0.402 0.221344
0.598 0.451 0.288406
0.598 0.5 0.235183
0.598 0.549 0.21178
0.598 0.598 0.250134
0.598 0.647 0.200025
0.598 0.696 0.108806
0.598 0.745 0.144238
0.598 0.794 0.243626
0.598 0.843 0.273446
0.598 0.892 0.397056
0.598 0.941 1.03455
0.598 0.99 1.73157
0.647 0.01 1.14186
0.647 0.059 0.743147
0.647 0.108 0.305349
0.647 0.157 0.114077
0.647 0.206 0.121539
0.647 0.255 0.187034
0.647 0.304 0.194545
0.647 0.353 0.145352
0.647 0.402 0.184379
0.647 0.451 0.240241
0.647 0.5 0.195907
0.647 0.549 0.176412
0.647 0.598 0.208361
0.647 0.647 0.16662
0.647 0.696 0.0906353
0.647 0.745 0.12015
0.647 0.794 0.20294
0.647 0.843 0.22778
0.647 0.892 0.330747
0.647 0.941 0.861778
0.647 0.99 1.44239
0.696 0.01 2.1159
0.696 0.059 1.37708
0.696 0.108 0.565823
0.696 0.157 0.211388
0.696 0.206 0.225216
0.696 0.255 0.346581
0.696 0.304 0.360499
0.696 0.353 0.269343
0.696 0.402 0.341661
0.696 0.451 0.445175
0.696 0.5 0.363023
0.696 0.549 0.326898
0.696 0.598 0.3861
0.696 0.647 0.308753
0.696 0.696 0.16795
0.696 0.745 0.222642
0.696 0.794 0.376054
0.696 0.843 0.422084
0.696 0.892 0.612885
0.696 0.941 1.5969
0.696 0.99 2.6728
0.745 0.01 2.75475
0.745 0.059 1.79285
0.745 0.108 0.73666
0.745 0.157 0.275212
0.745 0.206 0.293215
0.745 0.255 0.451223
0.745 0.304 0.469343
0.745 0.353 0.350665
0.745 0.402 0.444818
0.745 0.451 0.579586
0.745 0.5 0.472629
0.745 0.549 0.425598
0.745 0.598 0.502675
0.745 0.647 0.401974
0.745 0.696 0.218659
0.745 0.745 0.289863
0.745 0.794 0.489595
0.745 0.843 0.549522
0.745 0.892 0.797932
0.745 0.941 2.07905
0.745 0.99 3.47979
0.794 0.01 2.69135
0.794 0.059 1.75159
0.794 0.108 0.719707
0.794 0.157 0.268879
0.794 0.206 0.286467
0.794 0.255 0.440839
0.794 0.304 0.458541
0.794 0.353 0.342595
0.794 0.402 0.434581
0.794 0.451 0.566247
0.794 0.5 0.461752
0.794 0.549 0.415803
0.794 0.598 0.491106
0.794 0.647 0.392723
0.794 0.696 0.213627
0.794 0.745 0.283192
0.794 0.794 0.478328
0.794 0.843 0.536875
0.794 0.892 0.779568
0.794 0.941 2.03121
0.794 0.99 3.39971
0.843 0.01 3.05095
0.843 0.059 1.98563
0.843 0.108 0.815871
0.843 0.157 0.304805
0.843 0.206 0.324743
0.843 0.255 0.499742
0.843 0.304 0.51981
0.843 0.353 0.388371
0.843 0.402 0.492648
0.843 0.451 0.641907
0.843 0.5 0.523449
0.843 0.549 0.471361
0.843 0.598 0.556726
0.843 0.647 0.445197
0.843 0.696 0.242171
0.843 0.745 0.321031
0.843 0.794 0.54224
0.843 0.843 0.60861
0.843 0.892 0.883731
0.843 0.941 2.30261
0.843 0.99 3.85396
0.892 0.01 4.41696
0.892 0.059 2.87466
0.892 0.108 1.18116
0.892 0.157 0.441276
0.892 0.206 0.470141
0.892 0.255 0.723492
0.892 0.304 0.752545
0.892 0.353 0.562257
0.892 0.402 0.713221
0.892 0.451 0.929309
0.892 0.5 0.757814
0.892 0.549 0.682404
0.892 0.598 0.805989
0.892 0.647 0.644526
0.892 0.696 0.350598
0.892 0.745 0.464767
0.892 0.794 0.785018
0.892 0.843 0.881104
0.892 0.892 1.2794
0.892 0.941 3.33356
0.892 0.99 5.5795
0.941 0.01 9.85679
0.941 0.059 6.41503
0.941 0.108 2.63585
0.941 0.157 0.984741
0.941 0.206 1.04916
0.941 0.255 1.61453
0.941 0.304 1.67936
0.941 0.353 1.25472
0.941 0.402 1.59161
0.941 0.451 2.07382
0.941 0.5 1.69112
0.941 0.549 1.52284
0.941 0.598 1.79863
0.941 0.647 1.43831
0.941 0.696 0.782387
0.941 0.745 1.03716
0.941 0.794 1.75183
0.941 0.843 1.96625
0.941 0.892 2.85509
0.941 0.941 7.43909
0.941 0.99 12.4511
0.99 0.01 16.2476
0.99 0.059 10.5743
0.99 0.108 4.34485
0.99 0.157 1.62321
0.99 0.206 1.72939
0.99 0.255 2.66133
0.99 0.304 2.7682
0.99 0.353 2.06824
0.99 0.402 2.62355
0.99 0.451 3.41842
0.99 0.5 2.78758
0.99 0.549 2.51019
0.99 0.598 2.9648
0.99 0.647 2.37086
0.99 0.696 1.28966
0.99 0.745 1.70962
0.99 0.794 2.88765
0.99 0.843 3.2411
0.99 0.892 4.70623
0.99 0.941 12.2623
0.99 0.99 20.5239
