0.01 0.01 0.189104
0.01 0.059 0.130425
0.01 0.108 0.0781296
0.01 0.157 0.0692985
0.01 0.206 0.0832589
0.01 0.255 0.0863065
0.01 0.304 0.059575
0.01 0.353 0.0420823
0.01 0.402 0.0547619
0.01 0.451 0.0729473
0.01 0.5 0.0768207
0.01 0.549 0.0667008
0.01 0.598 0.0519459
0.01 0.647 0.0270536
0.01 0.696 0.0106334
0.01 0.745 0.0177846
0.01 0.794 0.0356294
0.01 0.843 0.0437188
0.01 0.892 0.0420265
0.01 0.941 0.074752
0.01 0.99 0.121933
0.059 0.01 0.79673
0.059 0.059 0.549504
0.059 0.108 0.329174
0.059 0.157 0.291967
0.059 0.206 0.350784
0.059 0.255 0.363624
0.059 0.304 0.251
0.059 0.353 0.1773
0.059 0.402 0.230721
0.059 0.451 0.30734
0.059 0.5 0.323659
0.059 0.549 0.281022
0.059 0.598 0.218857
0.059 0.647 0.113982
0.059 0.696 0.0448005
0.059 0.745 0.0749297
0.059 0.794 0.150113
0.059 0.843 0.184195
0.059 0.892 0.177065
0.059 0.941 0.314943
0.059 0.99 0.513726
0.108 0.01 1.9616
0.108 0.059 1.35291
0.108 0.108 0.810445
0.108 0.157 0.718839
0.108 0.206 0.863651
0.108 0.255 0.895264
0.108 0.304 0.617976
0.108 0.353 0.436523
0.108 0.402 0.568049
0.108 0.451 0.756688
0.108 0.5 0.796867
0.108 0.549 0.691893
0.108 0.598 0.538839
0.108 0.647 0.280629
0.108 0.696 0.110301
0.108 0.745 0.184481
0.108 0.794 0.369586
0.108 0.843 0.453498
0.108 0.892 0.435944
0.108 0.941 0.775408
0.108 0.99 1.26482
0.157 0.01 2.28028
0.157 0.059 1.57271
0.157 0.108 0.942113
0.157 0.157 0.835625
0.157 0.206 1.00396
0.157 0.255 1.04071
0.157 0.304 0.718375
0.157 0.353 0.507442
0.157 0.402 0.660337
0.157 0.451 0.879623
0.157 0.5 0.926329
0.157 0.549 0.804301
0.157 0.598 0.626381
0.157 0.647 0.326221
0.157 0.696 0.128221
0.157 0.745 0.214453
0.157 0.794 0.429631
0.157 0.843 0.527175
0.157 0.892 0.506769
0.157 0.941 0.901384
0.157 0.99 1.47031
0.206 0.01 1.93576
0.206 0.059 1.33509
0.206 0.108 0.799772
0.206 0.157 0.709373
0.206 0.206 0.852278
0.206 0.255 0.883474
0.206 0.304 0.609838
0.206 0.353 0.430774
0.206 0.402 0.560569
0.206 0.451 0.746724
0.206 0.5 0.786373
0.206 0.549 0.682781
0.206 0.598 0.531743
0.206 0.647 0.276933
0.206 0.696 0.108849
0.206 0.745 0.182052
0.206 0.794 0.364719
0.206 0.843 0.447526
0.206 0.892 0.430203
0.206 0.941 0.765197
0.206 0.99 1.24817
0.255 0.01 2.0163
0.255 0.059 1.39064
0.255 0.108 0.833047
0.255 0.157 0.738887
0.255 0.206 0.887737
0.255 0.255 0.920232
0.255 0.304 0.635211
0.255 0.353 0.448697
0.255 0.402 0.583892
0.255 0.451 0.777792
0.255 0.5 0.819091
0.255 0.549 0.711189
0.255 0.598 0.553867
0.255 0.647 0.288455
0.255 0.696 0.113378
0.255 0.745 0.189626
0.255 0.794 0.379894
0.255 0.843 0.466146
0.255 0.892 0.448102
0.255 0.941 0.797034
0.255 0.99 1.3001
0.304 0.01 1.67681
0.304 0.059 1.1565
0.304 0.108 0.692785
0.304 0.157 0.614479
0.304 0.206 0.738267
0.304 0.255 0.76529
0.304 0.304 0.528259
0.304 0.353 0.373149
0.304 0.402 0.48558
0.304 0.451 0.646833
0.304 0.5 0.681178
0.304 0.549 0.591444
0.304 0.598 0.460611
0.304 0.647 0.239887
0.304 0.696 0.0942879
0.304 0.745 0.157698
0.304 0.794 0.31593
0.304 0.843 0.38766
0.304 0.892 0.372654
0.304 0.941 0.662835
0.304 0.99 1.0812
0.353 0.01 1.13834
0.353 0.059 0.785111
0.353 0.108 0.470312
0.353 0.157 0.417152
0.353 0.206 0.501188
0.353 0.255 0.519533
0.353 0.304 0.35862
0.353 0.353 0.25332
0.353 0.402 0.329646
0.353 0.451 0.439116
0.353 0.5 0.462432
0.353 0.549 0.401515
0.353 0.598 0.312695
0.353 0.647 0.162853
0.353 0.696 0.0640094
0.353 0.745 0.107057
0.353 0.794 0.214476
0.353 0.843 0.263171
0.353 0.892 0.252984
0.353 0.941 0.449979
0.353 0.99 0.733993
0.402 0.01 1.5136
0.402 0.059 1.04393
0.402 0.108 0.625352
0.402 0.157 0.554668
0.402 0.206 0.666407
0.402 0.255 0.6908
0.402 0.304 0.47684
0.402 0.353 0.336828
0.402 0.402 0.438316
0.402 0.451 0.583873
0.402 0.5 0.614875
0.402 0.549 0.533876
0.402 0.598 0.415777
0.402 0.647 0.216538
0.402 0.696 0.0851104
0.402 0.745 0.142349
0.402 0.794 0.285179
0.402 0.843 0.349927
0.402 0.892 0.336381
0.402 0.941 0.598318
0.402 0.99 0.975958
0.451 0.01 1.98485
0.451 0.059 1.36895
0.451 0.108 0.820051
0.451 0.157 0.727359
0.451 0.206 0.873888
0.451 0.255 0.905875
0.451 0.304 0.625301
0.451 0.353 0.441697
0.451 0.402 0.574782
0.451 0.451 0.765657
0.451 0.5 0.806312
0.451 0.549 0.700094
0.451 0.598 0.545226
0.451 0.647 0.283955
0.451 0.696 0.111609
0.451 0.745 0.186668
0.451 0.794 0.373967
0.451 0.843 0.458873
0.451 0.892 0.441111
0.451 0.941 0.784599
0.451 0.99 1.27981
0.5 0.01 1.68897
0.5 0.059 1.16488
0.5 0.108 0.697808
0.5 0.157 0.618934
0.5 0.206 0.74362
0.5 0.255 0.770839
0.5 0.304 0.532089
0.5 0.353 0.375854
0.5 0.402 0.489101
0.5 0.451 0.651523
0.5 0.5 0.686117
0.5 0.549 0.595733
0.5 0.598 0.463951
0.5 0.647 0.241627
0.5 0.696 0.0949716
0.5 0.745 0.158842
0.5 0.794 0.318221
0.5 0.843 0.39047
0.5 0.892 0.375356
0.5 0.941 0.667641
0.5 0.99 1.08904
0.549 0.01 1.67037
0.549 0.059 1.15205
0.549 0.108 0.690121
0.549 0.157 0.612116
0.549 0.206 0.735428
0.549 0.255 0.762348
0.549 0.304 0.526228
0.549 0.353 0.371714
0.549 0.402 0.483713
0.549 0.451 0.644346
0.549 0.5 0.678559
0.549 0.549 0.58917
0.549 0.598 0.45884
0.549 0.647 0.238965
0.549 0.696 0.0939254
0.549 0.745 0.157092
0.549 0.794 0.314715
0.549 0.843 0.386169
0.549 0.892 0.371221
0.549 0.941 0.660287
0.549 0.99 1.07704
0.598 0.01 2.20215
0.598 0.059 1.51882
0.598 0.108 0.909831
0.598 0.157 0.806991
0.598 0.206 0.969561
0.598 0.255 1.00505
0.598 0.304 0.693759
0.598 0.353 0.490054
0.598 0.402 0.63771
0.598 0.451 0.849482
0.598 0.5 0.894588
0.598 0.549 0.776741
0.598 0.598 0.604918
0.598 0.647 0.315043
0.598 0.696 0.123828
0.598 0.745 0.207104
0.598 0.794 0.414909
0.598 0.843 0.509111
0.598 0.892 0.489404
0.598 0.941 0.870497
0.598 0.99 1.41993
0.647 0.01 2.63231
0.647 0.059 1.8155
0.647 0.108 1.08756
0.647 0.157 0.964628
0.647 0.206 1.15895
0.647 0.255 1.20138
0.647 0.304 0.829277
0.647 0.353 0.585781
0.647 0.402 0.762279
0.647 0.451 1.01542
0.647 0.5 1.06934
0.647 0.549 0.928468
0.647 0.598 0.723082
0.647 0.647 0.376583
0.647 0.696 0.148016
0.647 0.745 0.24756
0.647 0.794 0.495957
0.647 0.843 0.60856
0.647 0.892 0.585004
0.647 0.941 1.04054
0.647 0.99 1.6973
0.696 0.01 3.94915
0.696 0.059 2.72373
0.696 0.108 1.63162
0.696 0.157 1.44719
0.696 0.206 1.73873
0.696 0.255 1.80238
0.696 0.304 1.24413
0.696 0.353 0.878823
0.696 0.402 1.14362
0.696 0.451 1.52339
0.696 0.5 1.60428
0.696 0.549 1.39294
0.696 0.598 1.08481
0.696 0.647 0.564972
0.696 0.696 0.222063
0.696 0.745 0.371404
0.696 0.794 0.744064
0.696 0.843 0.912998
0.696 0.892 0.877658
0.696 0.941 1.56108
0.696 0.99 2.54639
0.745 0.01 5.18676
0.745 0.059 3.57731
0.745 0.108 2.14294
0.745 0.157 1.90072
0.745 0.206 2.28363
0.745 0.255 2.36722
0.745 0.304 1.63403
0.745 0.353 1.15423
0.745 0.402 1.50201
0.745 0.451 2.0008
0.745 0.5 2.10704
0.745 0.549 1.82947
0.745 0.598 1.42478
0.745 0.647 0.742027
0.745 0.696 0.291654
0.745 0.745 0.487797
0.745 0.794 0.977244
0.745 0.843 1.19912
0.745 0.892 1.1527
0.745 0.941 2.0503
0.745 0.99 3.34439
0.794 0.01 4.4467
0.794 0.059 3.06688
0.794 0.108 1.83718
0.794 0.157 1.62952
0.794 0.206 1.95779
0.794 0.255 2.02945
0.794 0.304 1.40088
0.794 0.353 0.989544
0.794 0.402 1.2877
0.794 0.451 1.71532
0.794 0.5 1.8064
0.794 0.549 1.56844
0.794 0.598 1.22148
0.794 0.647 0.636152
0.794 0.696 0.25004
0.794 0.745 0.418197
0.794 0.794 0.837807
0.794 0.843 1.02803
0.794 0.892 0.988232
0.794 0.941 1.75776
0.794 0.99 2.8672
0.843 0.01 3.07846
0.843 0.059 2.12321
0.843 0.108 1.27188
0.843 0.157 1.12812
0.843 0.206 1.35538
0.843 0.255 1.405
0.843 0.304 0.96983
0.843 0.353 0.685064
0.843 0.402 0.891476
0.843 0.451 1.18752
0.843 0.5 1.25057
0.843 0.549 1.08583
0.843 0.598 0.845635
0.843 0.647 0.440409
0.843 0.696 0.173103
0.843 0.745 0.289518
0.843 0.794 0.580016
0.843 0.843 0.711704
0.843 0.892 0.684155
0.843 0.941 1.2169
0.843 0.99 1.98497
0.892 0.01 3.70955
0.892 0.059 2.55847
0.892 0.108 1.53262
0.892 0.157 1.35939
0.892 0.206 1.63324
0.892 0.255 1.69302
0.892 0.304 1.16865
0.892 0.353 0.825503
0.892 0.402 1.07423
0.892 0.451 1.43096
0.892 0.5 1.50695
0.892 0.549 1.30843
0.892 0.598 1.01899
0.892 0.647 0.530694
0.892 0.696 0.20859
0.892 0.745 0.34887
0.892 0.794 0.69892
0.892 0.843 0.857605
0.892 0.892 0.824409
0.892 0.941 1.46637
0.892 0.99 2.39189
0.941 0.01 7.28116
0.941 0.059 5.02181
0.941 0.108 3.00825
0.941 0.157 2.66823
0.941 0.206 3.20575
0.941 0.255 3.32309
0.941 0.304 2.29384
0.941 0.353 1.62031
0.941 0.402 2.10852
0.941 0.451 2.80872
0.941 0.5 2.95785
0.941 0.549 2.56821
0.941 0.598 2.00009
0.941 0.647 1.04165
0.941 0.696 0.409423
0.941 0.745 0.684768
0.941 0.794 1.37185
0.941 0.843 1.68332
0.941 0.892 1.61816
0.941 0.941 2.8782
0.941 0.99 4.69484
0.99 0.01 10.7779
0.99 0.059 7.43347
0.99 0.108 4.45293
0.99 0.157 3.94961
0.99 0.206 4.74527
0.99 0.255 4.91897
0.99 0.304 3.39543
0.99 0.353 2.39845
0.99 0.402 3.12111
0.99 0.451 4.15757
0.99 0.5 4.37833
0.99 0.549 3.80156
0.99 0.598 2.96062
0.99 0.647 1.5419
0.99 0.696 0.606044
0.99 0.745 1.01362
0.99 0.794 2.03067
0.99 0.843 2.49172
0.99 0.892 2.39526
0.99 0.941 4.26043
0.99 0.99 6.94948
