0.01 0.01 0.125218
0.01 0.059 0.298585
0.01 0.108 0.473137
0.01 0.157 0.367457
0.01 0.206 0.196244
0.01 0.255 0.185889
0.01 0.304 0.213056
0.01 0.353 0.139794
0.01 0.402 0.0532879
0.01 0.451 0.067466
0.01 0.5 0.137006
0.01 0.549 0.19678
0.01 0.598 0.177641
0.01 0.647 0.0976537
0.01 0.696 0.104311
0.01 0.745 0.175924
0.01 0.794 0.212791
0.01 0.843 0.18694
0.01 0.892 0.411689
0.01 0.941 1.40256
0.01 0.99 2.49838
0.059 0.01 0.182978
0.059 0.059 0.436316
0.059 0.108 0.691385
0.059 0.157 0.536958
0.059 0.206 0.286768
0.059 0.255 0.271635
0.059 0.304 0.311334
0.059 0.353 0.204278
0.059 0.402 0.0778684
0.059 0.451 0.0985866
0.059 0.5 0.200204
0.059 0.549 0.287551
0.059 0.598 0.259584
0.059 0.647 0.142699
0.059 0.696 0.152428
0.059 0.745 0.257074
0.059 0.794 0.310946
0.059 0.843 0.273171
0.059 0.892 0.601593
0.059 0.941 2.04954
0.059 0.99 3.65083
0.108 0.01 0.24458
0.108 0.059 0.583207
0.108 0.108 0.924149
0.108 0.157 0.717731
0.108 0.206 0.383312
0.108 0.255 0.363085
0.108 0.304 0.416149
0.108 0.353 0.273051
0.108 0.402 0.104084
0.108 0.451 0.131777
0.108 0.5 0.267605
0.108 0.549 0.384359
0.108 0.598 0.346976
0.108 0.647 0.190741
0.108 0.696 0.203744
0.108 0.745 0.343622
0.108 0.794 0.41563
0.108 0.843 0.365138
0.108 0.892 0.804127
0.108 0.941 2.73954
0.108 0.99 4.87992
0.157 0.01 0.238555
0.157 0.059 0.568841
0.157 0.108 0.901386
0.157 0.157 0.700052
0.157 0.206 0.37387
0.157 0.255 0.354141
0.157 0.304 0.405898
0.157 0.353 0.266326
0.157 0.402 0.10152
0.157 0.451 0.128531
0.157 0.5 0.261013
0.157 0.549 0.374891
0.157 0.598 0.338429
0.157 0.647 0.186042
0.157 0.696 0.198726
0.157 0.745 0.335158
0.157 0.794 0.405393
0.157 0.843 0.356144
0.157 0.892 0.78432
0.157 0.941 2.67206
0.157 0.99 4.75972
0.206 0.01 0.257868
0.206 0.059 0.614893
0.206 0.108 0.974359
0.206 0.157 0.756726
0.206 0.206 0.404137
0.206 0.255 0.382811
0.206 0.304 0.438758
0.206 0.353 0.287886
0.206 0.402 0.109739
0.206 0.451 0.138937
0.206 0.5 0.282144
0.206 0.549 0.405241
0.206 0.598 0.365827
0.206 0.647 0.201104
0.206 0.696 0.214814
0.206 0.745 0.362291
0.206 0.794 0.438212
0.206 0.843 0.384976
0.206 0.892 0.847816
0.206 0.941 2.88838
0.206 0.99 5.14505
0.255 0.01 0.272838
0.255 0.059 0.650591
0.255 0.108 1.03093
0.255 0.157 0.800658
0.255 0.206 0.4276
0.255 0.255 0.405036
0.255 0.304 0.464231
0.255 0.353 0.3046
0.255 0.402 0.11611
0.255 0.451 0.147002
0.255 0.5 0.298524
0.255 0.549 0.428768
0.255 0.598 0.387065
0.255 0.647 0.212779
0.255 0.696 0.227285
0.255 0.745 0.383324
0.255 0.794 0.463652
0.255 0.843 0.407326
0.255 0.892 0.897036
0.255 0.941 3.05607
0.255 0.99 5.44375
0.304 0.01 0.181929
0.304 0.059 0.433813
0.304 0.108 0.68742
0.304 0.157 0.533878
0.304 0.206 0.285123
0.304 0.255 0.270077
0.304 0.304 0.309549
0.304 0.353 0.203107
0.304 0.402 0.0774219
0.304 0.451 0.0980212
0.304 0.5 0.199056
0.304 0.549 0.285902
0.304 0.598 0.258095
0.304 0.647 0.141881
0.304 0.696 0.151553
0.304 0.745 0.2556
0.304 0.794 0.309163
0.304 0.843 0.271605
0.304 0.892 0.598143
0.304 0.941 2.03778
0.304 0.99 3.62989
0.353 0.01 0.140918
0.353 0.059 0.336022
0.353 0.108 0.532461
0.353 0.157 0.41353
0.353 0.206 0.22085
0.353 0.255 0.209196
0.353 0.304 0.23977
0.353 0.353 0.157322
0.353 0.402 0.0599693
0.353 0.451 0.075925
0.353 0.5 0.154184
0.353 0.549 0.221453
0.353 0.598 0.199915
0.353 0.647 0.109898
0.353 0.696 0.11739
0.353 0.745 0.197982
0.353 0.794 0.239471
0.353 0.843 0.210379
0.353 0.892 0.463308
0.353 0.941 1.57842
0.353 0.99 2.81163
0.402 0.01 0.183219
0.402 0.059 0.43689
0.402 0.108 0.692296
0.402 0.157 0.537665
0.402 0.206 0.287145
0.402 0.255 0.271993
0.402 0.304 0.311744
0.402 0.353 0.204547
0.402 0.402 0.077971
0.402 0.451 0.0987164
0.402 0.5 0.200467
0.402 0.549 0.28793
0.402 0.598 0.259925
0.402 0.647 0.142887
0.402 0.696 0.152628
0.402 0.745 0.257413
0.402 0.794 0.311356
0.402 0.843 0.273531
0.402 0.892 0.602385
0.402 0.941 2.05224
0.402 0.99 3.65563
0.451 0.01 0.220036
0.451 0.059 0.524682
0.451 0.108 0.831411
0.451 0.157 0.645707
0.451 0.206 0.344847
0.451 0.255 0.326649
0.451 0.304 0.374388
0.451 0.353 0.245651
0.451 0.402 0.0936391
0.451 0.451 0.118553
0.451 0.5 0.240751
0.451 0.549 0.345788
0.451 0.598 0.312157
0.451 0.647 0.1716
0.451 0.696 0.183299
0.451 0.745 0.309139
0.451 0.794 0.373922
0.451 0.843 0.328496
0.451 0.892 0.723433
0.451 0.941 2.46463
0.451 0.99 4.39022
0.5 0.01 0.17343
0.5 0.059 0.413548
0.5 0.108 0.655307
0.5 0.157 0.508938
0.5 0.206 0.271804
0.5 0.255 0.257461
0.5 0.304 0.295088
0.5 0.353 0.193619
0.5 0.402 0.0738051
0.5 0.451 0.0934421
0.5 0.5 0.189757
0.5 0.549 0.272546
0.5 0.598 0.246038
0.5 0.647 0.135253
0.5 0.696 0.144474
0.5 0.745 0.24366
0.5 0.794 0.29472
0.5 0.843 0.258916
0.5 0.892 0.570201
0.5 0.941 1.94259
0.5 0.99 3.46032
0.549 0.01 0.168735
0.549 0.059 0.402353
0.549 0.108 0.637568
0.549 0.157 0.495161
0.549 0.206 0.264446
0.549 0.255 0.250491
0.549 0.304 0.2871
0.549 0.353 0.188378
0.549 0.402 0.0718072
0.549 0.451 0.0909126
0.549 0.5 0.18462
0.549 0.549 0.265168
0.549 0.598 0.239378
0.549 0.647 0.131592
0.549 0.696 0.140563
0.549 0.745 0.237064
0.549 0.794 0.286742
0.549 0.843 0.251908
0.549 0.892 0.554765
0.549 0.941 1.89
0.549 0.99 3.36665
0.598 0.01 0.27223
0.598 0.059 0.649141
0.598 0.108 1.02863
0.598 0.157 0.798874
0.598 0.206 0.426647
0.598 0.255 0.404133
0.598 0.304 0.463196
0.598 0.353 0.303921
0.598 0.402 0.115851
0.598 0.451 0.146675
0.598 0.5 0.297859
0.598 0.549 0.427812
0.598 0.598 0.386203
0.598 0.647 0.212305
0.598 0.696 0.226778
0.598 0.745 0.38247
0.598 0.794 0.462619
0.598 0.843 0.406418
0.598 0.892 0.895037
0.598 0.941 3.04926
0.598 0.99 5.43162
0.647 0.01 0.408654
0.647 0.059 0.974446
0.647 0.108 1.54411
0.647 0.157 1.19921
0.647 0.206 0.640453
0.647 0.255 0.606657
0.647 0.304 0.695318
0.647 0.353 0.456225
0.647 0.402 0.173907
0.647 0.451 0.220178
0.647 0.5 0.447125
0.647 0.549 0.642202
0.647 0.598 0.579741
0.647 0.647 0.318697
0.647 0.696 0.340424
0.647 0.745 0.574137
0.647 0.794 0.694452
0.647 0.843 0.610087
0.647 0.892 1.34357
0.647 0.941 4.57733
0.647 0.99 8.15357
0.696 0.01 0.681549
0.696 0.059 1.62517
0.696 0.108 2.57524
0.696 0.157 2.00004
0.696 0.206 1.06814
0.696 0.255 1.01178
0.696 0.304 1.15964
0.696 0.353 0.760888
0.696 0.402 0.290041
0.696 0.451 0.367211
0.696 0.5 0.745711
0.696 0.549 1.07106
0.696 0.598 0.966887
0.696 0.647 0.53152
0.696 0.696 0.567756
0.696 0.745 0.95754
0.696 0.794 1.1582
0.696 0.843 1.0175
0.696 0.892 2.24079
0.696 0.941 7.63403
0.696 0.99 13.5984
0.745 0.01 0.971977
0.745 0.059 2.3177
0.745 0.108 3.67263
0.745 0.157 2.85231
0.745 0.206 1.52331
0.745 0.255 1.44292
0.745 0.304 1.6538
0.745 0.353 1.08513
0.745 0.402 0.413636
0.745 0.451 0.523691
0.745 0.5 1.06348
0.745 0.549 1.52747
0.745 0.598 1.37891
0.745 0.647 0.758017
0.745 0.696 0.809694
0.745 0.745 1.36558
0.745 0.794 1.65174
0.745 0.843 1.45108
0.745 0.892 3.19566
0.745 0.941 10.8871
0.745 0.99 19.3931
0.794 0.01 0.873194
0.794 0.059 2.08215
0.794 0.108 3.29938
0.794 0.157 2.56243
0.794 0.206 1.36849
0.794 0.255 1.29628
0.794 0.304 1.48573
0.794 0.353 0.974843
0.794 0.402 0.371598
0.794 0.451 0.470467
0.794 0.5 0.955398
0.794 0.549 1.37223
0.794 0.598 1.23877
0.794 0.647 0.680978
0.794 0.696 0.727404
0.794 0.745 1.22679
0.794 0.794 1.48387
0.794 0.843 1.30361
0.794 0.892 2.87088
0.794 0.941 9.78065
0.794 0.99 17.4222
0.843 0.01 0.554783
0.843 0.059 1.32289
0.843 0.108 2.09626
0.843 0.157 1.62804
0.843 0.206 0.869471
0.843 0.255 0.823589
0.843 0.304 0.943955
0.843 0.353 0.619366
0.843 0.402 0.236095
0.843 0.451 0.298911
0.843 0.5 0.607011
0.843 0.549 0.871845
0.843 0.598 0.787049
0.843 0.647 0.432659
0.843 0.696 0.462156
0.843 0.745 0.779441
0.843 0.794 0.942779
0.843 0.843 0.828246
0.843 0.892 1.82401
0.843 0.941 6.21413
0.843 0.99 11.0692
0.892 0.01 0.415519
0.892 0.059 0.990816
0.892 0.108 1.57005
0.892 0.157 1.21936
0.892 0.206 0.651212
0.892 0.255 0.616848
0.892 0.304 0.706999
0.892 0.353 0.46389
0.892 0.402 0.176829
0.892 0.451 0.223877
0.892 0.5 0.454637
0.892 0.549 0.652991
0.892 0.598 0.589481
0.892 0.647 0.324051
0.892 0.696 0.346143
0.892 0.745 0.583782
0.892 0.794 0.706118
0.892 0.843 0.620336
0.892 0.892 1.36614
0.892 0.941 4.65423
0.892 0.99 8.29055
0.941 0.01 0.519675
0.941 0.059 1.23918
0.941 0.108 1.9636
0.941 0.157 1.52501
0.941 0.206 0.814448
0.941 0.255 0.77147
0.941 0.304 0.884219
0.941 0.353 0.58017
0.941 0.402 0.221154
0.941 0.451 0.279995
0.941 0.5 0.568598
0.941 0.549 0.816672
0.941 0.598 0.737242
0.941 0.647 0.405279
0.941 0.696 0.432909
0.941 0.745 0.730116
0.941 0.794 0.883117
0.941 0.843 0.775832
0.941 0.892 1.70858
0.941 0.941 5.82088
0.941 0.99 10.3687
0.99 0.01 0.697986
0.99 0.059 1.66437
0.99 0.108 2.63735
0.99 0.157 2.04827
0.99 0.206 1.0939
0.99 0.255 1.03618
0.99 0.304 1.18761
0.99 0.353 0.779239
0.99 0.402 0.297036
0.99 0.451 0.376067
0.99 0.5 0.763695
0.99 0.549 1.09689
0.99 0.598 0.990205
0.99 0.647 0.544339
0.99 0.696 0.581449
0.99 0.745 0.980634
0.99 0.794 1.18613
0.99 0.843 1.04204
0.99 0.892 2.29483
0.99 0.941 7.81814
0.99 0.99 13.9264
