0.01 0.01 27.5254
0.01 0.059 17.3348
0.01 0.108 7.36054
0.01 0.157 3.85488
0.01 0.206 3.46907
0.01 0.255 2.61839
0.01 0.304 1.07343
0.01 0.353 0.781248
0.01 0.402 1.28938
0.01 0.451 1.57706
0.01 0.5 2.27554
0.01 0.549 2.19317
0.01 0.598 0.881907
0.01 0.647 0.168773
0.01 0.696 0.289939
0.01 0.745 1.00453
0.01 0.794 1.84291
0.01 0.843 2.68441
0.01 0.892 4.0157
0.01 0.941 9.29933
0.01 0.99 16.3344
0.059 0.01 15.9166
0.059 0.059 10.0239
0.059 0.108 4.25625
0.059 0.157 2.22909
0.059 0.206 2.006
0.059 0.255 1.51409
0.059 0.304 0.620711
0.059 0.353 0.451758
0.059 0.402 0.745588
0.059 0.451 0.911937
0.059 0.5 1.31584
0.059 0.549 1.26821
0.059 0.598 0.509965
0.059 0.647 0.0975931
0.059 0.696 0.167658
0.059 0.745 0.58087
0.059 0.794 1.06567
0.059 0.843 1.55227
0.059 0.892 2.32209
0.059 0.941 5.37736
0.059 0.99 9.44542
0.108 0.01 6.44561
0.108 0.059 4.05928
0.108 0.108 1.72361
0.108 0.157 0.902695
0.108 0.206 0.812352
0.108 0.255 0.613147
0.108 0.304 0.251364
0.108 0.353 0.182945
0.108 0.402 0.301934
0.108 0.451 0.369299
0.108 0.5 0.532863
0.108 0.549 0.513574
0.108 0.598 0.206516
0.108 0.647 0.0395214
0.108 0.696 0.0678949
0.108 0.745 0.23523
0.108 0.794 0.431553
0.108 0.843 0.628608
0.108 0.892 0.940354
0.108 0.941 2.17762
0.108 0.99 3.82503
0.157 0.01 3.79064
0.157 0.059 2.38725
0.157 0.108 1.01365
0.157 0.157 0.530872
0.157 0.206 0.477742
0.157 0.255 0.36059
0.157 0.304 0.147826
0.157 0.353 0.107589
0.157 0.402 0.177567
0.157 0.451 0.217184
0.157 0.5 0.313375
0.157 0.549 0.302031
0.157 0.598 0.121451
0.157 0.647 0.0232424
0.157 0.696 0.0399288
0.157 0.745 0.138338
0.157 0.794 0.253795
0.157 0.843 0.369682
0.157 0.892 0.55302
0.157 0.941 1.28065
0.157 0.99 2.24949
0.206 0.01 2.17848
0.206 0.059 1.37195
0.206 0.108 0.582546
0.206 0.157 0.305092
0.206 0.206 0.274558
0.206 0.255 0.207231
0.206 0.304 0.0849558
0.206 0.353 0.0618315
0.206 0.402 0.102047
0.206 0.451 0.124815
0.206 0.5 0.180097
0.206 0.549 0.173577
0.206 0.598 0.0697981
0.206 0.647 0.0133574
0.206 0.696 0.0229471
0.206 0.745 0.0795028
0.206 0.794 0.145856
0.206 0.843 0.212456
0.206 0.892 0.31782
0.206 0.941 0.735991
0.206 0.99 1.29278
0.255 0.01 2.21142
0.255 0.059 1.3927
0.255 0.108 0.591354
0.255 0.157 0.309705
0.255 0.206 0.278709
0.255 0.255 0.210364
0.255 0.304 0.0862403
0.255 0.353 0.0627664
0.255 0.402 0.10359
0.255 0.451 0.126703
0.255 0.5 0.18282
0.255 0.549 0.176202
0.255 0.598 0.0708535
0.255 0.647 0.0135594
0.255 0.696 0.023294
0.255 0.745 0.0807049
0.255 0.794 0.148061
0.255 0.843 0.215669
0.255 0.892 0.322626
0.255 0.941 0.747119
0.255 0.99 1.31233
0.304 0.01 3.45517
0.304 0.059 2.17598
0.304 0.108 0.923945
0.304 0.157 0.48389
0.304 0.206 0.435462
0.304 0.255 0.328678
0.304 0.304 0.134744
0.304 0.353 0.0980676
0.304 0.402 0.161852
0.304 0.451 0.197963
0.304 0.5 0.285642
0.304 0.549 0.275302
0.304 0.598 0.110703
0.304 0.647 0.0211855
0.304 0.696 0.0363951
0.304 0.745 0.126095
0.304 0.794 0.231335
0.304 0.843 0.336966
0.304 0.892 0.504078
0.304 0.941 1.16732
0.304 0.99 2.05041
0.353 0.01 3.67598
0.353 0.059 2.31504
0.353 0.108 0.98299
0.353 0.157 0.514814
0.353 0.206 0.46329
0.353 0.255 0.349682
0.353 0.304 0.143355
0.353 0.353 0.104335
0.353 0.402 0.172195
0.353 0.451 0.210614
0.353 0.5 0.303896
0.353 0.549 0.292895
0.353 0.598 0.117778
0.353 0.647 0.0225393
0.353 0.696 0.038721
0.353 0.745 0.134153
0.353 0.794 0.246118
0.353 0.843 0.3585
0.353 0.892 0.536291
0.353 0.941 1.24191
0.353 0.99 2.18144
0.402 0.01 2.64185
0.402 0.059 1.66377
0.402 0.108 0.706455
0.402 0.157 0.369986
0.402 0.206 0.332958
0.402 0.255 0.25131
0.402 0.304 0.103026
0.402 0.353 0.0749832
0.402 0.402 0.123753
0.402 0.451 0.151364
0.402 0.5 0.218404
0.402 0.549 0.210498
0.402 0.598 0.0846444
0.402 0.647 0.0161986
0.402 0.696 0.027828
0.402 0.745 0.0964133
0.402 0.794 0.17688
0.402 0.843 0.257647
0.402 0.892 0.385422
0.402 0.941 0.892538
0.402 0.99 1.56776
0.451 0.01 3.12146
0.451 0.059 1.96581
0.451 0.108 0.834707
0.451 0.157 0.437154
0.451 0.206 0.393403
0.451 0.255 0.296933
0.451 0.304 0.12173
0.451 0.353 0.0885958
0.451 0.402 0.14622
0.451 0.451 0.178843
0.451 0.5 0.258053
0.451 0.549 0.248712
0.451 0.598 0.100011
0.451 0.647 0.0191393
0.451 0.696 0.0328799
0.451 0.745 0.113916
0.451 0.794 0.208991
0.451 0.843 0.30442
0.451 0.892 0.455392
0.451 0.941 1.05457
0.451 0.99 1.85237
0.5 0.01 4.21375
0.5 0.059 2.65371
0.5 0.108 1.1268
0.5 0.157 0.590128
0.5 0.206 0.531067
0.5 0.255 0.400839
0.5 0.304 0.164327
0.5 0.353 0.119598
0.5 0.402 0.197387
0.5 0.451 0.241426
0.5 0.5 0.348354
0.5 0.549 0.335744
0.5 0.598 0.135008
0.5 0.647 0.0258367
0.5 0.696 0.0443856
0.5 0.745 0.153779
0.5 0.794 0.282124
0.5 0.843 0.410946
0.5 0.892 0.614748
0.5 0.941 1.4236
0.5 0.99 2.50058
0.549 0.01 3.15283
0.549 0.059 1.98557
0.549 0.108 0.843096
0.549 0.157 0.441548
0.549 0.206 0.397357
0.549 0.255 0.299917
0.549 0.304 0.122953
0.549 0.353 0.0894863
0.549 0.402 0.147689
0.549 0.451 0.180641
0.549 0.5 0.260647
0.549 0.549 0.251212
0.549 0.598 0.101016
0.549 0.647 0.0193317
0.549 0.696 0.0332104
0.549 0.745 0.115061
0.549 0.794 0.211092
0.549 0.843 0.30748
0.549 0.892 0.459969
0.549 0.941 1.06517
0.549 0.99 1.87099
0.598 0.01 2.10644
0.598 0.059 1.32658
0.598 0.108 0.56328
0.598 0.157 0.295002
0.598 0.206 0.265478
0.598 0.255 0.200378
0.598 0.304 0.0821462
0.598 0.353 0.0597866
0.598 0.402 0.0986727
0.598 0.451 0.120688
0.598 0.5 0.174141
0.598 0.549 0.167837
0.598 0.598 0.0674898
0.598 0.647 0.0129157
0.598 0.696 0.0221882
0.598 0.745 0.0768736
0.598 0.794 0.141032
0.598 0.843 0.20543
0.598 0.892 0.30731
0.598 0.941 0.711651
0.598 0.99 1.25003
0.647 0.01 3.05131
0.647 0.059 1.92163
0.647 0.108 0.815947
0.647 0.157 0.427329
0.647 0.206 0.384562
0.647 0.255 0.29026
0.647 0.304 0.118994
0.647 0.353 0.0866047
0.647 0.402 0.142934
0.647 0.451 0.174824
0.647 0.5 0.252254
0.647 0.549 0.243122
0.647 0.598 0.0977632
0.647 0.647 0.0187091
0.647 0.696 0.032141
0.647 0.745 0.111356
0.647 0.794 0.204294
0.647 0.843 0.297579
0.647 0.892 0.445157
0.647 0.941 1.03087
0.647 0.99 1.81074
0.696 0.01 3.93262
0.696 0.059 2.47666
0.696 0.108 1.05162
0.696 0.157 0.550755
0.696 0.206 0.495635
0.696 0.255 0.374096
0.696 0.304 0.153363
0.696 0.353 0.111619
0.696 0.402 0.184217
0.696 0.451 0.225318
0.696 0.5 0.325112
0.696 0.549 0.313344
0.696 0.598 0.126
0.696 0.647 0.0241129
0.696 0.696 0.0414243
0.696 0.745 0.143519
0.696 0.794 0.263301
0.696 0.843 0.383529
0.696 0.892 0.573733
0.696 0.941 1.32862
0.696 0.99 2.33374
0.745 0.01 3.16687
0.745 0.059 1.99441
0.745 0.108 0.84685
0.745 0.157 0.443514
0.745 0.206 0.399126
0.745 0.255 0.301253
0.745 0.304 0.123501
0.745 0.353 0.0898847
0.745 0.402 0.148347
0.745 0.451 0.181445
0.745 0.5 0.261807
0.745 0.549 0.25233
0.745 0.598 0.101466
0.745 0.647 0.0194177
0.745 0.696 0.0333583
0.745 0.745 0.115574
0.745 0.794 0.212032
0.745 0.843 0.308849
0.745 0.892 0.462017
0.745 0.941 1.06991
0.745 0.99 1.87932
0.794 0.01 3.19848
0.794 0.059 2.01432
0.794 0.108 0.855302
0.794 0.157 0.44794
0.794 0.206 0.40311
0.794 0.255 0.304259
0.794 0.304 0.124733
0.794 0.353 0.0907818
0.794 0.402 0.149827
0.794 0.451 0.183256
0.794 0.5 0.26442
0.794 0.549 0.254849
0.794 0.598 0.102478
0.794 0.647 0.0196115
0.794 0.696 0.0336912
0.794 0.745 0.116727
0.794 0.794 0.214148
0.794 0.843 0.311931
0.794 0.892 0.466628
0.794 0.941 1.08059
0.794 0.99 1.89808
0.843 0.01 5.01107
0.843 0.059 3.15584
0.843 0.108 1.34001
0.843 0.157 0.70179
0.843 0.206 0.631554
0.843 0.255 0.476685
0.843 0.304 0.19542
0.843 0.353 0.142228
0.843 0.402 0.234736
0.843 0.451 0.287108
0.843 0.5 0.414269
0.843 0.549 0.399273
0.843 0.598 0.160554
0.843 0.647 0.0307255
0.843 0.696 0.0527842
0.843 0.745 0.182877
0.843 0.794 0.335507
0.843 0.843 0.488705
0.843 0.892 0.731069
0.843 0.941 1.69297
0.843 0.99 2.97373
0.892 0.01 6.99315
0.892 0.059 4.40411
0.892 0.108 1.87003
0.892 0.157 0.979377
0.892 0.206 0.88136
0.892 0.255 0.665233
0.892 0.304 0.272717
0.892 0.353 0.198485
0.892 0.402 0.327583
0.892 0.451 0.400671
0.892 0.5 0.578129
0.892 0.549 0.557202
0.892 0.598 0.224059
0.892 0.647 0.0428787
0.892 0.696 0.0736625
0.892 0.745 0.255212
0.892 0.794 0.468213
0.892 0.843 0.682007
0.892 0.892 1.02024
0.892 0.941 2.36261
0.892 0.99 4.14996
0.941 0.01 11.9962
0.941 0.059 7.5549
0.941 0.108 3.2079
0.941 0.157 1.68005
0.941 0.206 1.5119
0.941 0.255 1.14116
0.941 0.304 0.467825
0.941 0.353 0.340486
0.941 0.402 0.561943
0.941 0.451 0.687319
0.941 0.5 0.991735
0.941 0.549 0.955836
0.941 0.598 0.384356
0.941 0.647 0.073555
0.941 0.696 0.126362
0.941 0.745 0.437797
0.941 0.794 0.803183
0.941 0.843 1.16993
0.941 0.892 1.75014
0.941 0.941 4.05287
0.941 0.99 7.11893
0.99 0.01 17.4791
0.99 0.059 11.0079
0.99 0.108 4.67408
0.99 0.157 2.44792
0.99 0.206 2.20293
0.99 0.255 1.66273
0.99 0.304 0.681646
0.99 0.353 0.496107
0.99 0.402 0.818782
0.99 0.451 1.00146
0.99 0.5 1.44501
0.99 0.549 1.3927
0.99 0.598 0.560027
0.99 0.647 0.107174
0.99 0.696 0.184117
0.99 0.745 0.637894
0.99 0.794 1.17028
0.99 0.843 1.70465
0.99 0.892 2.55004
0.99 0.941 5.90525
0.99 0.99 10.3727
