0.01 0.01 7.59316
0.01 0.059 4.95935
0.01 0.108 2.16397
0.01 0.157 1.42403
0.01 0.206 1.69581
0.01 0.255 1.60834
0.01 0.304 0.876902
0.01 0.353 0.967698
0.01 0.402 2.68613
0.01 0.451 6.3414
0.01 0.5 8.84723
0.01 0.549 6.76251
0.01 0.598 3.34462
0.01 0.647 1.5608
0.01 0.696 1.44036
0.01 0.745 1.80507
0.01 0.794 1.4633
0.01 0.843 0.625537
0.01 0.892 0.892506
0.01 0.941 3.17574
0.01 0.99 5.61087
0.059 0.01 4.19355
0.059 0.059 2.73895
0.059 0.108 1.19512
0.059 0.157 0.786462
0.059 0.206 0.936564
0.059 0.255 0.888254
0.059 0.304 0.484295
0.059 0.353 0.53444
0.059 0.402 1.4835
0.059 0.451 3.50223
0.059 0.5 4.88615
0.059 0.549 3.7348
0.059 0.598 1.84717
0.059 0.647 0.861998
0.059 0.696 0.795481
0.059 0.745 0.996906
0.059 0.794 0.808152
0.059 0.843 0.345471
0.059 0.892 0.492913
0.059 0.941 1.7539
0.059 0.99 3.09877
0.108 0.01 1.70883
0.108 0.059 1.1161
0.108 0.108 0.486999
0.108 0.157 0.320476
0.108 0.206 0.381641
0.108 0.255 0.361955
0.108 0.304 0.197346
0.108 0.353 0.21778
0.108 0.402 0.604511
0.108 0.451 1.42713
0.108 0.5 1.99106
0.108 0.549 1.5219
0.108 0.598 0.752703
0.108 0.647 0.351256
0.108 0.696 0.324151
0.108 0.745 0.40623
0.108 0.794 0.329314
0.108 0.843 0.140776
0.108 0.892 0.200858
0.108 0.941 0.714698
0.108 0.99 1.26272
0.157 0.01 1.5894
0.157 0.059 1.03809
0.157 0.108 0.452963
0.157 0.157 0.298078
0.157 0.206 0.354969
0.157 0.255 0.336659
0.157 0.304 0.183554
0.157 0.353 0.202559
0.157 0.402 0.562263
0.157 0.451 1.32739
0.157 0.5 1.85191
0.157 0.549 1.41553
0.157 0.598 0.700097
0.157 0.647 0.326707
0.157 0.696 0.301497
0.157 0.745 0.377839
0.157 0.794 0.306299
0.157 0.843 0.130938
0.157 0.892 0.18682
0.157 0.941 0.664748
0.157 0.99 1.17447
0.206 0.01 1.40961
0.206 0.059 0.920667
0.206 0.108 0.401725
0.206 0.157 0.26436
0.206 0.206 0.314815
0.206 0.255 0.298576
0.206 0.304 0.16279
0.206 0.353 0.179646
0.206 0.402 0.498661
0.206 0.451 1.17723
0.206 0.5 1.64242
0.206 0.549 1.25541
0.206 0.598 0.620904
0.206 0.647 0.289751
0.206 0.696 0.267392
0.206 0.745 0.335099
0.206 0.794 0.271651
0.206 0.843 0.116126
0.206 0.892 0.165687
0.206 0.941 0.589553
0.206 0.99 1.04162
0.255 0.01 0.639549
0.255 0.059 0.417711
0.255 0.108 0.182265
0.255 0.157 0.119942
0.255 0.206 0.142833
0.255 0.255 0.135466
0.255 0.304 0.0738588
0.255 0.353 0.0815063
0.255 0.402 0.226245
0.255 0.451 0.534117
0.255 0.5 0.745176
0.255 0.549 0.569586
0.255 0.598 0.281707
0.255 0.647 0.131461
0.255 0.696 0.121317
0.255 0.745 0.152036
0.255 0.794 0.123249
0.255 0.843 0.0526871
0.255 0.892 0.0751731
0.255 0.941 0.267483
0.255 0.99 0.472587
0.304 0.01 0.352923
0.304 0.059 0.230506
0.304 0.108 0.100579
0.304 0.157 0.0661874
0.304 0.206 0.0788198
0.304 0.255 0.074754
0.304 0.304 0.0407575
0.304 0.353 0.0449776
0.304 0.402 0.124849
0.304 0.451 0.294742
0.304 0.5 0.41121
0.304 0.549 0.314315
0.304 0.598 0.155454
0.304 0.647 0.0725444
0.304 0.696 0.0669464
0.304 0.745 0.083898
0.304 0.794 0.0680128
0.304 0.843 0.0290743
0.304 0.892 0.0414828
0.304 0.941 0.147605
0.304 0.99 0.260787
0.353 0.01 0.681604
0.353 0.059 0.445179
0.353 0.108 0.19425
0.353 0.157 0.127829
0.353 0.206 0.152226
0.353 0.255 0.144373
0.353 0.304 0.0787155
0.353 0.353 0.0868659
0.353 0.402 0.241122
0.353 0.451 0.569239
0.353 0.5 0.794176
0.353 0.549 0.60704
0.353 0.598 0.300231
0.353 0.647 0.140106
0.353 0.696 0.129294
0.353 0.745 0.162033
0.353 0.794 0.131354
0.353 0.843 0.0561516
0.353 0.892 0.0801162
0.353 0.941 0.285072
0.353 0.99 0.503662
0.402 0.01 1.06268
0.402 0.059 0.694069
0.402 0.108 0.302851
0.402 0.157 0.199295
0.402 0.206 0.237332
0.402 0.255 0.22509
0.402 0.304 0.122724
0.402 0.353 0.135431
0.402 0.402 0.375928
0.402 0.451 0.887489
0.402 0.5 1.23818
0.402 0.549 0.946424
0.402 0.598 0.468085
0.402 0.647 0.218436
0.402 0.696 0.201581
0.402 0.745 0.252623
0.402 0.794 0.204791
0.402 0.843 0.0875448
0.402 0.892 0.124908
0.402 0.941 0.44445
0.402 0.99 0.78525
0.451 0.01 1.40094
0.451 0.059 0.915003
0.451 0.108 0.399253
0.451 0.157 0.262734
0.451 0.206 0.312879
0.451 0.255 0.296739
0.451 0.304 0.161789
0.451 0.353 0.178541
0.451 0.402 0.495593
0.451 0.451 1.16999
0.451 0.5 1.63232
0.451 0.549 1.24769
0.451 0.598 0.617083
0.451 0.647 0.287968
0.451 0.696 0.265747
0.451 0.745 0.333037
0.451 0.794 0.26998
0.451 0.843 0.115412
0.451 0.892 0.164668
0.451 0.941 0.585926
0.451 0.99 1.03521
0.5 0.01 1.16347
0.5 0.059 0.759902
0.5 0.108 0.331576
0.5 0.157 0.218198
0.5 0.206 0.259843
0.5 0.255 0.246439
0.5 0.304 0.134364
0.5 0.353 0.148277
0.5 0.402 0.411585
0.5 0.451 0.971667
0.5 0.5 1.35563
0.5 0.549 1.03619
0.5 0.598 0.512482
0.5 0.647 0.239155
0.5 0.696 0.2207
0.5 0.745 0.276584
0.5 0.794 0.224216
0.5 0.843 0.0958484
0.5 0.892 0.136755
0.5 0.941 0.486606
0.5 0.99 0.859731
0.549 0.01 0.731001
0.549 0.059 0.477442
0.549 0.108 0.208327
0.549 0.157 0.137093
0.549 0.206 0.163258
0.549 0.255 0.154836
0.549 0.304 0.0844202
0.549 0.353 0.0931613
0.549 0.402 0.258597
0.549 0.451 0.610493
0.549 0.5 0.851731
0.549 0.549 0.651033
0.549 0.598 0.32199
0.549 0.647 0.15026
0.549 0.696 0.138665
0.549 0.745 0.173776
0.549 0.794 0.140873
0.549 0.843 0.060221
0.549 0.892 0.0859224
0.549 0.941 0.305732
0.549 0.99 0.540164
0.598 0.01 1.09999
0.598 0.059 0.718438
0.598 0.108 0.313484
0.598 0.157 0.206292
0.598 0.206 0.245665
0.598 0.255 0.232993
0.598 0.304 0.127033
0.598 0.353 0.140186
0.598 0.402 0.389128
0.598 0.451 0.918649
0.598 0.5 1.28166
0.598 0.549 0.979654
0.598 0.598 0.484519
0.598 0.647 0.226106
0.598 0.696 0.208658
0.598 0.745 0.261493
0.598 0.794 0.211982
0.598 0.843 0.0906186
0.598 0.892 0.129293
0.598 0.941 0.460055
0.598 0.99 0.81282
0.647 0.01 1.67186
0.647 0.059 1.09195
0.647 0.108 0.476463
0.647 0.157 0.313543
0.647 0.206 0.373384
0.647 0.255 0.354124
0.647 0.304 0.193076
0.647 0.353 0.213068
0.647 0.402 0.591433
0.647 0.451 1.39625
0.647 0.5 1.94798
0.647 0.549 1.48897
0.647 0.598 0.736418
0.647 0.647 0.343657
0.647 0.696 0.317138
0.647 0.745 0.397441
0.647 0.794 0.32219
0.647 0.843 0.137731
0.647 0.892 0.196512
0.647 0.941 0.699235
0.647 0.99 1.2354
0.696 0.01 1.58818
0.696 0.059 1.0373
0.696 0.108 0.452615
0.696 0.157 0.297849
0.696 0.206 0.354696
0.696 0.255 0.3364
0.696 0.304 0.183413
0.696 0.353 0.202404
0.696 0.402 0.561831
0.696 0.451 1.32637
0.696 0.5 1.85048
0.696 0.549 1.41444
0.696 0.598 0.699559
0.696 0.647 0.326456
0.696 0.696 0.301265
0.696 0.745 0.377549
0.696 0.794 0.306064
0.696 0.843 0.130837
0.696 0.892 0.186676
0.696 0.941 0.664238
0.696 0.99 1.17357
0.745 0.01 1.47533
0.745 0.059 0.963587
0.745 0.108 0.420453
0.745 0.157 0.276684
0.745 0.206 0.329492
0.745 0.255 0.312496
0.745 0.304 0.170379
0.745 0.353 0.188021
0.745 0.402 0.521907
0.745 0.451 1.23212
0.745 0.5 1.71899
0.745 0.549 1.31394
0.745 0.598 0.649849
0.745 0.647 0.303258
0.745 0.696 0.279857
0.745 0.745 0.35072
0.745 0.794 0.284315
0.745 0.843 0.12154
0.745 0.892 0.173411
0.745 0.941 0.617037
0.745 0.99 1.09017
0.794 0.01 1.88135
0.794 0.059 1.22877
0.794 0.108 0.536164
0.794 0.157 0.35283
0.794 0.206 0.42017
0.794 0.255 0.398496
0.794 0.304 0.217269
0.794 0.353 0.239765
0.794 0.402 0.66554
0.794 0.451 1.5712
0.794 0.5 2.19207
0.794 0.549 1.67554
0.794 0.598 0.828692
0.794 0.647 0.386717
0.794 0.696 0.356876
0.794 0.745 0.447241
0.794 0.794 0.36256
0.794 0.843 0.154988
0.794 0.892 0.221135
0.794 0.941 0.78685
0.794 0.99 1.3902
0.843 0.01 2.11331
0.843 0.059 1.38028
0.843 0.108 0.602271
0.843 0.157 0.396332
0.843 0.206 0.471975
0.843 0.255 0.44763
0.843 0.304 0.244057
0.843 0.353 0.269328
0.843 0.402 0.747598
0.843 0.451 1.76492
0.843 0.5 2.46234
0.843 0.549 1.88213
0.843 0.598 0.930867
0.843 0.647 0.434398
0.843 0.696 0.400878
0.843 0.745 0.502384
0.843 0.794 0.407263
0.843 0.843 0.174098
0.843 0.892 0.2484
0.843 0.941 0.883866
0.843 0.99 1.5616
0.892 0.01 3.51401
0.892 0.059 2.29512
0.892 0.108 1.00145
0.892 0.157 0.65902
0.892 0.206 0.784799
0.892 0.255 0.744317
0.892 0.304 0.405818
0.892 0.353 0.447837
0.892 0.402 1.2431
0.892 0.451 2.93471
0.892 0.5 4.09437
0.892 0.549 3.12959
0.892 0.598 1.54784
0.892 0.647 0.722315
0.892 0.696 0.666577
0.892 0.745 0.835362
0.892 0.794 0.677195
0.892 0.843 0.289489
0.892 0.892 0.413039
0.892 0.941 1.46969
0.892 0.99 2.59663
0.941 0.01 8.38115
0.941 0.059 5.47401
0.941 0.108 2.38854
0.941 0.157 1.57181
0.941 0.206 1.8718
0.941 0.255 1.77525
0.941 0.304 0.967903
0.941 0.353 1.06812
0.941 0.402 2.96489
0.941 0.451 6.99948
0.941 0.5 9.76535
0.941 0.549 7.46429
0.941 0.598 3.69171
0.941 0.647 1.72277
0.941 0.696 1.58983
0.941 0.745 1.9924
0.941 0.794 1.61516
0.941 0.843 0.690452
0.941 0.892 0.985127
0.941 0.941 3.50531
0.941 0.99 6.19314
0.99 0.01 13.3657
0.99 0.059 8.72959
0.99 0.108 3.80908
0.99 0.157 2.50661
0.99 0.206 2.98502
0.99 0.255 2.83104
0.99 0.304 1.54355
0.99 0.353 1.70337
0.99 0.402 4.7282
0.99 0.451 11.1623
0.99 0.5 15.5731
0.99 0.549 11.9036
0.99 0.598 5.88729
0.99 0.647 2.74736
0.99 0.696 2.53536
0.99 0.745 3.17734
0.99 0.794 2.57574
0.99 0.843 1.10109
0.99 0.892 1.57101
0.99 0.941 5.59003
0.99 0.99 9.8764
