0.01 0.01 10.7559
0.01 0.059 7.12067
0.01 0.108 3.53929
0.01 0.157 2.17055
0.01 0.206 2.32915
0.01 0.255 2.76117
0.01 0.304 3.07026
0.01 0.353 3.26051
0.01 0.402 3.76433
0.01 0.451 4.93516
0.01 0.5 5.20932
0.01 0.549 3.73492
0.01 0.598 2.04978
0.01 0.647 1.51993
0.01 0.696 1.77762
0.01 0.745 1.49224
0.01 0.794 0.563613
0.01 0.843 0.268513
0.01 0.892 1.07947
0.01 0.941 3.33443
0.01 0.99 5.48609
0.059 0.01 6.59269
0.059 0.059 4.36452
0.059 0.108 2.16936
0.059 0.157 1.33041
0.059 0.206 1.42762
0.059 0.255 1.69242
0.059 0.304 1.88187
0.059 0.353 1.99849
0.059 0.402 2.3073
0.059 0.451 3.02494
0.059 0.5 3.19298
0.059 0.549 2.28927
0.059 0.598 1.25639
0.059 0.647 0.931622
0.059 0.696 1.08957
0.059 0.745 0.914649
0.059 0.794 0.345459
0.059 0.843 0.164582
0.059 0.892 0.661644
0.059 0.941 2.04379
0.059 0.99 3.36262
0.108 0.01 3.21754
0.108 0.059 2.13009
0.108 0.108 1.05875
0.108 0.157 0.649302
0.108 0.206 0.696745
0.108 0.255 0.825983
0.108 0.304 0.918442
0.108 0.353 0.975355
0.108 0.402 1.12607
0.108 0.451 1.47631
0.108 0.5 1.55832
0.108 0.549 1.11727
0.108 0.598 0.613176
0.108 0.647 0.454675
0.108 0.696 0.53176
0.108 0.745 0.446392
0.108 0.794 0.1686
0.108 0.843 0.0803236
0.108 0.892 0.322914
0.108 0.941 0.997467
0.108 0.99 1.64112
0.157 0.01 1.92089
0.157 0.059 1.27168
0.157 0.108 0.63208
0.157 0.157 0.387637
0.157 0.206 0.415961
0.157 0.255 0.493117
0.157 0.304 0.548316
0.157 0.353 0.582293
0.157 0.402 0.67227
0.157 0.451 0.881368
0.157 0.5 0.93033
0.157 0.549 0.667018
0.157 0.598 0.36607
0.157 0.647 0.271444
0.157 0.696 0.317464
0.157 0.745 0.266499
0.157 0.794 0.100655
0.157 0.843 0.0479537
0.157 0.892 0.192781
0.157 0.941 0.595494
0.157 0.99 0.979758
0.206 0.01 0.96683
0.206 0.059 0.640065
0.206 0.108 0.318141
0.206 0.157 0.195107
0.206 0.206 0.209363
0.206 0.255 0.248197
0.206 0.304 0.27598
0.206 0.353 0.293082
0.206 0.402 0.338369
0.206 0.451 0.443613
0.206 0.5 0.468257
0.206 0.549 0.335726
0.206 0.598 0.184252
0.206 0.647 0.136624
0.206 0.696 0.159787
0.206 0.745 0.134135
0.206 0.794 0.0506623
0.206 0.843 0.0241362
0.206 0.892 0.0970314
0.206 0.941 0.299726
0.206 0.99 0.493135
0.255 0.01 1.05671
0.255 0.059 0.699569
0.255 0.108 0.347717
0.255 0.157 0.213245
0.255 0.206 0.228827
0.255 0.255 0.271271
0.255 0.304 0.301637
0.255 0.353 0.320328
0.255 0.402 0.369826
0.255 0.451 0.484854
0.255 0.5 0.511788
0.255 0.549 0.366937
0.255 0.598 0.201381
0.255 0.647 0.149325
0.255 0.696 0.174642
0.255 0.745 0.146605
0.255 0.794 0.0553721
0.255 0.843 0.02638
0.255 0.892 0.106052
0.255 0.941 0.32759
0.255 0.99 0.53898
0.304 0.01 1.76434
0.304 0.059 1.16804
0.304 0.108 0.580565
0.304 0.157 0.356045
0.304 0.206 0.382061
0.304 0.255 0.452928
0.304 0.304 0.503628
0.304 0.353 0.534836
0.304 0.402 0.61748
0.304 0.451 0.809536
0.304 0.5 0.854508
0.304 0.549 0.612656
0.304 0.598 0.336236
0.304 0.647 0.249321
0.304 0.696 0.291591
0.304 0.745 0.244779
0.304 0.794 0.0924521
0.304 0.843 0.0440455
0.304 0.892 0.17707
0.304 0.941 0.546961
0.304 0.99 0.899908
0.353 0.01 2.06698
0.353 0.059 1.36839
0.353 0.108 0.680149
0.353 0.157 0.417117
0.353 0.206 0.447595
0.353 0.255 0.530619
0.353 0.304 0.590015
0.353 0.353 0.626576
0.353 0.402 0.723396
0.353 0.451 0.948395
0.353 0.5 1.00108
0.353 0.549 0.717745
0.353 0.598 0.39391
0.353 0.647 0.292087
0.353 0.696 0.341607
0.353 0.745 0.286766
0.353 0.794 0.10831
0.353 0.843 0.0516006
0.353 0.892 0.207442
0.353 0.941 0.640781
0.353 0.99 1.05427
0.402 0.01 1.44112
0.402 0.059 0.954059
0.402 0.108 0.474209
0.402 0.157 0.29082
0.402 0.206 0.312069
0.402 0.255 0.369954
0.402 0.304 0.411366
0.402 0.353 0.436857
0.402 0.402 0.504361
0.402 0.451 0.661234
0.402 0.5 0.697967
0.402 0.549 0.500421
0.402 0.598 0.274639
0.402 0.647 0.203647
0.402 0.696 0.238173
0.402 0.745 0.199937
0.402 0.794 0.0755154
0.402 0.843 0.0359766
0.402 0.892 0.144632
0.402 0.941 0.446761
0.402 0.99 0.73505
0.451 0.01 1.18978
0.451 0.059 0.787666
0.451 0.108 0.391504
0.451 0.157 0.240099
0.451 0.206 0.257643
0.451 0.255 0.305432
0.451 0.304 0.339622
0.451 0.353 0.360667
0.451 0.402 0.416398
0.451 0.451 0.545911
0.451 0.5 0.576238
0.451 0.549 0.413145
0.451 0.598 0.226741
0.451 0.647 0.16813
0.451 0.696 0.196635
0.451 0.745 0.165067
0.451 0.794 0.0623451
0.451 0.843 0.0297021
0.451 0.892 0.119407
0.451 0.941 0.368844
0.451 0.99 0.606853
0.5 0.01 1.89228
0.5 0.059 1.25273
0.5 0.108 0.622664
0.5 0.157 0.381863
0.5 0.206 0.409765
0.5 0.255 0.485771
0.5 0.304 0.540148
0.5 0.353 0.573619
0.5 0.402 0.662256
0.5 0.451 0.868239
0.5 0.5 0.916471
0.5 0.549 0.657082
0.5 0.598 0.360617
0.5 0.647 0.267401
0.5 0.696 0.312735
0.5 0.745 0.262529
0.5 0.794 0.0991561
0.5 0.843 0.0472394
0.5 0.892 0.18991
0.5 0.941 0.586623
0.5 0.99 0.965163
0.549 0.01 2.417
0.549 0.059 1.60011
0.549 0.108 0.795325
0.549 0.157 0.487752
0.549 0.206 0.523391
0.549 0.255 0.620473
0.549 0.304 0.689928
0.549 0.353 0.73268
0.549 0.402 0.845896
0.549 0.451 1.109
0.549 0.5 1.1706
0.549 0.549 0.839288
0.549 0.598 0.460614
0.549 0.647 0.341549
0.549 0.696 0.399455
0.549 0.745 0.335327
0.549 0.794 0.126652
0.549 0.843 0.0603386
0.549 0.892 0.242571
0.549 0.941 0.749291
0.549 0.99 1.2328
0.598 0.01 2.50415
0.598 0.059 1.65781
0.598 0.108 0.824004
0.598 0.157 0.505339
0.598 0.206 0.542264
0.598 0.255 0.642847
0.598 0.304 0.714806
0.598 0.353 0.7591
0.598 0.402 0.876398
0.598 0.451 1.14899
0.598 0.5 1.21281
0.598 0.549 0.869551
0.598 0.598 0.477224
0.598 0.647 0.353865
0.598 0.696 0.413859
0.598 0.745 0.347418
0.598 0.794 0.131218
0.598 0.843 0.0625143
0.598 0.892 0.251318
0.598 0.941 0.776309
0.598 0.99 1.27725
0.647 0.01 3.36727
0.647 0.059 2.22922
0.647 0.108 1.10802
0.647 0.157 0.679518
0.647 0.206 0.729169
0.647 0.255 0.86442
0.647 0.304 0.961182
0.647 0.353 1.02074
0.647 0.402 1.17847
0.647 0.451 1.54501
0.647 0.5 1.63084
0.647 0.549 1.16926
0.647 0.598 0.641711
0.647 0.647 0.475834
0.647 0.696 0.556506
0.647 0.745 0.467165
0.647 0.794 0.176446
0.647 0.843 0.0840615
0.647 0.892 0.33794
0.647 0.941 1.04388
0.647 0.99 1.71749
0.696 0.01 4.88653
0.696 0.059 3.235
0.696 0.108 1.60794
0.696 0.157 0.986104
0.696 0.206 1.05816
0.696 0.255 1.25443
0.696 0.304 1.39485
0.696 0.353 1.48129
0.696 0.402 1.71018
0.696 0.451 2.2421
0.696 0.5 2.36665
0.696 0.549 1.69682
0.696 0.598 0.93124
0.696 0.647 0.690522
0.696 0.696 0.807592
0.696 0.745 0.677941
0.696 0.794 0.256056
0.696 0.843 0.121989
0.696 0.892 0.490413
0.696 0.941 1.51487
0.696 0.99 2.49239
0.745 0.01 5.51139
0.745 0.059 3.64868
0.745 0.108 1.81355
0.745 0.157 1.1122
0.745 0.206 1.19347
0.745 0.255 1.41484
0.745 0.304 1.57322
0.745 0.353 1.67071
0.745 0.402 1.92887
0.745 0.451 2.52881
0.745 0.5 2.66929
0.745 0.549 1.9138
0.745 0.598 1.05032
0.745 0.647 0.778823
0.745 0.696 0.910863
0.745 0.745 0.764633
0.745 0.794 0.288799
0.745 0.843 0.137588
0.745 0.892 0.553125
0.745 0.941 1.70858
0.745 0.99 2.81111
0.794 0.01 3.97506
0.794 0.059 2.63158
0.794 0.108 1.30801
0.794 0.157 0.802169
0.794 0.206 0.860782
0.794 0.255 1.02045
0.794 0.304 1.13467
0.794 0.353 1.20499
0.794 0.402 1.39118
0.794 0.451 1.82388
0.794 0.5 1.92521
0.794 0.549 1.38031
0.794 0.598 0.757538
0.794 0.647 0.561721
0.794 0.696 0.656954
0.794 0.745 0.551487
0.794 0.794 0.208294
0.794 0.843 0.0992344
0.794 0.892 0.398938
0.794 0.941 1.2323
0.794 0.99 2.02749
0.843 0.01 2.63691
0.843 0.059 1.7457
0.843 0.108 0.86769
0.843 0.157 0.532131
0.843 0.206 0.571013
0.843 0.255 0.676929
0.843 0.304 0.752703
0.843 0.353 0.799345
0.843 0.402 0.922862
0.843 0.451 1.2099
0.843 0.5 1.27711
0.843 0.549 0.915652
0.843 0.598 0.502524
0.843 0.647 0.372626
0.843 0.696 0.4358
0.843 0.745 0.365837
0.843 0.794 0.138175
0.843 0.843 0.0658286
0.843 0.892 0.264642
0.843 0.941 0.817467
0.843 0.99 1.34497
0.892 0.01 3.39658
0.892 0.059 2.24862
0.892 0.108 1.11766
0.892 0.157 0.685431
0.892 0.206 0.735515
0.892 0.255 0.871943
0.892 0.304 0.969547
0.892 0.353 1.02963
0.892 0.402 1.18873
0.892 0.451 1.55846
0.892 0.5 1.64504
0.892 0.549 1.17944
0.892 0.598 0.647296
0.892 0.647 0.479975
0.892 0.696 0.561349
0.892 0.745 0.47123
0.892 0.794 0.177982
0.892 0.843 0.0847931
0.892 0.892 0.340882
0.892 0.941 1.05297
0.892 0.99 1.73244
0.941 0.01 5.36667
0.941 0.059 3.55287
0.941 0.108 1.76593
0.941 0.157 1.083
0.941 0.206 1.16213
0.941 0.255 1.37769
0.941 0.304 1.53191
0.941 0.353 1.62684
0.941 0.402 1.87822
0.941 0.451 2.4624
0.941 0.5 2.5992
0.941 0.549 1.86354
0.941 0.598 1.02274
0.941 0.647 0.758372
0.941 0.696 0.886946
0.941 0.745 0.744556
0.941 0.794 0.281216
0.941 0.843 0.133975
0.941 0.892 0.538601
0.941 0.941 1.66372
0.941 0.99 2.73729
0.99 0.01 7.22365
0.99 0.059 4.78223
0.99 0.108 2.37698
0.99 0.157 1.45774
0.99 0.206 1.56425
0.99 0.255 1.8544
0.99 0.304 2.06198
0.99 0.353 2.18975
0.99 0.402 2.52812
0.99 0.451 3.31444
0.99 0.5 3.49857
0.99 0.549 2.50837
0.99 0.598 1.37663
0.99 0.647 1.02078
0.99 0.696 1.19385
0.99 0.745 1.00219
0.99 0.794 0.378522
0.99 0.843 0.180333
0.99 0.892 0.724968
0.99 0.941 2.23939
0.99 0.99 3.68445
