0.01 0.01 3.17891
0.01 0.059 1.83421
0.01 0.108 0.804026
0.01 0.157 0.622583
0.01 0.206 0.566311
0.01 0.255 0.5009
0.01 0.304 0.442084
0.01 0.353 0.291214
0.01 0.402 0.203934
0.01 0.451 0.230222
0.01 0.5 0.292157
0.01 0.549 0.223083
0.01 0.598 0.0879135
0.01 0.647 0.0881683
0.01 0.696 0.156887
0.01 0.745 0.210609
0.01 0.794 0.282175
0.01 0.843 0.222844
0.01 0.892 0.176417
0.01 0.941 0.548987
0.01 0.99 1.04516
0.059 0.01 3.43024
0.059 0.059 1.97922
0.059 0.108 0.867593
0.059 0.157 0.671806
0.059 0.206 0.611084
0.059 0.255 0.540502
0.059 0.304 0.477036
0.059 0.353 0.314238
0.059 0.402 0.220057
0.059 0.451 0.248423
0.059 0.5 0.315255
0.059 0.549 0.24072
0.059 0.598 0.094864
0.059 0.647 0.095139
0.059 0.696 0.169291
0.059 0.745 0.22726
0.059 0.794 0.304484
0.059 0.843 0.240462
0.059 0.892 0.190365
0.059 0.941 0.592391
0.059 0.99 1.12779
0.108 0.01 3.58877
0.108 0.059 2.07069
0.108 0.108 0.907689
0.108 0.157 0.702853
0.108 0.206 0.639326
0.108 0.255 0.565482
0.108 0.304 0.499082
0.108 0.353 0.32876
0.108 0.402 0.230227
0.108 0.451 0.259904
0.108 0.5 0.329825
0.108 0.549 0.251845
0.108 0.598 0.0992482
0.108 0.647 0.0995359
0.108 0.696 0.177115
0.108 0.745 0.237763
0.108 0.794 0.318556
0.108 0.843 0.251575
0.108 0.892 0.199163
0.108 0.941 0.619769
0.108 0.99 1.17991
0.157 0.01 2.17371
0.157 0.059 1.25421
0.157 0.108 0.549785
0.157 0.157 0.425716
0.157 0.206 0.387238
0.157 0.255 0.342511
0.157 0.304 0.302293
0.157 0.353 0.199129
0.157 0.402 0.139448
0.157 0.451 0.157423
0.157 0.5 0.199774
0.157 0.549 0.152542
0.157 0.598 0.0601143
0.157 0.647 0.0602886
0.157 0.696 0.107278
0.157 0.745 0.144012
0.157 0.794 0.192948
0.157 0.843 0.152378
0.157 0.892 0.120632
0.157 0.941 0.375392
0.157 0.99 0.714669
0.206 0.01 0.946474
0.206 0.059 0.546109
0.206 0.108 0.239387
0.206 0.157 0.185365
0.206 0.206 0.168611
0.206 0.255 0.149136
0.206 0.304 0.131624
0.206 0.353 0.0867047
0.206 0.402 0.0607183
0.206 0.451 0.0685451
0.206 0.5 0.0869855
0.206 0.549 0.0664196
0.206 0.598 0.026175
0.206 0.647 0.0262508
0.206 0.696 0.0467108
0.206 0.745 0.0627057
0.206 0.794 0.0840135
0.206 0.843 0.0663485
0.206 0.892 0.0525257
0.206 0.941 0.163453
0.206 0.99 0.311181
0.255 0.01 1.75563
0.255 0.059 1.01299
0.255 0.108 0.444043
0.255 0.157 0.343837
0.255 0.206 0.312759
0.255 0.255 0.276635
0.255 0.304 0.244152
0.255 0.353 0.16083
0.255 0.402 0.112627
0.255 0.451 0.127146
0.255 0.5 0.161351
0.255 0.549 0.123203
0.255 0.598 0.0485524
0.255 0.647 0.0486931
0.255 0.696 0.0866448
0.255 0.745 0.116314
0.255 0.794 0.155838
0.255 0.843 0.123071
0.255 0.892 0.0974308
0.255 0.941 0.303192
0.255 0.99 0.577215
0.304 0.01 3.52552
0.304 0.059 2.0342
0.304 0.108 0.891692
0.304 0.157 0.690466
0.304 0.206 0.628058
0.304 0.255 0.555515
0.304 0.304 0.490286
0.304 0.353 0.322966
0.304 0.402 0.226169
0.304 0.451 0.255323
0.304 0.5 0.324012
0.304 0.549 0.247406
0.304 0.598 0.097499
0.304 0.647 0.0977816
0.304 0.696 0.173993
0.304 0.745 0.233572
0.304 0.794 0.312942
0.304 0.843 0.247141
0.304 0.892 0.195653
0.304 0.941 0.608845
0.304 0.99 1.15912
0.353 0.01 3.87372
0.353 0.059 2.23511
0.353 0.108 0.97976
0.353 0.157 0.75866
0.353 0.206 0.690089
0.353 0.255 0.610381
0.353 0.304 0.538709
0.353 0.353 0.354864
0.353 0.402 0.248507
0.353 0.451 0.280541
0.353 0.5 0.356013
0.353 0.549 0.271841
0.353 0.598 0.107129
0.353 0.647 0.107439
0.353 0.696 0.191178
0.353 0.745 0.256641
0.353 0.794 0.343849
0.353 0.843 0.27155
0.353 0.892 0.214976
0.353 0.941 0.668978
0.353 0.99 1.2736
0.402 0.01 2.3335
0.402 0.059 1.34641
0.402 0.108 0.590202
0.402 0.157 0.457012
0.402 0.206 0.415705
0.402 0.255 0.36769
0.402 0.304 0.324515
0.402 0.353 0.213768
0.402 0.402 0.149699
0.402 0.451 0.168996
0.402 0.5 0.21446
0.402 0.549 0.163756
0.402 0.598 0.0645336
0.402 0.647 0.0647206
0.402 0.696 0.115164
0.402 0.745 0.154599
0.402 0.794 0.207133
0.402 0.843 0.16358
0.402 0.892 0.1295
0.402 0.941 0.402988
0.402 0.99 0.767207
0.451 0.01 1.98678
0.451 0.059 1.14636
0.451 0.108 0.502507
0.451 0.157 0.389107
0.451 0.206 0.353938
0.451 0.255 0.313057
0.451 0.304 0.276297
0.451 0.353 0.182005
0.451 0.402 0.127456
0.451 0.451 0.143886
0.451 0.5 0.182595
0.451 0.549 0.139424
0.451 0.598 0.0549449
0.451 0.647 0.0551042
0.451 0.696 0.0980526
0.451 0.745 0.131628
0.451 0.794 0.176356
0.451 0.843 0.139275
0.451 0.892 0.110259
0.451 0.941 0.343111
0.451 0.99 0.653212
0.5 0.01 3.4427
0.5 0.059 1.98641
0.5 0.108 0.870744
0.5 0.157 0.674245
0.5 0.206 0.613303
0.5 0.255 0.542465
0.5 0.304 0.478768
0.5 0.353 0.315379
0.5 0.402 0.220856
0.5 0.451 0.249325
0.5 0.5 0.3164
0.5 0.549 0.241594
0.5 0.598 0.0952085
0.5 0.647 0.0954844
0.5 0.696 0.169905
0.5 0.745 0.228085
0.5 0.794 0.30559
0.5 0.843 0.241335
0.5 0.892 0.191056
0.5 0.941 0.594542
0.5 0.99 1.13189
0.549 0.01 3.93237
0.549 0.059 2.26895
0.549 0.108 0.994594
0.549 0.157 0.770146
0.549 0.206 0.700537
0.549 0.255 0.619622
0.549 0.304 0.546865
0.549 0.353 0.360237
0.549 0.402 0.25227
0.549 0.451 0.284788
0.549 0.5 0.361404
0.549 0.549 0.275957
0.549 0.598 0.10875
0.549 0.647 0.109066
0.549 0.696 0.194072
0.549 0.745 0.260527
0.549 0.794 0.349055
0.549 0.843 0.275662
0.549 0.892 0.218231
0.549 0.941 0.679107
0.549 0.99 1.29288
0.598 0.01 2.3336
0.598 0.059 1.34647
0.598 0.108 0.590226
0.598 0.157 0.457031
0.598 0.206 0.415722
0.598 0.255 0.367705
0.598 0.304 0.324529
0.598 0.353 0.213777
0.598 0.402 0.149705
0.598 0.451 0.169003
0.598 0.5 0.214469
0.598 0.549 0.163762
0.598 0.598 0.0645362
0.598 0.647 0.0647233
0.598 0.696 0.115169
0.598 0.745 0.154606
0.598 0.794 0.207141
0.598 0.843 0.163587
0.598 0.892 0.129506
0.598 0.941 0.403005
0.598 0.99 0.767239
0.647 0.01 1.51544
0.647 0.059 0.874397
0.647 0.108 0.383293
0.647 0.157 0.296796
0.647 0.206 0.26997
0.647 0.255 0.238788
0.647 0.304 0.210749
0.647 0.353 0.138827
0.647 0.402 0.0972186
0.647 0.451 0.10975
0.647 0.5 0.139276
0.647 0.549 0.106347
0.647 0.598 0.0419098
0.647 0.647 0.0420313
0.647 0.696 0.0747907
0.647 0.745 0.100401
0.647 0.794 0.134518
0.647 0.843 0.106233
0.647 0.892 0.0841011
0.647 0.941 0.261711
0.647 0.99 0.498244
0.696 0.01 2.74906
0.696 0.059 1.58619
0.696 0.108 0.695305
0.696 0.157 0.538397
0.696 0.206 0.489734
0.696 0.255 0.433168
0.696 0.304 0.382305
0.696 0.353 0.251836
0.696 0.402 0.176358
0.696 0.451 0.199091
0.696 0.5 0.252652
0.696 0.549 0.192917
0.696 0.598 0.0760258
0.696 0.647 0.0762461
0.696 0.696 0.135673
0.696 0.745 0.18213
0.696 0.794 0.244019
0.696 0.843 0.192711
0.696 0.892 0.152562
0.696 0.941 0.474753
0.696 0.99 0.903832
0.745 0.01 3.96918
0.745 0.059 2.29019
0.745 0.108 1.00391
0.745 0.157 0.777357
0.745 0.206 0.707095
0.745 0.255 0.625423
0.745 0.304 0.551985
0.745 0.353 0.363609
0.745 0.402 0.254631
0.745 0.451 0.287454
0.745 0.5 0.364787
0.745 0.549 0.278541
0.745 0.598 0.109769
0.745 0.647 0.110087
0.745 0.696 0.195889
0.745 0.745 0.262966
0.745 0.794 0.352323
0.745 0.843 0.278242
0.745 0.892 0.220274
0.745 0.941 0.685465
0.745 0.99 1.30498
0.794 0.01 3.33472
0.794 0.059 1.92411
0.794 0.108 0.843434
0.794 0.157 0.653098
0.794 0.206 0.594068
0.794 0.255 0.525451
0.794 0.304 0.463752
0.794 0.353 0.305487
0.794 0.402 0.213929
0.794 0.451 0.241505
0.794 0.5 0.306477
0.794 0.549 0.234017
0.794 0.598 0.0922224
0.794 0.647 0.0924897
0.794 0.696 0.164577
0.794 0.745 0.220931
0.794 0.794 0.296005
0.794 0.843 0.233766
0.794 0.892 0.185064
0.794 0.941 0.575895
0.794 0.99 1.09638
0.843 0.01 3.17181
0.843 0.059 1.83011
0.843 0.108 0.80223
0.843 0.157 0.621193
0.843 0.206 0.565046
0.843 0.255 0.499781
0.843 0.304 0.441096
0.843 0.353 0.290563
0.843 0.402 0.203478
0.843 0.451 0.229707
0.843 0.5 0.291505
0.843 0.549 0.222584
0.843 0.598 0.0877171
0.843 0.647 0.0879713
0.843 0.696 0.156537
0.843 0.745 0.210138
0.843 0.794 0.281545
0.843 0.843 0.222346
0.843 0.892 0.176023
0.843 0.941 0.547761
0.843 0.99 1.04282
0.892 0.01 9.26573
0.892 0.059 5.34626
0.892 0.108 2.34353
0.892 0.157 1.81467
0.892 0.206 1.65066
0.892 0.255 1.46
0.892 0.304 1.28856
0.892 0.353 0.848816
0.892 0.402 0.594416
0.892 0.451 0.671038
0.892 0.5 0.851565
0.892 0.549 0.65023
0.892 0.598 0.256246
0.892 0.647 0.256988
0.892 0.696 0.457286
0.892 0.745 0.613872
0.892 0.794 0.82247
0.892 0.843 0.649534
0.892 0.892 0.514212
0.892 0.941 1.60016
0.892 0.99 3.04637
0.941 0.01 29.0994
0.941 0.059 16.7901
0.941 0.108 7.35996
0.941 0.157 5.69905
0.941 0.206 5.18395
0.941 0.255 4.58518
0.941 0.304 4.04678
0.941 0.353 2.66574
0.941 0.402 1.86679
0.941 0.451 2.10742
0.941 0.5 2.67437
0.941 0.549 2.04207
0.941 0.598 0.804749
0.941 0.647 0.807082
0.941 0.696 1.43613
0.941 0.745 1.92789
0.941 0.794 2.583
0.941 0.843 2.03989
0.941 0.892 1.6149
0.941 0.941 5.02537
0.941 0.99 9.56726
0.99 0.01 50.625
0.99 0.059 29.2102
0.99 0.108 12.8043
0.99 0.157 9.9148
0.99 0.206 9.01865
0.99 0.255 7.97697
0.99 0.304 7.0403
0.99 0.353 4.63766
0.99 0.402 3.2477
0.99 0.451 3.66634
0.99 0.5 4.65268
0.99 0.549 3.55265
0.99 0.598 1.40004
0.99 0.647 1.4041
0.99 0.696 2.49847
0.99 0.745 3.354
0.99 0.794 4.49371
0.99 0.843 3.54885
0.99 0.892 2.80949
0.99 0.941 8.74276
0.99 0.99 16.6444
