0.01 0.01 0.0528669
0.01 0.059 0.0294125
0.01 0.108 0.00752188
0.01 0.157 0.00256867
0.01 0.206 0.00427241
0.01 0.255 0.00651917
0.01 0.304 0.00732515
0.01 0.353 0.00574383
0.01 0.402 0.00692829
0.01 0.451 0.00963832
0.01 0.5 0.00947413
0.01 0.549 0.00988049
0.01 0.598 0.0111671
0.01 0.647 0.0117229
0.01 0.696 0.0106867
0.01 0.745 0.00939781
0.01 0.794 0.0109066
0.01 0.843 0.0124287
0.01 0.892 0.0166595
0.01 0.941 0.0207802
0.01 0.99 0.021414
0.059 0.01 0.307036
0.059 0.059 0.170819
0.059 0.108 0.0436849
0.059 0.157 0.0149181
0.059 0.206 0.0248129
0.059 0.255 0.0378614
0.059 0.304 0.0425424
0.059 0.353 0.0333585
0.059 0.402 0.0402375
0.059 0.451 0.0559766
0.059 0.5 0.055023
0.059 0.549 0.057383
0.059 0.598 0.0648554
0.059 0.647 0.0680831
0.059 0.696 0.0620654
0.059 0.745 0.0545797
0.059 0.794 0.0633422
0.059 0.843 0.0721821
0.059 0.892 0.0967536
0.059 0.941 0.120685
0.059 0.99 0.124366
0.108 0.01 0.914504
0.108 0.059 0.508784
0.108 0.108 0.130115
0.108 0.157 0.0444335
0.108 0.206 0.0739051
0.108 0.255 0.11277
0.108 0.304 0.126712
0.108 0.353 0.0993582
0.108 0.402 0.119847
0.108 0.451 0.166726
0.108 0.5 0.163886
0.108 0.549 0.170915
0.108 0.598 0.193172
0.108 0.647 0.202785
0.108 0.696 0.184861
0.108 0.745 0.162565
0.108 0.794 0.188664
0.108 0.843 0.214994
0.108 0.892 0.28818
0.108 0.941 0.359461
0.108 0.99 0.370425
0.157 0.01 1.18647
0.157 0.059 0.660095
0.157 0.108 0.168811
0.157 0.157 0.0576478
0.157 0.206 0.0958842
0.157 0.255 0.146307
0.157 0.304 0.164396
0.157 0.353 0.128907
0.157 0.402 0.155489
0.157 0.451 0.21631
0.157 0.5 0.212625
0.157 0.549 0.221744
0.157 0.598 0.25062
0.157 0.647 0.263093
0.157 0.696 0.239838
0.157 0.745 0.210912
0.157 0.794 0.244772
0.157 0.843 0.278932
0.157 0.892 0.373884
0.157 0.941 0.466363
0.157 0.99 0.480588
0.206 0.01 1.39293
0.206 0.059 0.774959
0.206 0.108 0.198186
0.206 0.157 0.0676792
0.206 0.206 0.112569
0.206 0.255 0.171767
0.206 0.304 0.193003
0.206 0.353 0.151338
0.206 0.402 0.182546
0.206 0.451 0.25395
0.206 0.5 0.249624
0.206 0.549 0.260331
0.206 0.598 0.294231
0.206 0.647 0.308874
0.206 0.696 0.281573
0.206 0.745 0.247613
0.206 0.794 0.287366
0.206 0.843 0.32747
0.206 0.892 0.438944
0.206 0.941 0.547516
0.206 0.99 0.564216
0.255 0.01 2.15335
0.255 0.059 1.19802
0.255 0.108 0.306378
0.255 0.157 0.104626
0.255 0.206 0.174022
0.255 0.255 0.265536
0.255 0.304 0.298365
0.255 0.353 0.233955
0.255 0.402 0.2822
0.255 0.451 0.392584
0.255 0.5 0.385896
0.255 0.549 0.402447
0.255 0.598 0.454854
0.255 0.647 0.477491
0.255 0.696 0.435286
0.255 0.745 0.382787
0.255 0.794 0.444241
0.255 0.843 0.506238
0.255 0.892 0.678567
0.255 0.941 0.84641
0.255 0.99 0.872226
0.304 0.01 1.75227
0.304 0.059 0.974873
0.304 0.108 0.249312
0.304 0.157 0.0851383
0.304 0.206 0.141608
0.304 0.255 0.216077
0.304 0.304 0.242791
0.304 0.353 0.190379
0.304 0.402 0.229637
0.304 0.451 0.319461
0.304 0.5 0.314019
0.304 0.549 0.327487
0.304 0.598 0.370133
0.304 0.647 0.388553
0.304 0.696 0.35421
0.304 0.745 0.311489
0.304 0.794 0.361497
0.304 0.843 0.411946
0.304 0.892 0.552177
0.304 0.941 0.688757
0.304 0.99 0.709765
0.353 0.01 0.67808
0.353 0.059 0.37725
0.353 0.108 0.096477
0.353 0.157 0.0329462
0.353 0.206 0.0547987
0.353 0.255 0.083616
0.353 0.304 0.0939537
0.353 0.353 0.0736714
0.353 0.402 0.0888635
0.353 0.451 0.123623
0.353 0.5 0.121517
0.353 0.549 0.126729
0.353 0.598 0.143232
0.353 0.647 0.15036
0.353 0.696 0.13707
0.353 0.745 0.120538
0.353 0.794 0.13989
0.353 0.843 0.159412
0.353 0.892 0.213678
0.353 0.941 0.266531
0.353 0.99 0.27466
0.402 0.01 0.788399
0.402 0.059 0.438626
0.402 0.108 0.112173
0.402 0.157 0.0383064
0.402 0.206 0.063714
0.402 0.255 0.0972197
0.402 0.304 0.109239
0.402 0.353 0.0856573
0.402 0.402 0.103321
0.402 0.451 0.143735
0.402 0.5 0.141287
0.402 0.549 0.147347
0.402 0.598 0.166534
0.402 0.647 0.174822
0.402 0.696 0.15937
0.402 0.745 0.140149
0.402 0.794 0.162649
0.402 0.843 0.185347
0.402 0.892 0.248442
0.402 0.941 0.309893
0.402 0.99 0.319345
0.451 0.01 2.01887
0.451 0.059 1.1232
0.451 0.108 0.287244
0.451 0.157 0.0980917
0.451 0.206 0.163154
0.451 0.255 0.248952
0.451 0.304 0.279731
0.451 0.353 0.219344
0.451 0.402 0.264576
0.451 0.451 0.368066
0.451 0.5 0.361795
0.451 0.549 0.377313
0.451 0.598 0.426447
0.451 0.647 0.44767
0.451 0.696 0.408102
0.451 0.745 0.358881
0.451 0.794 0.416497
0.451 0.843 0.474622
0.451 0.892 0.636189
0.451 0.941 0.793549
0.451 0.99 0.817753
0.5 0.01 2.92439
0.5 0.059 1.62699
0.5 0.108 0.416081
0.5 0.157 0.142089
0.5 0.206 0.236333
0.5 0.255 0.360615
0.5 0.304 0.405199
0.5 0.353 0.317727
0.5 0.402 0.383246
0.5 0.451 0.533155
0.5 0.5 0.524072
0.5 0.549 0.54655
0.5 0.598 0.617722
0.5 0.647 0.648464
0.5 0.696 0.591148
0.5 0.745 0.51985
0.5 0.794 0.603309
0.5 0.843 0.687505
0.5 0.892 0.921539
0.5 0.941 1.14948
0.5 0.99 1.18454
0.549 0.01 2.40479
0.549 0.059 1.3379
0.549 0.108 0.342152
0.549 0.157 0.116843
0.549 0.206 0.194341
0.549 0.255 0.296541
0.549 0.304 0.333203
0.549 0.353 0.261273
0.549 0.402 0.315151
0.549 0.451 0.438424
0.549 0.5 0.430955
0.549 0.549 0.449439
0.549 0.598 0.507965
0.549 0.647 0.533245
0.549 0.696 0.486113
0.549 0.745 0.427483
0.549 0.794 0.496113
0.549 0.843 0.565349
0.549 0.892 0.7578
0.549 0.941 0.945241
0.549 0.99 0.974072
0.598 0.01 1.98049
0.598 0.059 1.10184
0.598 0.108 0.281783
0.598 0.157 0.0962269
0.598 0.206 0.160052
0.598 0.255 0.244219
0.598 0.304 0.274413
0.598 0.353 0.215174
0.598 0.402 0.259546
0.598 0.451 0.361068
0.598 0.5 0.354917
0.598 0.549 0.37014
0.598 0.598 0.41834
0.598 0.647 0.439159
0.598 0.696 0.400343
0.598 0.745 0.352058
0.598 0.794 0.408579
0.598 0.843 0.465599
0.598 0.892 0.624094
0.598 0.941 0.778463
0.598 0.99 0.802207
0.647 0.01 2.54512
0.647 0.059 1.41598
0.647 0.108 0.362119
0.647 0.157 0.123661
0.647 0.206 0.205683
0.647 0.255 0.313846
0.647 0.304 0.352648
0.647 0.353 0.27652
0.647 0.402 0.333542
0.647 0.451 0.464009
0.647 0.5 0.456104
0.647 0.549 0.475667
0.647 0.598 0.537609
0.647 0.647 0.564363
0.647 0.696 0.514481
0.647 0.745 0.45243
0.647 0.794 0.525065
0.647 0.843 0.598341
0.647 0.892 0.802023
0.647 0.941 1.0004
0.647 0.99 1.03092
0.696 0.01 2.5989
0.696 0.059 1.4459
0.696 0.108 0.369771
0.696 0.157 0.126274
0.696 0.206 0.210029
0.696 0.255 0.320478
0.696 0.304 0.3601
0.696 0.353 0.282363
0.696 0.402 0.34059
0.696 0.451 0.473814
0.696 0.5 0.465742
0.696 0.549 0.485718
0.696 0.598 0.548969
0.696 0.647 0.576289
0.696 0.696 0.525352
0.696 0.745 0.46199
0.696 0.794 0.53616
0.696 0.843 0.610985
0.696 0.892 0.818971
0.696 0.941 1.02154
0.696 0.99 1.0527
0.745 0.01 1.75123
0.745 0.059 0.974299
0.745 0.108 0.249165
0.745 0.157 0.0850881
0.745 0.206 0.141525
0.745 0.255 0.21595
0.745 0.304 0.242648
0.745 0.353 0.190266
0.745 0.402 0.229502
0.745 0.451 0.319273
0.745 0.5 0.313834
0.745 0.549 0.327295
0.745 0.598 0.369915
0.745 0.647 0.388324
0.745 0.696 0.354001
0.745 0.745 0.311306
0.745 0.794 0.361284
0.745 0.843 0.411704
0.745 0.892 0.551852
0.745 0.941 0.688352
0.745 0.99 0.709347
0.794 0.01 1.83369
0.794 0.059 1.02017
0.794 0.108 0.260896
0.794 0.157 0.0890943
0.794 0.206 0.148188
0.794 0.255 0.226117
0.794 0.304 0.254073
0.794 0.353 0.199225
0.794 0.402 0.240308
0.794 0.451 0.334305
0.794 0.5 0.32861
0.794 0.549 0.342704
0.794 0.598 0.387332
0.794 0.647 0.406608
0.794 0.696 0.370669
0.794 0.745 0.325963
0.794 0.794 0.378294
0.794 0.843 0.431088
0.794 0.892 0.577835
0.794 0.941 0.720761
0.794 0.99 0.742745
0.843 0.01 2.96499
0.843 0.059 1.64958
0.843 0.108 0.421858
0.843 0.157 0.144062
0.843 0.206 0.239614
0.843 0.255 0.365622
0.843 0.304 0.410825
0.843 0.353 0.322138
0.843 0.402 0.388567
0.843 0.451 0.540557
0.843 0.5 0.531349
0.843 0.549 0.554139
0.843 0.598 0.626299
0.843 0.647 0.657468
0.843 0.696 0.599356
0.843 0.745 0.527068
0.843 0.794 0.611686
0.843 0.843 0.697051
0.843 0.892 0.934334
0.843 0.941 1.16544
0.843 0.99 1.20099
0.892 0.01 6.55817
0.892 0.059 3.64864
0.892 0.108 0.933095
0.892 0.157 0.318646
0.892 0.206 0.529995
0.892 0.255 0.808707
0.892 0.304 0.90869
0.892 0.353 0.712527
0.892 0.402 0.859459
0.892 0.451 1.19564
0.892 0.5 1.17527
0.892 0.549 1.22568
0.892 0.598 1.38529
0.892 0.647 1.45423
0.892 0.696 1.3257
0.892 0.745 1.1658
0.892 0.794 1.35297
0.892 0.843 1.54178
0.892 0.892 2.06662
0.892 0.941 2.5778
0.892 0.99 2.65643
0.941 0.01 21.7333
0.941 0.059 12.0913
0.941 0.108 3.09221
0.941 0.157 1.05597
0.941 0.206 1.75637
0.941 0.255 2.68
0.941 0.304 3.01133
0.941 0.353 2.36126
0.941 0.402 2.84819
0.941 0.451 3.96227
0.941 0.5 3.89477
0.941 0.549 4.06182
0.941 0.598 4.59075
0.941 0.647 4.81922
0.941 0.696 4.39326
0.941 0.745 3.86339
0.941 0.794 4.48364
0.941 0.843 5.10936
0.941 0.892 6.84864
0.941 0.941 8.54264
0.941 0.99 8.8032
0.99 0.01 40.4552
0.99 0.059 22.5073
0.99 0.108 5.75595
0.99 0.157 1.96562
0.99 0.206 3.26937
0.99 0.255 4.98865
0.99 0.304 5.60541
0.99 0.353 4.39534
0.99 0.402 5.30172
0.99 0.451 7.37551
0.99 0.5 7.24987
0.99 0.549 7.56082
0.99 0.598 8.5454
0.99 0.647 8.97067
0.99 0.696 8.17778
0.99 0.745 7.19146
0.99 0.794 8.34601
0.99 0.843 9.51076
0.99 0.892 12.7483
0.99 0.941 15.9016
0.99 0.99 16.3866
