0.01 0.01 3.50175
0.01 0.059 2.51131
0.01 0.108 1.27527
0.01 0.157 0.585528
0.01 0.206 0.538867
0.01 0.255 0.696603
0.01 0.304 0.565745
0.01 0.353 0.257587
0.01 0.402 0.244002
0.01 0.451 0.421971
0.01 0.5 0.604181
0.01 0.549 0.644362
0.01 0.598 0.556792
0.01 0.647 0.784084
0.01 0.696 1.11254
0.01 0.745 1.39024
0.01 0.794 1.56931
0.01 0.843 1.42283
0.01 0.892 1.43225
0.01 0.941 1.98902
0.01 0.99 2.58299
0.059 0.01 2.73525
0.059 0.059 1.9616
0.059 0.108 0.99612
0.059 0.157 0.45736
0.059 0.206 0.420913
0.059 0.255 0.544122
0.059 0.304 0.441908
0.059 0.353 0.201203
0.059 0.402 0.190592
0.059 0.451 0.329605
0.059 0.5 0.47193
0.059 0.549 0.503315
0.059 0.598 0.434914
0.059 0.647 0.612454
0.059 0.696 0.869011
0.059 0.745 1.08592
0.059 0.794 1.2258
0.059 0.843 1.11138
0.059 0.892 1.11874
0.059 0.941 1.55364
0.059 0.99 2.01759
0.108 0.01 2.01799
0.108 0.059 1.44722
0.108 0.108 0.734912
0.108 0.157 0.337429
0.108 0.206 0.310539
0.108 0.255 0.401439
0.108 0.304 0.326028
0.108 0.353 0.148443
0.108 0.402 0.140614
0.108 0.451 0.243174
0.108 0.5 0.348178
0.108 0.549 0.371333
0.108 0.598 0.320869
0.108 0.647 0.451853
0.108 0.696 0.641134
0.108 0.745 0.801167
0.108 0.794 0.904363
0.108 0.843 0.819949
0.108 0.892 0.825379
0.108 0.941 1.14623
0.108 0.99 1.48853
0.157 0.01 2.80073
0.157 0.059 2.00856
0.157 0.108 1.01997
0.157 0.157 0.46831
0.157 0.206 0.43099
0.157 0.255 0.557148
0.157 0.304 0.452487
0.157 0.353 0.20602
0.157 0.402 0.195155
0.157 0.451 0.337495
0.157 0.5 0.483228
0.157 0.549 0.515365
0.157 0.598 0.445326
0.157 0.647 0.627116
0.157 0.696 0.889815
0.157 0.745 1.11192
0.157 0.794 1.25514
0.157 0.843 1.13799
0.157 0.892 1.14552
0.157 0.941 1.59083
0.157 0.99 2.06589
0.206 0.01 4.22402
0.206 0.059 3.02929
0.206 0.108 1.5383
0.206 0.157 0.706298
0.206 0.206 0.650013
0.206 0.255 0.840283
0.206 0.304 0.682435
0.206 0.353 0.310716
0.206 0.402 0.294329
0.206 0.451 0.509006
0.206 0.5 0.728798
0.206 0.549 0.777267
0.206 0.598 0.671635
0.206 0.647 0.945808
0.206 0.696 1.34201
0.206 0.745 1.67698
0.206 0.794 1.89299
0.206 0.843 1.7163
0.206 0.892 1.72767
0.206 0.941 2.39927
0.206 0.99 3.11575
0.255 0.01 4.98769
0.255 0.059 3.57696
0.255 0.108 1.81642
0.255 0.157 0.833992
0.255 0.206 0.767531
0.255 0.255 0.992201
0.255 0.304 0.805815
0.255 0.353 0.366892
0.255 0.402 0.347542
0.255 0.451 0.601031
0.255 0.5 0.86056
0.255 0.549 0.917791
0.255 0.598 0.793062
0.255 0.647 1.1168
0.255 0.696 1.58463
0.255 0.745 1.98017
0.255 0.794 2.23523
0.255 0.843 2.02659
0.255 0.892 2.04002
0.255 0.941 2.83304
0.255 0.99 3.67906
0.304 0.01 4.08528
0.304 0.059 2.92979
0.304 0.108 1.48778
0.304 0.157 0.6831
0.304 0.206 0.628664
0.304 0.255 0.812684
0.304 0.304 0.660021
0.304 0.353 0.300511
0.304 0.402 0.284662
0.304 0.451 0.492288
0.304 0.5 0.704861
0.304 0.549 0.751738
0.304 0.598 0.649576
0.304 0.647 0.914744
0.304 0.696 1.29793
0.304 0.745 1.6219
0.304 0.794 1.83082
0.304 0.843 1.65993
0.304 0.892 1.67092
0.304 0.941 2.32047
0.304 0.99 3.01342
0.353 0.01 2.69761
0.353 0.059 1.93461
0.353 0.108 0.982413
0.353 0.157 0.451067
0.353 0.206 0.415121
0.353 0.255 0.536634
0.353 0.304 0.435827
0.353 0.353 0.198434
0.353 0.402 0.187969
0.353 0.451 0.325069
0.353 0.5 0.465436
0.353 0.549 0.49639
0.353 0.598 0.42893
0.353 0.647 0.604026
0.353 0.696 0.857053
0.353 0.745 1.07098
0.353 0.794 1.20893
0.353 0.843 1.09609
0.353 0.892 1.10335
0.353 0.941 1.53226
0.353 0.99 1.98983
0.402 0.01 2.36276
0.402 0.059 1.69447
0.402 0.108 0.860467
0.402 0.157 0.395076
0.402 0.206 0.363592
0.402 0.255 0.470022
0.402 0.304 0.381728
0.402 0.353 0.173803
0.402 0.402 0.164637
0.402 0.451 0.284718
0.402 0.5 0.407662
0.402 0.549 0.434773
0.402 0.598 0.375687
0.402 0.647 0.529049
0.402 0.696 0.750668
0.402 0.745 0.938041
0.402 0.794 1.05887
0.402 0.843 0.960031
0.402 0.892 0.96639
0.402 0.941 1.34206
0.402 0.99 1.74283
0.451 0.01 1.88948
0.451 0.059 1.35506
0.451 0.108 0.688111
0.451 0.157 0.315941
0.451 0.206 0.290763
0.451 0.255 0.375875
0.451 0.304 0.305266
0.451 0.353 0.138989
0.451 0.402 0.131659
0.451 0.451 0.227688
0.451 0.5 0.326005
0.451 0.549 0.347686
0.451 0.598 0.300435
0.451 0.647 0.423078
0.451 0.696 0.600305
0.451 0.745 0.750147
0.451 0.794 0.846771
0.451 0.843 0.767733
0.451 0.892 0.772817
0.451 0.941 1.07324
0.451 0.99 1.39374
0.5 0.01 1.29048
0.5 0.059 0.925474
0.5 0.108 0.469965
0.5 0.157 0.215781
0.5 0.206 0.198585
0.5 0.255 0.256714
0.5 0.304 0.20849
0.5 0.353 0.0949267
0.5 0.402 0.0899203
0.5 0.451 0.155506
0.5 0.5 0.222654
0.5 0.549 0.237462
0.5 0.598 0.205191
0.5 0.647 0.288953
0.5 0.696 0.409995
0.5 0.745 0.512334
0.5 0.794 0.578326
0.5 0.843 0.524344
0.5 0.892 0.527817
0.5 0.941 0.732998
0.5 0.99 0.951891
0.549 0.01 1.79435
0.549 0.059 1.28683
0.549 0.108 0.653465
0.549 0.157 0.300033
0.549 0.206 0.276123
0.549 0.255 0.356949
0.549 0.304 0.289896
0.549 0.353 0.131991
0.549 0.402 0.12503
0.549 0.451 0.216224
0.549 0.5 0.309591
0.549 0.549 0.33018
0.549 0.598 0.285308
0.549 0.647 0.401776
0.549 0.696 0.57008
0.549 0.745 0.712377
0.549 0.794 0.804136
0.549 0.843 0.729077
0.549 0.892 0.733906
0.549 0.941 1.0192
0.549 0.99 1.32356
0.598 0.01 2.51006
0.598 0.059 1.80011
0.598 0.108 0.914111
0.598 0.157 0.419707
0.598 0.206 0.38626
0.598 0.255 0.499325
0.598 0.304 0.405526
0.598 0.353 0.184638
0.598 0.402 0.174901
0.598 0.451 0.302469
0.598 0.5 0.433077
0.598 0.549 0.461878
0.598 0.598 0.399109
0.598 0.647 0.562032
0.598 0.696 0.797466
0.598 0.745 0.996521
0.598 0.794 1.12488
0.598 0.843 1.01988
0.598 0.892 1.02664
0.598 0.941 1.42573
0.598 0.99 1.85149
0.647 0.01 2.92384
0.647 0.059 2.09685
0.647 0.108 1.0648
0.647 0.157 0.488895
0.647 0.206 0.449934
0.647 0.255 0.581638
0.647 0.304 0.472377
0.647 0.353 0.215076
0.647 0.402 0.203733
0.647 0.451 0.35233
0.647 0.5 0.504469
0.647 0.549 0.538018
0.647 0.598 0.464901
0.647 0.647 0.654682
0.647 0.696 0.928927
0.647 0.745 1.1608
0.647 0.794 1.31032
0.647 0.843 1.18801
0.647 0.892 1.19588
0.647 0.941 1.66076
0.647 0.99 2.1567
0.696 0.01 3.88789
0.696 0.059 2.78823
0.696 0.108 1.41589
0.696 0.157 0.650094
0.696 0.206 0.598288
0.696 0.255 0.773417
0.696 0.304 0.62813
0.696 0.353 0.285991
0.696 0.402 0.270908
0.696 0.451 0.468501
0.696 0.5 0.670803
0.696 0.549 0.715415
0.696 0.598 0.618189
0.696 0.647 0.870545
0.696 0.696 1.23522
0.696 0.745 1.54354
0.696 0.794 1.74236
0.696 0.843 1.57972
0.696 0.892 1.59018
0.696 0.941 2.20834
0.696 0.99 2.86781
0.745 0.01 4.24386
0.745 0.059 3.04351
0.745 0.108 1.54553
0.745 0.157 0.709616
0.745 0.206 0.653066
0.745 0.255 0.84423
0.745 0.304 0.68564
0.745 0.353 0.312176
0.745 0.402 0.295712
0.745 0.451 0.511397
0.745 0.5 0.732221
0.745 0.549 0.780917
0.745 0.598 0.67479
0.745 0.647 0.950251
0.745 0.696 1.34831
0.745 0.745 1.68486
0.745 0.794 1.90188
0.745 0.843 1.72436
0.745 0.892 1.73578
0.745 0.941 2.41054
0.745 0.99 3.13039
0.794 0.01 3.23438
0.794 0.059 2.31956
0.794 0.108 1.17789
0.794 0.157 0.54082
0.794 0.206 0.497722
0.794 0.255 0.643414
0.794 0.304 0.522548
0.794 0.353 0.237919
0.794 0.402 0.225371
0.794 0.451 0.389751
0.794 0.5 0.558049
0.794 0.549 0.595161
0.794 0.598 0.514278
0.794 0.647 0.724215
0.794 0.696 1.02759
0.794 0.745 1.28408
0.794 0.794 1.44948
0.794 0.843 1.31419
0.794 0.892 1.32289
0.794 0.941 1.83715
0.794 0.99 2.38577
0.843 0.01 2.53174
0.843 0.059 1.81566
0.843 0.108 0.922009
0.843 0.157 0.423333
0.843 0.206 0.389597
0.843 0.255 0.503639
0.843 0.304 0.40903
0.843 0.353 0.186234
0.843 0.402 0.176412
0.843 0.451 0.305082
0.843 0.5 0.436818
0.843 0.549 0.465869
0.843 0.598 0.402557
0.843 0.647 0.566887
0.843 0.696 0.804356
0.843 0.745 1.00513
0.843 0.794 1.1346
0.843 0.843 1.02869
0.843 0.892 1.03551
0.843 0.941 1.43805
0.843 0.99 1.86748
0.892 0.01 2.6751
0.892 0.059 1.91847
0.892 0.108 0.974217
0.892 0.157 0.447304
0.892 0.206 0.411658
0.892 0.255 0.532157
0.892 0.304 0.432191
0.892 0.353 0.196779
0.892 0.402 0.186401
0.892 0.451 0.322357
0.892 0.5 0.461553
0.892 0.549 0.492248
0.892 0.598 0.425351
0.892 0.647 0.598987
0.892 0.696 0.849902
0.892 0.745 1.06205
0.892 0.794 1.19884
0.892 0.843 1.08694
0.892 0.892 1.09414
0.892 0.941 1.51947
0.892 0.99 1.97323
0.941 0.01 4.14273
0.941 0.059 2.97099
0.941 0.108 1.5087
0.941 0.157 0.692705
0.941 0.206 0.637503
0.941 0.255 0.824111
0.941 0.304 0.669301
0.941 0.353 0.304737
0.941 0.402 0.288665
0.941 0.451 0.49921
0.941 0.5 0.714772
0.941 0.549 0.762308
0.941 0.598 0.658709
0.941 0.647 0.927606
0.941 0.696 1.31618
0.941 0.745 1.64471
0.941 0.794 1.85656
0.941 0.843 1.68327
0.941 0.892 1.69441
0.941 0.941 2.35309
0.941 0.99 3.05579
0.99 0.01 6.29127
0.99 0.059 4.51183
0.99 0.108 2.29115
0.99 0.157 1.05196
0.99 0.206 0.968132
0.99 0.255 1.25152
0.99 0.304 1.01642
0.99 0.353 0.462782
0.99 0.402 0.438376
0.99 0.451 0.758116
0.99 0.5 1.08548
0.99 0.549 1.15766
0.99 0.598 1.00034
0.99 0.647 1.40869
0.99 0.696 1.99879
0.99 0.745 2.49771
0.99 0.794 2.81943
0.99 0.843 2.55626
0.99 0.892 2.57319
0.99 0.941 3.57348
0.99 0.99 4.64062
