0.01 0.01 0.0604977
0.01 0.059 0.211736
0.01 0.108 0.508571
0.01 0.157 0.736495
0.01 0.206 0.656093
0.01 0.255 0.581781
0.01 0.304 0.940623
0.01 0.353 1.31924
0.01 0.402 1.50808
0.01 0.451 1.61975
0.01 0.5 1.61728
0.01 0.549 1.50758
0.01 0.598 1.33315
0.01 0.647 1.08905
0.01 0.696 0.934545
0.01 0.745 0.969625
0.01 0.794 0.914853
0.01 0.843 0.993684
0.01 0.892 1.32481
0.01 0.941 2.45335
0.01 0.99 3.81108
0.059 0.01 0.0423736
0.059 0.059 0.148304
0.059 0.108 0.356212
0.059 0.157 0.515854
0.059 0.206 0.459539
0.059 0.255 0.40749
0.059 0.304 0.658829
0.059 0.353 0.924021
0.059 0.402 1.05629
0.059 0.451 1.1345
0.059 0.5 1.13277
0.059 0.549 1.05593
0.059 0.598 0.933763
0.059 0.647 0.762789
0.059 0.696 0.654571
0.059 0.745 0.679142
0.059 0.794 0.640779
0.059 0.843 0.695993
0.059 0.892 0.927919
0.059 0.941 1.71837
0.059 0.99 2.66935
0.108 0.01 0.0183912
0.108 0.059 0.0643674
0.108 0.108 0.154605
0.108 0.157 0.223893
0.108 0.206 0.199451
0.108 0.255 0.17686
0.108 0.304 0.285948
0.108 0.353 0.401047
0.108 0.402 0.458454
0.108 0.451 0.492401
0.108 0.5 0.49165
0.108 0.549 0.458301
0.108 0.598 0.405276
0.108 0.647 0.331069
0.108 0.696 0.2841
0.108 0.745 0.294764
0.108 0.794 0.278114
0.108 0.843 0.302078
0.108 0.892 0.402739
0.108 0.941 0.745814
0.108 0.99 1.15856
0.157 0.01 0.0139528
0.157 0.059 0.0488334
0.157 0.108 0.117293
0.157 0.157 0.16986
0.157 0.206 0.151317
0.157 0.255 0.134178
0.157 0.304 0.216939
0.157 0.353 0.304262
0.157 0.402 0.347814
0.157 0.451 0.373569
0.157 0.5 0.372999
0.157 0.549 0.347698
0.157 0.598 0.307469
0.157 0.647 0.251171
0.157 0.696 0.215537
0.157 0.745 0.223628
0.157 0.794 0.210996
0.157 0.843 0.229177
0.157 0.892 0.305545
0.157 0.941 0.565825
0.157 0.99 0.878962
0.206 0.01 0.0219555
0.206 0.059 0.076842
0.206 0.108 0.184568
0.206 0.157 0.267284
0.206 0.206 0.238105
0.206 0.255 0.211137
0.206 0.304 0.341365
0.206 0.353 0.478772
0.206 0.402 0.547304
0.206 0.451 0.58783
0.206 0.5 0.586934
0.206 0.549 0.547121
0.206 0.598 0.483819
0.206 0.647 0.395231
0.206 0.696 0.339159
0.206 0.745 0.35189
0.206 0.794 0.332013
0.206 0.843 0.360622
0.206 0.892 0.480792
0.206 0.941 0.890356
0.206 0.99 1.38309
0.255 0.01 0.0317639
0.255 0.059 0.111171
0.255 0.108 0.267022
0.255 0.157 0.386691
0.255 0.206 0.344477
0.255 0.255 0.30546
0.255 0.304 0.493867
0.255 0.353 0.692659
0.255 0.402 0.791808
0.255 0.451 0.850438
0.255 0.5 0.849142
0.255 0.549 0.791543
0.255 0.598 0.699962
0.255 0.647 0.571798
0.255 0.696 0.490676
0.255 0.745 0.509095
0.255 0.794 0.480337
0.255 0.843 0.521726
0.255 0.892 0.695581
0.255 0.941 1.28811
0.255 0.99 2.00098
0.304 0.01 0.0431604
0.304 0.059 0.151057
0.304 0.108 0.362826
0.304 0.157 0.525432
0.304 0.206 0.468071
0.304 0.255 0.415056
0.304 0.304 0.671061
0.304 0.353 0.941177
0.304 0.402 1.0759
0.304 0.451 1.15557
0.304 0.5 1.1538
0.304 0.549 1.07554
0.304 0.598 0.9511
0.304 0.647 0.776952
0.304 0.696 0.666725
0.304 0.745 0.691752
0.304 0.794 0.652677
0.304 0.843 0.708916
0.304 0.892 0.945148
0.304 0.941 1.75028
0.304 0.99 2.71891
0.353 0.01 0.0754385
0.353 0.059 0.264028
0.353 0.108 0.63417
0.353 0.157 0.918383
0.353 0.206 0.818125
0.353 0.255 0.725461
0.353 0.304 1.17292
0.353 0.353 1.64505
0.353 0.402 1.88053
0.353 0.451 2.01977
0.353 0.5 2.01669
0.353 0.549 1.8799
0.353 0.598 1.66239
0.353 0.647 1.35801
0.353 0.696 1.16534
0.353 0.745 1.20909
0.353 0.794 1.14079
0.353 0.843 1.23909
0.353 0.892 1.65199
0.353 0.941 3.05924
0.353 0.99 4.75228
0.402 0.01 0.117309
0.402 0.059 0.410572
0.402 0.108 0.986156
0.402 0.157 1.42812
0.402 0.206 1.27221
0.402 0.255 1.12812
0.402 0.304 1.82394
0.402 0.353 2.55811
0.402 0.402 2.92428
0.402 0.451 3.14081
0.402 0.5 3.13602
0.402 0.549 2.9233
0.402 0.598 2.58508
0.402 0.647 2.11175
0.402 0.696 1.81215
0.402 0.745 1.88017
0.402 0.794 1.77397
0.402 0.843 1.92682
0.402 0.892 2.5689
0.402 0.941 4.75723
0.402 0.99 7.38996
0.451 0.01 0.132405
0.451 0.059 0.463404
0.451 0.108 1.11305
0.451 0.157 1.61189
0.451 0.206 1.43592
0.451 0.255 1.27328
0.451 0.304 2.05864
0.451 0.353 2.88728
0.451 0.402 3.30057
0.451 0.451 3.54497
0.451 0.5 3.53956
0.451 0.549 3.29947
0.451 0.598 2.91772
0.451 0.647 2.38348
0.451 0.696 2.04533
0.451 0.745 2.12211
0.451 0.794 2.00224
0.451 0.843 2.17477
0.451 0.892 2.89946
0.451 0.941 5.36938
0.451 0.99 8.34089
0.5 0.01 0.13216
0.5 0.059 0.462549
0.5 0.108 1.111
0.5 0.157 1.60891
0.5 0.206 1.43327
0.5 0.255 1.27093
0.5 0.304 2.05484
0.5 0.353 2.88196
0.5 0.402 3.29449
0.5 0.451 3.53843
0.5 0.5 3.53303
0.5 0.549 3.29338
0.5 0.598 2.91234
0.5 0.647 2.37909
0.5 0.696 2.04156
0.5 0.745 2.1182
0.5 0.794 1.99854
0.5 0.843 2.17075
0.5 0.892 2.89411
0.5 0.941 5.35947
0.5 0.99 8.3255
0.549 0.01 0.0997122
0.549 0.059 0.348983
0.549 0.108 0.838226
0.549 0.157 1.21389
0.549 0.206 1.08137
0.549 0.255 0.958891
0.549 0.304 1.55033
0.549 0.353 2.17438
0.549 0.402 2.48562
0.549 0.451 2.66967
0.549 0.5 2.6656
0.549 0.549 2.48479
0.549 0.598 2.1973
0.549 0.647 1.79497
0.549 0.696 1.54032
0.549 0.745 1.59813
0.549 0.794 1.50786
0.549 0.843 1.63779
0.549 0.892 2.18355
0.549 0.941 4.04361
0.549 0.99 6.28142
0.598 0.01 0.0509182
0.598 0.059 0.178209
0.598 0.108 0.428042
0.598 0.157 0.619875
0.598 0.206 0.552205
0.598 0.255 0.48966
0.598 0.304 0.791681
0.598 0.353 1.11035
0.598 0.402 1.26929
0.598 0.451 1.36327
0.598 0.5 1.36119
0.598 0.549 1.26886
0.598 0.598 1.12205
0.598 0.647 0.916605
0.598 0.696 0.786565
0.598 0.745 0.81609
0.598 0.794 0.769991
0.598 0.843 0.836339
0.598 0.892 1.11503
0.598 0.941 2.06488
0.598 0.99 3.20762
0.647 0.01 0.0293283
0.647 0.059 0.102646
0.647 0.108 0.246547
0.647 0.157 0.357042
0.647 0.206 0.318064
0.647 0.255 0.282039
0.647 0.304 0.456
0.647 0.353 0.639549
0.647 0.402 0.731096
0.647 0.451 0.78523
0.647 0.5 0.784033
0.647 0.549 0.730851
0.647 0.598 0.646292
0.647 0.647 0.527955
0.647 0.696 0.453053
0.647 0.745 0.470059
0.647 0.794 0.443507
0.647 0.843 0.481723
0.647 0.892 0.642247
0.647 0.941 1.18935
0.647 0.99 1.84755
0.696 0.01 0.0302127
0.696 0.059 0.105742
0.696 0.108 0.253982
0.696 0.157 0.367808
0.696 0.206 0.327655
0.696 0.255 0.290543
0.696 0.304 0.46975
0.696 0.353 0.658834
0.696 0.402 0.753141
0.696 0.451 0.808908
0.696 0.5 0.807674
0.696 0.549 0.752889
0.696 0.598 0.66578
0.696 0.647 0.543874
0.696 0.696 0.466714
0.696 0.745 0.484233
0.696 0.794 0.45688
0.696 0.843 0.496248
0.696 0.892 0.661613
0.696 0.941 1.22521
0.696 0.99 1.90326
0.745 0.01 0.026291
0.745 0.059 0.0920159
0.745 0.108 0.221014
0.745 0.157 0.320064
0.745 0.206 0.285124
0.745 0.255 0.252829
0.745 0.304 0.408774
0.745 0.353 0.573314
0.745 0.402 0.655379
0.745 0.451 0.703908
0.745 0.5 0.702834
0.745 0.549 0.65516
0.745 0.598 0.579358
0.745 0.647 0.473277
0.745 0.696 0.406132
0.745 0.745 0.421377
0.745 0.794 0.397575
0.745 0.843 0.431833
0.745 0.892 0.575732
0.745 0.941 1.06617
0.745 0.99 1.65621
0.794 0.01 0.0161548
0.794 0.059 0.0565402
0.794 0.108 0.135804
0.794 0.157 0.196667
0.794 0.206 0.175197
0.794 0.255 0.155354
0.794 0.304 0.251176
0.794 0.353 0.352279
0.794 0.402 0.402705
0.794 0.451 0.432524
0.794 0.5 0.431865
0.794 0.549 0.40257
0.794 0.598 0.355993
0.794 0.647 0.29081
0.794 0.696 0.249553
0.794 0.745 0.25892
0.794 0.794 0.244294
0.794 0.843 0.265345
0.794 0.892 0.353765
0.794 0.941 0.655122
0.794 0.99 1.01768
0.843 0.01 0.0217755
0.843 0.059 0.0762123
0.843 0.108 0.183055
0.843 0.157 0.265094
0.843 0.206 0.236154
0.843 0.255 0.209406
0.843 0.304 0.338568
0.843 0.353 0.474848
0.843 0.402 0.542819
0.843 0.451 0.583013
0.843 0.5 0.582124
0.843 0.549 0.542637
0.843 0.598 0.479854
0.843 0.647 0.391992
0.843 0.696 0.33638
0.843 0.745 0.349006
0.843 0.794 0.329292
0.843 0.843 0.357666
0.843 0.892 0.476851
0.843 0.941 0.883059
0.843 0.99 1.37176
0.892 0.01 0.0359097
0.892 0.059 0.125681
0.892 0.108 0.301873
0.892 0.157 0.437163
0.892 0.206 0.389439
0.892 0.255 0.345329
0.892 0.304 0.558328
0.892 0.353 0.783066
0.892 0.402 0.895156
0.892 0.451 0.961439
0.892 0.5 0.959972
0.892 0.549 0.894856
0.892 0.598 0.791322
0.892 0.647 0.646429
0.892 0.696 0.554719
0.892 0.745 0.575542
0.892 0.794 0.543031
0.892 0.843 0.589823
0.892 0.892 0.786369
0.892 0.941 1.45624
0.892 0.99 2.26215
0.941 0.01 0.0422986
0.941 0.059 0.148041
0.941 0.108 0.355581
0.941 0.157 0.51494
0.941 0.206 0.458725
0.941 0.255 0.406768
0.941 0.304 0.657662
0.941 0.353 0.922384
0.941 0.402 1.05442
0.941 0.451 1.13249
0.941 0.5 1.13076
0.941 0.549 1.05406
0.941 0.598 0.932109
0.941 0.647 0.761438
0.941 0.696 0.653412
0.941 0.745 0.677939
0.941 0.794 0.639644
0.941 0.843 0.694761
0.941 0.892 0.926275
0.941 0.941 1.71533
0.941 0.99 2.66462
0.99 0.01 0.042832
0.99 0.059 0.149908
0.99 0.108 0.360065
0.99 0.157 0.521434
0.99 0.206 0.46451
0.99 0.255 0.411897
0.99 0.304 0.665955
0.99 0.353 0.934016
0.99 0.402 1.06771
0.99 0.451 1.14677
0.99 0.5 1.14502
0.99 0.549 1.06736
0.99 0.598 0.943863
0.99 0.647 0.77104
0.99 0.696 0.661651
0.99 0.745 0.686488
0.99 0.794 0.64771
0.99 0.843 0.703522
0.99 0.892 0.937956
0.99 0.941 1.73696
0.99 0.99 2.69822
