0.01 0.01 1.63774
0.01 0.059 0.932647
0.01 0.108 0.267382
0.01 0.157 0.117865
0.01 0.206 0.163601
0.01 0.255 0.222032
0.01 0.304 0.194273
0.01 0.353 0.0924878
0.01 0.402 0.0890646
0.01 0.451 0.169385
0.01 0.5 0.237805
0.01 0.549 0.210311
0.01 0.598 0.160167
0.01 0.647 0.239881
0.01 0.696 0.327488
0.01 0.745 0.350528
0.01 0.794 0.385747
0.01 0.843 0.433755
0.01 0.892 0.569301
0.01 0.941 0.894999
0.01 0.99 1.23116
0.059 0.01 1.50156
0.059 0.059 0.855097
0.059 0.108 0.245149
0.059 0.157 0.108064
0.059 0.206 0.149998
0.059 0.255 0.20357
0.059 0.304 0.178119
0.059 0.353 0.0847975
0.059 0.402 0.0816589
0.059 0.451 0.1553
0.059 0.5 0.218032
0.059 0.549 0.192823
0.059 0.598 0.146849
0.059 0.647 0.219935
0.059 0.696 0.300257
0.059 0.745 0.321382
0.059 0.794 0.353672
0.059 0.843 0.397688
0.059 0.892 0.521964
0.059 0.941 0.82058
0.059 0.99 1.12879
0.108 0.01 1.85716
0.108 0.059 1.0576
0.108 0.108 0.303206
0.108 0.157 0.133656
0.108 0.206 0.18552
0.108 0.255 0.25178
0.108 0.304 0.220301
0.108 0.353 0.104879
0.108 0.402 0.100997
0.108 0.451 0.192079
0.108 0.5 0.269666
0.108 0.549 0.238488
0.108 0.598 0.181626
0.108 0.647 0.27202
0.108 0.696 0.371364
0.108 0.745 0.397491
0.108 0.794 0.437429
0.108 0.843 0.491868
0.108 0.892 0.645575
0.108 0.941 1.01491
0.108 0.99 1.39611
0.157 0.01 2.52357
0.157 0.059 1.4371
0.157 0.108 0.412006
0.157 0.157 0.181617
0.157 0.206 0.252091
0.157 0.255 0.342126
0.157 0.304 0.299353
0.157 0.353 0.142513
0.157 0.402 0.137238
0.157 0.451 0.261003
0.157 0.5 0.366431
0.157 0.549 0.324065
0.157 0.598 0.2468
0.157 0.647 0.36963
0.157 0.696 0.504622
0.157 0.745 0.540124
0.157 0.794 0.594393
0.157 0.843 0.668367
0.157 0.892 0.877229
0.157 0.941 1.37909
0.157 0.99 1.89709
0.206 0.01 2.8071
0.206 0.059 1.59857
0.206 0.108 0.458297
0.206 0.157 0.202022
0.206 0.206 0.280415
0.206 0.255 0.380566
0.206 0.304 0.332987
0.206 0.353 0.158525
0.206 0.402 0.152658
0.206 0.451 0.290328
0.206 0.5 0.407602
0.206 0.549 0.360475
0.206 0.598 0.274529
0.206 0.647 0.41116
0.206 0.696 0.561319
0.206 0.745 0.60081
0.206 0.794 0.661176
0.206 0.843 0.743462
0.206 0.892 0.975791
0.206 0.941 1.53404
0.206 0.99 2.11023
0.255 0.01 3.46043
0.255 0.059 1.97062
0.255 0.108 0.564961
0.255 0.157 0.249041
0.255 0.206 0.345679
0.255 0.255 0.469139
0.255 0.304 0.410487
0.255 0.353 0.195421
0.255 0.402 0.188188
0.255 0.451 0.357899
0.255 0.5 0.502468
0.255 0.549 0.444373
0.255 0.598 0.338423
0.255 0.647 0.506854
0.255 0.696 0.69196
0.255 0.745 0.740643
0.255 0.794 0.815058
0.255 0.843 0.916495
0.255 0.892 1.2029
0.255 0.941 1.89108
0.255 0.99 2.60137
0.304 0.01 3.18327
0.304 0.059 1.81278
0.304 0.108 0.51971
0.304 0.157 0.229094
0.304 0.206 0.317991
0.304 0.255 0.431563
0.304 0.304 0.377608
0.304 0.353 0.179768
0.304 0.402 0.173115
0.304 0.451 0.329233
0.304 0.5 0.462222
0.304 0.549 0.40878
0.304 0.598 0.311317
0.304 0.647 0.466257
0.304 0.696 0.636537
0.304 0.745 0.68132
0.304 0.794 0.749776
0.304 0.843 0.843088
0.304 0.892 1.10655
0.304 0.941 1.73961
0.304 0.99 2.39301
0.353 0.01 2.59936
0.353 0.059 1.48026
0.353 0.108 0.424379
0.353 0.157 0.187071
0.353 0.206 0.259662
0.353 0.255 0.352401
0.353 0.304 0.308343
0.353 0.353 0.146793
0.353 0.402 0.14136
0.353 0.451 0.268841
0.353 0.5 0.377436
0.353 0.549 0.333797
0.353 0.598 0.254212
0.353 0.647 0.380731
0.353 0.696 0.519777
0.353 0.745 0.556345
0.353 0.794 0.612244
0.353 0.843 0.68844
0.353 0.892 0.903575
0.353 0.941 1.42051
0.353 0.99 1.95406
0.402 0.01 2.7035
0.402 0.059 1.53957
0.402 0.108 0.441381
0.402 0.157 0.194566
0.402 0.206 0.270065
0.402 0.255 0.36652
0.402 0.304 0.320697
0.402 0.353 0.152674
0.402 0.402 0.147023
0.402 0.451 0.279612
0.402 0.5 0.392558
0.402 0.549 0.34717
0.402 0.598 0.264396
0.402 0.647 0.395985
0.402 0.696 0.540601
0.402 0.745 0.578634
0.402 0.794 0.636772
0.402 0.843 0.716021
0.402 0.892 0.939775
0.402 0.941 1.47742
0.402 0.99 2.03235
0.451 0.01 2.07036
0.451 0.059 1.17901
0.451 0.108 0.338013
0.451 0.157 0.149
0.451 0.206 0.206818
0.451 0.255 0.280683
0.451 0.304 0.245592
0.451 0.353 0.116919
0.451 0.402 0.112592
0.451 0.451 0.214129
0.451 0.5 0.300623
0.451 0.549 0.265866
0.451 0.598 0.202477
0.451 0.647 0.303248
0.451 0.696 0.413996
0.451 0.745 0.443122
0.451 0.794 0.487645
0.451 0.843 0.548334
0.451 0.892 0.719686
0.451 0.941 1.13142
0.451 0.99 1.55638
0.5 0.01 1.10051
0.5 0.059 0.62671
0.5 0.108 0.179673
0.5 0.157 0.0792016
0.5 0.206 0.109935
0.5 0.255 0.149199
0.5 0.304 0.130546
0.5 0.353 0.062149
0.5 0.402 0.0598487
0.5 0.451 0.113821
0.5 0.5 0.159798
0.5 0.549 0.141322
0.5 0.598 0.107628
0.5 0.647 0.161193
0.5 0.696 0.220062
0.5 0.745 0.235544
0.5 0.794 0.25921
0.5 0.843 0.29147
0.5 0.892 0.382553
0.5 0.941 0.601412
0.5 0.99 0.827305
0.549 0.01 1.62397
0.549 0.059 0.924809
0.549 0.108 0.265135
0.549 0.157 0.116874
0.549 0.206 0.162226
0.549 0.255 0.220166
0.549 0.304 0.192641
0.549 0.353 0.0917106
0.549 0.402 0.0883161
0.549 0.451 0.167961
0.549 0.5 0.235807
0.549 0.549 0.208543
0.549 0.598 0.158821
0.549 0.647 0.237866
0.549 0.696 0.324736
0.549 0.745 0.347582
0.549 0.794 0.382505
0.549 0.843 0.43011
0.549 0.892 0.564517
0.549 0.941 0.887478
0.549 0.99 1.22082
0.598 0.01 2.93315
0.598 0.059 1.67035
0.598 0.108 0.478876
0.598 0.157 0.211093
0.598 0.206 0.293006
0.598 0.255 0.397655
0.598 0.304 0.347939
0.598 0.353 0.165644
0.598 0.402 0.159513
0.598 0.451 0.303364
0.598 0.5 0.425904
0.598 0.549 0.376662
0.598 0.598 0.286856
0.598 0.647 0.429622
0.598 0.696 0.586523
0.598 0.745 0.627788
0.598 0.794 0.690864
0.598 0.843 0.776845
0.598 0.892 1.01961
0.598 0.941 1.60292
0.598 0.99 2.20499
0.647 0.01 4.00232
0.647 0.059 2.27921
0.647 0.108 0.653432
0.647 0.157 0.28804
0.647 0.206 0.39981
0.647 0.255 0.542605
0.647 0.304 0.474767
0.647 0.353 0.226023
0.647 0.402 0.217657
0.647 0.451 0.413944
0.647 0.5 0.581152
0.647 0.549 0.513959
0.647 0.598 0.391419
0.647 0.647 0.586225
0.647 0.696 0.800318
0.647 0.745 0.856624
0.647 0.794 0.942693
0.647 0.843 1.06001
0.647 0.892 1.39127
0.647 0.941 2.18721
0.647 0.99 3.00873
0.696 0.01 7.65242
0.696 0.059 4.35784
0.696 0.108 1.24936
0.696 0.157 0.55073
0.696 0.206 0.764436
0.696 0.255 1.03746
0.696 0.304 0.907752
0.696 0.353 0.432154
0.696 0.402 0.416159
0.696 0.451 0.79146
0.696 0.5 1.11116
0.696 0.549 0.982688
0.696 0.598 0.748391
0.696 0.647 1.12086
0.696 0.696 1.5302
0.696 0.745 1.63786
0.696 0.794 1.80242
0.696 0.843 2.02674
0.696 0.892 2.66009
0.696 0.941 4.18193
0.696 0.99 5.75268
0.745 0.01 12.5685
0.745 0.059 7.15742
0.745 0.108 2.05197
0.745 0.157 0.904531
0.745 0.206 1.25553
0.745 0.255 1.70394
0.745 0.304 1.49091
0.745 0.353 0.70978
0.745 0.402 0.683509
0.745 0.451 1.29991
0.745 0.5 1.82499
0.745 0.549 1.61399
0.745 0.598 1.22917
0.745 0.647 1.84092
0.745 0.696 2.51324
0.745 0.745 2.69006
0.745 0.794 2.96034
0.745 0.843 3.32877
0.745 0.892 4.36899
0.745 0.941 6.8685
0.745 0.99 9.44833
0.794 0.01 10.8437
0.794 0.059 6.17519
0.794 0.108 1.77038
0.794 0.157 0.7804
0.794 0.206 1.08323
0.794 0.255 1.47011
0.794 0.304 1.28631
0.794 0.353 0.612375
0.794 0.402 0.589709
0.794 0.451 1.12152
0.794 0.5 1.57454
0.794 0.549 1.3925
0.794 0.598 1.06049
0.794 0.647 1.58829
0.794 0.696 2.16834
0.794 0.745 2.32089
0.794 0.794 2.55409
0.794 0.843 2.87195
0.794 0.892 3.76943
0.794 0.941 5.92592
0.794 0.99 8.15171
0.843 0.01 5.95215
0.843 0.059 3.38959
0.843 0.108 0.971768
0.843 0.157 0.428365
0.843 0.206 0.594588
0.843 0.255 0.806948
0.843 0.304 0.706062
0.843 0.353 0.336136
0.843 0.402 0.323694
0.843 0.451 0.615608
0.843 0.5 0.864275
0.843 0.549 0.764348
0.843 0.598 0.582109
0.843 0.647 0.87182
0.843 0.696 1.19021
0.843 0.745 1.27395
0.843 0.794 1.40195
0.843 0.843 1.57643
0.843 0.892 2.06906
0.843 0.941 3.25276
0.843 0.99 4.47451
0.892 0.01 3.51778
0.892 0.059 2.00328
0.892 0.108 0.574324
0.892 0.157 0.253168
0.892 0.206 0.351407
0.892 0.255 0.476914
0.892 0.304 0.417289
0.892 0.353 0.198659
0.892 0.402 0.191306
0.892 0.451 0.36383
0.892 0.5 0.510794
0.892 0.549 0.451737
0.892 0.598 0.344032
0.892 0.647 0.515254
0.892 0.696 0.703427
0.892 0.745 0.752916
0.892 0.794 0.828565
0.892 0.843 0.931683
0.892 0.892 1.22283
0.892 0.941 1.92241
0.892 0.99 2.64448
0.941 0.01 5.00714
0.941 0.059 2.85143
0.941 0.108 0.817482
0.941 0.157 0.360355
0.941 0.206 0.500187
0.941 0.255 0.678831
0.941 0.304 0.593962
0.941 0.353 0.282768
0.941 0.402 0.272302
0.941 0.451 0.517869
0.941 0.5 0.727055
0.941 0.549 0.642994
0.941 0.598 0.489688
0.941 0.647 0.733403
0.941 0.696 1.00125
0.941 0.745 1.07169
0.941 0.794 1.17936
0.941 0.843 1.32614
0.941 0.892 1.74056
0.941 0.941 2.73633
0.941 0.99 3.7641
0.99 0.01 8.21706
0.99 0.059 4.67939
0.99 0.108 1.34154
0.99 0.157 0.591366
0.99 0.206 0.82084
0.99 0.255 1.11401
0.99 0.304 0.974732
0.99 0.353 0.464041
0.99 0.402 0.446866
0.99 0.451 0.849858
0.99 0.5 1.19315
0.99 0.549 1.0552
0.99 0.598 0.803612
0.99 0.647 1.20356
0.99 0.696 1.64311
0.99 0.745 1.75871
0.99 0.794 1.93542
0.99 0.843 2.17629
0.99 0.892 2.85637
0.99 0.941 4.4905
0.99 0.99 6.17715
