0.01 0.01 3.94288
0.01 0.059 2.51516
0.01 0.108 1.11342
0.01 0.157 0.694827
0.01 0.206 0.784755
0.01 0.255 0.630123
0.01 0.304 0.339228
0.01 0.353 0.350321
0.01 0.402 0.500645
0.01 0.451 0.627481
0.01 0.5 0.46627
0.01 0.549 0.289235
0.01 0.598 0.477879
0.01 0.647 0.798105
0.01 0.696 1.03081
0.01 0.745 1.25794
0.01 0.794 1.37131
0.01 0.843 1.26511
0.01 0.892 1.34301
0.01 0.941 2.01163
0.01 0.99 2.68167
0.059 0.01 2.90923
0.059 0.059 1.8558
0.059 0.108 0.82153
0.059 0.157 0.512674
0.059 0.206 0.579027
0.059 0.255 0.464932
0.059 0.304 0.250297
0.059 0.353 0.258482
0.059 0.402 0.369398
0.059 0.451 0.462983
0.059 0.5 0.344035
0.059 0.549 0.21341
0.059 0.598 0.3526
0.059 0.647 0.588877
0.059 0.696 0.760575
0.059 0.745 0.928165
0.059 0.794 1.01181
0.059 0.843 0.933458
0.059 0.892 0.99093
0.059 0.941 1.48427
0.059 0.99 1.97866
0.108 0.01 1.2439
0.108 0.059 0.79348
0.108 0.108 0.35126
0.108 0.157 0.219203
0.108 0.206 0.247574
0.108 0.255 0.19879
0.108 0.304 0.107019
0.108 0.353 0.110519
0.108 0.402 0.157943
0.108 0.451 0.197957
0.108 0.5 0.147098
0.108 0.549 0.0912476
0.108 0.598 0.150761
0.108 0.647 0.251785
0.108 0.696 0.325198
0.108 0.745 0.396854
0.108 0.794 0.43262
0.108 0.843 0.399117
0.108 0.892 0.423691
0.108 0.941 0.634627
0.108 0.99 0.846011
0.157 0.01 0.645049
0.157 0.059 0.411476
0.157 0.108 0.182154
0.157 0.157 0.113673
0.157 0.206 0.128385
0.157 0.255 0.103087
0.157 0.304 0.0554971
0.157 0.353 0.057312
0.157 0.402 0.0819047
0.157 0.451 0.102655
0.157 0.5 0.076281
0.157 0.549 0.0473184
0.157 0.598 0.0781803
0.157 0.647 0.130569
0.157 0.696 0.168638
0.157 0.745 0.205797
0.157 0.794 0.224344
0.157 0.843 0.206971
0.157 0.892 0.219714
0.157 0.941 0.3291
0.157 0.99 0.438718
0.206 0.01 1.32009
0.206 0.059 0.842083
0.206 0.108 0.372776
0.206 0.157 0.23263
0.206 0.206 0.262738
0.206 0.255 0.210967
0.206 0.304 0.113574
0.206 0.353 0.117288
0.206 0.402 0.167617
0.206 0.451 0.210082
0.206 0.5 0.156108
0.206 0.549 0.0968367
0.206 0.598 0.159995
0.206 0.647 0.267208
0.206 0.696 0.345117
0.206 0.745 0.421162
0.206 0.794 0.459119
0.206 0.843 0.423564
0.206 0.892 0.449643
0.206 0.941 0.6735
0.206 0.99 0.897832
0.255 0.01 2.23801
0.255 0.059 1.42763
0.255 0.108 0.631986
0.255 0.157 0.39439
0.255 0.206 0.445434
0.255 0.255 0.357663
0.255 0.304 0.192548
0.255 0.353 0.198845
0.255 0.402 0.28417
0.255 0.451 0.356163
0.255 0.5 0.264659
0.255 0.549 0.164172
0.255 0.598 0.271248
0.255 0.647 0.453011
0.255 0.696 0.585094
0.255 0.745 0.714018
0.255 0.794 0.778368
0.255 0.843 0.71809
0.255 0.892 0.762302
0.255 0.941 1.14182
0.255 0.99 1.52214
0.304 0.01 2.43851
0.304 0.059 1.55552
0.304 0.108 0.688604
0.304 0.157 0.429722
0.304 0.206 0.485339
0.304 0.255 0.389705
0.304 0.304 0.209798
0.304 0.353 0.216659
0.304 0.402 0.309628
0.304 0.451 0.388071
0.304 0.5 0.288369
0.304 0.549 0.17888
0.304 0.598 0.295549
0.304 0.647 0.493595
0.304 0.696 0.637512
0.304 0.745 0.777985
0.304 0.794 0.8481
0.304 0.843 0.782422
0.304 0.892 0.830595
0.304 0.941 1.24411
0.304 0.99 1.6585
0.353 0.01 2.25864
0.353 0.059 1.44079
0.353 0.108 0.637812
0.353 0.157 0.398025
0.353 0.206 0.44954
0.353 0.255 0.36096
0.353 0.304 0.194323
0.353 0.353 0.200678
0.353 0.402 0.28679
0.353 0.451 0.359447
0.353 0.5 0.267098
0.353 0.549 0.165686
0.353 0.598 0.273749
0.353 0.647 0.457187
0.353 0.696 0.590488
0.353 0.745 0.7206
0.353 0.794 0.785543
0.353 0.843 0.72471
0.353 0.892 0.76933
0.353 0.941 1.15234
0.353 0.99 1.53617
0.402 0.01 2.5296
0.402 0.059 1.61363
0.402 0.108 0.714327
0.402 0.157 0.445774
0.402 0.206 0.503469
0.402 0.255 0.404263
0.402 0.304 0.217635
0.402 0.353 0.224753
0.402 0.402 0.321195
0.402 0.451 0.402568
0.402 0.5 0.299141
0.402 0.549 0.185562
0.402 0.598 0.306589
0.402 0.647 0.512034
0.402 0.696 0.661326
0.402 0.745 0.807047
0.402 0.794 0.879781
0.402 0.843 0.811649
0.402 0.892 0.861622
0.402 0.941 1.29059
0.402 0.99 1.72046
0.451 0.01 2.19839
0.451 0.059 1.40235
0.451 0.108 0.620797
0.451 0.157 0.387407
0.451 0.206 0.437548
0.451 0.255 0.351331
0.451 0.304 0.18914
0.451 0.353 0.195325
0.451 0.402 0.279139
0.451 0.451 0.349858
0.451 0.5 0.259973
0.451 0.549 0.161266
0.451 0.598 0.266446
0.451 0.647 0.444991
0.451 0.696 0.574736
0.451 0.745 0.701377
0.451 0.794 0.764588
0.451 0.843 0.705377
0.451 0.892 0.748807
0.451 0.941 1.1216
0.451 0.99 1.49519
0.5 0.01 1.63669
0.5 0.059 1.04404
0.5 0.108 0.46218
0.5 0.157 0.288422
0.5 0.206 0.325751
0.5 0.255 0.261564
0.5 0.304 0.140813
0.5 0.353 0.145418
0.5 0.402 0.207817
0.5 0.451 0.260467
0.5 0.5 0.193548
0.5 0.549 0.120061
0.5 0.598 0.198367
0.5 0.647 0.331293
0.5 0.696 0.427887
0.5 0.745 0.522171
0.5 0.794 0.569231
0.5 0.843 0.525148
0.5 0.892 0.557482
0.5 0.941 0.835027
0.5 0.99 1.11316
0.549 0.01 2.1348
0.549 0.059 1.36179
0.549 0.108 0.60284
0.549 0.157 0.376201
0.549 0.206 0.424891
0.549 0.255 0.341168
0.549 0.304 0.183668
0.549 0.353 0.189675
0.549 0.402 0.271065
0.549 0.451 0.339738
0.549 0.5 0.252453
0.549 0.549 0.156601
0.549 0.598 0.258739
0.549 0.647 0.432119
0.549 0.696 0.558111
0.549 0.745 0.681089
0.549 0.794 0.742471
0.549 0.843 0.684973
0.549 0.892 0.727146
0.549 0.941 1.08916
0.549 0.99 1.45194
0.598 0.01 2.41721
0.598 0.059 1.54193
0.598 0.108 0.682588
0.598 0.157 0.425968
0.598 0.206 0.481099
0.598 0.255 0.386301
0.598 0.304 0.207966
0.598 0.353 0.214766
0.598 0.402 0.306923
0.598 0.451 0.384681
0.598 0.5 0.28585
0.598 0.549 0.177317
0.598 0.598 0.292967
0.598 0.647 0.489283
0.598 0.696 0.631942
0.598 0.745 0.771189
0.598 0.794 0.840691
0.598 0.843 0.775586
0.598 0.892 0.823339
0.598 0.941 1.23324
0.598 0.99 1.64402
0.647 0.01 1.72172
0.647 0.059 1.09828
0.647 0.108 0.486191
0.647 0.157 0.303407
0.647 0.206 0.342675
0.647 0.255 0.275153
0.647 0.304 0.148129
0.647 0.353 0.152973
0.647 0.402 0.218614
0.647 0.451 0.273999
0.647 0.5 0.203604
0.647 0.549 0.126299
0.647 0.598 0.208673
0.647 0.647 0.348505
0.647 0.696 0.450117
0.647 0.745 0.549299
0.647 0.794 0.598804
0.647 0.843 0.552431
0.647 0.892 0.586445
0.647 0.941 0.878409
0.647 0.99 1.17099
0.696 0.01 1.7942
0.696 0.059 1.14452
0.696 0.108 0.506659
0.696 0.157 0.31618
0.696 0.206 0.357101
0.696 0.255 0.286736
0.696 0.304 0.154365
0.696 0.353 0.159413
0.696 0.402 0.227817
0.696 0.451 0.285534
0.696 0.5 0.212175
0.696 0.549 0.131616
0.696 0.598 0.217458
0.696 0.647 0.363176
0.696 0.696 0.469066
0.696 0.745 0.572424
0.696 0.794 0.624013
0.696 0.843 0.575688
0.696 0.892 0.611133
0.696 0.941 0.915389
0.696 0.99 1.22029
0.745 0.01 2.57949
0.745 0.059 1.64545
0.745 0.108 0.728414
0.745 0.157 0.454565
0.745 0.206 0.513398
0.745 0.255 0.412235
0.745 0.304 0.221927
0.745 0.353 0.229185
0.745 0.402 0.327529
0.745 0.451 0.410507
0.745 0.5 0.30504
0.745 0.549 0.189222
0.745 0.598 0.312635
0.745 0.647 0.522132
0.745 0.696 0.674368
0.745 0.745 0.822963
0.745 0.794 0.897131
0.745 0.843 0.827656
0.745 0.892 0.878614
0.745 0.941 1.31604
0.745 0.99 1.75439
0.794 0.01 2.56362
0.794 0.059 1.63533
0.794 0.108 0.723932
0.794 0.157 0.451768
0.794 0.206 0.510239
0.794 0.255 0.409699
0.794 0.304 0.220562
0.794 0.353 0.227775
0.794 0.402 0.325513
0.794 0.451 0.407981
0.794 0.5 0.303163
0.794 0.549 0.188057
0.794 0.598 0.310711
0.794 0.647 0.518919
0.794 0.696 0.670219
0.794 0.745 0.817899
0.794 0.794 0.891611
0.794 0.843 0.822563
0.794 0.892 0.873208
0.794 0.941 1.30794
0.794 0.99 1.74359
0.843 0.01 2.97984
0.843 0.059 1.90084
0.843 0.108 0.841469
0.843 0.157 0.525117
0.843 0.206 0.59308
0.843 0.255 0.476216
0.843 0.304 0.256372
0.843 0.353 0.264756
0.843 0.402 0.378363
0.843 0.451 0.47422
0.843 0.5 0.352384
0.843 0.549 0.21859
0.843 0.598 0.361158
0.843 0.647 0.603169
0.843 0.696 0.779034
0.843 0.745 0.950692
0.843 0.794 1.03637
0.843 0.843 0.956113
0.843 0.892 1.01498
0.843 0.941 1.52029
0.843 0.99 2.02668
0.892 0.01 5.66813
0.892 0.059 3.61569
0.892 0.108 1.60061
0.892 0.157 0.998855
0.892 0.206 1.12813
0.892 0.255 0.905839
0.892 0.304 0.48766
0.892 0.353 0.503607
0.892 0.402 0.719707
0.892 0.451 0.902041
0.892 0.5 0.670291
0.892 0.549 0.415793
0.892 0.598 0.68698
0.892 0.647 1.14732
0.892 0.696 1.48185
0.892 0.745 1.80837
0.892 0.794 1.97134
0.892 0.843 1.81868
0.892 0.892 1.93065
0.892 0.941 2.89184
0.892 0.99 3.85507
0.941 0.01 13.5441
0.941 0.059 8.63977
0.941 0.108 3.82468
0.941 0.157 2.38678
0.941 0.206 2.69569
0.941 0.255 2.16452
0.941 0.304 1.16527
0.941 0.353 1.20338
0.941 0.402 1.71975
0.941 0.451 2.15544
0.941 0.5 1.60167
0.941 0.549 0.993545
0.941 0.598 1.64155
0.941 0.647 2.74155
0.941 0.696 3.5409
0.941 0.745 4.32112
0.941 0.794 4.71056
0.941 0.843 4.34577
0.941 0.892 4.61333
0.941 0.941 6.91011
0.941 0.99 9.21175
0.99 0.01 22.3788
0.99 0.059 14.2754
0.99 0.108 6.3195
0.99 0.157 3.94367
0.99 0.206 4.45408
0.99 0.255 3.57642
0.99 0.304 1.92537
0.99 0.353 1.98834
0.99 0.402 2.84154
0.99 0.451 3.56143
0.99 0.5 2.64643
0.99 0.549 1.64163
0.99 0.598 2.71233
0.99 0.647 4.52985
0.99 0.696 5.85061
0.99 0.745 7.13977
0.99 0.794 7.78323
0.99 0.843 7.18049
0.99 0.892 7.62259
0.99 0.941 11.4175
0.99 0.99 15.2205
