0.01 0.01 11.3045
0.01 0.059 6.96607
0.01 0.108 2.55674
0.01 0.157 1.14025
0.01 0.206 1.25204
0.01 0.255 1.65448
0.01 0.304 1.46014
0.01 0.353 0.638557
0.01 0.402 0.526376
0.01 0.451 1.32503
0.01 0.5 2.0434
0.01 0.549 1.77168
0.01 0.598 1.47995
0.01 0.647 1.95651
0.01 0.696 2.29545
0.01 0.745 2.4906
0.01 0.794 2.69946
0.01 0.843 2.5656
0.01 0.892 3.42953
0.01 0.941 6.95896
0.01 0.99 11.1579
0.059 0.01 6.58025
0.059 0.059 4.0549
0.059 0.108 1.48826
0.059 0.157 0.663729
0.059 0.206 0.7288
0.059 0.255 0.963057
0.059 0.304 0.849938
0.059 0.353 0.371699
0.059 0.402 0.306399
0.059 0.451 0.771291
0.059 0.5 1.18945
0.059 0.549 1.03128
0.059 0.598 0.86147
0.059 0.647 1.13887
0.059 0.696 1.33617
0.059 0.745 1.44976
0.059 0.794 1.57134
0.059 0.843 1.49341
0.059 0.892 1.9963
0.059 0.941 4.05075
0.059 0.99 6.49493
0.108 0.01 2.85667
0.108 0.059 1.76035
0.108 0.108 0.646094
0.108 0.157 0.288144
0.108 0.206 0.316393
0.108 0.255 0.418091
0.108 0.304 0.368982
0.108 0.353 0.161365
0.108 0.402 0.133017
0.108 0.451 0.334839
0.108 0.5 0.516372
0.108 0.549 0.44771
0.108 0.598 0.373989
0.108 0.647 0.494416
0.108 0.696 0.580068
0.108 0.745 0.629383
0.108 0.794 0.682162
0.108 0.843 0.648334
0.108 0.892 0.866652
0.108 0.941 1.75855
0.108 0.99 2.81963
0.157 0.01 2.4115
0.157 0.059 1.48602
0.157 0.108 0.545409
0.157 0.157 0.24324
0.157 0.206 0.267087
0.157 0.255 0.352937
0.157 0.304 0.311481
0.157 0.353 0.136219
0.157 0.402 0.112288
0.157 0.451 0.282659
0.157 0.5 0.435902
0.157 0.549 0.37794
0.157 0.598 0.315708
0.157 0.647 0.417368
0.157 0.696 0.489672
0.157 0.745 0.531302
0.157 0.794 0.575857
0.157 0.843 0.5473
0.157 0.892 0.731596
0.157 0.941 1.4845
0.157 0.99 2.38023
0.206 0.01 1.96348
0.206 0.059 1.20994
0.206 0.108 0.44408
0.206 0.157 0.19805
0.206 0.206 0.217466
0.206 0.255 0.287366
0.206 0.304 0.253613
0.206 0.353 0.110911
0.206 0.402 0.0914263
0.206 0.451 0.230145
0.206 0.5 0.354918
0.206 0.549 0.307724
0.206 0.598 0.257054
0.206 0.647 0.339827
0.206 0.696 0.398698
0.206 0.745 0.432594
0.206 0.794 0.468871
0.206 0.843 0.445619
0.206 0.892 0.595676
0.206 0.941 1.2087
0.206 0.99 1.93802
0.255 0.01 0.905613
0.255 0.059 0.558059
0.255 0.108 0.204823
0.255 0.157 0.0913463
0.255 0.206 0.100302
0.255 0.255 0.132542
0.255 0.304 0.116974
0.255 0.353 0.0511554
0.255 0.402 0.0421685
0.255 0.451 0.10615
0.255 0.5 0.163699
0.255 0.549 0.141931
0.255 0.598 0.118561
0.255 0.647 0.156738
0.255 0.696 0.183891
0.255 0.745 0.199525
0.255 0.794 0.216257
0.255 0.843 0.205533
0.255 0.892 0.274743
0.255 0.941 0.557489
0.255 0.99 0.893871
0.304 0.01 0.796931
0.304 0.059 0.491087
0.304 0.108 0.180242
0.304 0.157 0.0803839
0.304 0.206 0.0882646
0.304 0.255 0.116635
0.304 0.304 0.102936
0.304 0.353 0.0450163
0.304 0.402 0.0371079
0.304 0.451 0.0934106
0.304 0.5 0.144053
0.304 0.549 0.124898
0.304 0.598 0.104332
0.304 0.647 0.137928
0.304 0.696 0.161822
0.304 0.745 0.17558
0.304 0.794 0.190304
0.304 0.843 0.180867
0.304 0.892 0.241771
0.304 0.941 0.490585
0.304 0.99 0.786598
0.353 0.01 1.45008
0.353 0.059 0.893572
0.353 0.108 0.327965
0.353 0.157 0.146265
0.353 0.206 0.160605
0.353 0.255 0.212228
0.353 0.304 0.1873
0.353 0.353 0.0819108
0.353 0.402 0.0675208
0.353 0.451 0.169968
0.353 0.5 0.262116
0.353 0.549 0.227263
0.353 0.598 0.189841
0.353 0.647 0.250971
0.353 0.696 0.294449
0.353 0.745 0.319482
0.353 0.794 0.346273
0.353 0.843 0.329102
0.353 0.892 0.439923
0.353 0.941 0.892659
0.353 0.99 1.43128
0.402 0.01 2.0993
0.402 0.059 1.29364
0.402 0.108 0.4748
0.402 0.157 0.21175
0.402 0.206 0.23251
0.402 0.255 0.307245
0.402 0.304 0.271157
0.402 0.353 0.118584
0.402 0.402 0.0977509
0.402 0.451 0.246066
0.402 0.5 0.37947
0.402 0.549 0.329012
0.402 0.598 0.274836
0.402 0.647 0.363335
0.402 0.696 0.426279
0.402 0.745 0.462519
0.402 0.794 0.501306
0.402 0.843 0.476446
0.402 0.892 0.636883
0.402 0.941 1.29232
0.402 0.99 2.07209
0.451 0.01 2.01867
0.451 0.059 1.24395
0.451 0.108 0.456564
0.451 0.157 0.203617
0.451 0.206 0.22358
0.451 0.255 0.295445
0.451 0.304 0.260742
0.451 0.353 0.114029
0.451 0.402 0.0939965
0.451 0.451 0.236615
0.451 0.5 0.364895
0.451 0.549 0.316375
0.451 0.598 0.26428
0.451 0.647 0.34938
0.451 0.696 0.409906
0.451 0.745 0.444754
0.451 0.794 0.482051
0.451 0.843 0.458146
0.451 0.892 0.612421
0.451 0.941 1.24268
0.451 0.99 1.9925
0.5 0.01 0.922132
0.5 0.059 0.568238
0.5 0.108 0.208559
0.5 0.157 0.0930126
0.5 0.206 0.102131
0.5 0.255 0.134959
0.5 0.304 0.119107
0.5 0.353 0.0520885
0.5 0.402 0.0429377
0.5 0.451 0.108086
0.5 0.5 0.166684
0.5 0.549 0.14452
0.5 0.598 0.120723
0.5 0.647 0.159597
0.5 0.696 0.187245
0.5 0.745 0.203164
0.5 0.794 0.220201
0.5 0.843 0.209282
0.5 0.892 0.279755
0.5 0.941 0.567658
0.5 0.99 0.910176
0.549 0.01 0.313616
0.549 0.059 0.193257
0.549 0.108 0.0709307
0.549 0.157 0.0316335
0.549 0.206 0.0347348
0.549 0.255 0.0458995
0.549 0.304 0.0405082
0.549 0.353 0.0177153
0.549 0.402 0.0146031
0.549 0.451 0.0367599
0.549 0.5 0.0566892
0.549 0.549 0.0491512
0.549 0.598 0.0410579
0.549 0.647 0.0542788
0.549 0.696 0.063682
0.549 0.745 0.069096
0.549 0.794 0.0748903
0.549 0.843 0.0711765
0.549 0.892 0.0951443
0.549 0.941 0.19306
0.549 0.99 0.30955
0.598 0.01 0.683517
0.598 0.059 0.421199
0.598 0.108 0.154591
0.598 0.157 0.0689442
0.598 0.206 0.0757034
0.598 0.255 0.100037
0.598 0.304 0.0882865
0.598 0.353 0.0386099
0.598 0.402 0.0318269
0.598 0.451 0.0801171
0.598 0.5 0.123552
0.598 0.549 0.107124
0.598 0.598 0.0894844
0.598 0.647 0.118299
0.598 0.696 0.138793
0.598 0.745 0.150593
0.598 0.794 0.163221
0.598 0.843 0.155127
0.598 0.892 0.207364
0.598 0.941 0.420768
0.598 0.99 0.674655
0.647 0.01 1.46684
0.647 0.059 0.903901
0.647 0.108 0.331756
0.647 0.157 0.147956
0.647 0.206 0.162461
0.647 0.255 0.214681
0.647 0.304 0.189465
0.647 0.353 0.0828576
0.647 0.402 0.0683012
0.647 0.451 0.171933
0.647 0.5 0.265146
0.647 0.549 0.22989
0.647 0.598 0.192035
0.647 0.647 0.253872
0.647 0.696 0.297853
0.647 0.745 0.323175
0.647 0.794 0.350276
0.647 0.843 0.332906
0.647 0.892 0.445008
0.647 0.941 0.902977
0.647 0.99 1.44782
0.696 0.01 2.14607
0.696 0.059 1.32246
0.696 0.108 0.485377
0.696 0.157 0.216467
0.696 0.206 0.237689
0.696 0.255 0.314089
0.696 0.304 0.277197
0.696 0.353 0.121225
0.696 0.402 0.0999284
0.696 0.451 0.251547
0.696 0.5 0.387923
0.696 0.549 0.336341
0.696 0.598 0.280958
0.696 0.647 0.371429
0.696 0.696 0.435774
0.696 0.745 0.472822
0.696 0.794 0.512472
0.696 0.843 0.487059
0.696 0.892 0.65107
0.696 0.941 1.3211
0.696 0.99 2.11824
0.745 0.01 2.06785
0.745 0.059 1.27426
0.745 0.108 0.467686
0.745 0.157 0.208578
0.745 0.206 0.229026
0.745 0.255 0.302642
0.745 0.304 0.267094
0.745 0.353 0.116807
0.745 0.402 0.0962863
0.745 0.451 0.242379
0.745 0.5 0.373784
0.745 0.549 0.324082
0.745 0.598 0.270718
0.745 0.647 0.357891
0.745 0.696 0.419891
0.745 0.745 0.455589
0.745 0.794 0.493794
0.745 0.843 0.469307
0.745 0.892 0.62734
0.745 0.941 1.27295
0.745 0.99 2.04104
0.794 0.01 1.29104
0.794 0.059 0.795567
0.794 0.108 0.291994
0.794 0.157 0.130223
0.794 0.206 0.14299
0.794 0.255 0.188951
0.794 0.304 0.166757
0.794 0.353 0.0729269
0.794 0.402 0.0601152
0.794 0.451 0.151326
0.794 0.5 0.233368
0.794 0.549 0.202337
0.794 0.598 0.16902
0.794 0.647 0.223445
0.794 0.696 0.262154
0.794 0.745 0.284442
0.794 0.794 0.308295
0.794 0.843 0.293006
0.794 0.892 0.391673
0.794 0.941 0.794754
0.794 0.99 1.2743
0.843 0.01 1.64535
0.843 0.059 1.0139
0.843 0.108 0.37213
0.843 0.157 0.165961
0.843 0.206 0.182232
0.843 0.255 0.240807
0.843 0.304 0.212522
0.843 0.353 0.0929411
0.843 0.402 0.0766133
0.843 0.451 0.192857
0.843 0.5 0.297414
0.843 0.549 0.257866
0.843 0.598 0.215405
0.843 0.647 0.284768
0.843 0.696 0.3341
0.843 0.745 0.362504
0.843 0.794 0.392903
0.843 0.843 0.37342
0.843 0.892 0.499164
0.843 0.941 1.01287
0.843 0.99 1.62402
0.892 0.01 4.81951
0.892 0.059 2.96989
0.892 0.108 1.09003
0.892 0.157 0.486129
0.892 0.206 0.533788
0.892 0.255 0.705363
0.892 0.304 0.622512
0.892 0.353 0.27224
0.892 0.402 0.224413
0.892 0.451 0.564909
0.892 0.5 0.871174
0.892 0.549 0.755334
0.892 0.598 0.630958
0.892 0.647 0.834132
0.892 0.696 0.978635
0.892 0.745 1.06183
0.892 0.794 1.15088
0.892 0.843 1.09381
0.892 0.892 1.46213
0.892 0.941 2.96686
0.892 0.99 4.75702
0.941 0.01 15.0095
0.941 0.059 9.24917
0.941 0.108 3.39469
0.941 0.157 1.51396
0.941 0.206 1.66238
0.941 0.255 2.19672
0.941 0.304 1.9387
0.941 0.353 0.847841
0.941 0.402 0.698893
0.941 0.451 1.7593
0.941 0.5 2.71311
0.941 0.549 2.35235
0.941 0.598 1.965
0.941 0.647 2.59775
0.941 0.696 3.04778
0.941 0.745 3.30689
0.941 0.794 3.5842
0.941 0.843 3.40646
0.941 0.892 4.55354
0.941 0.941 9.23972
0.941 0.99 14.8149
0.99 0.01 26.3069
0.99 0.059 16.2109
0.99 0.108 5.94984
0.99 0.157 2.6535
0.99 0.206 2.91364
0.99 0.255 3.85017
0.99 0.304 3.39793
0.99 0.353 1.486
0.99 0.402 1.22494
0.99 0.451 3.08351
0.99 0.5 4.75523
0.99 0.549 4.12293
0.99 0.598 3.44404
0.99 0.647 4.55304
0.99 0.696 5.3418
0.99 0.745 5.79594
0.99 0.794 6.28198
0.99 0.843 5.97046
0.99 0.892 7.98094
0.99 0.941 16.1943
0.99 0.99 25.9658
