0.01 0.01 1.56178
0.01 0.059 1.14756
0.01 0.108 0.83381
0.01 0.157 0.514082
0.01 0.206 0.274457
0.01 0.255 0.356304
0.01 0.304 0.529009
0.01 0.353 0.522417
0.01 0.402 0.257534
0.01 0.451 0.12422
0.01 0.5 0.226578
0.01 0.549 0.337969
0.01 0.598 0.46735
0.01 0.647 0.478447
0.01 0.696 0.232482
0.01 0.745 0.137791
0.01 0.794 0.314345
0.01 0.843 0.614054
0.01 0.892 1.38631
0.01 0.941 4.16262
0.01 0.99 7.45423
0.059 0.01 1.43343
0.059 0.059 1.05325
0.059 0.108 0.765285
0.059 0.157 0.471833
0.059 0.206 0.251901
0.059 0.255 0.327022
0.059 0.304 0.485534
0.059 0.353 0.479483
0.059 0.402 0.236369
0.059 0.451 0.114011
0.059 0.5 0.207957
0.059 0.549 0.310194
0.059 0.598 0.428942
0.059 0.647 0.439127
0.059 0.696 0.213376
0.059 0.745 0.126466
0.059 0.794 0.288511
0.059 0.843 0.563589
0.059 0.892 1.27238
0.059 0.941 3.82052
0.059 0.99 6.84162
0.108 0.01 1.25001
0.108 0.059 0.918482
0.108 0.108 0.667362
0.108 0.157 0.411459
0.108 0.206 0.219669
0.108 0.255 0.285178
0.108 0.304 0.423407
0.108 0.353 0.418131
0.108 0.402 0.206124
0.108 0.451 0.0994226
0.108 0.5 0.181348
0.108 0.549 0.270503
0.108 0.598 0.374056
0.108 0.647 0.382938
0.108 0.696 0.186073
0.108 0.745 0.110284
0.108 0.794 0.251594
0.108 0.843 0.491475
0.108 0.892 1.10957
0.108 0.941 3.33166
0.108 0.99 5.96619
0.157 0.01 1.77984
0.157 0.059 1.30779
0.157 0.108 0.950227
0.157 0.157 0.585859
0.157 0.206 0.312777
0.157 0.255 0.406052
0.157 0.304 0.60287
0.157 0.353 0.595358
0.157 0.402 0.293491
0.157 0.451 0.141563
0.157 0.5 0.258213
0.157 0.549 0.385157
0.157 0.598 0.532602
0.157 0.647 0.545248
0.157 0.696 0.264942
0.157 0.745 0.157029
0.157 0.794 0.358234
0.157 0.843 0.699789
0.157 0.892 1.57987
0.157 0.941 4.7438
0.157 0.99 8.495
0.206 0.01 3.07624
0.206 0.059 2.26035
0.206 0.108 1.64235
0.206 0.157 1.01259
0.206 0.206 0.540597
0.206 0.255 0.701812
0.206 0.304 1.04199
0.206 0.353 1.029
0.206 0.402 0.507265
0.206 0.451 0.244675
0.206 0.5 0.44629
0.206 0.549 0.665698
0.206 0.598 0.920538
0.206 0.647 0.942396
0.206 0.696 0.45792
0.206 0.745 0.271406
0.206 0.794 0.619164
0.206 0.843 1.2095
0.206 0.892 2.73062
0.206 0.941 8.1991
0.206 0.99 14.6826
0.255 0.01 3.80776
0.255 0.059 2.79786
0.255 0.108 2.0329
0.255 0.157 1.25338
0.255 0.206 0.669151
0.255 0.255 0.868702
0.255 0.304 1.28977
0.255 0.353 1.2737
0.255 0.402 0.627892
0.255 0.451 0.302859
0.255 0.5 0.552418
0.255 0.549 0.824
0.255 0.598 1.13944
0.255 0.647 1.1665
0.255 0.696 0.566813
0.255 0.745 0.335946
0.255 0.794 0.766401
0.255 0.843 1.49712
0.255 0.892 3.37996
0.255 0.941 10.1488
0.255 0.99 18.1741
0.304 0.01 3.00153
0.304 0.059 2.20546
0.304 0.108 1.60247
0.304 0.157 0.987996
0.304 0.206 0.527469
0.304 0.255 0.684768
0.304 0.304 1.01668
0.304 0.353 1.00401
0.304 0.402 0.494945
0.304 0.451 0.238733
0.304 0.5 0.435452
0.304 0.549 0.649531
0.304 0.598 0.898183
0.304 0.647 0.919509
0.304 0.696 0.446799
0.304 0.745 0.264815
0.304 0.794 0.604127
0.304 0.843 1.18013
0.304 0.892 2.66431
0.304 0.941 7.99998
0.304 0.99 14.326
0.353 0.01 2.14728
0.353 0.059 1.57777
0.353 0.108 1.1464
0.353 0.157 0.706807
0.353 0.206 0.377348
0.353 0.255 0.48988
0.353 0.304 0.727331
0.353 0.353 0.718267
0.353 0.402 0.354081
0.353 0.451 0.170789
0.353 0.5 0.31152
0.353 0.549 0.464671
0.353 0.598 0.642555
0.353 0.647 0.657813
0.353 0.696 0.319638
0.353 0.745 0.189447
0.353 0.794 0.43219
0.353 0.843 0.844258
0.353 0.892 1.90603
0.353 0.941 5.72315
0.353 0.99 10.2488
0.402 0.01 2.11751
0.402 0.059 1.5559
0.402 0.108 1.13051
0.402 0.157 0.697009
0.402 0.206 0.372117
0.402 0.255 0.483089
0.402 0.304 0.717247
0.402 0.353 0.708309
0.402 0.402 0.349173
0.402 0.451 0.168421
0.402 0.5 0.307202
0.402 0.549 0.45823
0.402 0.598 0.633648
0.402 0.647 0.648693
0.402 0.696 0.315207
0.402 0.745 0.186821
0.402 0.794 0.426198
0.402 0.843 0.832554
0.402 0.892 1.87961
0.402 0.941 5.6438
0.402 0.99 10.1067
0.451 0.01 2.23841
0.451 0.059 1.64473
0.451 0.108 1.19505
0.451 0.157 0.736803
0.451 0.206 0.393362
0.451 0.255 0.510669
0.451 0.304 0.758197
0.451 0.353 0.748749
0.451 0.402 0.369108
0.451 0.451 0.178037
0.451 0.5 0.324741
0.451 0.549 0.484391
0.451 0.598 0.669824
0.451 0.647 0.685729
0.451 0.696 0.333203
0.451 0.745 0.197487
0.451 0.794 0.450531
0.451 0.843 0.880086
0.451 0.892 1.98692
0.451 0.941 5.96603
0.451 0.99 10.6837
0.5 0.01 2.13001
0.5 0.059 1.56508
0.5 0.108 1.13718
0.5 0.157 0.701123
0.5 0.206 0.374314
0.5 0.255 0.48594
0.5 0.304 0.721481
0.5 0.353 0.712491
0.5 0.402 0.351234
0.5 0.451 0.169415
0.5 0.5 0.309015
0.5 0.549 0.460934
0.5 0.598 0.637388
0.5 0.647 0.652522
0.5 0.696 0.317067
0.5 0.745 0.187924
0.5 0.794 0.428714
0.5 0.843 0.837468
0.5 0.892 1.8907
0.5 0.941 5.67712
0.5 0.99 10.1663
0.549 0.01 1.56384
0.549 0.059 1.14908
0.549 0.108 0.83491
0.549 0.157 0.514761
0.549 0.206 0.274819
0.549 0.255 0.356775
0.549 0.304 0.529708
0.549 0.353 0.523107
0.549 0.402 0.257874
0.549 0.451 0.124384
0.549 0.5 0.226877
0.549 0.549 0.338416
0.549 0.598 0.467967
0.549 0.647 0.479079
0.549 0.696 0.232789
0.549 0.745 0.137972
0.549 0.794 0.31476
0.549 0.843 0.614865
0.549 0.892 1.38814
0.549 0.941 4.16811
0.549 0.99 7.46408
0.598 0.01 0.896183
0.598 0.059 0.658495
0.598 0.108 0.478458
0.598 0.157 0.294991
0.598 0.206 0.157489
0.598 0.255 0.204455
0.598 0.304 0.303557
0.598 0.353 0.299774
0.598 0.402 0.147779
0.598 0.451 0.0712799
0.598 0.5 0.130015
0.598 0.549 0.193934
0.598 0.598 0.268175
0.598 0.647 0.274543
0.598 0.696 0.133403
0.598 0.745 0.0790671
0.598 0.794 0.180378
0.598 0.843 0.352357
0.598 0.892 0.795496
0.598 0.941 2.3886
0.598 0.99 4.2774
0.647 0.01 0.931889
0.647 0.059 0.684731
0.647 0.108 0.497521
0.647 0.157 0.306744
0.647 0.206 0.163764
0.647 0.255 0.212601
0.647 0.304 0.315651
0.647 0.353 0.311718
0.647 0.402 0.153666
0.647 0.451 0.0741199
0.647 0.5 0.135195
0.647 0.549 0.201661
0.647 0.598 0.27886
0.647 0.647 0.285481
0.647 0.696 0.138718
0.647 0.745 0.0822174
0.647 0.794 0.187564
0.647 0.843 0.366396
0.647 0.892 0.827191
0.647 0.941 2.48377
0.647 0.99 4.44782
0.696 0.01 1.24592
0.696 0.059 0.915477
0.696 0.108 0.665178
0.696 0.157 0.410113
0.696 0.206 0.21895
0.696 0.255 0.284245
0.696 0.304 0.422022
0.696 0.353 0.416763
0.696 0.402 0.20545
0.696 0.451 0.0990973
0.696 0.5 0.180754
0.696 0.549 0.269618
0.696 0.598 0.372832
0.696 0.647 0.381685
0.696 0.696 0.185465
0.696 0.745 0.109924
0.696 0.794 0.250771
0.696 0.843 0.489867
0.696 0.892 1.10594
0.696 0.941 3.32076
0.696 0.99 5.94667
0.745 0.01 1.22989
0.745 0.059 0.9037
0.745 0.108 0.656621
0.745 0.157 0.404837
0.745 0.206 0.216134
0.745 0.255 0.280588
0.745 0.304 0.416592
0.745 0.353 0.411401
0.745 0.402 0.202807
0.745 0.451 0.0978225
0.745 0.5 0.178429
0.745 0.549 0.266149
0.745 0.598 0.368036
0.745 0.647 0.376775
0.745 0.696 0.183079
0.745 0.745 0.108509
0.745 0.794 0.247545
0.745 0.843 0.483565
0.745 0.892 1.09172
0.745 0.941 3.27804
0.745 0.99 5.87017
0.794 0.01 1.21836
0.794 0.059 0.895225
0.794 0.108 0.650464
0.794 0.157 0.401041
0.794 0.206 0.214107
0.794 0.255 0.277957
0.794 0.304 0.412686
0.794 0.353 0.407543
0.794 0.402 0.200905
0.794 0.451 0.0969052
0.794 0.5 0.176756
0.794 0.549 0.263654
0.794 0.598 0.364585
0.794 0.647 0.373242
0.794 0.696 0.181362
0.794 0.745 0.107492
0.794 0.794 0.245224
0.794 0.843 0.47903
0.794 0.892 1.08148
0.794 0.941 3.2473
0.794 0.99 5.81513
0.843 0.01 1.08332
0.843 0.059 0.796003
0.843 0.108 0.57837
0.843 0.157 0.356592
0.843 0.206 0.190376
0.843 0.255 0.247149
0.843 0.304 0.366946
0.843 0.353 0.362373
0.843 0.402 0.178638
0.843 0.451 0.0861647
0.843 0.5 0.157165
0.843 0.549 0.234432
0.843 0.598 0.324176
0.843 0.647 0.331873
0.843 0.696 0.161261
0.843 0.745 0.095578
0.843 0.794 0.218044
0.843 0.843 0.425937
0.843 0.892 0.961612
0.843 0.941 2.88739
0.843 0.99 5.17061
0.892 0.01 0.592163
0.892 0.059 0.435108
0.892 0.108 0.316146
0.892 0.157 0.194919
0.892 0.206 0.104063
0.892 0.255 0.135096
0.892 0.304 0.200579
0.892 0.353 0.198079
0.892 0.402 0.0976464
0.892 0.451 0.047099
0.892 0.5 0.0859091
0.892 0.549 0.128144
0.892 0.598 0.1772
0.892 0.647 0.181407
0.892 0.696 0.0881477
0.892 0.745 0.0522445
0.892 0.794 0.119187
0.892 0.843 0.232824
0.892 0.892 0.525633
0.892 0.941 1.57829
0.892 0.99 2.82634
0.941 0.01 0.529267
0.941 0.059 0.388894
0.941 0.108 0.282567
0.941 0.157 0.174216
0.941 0.206 0.0930098
0.941 0.255 0.120747
0.941 0.304 0.179274
0.941 0.353 0.17704
0.941 0.402 0.087275
0.941 0.451 0.0420965
0.941 0.5 0.0767843
0.941 0.549 0.114533
0.941 0.598 0.158379
0.941 0.647 0.162139
0.941 0.696 0.0787852
0.941 0.745 0.0466954
0.941 0.794 0.106527
0.941 0.843 0.208095
0.941 0.892 0.469804
0.941 0.941 1.41066
0.941 0.99 2.52614
0.99 0.01 0.849896
0.99 0.059 0.624485
0.99 0.108 0.453746
0.99 0.157 0.279755
0.99 0.206 0.149355
0.99 0.255 0.193895
0.99 0.304 0.287878
0.99 0.353 0.284291
0.99 0.402 0.140146
0.99 0.451 0.0675984
0.99 0.5 0.1233
0.99 0.549 0.183918
0.99 0.598 0.254324
0.99 0.647 0.260363
0.99 0.696 0.126513
0.99 0.745 0.0749834
0.99 0.794 0.171061
0.99 0.843 0.334158
0.99 0.892 0.75441
0.99 0.941 2.26523
0.99 0.99 4.05647
