0.01 0.01 1.0062
0.01 0.059 0.642219
0.01 0.108 0.344779
0.01 0.157 0.22303
0.01 0.206 0.113466
0.01 0.255 0.111107
0.01 0.304 0.187275
0.01 0.353 0.227769
0.01 0.402 0.217573
0.01 0.451 0.268945
0.01 0.5 0.311593
0.01 0.549 0.295674
0.01 0.598 0.243626
0.01 0.647 0.148986
0.01 0.696 0.138595
0.01 0.745 0.199984
0.01 0.794 0.214294
0.01 0.843 0.2099
0.01 0.892 0.415497
0.01 0.941 0.85788
0.01 0.99 1.20635
0.059 0.01 1.45634
0.059 0.059 0.929526
0.059 0.108 0.499022
0.059 0.157 0.322806
0.059 0.206 0.164226
0.059 0.255 0.160813
0.059 0.304 0.271055
0.059 0.353 0.329665
0.059 0.402 0.314908
0.059 0.451 0.389262
0.059 0.5 0.450989
0.059 0.549 0.427949
0.059 0.598 0.352616
0.059 0.647 0.215637
0.059 0.696 0.200598
0.059 0.745 0.28945
0.059 0.794 0.310163
0.059 0.843 0.303802
0.059 0.892 0.601377
0.059 0.941 1.24167
0.059 0.99 1.74603
0.108 0.01 2.00465
0.108 0.059 1.27949
0.108 0.108 0.686903
0.108 0.157 0.444342
0.108 0.206 0.226058
0.108 0.255 0.221359
0.108 0.304 0.373107
0.108 0.353 0.453783
0.108 0.402 0.43347
0.108 0.451 0.535819
0.108 0.5 0.620787
0.108 0.549 0.589072
0.108 0.598 0.485376
0.108 0.647 0.296825
0.108 0.696 0.276124
0.108 0.745 0.398428
0.108 0.794 0.426939
0.108 0.843 0.418184
0.108 0.892 0.827795
0.108 0.941 1.70915
0.108 0.99 2.40341
0.157 0.01 2.14354
0.157 0.059 1.36814
0.157 0.108 0.734495
0.157 0.157 0.475128
0.157 0.206 0.24172
0.157 0.255 0.236696
0.157 0.304 0.398958
0.157 0.353 0.485224
0.157 0.402 0.463503
0.157 0.451 0.572943
0.157 0.5 0.663797
0.157 0.549 0.629886
0.157 0.598 0.519005
0.157 0.647 0.31739
0.157 0.696 0.295255
0.157 0.745 0.426033
0.157 0.794 0.456519
0.157 0.843 0.447158
0.157 0.892 0.885149
0.157 0.941 1.82757
0.157 0.99 2.56993
0.206 0.01 2.3528
0.206 0.059 1.50171
0.206 0.108 0.806201
0.206 0.157 0.521513
0.206 0.206 0.265318
0.206 0.255 0.259804
0.206 0.304 0.437906
0.206 0.353 0.532594
0.206 0.402 0.508753
0.206 0.451 0.628877
0.206 0.5 0.728601
0.206 0.549 0.691379
0.206 0.598 0.569673
0.206 0.647 0.348375
0.206 0.696 0.324079
0.206 0.745 0.467625
0.206 0.794 0.501087
0.206 0.843 0.490812
0.206 0.892 0.971562
0.206 0.941 2.00599
0.206 0.99 2.82083
0.255 0.01 2.28022
0.255 0.059 1.45538
0.255 0.108 0.781331
0.255 0.157 0.505426
0.255 0.206 0.257134
0.255 0.255 0.251789
0.255 0.304 0.424398
0.255 0.353 0.516165
0.255 0.402 0.493059
0.255 0.451 0.609478
0.255 0.5 0.706126
0.255 0.549 0.670051
0.255 0.598 0.5521
0.255 0.647 0.337629
0.255 0.696 0.314082
0.255 0.745 0.4532
0.255 0.794 0.48563
0.255 0.843 0.475672
0.255 0.892 0.941592
0.255 0.941 1.94411
0.255 0.99 2.73381
0.304 0.01 1.6778
0.304 0.059 1.07088
0.304 0.108 0.574906
0.304 0.157 0.371894
0.304 0.206 0.1892
0.304 0.255 0.185267
0.304 0.304 0.312274
0.304 0.353 0.379796
0.304 0.402 0.362795
0.304 0.451 0.448456
0.304 0.5 0.51957
0.304 0.549 0.493026
0.304 0.598 0.406237
0.304 0.647 0.248428
0.304 0.696 0.231103
0.304 0.745 0.333466
0.304 0.794 0.357328
0.304 0.843 0.350001
0.304 0.892 0.692827
0.304 0.941 1.43048
0.304 0.99 2.01155
0.353 0.01 1.5872
0.353 0.059 1.01305
0.353 0.108 0.543864
0.353 0.157 0.351814
0.353 0.206 0.178984
0.353 0.255 0.175264
0.353 0.304 0.295412
0.353 0.353 0.359289
0.353 0.402 0.343206
0.353 0.451 0.424242
0.353 0.5 0.491516
0.353 0.549 0.466405
0.353 0.598 0.384303
0.353 0.647 0.235015
0.353 0.696 0.218624
0.353 0.745 0.315461
0.353 0.794 0.338034
0.353 0.843 0.331103
0.353 0.892 0.655417
0.353 0.941 1.35324
0.353 0.99 1.90293
0.402 0.01 1.78543
0.402 0.059 1.13957
0.402 0.108 0.611786
0.402 0.157 0.39575
0.402 0.206 0.201337
0.402 0.255 0.197152
0.402 0.304 0.332305
0.402 0.353 0.404159
0.402 0.402 0.386067
0.402 0.451 0.477224
0.402 0.5 0.552899
0.402 0.549 0.524653
0.402 0.598 0.432297
0.402 0.647 0.264365
0.402 0.696 0.245928
0.402 0.745 0.354858
0.402 0.794 0.38025
0.402 0.843 0.372453
0.402 0.892 0.73727
0.402 0.941 1.52225
0.402 0.99 2.14058
0.451 0.01 1.24891
0.451 0.059 0.797136
0.451 0.108 0.427947
0.451 0.157 0.276829
0.451 0.206 0.140836
0.451 0.255 0.137909
0.451 0.304 0.232449
0.451 0.353 0.282711
0.451 0.402 0.270056
0.451 0.451 0.333821
0.451 0.5 0.386756
0.451 0.549 0.366997
0.451 0.598 0.302394
0.451 0.647 0.184925
0.451 0.696 0.172028
0.451 0.745 0.248225
0.451 0.794 0.265987
0.451 0.843 0.260533
0.451 0.892 0.515724
0.451 0.941 1.06482
0.451 0.99 1.49735
0.5 0.01 0.679887
0.5 0.059 0.433947
0.5 0.108 0.232967
0.5 0.157 0.150701
0.5 0.206 0.0766686
0.5 0.255 0.0750751
0.5 0.304 0.126541
0.5 0.353 0.153903
0.5 0.402 0.147014
0.5 0.451 0.181726
0.5 0.5 0.210543
0.5 0.549 0.199787
0.5 0.598 0.164618
0.5 0.647 0.10067
0.5 0.696 0.0936489
0.5 0.745 0.135129
0.5 0.794 0.144799
0.5 0.843 0.141829
0.5 0.892 0.280751
0.5 0.941 0.579669
0.5 0.99 0.815131
0.549 0.01 1.26613
0.549 0.059 0.808121
0.549 0.108 0.433845
0.549 0.157 0.280644
0.549 0.206 0.142777
0.549 0.255 0.139809
0.549 0.304 0.235653
0.549 0.353 0.286607
0.549 0.402 0.273778
0.549 0.451 0.338421
0.549 0.5 0.392086
0.549 0.549 0.372055
0.549 0.598 0.306561
0.549 0.647 0.187473
0.549 0.696 0.174398
0.549 0.745 0.251645
0.549 0.794 0.269653
0.549 0.843 0.264123
0.549 0.892 0.522831
0.549 0.941 1.07949
0.549 0.99 1.51798
0.598 0.01 2.50562
0.598 0.059 1.59924
0.598 0.108 0.858563
0.598 0.157 0.555385
0.598 0.206 0.28255
0.598 0.255 0.276678
0.598 0.304 0.466348
0.598 0.353 0.567186
0.598 0.402 0.541796
0.598 0.451 0.669723
0.598 0.5 0.775924
0.598 0.549 0.736284
0.598 0.598 0.606674
0.598 0.647 0.371002
0.598 0.696 0.345128
0.598 0.745 0.497997
0.598 0.794 0.533633
0.598 0.843 0.52269
0.598 0.892 1.03466
0.598 0.941 2.13628
0.598 0.99 3.00404
0.647 0.01 3.86197
0.647 0.059 2.46496
0.647 0.108 1.32333
0.647 0.157 0.85603
0.647 0.206 0.435502
0.647 0.255 0.426451
0.647 0.304 0.718795
0.647 0.353 0.874219
0.647 0.402 0.835085
0.647 0.451 1.03226
0.647 0.5 1.19595
0.647 0.549 1.13485
0.647 0.598 0.935082
0.647 0.647 0.571836
0.647 0.696 0.531955
0.647 0.745 0.767577
0.647 0.794 0.822502
0.647 0.843 0.805636
0.647 0.892 1.59476
0.647 0.941 3.2927
0.647 0.99 4.6302
0.696 0.01 6.24826
0.696 0.059 3.98803
0.696 0.108 2.141
0.696 0.157 1.38496
0.696 0.206 0.704596
0.696 0.255 0.689951
0.696 0.304 1.16293
0.696 0.353 1.41439
0.696 0.402 1.35108
0.696 0.451 1.67009
0.696 0.5 1.93492
0.696 0.549 1.83607
0.696 0.598 1.51286
0.696 0.647 0.925168
0.696 0.696 0.860646
0.696 0.745 1.24186
0.696 0.794 1.33072
0.696 0.843 1.30343
0.696 0.892 2.58014
0.696 0.941 5.32724
0.696 0.99 7.49117
0.745 0.01 8.36369
0.745 0.059 5.33824
0.745 0.108 2.86586
0.745 0.157 1.85386
0.745 0.206 0.943146
0.745 0.255 0.923544
0.745 0.304 1.55666
0.745 0.353 1.89325
0.745 0.402 1.8085
0.745 0.451 2.23552
0.745 0.5 2.59001
0.745 0.549 2.4577
0.745 0.598 2.02506
0.745 0.647 1.2384
0.745 0.696 1.15203
0.745 0.745 1.6623
0.745 0.794 1.78125
0.745 0.843 1.74473
0.745 0.892 3.45369
0.745 0.941 7.13085
0.745 0.99 10.0274
0.794 0.01 6.82379
0.794 0.059 4.35537
0.794 0.108 2.33821
0.794 0.157 1.51253
0.794 0.206 0.769496
0.794 0.255 0.753503
0.794 0.304 1.27005
0.794 0.353 1.54467
0.794 0.402 1.47553
0.794 0.451 1.82392
0.794 0.5 2.11315
0.794 0.549 2.00519
0.794 0.598 1.65221
0.794 0.647 1.01039
0.794 0.696 0.939921
0.794 0.745 1.35624
0.794 0.794 1.45329
0.794 0.843 1.42349
0.794 0.892 2.8178
0.794 0.941 5.81793
0.794 0.99 8.18118
0.843 0.01 3.8952
0.843 0.059 2.48616
0.843 0.108 1.33471
0.843 0.157 0.863396
0.843 0.206 0.439249
0.843 0.255 0.43012
0.843 0.304 0.72498
0.843 0.353 0.88174
0.843 0.402 0.84227
0.843 0.451 1.04114
0.843 0.5 1.20624
0.843 0.549 1.14462
0.843 0.598 0.943128
0.843 0.647 0.576756
0.843 0.696 0.536532
0.843 0.745 0.774181
0.843 0.794 0.829579
0.843 0.843 0.812568
0.843 0.892 1.60848
0.843 0.941 3.32103
0.843 0.99 4.67004
0.892 0.01 2.44587
0.892 0.059 1.56111
0.892 0.108 0.838089
0.892 0.157 0.542141
0.892 0.206 0.275812
0.892 0.255 0.27008
0.892 0.304 0.455227
0.892 0.353 0.55366
0.892 0.402 0.528876
0.892 0.451 0.653752
0.892 0.5 0.75742
0.892 0.549 0.718725
0.892 0.598 0.592206
0.892 0.647 0.362155
0.892 0.696 0.336898
0.892 0.745 0.486122
0.892 0.794 0.520907
0.892 0.843 0.510226
0.892 0.892 1.00999
0.892 0.941 2.08533
0.892 0.99 2.9324
0.941 0.01 3.51505
0.941 0.059 2.24353
0.941 0.108 1.20445
0.941 0.157 0.779133
0.941 0.206 0.396381
0.941 0.255 0.388143
0.941 0.304 0.654226
0.941 0.353 0.795687
0.941 0.402 0.760069
0.941 0.451 0.939533
0.941 0.5 1.08852
0.941 0.549 1.03291
0.941 0.598 0.851084
0.941 0.647 0.520467
0.941 0.696 0.48417
0.941 0.745 0.698625
0.941 0.794 0.748617
0.941 0.843 0.733266
0.941 0.892 1.4515
0.941 0.941 2.99692
0.941 0.99 4.21427
0.99 0.01 5.45514
0.99 0.059 3.48182
0.99 0.108 1.86923
0.99 0.157 1.20917
0.99 0.206 0.615159
0.99 0.255 0.602373
0.99 0.304 1.01532
0.99 0.353 1.23486
0.99 0.402 1.17958
0.99 0.451 1.4581
0.99 0.5 1.68931
0.99 0.549 1.60301
0.99 0.598 1.32083
0.99 0.647 0.807733
0.99 0.696 0.751401
0.99 0.745 1.08422
0.99 0.794 1.16181
0.99 0.843 1.13798
0.99 0.892 2.25264
0.99 0.941 4.65103
0.99 0.99 6.54029
