0.01 0.01 3.86721
0.01 0.059 2.41082
0.01 0.108 0.737415
0.01 0.157 0.274419
0.01 0.206 0.600115
0.01 0.255 0.747771
0.01 0.304 0.424894
0.01 0.353 0.556015
0.01 0.402 1.34122
0.01 0.451 1.39325
0.01 0.5 0.555739
0.01 0.549 0.0852046
0.01 0.598 0.0152074
0.01 0.647 0.113359
0.01 0.696 0.486739
0.01 0.745 0.908844
0.01 0.794 1.22085
0.01 0.843 1.87125
0.01 0.892 4.54256
0.01 0.941 17.2757
0.01 0.99 33.0576
0.059 0.01 2.42554
0.059 0.059 1.51208
0.059 0.108 0.462512
0.059 0.157 0.172117
0.059 0.206 0.376397
0.059 0.255 0.469007
0.059 0.304 0.266497
0.059 0.353 0.348737
0.059 0.402 0.84122
0.059 0.451 0.873855
0.059 0.5 0.348564
0.059 0.549 0.053441
0.059 0.598 0.0095382
0.059 0.647 0.0710995
0.059 0.696 0.305286
0.059 0.745 0.570034
0.059 0.794 0.765727
0.059 0.843 1.17366
0.059 0.892 2.84913
0.059 0.941 10.8355
0.059 0.99 20.734
0.108 0.01 1.30284
0.108 0.059 0.812188
0.108 0.108 0.24843
0.108 0.157 0.0924496
0.108 0.206 0.202174
0.108 0.255 0.251919
0.108 0.304 0.143144
0.108 0.353 0.187317
0.108 0.402 0.451846
0.108 0.451 0.469375
0.108 0.5 0.187224
0.108 0.549 0.0287048
0.108 0.598 0.00512327
0.108 0.647 0.0381898
0.108 0.696 0.163979
0.108 0.745 0.306183
0.108 0.794 0.411296
0.108 0.843 0.630411
0.108 0.892 1.53036
0.108 0.941 5.82006
0.108 0.99 11.1369
0.157 0.01 0.866697
0.157 0.059 0.540299
0.157 0.108 0.165265
0.157 0.157 0.0615011
0.157 0.206 0.134494
0.157 0.255 0.167586
0.157 0.304 0.0952247
0.157 0.353 0.124611
0.157 0.402 0.300585
0.157 0.451 0.312246
0.157 0.5 0.124549
0.157 0.549 0.0190956
0.157 0.598 0.0034082
0.157 0.647 0.0254053
0.157 0.696 0.109085
0.157 0.745 0.203685
0.157 0.794 0.27361
0.157 0.843 0.419374
0.157 0.892 1.01805
0.157 0.941 3.87173
0.157 0.99 7.40868
0.206 0.01 0.436848
0.206 0.059 0.272331
0.206 0.108 0.0832999
0.206 0.157 0.0309989
0.206 0.206 0.0677902
0.206 0.255 0.0844697
0.206 0.304 0.0479969
0.206 0.353 0.0628086
0.206 0.402 0.151506
0.206 0.451 0.157384
0.206 0.5 0.0627774
0.206 0.549 0.00962488
0.206 0.598 0.00171786
0.206 0.647 0.0128052
0.206 0.696 0.0549831
0.206 0.745 0.102665
0.206 0.794 0.13791
0.206 0.843 0.21138
0.206 0.892 0.513137
0.206 0.941 1.9515
0.206 0.99 3.73426
0.255 0.01 0.367833
0.255 0.059 0.229307
0.255 0.108 0.0701398
0.255 0.157 0.0261016
0.255 0.206 0.0570805
0.255 0.255 0.0711248
0.255 0.304 0.0404141
0.255 0.353 0.0528858
0.255 0.402 0.127571
0.255 0.451 0.13252
0.255 0.5 0.0528596
0.255 0.549 0.00810431
0.255 0.598 0.00144647
0.255 0.647 0.0107822
0.255 0.696 0.0462966
0.255 0.745 0.0864455
0.255 0.794 0.116122
0.255 0.843 0.177986
0.255 0.892 0.432069
0.255 0.941 1.64319
0.255 0.99 3.1443
0.304 0.01 0.525155
0.304 0.059 0.327382
0.304 0.108 0.100139
0.304 0.157 0.0372652
0.304 0.206 0.0814938
0.304 0.255 0.101545
0.304 0.304 0.0576993
0.304 0.353 0.0755051
0.304 0.402 0.182133
0.304 0.451 0.189199
0.304 0.5 0.0754676
0.304 0.549 0.0115705
0.304 0.598 0.00206512
0.304 0.647 0.0153938
0.304 0.696 0.0660977
0.304 0.745 0.123418
0.304 0.794 0.165788
0.304 0.843 0.25411
0.304 0.892 0.616866
0.304 0.941 2.34599
0.304 0.99 4.48912
0.353 0.01 0.708258
0.353 0.059 0.441528
0.353 0.108 0.135053
0.353 0.157 0.0502582
0.353 0.206 0.109908
0.353 0.255 0.13695
0.353 0.304 0.0778169
0.353 0.353 0.101831
0.353 0.402 0.245636
0.353 0.451 0.255165
0.353 0.5 0.10178
0.353 0.549 0.0156047
0.353 0.598 0.00278515
0.353 0.647 0.020761
0.353 0.696 0.0891435
0.353 0.745 0.16645
0.353 0.794 0.223592
0.353 0.843 0.342709
0.353 0.892 0.831944
0.353 0.941 3.16395
0.353 0.99 6.05432
0.402 0.01 0.622225
0.402 0.059 0.387895
0.402 0.108 0.118648
0.402 0.157 0.0441533
0.402 0.206 0.096557
0.402 0.255 0.120314
0.402 0.304 0.0683644
0.402 0.353 0.0894614
0.402 0.402 0.215798
0.402 0.451 0.22417
0.402 0.5 0.089417
0.402 0.549 0.0137092
0.402 0.598 0.00244683
0.402 0.647 0.0182392
0.402 0.696 0.0783151
0.402 0.745 0.146231
0.402 0.794 0.196432
0.402 0.843 0.30108
0.402 0.892 0.730886
0.402 0.941 2.77962
0.402 0.99 5.31889
0.451 0.01 0.2579
0.451 0.059 0.160775
0.451 0.108 0.0491774
0.451 0.157 0.0183007
0.451 0.206 0.040021
0.451 0.255 0.049868
0.451 0.304 0.0283357
0.451 0.353 0.03708
0.451 0.402 0.0894442
0.451 0.451 0.0929141
0.451 0.5 0.0370616
0.451 0.549 0.0056822
0.451 0.598 0.00101417
0.451 0.647 0.00755978
0.451 0.696 0.0324601
0.451 0.745 0.0606098
0.451 0.794 0.0814172
0.451 0.843 0.124792
0.451 0.892 0.302938
0.451 0.941 1.1521
0.451 0.99 2.20458
0.5 0.01 0.158222
0.5 0.059 0.0986357
0.5 0.108 0.0301704
0.5 0.157 0.0112275
0.5 0.206 0.024553
0.5 0.255 0.0305941
0.5 0.304 0.017384
0.5 0.353 0.0227487
0.5 0.402 0.0548741
0.5 0.451 0.057003
0.5 0.5 0.0227374
0.5 0.549 0.00348604
0.5 0.598 0.000622193
0.5 0.647 0.00463794
0.5 0.696 0.0199143
0.5 0.745 0.0371842
0.5 0.794 0.0499496
0.5 0.843 0.07656
0.5 0.892 0.185853
0.5 0.941 0.706814
0.5 0.99 1.35251
0.549 0.01 0.337355
0.549 0.059 0.210307
0.549 0.108 0.0643281
0.549 0.157 0.0239388
0.549 0.206 0.0523508
0.549 0.255 0.0652315
0.549 0.304 0.0370654
0.549 0.353 0.0485037
0.549 0.402 0.117
0.549 0.451 0.121539
0.549 0.5 0.0484797
0.549 0.549 0.00743279
0.549 0.598 0.00132661
0.549 0.647 0.00988882
0.549 0.696 0.0424605
0.549 0.745 0.0792826
0.549 0.794 0.1065
0.549 0.843 0.163238
0.549 0.892 0.396268
0.549 0.941 1.50704
0.549 0.99 2.88377
0.598 0.01 0.519538
0.598 0.059 0.32388
0.598 0.108 0.0990676
0.598 0.157 0.0368666
0.598 0.206 0.0806221
0.598 0.255 0.100459
0.598 0.304 0.0570821
0.598 0.353 0.0746975
0.598 0.402 0.180185
0.598 0.451 0.187175
0.598 0.5 0.0746605
0.598 0.549 0.0114468
0.598 0.598 0.00204303
0.598 0.647 0.0152291
0.598 0.696 0.0653907
0.598 0.745 0.122098
0.598 0.794 0.164015
0.598 0.843 0.251392
0.598 0.892 0.610268
0.598 0.941 2.3209
0.598 0.99 4.44111
0.647 0.01 0.700409
0.647 0.059 0.436635
0.647 0.108 0.133557
0.647 0.157 0.0497013
0.647 0.206 0.10869
0.647 0.255 0.135432
0.647 0.304 0.0769545
0.647 0.353 0.100702
0.647 0.402 0.242914
0.647 0.451 0.252338
0.647 0.5 0.100653
0.647 0.549 0.0154318
0.647 0.598 0.00275429
0.647 0.647 0.020531
0.647 0.696 0.0881557
0.647 0.745 0.164605
0.647 0.794 0.221114
0.647 0.843 0.338911
0.647 0.892 0.822725
0.647 0.941 3.12889
0.647 0.99 5.98722
0.696 0.01 0.60341
0.696 0.059 0.376166
0.696 0.108 0.115061
0.696 0.157 0.0428182
0.696 0.206 0.0936374
0.696 0.255 0.116676
0.696 0.304 0.0662972
0.696 0.353 0.0867563
0.696 0.402 0.209273
0.696 0.451 0.217392
0.696 0.5 0.0867133
0.696 0.549 0.0132947
0.696 0.598 0.00237285
0.696 0.647 0.0176877
0.696 0.696 0.0759471
0.696 0.745 0.141809
0.696 0.794 0.190492
0.696 0.843 0.291976
0.696 0.892 0.708786
0.696 0.941 2.69557
0.696 0.99 5.15806
0.745 0.01 0.257959
0.745 0.059 0.160812
0.745 0.108 0.0491887
0.745 0.157 0.0183049
0.745 0.206 0.0400302
0.745 0.255 0.0498795
0.745 0.304 0.0283422
0.745 0.353 0.0370885
0.745 0.402 0.0894647
0.745 0.451 0.0929355
0.745 0.5 0.0370702
0.745 0.549 0.00568351
0.745 0.598 0.0010144
0.745 0.647 0.00756152
0.745 0.696 0.0324676
0.745 0.745 0.0606238
0.745 0.794 0.081436
0.745 0.843 0.12482
0.745 0.892 0.303008
0.745 0.941 1.15236
0.745 0.99 2.20508
0.794 0.01 0.241746
0.794 0.059 0.150704
0.794 0.108 0.046097
0.794 0.157 0.0171543
0.794 0.206 0.0375142
0.794 0.255 0.0467444
0.794 0.304 0.0265608
0.794 0.353 0.0347574
0.794 0.402 0.0838415
0.794 0.451 0.0870941
0.794 0.5 0.0347401
0.794 0.549 0.00532628
0.794 0.598 0.00095064
0.794 0.647 0.00708625
0.794 0.696 0.0304269
0.794 0.745 0.0568133
0.794 0.794 0.0763174
0.794 0.843 0.116975
0.794 0.892 0.283963
0.794 0.941 1.07993
0.794 0.99 2.06649
0.843 0.01 0.638185
0.843 0.059 0.397845
0.843 0.108 0.121692
0.843 0.157 0.0452858
0.843 0.206 0.0990338
0.843 0.255 0.123401
0.843 0.304 0.070118
0.843 0.353 0.0917561
0.843 0.402 0.221334
0.843 0.451 0.22992
0.843 0.5 0.0917107
0.843 0.549 0.0140609
0.843 0.598 0.0025096
0.843 0.647 0.018707
0.843 0.696 0.080324
0.843 0.745 0.149982
0.843 0.794 0.201471
0.843 0.843 0.308803
0.843 0.892 0.749635
0.843 0.941 2.85092
0.843 0.99 5.45532
0.892 0.01 1.69726
0.892 0.059 1.05807
0.892 0.108 0.32364
0.892 0.157 0.120438
0.892 0.206 0.263381
0.892 0.255 0.328185
0.892 0.304 0.186479
0.892 0.353 0.244026
0.892 0.402 0.588638
0.892 0.451 0.611474
0.892 0.5 0.243905
0.892 0.549 0.0373949
0.892 0.598 0.00667429
0.892 0.647 0.0497514
0.892 0.696 0.213622
0.892 0.745 0.398877
0.892 0.794 0.535812
0.892 0.843 0.821263
0.892 0.892 1.99366
0.892 0.941 7.58203
0.892 0.99 14.5085
0.941 0.01 4.96942
0.941 0.059 3.09794
0.941 0.108 0.947589
0.941 0.157 0.352632
0.941 0.206 0.771157
0.941 0.255 0.960896
0.941 0.304 0.545995
0.941 0.353 0.714487
0.941 0.402 1.72348
0.941 0.451 1.79034
0.941 0.5 0.714133
0.941 0.549 0.109489
0.941 0.598 0.0195417
0.941 0.647 0.145668
0.941 0.696 0.625467
0.941 0.745 1.16788
0.941 0.794 1.56881
0.941 0.843 2.40459
0.941 0.892 5.83725
0.941 0.941 22.1995
0.941 0.99 42.4795
0.99 0.01 8.77197
0.99 0.059 5.46845
0.99 0.108 1.67267
0.99 0.157 0.622462
0.99 0.206 1.36124
0.99 0.255 1.69616
0.99 0.304 0.963784
0.99 0.353 1.2612
0.99 0.402 3.04227
0.99 0.451 3.16029
0.99 0.5 1.26058
0.99 0.549 0.193269
0.99 0.598 0.0344949
0.99 0.647 0.257131
0.99 0.696 1.10407
0.99 0.745 2.06153
0.99 0.794 2.76925
0.99 0.843 4.24455
0.99 0.892 10.3039
0.99 0.941 39.1864
0.99 0.99 74.9844
