0.01 0.01 2.78136e-61
0.01 0.059 1.80639e-61
0.01 0.108 9.67682e-62
0.01 0.157 7.21939e-62
0.01 0.206 6.41597e-62
0.01 0.255 5.66952e-62
0.01 0.304 5.26085e-62
0.01 0.353 4.92796e-62
0.01 0.402 3.86618e-62
0.01 0.451 4.18457e-62
0.01 0.5 4.64189e-62
0.01 0.549 3.78652e-62
0.01 0.598 4.45926e-62
0.01 0.647 5.51926e-62
0.01 0.696 5.10527e-62
0.01 0.745 5.67604e-62
0.01 0.794 6.70062e-62
0.01 0.843 6.40392e-62
0.01 0.892 4.06227e-62
0.01 0.941 2.7299e-62
0.01 0.99 3.51559e-62
0.059 0.01 2.21025e-54
0.059 0.059 1.43548e-54
0.059 0.108 7.68986e-55
0.059 0.157 5.73701e-55
0.059 0.206 5.09857e-55
0.059 0.255 4.50538e-55
0.059 0.304 4.18063e-55
0.059 0.353 3.91609e-55
0.059 0.402 3.07233e-55
0.059 0.451 3.32535e-55
0.059 0.5 3.68876e-55
0.059 0.549 3.00903e-55
0.059 0.598 3.54363e-55
0.059 0.647 4.38598e-55
0.059 0.696 4.05699e-55
0.059 0.745 4.51057e-55
0.059 0.794 5.32477e-55
0.059 0.843 5.08899e-55
0.059 0.892 3.22816e-55
0.059 0.941 2.16936e-55
0.059 0.99 2.79373e-55
0.108 0.01 6.73029e-48
0.108 0.059 4.37107e-48
0.108 0.108 2.34159e-48
0.108 0.157 1.74694e-48
0.108 0.206 1.55253e-48
0.108 0.255 1.3719e-48
0.108 0.304 1.27301e-48
0.108 0.353 1.19246e-48
0.108 0.402 9.35533e-49
0.108 0.451 1.01258e-48
0.108 0.5 1.12324e-48
0.108 0.549 9.16259e-49
0.108 0.598 1.07905e-48
0.108 0.647 1.33554e-48
0.108 0.696 1.23537e-48
0.108 0.745 1.37348e-48
0.108 0.794 1.62141e-48
0.108 0.843 1.54961e-48
0.108 0.892 9.82984e-49
0.108 0.941 6.60577e-49
0.108 0.99 8.50699e-49
0.157 0.01 7.84385e-42
0.157 0.059 5.09429e-42
0.157 0.108 2.72901e-42
0.157 0.157 2.03598e-42
0.157 0.206 1.8094e-42
0.157 0.255 1.59889e-42
0.157 0.304 1.48364e-42
0.157 0.353 1.38976e-42
0.157 0.402 1.09032e-42
0.157 0.451 1.18011e-42
0.157 0.5 1.30908e-42
0.157 0.549 1.06786e-42
0.157 0.598 1.25758e-42
0.157 0.647 1.55652e-42
0.157 0.696 1.43976e-42
0.157 0.745 1.60073e-42
0.157 0.794 1.88968e-42
0.157 0.843 1.806e-42
0.157 0.892 1.14562e-42
0.157 0.941 7.69872e-43
0.157 0.99 9.9145e-43
0.206 0.01 3.49887e-36
0.206 0.059 2.27239e-36
0.206 0.108 1.21732e-36
0.206 0.157 9.0818e-37
0.206 0.206 8.07112e-37
0.206 0.255 7.1321e-37
0.206 0.304 6.61801e-37
0.206 0.353 6.19925e-37
0.206 0.402 4.86355e-37
0.206 0.451 5.26408e-37
0.206 0.5 5.83937e-37
0.206 0.549 4.76335e-37
0.206 0.598 5.60963e-37
0.206 0.647 6.94308e-37
0.206 0.696 6.42229e-37
0.206 0.745 7.14031e-37
0.206 0.794 8.4292e-37
0.206 0.843 8.05597e-37
0.206 0.892 5.11023e-37
0.206 0.941 3.43414e-37
0.206 0.99 4.42252e-37
0.255 0.01 5.97352e-31
0.255 0.059 3.87958e-31
0.255 0.108 2.07829e-31
0.255 0.157 1.55051e-31
0.255 0.206 1.37796e-31
0.255 0.255 1.21764e-31
0.255 0.304 1.12987e-31
0.255 0.353 1.05838e-31
0.255 0.402 8.3034e-32
0.255 0.451 8.98722e-32
0.255 0.5 9.96939e-32
0.255 0.549 8.13233e-32
0.255 0.598 9.57717e-32
0.255 0.647 1.18537e-31
0.255 0.696 1.09646e-31
0.255 0.745 1.21904e-31
0.255 0.794 1.43909e-31
0.255 0.843 1.37537e-31
0.255 0.892 8.72455e-32
0.255 0.941 5.863e-32
0.255 0.99 7.55045e-32
0.304 0.01 3.90335e-26
0.304 0.059 2.53508e-26
0.304 0.108 1.35804e-26
0.304 0.157 1.01317e-26
0.304 0.206 9.00416e-27
0.304 0.255 7.95659e-27
0.304 0.304 7.38307e-27
0.304 0.353 6.91589e-27
0.304 0.402 5.42578e-27
0.304 0.451 5.87263e-27
0.304 0.5 6.51442e-27
0.304 0.549 5.314e-27
0.304 0.598 6.25812e-27
0.304 0.647 7.74572e-27
0.304 0.696 7.16472e-27
0.304 0.745 7.96575e-27
0.304 0.794 9.40364e-27
0.304 0.843 8.98726e-27
0.304 0.892 5.70099e-27
0.304 0.941 3.83113e-27
0.304 0.99 4.93378e-27
0.353 0.01 9.76224e-22
0.353 0.059 6.34021e-22
0.353 0.108 3.39645e-22
0.353 0.157 2.53392e-22
0.353 0.206 2.25193e-22
0.353 0.255 1.98994e-22
0.353 0.304 1.8465e-22
0.353 0.353 1.72966e-22
0.353 0.402 1.35698e-22
0.353 0.451 1.46874e-22
0.353 0.5 1.62925e-22
0.353 0.549 1.32903e-22
0.353 0.598 1.56515e-22
0.353 0.647 1.9372e-22
0.353 0.696 1.79189e-22
0.353 0.745 1.99223e-22
0.353 0.794 2.35184e-22
0.353 0.843 2.2477e-22
0.353 0.892 1.42581e-22
0.353 0.941 9.58162e-23
0.353 0.99 1.23393e-22
0.402 0.01 9.34483e-18
0.402 0.059 6.06912e-18
0.402 0.108 3.25123e-18
0.402 0.157 2.42558e-18
0.402 0.206 2.15564e-18
0.402 0.255 1.90485e-18
0.402 0.304 1.76755e-18
0.402 0.353 1.6557e-18
0.402 0.402 1.29896e-18
0.402 0.451 1.40594e-18
0.402 0.5 1.55959e-18
0.402 0.549 1.2722e-18
0.402 0.598 1.49823e-18
0.402 0.647 1.85437e-18
0.402 0.696 1.71527e-18
0.402 0.745 1.90704e-18
0.402 0.794 2.25128e-18
0.402 0.843 2.1516e-18
0.402 0.892 1.36485e-18
0.402 0.941 9.17193e-19
0.402 0.99 1.18117e-18
0.451 0.01 3.42385e-14
0.451 0.059 2.22366e-14
0.451 0.108 1.19122e-14
0.451 0.157 8.88707e-15
0.451 0.206 7.89806e-15
0.451 0.255 6.97918e-15
0.451 0.304 6.47611e-15
0.451 0.353 6.06632e-15
0.451 0.402 4.75926e-15
0.451 0.451 5.15121e-15
0.451 0.5 5.71416e-15
0.451 0.549 4.66121e-15
0.451 0.598 5.48935e-15
0.451 0.647 6.79421e-15
0.451 0.696 6.28458e-15
0.451 0.745 6.98721e-15
0.451 0.794 8.24846e-15
0.451 0.843 7.88323e-15
0.451 0.892 5.00066e-15
0.451 0.941 3.3605e-15
0.451 0.99 4.32769e-15
0.5 0.01 4.80198e-11
0.5 0.059 3.1187e-11
0.5 0.108 1.67069e-11
0.5 0.157 1.24642e-11
0.5 0.206 1.10771e-11
0.5 0.255 9.78835e-12
0.5 0.304 9.0828e-12
0.5 0.353 8.50807e-12
0.5 0.402 6.6749e-12
0.5 0.451 7.22462e-12
0.5 0.5 8.01416e-12
0.5 0.549 6.53739e-12
0.5 0.598 7.69886e-12
0.5 0.647 9.52894e-12
0.5 0.696 8.81418e-12
0.5 0.745 9.79961e-12
0.5 0.794 1.15685e-11
0.5 0.843 1.10563e-11
0.5 0.892 7.01346e-12
0.5 0.941 4.71313e-12
0.5 0.99 6.06963e-12
0.549 0.01 2.57878e-08
0.549 0.059 1.67482e-08
0.549 0.108 8.97203e-09
0.549 0.157 6.69358e-09
0.549 0.206 5.94868e-09
0.549 0.255 5.25659e-09
0.549 0.304 4.87769e-09
0.549 0.353 4.56904e-09
0.549 0.402 3.58459e-09
0.549 0.451 3.8798e-09
0.549 0.5 4.3038e-09
0.549 0.549 3.51074e-09
0.549 0.598 4.13448e-09
0.549 0.647 5.11728e-09
0.549 0.696 4.73344e-09
0.549 0.745 5.26264e-09
0.549 0.794 6.21259e-09
0.549 0.843 5.93751e-09
0.549 0.892 3.7664e-09
0.549 0.941 2.53107e-09
0.549 0.99 3.25954e-09
0.598 0.01 5.30765e-06
0.598 0.059 3.44712e-06
0.598 0.108 1.84662e-06
0.598 0.157 1.37767e-06
0.598 0.206 1.22436e-06
0.598 0.255 1.08191e-06
0.598 0.304 1.00393e-06
0.598 0.353 9.40402e-07
0.598 0.402 7.37781e-07
0.598 0.451 7.98541e-07
0.598 0.5 8.8581e-07
0.598 0.549 7.22582e-07
0.598 0.598 8.5096e-07
0.598 0.647 1.05324e-06
0.598 0.696 9.74237e-07
0.598 0.745 1.08316e-06
0.598 0.794 1.27868e-06
0.598 0.843 1.22206e-06
0.598 0.892 7.75202e-07
0.598 0.941 5.20945e-07
0.598 0.99 6.7088e-07
0.647 0.01 0.000419919
0.647 0.059 0.000272721
0.647 0.108 0.000146097
0.647 0.157 0.000108996
0.647 0.206 9.68659e-05
0.647 0.255 8.55962e-05
0.647 0.304 7.94264e-05
0.647 0.353 7.44005e-05
0.647 0.402 5.83701e-05
0.647 0.451 6.31771e-05
0.647 0.5 7.00814e-05
0.647 0.549 5.71675e-05
0.647 0.598 6.73242e-05
0.647 0.647 8.33277e-05
0.647 0.696 7.70774e-05
0.647 0.745 8.56947e-05
0.647 0.794 0.000101163
0.647 0.843 9.6684e-05
0.647 0.892 6.13306e-05
0.647 0.941 4.12149e-05
0.647 0.99 5.30771e-05
0.696 0.01 0.0128891
0.696 0.059 0.00837101
0.696 0.108 0.00448435
0.696 0.157 0.00334555
0.696 0.206 0.00297324
0.696 0.255 0.00262732
0.696 0.304 0.00243794
0.696 0.353 0.00228368
0.696 0.402 0.00179163
0.696 0.451 0.00193918
0.696 0.5 0.00215111
0.696 0.549 0.00175472
0.696 0.598 0.00206647
0.696 0.647 0.00255769
0.696 0.696 0.00236584
0.696 0.745 0.00263034
0.696 0.794 0.00310515
0.696 0.843 0.00296765
0.696 0.892 0.00188251
0.696 0.941 0.00126507
0.696 0.99 0.00162917
0.745 0.01 0.157938
0.745 0.059 0.102575
0.745 0.108 0.0549494
0.745 0.157 0.040995
0.745 0.206 0.0364328
0.745 0.255 0.0321941
0.745 0.304 0.0298735
0.745 0.353 0.0279832
0.745 0.402 0.0219539
0.745 0.451 0.0237619
0.745 0.5 0.0263587
0.745 0.549 0.0215016
0.745 0.598 0.0253217
0.745 0.647 0.0313409
0.745 0.696 0.02899
0.745 0.745 0.0322311
0.745 0.794 0.0380492
0.745 0.843 0.0363644
0.745 0.892 0.0230674
0.745 0.941 0.0155016
0.745 0.99 0.0199631
0.794 0.01 0.843458
0.794 0.059 0.547794
0.794 0.108 0.293454
0.794 0.157 0.218931
0.794 0.206 0.194567
0.794 0.255 0.17193
0.794 0.304 0.159538
0.794 0.353 0.149443
0.794 0.402 0.117243
0.794 0.451 0.126899
0.794 0.5 0.140767
0.794 0.549 0.114828
0.794 0.598 0.135229
0.794 0.647 0.167374
0.794 0.696 0.154819
0.794 0.745 0.172128
0.794 0.794 0.203199
0.794 0.843 0.194202
0.794 0.892 0.12319
0.794 0.941 0.0827852
0.794 0.99 0.106612
0.843 0.01 2.62268
0.843 0.059 1.70334
0.843 0.108 0.912477
0.843 0.157 0.680753
0.843 0.206 0.604995
0.843 0.255 0.534608
0.843 0.304 0.496073
0.843 0.353 0.464683
0.843 0.402 0.364562
0.843 0.451 0.394585
0.843 0.5 0.437707
0.843 0.549 0.357051
0.843 0.598 0.420487
0.843 0.647 0.52044
0.843 0.696 0.481402
0.843 0.745 0.535223
0.843 0.794 0.631836
0.843 0.843 0.603859
0.843 0.892 0.383053
0.843 0.941 0.257416
0.843 0.99 0.331503
0.892 0.01 9.07737
0.892 0.059 5.89541
0.892 0.108 3.15817
0.892 0.157 2.35615
0.892 0.206 2.09395
0.892 0.255 1.85033
0.892 0.304 1.71696
0.892 0.353 1.60831
0.892 0.402 1.26178
0.892 0.451 1.3657
0.892 0.5 1.51495
0.892 0.549 1.23579
0.892 0.598 1.45535
0.892 0.647 1.80129
0.892 0.696 1.66618
0.892 0.745 1.85246
0.892 0.794 2.18685
0.892 0.843 2.09002
0.892 0.892 1.32578
0.892 0.941 0.890942
0.892 0.99 1.14737
0.941 0.01 31.9806
0.941 0.059 20.7702
0.941 0.108 11.1266
0.941 0.157 8.301
0.941 0.206 7.37722
0.941 0.255 6.51893
0.941 0.304 6.04904
0.941 0.353 5.66627
0.941 0.402 4.44541
0.941 0.451 4.81151
0.941 0.5 5.33734
0.941 0.549 4.35382
0.941 0.598 5.12735
0.941 0.647 6.34616
0.941 0.696 5.87014
0.941 0.745 6.52643
0.941 0.794 7.70451
0.941 0.843 7.36336
0.941 0.892 4.67088
0.941 0.941 3.13889
0.941 0.99 4.0423
0.99 0.01 58.501
0.99 0.059 37.9942
0.99 0.108 20.3535
0.99 0.157 15.1847
0.99 0.206 13.4949
0.99 0.255 11.9248
0.99 0.304 11.0653
0.99 0.353 10.3651
0.99 0.402 8.13183
0.99 0.451 8.80153
0.99 0.5 9.7634
0.99 0.549 7.9643
0.99 0.598 9.37928
0.99 0.647 11.6088
0.99 0.696 10.738
0.99 0.745 11.9386
0.99 0.794 14.0936
0.99 0.843 13.4695
0.99 0.892 8.54428
0.99 0.941 5.74186
0.99 0.99 7.39444
