0.01 0.01 5.59615
0.01 0.059 3.49422
0.01 0.108 1.28019
0.01 0.157 0.629812
0.01 0.206 0.866274
0.01 0.255 0.952084
0.01 0.304 0.626242
0.01 0.353 0.612376
0.01 0.402 0.990625
0.01 0.451 1.13502
0.01 0.5 1.15766
0.01 0.549 1.16949
0.01 0.598 0.821817
0.01 0.647 0.674362
0.01 0.696 0.869239
0.01 0.745 0.915025
0.01 0.794 0.856107
0.01 0.843 1.40263
0.01 0.892 2.28928
0.01 0.941 3.11763
0.01 0.99 3.56067
0.059 0.01 3.35067
0.059 0.059 2.09215
0.059 0.108 0.766508
0.059 0.157 0.377097
0.059 0.206 0.518678
0.059 0.255 0.570056
0.059 0.304 0.374959
0.059 0.353 0.366657
0.059 0.402 0.593132
0.059 0.451 0.679588
0.059 0.5 0.693144
0.059 0.549 0.700225
0.059 0.598 0.492059
0.059 0.647 0.403771
0.059 0.696 0.520453
0.059 0.745 0.547867
0.059 0.794 0.51259
0.059 0.843 0.839818
0.059 0.892 1.37069
0.059 0.941 1.86666
0.059 0.99 2.13193
0.108 0.01 1.78621
0.108 0.059 1.1153
0.108 0.108 0.408618
0.108 0.157 0.201027
0.108 0.206 0.276502
0.108 0.255 0.303891
0.108 0.304 0.199887
0.108 0.353 0.195461
0.108 0.402 0.316193
0.108 0.451 0.362281
0.108 0.5 0.369508
0.108 0.549 0.373283
0.108 0.598 0.262312
0.108 0.647 0.215246
0.108 0.696 0.277448
0.108 0.745 0.292062
0.108 0.794 0.273256
0.108 0.843 0.447698
0.108 0.892 0.730703
0.108 0.941 0.9951
0.108 0.99 1.13651
0.157 0.01 1.97196
0.157 0.059 1.23129
0.157 0.108 0.451111
0.157 0.157 0.221932
0.157 0.206 0.305256
0.157 0.255 0.335494
0.157 0.304 0.220674
0.157 0.353 0.215788
0.157 0.402 0.349075
0.157 0.451 0.399956
0.157 0.5 0.407934
0.157 0.549 0.412101
0.157 0.598 0.28959
0.157 0.647 0.23763
0.157 0.696 0.306301
0.157 0.745 0.322435
0.157 0.794 0.301673
0.157 0.843 0.494256
0.157 0.892 0.806691
0.157 0.941 1.09858
0.157 0.99 1.2547
0.206 0.01 2.22233
0.206 0.059 1.38762
0.206 0.108 0.508386
0.206 0.157 0.250109
0.206 0.206 0.344013
0.206 0.255 0.378089
0.206 0.304 0.248692
0.206 0.353 0.243185
0.206 0.402 0.393395
0.206 0.451 0.450736
0.206 0.5 0.459727
0.206 0.549 0.464424
0.206 0.598 0.326358
0.206 0.647 0.267801
0.206 0.696 0.34519
0.206 0.745 0.363372
0.206 0.794 0.339975
0.206 0.843 0.557009
0.206 0.892 0.909112
0.206 0.941 1.23806
0.206 0.99 1.414
0.255 0.01 1.37953
0.255 0.059 0.861372
0.255 0.108 0.315585
0.255 0.157 0.155257
0.255 0.206 0.213549
0.255 0.255 0.234702
0.255 0.304 0.154377
0.255 0.353 0.150959
0.255 0.402 0.244203
0.255 0.451 0.279798
0.255 0.5 0.285379
0.255 0.549 0.288295
0.255 0.598 0.202589
0.255 0.647 0.166239
0.255 0.696 0.214279
0.255 0.745 0.225566
0.255 0.794 0.211042
0.255 0.843 0.345767
0.255 0.892 0.564338
0.255 0.941 0.768538
0.255 0.99 0.877754
0.304 0.01 0.635129
0.304 0.059 0.396573
0.304 0.108 0.145294
0.304 0.157 0.0714799
0.304 0.206 0.098317
0.304 0.255 0.108056
0.304 0.304 0.0710747
0.304 0.353 0.069501
0.304 0.402 0.11243
0.304 0.451 0.128818
0.304 0.5 0.131388
0.304 0.549 0.13273
0.304 0.598 0.0932714
0.304 0.647 0.076536
0.304 0.696 0.0986534
0.304 0.745 0.10385
0.304 0.794 0.097163
0.304 0.843 0.15919
0.304 0.892 0.259819
0.304 0.941 0.353832
0.304 0.99 0.404115
0.353 0.01 1.07963
0.353 0.059 0.674115
0.353 0.108 0.246978
0.353 0.157 0.121505
0.353 0.206 0.167124
0.353 0.255 0.183679
0.353 0.304 0.120816
0.353 0.353 0.118141
0.353 0.402 0.191114
0.353 0.451 0.218972
0.353 0.5 0.223339
0.353 0.549 0.225621
0.353 0.598 0.158548
0.353 0.647 0.1301
0.353 0.696 0.167696
0.353 0.745 0.176529
0.353 0.794 0.165163
0.353 0.843 0.2706
0.353 0.892 0.441654
0.353 0.941 0.601462
0.353 0.99 0.686935
0.402 0.01 2.0395
0.402 0.059 1.27346
0.402 0.108 0.466561
0.402 0.157 0.229533
0.402 0.206 0.315711
0.402 0.255 0.346984
0.402 0.304 0.228232
0.402 0.353 0.223178
0.402 0.402 0.36103
0.402 0.451 0.413654
0.402 0.5 0.421906
0.402 0.549 0.426216
0.402 0.598 0.299509
0.402 0.647 0.245769
0.402 0.696 0.316791
0.402 0.745 0.333478
0.402 0.794 0.312005
0.402 0.843 0.511184
0.402 0.892 0.834319
0.402 0.941 1.13621
0.402 0.99 1.29767
0.451 0.01 2.97649
0.451 0.059 1.85851
0.451 0.108 0.68091
0.451 0.157 0.334986
0.451 0.206 0.460756
0.451 0.255 0.506396
0.451 0.304 0.333086
0.451 0.353 0.325711
0.451 0.402 0.526895
0.451 0.451 0.603696
0.451 0.5 0.615739
0.451 0.549 0.622029
0.451 0.598 0.43711
0.451 0.647 0.358681
0.451 0.696 0.462332
0.451 0.745 0.486685
0.451 0.794 0.455347
0.451 0.843 0.746033
0.451 0.892 1.21762
0.451 0.941 1.65821
0.451 0.99 1.89385
0.5 0.01 5.75352
0.5 0.059 3.59248
0.5 0.108 1.31619
0.5 0.157 0.647523
0.5 0.206 0.890635
0.5 0.255 0.978858
0.5 0.304 0.643852
0.5 0.353 0.629596
0.5 0.402 1.01848
0.5 0.451 1.16694
0.5 0.5 1.19022
0.5 0.549 1.20237
0.5 0.598 0.844928
0.5 0.647 0.693325
0.5 0.696 0.893683
0.5 0.745 0.940756
0.5 0.794 0.880181
0.5 0.843 1.44207
0.5 0.892 2.35365
0.5 0.941 3.2053
0.5 0.99 3.6608
0.549 0.01 12.7992
0.549 0.059 7.99178
0.549 0.108 2.92798
0.549 0.157 1.44047
0.549 0.206 1.98129
0.549 0.255 2.17755
0.549 0.304 1.4323
0.549 0.353 1.40059
0.549 0.402 2.2657
0.549 0.451 2.59595
0.549 0.5 2.64774
0.549 0.549 2.67478
0.549 0.598 1.87961
0.549 0.647 1.54236
0.549 0.696 1.98807
0.549 0.745 2.09279
0.549 0.794 1.95804
0.549 0.843 3.20801
0.549 0.892 5.23591
0.549 0.941 7.13046
0.549 0.99 8.14376
0.598 0.01 15.6463
0.598 0.059 9.76953
0.598 0.108 3.5793
0.598 0.157 1.7609
0.598 0.206 2.42203
0.598 0.255 2.66195
0.598 0.304 1.75092
0.598 0.353 1.71215
0.598 0.402 2.7697
0.598 0.451 3.17342
0.598 0.5 3.23672
0.598 0.549 3.26979
0.598 0.598 2.29773
0.598 0.647 1.88546
0.598 0.696 2.43032
0.598 0.745 2.55833
0.598 0.794 2.3936
0.598 0.843 3.92163
0.598 0.892 6.40062
0.598 0.941 8.71662
0.598 0.99 9.95533
0.647 0.01 10.0442
0.647 0.059 6.27159
0.647 0.108 2.29775
0.647 0.157 1.13042
0.647 0.206 1.55483
0.647 0.255 1.70885
0.647 0.304 1.12401
0.647 0.353 1.09912
0.647 0.402 1.77802
0.647 0.451 2.03719
0.647 0.5 2.07783
0.647 0.549 2.09905
0.647 0.598 1.47504
0.647 0.647 1.21038
0.647 0.696 1.56015
0.647 0.745 1.64233
0.647 0.794 1.53658
0.647 0.843 2.51751
0.647 0.892 4.10891
0.647 0.941 5.59567
0.647 0.99 6.39086
0.696 0.01 5.03941
0.696 0.059 3.14659
0.696 0.108 1.15283
0.696 0.157 0.567155
0.696 0.206 0.780092
0.696 0.255 0.857365
0.696 0.304 0.563939
0.696 0.353 0.551453
0.696 0.402 0.892072
0.696 0.451 1.0221
0.696 0.5 1.04249
0.696 0.549 1.05314
0.696 0.598 0.740058
0.696 0.647 0.607272
0.696 0.696 0.782762
0.696 0.745 0.823993
0.696 0.794 0.770936
0.696 0.843 1.26309
0.696 0.892 2.06153
0.696 0.941 2.80747
0.696 0.99 3.20643
0.745 0.01 2.73426
0.745 0.059 1.70726
0.745 0.108 0.625497
0.745 0.157 0.307724
0.745 0.206 0.423259
0.745 0.255 0.465185
0.745 0.304 0.30598
0.745 0.353 0.299205
0.745 0.402 0.484016
0.745 0.451 0.554567
0.745 0.5 0.565629
0.745 0.549 0.571408
0.745 0.598 0.401537
0.745 0.647 0.329491
0.745 0.696 0.424707
0.745 0.745 0.447078
0.745 0.794 0.418291
0.745 0.843 0.68532
0.745 0.892 1.11853
0.745 0.941 1.52326
0.745 0.99 1.73973
0.794 0.01 1.05455
0.794 0.059 0.658458
0.794 0.108 0.241242
0.794 0.157 0.118683
0.794 0.206 0.163243
0.794 0.255 0.179413
0.794 0.304 0.11801
0.794 0.353 0.115397
0.794 0.402 0.186676
0.794 0.451 0.213886
0.794 0.5 0.218152
0.794 0.549 0.220381
0.794 0.598 0.154865
0.794 0.647 0.127078
0.794 0.696 0.163801
0.794 0.745 0.172429
0.794 0.794 0.161327
0.794 0.843 0.264315
0.794 0.892 0.431396
0.794 0.941 0.587493
0.794 0.99 0.67098
0.843 0.01 0.20297
0.843 0.059 0.126734
0.843 0.108 0.0464321
0.843 0.157 0.0228431
0.843 0.206 0.0314195
0.843 0.255 0.0345318
0.843 0.304 0.0227136
0.843 0.353 0.0222107
0.843 0.402 0.0359296
0.843 0.451 0.0411668
0.843 0.5 0.041988
0.843 0.549 0.0424169
0.843 0.598 0.029807
0.843 0.647 0.0244589
0.843 0.696 0.031527
0.843 0.745 0.0331876
0.843 0.794 0.0310507
0.843 0.843 0.0508729
0.843 0.892 0.0830313
0.843 0.941 0.113075
0.843 0.99 0.129144
0.892 0.01 0.202287
0.892 0.059 0.126308
0.892 0.108 0.0462759
0.892 0.157 0.0227662
0.892 0.206 0.0313138
0.892 0.255 0.0344156
0.892 0.304 0.0226371
0.892 0.353 0.0221359
0.892 0.402 0.0358087
0.892 0.451 0.0410283
0.892 0.5 0.0418467
0.892 0.549 0.0422742
0.892 0.598 0.0297067
0.892 0.647 0.0243766
0.892 0.696 0.0314209
0.892 0.745 0.033076
0.892 0.794 0.0309462
0.892 0.843 0.0507017
0.892 0.892 0.0827519
0.892 0.941 0.112695
0.892 0.99 0.12871
0.941 0.01 0.969472
0.941 0.059 0.605335
0.941 0.108 0.221779
0.941 0.157 0.109108
0.941 0.206 0.150073
0.941 0.255 0.164938
0.941 0.304 0.10849
0.941 0.353 0.106087
0.941 0.402 0.171615
0.941 0.451 0.19663
0.941 0.5 0.200552
0.941 0.549 0.202601
0.941 0.598 0.142371
0.941 0.647 0.116826
0.941 0.696 0.150586
0.941 0.745 0.158518
0.941 0.794 0.148311
0.941 0.843 0.24299
0.941 0.892 0.396592
0.941 0.941 0.540095
0.941 0.99 0.616847
0.99 0.01 1.90552
0.99 0.059 1.1898
0.99 0.108 0.435913
0.99 0.157 0.214455
0.99 0.206 0.294972
0.99 0.255 0.324191
0.99 0.304 0.213239
0.99 0.353 0.208518
0.99 0.402 0.337314
0.99 0.451 0.386481
0.99 0.5 0.394191
0.99 0.549 0.398217
0.99 0.598 0.279834
0.99 0.647 0.229624
0.99 0.696 0.295981
0.99 0.745 0.311572
0.99 0.794 0.291509
0.99 0.843 0.477604
0.99 0.892 0.779513
0.99 0.941 1.06157
0.99 0.99 1.21243
