0.01 0.01 1.10723e-14
0.01 0.059 6.87618e-15
0.01 0.108 3.48821e-15
0.01 0.157 3.26717e-15
0.01 0.206 4.22864e-15
0.01 0.255 3.74582e-15
0.01 0.304 1.45232e-15
0.01 0.353 2.88774e-16
0.01 0.402 5.61229e-16
0.01 0.451 1.66448e-15
0.01 0.5 2.13931e-15
0.01 0.549 2.357e-15
0.01 0.598 3.83917e-15
0.01 0.647 3.45509e-15
0.01 0.696 1.25659e-15
0.01 0.745 4.77444e-16
0.01 0.794 1.42037e-15
0.01 0.843 3.63505e-15
0.01 0.892 1.19782e-14
0.01 0.941 4.2476e-14
0.01 0.99 7.77118e-14
0.059 0.01 1.50976e-11
0.059 0.059 9.376e-12
0.059 0.108 4.75635e-12
0.059 0.157 4.45495e-12
0.059 0.206 5.76595e-12
0.059 0.255 5.1076e-12
0.059 0.304 1.98031e-12
0.059 0.353 3.93757e-13
0.059 0.402 7.65264e-13
0.059 0.451 2.2696e-12
0.059 0.5 2.91705e-12
0.059 0.549 3.21389e-12
0.059 0.598 5.23489e-12
0.059 0.647 4.71118e-12
0.059 0.696 1.71342e-12
0.059 0.745 6.51018e-13
0.059 0.794 1.93674e-12
0.059 0.843 4.95657e-12
0.059 0.892 1.63329e-11
0.059 0.941 5.79181e-11
0.059 0.99 1.05964e-10
0.108 0.01 8.18844e-09
0.108 0.059 5.08525e-09
0.108 0.108 2.57969e-09
0.108 0.157 2.41622e-09
0.108 0.206 3.12727e-09
0.108 0.255 2.77021e-09
0.108 0.304 1.07406e-09
0.108 0.353 2.13562e-10
0.108 0.402 4.15055e-10
0.108 0.451 1.23096e-09
0.108 0.5 1.58212e-09
0.108 0.549 1.74311e-09
0.108 0.598 2.83924e-09
0.108 0.647 2.5552e-09
0.108 0.696 9.29306e-10
0.108 0.745 3.53092e-10
0.108 0.794 1.05043e-09
0.108 0.843 2.68829e-09
0.108 0.892 8.85847e-09
0.108 0.941 3.1413e-08
0.108 0.99 5.74715e-08
0.157 0.01 1.69981e-06
0.157 0.059 1.05563e-06
0.157 0.108 5.35509e-07
0.157 0.157 5.01575e-07
0.157 0.206 6.49178e-07
0.157 0.255 5.75056e-07
0.157 0.304 2.2296e-07
0.157 0.353 4.43325e-08
0.157 0.402 8.61597e-08
0.157 0.451 2.55531e-07
0.157 0.5 3.28426e-07
0.157 0.549 3.61846e-07
0.157 0.598 5.89388e-07
0.157 0.647 5.30423e-07
0.157 0.696 1.92911e-07
0.157 0.745 7.3297e-08
0.157 0.794 2.18055e-07
0.157 0.843 5.58051e-07
0.157 0.892 1.8389e-06
0.157 0.941 6.52089e-06
0.157 0.99 1.19303e-05
0.206 0.01 0.000135052
0.206 0.059 8.38712e-05
0.206 0.108 4.2547e-05
0.206 0.157 3.98508e-05
0.206 0.206 5.15782e-05
0.206 0.255 4.56891e-05
0.206 0.304 1.77145e-05
0.206 0.353 3.52228e-06
0.206 0.402 6.84551e-06
0.206 0.451 2.03023e-05
0.206 0.5 2.60939e-05
0.206 0.549 2.87492e-05
0.206 0.598 4.68277e-05
0.206 0.647 4.21429e-05
0.206 0.696 1.53271e-05
0.206 0.745 5.82356e-06
0.206 0.794 1.73248e-05
0.206 0.843 4.4338e-05
0.206 0.892 0.000146103
0.206 0.941 0.000518095
0.206 0.99 0.000947879
0.255 0.01 0.00410683
0.255 0.059 0.00255046
0.255 0.108 0.00129382
0.255 0.157 0.00121183
0.255 0.206 0.00156845
0.255 0.255 0.00138937
0.255 0.304 0.000538684
0.255 0.353 0.00010711
0.255 0.402 0.000208167
0.255 0.451 0.000617377
0.255 0.5 0.000793495
0.255 0.549 0.000874241
0.255 0.598 0.001424
0.255 0.647 0.00128153
0.255 0.696 0.000466084
0.255 0.745 0.00017709
0.255 0.794 0.000526833
0.255 0.843 0.00134828
0.255 0.892 0.00444288
0.255 0.941 0.0157549
0.255 0.99 0.0288243
0.304 0.01 0.0477987
0.304 0.059 0.0296843
0.304 0.108 0.0150585
0.304 0.157 0.0141043
0.304 0.206 0.0182549
0.304 0.255 0.0161706
0.304 0.304 0.00626965
0.304 0.353 0.00124663
0.304 0.402 0.00242282
0.304 0.451 0.00718554
0.304 0.5 0.00923535
0.304 0.549 0.0101751
0.304 0.598 0.0165736
0.304 0.647 0.0149155
0.304 0.696 0.00542467
0.304 0.745 0.00206112
0.304 0.794 0.00613171
0.304 0.843 0.0156924
0.304 0.892 0.0517099
0.304 0.941 0.183368
0.304 0.99 0.335481
0.353 0.01 0.212926
0.353 0.059 0.132233
0.353 0.108 0.0670804
0.353 0.157 0.0628297
0.353 0.206 0.0813192
0.353 0.255 0.0720343
0.353 0.304 0.027929
0.353 0.353 0.0055533
0.353 0.402 0.0107928
0.353 0.451 0.032009
0.353 0.5 0.0411402
0.353 0.549 0.0453266
0.353 0.598 0.0738296
0.353 0.647 0.0664434
0.353 0.696 0.024165
0.353 0.745 0.00918154
0.353 0.794 0.0273146
0.353 0.843 0.0699042
0.353 0.892 0.230349
0.353 0.941 0.816839
0.353 0.99 1.49445
0.402 0.01 0.363032
0.402 0.059 0.225453
0.402 0.108 0.11437
0.402 0.157 0.107123
0.402 0.206 0.138647
0.402 0.255 0.122816
0.402 0.304 0.0476181
0.402 0.353 0.0094682
0.402 0.402 0.0184013
0.402 0.451 0.0545743
0.402 0.5 0.0701427
0.402 0.549 0.0772804
0.402 0.598 0.125877
0.402 0.647 0.113284
0.402 0.696 0.0412005
0.402 0.745 0.0156542
0.402 0.794 0.0465705
0.402 0.843 0.119184
0.402 0.892 0.392738
0.402 0.941 1.39268
0.402 0.99 2.54798
0.451 0.01 0.236902
0.451 0.059 0.147123
0.451 0.108 0.0746337
0.451 0.157 0.0699043
0.451 0.206 0.0904758
0.451 0.255 0.0801454
0.451 0.304 0.0310738
0.451 0.353 0.0061786
0.451 0.402 0.0120081
0.451 0.451 0.0356132
0.451 0.5 0.0457726
0.451 0.549 0.0504304
0.451 0.598 0.0821428
0.451 0.647 0.0739249
0.451 0.696 0.0268859
0.451 0.745 0.0102154
0.451 0.794 0.0303902
0.451 0.843 0.0777754
0.451 0.892 0.256286
0.451 0.941 0.908815
0.451 0.99 1.66272
0.5 0.01 0.0593214
0.5 0.059 0.0368402
0.5 0.108 0.0186887
0.5 0.157 0.0175044
0.5 0.206 0.0226556
0.5 0.255 0.0200688
0.5 0.304 0.00778105
0.5 0.353 0.00154715
0.5 0.402 0.00300688
0.5 0.451 0.00891774
0.5 0.5 0.0114617
0.5 0.549 0.012628
0.5 0.598 0.020569
0.5 0.647 0.0185112
0.5 0.696 0.00673238
0.5 0.745 0.00255798
0.5 0.794 0.00760986
0.5 0.843 0.0194754
0.5 0.892 0.0641754
0.5 0.941 0.227572
0.5 0.99 0.416354
0.549 0.01 0.0110004
0.549 0.059 0.00683157
0.549 0.108 0.00346558
0.549 0.157 0.00324597
0.549 0.206 0.0042012
0.549 0.255 0.00372152
0.549 0.304 0.0014429
0.549 0.353 0.000286901
0.549 0.402 0.000557588
0.549 0.451 0.00165368
0.549 0.5 0.00212543
0.549 0.549 0.00234171
0.549 0.598 0.00381426
0.549 0.647 0.00343267
0.549 0.696 0.00124844
0.549 0.745 0.000474347
0.549 0.794 0.00141116
0.549 0.843 0.00361147
0.549 0.892 0.0119005
0.549 0.941 0.0422004
0.549 0.99 0.0772077
0.598 0.01 0.0715726
0.598 0.059 0.0444486
0.598 0.108 0.0225483
0.598 0.157 0.0211194
0.598 0.206 0.0273345
0.598 0.255 0.0242135
0.598 0.304 0.00938801
0.598 0.353 0.00186667
0.598 0.402 0.00362786
0.598 0.451 0.0107594
0.598 0.5 0.0138288
0.598 0.549 0.015236
0.598 0.598 0.0248169
0.598 0.647 0.0223342
0.598 0.696 0.00812276
0.598 0.745 0.00308626
0.598 0.794 0.00918147
0.598 0.843 0.0234975
0.598 0.892 0.0774291
0.598 0.941 0.274571
0.598 0.99 0.50234
0.647 0.01 0.364746
0.647 0.059 0.226518
0.647 0.108 0.11491
0.647 0.157 0.107628
0.647 0.206 0.139301
0.647 0.255 0.123396
0.647 0.304 0.0478429
0.647 0.353 0.0095129
0.647 0.402 0.0184882
0.647 0.451 0.054832
0.647 0.5 0.0704739
0.647 0.549 0.0776453
0.647 0.598 0.126471
0.647 0.647 0.113819
0.647 0.696 0.041395
0.647 0.745 0.0157281
0.647 0.794 0.0467904
0.647 0.843 0.119747
0.647 0.892 0.394592
0.647 0.941 1.39926
0.647 0.99 2.56001
0.696 0.01 0.713493
0.696 0.059 0.443099
0.696 0.108 0.224779
0.696 0.157 0.210536
0.696 0.206 0.272492
0.696 0.255 0.241379
0.696 0.304 0.0935872
0.696 0.353 0.0186085
0.696 0.402 0.0361655
0.696 0.451 0.107259
0.696 0.5 0.137856
0.696 0.549 0.151885
0.696 0.598 0.247395
0.696 0.647 0.222645
0.696 0.696 0.0809742
0.696 0.745 0.0307664
0.696 0.794 0.0915283
0.696 0.843 0.234242
0.696 0.892 0.771875
0.696 0.941 2.73714
0.696 0.99 5.00773
0.745 0.01 0.534259
0.745 0.059 0.33179
0.745 0.108 0.168314
0.745 0.157 0.157648
0.745 0.206 0.204041
0.745 0.255 0.180744
0.745 0.304 0.0700776
0.745 0.353 0.0139339
0.745 0.402 0.0270805
0.745 0.451 0.0803148
0.745 0.5 0.103226
0.745 0.549 0.11373
0.745 0.598 0.185248
0.745 0.647 0.166715
0.745 0.696 0.060633
0.745 0.745 0.0230377
0.745 0.794 0.0685358
0.745 0.843 0.175399
0.745 0.892 0.577976
0.745 0.941 2.04955
0.745 0.99 3.74976
0.794 0.01 0.158339
0.794 0.059 0.0983331
0.794 0.108 0.0498833
0.794 0.157 0.0467223
0.794 0.206 0.0604718
0.794 0.255 0.0535672
0.794 0.304 0.020769
0.794 0.353 0.00412963
0.794 0.402 0.00802589
0.794 0.451 0.023803
0.794 0.5 0.0305933
0.794 0.549 0.0337064
0.794 0.598 0.0549022
0.794 0.647 0.0494096
0.794 0.696 0.0179699
0.794 0.745 0.00682771
0.794 0.794 0.0203121
0.794 0.843 0.0519832
0.794 0.892 0.171296
0.794 0.941 0.60743
0.794 0.99 1.11132
0.843 0.01 0.180193
0.843 0.059 0.111905
0.843 0.108 0.0567681
0.843 0.157 0.0531708
0.843 0.206 0.0688179
0.843 0.255 0.0609604
0.843 0.304 0.0236355
0.843 0.353 0.00469958
0.843 0.402 0.0091336
0.843 0.451 0.0270882
0.843 0.5 0.0348156
0.843 0.549 0.0383585
0.843 0.598 0.0624797
0.843 0.647 0.056229
0.843 0.696 0.0204501
0.843 0.745 0.00777005
0.843 0.794 0.0231155
0.843 0.843 0.0591577
0.843 0.892 0.194937
0.843 0.941 0.691265
0.843 0.99 1.2647
0.892 0.01 2.05052
0.892 0.059 1.27343
0.892 0.108 0.645998
0.892 0.157 0.605062
0.892 0.206 0.78312
0.892 0.255 0.693705
0.892 0.304 0.268962
0.892 0.353 0.0534794
0.892 0.402 0.103937
0.892 0.451 0.308253
0.892 0.5 0.396188
0.892 0.549 0.436504
0.892 0.598 0.710993
0.892 0.647 0.639863
0.892 0.696 0.232713
0.892 0.745 0.08842
0.892 0.794 0.263045
0.892 0.843 0.673191
0.892 0.892 2.21831
0.892 0.941 7.86632
0.892 0.99 14.3918
0.941 0.01 10.1791
0.941 0.059 6.32148
0.941 0.108 3.20682
0.941 0.157 3.00361
0.941 0.206 3.88751
0.941 0.255 3.44364
0.941 0.304 1.33516
0.941 0.353 0.265479
0.941 0.402 0.515955
0.941 0.451 1.53021
0.941 0.5 1.96673
0.941 0.549 2.16686
0.941 0.598 3.52946
0.941 0.647 3.17637
0.941 0.696 1.15522
0.941 0.745 0.438929
0.941 0.794 1.30579
0.941 0.843 3.34181
0.941 0.892 11.012
0.941 0.941 39.0494
0.941 0.99 71.4428
0.99 0.01 19.7725
0.99 0.059 12.2793
0.99 0.108 6.22914
0.99 0.157 5.83441
0.99 0.206 7.55137
0.99 0.255 6.68916
0.99 0.304 2.59351
0.99 0.353 0.515684
0.99 0.402 1.00223
0.99 0.451 2.97238
0.99 0.5 3.82031
0.99 0.549 4.20906
0.99 0.598 6.85587
0.99 0.647 6.16998
0.99 0.696 2.24398
0.99 0.745 0.852605
0.99 0.794 2.53645
0.99 0.843 6.49136
0.99 0.892 21.3904
0.99 0.941 75.8523
0.99 0.99 138.775
