0.01 0.01 12.1028
0.01 0.059 9.1733
0.01 0.108 6.38016
0.01 0.157 4.68452
0.01 0.206 3.10651
0.01 0.255 2.41929
0.01 0.304 1.83867
0.01 0.353 0.757909
0.01 0.402 0.272795
0.01 0.451 0.566188
0.01 0.5 0.88053
0.01 0.549 1.00062
0.01 0.598 1.52962
0.01 0.647 1.41467
0.01 0.696 0.53726
0.01 0.745 0.191211
0.01 0.794 0.570057
0.01 0.843 1.43721
0.01 0.892 3.04831
0.01 0.941 7.17435
0.01 0.99 11.7774
0.059 0.01 8.3826
0.059 0.059 6.35357
0.059 0.108 4.419
0.059 0.157 3.24457
0.059 0.206 2.15162
0.059 0.255 1.67564
0.059 0.304 1.27349
0.059 0.353 0.52494
0.059 0.402 0.188942
0.059 0.451 0.39215
0.059 0.5 0.609868
0.059 0.549 0.693046
0.059 0.598 1.05944
0.059 0.647 0.979822
0.059 0.696 0.372114
0.059 0.745 0.132436
0.059 0.794 0.39483
0.059 0.843 0.995432
0.059 0.892 2.11131
0.059 0.941 4.96907
0.059 0.99 8.15724
0.108 0.01 4.29789
0.108 0.059 3.25758
0.108 0.108 2.26569
0.108 0.157 1.66354
0.108 0.206 1.10317
0.108 0.255 0.859126
0.108 0.304 0.652939
0.108 0.353 0.269145
0.108 0.402 0.0968736
0.108 0.451 0.201062
0.108 0.5 0.312689
0.108 0.549 0.355335
0.108 0.598 0.54319
0.108 0.647 0.50237
0.108 0.696 0.190789
0.108 0.745 0.067902
0.108 0.794 0.202436
0.108 0.843 0.510374
0.108 0.892 1.0825
0.108 0.941 2.54772
0.108 0.99 4.18235
0.157 0.01 1.93387
0.157 0.059 1.46577
0.157 0.108 1.01947
0.157 0.157 0.748525
0.157 0.206 0.496379
0.157 0.255 0.386571
0.157 0.304 0.293795
0.157 0.353 0.121104
0.157 0.402 0.0435891
0.157 0.451 0.0904693
0.157 0.5 0.140697
0.157 0.549 0.159886
0.157 0.598 0.244413
0.157 0.647 0.226045
0.157 0.696 0.085847
0.157 0.745 0.030553
0.157 0.794 0.0910876
0.157 0.843 0.229647
0.157 0.892 0.48708
0.157 0.941 1.14637
0.157 0.99 1.88188
0.206 0.01 1.22506
0.206 0.059 0.928532
0.206 0.108 0.645808
0.206 0.157 0.474173
0.206 0.206 0.314445
0.206 0.255 0.244883
0.206 0.304 0.186112
0.206 0.353 0.0767164
0.206 0.402 0.0276127
0.206 0.451 0.0573102
0.206 0.5 0.0891282
0.206 0.549 0.101284
0.206 0.598 0.15483
0.206 0.647 0.143195
0.206 0.696 0.054382
0.206 0.745 0.0193546
0.206 0.794 0.0577018
0.206 0.843 0.145476
0.206 0.892 0.308554
0.206 0.941 0.726196
0.206 0.99 1.19213
0.255 0.01 1.27912
0.255 0.059 0.969504
0.255 0.108 0.674304
0.255 0.157 0.495096
0.255 0.206 0.32832
0.255 0.255 0.255689
0.255 0.304 0.194325
0.255 0.353 0.0801016
0.255 0.402 0.0288311
0.255 0.451 0.059839
0.255 0.5 0.0930611
0.255 0.549 0.105753
0.255 0.598 0.161662
0.255 0.647 0.149513
0.255 0.696 0.0567817
0.255 0.745 0.0202087
0.255 0.794 0.0602479
0.255 0.843 0.151895
0.255 0.892 0.322169
0.255 0.941 0.75824
0.255 0.99 1.24473
0.304 0.01 1.70507
0.304 0.059 1.29235
0.304 0.108 0.898852
0.304 0.157 0.659966
0.304 0.206 0.437652
0.304 0.255 0.340835
0.304 0.304 0.259036
0.304 0.353 0.106776
0.304 0.402 0.038432
0.304 0.451 0.0797658
0.304 0.5 0.124051
0.304 0.549 0.14097
0.304 0.598 0.215496
0.304 0.647 0.199302
0.304 0.696 0.0756903
0.304 0.745 0.0269383
0.304 0.794 0.0803109
0.304 0.843 0.202477
0.304 0.892 0.429453
0.304 0.941 1.01074
0.304 0.99 1.65923
0.353 0.01 2.0477
0.353 0.059 1.55204
0.353 0.108 1.07947
0.353 0.157 0.792581
0.353 0.206 0.525595
0.353 0.255 0.409324
0.353 0.304 0.311087
0.353 0.353 0.128232
0.353 0.402 0.0461546
0.353 0.451 0.0957942
0.353 0.5 0.148978
0.353 0.549 0.169297
0.353 0.598 0.258798
0.353 0.647 0.23935
0.353 0.696 0.0908998
0.353 0.745 0.0323513
0.353 0.794 0.0964488
0.353 0.843 0.243163
0.353 0.892 0.515749
0.353 0.941 1.21384
0.353 0.99 1.99264
0.402 0.01 1.13553
0.402 0.059 0.860671
0.402 0.108 0.598609
0.402 0.157 0.439518
0.402 0.206 0.291464
0.402 0.255 0.226986
0.402 0.304 0.17251
0.402 0.353 0.0711097
0.402 0.402 0.0255946
0.402 0.451 0.0531217
0.402 0.5 0.0826144
0.402 0.549 0.0938818
0.402 0.598 0.143514
0.402 0.647 0.132729
0.402 0.696 0.0504076
0.402 0.745 0.0179401
0.402 0.794 0.0534847
0.402 0.843 0.134844
0.402 0.892 0.286003
0.402 0.941 0.673123
0.402 0.99 1.105
0.451 0.01 0.258957
0.451 0.059 0.196275
0.451 0.108 0.136512
0.451 0.157 0.100232
0.451 0.206 0.066468
0.451 0.255 0.0517641
0.451 0.304 0.0393409
0.451 0.353 0.0162165
0.451 0.402 0.00583683
0.451 0.451 0.0121144
0.451 0.5 0.0188401
0.451 0.549 0.0214097
0.451 0.598 0.0327283
0.451 0.647 0.0302688
0.451 0.696 0.0114954
0.451 0.745 0.00409123
0.451 0.794 0.0121972
0.451 0.843 0.030751
0.451 0.892 0.0652228
0.451 0.941 0.153505
0.451 0.99 0.251995
0.5 0.01 0.16342
0.5 0.059 0.123864
0.5 0.108 0.0861491
0.5 0.157 0.0632534
0.5 0.206 0.0419461
0.5 0.255 0.0326668
0.5 0.304 0.0248269
0.5 0.353 0.0102338
0.5 0.402 0.00368346
0.5 0.451 0.00764503
0.5 0.5 0.0118895
0.5 0.549 0.013511
0.5 0.598 0.0206539
0.5 0.647 0.0191018
0.5 0.696 0.00725443
0.5 0.745 0.00258186
0.5 0.794 0.00769728
0.5 0.843 0.0194061
0.5 0.892 0.0411603
0.5 0.941 0.0968727
0.5 0.99 0.159027
0.549 0.01 0.618391
0.549 0.059 0.468708
0.549 0.108 0.325993
0.549 0.157 0.239355
0.549 0.206 0.158726
0.549 0.255 0.123613
0.549 0.304 0.0939464
0.549 0.353 0.0387252
0.549 0.402 0.0139384
0.549 0.451 0.0289292
0.549 0.5 0.0449905
0.549 0.549 0.0511265
0.549 0.598 0.0781555
0.549 0.647 0.0722822
0.549 0.696 0.0274512
0.549 0.745 0.0097699
0.549 0.794 0.0291269
0.549 0.843 0.0734338
0.549 0.892 0.155753
0.549 0.941 0.366572
0.549 0.99 0.601766
0.598 0.01 1.11696
0.598 0.059 0.846598
0.598 0.108 0.588821
0.598 0.157 0.432331
0.598 0.206 0.286698
0.598 0.255 0.223275
0.598 0.304 0.16969
0.598 0.353 0.0699469
0.598 0.402 0.0251761
0.598 0.451 0.0522531
0.598 0.5 0.0812635
0.598 0.549 0.0923466
0.598 0.598 0.141167
0.598 0.647 0.130559
0.598 0.696 0.0495833
0.598 0.745 0.0176468
0.598 0.794 0.0526102
0.598 0.843 0.132639
0.598 0.892 0.281327
0.598 0.941 0.662116
0.598 0.99 1.08693
0.647 0.01 1.37464
0.647 0.059 1.04191
0.647 0.108 0.724661
0.647 0.157 0.53207
0.647 0.206 0.352839
0.647 0.255 0.274784
0.647 0.304 0.208837
0.647 0.353 0.0860836
0.647 0.402 0.0309842
0.647 0.451 0.0643078
0.647 0.5 0.100011
0.647 0.549 0.113651
0.647 0.598 0.173735
0.647 0.647 0.160679
0.647 0.696 0.0610222
0.647 0.745 0.0217179
0.647 0.794 0.0647473
0.647 0.843 0.163239
0.647 0.892 0.346228
0.647 0.941 0.814866
0.647 0.99 1.33769
0.696 0.01 1.9802
0.696 0.059 1.50088
0.696 0.108 1.04389
0.696 0.157 0.766455
0.696 0.206 0.50827
0.696 0.255 0.395831
0.696 0.304 0.300833
0.696 0.353 0.124005
0.696 0.402 0.0446332
0.696 0.451 0.0926365
0.696 0.5 0.144067
0.696 0.549 0.163716
0.696 0.598 0.250267
0.696 0.647 0.23146
0.696 0.696 0.0879034
0.696 0.745 0.0312849
0.696 0.794 0.0932695
0.696 0.843 0.235148
0.696 0.892 0.498748
0.696 0.941 1.17383
0.696 0.99 1.92696
0.745 0.01 1.74458
0.745 0.059 1.3223
0.745 0.108 0.919679
0.745 0.157 0.675258
0.745 0.206 0.447793
0.745 0.255 0.348733
0.745 0.304 0.265038
0.745 0.353 0.10925
0.745 0.402 0.0393225
0.745 0.451 0.0816141
0.745 0.5 0.126925
0.745 0.549 0.144236
0.745 0.598 0.220489
0.745 0.647 0.20392
0.745 0.696 0.0774442
0.745 0.745 0.0275625
0.745 0.794 0.0821718
0.745 0.843 0.207169
0.745 0.892 0.439404
0.745 0.941 1.03416
0.745 0.99 1.69768
0.794 0.01 0.821747
0.794 0.059 0.622841
0.794 0.108 0.433195
0.794 0.157 0.318066
0.794 0.206 0.210923
0.794 0.255 0.164263
0.794 0.304 0.12484
0.794 0.353 0.0514599
0.794 0.402 0.018522
0.794 0.451 0.0384425
0.794 0.5 0.0597854
0.794 0.549 0.0679393
0.794 0.598 0.103857
0.794 0.647 0.096052
0.794 0.696 0.0364784
0.794 0.745 0.0129827
0.794 0.794 0.0387052
0.794 0.843 0.0975823
0.794 0.892 0.206972
0.794 0.941 0.487118
0.794 0.99 0.799655
0.843 0.01 1.22485
0.843 0.059 0.928373
0.843 0.108 0.645697
0.843 0.157 0.474092
0.843 0.206 0.314391
0.843 0.255 0.244842
0.843 0.304 0.18608
0.843 0.353 0.0767033
0.843 0.402 0.0276079
0.843 0.451 0.0573004
0.843 0.5 0.089113
0.843 0.549 0.101267
0.843 0.598 0.154803
0.843 0.647 0.14317
0.843 0.696 0.0543727
0.843 0.745 0.0193513
0.843 0.794 0.057692
0.843 0.843 0.145451
0.843 0.892 0.308501
0.843 0.941 0.726072
0.843 0.99 1.19192
0.892 0.01 4.74034
0.892 0.059 3.59292
0.892 0.108 2.49893
0.892 0.157 1.8348
0.892 0.206 1.21673
0.892 0.255 0.947568
0.892 0.304 0.720155
0.892 0.353 0.296852
0.892 0.402 0.106846
0.892 0.451 0.22176
0.892 0.5 0.344879
0.892 0.549 0.391915
0.892 0.598 0.599108
0.892 0.647 0.554086
0.892 0.696 0.210429
0.892 0.745 0.0748921
0.892 0.794 0.223275
0.892 0.843 0.562914
0.892 0.892 1.19394
0.892 0.941 2.80999
0.892 0.99 4.6129
0.941 0.01 15.6765
0.941 0.059 11.8819
0.941 0.108 8.26406
0.941 0.157 6.06774
0.941 0.206 4.02378
0.941 0.255 3.13364
0.941 0.304 2.38158
0.941 0.353 0.9817
0.941 0.402 0.353344
0.941 0.451 0.733368
0.941 0.5 1.14053
0.941 0.549 1.29608
0.941 0.598 1.98127
0.941 0.647 1.83238
0.941 0.696 0.695898
0.941 0.745 0.247671
0.941 0.794 0.73838
0.941 0.843 1.86158
0.941 0.892 3.9484
0.941 0.941 9.29275
0.941 0.99 15.255
0.99 0.01 27.6771
0.99 0.059 20.9778
0.99 0.108 14.5904
0.99 0.157 10.7127
0.99 0.206 7.10406
0.99 0.255 5.53251
0.99 0.304 4.20473
0.99 0.353 1.73321
0.99 0.402 0.623837
0.99 0.451 1.29478
0.99 0.5 2.01362
0.99 0.549 2.28825
0.99 0.598 3.49798
0.99 0.647 3.23511
0.99 0.696 1.22862
0.99 0.745 0.437268
0.99 0.794 1.30362
0.99 0.843 3.28665
0.99 0.892 6.97097
0.99 0.941 16.4065
0.99 0.99 26.933
