0.01 0.01 3.43347
0.01 0.059 2.15759
0.01 0.108 1.11588
0.01 0.157 0.646186
0.01 0.206 0.391046
0.01 0.255 0.580742
0.01 0.304 0.790567
0.01 0.353 0.687559
0.01 0.402 0.712692
0.01 0.451 0.822549
0.01 0.5 0.692357
0.01 0.549 0.692239
0.01 0.598 0.738851
0.01 0.647 0.449524
0.01 0.696 0.195082
0.01 0.745 0.306352
0.01 0.794 0.57703
0.01 0.843 0.765141
0.01 0.892 1.14639
0.01 0.941 2.97058
0.01 0.99 5.09034
0.059 0.01 2.59929
0.059 0.059 1.63339
0.059 0.108 0.844767
0.059 0.157 0.48919
0.059 0.206 0.296039
0.059 0.255 0.439647
0.059 0.304 0.598494
0.059 0.353 0.520512
0.059 0.402 0.539539
0.059 0.451 0.622705
0.059 0.5 0.524144
0.059 0.549 0.524055
0.059 0.598 0.559342
0.059 0.647 0.340309
0.059 0.696 0.147685
0.059 0.745 0.231921
0.059 0.794 0.436836
0.059 0.843 0.579245
0.059 0.892 0.867864
0.059 0.941 2.24886
0.059 0.99 3.85361
0.108 0.01 1.3306
0.108 0.059 0.836149
0.108 0.108 0.432445
0.108 0.157 0.250421
0.108 0.206 0.151545
0.108 0.255 0.22506
0.108 0.304 0.306375
0.108 0.353 0.266455
0.108 0.402 0.276195
0.108 0.451 0.318769
0.108 0.5 0.268315
0.108 0.549 0.268269
0.108 0.598 0.286333
0.108 0.647 0.174207
0.108 0.696 0.0756016
0.108 0.745 0.118723
0.108 0.794 0.223621
0.108 0.843 0.296521
0.108 0.892 0.444268
0.108 0.941 1.15121
0.108 0.99 1.9727
0.157 0.01 1.26294
0.157 0.059 0.793632
0.157 0.108 0.410456
0.157 0.157 0.237688
0.157 0.206 0.143839
0.157 0.255 0.213616
0.157 0.304 0.290796
0.157 0.353 0.252906
0.157 0.402 0.262151
0.157 0.451 0.30256
0.157 0.5 0.254671
0.157 0.549 0.254628
0.157 0.598 0.271773
0.157 0.647 0.165349
0.157 0.696 0.0717574
0.157 0.745 0.112686
0.157 0.794 0.21225
0.157 0.843 0.281444
0.157 0.892 0.421678
0.157 0.941 1.09267
0.157 0.99 1.87239
0.206 0.01 1.99995
0.206 0.059 1.25677
0.206 0.108 0.649982
0.206 0.157 0.376393
0.206 0.206 0.227779
0.206 0.255 0.338274
0.206 0.304 0.460493
0.206 0.353 0.400492
0.206 0.402 0.415132
0.206 0.451 0.479122
0.206 0.5 0.403287
0.206 0.549 0.403219
0.206 0.598 0.430369
0.206 0.647 0.261841
0.206 0.696 0.113632
0.206 0.745 0.178445
0.206 0.794 0.336111
0.206 0.843 0.445683
0.206 0.892 0.667752
0.206 0.941 1.73032
0.206 0.99 2.96505
0.255 0.01 1.85765
0.255 0.059 1.16735
0.255 0.108 0.603736
0.255 0.157 0.349613
0.255 0.206 0.211572
0.255 0.255 0.314206
0.255 0.304 0.427729
0.255 0.353 0.371997
0.255 0.402 0.385596
0.255 0.451 0.445033
0.255 0.5 0.374594
0.255 0.549 0.37453
0.255 0.598 0.399749
0.255 0.647 0.243211
0.255 0.696 0.105547
0.255 0.745 0.165749
0.255 0.794 0.312197
0.255 0.843 0.413973
0.255 0.892 0.620242
0.255 0.941 1.60721
0.255 0.99 2.75409
0.304 0.01 0.791111
0.304 0.059 0.497134
0.304 0.108 0.257111
0.304 0.157 0.148888
0.304 0.206 0.0901015
0.304 0.255 0.13381
0.304 0.304 0.182156
0.304 0.353 0.158421
0.304 0.402 0.164212
0.304 0.451 0.189525
0.304 0.5 0.159527
0.304 0.549 0.1595
0.304 0.598 0.17024
0.304 0.647 0.103575
0.304 0.696 0.0449491
0.304 0.745 0.0705869
0.304 0.794 0.132954
0.304 0.843 0.176297
0.304 0.892 0.26414
0.304 0.941 0.684455
0.304 0.99 1.17287
0.353 0.01 0.165316
0.353 0.059 0.103884
0.353 0.108 0.0537275
0.353 0.157 0.0311127
0.353 0.206 0.0188282
0.353 0.255 0.0279617
0.353 0.304 0.0380644
0.353 0.353 0.0331047
0.353 0.402 0.0343148
0.353 0.451 0.0396042
0.353 0.5 0.0333357
0.353 0.549 0.0333301
0.353 0.598 0.0355743
0.353 0.647 0.0216438
0.353 0.696 0.00939284
0.353 0.745 0.0147503
0.353 0.794 0.0277829
0.353 0.843 0.0368402
0.353 0.892 0.0551964
0.353 0.941 0.143028
0.353 0.99 0.245091
0.402 0.01 0.223873
0.402 0.059 0.140682
0.402 0.108 0.0727586
0.402 0.157 0.0421332
0.402 0.206 0.0254974
0.402 0.255 0.0378661
0.402 0.304 0.0515474
0.402 0.353 0.0448309
0.402 0.402 0.0464697
0.402 0.451 0.0536326
0.402 0.5 0.0451438
0.402 0.549 0.045136
0.402 0.598 0.0481753
0.402 0.647 0.0293103
0.402 0.696 0.0127199
0.402 0.745 0.019975
0.402 0.794 0.0376241
0.402 0.843 0.0498895
0.402 0.892 0.0747478
0.402 0.941 0.193691
0.402 0.99 0.331906
0.451 0.01 0.662491
0.451 0.059 0.416309
0.451 0.108 0.215309
0.451 0.157 0.124682
0.451 0.206 0.0754526
0.451 0.255 0.112055
0.451 0.304 0.15254
0.451 0.353 0.132665
0.451 0.402 0.137514
0.451 0.451 0.158711
0.451 0.5 0.133591
0.451 0.549 0.133568
0.451 0.598 0.142562
0.451 0.647 0.0867359
0.451 0.696 0.0376412
0.451 0.745 0.0591107
0.451 0.794 0.111338
0.451 0.843 0.147634
0.451 0.892 0.221196
0.451 0.941 0.573175
0.451 0.99 0.982185
0.5 0.01 0.888575
0.5 0.059 0.55838
0.5 0.108 0.288787
0.5 0.157 0.167231
0.5 0.206 0.101202
0.5 0.255 0.150295
0.5 0.304 0.204597
0.5 0.353 0.177939
0.5 0.402 0.184443
0.5 0.451 0.212874
0.5 0.5 0.179181
0.5 0.549 0.17915
0.5 0.598 0.191213
0.5 0.647 0.116336
0.5 0.696 0.0504868
0.5 0.745 0.0792831
0.5 0.794 0.149334
0.5 0.843 0.198017
0.5 0.892 0.296682
0.5 0.941 0.768779
0.5 0.99 1.31737
0.549 0.01 1.04938
0.549 0.059 0.659429
0.549 0.108 0.341047
0.549 0.157 0.197495
0.549 0.206 0.119516
0.549 0.255 0.177493
0.549 0.304 0.241622
0.549 0.353 0.21014
0.549 0.402 0.217821
0.549 0.451 0.251397
0.549 0.5 0.211606
0.549 0.549 0.21157
0.549 0.598 0.225816
0.549 0.647 0.137389
0.549 0.696 0.0596232
0.549 0.745 0.0936307
0.549 0.794 0.176359
0.549 0.843 0.233851
0.549 0.892 0.350372
0.549 0.941 0.907903
0.549 0.99 1.55577
0.598 0.01 1.60024
0.598 0.059 1.00559
0.598 0.108 0.520078
0.598 0.157 0.301168
0.598 0.206 0.182255
0.598 0.255 0.270667
0.598 0.304 0.36846
0.598 0.353 0.320451
0.598 0.402 0.332165
0.598 0.451 0.383366
0.598 0.5 0.322687
0.598 0.549 0.322632
0.598 0.598 0.344357
0.598 0.647 0.20951
0.598 0.696 0.0909219
0.598 0.745 0.142781
0.598 0.794 0.268937
0.598 0.843 0.35661
0.598 0.892 0.534297
0.598 0.941 1.3845
0.598 0.99 2.37246
0.647 0.01 1.30007
0.647 0.059 0.816963
0.647 0.108 0.422522
0.647 0.157 0.244675
0.647 0.206 0.148068
0.647 0.255 0.219896
0.647 0.304 0.299345
0.647 0.353 0.260341
0.647 0.402 0.269858
0.647 0.451 0.311454
0.647 0.5 0.262158
0.647 0.549 0.262113
0.647 0.598 0.279763
0.647 0.647 0.17021
0.647 0.696 0.0738669
0.647 0.745 0.115999
0.647 0.794 0.21849
0.647 0.843 0.289717
0.647 0.892 0.434074
0.647 0.941 1.1248
0.647 0.99 1.92744
0.696 0.01 0.549148
0.696 0.059 0.345085
0.696 0.108 0.178473
0.696 0.157 0.103351
0.696 0.206 0.0625438
0.696 0.255 0.0928837
0.696 0.304 0.126443
0.696 0.353 0.109968
0.696 0.402 0.113988
0.696 0.451 0.131558
0.696 0.5 0.110735
0.696 0.549 0.110716
0.696 0.598 0.118172
0.696 0.647 0.0718966
0.696 0.696 0.0312013
0.696 0.745 0.0489977
0.696 0.794 0.0922899
0.696 0.843 0.122376
0.696 0.892 0.183352
0.696 0.941 0.475113
0.696 0.99 0.814148
0.745 0.01 0.825219
0.745 0.059 0.518568
0.745 0.108 0.268196
0.745 0.157 0.155308
0.745 0.206 0.0939862
0.745 0.255 0.139579
0.745 0.304 0.190009
0.745 0.353 0.165252
0.745 0.402 0.171292
0.745 0.451 0.197696
0.745 0.5 0.166405
0.745 0.549 0.166376
0.745 0.598 0.177579
0.745 0.647 0.108041
0.745 0.696 0.046887
0.745 0.745 0.0736302
0.745 0.794 0.138686
0.745 0.843 0.183898
0.745 0.892 0.275529
0.745 0.941 0.713965
0.745 0.99 1.22344
0.794 0.01 2.16217
0.794 0.059 1.35871
0.794 0.108 0.702705
0.794 0.157 0.406924
0.794 0.206 0.246255
0.794 0.255 0.365713
0.794 0.304 0.497846
0.794 0.353 0.432978
0.794 0.402 0.448806
0.794 0.451 0.517986
0.794 0.5 0.436
0.794 0.549 0.435925
0.794 0.598 0.465279
0.794 0.647 0.28308
0.794 0.696 0.122849
0.794 0.745 0.19292
0.794 0.794 0.363375
0.794 0.843 0.481834
0.794 0.892 0.721917
0.794 0.941 1.87067
0.794 0.99 3.20556
0.843 0.01 3.81102
0.843 0.059 2.39484
0.843 0.108 1.23858
0.843 0.157 0.717241
0.843 0.206 0.434046
0.843 0.255 0.644602
0.843 0.304 0.877499
0.843 0.353 0.763163
0.843 0.402 0.791061
0.843 0.451 0.912997
0.843 0.5 0.76849
0.843 0.549 0.768358
0.843 0.598 0.820096
0.843 0.647 0.498954
0.843 0.696 0.216533
0.843 0.745 0.340038
0.843 0.794 0.640481
0.843 0.843 0.849277
0.843 0.892 1.27244
0.843 0.941 3.29723
0.843 0.99 5.65009
0.892 0.01 6.8122
0.892 0.059 4.28078
0.892 0.108 2.21396
0.892 0.157 1.28207
0.892 0.206 0.775857
0.892 0.255 1.15222
0.892 0.304 1.56853
0.892 0.353 1.36415
0.892 0.402 1.41402
0.892 0.451 1.63198
0.892 0.5 1.37367
0.892 0.549 1.37344
0.892 0.598 1.46592
0.892 0.647 0.89188
0.892 0.696 0.387053
0.892 0.745 0.607818
0.892 0.794 1.14486
0.892 0.843 1.51808
0.892 0.892 2.27449
0.892 0.941 5.89379
0.892 0.99 10.0995
0.941 0.01 15.1114
0.941 0.059 9.49602
0.941 0.108 4.91121
0.941 0.157 2.844
0.941 0.206 1.72108
0.941 0.255 2.55597
0.941 0.304 3.47945
0.941 0.353 3.02609
0.941 0.402 3.13671
0.941 0.451 3.62021
0.941 0.5 3.04721
0.941 0.549 3.04669
0.941 0.598 3.25184
0.941 0.647 1.97845
0.941 0.696 0.858597
0.941 0.745 1.34832
0.941 0.794 2.53963
0.941 0.843 3.36755
0.941 0.892 5.04549
0.941 0.941 13.0741
0.941 0.99 22.4037
0.99 0.01 23.9432
0.99 0.059 15.0459
0.99 0.108 7.78153
0.99 0.157 4.50615
0.99 0.206 2.72695
0.99 0.255 4.04979
0.99 0.304 5.51299
0.99 0.353 4.79467
0.99 0.402 4.96993
0.99 0.451 5.73601
0.99 0.5 4.82813
0.99 0.549 4.8273
0.99 0.598 5.15235
0.99 0.647 3.13474
0.99 0.696 1.3604
0.99 0.745 2.13633
0.99 0.794 4.0239
0.99 0.843 5.33568
0.99 0.892 7.99428
0.99 0.941 20.7152
0.99 0.99 35.4973
