0.01 0.01 23.756
0.01 0.059 15.4704
0.01 0.108 7.42963
0.01 0.157 4.5162
0.01 0.206 4.22266
0.01 0.255 3.62618
0.01 0.304 3.10475
0.01 0.353 3.64183
0.01 0.402 3.17837
0.01 0.451 2.13139
0.01 0.5 2.26036
0.01 0.549 2.97967
0.01 0.598 2.72429
0.01 0.647 1.23184
0.01 0.696 0.76774
0.01 0.745 1.63009
0.01 0.794 2.71461
0.01 0.843 3.42451
0.01 0.892 4.43183
0.01 0.941 10.1741
0.01 0.99 17.0074
0.059 0.01 15.6345
0.059 0.059 10.1815
0.059 0.108 4.88965
0.059 0.157 2.97224
0.059 0.206 2.77905
0.059 0.255 2.38649
0.059 0.304 2.04333
0.059 0.353 2.39679
0.059 0.402 2.09178
0.059 0.451 1.40272
0.059 0.5 1.4876
0.059 0.549 1.961
0.059 0.598 1.79293
0.059 0.647 0.810708
0.059 0.696 0.505271
0.059 0.745 1.07281
0.059 0.794 1.78656
0.059 0.843 2.25376
0.059 0.892 2.91671
0.059 0.941 6.69589
0.059 0.99 11.1931
0.108 0.01 7.70164
0.108 0.059 5.01549
0.108 0.108 2.40868
0.108 0.157 1.46414
0.108 0.206 1.36898
0.108 0.255 1.1756
0.108 0.304 1.00656
0.108 0.353 1.18068
0.108 0.402 1.03042
0.108 0.451 0.690992
0.108 0.5 0.732804
0.108 0.549 0.966004
0.108 0.598 0.883211
0.108 0.647 0.39936
0.108 0.696 0.2489
0.108 0.745 0.528473
0.108 0.794 0.880074
0.108 0.843 1.11022
0.108 0.892 1.43679
0.108 0.941 3.29844
0.108 0.99 5.51378
0.157 0.01 4.03243
0.157 0.059 2.62601
0.157 0.108 1.26113
0.157 0.157 0.766597
0.157 0.206 0.716771
0.157 0.255 0.615522
0.157 0.304 0.527013
0.157 0.353 0.618178
0.157 0.402 0.539509
0.157 0.451 0.361789
0.157 0.5 0.383681
0.157 0.549 0.50578
0.157 0.598 0.462431
0.157 0.647 0.209097
0.157 0.696 0.130319
0.157 0.745 0.276698
0.157 0.794 0.460789
0.157 0.843 0.581289
0.157 0.892 0.752276
0.157 0.941 1.727
0.157 0.99 2.8869
0.206 0.01 2.65074
0.206 0.059 1.72622
0.206 0.108 0.829013
0.206 0.157 0.503927
0.206 0.206 0.471173
0.206 0.255 0.404617
0.206 0.304 0.346435
0.206 0.353 0.406363
0.206 0.402 0.354649
0.206 0.451 0.237824
0.206 0.5 0.252215
0.206 0.549 0.332477
0.206 0.598 0.303982
0.206 0.647 0.137451
0.206 0.696 0.0856659
0.206 0.745 0.181889
0.206 0.794 0.302902
0.206 0.843 0.382113
0.206 0.892 0.494513
0.206 0.941 1.13525
0.206 0.99 1.89772
0.255 0.01 2.87178
0.255 0.059 1.87017
0.255 0.108 0.898144
0.255 0.157 0.545948
0.255 0.206 0.510464
0.255 0.255 0.438357
0.255 0.304 0.375323
0.255 0.353 0.440249
0.255 0.402 0.384223
0.255 0.451 0.257656
0.255 0.5 0.273247
0.255 0.549 0.360202
0.255 0.598 0.32933
0.255 0.647 0.148913
0.255 0.696 0.0928095
0.255 0.745 0.197056
0.255 0.794 0.328161
0.255 0.843 0.413977
0.255 0.892 0.535749
0.255 0.941 1.22992
0.255 0.99 2.05597
0.304 0.01 2.54448
0.304 0.059 1.65702
0.304 0.108 0.795782
0.304 0.157 0.483726
0.304 0.206 0.452286
0.304 0.255 0.388398
0.304 0.304 0.332548
0.304 0.353 0.390074
0.304 0.402 0.340433
0.304 0.451 0.228291
0.304 0.5 0.242105
0.304 0.549 0.31915
0.304 0.598 0.291797
0.304 0.647 0.131941
0.304 0.696 0.082232
0.304 0.745 0.174598
0.304 0.794 0.29076
0.304 0.843 0.366796
0.304 0.892 0.47469
0.304 0.941 1.08974
0.304 0.99 1.82165
0.353 0.01 1.11159
0.353 0.059 0.723891
0.353 0.108 0.347647
0.353 0.157 0.211322
0.353 0.206 0.197587
0.353 0.255 0.169676
0.353 0.304 0.145277
0.353 0.353 0.170408
0.353 0.402 0.148722
0.353 0.451 0.0997316
0.353 0.5 0.105766
0.353 0.549 0.139424
0.353 0.598 0.127475
0.353 0.647 0.0576401
0.353 0.696 0.035924
0.353 0.745 0.0762752
0.353 0.794 0.127022
0.353 0.843 0.160239
0.353 0.892 0.207374
0.353 0.941 0.476068
0.353 0.99 0.79581
0.402 0.01 0.387131
0.402 0.059 0.252108
0.402 0.108 0.121074
0.402 0.157 0.0735967
0.402 0.206 0.0688132
0.402 0.255 0.0590928
0.402 0.304 0.0505955
0.402 0.353 0.0593478
0.402 0.402 0.0517952
0.402 0.451 0.0347334
0.402 0.5 0.0368351
0.402 0.549 0.0485571
0.402 0.598 0.0443955
0.402 0.647 0.0200742
0.402 0.696 0.0125112
0.402 0.745 0.0265642
0.402 0.794 0.0442378
0.402 0.843 0.0558063
0.402 0.892 0.0722218
0.402 0.941 0.165799
0.402 0.99 0.277156
0.451 0.01 0.818594
0.451 0.059 0.533087
0.451 0.108 0.256014
0.451 0.157 0.155621
0.451 0.206 0.145507
0.451 0.255 0.124953
0.451 0.304 0.106985
0.451 0.353 0.125492
0.451 0.402 0.109522
0.451 0.451 0.0734443
0.451 0.5 0.0778884
0.451 0.549 0.102675
0.451 0.598 0.0938749
0.451 0.647 0.0424473
0.451 0.696 0.0264551
0.451 0.745 0.0561705
0.451 0.794 0.0935415
0.451 0.843 0.118003
0.451 0.892 0.152714
0.451 0.941 0.350586
0.451 0.99 0.58605
0.5 0.01 1.57772
0.5 0.059 1.02745
0.5 0.108 0.493428
0.5 0.157 0.299937
0.5 0.206 0.280442
0.5 0.255 0.240828
0.5 0.304 0.206198
0.5 0.353 0.241867
0.5 0.402 0.211087
0.5 0.451 0.141553
0.5 0.5 0.150118
0.5 0.549 0.19789
0.5 0.598 0.18093
0.5 0.647 0.0818108
0.5 0.696 0.0509883
0.5 0.745 0.10826
0.5 0.794 0.180287
0.5 0.843 0.227434
0.5 0.892 0.294334
0.5 0.941 0.675701
0.5 0.99 1.12952
0.549 0.01 2.26278
0.549 0.059 1.47358
0.549 0.108 0.707682
0.549 0.157 0.430174
0.549 0.206 0.402214
0.549 0.255 0.345399
0.549 0.304 0.295732
0.549 0.353 0.346889
0.549 0.402 0.302744
0.549 0.451 0.203017
0.549 0.5 0.215302
0.549 0.549 0.283817
0.549 0.598 0.259492
0.549 0.647 0.117334
0.549 0.696 0.0731282
0.549 0.745 0.155268
0.549 0.794 0.25857
0.549 0.843 0.326189
0.549 0.892 0.422137
0.549 0.941 0.9691
0.549 0.99 1.61998
0.598 0.01 2.44446
0.598 0.059 1.59189
0.598 0.108 0.7645
0.598 0.157 0.464711
0.598 0.206 0.434507
0.598 0.255 0.37313
0.598 0.304 0.319475
0.598 0.353 0.37474
0.598 0.402 0.327051
0.598 0.451 0.219317
0.598 0.5 0.232588
0.598 0.549 0.306604
0.598 0.598 0.280326
0.598 0.647 0.126755
0.598 0.696 0.0789995
0.598 0.745 0.167735
0.598 0.794 0.27933
0.598 0.843 0.352378
0.598 0.892 0.45603
0.598 0.941 1.04691
0.598 0.99 1.75004
0.647 0.01 1.28049
0.647 0.059 0.833887
0.647 0.108 0.400472
0.647 0.157 0.243432
0.647 0.206 0.22761
0.647 0.255 0.195459
0.647 0.304 0.167353
0.647 0.353 0.196302
0.647 0.402 0.171321
0.647 0.451 0.114886
0.647 0.5 0.121838
0.647 0.549 0.16061
0.647 0.598 0.146845
0.647 0.647 0.0663986
0.647 0.696 0.0413827
0.647 0.745 0.0878653
0.647 0.794 0.146323
0.647 0.843 0.184588
0.647 0.892 0.238885
0.647 0.941 0.548407
0.647 0.99 0.916735
0.696 0.01 0.313602
0.696 0.059 0.204225
0.696 0.108 0.0980786
0.696 0.157 0.0596183
0.696 0.206 0.0557434
0.696 0.255 0.0478693
0.696 0.304 0.0409859
0.696 0.353 0.0480758
0.696 0.402 0.0419577
0.696 0.451 0.0281364
0.696 0.5 0.029839
0.696 0.549 0.0393346
0.696 0.598 0.0359634
0.696 0.647 0.0162615
0.696 0.696 0.0101349
0.696 0.745 0.0215188
0.696 0.794 0.0358356
0.696 0.843 0.0452069
0.696 0.892 0.0585046
0.696 0.941 0.134309
0.696 0.99 0.224515
0.745 0.01 0.39165
0.745 0.059 0.255052
0.745 0.108 0.122488
0.745 0.157 0.0744559
0.745 0.206 0.0696165
0.745 0.255 0.0597827
0.745 0.304 0.0511862
0.745 0.353 0.0600407
0.745 0.402 0.0523999
0.745 0.451 0.0351389
0.745 0.5 0.0372651
0.745 0.549 0.049124
0.745 0.598 0.0449138
0.745 0.647 0.0203086
0.745 0.696 0.0126573
0.745 0.745 0.0268744
0.745 0.794 0.0447542
0.745 0.843 0.0564578
0.745 0.892 0.073065
0.745 0.941 0.167735
0.745 0.99 0.280391
0.794 0.01 1.32134
0.794 0.059 0.86049
0.794 0.108 0.413248
0.794 0.157 0.251198
0.794 0.206 0.234871
0.794 0.255 0.201694
0.794 0.304 0.172691
0.794 0.353 0.202565
0.794 0.402 0.176786
0.794 0.451 0.118551
0.794 0.5 0.125725
0.794 0.549 0.165734
0.794 0.598 0.151529
0.794 0.647 0.0685169
0.794 0.696 0.0427029
0.794 0.745 0.0906684
0.794 0.794 0.150991
0.794 0.843 0.190477
0.794 0.892 0.246506
0.794 0.941 0.565903
0.794 0.99 0.94598
0.843 0.01 2.64233
0.843 0.059 1.72075
0.843 0.108 0.826386
0.843 0.157 0.502329
0.843 0.206 0.46968
0.843 0.255 0.403334
0.843 0.304 0.345337
0.843 0.353 0.405075
0.843 0.402 0.353525
0.843 0.451 0.23707
0.843 0.5 0.251416
0.843 0.549 0.331423
0.843 0.598 0.303018
0.843 0.647 0.137015
0.843 0.696 0.0853944
0.843 0.745 0.181312
0.843 0.794 0.301942
0.843 0.843 0.380902
0.843 0.892 0.492945
0.843 0.941 1.13165
0.843 0.99 1.89171
0.892 0.01 4.41069
0.892 0.059 2.87234
0.892 0.108 1.37944
0.892 0.157 0.838508
0.892 0.206 0.784008
0.892 0.255 0.673262
0.892 0.304 0.576449
0.892 0.353 0.676167
0.892 0.402 0.590118
0.892 0.451 0.395727
0.892 0.5 0.419673
0.892 0.549 0.553225
0.892 0.598 0.50581
0.892 0.647 0.228711
0.892 0.696 0.142544
0.892 0.745 0.302654
0.892 0.794 0.504014
0.892 0.843 0.635817
0.892 0.892 0.822843
0.892 0.941 1.889
0.892 0.99 3.15771
0.941 0.01 9.60857
0.941 0.059 6.25732
0.941 0.108 3.00506
0.941 0.157 1.82667
0.941 0.206 1.70794
0.941 0.255 1.46668
0.941 0.304 1.25578
0.941 0.353 1.47301
0.941 0.402 1.28556
0.941 0.451 0.862081
0.941 0.5 0.914246
0.941 0.549 1.20519
0.941 0.598 1.10189
0.941 0.647 0.498242
0.941 0.696 0.310528
0.941 0.745 0.659323
0.941 0.794 1.09798
0.941 0.843 1.38511
0.941 0.892 1.79254
0.941 0.941 4.11514
0.941 0.99 6.87899
0.99 0.01 16.1464
0.99 0.059 10.5149
0.99 0.108 5.04975
0.99 0.157 3.06956
0.99 0.206 2.87005
0.99 0.255 2.46463
0.99 0.304 2.11023
0.99 0.353 2.47527
0.99 0.402 2.16027
0.99 0.451 1.44865
0.99 0.5 1.53631
0.99 0.549 2.02521
0.99 0.598 1.85164
0.99 0.647 0.837252
0.99 0.696 0.521815
0.99 0.745 1.10794
0.99 0.794 1.84506
0.99 0.843 2.32756
0.99 0.892 3.01221
0.99 0.941 6.91513
0.99 0.99 11.5596
