0.01 0.01 0.539192
0.01 0.059 0.429052
0.01 0.108 0.328919
0.01 0.157 0.317725
0.01 0.206 0.350087
0.01 0.255 0.334791
0.01 0.304 0.221788
0.01 0.353 0.114436
0.01 0.402 0.0938433
0.01 0.451 0.106779
0.01 0.5 0.0760561
0.01 0.549 0.0252085
0.01 0.598 0.0156162
0.01 0.647 0.0392782
0.01 0.696 0.0590948
0.01 0.745 0.0810367
0.01 0.794 0.0929893
0.01 0.843 0.0537214
0.01 0.892 0.0532651
0.01 0.941 0.184255
0.01 0.99 0.335402
0.059 0.01 0.856318
0.059 0.059 0.681399
0.059 0.108 0.522372
0.059 0.157 0.504596
0.059 0.206 0.55599
0.059 0.255 0.531698
0.059 0.304 0.352232
0.059 0.353 0.181742
0.059 0.402 0.149037
0.059 0.451 0.169581
0.059 0.5 0.120789
0.059 0.549 0.0400349
0.059 0.598 0.0248009
0.059 0.647 0.0623797
0.059 0.696 0.0938515
0.059 0.745 0.128698
0.059 0.794 0.147681
0.059 0.843 0.0853176
0.059 0.892 0.084593
0.059 0.941 0.292624
0.059 0.99 0.532669
0.108 0.01 1.17817
0.108 0.059 0.937505
0.108 0.108 0.718707
0.108 0.157 0.694249
0.108 0.206 0.76496
0.108 0.255 0.731538
0.108 0.304 0.48462
0.108 0.353 0.25005
0.108 0.402 0.205053
0.108 0.451 0.233319
0.108 0.5 0.166187
0.108 0.549 0.0550822
0.108 0.598 0.0341224
0.108 0.647 0.0858252
0.108 0.696 0.129126
0.108 0.745 0.17707
0.108 0.794 0.203187
0.108 0.843 0.117385
0.108 0.892 0.116388
0.108 0.941 0.402608
0.108 0.99 0.732874
0.157 0.01 1.61414
0.157 0.059 1.28442
0.157 0.108 0.984658
0.157 0.157 0.95115
0.157 0.206 1.04803
0.157 0.255 1.00224
0.157 0.304 0.663949
0.157 0.353 0.342578
0.157 0.402 0.280931
0.157 0.451 0.319656
0.157 0.5 0.227683
0.157 0.549 0.0754648
0.157 0.598 0.0467491
0.157 0.647 0.117584
0.157 0.696 0.176908
0.157 0.745 0.242593
0.157 0.794 0.278375
0.157 0.843 0.160822
0.157 0.892 0.159456
0.157 0.941 0.551589
0.157 0.99 1.00407
0.206 0.01 1.46843
0.206 0.059 1.16848
0.206 0.108 0.895774
0.206 0.157 0.865291
0.206 0.206 0.953423
0.206 0.255 0.911766
0.206 0.304 0.604015
0.206 0.353 0.311654
0.206 0.402 0.255572
0.206 0.451 0.290801
0.206 0.5 0.207131
0.206 0.549 0.0686527
0.206 0.598 0.0425291
0.206 0.647 0.10697
0.206 0.696 0.160938
0.206 0.745 0.220695
0.206 0.794 0.253246
0.206 0.843 0.146304
0.206 0.892 0.145062
0.206 0.941 0.501798
0.206 0.99 0.913432
0.255 0.01 1.01382
0.255 0.059 0.806728
0.255 0.108 0.618451
0.255 0.157 0.597405
0.255 0.206 0.658252
0.255 0.255 0.629492
0.255 0.304 0.417018
0.255 0.353 0.215169
0.255 0.402 0.176449
0.255 0.451 0.200772
0.255 0.5 0.143005
0.255 0.549 0.0473985
0.255 0.598 0.0293625
0.255 0.647 0.0738531
0.255 0.696 0.111113
0.255 0.745 0.15237
0.255 0.794 0.174844
0.255 0.843 0.10101
0.255 0.892 0.100152
0.255 0.941 0.346446
0.255 0.99 0.630642
0.304 0.01 2.09383
0.304 0.059 1.66613
0.304 0.108 1.27728
0.304 0.157 1.23381
0.304 0.206 1.35948
0.304 0.255 1.30008
0.304 0.304 0.861262
0.304 0.353 0.444386
0.304 0.402 0.364419
0.304 0.451 0.414652
0.304 0.5 0.295346
0.304 0.549 0.0978915
0.304 0.598 0.0606421
0.304 0.647 0.152528
0.304 0.696 0.229481
0.304 0.745 0.314688
0.304 0.794 0.361103
0.304 0.843 0.208615
0.304 0.892 0.206843
0.304 0.941 0.715511
0.304 0.99 1.30246
0.353 0.01 4.29941
0.353 0.059 3.42117
0.353 0.108 2.62273
0.353 0.157 2.53348
0.353 0.206 2.79152
0.353 0.255 2.66955
0.353 0.304 1.76849
0.353 0.353 0.91249
0.353 0.402 0.748287
0.353 0.451 0.851435
0.353 0.5 0.606456
0.353 0.549 0.201008
0.353 0.598 0.124521
0.353 0.647 0.313196
0.353 0.696 0.47121
0.353 0.745 0.64617
0.353 0.794 0.741477
0.353 0.843 0.428363
0.353 0.892 0.424725
0.353 0.941 1.46921
0.353 0.99 2.67443
0.402 0.01 6.08946
0.402 0.059 4.84557
0.402 0.108 3.7147
0.402 0.157 3.58829
0.402 0.206 3.95376
0.402 0.255 3.78102
0.402 0.304 2.5048
0.402 0.353 1.2924
0.402 0.402 1.05983
0.402 0.451 1.20593
0.402 0.5 0.858952
0.402 0.549 0.284697
0.402 0.598 0.176365
0.402 0.647 0.443595
0.402 0.696 0.667398
0.402 0.745 0.915202
0.402 0.794 1.05019
0.402 0.843 0.606712
0.402 0.892 0.601559
0.402 0.941 2.08091
0.402 0.99 3.78792
0.451 0.01 7.37626
0.451 0.059 5.86952
0.451 0.108 4.49968
0.451 0.157 4.34655
0.451 0.206 4.78926
0.451 0.255 4.58001
0.451 0.304 3.0341
0.451 0.353 1.56551
0.451 0.402 1.2838
0.451 0.451 1.46076
0.451 0.5 1.04046
0.451 0.549 0.344858
0.451 0.598 0.213633
0.451 0.647 0.537334
0.451 0.696 0.80843
0.451 0.745 1.1086
0.451 0.794 1.27211
0.451 0.843 0.73492
0.451 0.892 0.728678
0.451 0.941 2.52064
0.451 0.99 4.58837
0.5 0.01 8.10894
0.5 0.059 6.45254
0.5 0.108 4.94662
0.5 0.157 4.77829
0.5 0.206 5.26497
0.5 0.255 5.03493
0.5 0.304 3.33548
0.5 0.353 1.72101
0.5 0.402 1.41131
0.5 0.451 1.60586
0.5 0.5 1.14381
0.5 0.549 0.379112
0.5 0.598 0.234853
0.5 0.647 0.590707
0.5 0.696 0.88873
0.5 0.745 1.21872
0.5 0.794 1.39847
0.5 0.843 0.807919
0.5 0.892 0.801057
0.5 0.941 2.77102
0.5 0.99 5.04413
0.549 0.01 7.37424
0.549 0.059 5.86792
0.549 0.108 4.49845
0.549 0.157 4.34536
0.549 0.206 4.78795
0.549 0.255 4.57875
0.549 0.304 3.03327
0.549 0.353 1.56508
0.549 0.402 1.28344
0.549 0.451 1.46036
0.549 0.5 1.04018
0.549 0.549 0.344764
0.549 0.598 0.213575
0.549 0.647 0.537187
0.549 0.696 0.808209
0.549 0.745 1.1083
0.549 0.794 1.27176
0.549 0.843 0.734719
0.549 0.892 0.728479
0.549 0.941 2.51995
0.549 0.99 4.58712
0.598 0.01 4.96861
0.598 0.059 3.95368
0.598 0.108 3.03096
0.598 0.157 2.92781
0.598 0.206 3.22602
0.598 0.255 3.08507
0.598 0.304 2.04375
0.598 0.353 1.05452
0.598 0.402 0.864758
0.598 0.451 0.98396
0.598 0.5 0.70085
0.598 0.549 0.232294
0.598 0.598 0.143902
0.598 0.647 0.361945
0.598 0.696 0.544554
0.598 0.745 0.746746
0.598 0.794 0.856888
0.598 0.843 0.495038
0.598 0.892 0.490834
0.598 0.941 1.69789
0.598 0.99 3.0907
0.647 0.01 2.68179
0.647 0.059 2.13399
0.647 0.108 1.63595
0.647 0.157 1.58028
0.647 0.206 1.74123
0.647 0.255 1.66516
0.647 0.304 1.10311
0.647 0.353 0.569174
0.647 0.402 0.466751
0.647 0.451 0.53109
0.647 0.5 0.378282
0.647 0.549 0.12538
0.647 0.598 0.0776709
0.647 0.647 0.195359
0.647 0.696 0.293922
0.647 0.745 0.403054
0.647 0.794 0.462503
0.647 0.843 0.267195
0.647 0.892 0.264926
0.647 0.941 0.916432
0.647 0.99 1.6682
0.696 0.01 2.12401
0.696 0.059 1.69014
0.696 0.108 1.29569
0.696 0.157 1.2516
0.696 0.206 1.37908
0.696 0.255 1.31882
0.696 0.304 0.873675
0.696 0.353 0.450791
0.696 0.402 0.369671
0.696 0.451 0.420629
0.696 0.5 0.299603
0.696 0.549 0.0993025
0.696 0.598 0.0615161
0.696 0.647 0.154726
0.696 0.696 0.232789
0.696 0.745 0.319223
0.696 0.794 0.366307
0.696 0.843 0.211622
0.696 0.892 0.209824
0.696 0.941 0.725824
0.696 0.99 1.32123
0.745 0.01 1.89687
0.745 0.059 1.5094
0.745 0.108 1.15713
0.745 0.157 1.11775
0.745 0.206 1.2316
0.745 0.255 1.17779
0.745 0.304 0.780244
0.745 0.353 0.402583
0.745 0.402 0.330139
0.745 0.451 0.375646
0.745 0.5 0.267564
0.745 0.549 0.088683
0.745 0.598 0.0549376
0.745 0.647 0.13818
0.745 0.696 0.207894
0.745 0.745 0.285085
0.745 0.794 0.327134
0.745 0.843 0.188991
0.745 0.892 0.187386
0.745 0.941 0.648204
0.745 0.99 1.17994
0.794 0.01 1.15136
0.794 0.059 0.916176
0.794 0.108 0.702356
0.794 0.157 0.678455
0.794 0.206 0.747557
0.794 0.255 0.714895
0.794 0.304 0.473594
0.794 0.353 0.244361
0.794 0.402 0.200388
0.794 0.451 0.228011
0.794 0.5 0.162406
0.794 0.549 0.053829
0.794 0.598 0.0333461
0.794 0.647 0.0838727
0.794 0.696 0.126188
0.794 0.745 0.173042
0.794 0.794 0.198565
0.794 0.843 0.114714
0.794 0.892 0.11374
0.794 0.941 0.393448
0.794 0.99 0.716201
0.843 0.01 1.13783
0.843 0.059 0.905411
0.843 0.108 0.694104
0.843 0.157 0.670483
0.843 0.206 0.738773
0.843 0.255 0.706495
0.843 0.304 0.468029
0.843 0.353 0.24149
0.843 0.402 0.198034
0.843 0.451 0.225332
0.843 0.5 0.160498
0.843 0.549 0.0531965
0.843 0.598 0.0329543
0.843 0.647 0.0828871
0.843 0.696 0.124705
0.843 0.745 0.171008
0.843 0.794 0.196231
0.843 0.843 0.113366
0.843 0.892 0.112403
0.843 0.941 0.388825
0.843 0.99 0.707786
0.892 0.01 1.92014
0.892 0.059 1.52792
0.892 0.108 1.17133
0.892 0.157 1.13147
0.892 0.206 1.24671
0.892 0.255 1.19224
0.892 0.304 0.789817
0.892 0.353 0.407523
0.892 0.402 0.334189
0.892 0.451 0.380256
0.892 0.5 0.270847
0.892 0.549 0.0897711
0.892 0.598 0.0556116
0.892 0.647 0.139875
0.892 0.696 0.210445
0.892 0.745 0.288583
0.892 0.794 0.331148
0.892 0.843 0.19131
0.892 0.892 0.189685
0.892 0.941 0.656157
0.892 0.99 1.19442
0.941 0.01 2.72215
0.941 0.059 2.1661
0.941 0.108 1.66057
0.941 0.157 1.60406
0.941 0.206 1.76744
0.941 0.255 1.69022
0.941 0.304 1.11971
0.941 0.353 0.577739
0.941 0.402 0.473775
0.941 0.451 0.539082
0.941 0.5 0.383975
0.941 0.549 0.127267
0.941 0.598 0.0788398
0.941 0.647 0.198299
0.941 0.696 0.298345
0.941 0.745 0.40912
0.941 0.794 0.469463
0.941 0.843 0.271217
0.941 0.892 0.268913
0.941 0.941 0.930224
0.941 0.99 1.6933
0.99 0.01 3.06821
0.99 0.059 2.44147
0.99 0.108 1.87167
0.99 0.157 1.80798
0.99 0.206 1.99213
0.99 0.255 1.90509
0.99 0.304 1.26206
0.99 0.353 0.651185
0.99 0.402 0.534004
0.99 0.451 0.607614
0.99 0.5 0.432788
0.99 0.549 0.143446
0.99 0.598 0.0888624
0.99 0.647 0.223508
0.99 0.696 0.336272
0.99 0.745 0.46113
0.99 0.794 0.529145
0.99 0.843 0.305695
0.99 0.892 0.303099
0.99 0.941 1.04848
0.99 0.99 1.90857
