0.01 0.01 65.6961
0.01 0.059 38.1947
0.01 0.108 14.6104
0.01 0.157 8.91532
0.01 0.206 7.93674
0.01 0.255 6.54524
0.01 0.304 3.67254
0.01 0.353 1.34294
0.01 0.402 1.42027
0.01 0.451 1.83113
0.01 0.5 1.24753
0.01 0.549 1.83639
0.01 0.598 3.52901
0.01 0.647 2.87565
0.01 0.696 0.900386
0.01 0.745 0.107924
0.01 0.794 0.00570499
0.01 0.843 0.0265451
0.01 0.892 0.355131
0.01 0.941 1.82445
0.01 0.99 3.58751
0.059 0.01 37.4735
0.059 0.059 21.7865
0.059 0.108 8.33389
0.059 0.157 5.08536
0.059 0.206 4.52717
0.059 0.255 3.73345
0.059 0.304 2.09484
0.059 0.353 0.766023
0.059 0.402 0.81013
0.059 0.451 1.04449
0.059 0.5 0.711602
0.059 0.549 1.04749
0.059 0.598 2.01297
0.059 0.647 1.64029
0.059 0.696 0.513587
0.059 0.745 0.0615608
0.059 0.794 0.00325417
0.059 0.843 0.0151415
0.059 0.892 0.202569
0.059 0.941 1.04068
0.059 0.99 2.04634
0.108 0.01 13.1988
0.108 0.059 7.6736
0.108 0.108 2.93535
0.108 0.157 1.79116
0.108 0.206 1.59455
0.108 0.255 1.31499
0.108 0.304 0.737841
0.108 0.353 0.269807
0.108 0.402 0.285342
0.108 0.451 0.367889
0.108 0.5 0.250639
0.108 0.549 0.368945
0.108 0.598 0.709005
0.108 0.647 0.577741
0.108 0.696 0.180894
0.108 0.745 0.0216828
0.108 0.794 0.00114618
0.108 0.843 0.00533312
0.108 0.892 0.0713485
0.108 0.941 0.366546
0.108 0.99 0.720757
0.157 0.01 7.40041
0.157 0.059 4.30248
0.157 0.108 1.64581
0.157 0.157 1.00428
0.157 0.206 0.894042
0.157 0.255 0.737295
0.157 0.304 0.413697
0.157 0.353 0.151277
0.157 0.402 0.159987
0.157 0.451 0.20627
0.157 0.5 0.14053
0.157 0.549 0.206862
0.157 0.598 0.397529
0.157 0.647 0.323931
0.157 0.696 0.101425
0.157 0.745 0.0121573
0.157 0.794 0.000642645
0.157 0.843 0.0029902
0.157 0.892 0.0400041
0.157 0.941 0.205517
0.157 0.99 0.404118
0.206 0.01 4.48518
0.206 0.059 2.60761
0.206 0.108 0.997478
0.206 0.157 0.608664
0.206 0.206 0.541854
0.206 0.255 0.446854
0.206 0.304 0.25073
0.206 0.353 0.0916848
0.206 0.402 0.096964
0.206 0.451 0.125015
0.206 0.5 0.0851713
0.206 0.549 0.125373
0.206 0.598 0.240931
0.206 0.647 0.196326
0.206 0.696 0.0614709
0.206 0.745 0.00736818
0.206 0.794 0.000389489
0.206 0.843 0.00181228
0.206 0.892 0.0242454
0.206 0.941 0.124558
0.206 0.99 0.244925
0.255 0.01 1.4207
0.255 0.059 0.825975
0.255 0.108 0.315956
0.255 0.157 0.192797
0.255 0.206 0.171635
0.255 0.255 0.141543
0.255 0.304 0.0794202
0.255 0.353 0.0290416
0.255 0.402 0.0307138
0.255 0.451 0.039599
0.255 0.5 0.0269784
0.255 0.549 0.0397127
0.255 0.598 0.0763162
0.255 0.647 0.0621872
0.255 0.696 0.0194712
0.255 0.745 0.00233391
0.255 0.794 0.000123373
0.255 0.843 0.000574049
0.255 0.892 0.00767985
0.255 0.941 0.0394545
0.255 0.99 0.0775813
0.304 0.01 0.844688
0.304 0.059 0.491088
0.304 0.108 0.187854
0.304 0.157 0.114629
0.304 0.206 0.102047
0.304 0.255 0.0841554
0.304 0.304 0.0472197
0.304 0.353 0.0172669
0.304 0.402 0.0182611
0.304 0.451 0.0235438
0.304 0.5 0.0160402
0.304 0.549 0.0236114
0.304 0.598 0.0453742
0.304 0.647 0.0369737
0.304 0.696 0.0115767
0.304 0.745 0.00138764
0.304 0.794 7.33519e-05
0.304 0.843 0.000341304
0.304 0.892 0.0045661
0.304 0.941 0.0234579
0.304 0.99 0.0461264
0.353 0.01 2.00745
0.353 0.059 1.1671
0.353 0.108 0.446446
0.353 0.157 0.272423
0.353 0.206 0.24252
0.353 0.255 0.200001
0.353 0.304 0.112221
0.353 0.353 0.0410358
0.353 0.402 0.0433986
0.353 0.451 0.0559534
0.353 0.5 0.0381205
0.353 0.549 0.0561139
0.353 0.598 0.107835
0.353 0.647 0.0878704
0.353 0.696 0.0275128
0.353 0.745 0.00329781
0.353 0.794 0.000174326
0.353 0.843 0.000811131
0.353 0.892 0.0108516
0.353 0.941 0.0557491
0.353 0.99 0.109622
0.402 0.01 2.44402
0.402 0.059 1.42091
0.402 0.108 0.543535
0.402 0.157 0.331667
0.402 0.206 0.295262
0.402 0.255 0.243495
0.402 0.304 0.136625
0.402 0.353 0.0499599
0.402 0.402 0.0528366
0.402 0.451 0.0681217
0.402 0.5 0.0464107
0.402 0.549 0.0683172
0.402 0.598 0.131286
0.402 0.647 0.10698
0.402 0.696 0.0334961
0.402 0.745 0.00401499
0.402 0.794 0.000212236
0.402 0.843 0.000987529
0.402 0.892 0.0132115
0.402 0.941 0.067873
0.402 0.99 0.133462
0.451 0.01 2.53748
0.451 0.059 1.47525
0.451 0.108 0.56432
0.451 0.157 0.34435
0.451 0.206 0.306552
0.451 0.255 0.252806
0.451 0.304 0.14185
0.451 0.353 0.0518704
0.451 0.402 0.0548571
0.451 0.451 0.0707266
0.451 0.5 0.0481854
0.451 0.549 0.0709296
0.451 0.598 0.136306
0.451 0.647 0.111071
0.451 0.696 0.0347769
0.451 0.745 0.00416852
0.451 0.794 0.000220352
0.451 0.843 0.00102529
0.451 0.892 0.0137167
0.451 0.941 0.0704684
0.451 0.99 0.138566
0.5 0.01 4.3547
0.5 0.059 2.53176
0.5 0.108 0.968461
0.5 0.157 0.590957
0.5 0.206 0.526091
0.5 0.255 0.433855
0.5 0.304 0.243436
0.5 0.353 0.0890176
0.5 0.402 0.0941432
0.5 0.451 0.121378
0.5 0.5 0.0826936
0.5 0.549 0.121726
0.5 0.598 0.233922
0.5 0.647 0.190614
0.5 0.696 0.0596826
0.5 0.745 0.00715383
0.5 0.794 0.000378159
0.5 0.843 0.00175956
0.5 0.892 0.0235401
0.5 0.941 0.120935
0.5 0.99 0.2378
0.549 0.01 4.24496
0.549 0.059 2.46795
0.549 0.108 0.944054
0.549 0.157 0.576064
0.549 0.206 0.512833
0.549 0.255 0.422921
0.549 0.304 0.237302
0.549 0.353 0.0867742
0.549 0.402 0.0917707
0.549 0.451 0.118319
0.549 0.5 0.0806096
0.549 0.549 0.118658
0.549 0.598 0.228027
0.549 0.647 0.185811
0.549 0.696 0.0581785
0.549 0.745 0.00697354
0.549 0.794 0.000368629
0.549 0.843 0.00171522
0.549 0.892 0.0229468
0.549 0.941 0.117887
0.549 0.99 0.231807
0.598 0.01 1.6352
0.598 0.059 0.950678
0.598 0.108 0.363658
0.598 0.157 0.221905
0.598 0.206 0.197548
0.598 0.255 0.162913
0.598 0.304 0.0914108
0.598 0.353 0.0334262
0.598 0.402 0.0353509
0.598 0.451 0.0455775
0.598 0.5 0.0310516
0.598 0.549 0.0457083
0.598 0.598 0.0878382
0.598 0.647 0.071576
0.598 0.696 0.0224109
0.598 0.745 0.00268627
0.598 0.794 0.000141999
0.598 0.843 0.000660717
0.598 0.892 0.00883933
0.598 0.941 0.0454112
0.598 0.99 0.0892942
0.647 0.01 0.26289
0.647 0.059 0.15284
0.647 0.108 0.0584651
0.647 0.157 0.0356755
0.647 0.206 0.0317596
0.647 0.255 0.0261914
0.647 0.304 0.014696
0.647 0.353 0.00537391
0.647 0.402 0.00568334
0.647 0.451 0.00732747
0.647 0.5 0.00499213
0.647 0.549 0.00734849
0.647 0.598 0.0141217
0.647 0.647 0.0115072
0.647 0.696 0.00360299
0.647 0.745 0.00043187
0.647 0.794 2.28291e-05
0.647 0.843 0.000106223
0.647 0.892 0.00142109
0.647 0.941 0.00730072
0.647 0.99 0.0143558
0.696 0.01 0.28375
0.696 0.059 0.164968
0.696 0.108 0.0631043
0.696 0.157 0.0385064
0.696 0.206 0.0342798
0.696 0.255 0.0282697
0.696 0.304 0.0158622
0.696 0.353 0.00580033
0.696 0.402 0.00613431
0.696 0.451 0.0079089
0.696 0.5 0.00538826
0.696 0.549 0.0079316
0.696 0.598 0.0152422
0.696 0.647 0.0124203
0.696 0.696 0.00388888
0.696 0.745 0.000466139
0.696 0.794 2.46406e-05
0.696 0.843 0.000114652
0.696 0.892 0.00153386
0.696 0.941 0.00788003
0.696 0.99 0.0154949
0.745 0.01 1.32666
0.745 0.059 0.771301
0.745 0.108 0.295042
0.745 0.157 0.180035
0.745 0.206 0.160274
0.745 0.255 0.132174
0.745 0.304 0.0741631
0.745 0.353 0.0271193
0.745 0.402 0.0286808
0.745 0.451 0.0369778
0.745 0.5 0.0251926
0.745 0.549 0.0370839
0.745 0.598 0.0712646
0.745 0.647 0.0580708
0.745 0.696 0.0181823
0.745 0.745 0.00217942
0.745 0.794 0.000115206
0.745 0.843 0.000536051
0.745 0.892 0.00717149
0.745 0.941 0.0368428
0.745 0.99 0.0724459
0.794 0.01 2.86808
0.794 0.059 1.66745
0.794 0.108 0.637843
0.794 0.157 0.389214
0.794 0.206 0.346492
0.794 0.255 0.285744
0.794 0.304 0.160331
0.794 0.353 0.0586284
0.794 0.402 0.0620042
0.794 0.451 0.0799413
0.794 0.5 0.0544633
0.794 0.549 0.0801708
0.794 0.598 0.154065
0.794 0.647 0.125542
0.794 0.696 0.0393079
0.794 0.745 0.00471163
0.794 0.794 0.000249061
0.794 0.843 0.00115887
0.794 0.892 0.0155039
0.794 0.941 0.0796495
0.794 0.99 0.156619
0.843 0.01 4.39138
0.843 0.059 2.55308
0.843 0.108 0.976616
0.843 0.157 0.595934
0.843 0.206 0.530522
0.843 0.255 0.437509
0.843 0.304 0.245487
0.843 0.353 0.0897672
0.843 0.402 0.094936
0.843 0.451 0.1224
0.843 0.5 0.08339
0.843 0.549 0.122751
0.843 0.598 0.235892
0.843 0.647 0.19222
0.843 0.696 0.0601852
0.843 0.745 0.00721408
0.843 0.794 0.000381343
0.843 0.843 0.00177438
0.843 0.892 0.0237383
0.843 0.941 0.121953
0.843 0.99 0.239803
0.892 0.01 8.45737
0.892 0.059 4.91698
0.892 0.108 1.88087
0.892 0.157 1.14771
0.892 0.206 1.02173
0.892 0.255 0.8426
0.892 0.304 0.472783
0.892 0.353 0.172883
0.892 0.402 0.182838
0.892 0.451 0.235731
0.892 0.5 0.160601
0.892 0.549 0.236407
0.892 0.598 0.454306
0.892 0.647 0.370196
0.892 0.696 0.115911
0.892 0.745 0.0138936
0.892 0.794 0.00073443
0.892 0.843 0.00341728
0.892 0.892 0.0457177
0.892 0.941 0.23487
0.892 0.99 0.461836
0.941 0.01 20.1193
0.941 0.059 11.6971
0.941 0.108 4.47442
0.941 0.157 2.7303
0.941 0.206 2.43061
0.941 0.255 2.00447
0.941 0.304 1.12471
0.941 0.353 0.411273
0.941 0.402 0.434954
0.941 0.451 0.560782
0.941 0.5 0.382055
0.941 0.549 0.562391
0.941 0.598 1.08075
0.941 0.647 0.880664
0.941 0.696 0.275742
0.941 0.745 0.0330517
0.941 0.794 0.00174714
0.941 0.843 0.0081294
0.941 0.892 0.108758
0.941 0.941 0.558735
0.941 0.99 1.09867
0.99 0.01 33.7764
0.99 0.059 19.6371
0.99 0.108 7.51167
0.99 0.157 4.58364
0.99 0.206 4.08052
0.99 0.255 3.36511
0.99 0.304 1.88817
0.99 0.353 0.690447
0.99 0.402 0.730203
0.99 0.451 0.941443
0.99 0.5 0.641396
0.99 0.549 0.944145
0.99 0.598 1.81437
0.99 0.647 1.47846
0.99 0.696 0.462916
0.99 0.745 0.0554873
0.99 0.794 0.00293311
0.99 0.843 0.0136477
0.99 0.892 0.182584
0.99 0.941 0.938006
0.99 0.99 1.84445
