0.01 0.01 1.64258e-63
0.01 0.059 7.01147e-61
0.01 0.108 1.21781e-58
0.01 0.157 8.11433e-57
0.01 0.206 2.08783e-55
0.01 0.255 2.1275e-54
0.01 0.304 9.39654e-54
0.01 0.353 2.30051e-53
0.01 0.402 4.29627e-53
0.01 0.451 6.54868e-53
0.01 0.5 8.12981e-53
0.01 0.549 1.01188e-52
0.01 0.598 1.24467e-52
0.01 0.647 1.12174e-52
0.01 0.696 8.72511e-53
0.01 0.745 7.06771e-53
0.01 0.794 4.84598e-53
0.01 0.843 3.2071e-53
0.01 0.892 1.81331e-53
0.01 0.941 1.45614e-53
0.01 0.99 2.14683e-53
0.059 0.01 3.79493e-57
0.059 0.059 1.61989e-54
0.059 0.108 2.81355e-52
0.059 0.157 1.87469e-50
0.059 0.206 4.82361e-49
0.059 0.255 4.91525e-48
0.059 0.304 2.17092e-47
0.059 0.353 5.31497e-47
0.059 0.402 9.92584e-47
0.059 0.451 1.51297e-46
0.059 0.5 1.87826e-46
0.059 0.549 2.33779e-46
0.059 0.598 2.87561e-46
0.059 0.647 2.59159e-46
0.059 0.696 2.0158e-46
0.059 0.745 1.63288e-46
0.059 0.794 1.11959e-46
0.059 0.843 7.40949e-47
0.059 0.892 4.18937e-47
0.059 0.941 3.36418e-47
0.059 0.99 4.95991e-47
0.108 0.01 3.36213e-51
0.108 0.059 1.43515e-48
0.108 0.108 2.49268e-46
0.108 0.157 1.66088e-44
0.108 0.206 4.27349e-43
0.108 0.255 4.35468e-42
0.108 0.304 1.92333e-41
0.108 0.353 4.70881e-41
0.108 0.402 8.79384e-41
0.108 0.451 1.34042e-40
0.108 0.5 1.66405e-40
0.108 0.549 2.07117e-40
0.108 0.598 2.54766e-40
0.108 0.647 2.29603e-40
0.108 0.696 1.7859e-40
0.108 0.745 1.44666e-40
0.108 0.794 9.91901e-41
0.108 0.843 6.56447e-41
0.108 0.892 3.71159e-41
0.108 0.941 2.9805e-41
0.108 0.99 4.39425e-41
0.157 0.01 1.14006e-45
0.157 0.059 4.86643e-43
0.157 0.108 8.45241e-41
0.157 0.157 5.63189e-39
0.157 0.206 1.4491e-37
0.157 0.255 1.47663e-36
0.157 0.304 6.52183e-36
0.157 0.353 1.59671e-35
0.157 0.402 2.9819e-35
0.157 0.451 4.54522e-35
0.157 0.5 5.64263e-35
0.157 0.549 7.02313e-35
0.157 0.598 8.63885e-35
0.157 0.647 7.78561e-35
0.157 0.696 6.05581e-35
0.157 0.745 4.90547e-35
0.157 0.794 3.36344e-35
0.157 0.843 2.22594e-35
0.157 0.892 1.25856e-35
0.157 0.941 1.01066e-35
0.157 0.99 1.49005e-35
0.206 0.01 1.47961e-40
0.206 0.059 6.31583e-38
0.206 0.108 1.09698e-35
0.206 0.157 7.30927e-34
0.206 0.206 1.88069e-32
0.206 0.255 1.91642e-31
0.206 0.304 8.46426e-31
0.206 0.353 2.07227e-30
0.206 0.402 3.87002e-30
0.206 0.451 5.89895e-30
0.206 0.5 7.32321e-30
0.206 0.549 9.11486e-30
0.206 0.598 1.12118e-29
0.206 0.647 1.01044e-29
0.206 0.696 7.85945e-30
0.206 0.745 6.36648e-30
0.206 0.794 4.36519e-30
0.206 0.843 2.88891e-30
0.206 0.892 1.63341e-30
0.206 0.941 1.31167e-30
0.206 0.99 1.93383e-30
0.255 0.01 7.34979e-36
0.255 0.059 3.1373e-33
0.255 0.108 5.44912e-31
0.255 0.157 3.63078e-29
0.255 0.206 9.34207e-28
0.255 0.255 9.51956e-27
0.255 0.304 4.20451e-26
0.255 0.353 1.02937e-25
0.255 0.402 1.92238e-25
0.255 0.451 2.93022e-25
0.255 0.5 3.63771e-25
0.255 0.549 4.52769e-25
0.255 0.598 5.56932e-25
0.255 0.647 5.01924e-25
0.255 0.696 3.90408e-25
0.255 0.745 3.16247e-25
0.255 0.794 2.16835e-25
0.255 0.843 1.43503e-25
0.255 0.892 8.11373e-26
0.255 0.941 6.51554e-26
0.255 0.99 9.60606e-26
0.304 0.01 1.39738e-31
0.304 0.059 5.96479e-29
0.304 0.108 1.03601e-26
0.304 0.157 6.90301e-25
0.304 0.206 1.77616e-23
0.304 0.255 1.8099e-22
0.304 0.304 7.99381e-22
0.304 0.353 1.95709e-21
0.304 0.402 3.65492e-21
0.304 0.451 5.57108e-21
0.304 0.5 6.91618e-21
0.304 0.549 8.60825e-21
0.304 0.598 1.05886e-20
0.304 0.647 9.54282e-21
0.304 0.696 7.42261e-21
0.304 0.745 6.01263e-21
0.304 0.794 4.12257e-21
0.304 0.843 2.72834e-21
0.304 0.892 1.54262e-21
0.304 0.941 1.23876e-21
0.304 0.99 1.82635e-21
0.353 0.01 1.0169e-27
0.353 0.059 4.34072e-25
0.353 0.108 7.53931e-23
0.353 0.157 5.02349e-21
0.353 0.206 1.29255e-19
0.353 0.255 1.31711e-18
0.353 0.304 5.81729e-18
0.353 0.353 1.42422e-17
0.353 0.402 2.65977e-17
0.353 0.451 4.05421e-17
0.353 0.5 5.03307e-17
0.353 0.549 6.26443e-17
0.353 0.598 7.70561e-17
0.353 0.647 6.94454e-17
0.353 0.696 5.40161e-17
0.353 0.745 4.37554e-17
0.353 0.794 3.00009e-17
0.353 0.843 1.98548e-17
0.353 0.892 1.1226e-17
0.353 0.941 9.01479e-18
0.353 0.99 1.32908e-17
0.402 0.01 2.83282e-24
0.402 0.059 1.20921e-21
0.402 0.108 2.10025e-19
0.402 0.157 1.39941e-17
0.402 0.206 3.60071e-16
0.402 0.255 3.66912e-15
0.402 0.304 1.62054e-14
0.402 0.353 3.9675e-14
0.402 0.402 7.40941e-14
0.402 0.451 1.12939e-13
0.402 0.5 1.40208e-13
0.402 0.549 1.7451e-13
0.402 0.598 2.14658e-13
0.402 0.647 1.93456e-13
0.402 0.696 1.50475e-13
0.402 0.745 1.21891e-13
0.402 0.794 8.35745e-14
0.402 0.843 5.53101e-14
0.402 0.892 3.12727e-14
0.402 0.941 2.51128e-14
0.402 0.99 3.70246e-14
0.451 0.01 3.02173e-21
0.451 0.059 1.28985e-18
0.451 0.108 2.24031e-16
0.451 0.157 1.49273e-14
0.451 0.206 3.84083e-13
0.451 0.255 3.9138e-12
0.451 0.304 1.72861e-11
0.451 0.353 4.23208e-11
0.451 0.402 7.90352e-11
0.451 0.451 1.20471e-10
0.451 0.5 1.49558e-10
0.451 0.549 1.86148e-10
0.451 0.598 2.28973e-10
0.451 0.647 2.06357e-10
0.451 0.696 1.60509e-10
0.451 0.745 1.30019e-10
0.451 0.794 8.91478e-11
0.451 0.843 5.89986e-11
0.451 0.892 3.33581e-11
0.451 0.941 2.67875e-11
0.451 0.99 3.94936e-11
0.5 0.01 1.23521e-18
0.5 0.059 5.27256e-16
0.5 0.108 9.15781e-14
0.5 0.157 6.1019e-12
0.5 0.206 1.57003e-10
0.5 0.255 1.59986e-09
0.5 0.304 7.06611e-09
0.5 0.353 1.72996e-08
0.5 0.402 3.23075e-08
0.5 0.451 4.92454e-08
0.5 0.5 6.11354e-08
0.5 0.549 7.60924e-08
0.5 0.598 9.35981e-08
0.5 0.647 8.43535e-08
0.5 0.696 6.5612e-08
0.5 0.745 5.31485e-08
0.5 0.794 3.64413e-08
0.5 0.843 2.41171e-08
0.5 0.892 1.3636e-08
0.5 0.941 1.095e-08
0.5 0.99 1.6144e-08
0.549 0.01 1.93932e-16
0.549 0.059 8.2781e-14
0.549 0.108 1.43781e-11
0.549 0.157 9.58019e-10
0.549 0.206 2.465e-08
0.549 0.255 2.51183e-07
0.549 0.304 1.1094e-06
0.549 0.353 2.7161e-06
0.549 0.402 5.0724e-06
0.549 0.451 7.7317e-06
0.549 0.5 9.59847e-06
0.549 0.549 1.19468e-05
0.549 0.598 1.46952e-05
0.549 0.647 1.32438e-05
0.549 0.696 1.03013e-05
0.549 0.745 8.3445e-06
0.549 0.794 5.72141e-06
0.549 0.843 3.78647e-06
0.549 0.892 2.14089e-06
0.549 0.941 1.71919e-06
0.549 0.99 2.53466e-06
0.598 0.01 1.17682e-14
0.598 0.059 5.02333e-12
0.598 0.108 8.72493e-10
0.598 0.157 5.81347e-08
0.598 0.206 1.49582e-06
0.598 0.255 1.52424e-05
0.598 0.304 6.7321e-05
0.598 0.353 0.000164819
0.598 0.402 0.000307804
0.598 0.451 0.000469176
0.598 0.5 0.000582456
0.598 0.549 0.000724956
0.598 0.598 0.000891738
0.598 0.647 0.000803662
0.598 0.696 0.000625106
0.598 0.745 0.000506362
0.598 0.794 0.000347188
0.598 0.843 0.000229771
0.598 0.892 0.000129914
0.598 0.941 0.000104324
0.598 0.99 0.000153809
0.647 0.01 2.80814e-13
0.647 0.059 1.19867e-10
0.647 0.108 2.08195e-08
0.647 0.157 1.38722e-06
0.647 0.206 3.56934e-05
0.647 0.255 0.000363715
0.647 0.304 0.00160642
0.647 0.353 0.00393294
0.647 0.402 0.00734486
0.647 0.451 0.0111956
0.647 0.5 0.0138986
0.647 0.549 0.017299
0.647 0.598 0.0212788
0.647 0.647 0.0191771
0.647 0.696 0.0149164
0.647 0.745 0.0120829
0.647 0.794 0.00828464
0.647 0.843 0.00548283
0.647 0.892 0.00310002
0.647 0.941 0.0024894
0.647 0.99 0.0036702
0.696 0.01 2.7585e-12
0.696 0.059 1.17748e-09
0.696 0.108 2.04515e-07
0.696 0.157 1.36269e-05
0.696 0.206 0.000350624
0.696 0.255 0.00357286
0.696 0.304 0.0157803
0.696 0.353 0.0386341
0.696 0.402 0.0721502
0.696 0.451 0.109976
0.696 0.5 0.136529
0.696 0.549 0.169932
0.696 0.598 0.209026
0.696 0.647 0.188381
0.696 0.696 0.146527
0.696 0.745 0.118693
0.696 0.794 0.0813819
0.696 0.843 0.053859
0.696 0.892 0.0304522
0.696 0.941 0.0244539
0.696 0.99 0.0360532
0.745 0.01 1.24729e-11
0.745 0.059 5.32414e-09
0.745 0.108 9.2474e-07
0.745 0.157 6.1616e-05
0.745 0.206 0.00158539
0.745 0.255 0.0161551
0.745 0.304 0.0713524
0.745 0.353 0.174689
0.745 0.402 0.326236
0.745 0.451 0.497272
0.745 0.5 0.617335
0.745 0.549 0.768369
0.745 0.598 0.945138
0.745 0.647 0.851788
0.745 0.696 0.662539
0.745 0.745 0.536685
0.745 0.794 0.367978
0.745 0.843 0.24353
0.745 0.892 0.137694
0.745 0.941 0.110572
0.745 0.99 0.163019
0.794 0.01 3.24728e-11
0.794 0.059 1.38612e-08
0.794 0.108 2.40753e-06
0.794 0.157 0.000160415
0.794 0.206 0.0041275
0.794 0.255 0.0420592
0.794 0.304 0.185763
0.794 0.353 0.454796
0.794 0.402 0.849343
0.794 0.451 1.29463
0.794 0.5 1.60721
0.794 0.549 2.00042
0.794 0.598 2.46063
0.794 0.647 2.2176
0.794 0.696 1.72489
0.794 0.745 1.39724
0.794 0.794 0.958017
0.794 0.843 0.634022
0.794 0.892 0.35848
0.794 0.941 0.287869
0.794 0.99 0.424414
0.843 0.01 6.52197e-11
0.843 0.059 2.78394e-08
0.843 0.108 4.83538e-06
0.843 0.157 0.000322184
0.843 0.206 0.00828986
0.843 0.255 0.0844735
0.843 0.304 0.373095
0.843 0.353 0.913432
0.843 0.402 1.70586
0.843 0.451 2.60019
0.843 0.5 3.22799
0.843 0.549 4.01773
0.843 0.598 4.94203
0.843 0.647 4.45392
0.843 0.696 3.46435
0.843 0.745 2.80627
0.843 0.794 1.92412
0.843 0.843 1.2734
0.843 0.892 0.719986
0.843 0.941 0.578168
0.843 0.99 0.852412
0.892 0.01 1.27208e-10
0.892 0.059 5.42996e-08
0.892 0.108 9.43119e-06
0.892 0.157 0.000628406
0.892 0.206 0.016169
0.892 0.255 0.164762
0.892 0.304 0.727705
0.892 0.353 1.78161
0.892 0.402 3.3272
0.892 0.451 5.07155
0.892 0.5 6.29605
0.892 0.549 7.8364
0.892 0.598 9.63922
0.892 0.647 8.68717
0.892 0.696 6.75707
0.892 0.745 5.47351
0.892 0.794 3.75292
0.892 0.843 2.48371
0.892 0.892 1.4043
0.892 0.941 1.12769
0.892 0.99 1.66259
0.941 0.01 2.70502e-10
0.941 0.059 1.15465e-07
0.941 0.108 2.00549e-05
0.941 0.157 0.00133627
0.941 0.206 0.0343826
0.941 0.255 0.350358
0.941 0.304 1.54743
0.941 0.353 3.7885
0.941 0.402 7.07512
0.941 0.451 10.7844
0.941 0.5 13.3882
0.941 0.549 16.6637
0.941 0.598 20.4973
0.941 0.647 18.4728
0.941 0.696 14.3686
0.941 0.745 11.6391
0.941 0.794 7.98039
0.941 0.843 5.28147
0.941 0.892 2.98618
0.941 0.941 2.39798
0.941 0.99 3.53542
0.99 0.01 4.26165e-10
0.99 0.059 1.81911e-07
0.99 0.108 3.15958e-05
0.99 0.157 0.00210525
0.99 0.206 0.0541684
0.99 0.255 0.551976
0.99 0.304 2.43791
0.99 0.353 5.96864
0.99 0.402 11.1466
0.99 0.451 16.9904
0.99 0.5 21.0926
0.99 0.549 26.253
0.99 0.598 32.2928
0.99 0.647 29.1032
0.99 0.696 22.6371
0.99 0.745 18.337
0.99 0.794 12.5728
0.99 0.843 8.32076
0.99 0.892 4.70461
0.99 0.941 3.77793
0.99 0.99 5.56992
