0.01 0.01 2.41733e-85
0.01 0.059 3.98514e-77
0.01 0.108 2.51541e-69
0.01 0.157 6.07773e-62
0.01 0.206 5.62137e-55
0.01 0.255 1.99027e-48
0.01 0.304 2.69743e-42
0.01 0.353 1.39945e-36
0.01 0.402 2.77929e-31
0.01 0.451 2.1129e-26
0.01 0.5 6.14886e-22
0.01 0.549 6.84984e-18
0.01 0.598 2.92103e-14
0.01 0.647 4.76829e-11
0.01 0.696 2.97961e-08
0.01 0.745 7.12734e-06
0.01 0.794 0.000652628
0.01 0.843 0.0228757
0.01 0.892 0.306941
0.01 0.941 1.57655
0.01 0.99 3.09977
0.059 0.01 7.46541e-85
0.059 0.059 1.23072e-76
0.059 0.108 7.76828e-69
0.059 0.157 1.87697e-61
0.059 0.206 1.73604e-54
0.059 0.255 6.14651e-48
0.059 0.304 8.33041e-42
0.059 0.353 4.32189e-36
0.059 0.402 8.58321e-31
0.059 0.451 6.52523e-26
0.059 0.5 1.89894e-21
0.059 0.549 2.11542e-17
0.059 0.598 9.02097e-14
0.059 0.647 1.47258e-10
0.059 0.696 9.20188e-08
0.059 0.745 2.20112e-05
0.059 0.794 0.0020155
0.059 0.843 0.0706467
0.059 0.892 0.947921
0.059 0.941 4.86882
0.059 0.99 9.57295
0.108 0.01 1.51131e-84
0.108 0.059 2.49149e-76
0.108 0.108 1.57262e-68
0.108 0.157 3.79977e-61
0.108 0.206 3.51446e-54
0.108 0.255 1.24431e-47
0.108 0.304 1.68642e-41
0.108 0.353 8.74929e-36
0.108 0.402 1.7376e-30
0.108 0.451 1.32098e-25
0.108 0.5 3.84424e-21
0.108 0.549 4.28249e-17
0.108 0.598 1.82622e-13
0.108 0.647 2.98112e-10
0.108 0.696 1.86284e-07
0.108 0.745 4.45598e-05
0.108 0.794 0.0040802
0.108 0.843 0.143018
0.108 0.892 1.91898
0.108 0.941 9.8565
0.108 0.99 19.3796
0.157 0.01 1.57916e-84
0.157 0.059 2.60335e-76
0.157 0.108 1.64323e-68
0.157 0.157 3.97037e-61
0.157 0.206 3.67224e-54
0.157 0.255 1.30017e-47
0.157 0.304 1.76213e-41
0.157 0.353 9.1421e-36
0.157 0.402 1.81561e-30
0.157 0.451 1.38028e-25
0.157 0.5 4.01684e-21
0.157 0.549 4.47476e-17
0.157 0.598 1.90821e-13
0.157 0.647 3.11496e-10
0.157 0.696 1.94648e-07
0.157 0.745 4.65604e-05
0.157 0.794 0.00426339
0.157 0.843 0.149439
0.157 0.892 2.00514
0.157 0.941 10.299
0.157 0.99 20.2497
0.206 0.01 1.13456e-84
0.206 0.059 1.87039e-76
0.206 0.108 1.18059e-68
0.206 0.157 2.85253e-61
0.206 0.206 2.63834e-54
0.206 0.255 9.34116e-48
0.206 0.304 1.26602e-41
0.206 0.353 6.56819e-36
0.206 0.402 1.30443e-30
0.206 0.451 9.91673e-26
0.206 0.5 2.88592e-21
0.206 0.549 3.21492e-17
0.206 0.598 1.37096e-13
0.206 0.647 2.23796e-10
0.206 0.696 1.39846e-07
0.206 0.745 3.34516e-05
0.206 0.794 0.00306306
0.206 0.843 0.107365
0.206 0.892 1.4406
0.206 0.941 7.39939
0.206 0.99 14.5485
0.255 0.01 9.91881e-85
0.255 0.059 1.63518e-76
0.255 0.108 1.03212e-68
0.255 0.157 2.49381e-61
0.255 0.206 2.30656e-54
0.255 0.255 8.16647e-48
0.255 0.304 1.10681e-41
0.255 0.353 5.74222e-36
0.255 0.402 1.1404e-30
0.255 0.451 8.66965e-26
0.255 0.5 2.523e-21
0.255 0.549 2.81063e-17
0.255 0.598 1.19856e-13
0.255 0.647 1.95653e-10
0.255 0.696 1.22259e-07
0.255 0.745 2.92449e-05
0.255 0.794 0.00267786
0.255 0.843 0.0938637
0.255 0.892 1.25944
0.255 0.941 6.46888
0.255 0.99 12.719
0.304 0.01 8.4863e-85
0.304 0.059 1.39902e-76
0.304 0.108 8.83059e-69
0.304 0.157 2.13365e-61
0.304 0.206 1.97344e-54
0.304 0.255 6.98704e-48
0.304 0.304 9.46959e-42
0.304 0.353 4.9129e-36
0.304 0.402 9.75696e-31
0.304 0.451 7.41755e-26
0.304 0.5 2.15862e-21
0.304 0.549 2.40471e-17
0.304 0.598 1.02546e-13
0.304 0.647 1.67396e-10
0.304 0.696 1.04602e-07
0.304 0.745 2.50212e-05
0.304 0.794 0.00229112
0.304 0.843 0.0803075
0.304 0.892 1.07755
0.304 0.941 5.53462
0.304 0.99 10.882
0.353 0.01 6.29079e-85
0.353 0.059 1.03708e-76
0.353 0.108 6.54601e-69
0.353 0.157 1.58165e-61
0.353 0.206 1.46289e-54
0.353 0.255 5.17941e-48
0.353 0.304 7.01969e-42
0.353 0.353 3.64188e-36
0.353 0.402 7.23272e-31
0.353 0.451 5.49854e-26
0.353 0.5 1.60016e-21
0.353 0.549 1.78258e-17
0.353 0.598 7.6016e-14
0.353 0.647 1.24088e-10
0.353 0.696 7.75404e-08
0.353 0.745 1.85479e-05
0.353 0.794 0.00169838
0.353 0.843 0.059531
0.353 0.892 0.798774
0.353 0.941 4.10275
0.353 0.99 8.06673
0.402 0.01 7.05102e-85
0.402 0.059 1.16241e-76
0.402 0.108 7.33708e-69
0.402 0.157 1.77279e-61
0.402 0.206 1.63967e-54
0.402 0.255 5.80533e-48
0.402 0.304 7.86801e-42
0.402 0.353 4.08199e-36
0.402 0.402 8.10678e-31
0.402 0.451 6.16303e-26
0.402 0.5 1.79353e-21
0.402 0.549 1.998e-17
0.402 0.598 8.52023e-14
0.402 0.647 1.39084e-10
0.402 0.696 8.6911e-08
0.402 0.745 2.07894e-05
0.402 0.794 0.00190362
0.402 0.843 0.0667252
0.402 0.892 0.895304
0.402 0.941 4.59856
0.402 0.99 9.04157
0.451 0.01 7.58746e-85
0.451 0.059 1.25084e-76
0.451 0.108 7.89529e-69
0.451 0.157 1.90766e-61
0.451 0.206 1.76442e-54
0.451 0.255 6.247e-48
0.451 0.304 8.46661e-42
0.451 0.353 4.39255e-36
0.451 0.402 8.72354e-31
0.451 0.451 6.63191e-26
0.451 0.5 1.92999e-21
0.451 0.549 2.15001e-17
0.451 0.598 9.16846e-14
0.451 0.647 1.49666e-10
0.451 0.696 9.35232e-08
0.451 0.745 2.23711e-05
0.451 0.794 0.00204845
0.451 0.843 0.0718017
0.451 0.892 0.963418
0.451 0.941 4.94842
0.451 0.99 9.72946
0.5 0.01 4.45545e-85
0.5 0.059 7.34511e-77
0.5 0.108 4.63621e-69
0.5 0.157 1.1202e-61
0.5 0.206 1.03609e-54
0.5 0.255 3.66831e-48
0.5 0.304 4.97169e-42
0.5 0.353 2.57936e-36
0.5 0.402 5.12257e-31
0.5 0.451 3.89434e-26
0.5 0.5 1.13331e-21
0.5 0.549 1.26251e-17
0.5 0.598 5.38383e-14
0.5 0.647 8.78856e-11
0.5 0.696 5.4918e-08
0.5 0.745 1.31366e-05
0.5 0.794 0.00120287
0.5 0.843 0.0421628
0.5 0.892 0.565731
0.5 0.941 2.90577
0.5 0.99 5.71326
0.549 0.01 1.95092e-85
0.549 0.059 3.21622e-77
0.549 0.108 2.03007e-69
0.549 0.157 4.90505e-62
0.549 0.206 4.53675e-55
0.549 0.255 1.60625e-48
0.549 0.304 2.17697e-42
0.549 0.353 1.12943e-36
0.549 0.402 2.24303e-31
0.549 0.451 1.70522e-26
0.549 0.5 4.96246e-22
0.549 0.549 5.52819e-18
0.549 0.598 2.35743e-14
0.549 0.647 3.84827e-11
0.549 0.696 2.40471e-08
0.549 0.745 5.75214e-06
0.549 0.794 0.000526706
0.549 0.843 0.0184619
0.549 0.892 0.247718
0.549 0.941 1.27236
0.549 0.99 2.50168
0.598 0.01 3.11763e-85
0.598 0.059 5.13963e-77
0.598 0.108 3.24412e-69
0.598 0.157 7.83844e-62
0.598 0.206 7.24988e-55
0.598 0.255 2.56685e-48
0.598 0.304 3.47887e-42
0.598 0.353 1.80487e-36
0.598 0.402 3.58444e-31
0.598 0.451 2.72501e-26
0.598 0.5 7.93018e-22
0.598 0.549 8.83423e-18
0.598 0.598 3.76725e-14
0.598 0.647 6.14966e-11
0.598 0.696 3.8428e-08
0.598 0.745 9.19212e-06
0.598 0.794 0.000841694
0.598 0.843 0.0295028
0.598 0.892 0.395862
0.598 0.941 2.03327
0.598 0.99 3.99777
0.647 0.01 5.52565e-85
0.647 0.059 9.10939e-77
0.647 0.108 5.74983e-69
0.647 0.157 1.38927e-61
0.647 0.206 1.28496e-54
0.647 0.255 4.54944e-48
0.647 0.304 6.16589e-42
0.647 0.353 3.19892e-36
0.647 0.402 6.35301e-31
0.647 0.451 4.82976e-26
0.647 0.5 1.40553e-21
0.647 0.549 1.56577e-17
0.647 0.598 6.67702e-14
0.647 0.647 1.08996e-10
0.647 0.696 6.81092e-08
0.647 0.745 1.6292e-05
0.647 0.794 0.0014918
0.647 0.843 0.0522903
0.647 0.892 0.701619
0.647 0.941 3.60373
0.647 0.99 7.08558
0.696 0.01 7.20062e-85
0.696 0.059 1.18707e-76
0.696 0.108 7.49276e-69
0.696 0.157 1.8104e-61
0.696 0.206 1.67446e-54
0.696 0.255 5.9285e-48
0.696 0.304 8.03495e-42
0.696 0.353 4.1686e-36
0.696 0.402 8.27878e-31
0.696 0.451 6.29379e-26
0.696 0.5 1.83159e-21
0.696 0.549 2.04039e-17
0.696 0.598 8.70101e-14
0.696 0.647 1.42035e-10
0.696 0.696 8.87551e-08
0.696 0.745 2.12305e-05
0.696 0.794 0.00194401
0.696 0.843 0.068141
0.696 0.892 0.9143
0.696 0.941 4.69613
0.696 0.99 9.23342
0.745 0.01 5.67997e-85
0.745 0.059 9.3638e-77
0.745 0.108 5.91041e-69
0.745 0.157 1.42807e-61
0.745 0.206 1.32084e-54
0.745 0.255 4.6765e-48
0.745 0.304 6.33809e-42
0.745 0.353 3.28826e-36
0.745 0.402 6.53043e-31
0.745 0.451 4.96464e-26
0.745 0.5 1.44479e-21
0.745 0.549 1.60949e-17
0.745 0.598 6.8635e-14
0.745 0.647 1.1204e-10
0.745 0.696 7.00114e-08
0.745 0.745 1.6747e-05
0.745 0.794 0.00153347
0.745 0.843 0.0537507
0.745 0.892 0.721214
0.745 0.941 3.70438
0.745 0.99 7.28346
0.794 0.01 3.54851e-85
0.794 0.059 5.84995e-77
0.794 0.108 3.69248e-69
0.794 0.157 8.92176e-62
0.794 0.206 8.25185e-55
0.794 0.255 2.9216e-48
0.794 0.304 3.95967e-42
0.794 0.353 2.05431e-36
0.794 0.402 4.07983e-31
0.794 0.451 3.10162e-26
0.794 0.5 9.02618e-22
0.794 0.549 1.00552e-17
0.794 0.598 4.28791e-14
0.794 0.647 6.99958e-11
0.794 0.696 4.3739e-08
0.794 0.745 1.04625e-05
0.794 0.794 0.000958021
0.794 0.843 0.0335803
0.794 0.892 0.450572
0.794 0.941 2.31428
0.794 0.99 4.55028
0.843 0.01 5.9088e-85
0.843 0.059 9.74105e-77
0.843 0.108 6.14852e-69
0.843 0.157 1.48561e-61
0.843 0.206 1.37406e-54
0.843 0.255 4.8649e-48
0.843 0.304 6.59344e-42
0.843 0.353 3.42073e-36
0.843 0.402 6.79353e-31
0.843 0.451 5.16466e-26
0.843 0.5 1.50299e-21
0.843 0.549 1.67434e-17
0.843 0.598 7.14001e-14
0.843 0.647 1.16553e-10
0.843 0.696 7.2832e-08
0.843 0.745 1.74217e-05
0.843 0.794 0.00159525
0.843 0.843 0.0559162
0.843 0.892 0.75027
0.843 0.941 3.85362
0.843 0.99 7.5769
0.892 0.01 1.6235e-84
0.892 0.059 2.67645e-76
0.892 0.108 1.68937e-68
0.892 0.157 4.08186e-61
0.892 0.206 3.77536e-54
0.892 0.255 1.33668e-47
0.892 0.304 1.81162e-41
0.892 0.353 9.39882e-36
0.892 0.402 1.86659e-30
0.892 0.451 1.41904e-25
0.892 0.5 4.12963e-21
0.892 0.549 4.60042e-17
0.892 0.598 1.96179e-13
0.892 0.647 3.20243e-10
0.892 0.696 2.00113e-07
0.892 0.745 4.78679e-05
0.892 0.794 0.00438311
0.892 0.843 0.153636
0.892 0.892 2.06145
0.892 0.941 10.5882
0.892 0.99 20.8183
0.941 0.01 4.75308e-84
0.941 0.059 7.83577e-76
0.941 0.108 4.94591e-68
0.941 0.157 1.19503e-60
0.941 0.206 1.1053e-53
0.941 0.255 3.91336e-47
0.941 0.304 5.30381e-41
0.941 0.353 2.75166e-35
0.941 0.402 5.46476e-30
0.941 0.451 4.15449e-25
0.941 0.5 1.20902e-20
0.941 0.549 1.34685e-16
0.941 0.598 5.74347e-13
0.941 0.647 9.37564e-10
0.941 0.696 5.85866e-07
0.941 0.745 0.000140141
0.941 0.794 0.0128323
0.941 0.843 0.449794
0.941 0.892 6.03523
0.941 0.941 30.9988
0.941 0.99 60.9491
0.99 0.01 8.22543e-84
0.99 0.059 1.35602e-75
0.99 0.108 8.55915e-68
0.99 0.157 2.06806e-60
0.99 0.206 1.91278e-53
0.99 0.255 6.77226e-47
0.99 0.304 9.1785e-41
0.99 0.353 4.76188e-35
0.99 0.402 9.45704e-30
0.99 0.451 7.18954e-25
0.99 0.5 2.09227e-20
0.99 0.549 2.33079e-16
0.99 0.598 9.93936e-13
0.99 0.647 1.6225e-09
0.99 0.696 1.01387e-06
0.99 0.745 0.000242521
0.99 0.794 0.0222069
0.99 0.843 0.77839
0.99 0.892 10.4442
0.99 0.941 53.6449
0.99 0.99 105.475
