0.01 0.01 3.66754
0.01 0.059 2.18862
0.01 0.108 0.712549
0.01 0.157 0.393808
0.01 0.206 0.53451
0.01 0.255 0.731146
0.01 0.304 0.68998
0.01 0.353 0.317927
0.01 0.402 0.209164
0.01 0.451 0.414881
0.01 0.5 0.649129
0.01 0.549 0.793066
0.01 0.598 0.586604
0.01 0.647 0.478989
0.01 0.696 0.802711
0.01 0.745 0.953826
0.01 0.794 0.783581
0.01 0.843 1.07713
0.01 0.892 2.28573
0.01 0.941 5.19848
0.01 0.99 8.16915
0.059 0.01 2.2824
0.059 0.059 1.36203
0.059 0.108 0.443436
0.059 0.157 0.245076
0.059 0.206 0.332638
0.059 0.255 0.45501
0.059 0.304 0.429391
0.059 0.353 0.197854
0.059 0.402 0.130168
0.059 0.451 0.258191
0.059 0.5 0.403968
0.059 0.549 0.493544
0.059 0.598 0.365057
0.059 0.647 0.298086
0.059 0.696 0.499546
0.059 0.745 0.593588
0.059 0.794 0.487641
0.059 0.843 0.670321
0.059 0.892 1.42246
0.059 0.941 3.23514
0.059 0.99 5.08386
0.108 0.01 1.09546
0.108 0.059 0.653719
0.108 0.108 0.212831
0.108 0.157 0.117626
0.108 0.206 0.159653
0.108 0.255 0.218386
0.108 0.304 0.20609
0.108 0.353 0.0949616
0.108 0.402 0.0624753
0.108 0.451 0.123921
0.108 0.5 0.193888
0.108 0.549 0.236881
0.108 0.598 0.175213
0.108 0.647 0.143069
0.108 0.696 0.239762
0.108 0.745 0.284898
0.108 0.794 0.234048
0.108 0.843 0.321727
0.108 0.892 0.682723
0.108 0.941 1.55273
0.108 0.99 2.44004
0.157 0.01 0.933529
0.157 0.059 0.557088
0.157 0.108 0.181371
0.157 0.157 0.100239
0.157 0.206 0.136053
0.157 0.255 0.186105
0.157 0.304 0.175626
0.157 0.353 0.0809246
0.157 0.402 0.0532403
0.157 0.451 0.105603
0.157 0.5 0.165228
0.157 0.549 0.201866
0.157 0.598 0.149313
0.157 0.647 0.121921
0.157 0.696 0.204321
0.157 0.745 0.242785
0.157 0.794 0.199451
0.157 0.843 0.27417
0.157 0.892 0.581805
0.157 0.941 1.32321
0.157 0.99 2.07936
0.206 0.01 1.18448
0.206 0.059 0.706843
0.206 0.108 0.230127
0.206 0.157 0.127185
0.206 0.206 0.172627
0.206 0.255 0.236133
0.206 0.304 0.222838
0.206 0.353 0.102679
0.206 0.402 0.0675523
0.206 0.451 0.133991
0.206 0.5 0.209644
0.206 0.549 0.256131
0.206 0.598 0.189451
0.206 0.647 0.154696
0.206 0.696 0.259246
0.206 0.745 0.30805
0.206 0.794 0.253068
0.206 0.843 0.347872
0.206 0.892 0.738204
0.206 0.941 1.67892
0.206 0.99 2.63833
0.255 0.01 1.43864
0.255 0.059 0.858513
0.255 0.108 0.279506
0.255 0.157 0.154476
0.255 0.206 0.209668
0.255 0.255 0.286801
0.255 0.304 0.270653
0.255 0.353 0.124711
0.255 0.402 0.0820472
0.255 0.451 0.162742
0.255 0.5 0.254628
0.255 0.549 0.311089
0.255 0.598 0.230102
0.255 0.647 0.187889
0.255 0.696 0.314873
0.255 0.745 0.374149
0.255 0.794 0.307369
0.255 0.843 0.422515
0.255 0.892 0.896603
0.255 0.941 2.03916
0.255 0.99 3.20444
0.304 0.01 0.867199
0.304 0.059 0.517505
0.304 0.108 0.168484
0.304 0.157 0.0931168
0.304 0.206 0.126386
0.304 0.255 0.172881
0.304 0.304 0.163147
0.304 0.353 0.0751747
0.304 0.402 0.0494574
0.304 0.451 0.0980997
0.304 0.5 0.153488
0.304 0.549 0.187522
0.304 0.598 0.138704
0.304 0.647 0.113258
0.304 0.696 0.189803
0.304 0.745 0.225534
0.304 0.794 0.18528
0.304 0.843 0.254689
0.304 0.892 0.540466
0.304 0.941 1.22919
0.304 0.99 1.93162
0.353 0.01 0.321212
0.353 0.059 0.191685
0.353 0.108 0.0624067
0.353 0.157 0.0344906
0.353 0.206 0.0468137
0.353 0.255 0.0640355
0.353 0.304 0.0604301
0.353 0.353 0.0278448
0.353 0.402 0.0183191
0.353 0.451 0.0363363
0.353 0.5 0.0568523
0.353 0.549 0.0694586
0.353 0.598 0.0513761
0.353 0.647 0.041951
0.353 0.696 0.0703033
0.353 0.745 0.0835383
0.353 0.794 0.0686279
0.353 0.843 0.0943373
0.353 0.892 0.200189
0.353 0.941 0.455295
0.353 0.99 0.715473
0.402 0.01 0.561822
0.402 0.059 0.33527
0.402 0.108 0.109154
0.402 0.157 0.0603265
0.402 0.206 0.0818804
0.402 0.255 0.112003
0.402 0.304 0.105696
0.402 0.353 0.0487026
0.402 0.402 0.0320414
0.402 0.451 0.0635548
0.402 0.5 0.0994387
0.402 0.549 0.121488
0.402 0.598 0.0898605
0.402 0.647 0.0733753
0.402 0.696 0.122966
0.402 0.745 0.146114
0.402 0.794 0.120035
0.402 0.843 0.165003
0.402 0.892 0.350145
0.402 0.941 0.796344
0.402 0.99 1.25141
0.451 0.01 1.24917
0.451 0.059 0.745451
0.451 0.108 0.242696
0.451 0.157 0.134132
0.451 0.206 0.182056
0.451 0.255 0.249031
0.451 0.304 0.235009
0.451 0.353 0.108287
0.451 0.402 0.071242
0.451 0.451 0.14131
0.451 0.5 0.221095
0.451 0.549 0.270121
0.451 0.598 0.199799
0.451 0.647 0.163145
0.451 0.696 0.273406
0.451 0.745 0.324876
0.451 0.794 0.26689
0.451 0.843 0.366873
0.451 0.892 0.778525
0.451 0.941 1.77062
0.451 0.99 2.78244
0.5 0.01 1.78515
0.5 0.059 1.0653
0.5 0.108 0.346828
0.5 0.157 0.191683
0.5 0.206 0.260169
0.5 0.255 0.35588
0.5 0.304 0.335843
0.5 0.353 0.154749
0.5 0.402 0.101809
0.5 0.451 0.201941
0.5 0.5 0.315959
0.5 0.549 0.386019
0.5 0.598 0.285525
0.5 0.647 0.233145
0.5 0.696 0.390714
0.5 0.745 0.464268
0.5 0.794 0.381403
0.5 0.843 0.524284
0.5 0.892 1.11256
0.5 0.941 2.53033
0.5 0.99 3.97628
0.549 0.01 2.13933
0.549 0.059 1.27665
0.549 0.108 0.41564
0.549 0.157 0.229713
0.549 0.206 0.311787
0.549 0.255 0.426488
0.549 0.304 0.402475
0.549 0.353 0.185451
0.549 0.402 0.122008
0.549 0.451 0.242006
0.549 0.5 0.378646
0.549 0.549 0.462606
0.549 0.598 0.342174
0.549 0.647 0.279401
0.549 0.696 0.468232
0.549 0.745 0.55638
0.549 0.794 0.457074
0.549 0.843 0.628303
0.549 0.892 1.3333
0.549 0.941 3.03235
0.549 0.99 4.76518
0.598 0.01 4.26895
0.598 0.059 2.54752
0.598 0.108 0.829394
0.598 0.157 0.458385
0.598 0.206 0.62216
0.598 0.255 0.851041
0.598 0.304 0.803124
0.598 0.353 0.370062
0.598 0.402 0.243464
0.598 0.451 0.482915
0.598 0.5 0.755575
0.598 0.549 0.923115
0.598 0.598 0.682796
0.598 0.647 0.557535
0.598 0.696 0.934341
0.598 0.745 1.11024
0.598 0.794 0.912075
0.598 0.843 1.25376
0.598 0.892 2.66055
0.598 0.941 6.05094
0.598 0.99 9.50875
0.647 0.01 7.87304
0.647 0.059 4.69828
0.647 0.108 1.52962
0.647 0.157 0.84538
0.647 0.206 1.14742
0.647 0.255 1.56954
0.647 0.304 1.48117
0.647 0.353 0.682489
0.647 0.402 0.449009
0.647 0.451 0.890618
0.647 0.5 1.39347
0.647 0.549 1.70246
0.647 0.598 1.25925
0.647 0.647 1.02824
0.647 0.696 1.72317
0.647 0.745 2.04756
0.647 0.794 1.6821
0.647 0.843 2.31225
0.647 0.892 4.90673
0.647 0.941 11.1595
0.647 0.99 17.5366
0.696 0.01 8.14626
0.696 0.059 4.86132
0.696 0.108 1.5827
0.696 0.157 0.874717
0.696 0.206 1.18724
0.696 0.255 1.62401
0.696 0.304 1.53257
0.696 0.353 0.706173
0.696 0.402 0.464592
0.696 0.451 0.921526
0.696 0.5 1.44183
0.696 0.549 1.76154
0.696 0.598 1.30295
0.696 0.647 1.06392
0.696 0.696 1.78296
0.696 0.745 2.11862
0.696 0.794 1.74047
0.696 0.843 2.39249
0.696 0.892 5.07701
0.696 0.941 11.5468
0.696 0.99 18.1451
0.745 0.01 5.58426
0.745 0.059 3.33243
0.745 0.108 1.08494
0.745 0.157 0.599618
0.745 0.206 0.813855
0.745 0.255 1.11326
0.745 0.304 1.05058
0.745 0.353 0.484081
0.745 0.402 0.318477
0.745 0.451 0.631706
0.745 0.5 0.988375
0.745 0.549 1.20754
0.745 0.598 0.893173
0.745 0.647 0.729318
0.745 0.696 1.22222
0.745 0.745 1.45231
0.745 0.794 1.19309
0.745 0.843 1.64005
0.745 0.892 3.48029
0.745 0.941 7.9153
0.745 0.99 12.4385
0.794 0.01 4.08088
0.794 0.059 2.43528
0.794 0.108 0.792854
0.794 0.157 0.43819
0.794 0.206 0.594751
0.794 0.255 0.813548
0.794 0.304 0.767742
0.794 0.353 0.353758
0.794 0.402 0.232738
0.794 0.451 0.461639
0.794 0.5 0.722287
0.794 0.549 0.882446
0.794 0.598 0.652715
0.794 0.647 0.532972
0.794 0.696 0.893178
0.794 0.745 1.06132
0.794 0.794 0.871893
0.794 0.843 1.19852
0.794 0.892 2.54333
0.794 0.941 5.78436
0.794 0.99 9.08983
0.843 0.01 3.43391
0.843 0.059 2.0492
0.843 0.108 0.667158
0.843 0.157 0.368721
0.843 0.206 0.500461
0.843 0.255 0.68457
0.843 0.304 0.646026
0.843 0.353 0.297674
0.843 0.402 0.19584
0.843 0.451 0.388452
0.843 0.5 0.607778
0.843 0.549 0.742545
0.843 0.598 0.549235
0.843 0.647 0.448476
0.843 0.696 0.751576
0.843 0.745 0.893065
0.843 0.794 0.733665
0.843 0.843 1.00851
0.843 0.892 2.14012
0.843 0.941 4.86732
0.843 0.99 7.64875
0.892 0.01 2.27714
0.892 0.059 1.3589
0.892 0.108 0.442415
0.892 0.157 0.244511
0.892 0.206 0.331873
0.892 0.255 0.453962
0.892 0.304 0.428402
0.892 0.353 0.197398
0.892 0.402 0.129868
0.892 0.451 0.257596
0.892 0.5 0.403038
0.892 0.549 0.492407
0.892 0.598 0.364217
0.892 0.647 0.2974
0.892 0.696 0.498396
0.892 0.745 0.592222
0.892 0.794 0.486518
0.892 0.843 0.668778
0.892 0.892 1.41919
0.892 0.941 3.22769
0.892 0.99 5.07215
0.941 0.01 1.41757
0.941 0.059 0.845944
0.941 0.108 0.275414
0.941 0.157 0.152214
0.941 0.206 0.206598
0.941 0.255 0.282602
0.941 0.304 0.26669
0.941 0.353 0.122885
0.941 0.402 0.080846
0.941 0.451 0.16036
0.941 0.5 0.250901
0.941 0.549 0.306535
0.941 0.598 0.226734
0.941 0.647 0.185139
0.941 0.696 0.310263
0.941 0.745 0.368672
0.941 0.794 0.302869
0.941 0.843 0.41633
0.941 0.892 0.883477
0.941 0.941 2.00931
0.941 0.99 3.15753
0.99 0.01 1.50084
0.99 0.059 0.895631
0.99 0.108 0.29159
0.99 0.157 0.161154
0.99 0.206 0.218733
0.99 0.255 0.299201
0.99 0.304 0.282354
0.99 0.353 0.130103
0.99 0.402 0.0855945
0.99 0.451 0.169778
0.99 0.5 0.265638
0.99 0.549 0.32454
0.99 0.598 0.240051
0.99 0.647 0.196013
0.99 0.696 0.328486
0.99 0.745 0.390326
0.99 0.794 0.320658
0.99 0.843 0.440783
0.99 0.892 0.935368
0.99 0.941 2.12733
0.99 0.99 3.34299
