0.01 0.01 52.534
0.01 0.059 29.2135
0.01 0.108 9.07889
0.01 0.157 2.53779
0.01 0.206 0.507955
0.01 0.255 0.26664
0.01 0.304 1.00562
0.01 0.353 1.85579
0.01 0.402 2.25032
0.01 0.451 3.27409
0.01 0.5 3.00681
0.01 0.549 1.13405
0.01 0.598 0.180098
0.01 0.647 0.20118
0.01 0.696 0.926154
0.01 0.745 1.85113
0.01 0.794 2.36117
0.01 0.843 3.53651
0.01 0.892 5.41904
0.01 0.941 12.9472
0.01 0.99 23.0103
0.059 0.01 30.3038
0.059 0.059 16.8516
0.059 0.108 5.23707
0.059 0.157 1.4639
0.059 0.206 0.293009
0.059 0.255 0.153809
0.059 0.304 0.580081
0.059 0.353 1.0705
0.059 0.402 1.29807
0.059 0.451 1.88863
0.059 0.5 1.73445
0.059 0.549 0.654168
0.059 0.598 0.103888
0.059 0.647 0.116049
0.059 0.696 0.534243
0.059 0.745 1.06781
0.059 0.794 1.36202
0.059 0.843 2.04
0.059 0.892 3.12592
0.059 0.941 7.4685
0.059 0.99 13.2733
0.108 0.01 10.0031
0.108 0.059 5.5626
0.108 0.108 1.72873
0.108 0.157 0.483225
0.108 0.206 0.0967205
0.108 0.255 0.0507713
0.108 0.304 0.191481
0.108 0.353 0.353364
0.108 0.402 0.428486
0.108 0.451 0.623425
0.108 0.5 0.572532
0.108 0.549 0.215937
0.108 0.598 0.0342928
0.108 0.647 0.038307
0.108 0.696 0.17635
0.108 0.745 0.352476
0.108 0.794 0.449595
0.108 0.843 0.673392
0.108 0.892 1.03185
0.108 0.941 2.46531
0.108 0.99 4.38143
0.157 0.01 3.48469
0.157 0.059 1.93779
0.157 0.108 0.602221
0.157 0.157 0.168337
0.157 0.206 0.0336937
0.157 0.255 0.0176868
0.157 0.304 0.0667047
0.157 0.353 0.123099
0.157 0.402 0.149268
0.157 0.451 0.217177
0.157 0.5 0.199448
0.157 0.549 0.0752241
0.157 0.598 0.0119463
0.157 0.647 0.0133447
0.157 0.696 0.0614337
0.157 0.745 0.122789
0.157 0.794 0.156621
0.157 0.843 0.234584
0.157 0.892 0.359456
0.157 0.941 0.858818
0.157 0.99 1.52632
0.206 0.01 3.78342
0.206 0.059 2.10392
0.206 0.108 0.653848
0.206 0.157 0.182768
0.206 0.206 0.0365822
0.206 0.255 0.019203
0.206 0.304 0.0724232
0.206 0.353 0.133651
0.206 0.402 0.162065
0.206 0.451 0.235795
0.206 0.5 0.216546
0.206 0.549 0.0816729
0.206 0.598 0.0129704
0.206 0.647 0.0144887
0.206 0.696 0.0667002
0.206 0.745 0.133316
0.206 0.794 0.170048
0.206 0.843 0.254694
0.206 0.892 0.390272
0.206 0.941 0.932442
0.206 0.99 1.65717
0.255 0.01 5.43562
0.255 0.059 3.02268
0.255 0.108 0.939379
0.255 0.157 0.262582
0.255 0.206 0.0525573
0.255 0.255 0.0275888
0.255 0.304 0.10405
0.255 0.353 0.192016
0.255 0.402 0.232837
0.255 0.451 0.338765
0.255 0.5 0.31111
0.255 0.549 0.117339
0.255 0.598 0.0186345
0.255 0.647 0.0208158
0.255 0.696 0.0958277
0.255 0.745 0.191533
0.255 0.794 0.244307
0.255 0.843 0.365917
0.255 0.892 0.5607
0.255 0.941 1.33963
0.255 0.99 2.38084
0.304 0.01 4.80185
0.304 0.059 2.67025
0.304 0.108 0.829853
0.304 0.157 0.231966
0.304 0.206 0.0464294
0.304 0.255 0.0243721
0.304 0.304 0.0919181
0.304 0.353 0.169628
0.304 0.402 0.205689
0.304 0.451 0.299267
0.304 0.5 0.274837
0.304 0.549 0.103658
0.304 0.598 0.0164618
0.304 0.647 0.0183888
0.304 0.696 0.0846547
0.304 0.745 0.169202
0.304 0.794 0.215822
0.304 0.843 0.323253
0.304 0.892 0.495326
0.304 0.941 1.18344
0.304 0.99 2.10325
0.353 0.01 4.39904
0.353 0.059 2.44626
0.353 0.108 0.760239
0.353 0.157 0.212507
0.353 0.206 0.0425346
0.353 0.255 0.0223276
0.353 0.304 0.0842075
0.353 0.353 0.155399
0.353 0.402 0.188435
0.353 0.451 0.274163
0.353 0.5 0.251782
0.353 0.549 0.0949623
0.353 0.598 0.0150809
0.353 0.647 0.0168462
0.353 0.696 0.0775534
0.353 0.745 0.155008
0.353 0.794 0.197718
0.353 0.843 0.296137
0.353 0.892 0.453775
0.353 0.941 1.08416
0.353 0.99 1.92682
0.402 0.01 6.88714
0.402 0.059 3.82985
0.402 0.108 1.19023
0.402 0.157 0.332701
0.402 0.206 0.0665922
0.402 0.255 0.0349561
0.402 0.304 0.131835
0.402 0.353 0.243292
0.402 0.402 0.295013
0.402 0.451 0.429229
0.402 0.5 0.394189
0.402 0.549 0.148673
0.402 0.598 0.0236106
0.402 0.647 0.0263744
0.402 0.696 0.121417
0.402 0.745 0.24268
0.402 0.794 0.309547
0.402 0.843 0.463631
0.402 0.892 0.710429
0.402 0.941 1.69737
0.402 0.99 3.01662
0.451 0.01 10.3147
0.451 0.059 5.73591
0.451 0.108 1.78259
0.451 0.157 0.498281
0.451 0.206 0.0997339
0.451 0.255 0.0523531
0.451 0.304 0.197447
0.451 0.353 0.364374
0.451 0.402 0.441836
0.451 0.451 0.642848
0.451 0.5 0.59037
0.451 0.549 0.222665
0.451 0.598 0.0353613
0.451 0.647 0.0395004
0.451 0.696 0.181845
0.451 0.745 0.363458
0.451 0.794 0.463602
0.451 0.843 0.694372
0.451 0.892 1.064
0.451 0.941 2.54211
0.451 0.99 4.51794
0.5 0.01 13.1139
0.5 0.059 7.29246
0.5 0.108 2.26633
0.5 0.157 0.633499
0.5 0.206 0.126799
0.5 0.255 0.0665602
0.5 0.304 0.251028
0.5 0.353 0.463254
0.5 0.402 0.561738
0.5 0.451 0.817298
0.5 0.5 0.750579
0.5 0.549 0.283089
0.5 0.598 0.0449572
0.5 0.647 0.0502197
0.5 0.696 0.231192
0.5 0.745 0.462089
0.5 0.794 0.58941
0.5 0.843 0.882804
0.5 0.892 1.35273
0.5 0.941 3.23197
0.5 0.99 5.74397
0.549 0.01 10.8099
0.549 0.059 6.01124
0.549 0.108 1.86815
0.549 0.157 0.5222
0.549 0.206 0.104521
0.549 0.255 0.0548662
0.549 0.304 0.206925
0.549 0.353 0.381865
0.549 0.402 0.463046
0.549 0.451 0.673707
0.549 0.5 0.618709
0.549 0.549 0.233353
0.549 0.598 0.0370587
0.549 0.647 0.0413966
0.549 0.696 0.190574
0.549 0.745 0.380905
0.549 0.794 0.485856
0.549 0.843 0.727704
0.549 0.892 1.11507
0.549 0.941 2.66414
0.549 0.99 4.73481
0.598 0.01 5.61056
0.598 0.059 3.11997
0.598 0.108 0.969613
0.598 0.157 0.271033
0.598 0.206 0.0542489
0.598 0.255 0.0284767
0.598 0.304 0.107399
0.598 0.353 0.198196
0.598 0.402 0.240331
0.598 0.451 0.349669
0.598 0.5 0.321124
0.598 0.549 0.121115
0.598 0.598 0.0192343
0.598 0.647 0.0214857
0.598 0.696 0.0989119
0.598 0.745 0.197698
0.598 0.794 0.25217
0.598 0.843 0.377694
0.598 0.892 0.578747
0.598 0.941 1.38275
0.598 0.99 2.45747
0.647 0.01 3.17578
0.647 0.059 1.76601
0.647 0.108 0.548835
0.647 0.157 0.153414
0.647 0.206 0.0307068
0.647 0.255 0.0161188
0.647 0.304 0.0607914
0.647 0.353 0.112186
0.647 0.402 0.136036
0.647 0.451 0.197925
0.647 0.5 0.181767
0.647 0.549 0.0685556
0.647 0.598 0.0108873
0.647 0.647 0.0121617
0.647 0.696 0.0559877
0.647 0.745 0.111904
0.647 0.794 0.142737
0.647 0.843 0.213788
0.647 0.892 0.327591
0.647 0.941 0.782685
0.647 0.99 1.39101
0.696 0.01 3.84742
0.696 0.059 2.13951
0.696 0.108 0.664909
0.696 0.157 0.18586
0.696 0.206 0.037201
0.696 0.255 0.0195278
0.696 0.304 0.0736482
0.696 0.353 0.135912
0.696 0.402 0.164806
0.696 0.451 0.239784
0.696 0.5 0.220209
0.696 0.549 0.0830544
0.696 0.598 0.0131898
0.696 0.647 0.0147338
0.696 0.696 0.0678285
0.696 0.745 0.135571
0.696 0.794 0.172925
0.696 0.843 0.259003
0.696 0.892 0.396873
0.696 0.941 0.948215
0.696 0.99 1.6852
0.745 0.01 3.94886
0.745 0.059 2.19592
0.745 0.108 0.68244
0.745 0.157 0.19076
0.745 0.206 0.0381818
0.745 0.255 0.0200427
0.745 0.304 0.07559
0.745 0.353 0.139496
0.745 0.402 0.169151
0.745 0.451 0.246106
0.745 0.5 0.226015
0.745 0.549 0.0852442
0.745 0.598 0.0135376
0.745 0.647 0.0151222
0.745 0.696 0.0696169
0.745 0.745 0.139145
0.745 0.794 0.177484
0.745 0.843 0.265831
0.745 0.892 0.407337
0.745 0.941 0.973216
0.745 0.99 1.72963
0.794 0.01 1.73322
0.794 0.059 0.963824
0.794 0.108 0.299534
0.794 0.157 0.0837279
0.794 0.206 0.0167586
0.794 0.255 0.00879707
0.794 0.304 0.0331777
0.794 0.353 0.061227
0.794 0.402 0.0742433
0.794 0.451 0.10802
0.794 0.5 0.0992019
0.794 0.549 0.0374151
0.794 0.598 0.00594187
0.794 0.647 0.0066374
0.794 0.696 0.030556
0.794 0.745 0.0610731
0.794 0.794 0.0779007
0.794 0.843 0.116678
0.794 0.892 0.178787
0.794 0.941 0.42716
0.794 0.99 0.759165
0.843 0.01 0.323898
0.843 0.059 0.180116
0.843 0.108 0.0559758
0.843 0.157 0.0156468
0.843 0.206 0.00313179
0.843 0.255 0.00164396
0.843 0.304 0.00620013
0.843 0.353 0.0114419
0.843 0.402 0.0138743
0.843 0.451 0.0201864
0.843 0.5 0.0185385
0.843 0.549 0.006992
0.843 0.598 0.0011104
0.843 0.647 0.00124037
0.843 0.696 0.0057102
0.843 0.745 0.0114131
0.843 0.794 0.0145578
0.843 0.843 0.0218043
0.843 0.892 0.0334111
0.843 0.941 0.0798262
0.843 0.99 0.14187
0.892 0.01 0.419515
0.892 0.059 0.233287
0.892 0.108 0.0725003
0.892 0.157 0.0202658
0.892 0.206 0.00405632
0.892 0.255 0.00212927
0.892 0.304 0.00803045
0.892 0.353 0.0148196
0.892 0.402 0.0179701
0.892 0.451 0.0261455
0.892 0.5 0.0240112
0.892 0.549 0.00905608
0.892 0.598 0.00143819
0.892 0.647 0.00160654
0.892 0.696 0.00739588
0.892 0.745 0.0147823
0.892 0.794 0.0188554
0.892 0.843 0.0282411
0.892 0.892 0.0432743
0.892 0.941 0.103391
0.892 0.99 0.183751
0.941 0.01 2.05731
0.941 0.059 1.14404
0.941 0.108 0.355542
0.941 0.157 0.0993837
0.941 0.206 0.0198922
0.941 0.255 0.010442
0.941 0.304 0.0393815
0.941 0.353 0.0726755
0.941 0.402 0.0881257
0.941 0.451 0.128218
0.941 0.5 0.117751
0.941 0.549 0.0444112
0.941 0.598 0.00705291
0.941 0.647 0.00787849
0.941 0.696 0.0362695
0.941 0.745 0.0724928
0.941 0.794 0.092467
0.941 0.843 0.138495
0.941 0.892 0.212218
0.941 0.941 0.507033
0.941 0.99 0.901117
0.99 0.01 4.04435
0.99 0.059 2.24901
0.99 0.108 0.698941
0.99 0.157 0.195373
0.99 0.206 0.0391051
0.99 0.255 0.0205273
0.99 0.304 0.0774178
0.99 0.353 0.142869
0.99 0.402 0.173241
0.99 0.451 0.252057
0.99 0.5 0.23148
0.99 0.549 0.0873054
0.99 0.598 0.0138649
0.99 0.647 0.0154879
0.99 0.696 0.0713002
0.99 0.745 0.14251
0.99 0.794 0.181776
0.99 0.843 0.272259
0.99 0.892 0.417187
0.99 0.941 0.996748
0.99 0.99 1.77146
