0.01 0.01 1.28606e-11
0.01 0.059 1.78224e-11
0.01 0.108 3.29386e-11
0.01 0.157 4.69089e-11
0.01 0.206 4.1166e-11
0.01 0.255 2.72701e-11
0.01 0.304 1.93584e-11
0.01 0.353 1.29434e-11
0.01 0.402 8.18842e-12
0.01 0.451 9.09612e-12
0.01 0.5 1.09505e-11
0.01 0.549 8.0566e-12
0.01 0.598 5.44544e-12
0.01 0.647 9.43407e-12
0.01 0.696 1.44299e-11
0.01 0.745 1.69402e-11
0.01 0.794 1.95317e-11
0.01 0.843 1.90916e-11
0.01 0.892 1.52753e-11
0.01 0.941 1.11952e-11
0.01 0.99 1.09319e-11
0.059 0.01 6.17352e-09
0.059 0.059 8.55532e-09
0.059 0.108 1.58116e-08
0.059 0.157 2.25178e-08
0.059 0.206 1.9761e-08
0.059 0.255 1.30906e-08
0.059 0.304 9.29264e-09
0.059 0.353 6.21324e-09
0.059 0.402 3.93071e-09
0.059 0.451 4.36644e-09
0.059 0.5 5.2566e-09
0.059 0.549 3.86743e-09
0.059 0.598 2.61399e-09
0.059 0.647 4.52866e-09
0.059 0.696 6.92683e-09
0.059 0.745 8.13184e-09
0.059 0.794 9.37584e-09
0.059 0.843 9.16459e-09
0.059 0.892 7.33266e-09
0.059 0.941 5.37406e-09
0.059 0.99 5.24767e-09
0.108 0.01 1.2021e-06
0.108 0.059 1.66588e-06
0.108 0.108 3.07882e-06
0.108 0.157 4.38464e-06
0.108 0.206 3.84785e-06
0.108 0.255 2.54898e-06
0.108 0.304 1.80945e-06
0.108 0.353 1.20984e-06
0.108 0.402 7.65384e-07
0.108 0.451 8.50228e-07
0.108 0.5 1.02356e-06
0.108 0.549 7.53062e-07
0.108 0.598 5.08993e-07
0.108 0.647 8.81816e-07
0.108 0.696 1.34878e-06
0.108 0.745 1.58342e-06
0.108 0.794 1.82565e-06
0.108 0.843 1.78452e-06
0.108 0.892 1.42781e-06
0.108 0.941 1.04643e-06
0.108 0.99 1.02182e-06
0.157 0.01 8.96656e-05
0.157 0.059 0.000124259
0.157 0.108 0.000229651
0.157 0.157 0.000327054
0.157 0.206 0.000287014
0.157 0.255 0.00019013
0.157 0.304 0.000134968
0.157 0.353 9.02426e-05
0.157 0.402 5.70905e-05
0.157 0.451 6.34191e-05
0.157 0.5 7.6348e-05
0.157 0.549 5.61715e-05
0.157 0.598 3.79662e-05
0.157 0.647 6.57753e-05
0.157 0.696 0.000100607
0.157 0.745 0.000118109
0.157 0.794 0.000136177
0.157 0.843 0.000133109
0.157 0.892 0.000106501
0.157 0.941 7.80541e-05
0.157 0.99 7.62183e-05
0.206 0.01 0.00257044
0.206 0.059 0.00356214
0.206 0.108 0.00658341
0.206 0.157 0.00937564
0.206 0.206 0.00822782
0.206 0.255 0.00545046
0.206 0.304 0.00386914
0.206 0.353 0.00258698
0.206 0.402 0.00163661
0.206 0.451 0.00181803
0.206 0.5 0.00218867
0.206 0.549 0.00161027
0.206 0.598 0.00108837
0.206 0.647 0.00188558
0.206 0.696 0.00288409
0.206 0.745 0.00338582
0.206 0.794 0.00390378
0.206 0.843 0.00381582
0.206 0.892 0.00305307
0.206 0.941 0.00223757
0.206 0.99 0.00218495
0.255 0.01 0.0287844
0.255 0.059 0.0398897
0.255 0.108 0.0737226
0.255 0.157 0.104991
0.255 0.206 0.0921371
0.255 0.255 0.0610355
0.255 0.304 0.0433275
0.255 0.353 0.0289696
0.255 0.402 0.0183272
0.255 0.451 0.0203588
0.255 0.5 0.0245092
0.255 0.549 0.0180321
0.255 0.598 0.0121879
0.255 0.647 0.0211152
0.255 0.696 0.0322968
0.255 0.745 0.0379152
0.255 0.794 0.0437154
0.255 0.843 0.0427305
0.255 0.892 0.034189
0.255 0.941 0.0250569
0.255 0.99 0.0244676
0.304 0.01 0.13655
0.304 0.059 0.189233
0.304 0.108 0.349733
0.304 0.157 0.498065
0.304 0.206 0.437089
0.304 0.255 0.289546
0.304 0.304 0.205541
0.304 0.353 0.137429
0.304 0.402 0.0869423
0.304 0.451 0.09658
0.304 0.5 0.116269
0.304 0.549 0.0855427
0.304 0.598 0.0578181
0.304 0.647 0.100168
0.304 0.696 0.153213
0.304 0.745 0.179866
0.304 0.794 0.207382
0.304 0.843 0.202709
0.304 0.892 0.162189
0.304 0.941 0.118867
0.304 0.99 0.116072
0.353 0.01 0.376704
0.353 0.059 0.522039
0.353 0.108 0.964813
0.353 0.157 1.37402
0.353 0.206 1.2058
0.353 0.255 0.798776
0.353 0.304 0.56703
0.353 0.353 0.379128
0.353 0.402 0.239849
0.353 0.451 0.266437
0.353 0.5 0.320754
0.353 0.549 0.235988
0.353 0.598 0.159504
0.353 0.647 0.276336
0.353 0.696 0.42267
0.353 0.745 0.496199
0.353 0.794 0.572107
0.353 0.843 0.559217
0.353 0.892 0.447434
0.353 0.941 0.327921
0.353 0.99 0.320209
0.402 0.01 0.94466
0.402 0.059 1.30912
0.402 0.108 2.41946
0.402 0.157 3.44563
0.402 0.206 3.02379
0.402 0.255 2.00309
0.402 0.304 1.42194
0.402 0.353 0.950738
0.402 0.402 0.601469
0.402 0.451 0.668143
0.402 0.5 0.804354
0.402 0.549 0.591787
0.402 0.598 0.399987
0.402 0.647 0.692967
0.402 0.696 1.05993
0.402 0.745 1.24432
0.402 0.794 1.43467
0.402 0.843 1.40235
0.402 0.892 1.12203
0.402 0.941 0.822328
0.402 0.99 0.802988
0.451 0.01 1.80589
0.451 0.059 2.50262
0.451 0.108 4.62524
0.451 0.157 6.58695
0.451 0.206 5.78053
0.451 0.255 3.82927
0.451 0.304 2.7183
0.451 0.353 1.81751
0.451 0.402 1.14982
0.451 0.451 1.27728
0.451 0.5 1.53767
0.451 0.549 1.13131
0.451 0.598 0.764648
0.451 0.647 1.32473
0.451 0.696 2.02625
0.451 0.745 2.37874
0.451 0.794 2.74264
0.451 0.843 2.68084
0.451 0.892 2.14496
0.451 0.941 1.57203
0.451 0.99 1.53506
0.5 0.01 1.99821
0.5 0.059 2.76913
0.5 0.108 5.1178
0.5 0.157 7.28842
0.5 0.206 6.39613
0.5 0.255 4.23707
0.5 0.304 3.00778
0.5 0.353 2.01106
0.5 0.402 1.27227
0.5 0.451 1.4133
0.5 0.5 1.70142
0.5 0.549 1.25179
0.5 0.598 0.846079
0.5 0.647 1.46581
0.5 0.696 2.24203
0.5 0.745 2.63206
0.5 0.794 3.03471
0.5 0.843 2.96634
0.5 0.892 2.37339
0.5 0.941 1.73944
0.5 0.99 1.69853
0.549 0.01 1.33356
0.549 0.059 1.84806
0.549 0.108 3.4155
0.549 0.157 4.86413
0.549 0.206 4.26863
0.549 0.255 2.82772
0.549 0.304 2.00733
0.549 0.353 1.34214
0.549 0.402 0.849082
0.549 0.451 0.943204
0.549 0.5 1.13549
0.549 0.549 0.835414
0.549 0.598 0.564654
0.549 0.647 0.978247
0.549 0.696 1.49628
0.549 0.745 1.75658
0.549 0.794 2.0253
0.549 0.843 1.97967
0.549 0.892 1.58395
0.549 0.941 1.16086
0.549 0.99 1.13356
0.598 0.01 0.762093
0.598 0.059 1.05612
0.598 0.108 1.95187
0.598 0.157 2.77972
0.598 0.206 2.43941
0.598 0.255 1.61597
0.598 0.304 1.14713
0.598 0.353 0.766997
0.598 0.402 0.485228
0.598 0.451 0.539017
0.598 0.5 0.648903
0.598 0.549 0.477417
0.598 0.598 0.322685
0.598 0.647 0.559043
0.598 0.696 0.855085
0.598 0.745 1.00384
0.598 0.794 1.1574
0.598 0.843 1.13133
0.598 0.892 0.905184
0.598 0.941 0.663404
0.598 0.99 0.647801
0.647 0.01 0.7138
0.647 0.059 0.98919
0.647 0.108 1.82818
0.647 0.157 2.60357
0.647 0.206 2.28483
0.647 0.255 1.51357
0.647 0.304 1.07444
0.647 0.353 0.718393
0.647 0.402 0.45448
0.647 0.451 0.50486
0.647 0.5 0.607782
0.647 0.549 0.447163
0.647 0.598 0.302237
0.647 0.647 0.523617
0.647 0.696 0.800899
0.647 0.745 0.940226
0.647 0.794 1.08406
0.647 0.843 1.05964
0.647 0.892 0.847823
0.647 0.941 0.621364
0.647 0.99 0.60675
0.696 0.01 0.917301
0.696 0.059 1.2712
0.696 0.108 2.34939
0.696 0.157 3.34584
0.696 0.206 2.93622
0.696 0.255 1.94508
0.696 0.304 1.38076
0.696 0.353 0.923203
0.696 0.402 0.58405
0.696 0.451 0.648792
0.696 0.5 0.781058
0.696 0.549 0.574647
0.696 0.598 0.388403
0.696 0.647 0.672897
0.696 0.696 1.02923
0.696 0.745 1.20828
0.696 0.794 1.39312
0.696 0.843 1.36173
0.696 0.892 1.08953
0.696 0.941 0.798512
0.696 0.99 0.779731
0.745 0.01 1.17801
0.745 0.059 1.6325
0.745 0.108 3.01712
0.745 0.157 4.29678
0.745 0.206 3.77074
0.745 0.255 2.4979
0.745 0.304 1.77319
0.745 0.353 1.18559
0.745 0.402 0.750046
0.745 0.451 0.83319
0.745 0.5 1.00305
0.745 0.549 0.737972
0.745 0.598 0.498793
0.745 0.647 0.864146
0.745 0.696 1.32176
0.745 0.745 1.55169
0.745 0.794 1.78907
0.745 0.843 1.74876
0.745 0.892 1.3992
0.745 0.941 1.02546
0.745 0.99 1.00134
0.794 0.01 1.1778
0.794 0.059 1.6322
0.794 0.108 3.01657
0.794 0.157 4.29599
0.794 0.206 3.77005
0.794 0.255 2.49744
0.794 0.304 1.77287
0.794 0.353 1.18537
0.794 0.402 0.749908
0.794 0.451 0.833036
0.794 0.5 1.00286
0.794 0.549 0.737835
0.794 0.598 0.498701
0.794 0.647 0.863986
0.794 0.696 1.32151
0.794 0.745 1.55141
0.794 0.794 1.78874
0.794 0.843 1.74844
0.794 0.892 1.39894
0.794 0.941 1.02527
0.794 0.99 1.00116
0.843 0.01 0.929094
0.843 0.059 1.28755
0.843 0.108 2.37959
0.843 0.157 3.38885
0.843 0.206 2.97397
0.843 0.255 1.97008
0.843 0.304 1.39851
0.843 0.353 0.935072
0.843 0.402 0.591559
0.843 0.451 0.657134
0.843 0.5 0.7911
0.843 0.549 0.582036
0.843 0.598 0.393396
0.843 0.647 0.681549
0.843 0.696 1.04246
0.843 0.745 1.22381
0.843 0.794 1.41103
0.843 0.843 1.37924
0.843 0.892 1.10354
0.843 0.941 0.808779
0.843 0.99 0.789757
0.892 0.01 0.776586
0.892 0.059 1.0762
0.892 0.108 1.98899
0.892 0.157 2.83258
0.892 0.206 2.4858
0.892 0.255 1.6467
0.892 0.304 1.16895
0.892 0.353 0.781583
0.892 0.402 0.494456
0.892 0.451 0.549267
0.892 0.5 0.661243
0.892 0.549 0.486496
0.892 0.598 0.328822
0.892 0.647 0.569674
0.892 0.696 0.871347
0.892 0.745 1.02293
0.892 0.794 1.17942
0.892 0.843 1.15284
0.892 0.892 0.922398
0.892 0.941 0.67602
0.892 0.99 0.66012
0.941 0.01 0.905435
0.941 0.059 1.25476
0.941 0.108 2.319
0.941 0.157 3.30256
0.941 0.206 2.89824
0.941 0.255 1.91992
0.941 0.304 1.3629
0.941 0.353 0.91126
0.941 0.402 0.576495
0.941 0.451 0.6404
0.941 0.5 0.770954
0.941 0.549 0.567214
0.941 0.598 0.383378
0.941 0.647 0.664193
0.941 0.696 1.01592
0.941 0.745 1.19265
0.941 0.794 1.3751
0.941 0.843 1.34412
0.941 0.892 1.07544
0.941 0.941 0.788183
0.941 0.99 0.769645
0.99 0.01 1.10926
0.99 0.059 1.53722
0.99 0.108 2.84103
0.99 0.157 4.046
0.99 0.206 3.55066
0.99 0.255 2.35211
0.99 0.304 1.6697
0.99 0.353 1.1164
0.99 0.402 0.70627
0.99 0.451 0.784561
0.99 0.5 0.944505
0.99 0.549 0.6949
0.99 0.598 0.469681
0.99 0.647 0.81371
0.99 0.696 1.24461
0.99 0.745 1.46113
0.99 0.794 1.68465
0.99 0.843 1.64669
0.99 0.892 1.31753
0.99 0.941 0.965612
0.99 0.99 0.942901
