0.01 0.01 1.89004
0.01 0.059 2.75681
0.01 0.108 3.11728
0.01 0.157 2.36625
0.01 0.206 1.86058
0.01 0.255 1.95273
0.01 0.304 1.74165
0.01 0.353 1.67577
0.01 0.402 1.69873
0.01 0.451 1.10458
0.01 0.5 0.820689
0.01 0.549 1.32022
0.01 0.598 1.67421
0.01 0.647 1.46881
0.01 0.696 1.93377
0.01 0.745 3.12792
0.01 0.794 3.54849
0.01 0.843 3.24885
0.01 0.892 3.4787
0.01 0.941 5.43048
0.01 0.99 7.71278
0.059 0.01 1.19953
0.059 0.059 1.74963
0.059 0.108 1.9784
0.059 0.157 1.50176
0.059 0.206 1.18083
0.059 0.255 1.23932
0.059 0.304 1.10535
0.059 0.353 1.06354
0.059 0.402 1.07811
0.059 0.451 0.701031
0.059 0.5 0.520856
0.059 0.549 0.837886
0.059 0.598 1.06255
0.059 0.647 0.932189
0.059 0.696 1.22728
0.059 0.745 1.98516
0.059 0.794 2.25208
0.059 0.843 2.06191
0.059 0.892 2.20778
0.059 0.941 3.4465
0.059 0.99 4.89498
0.108 0.01 0.430078
0.108 0.059 0.627312
0.108 0.108 0.709336
0.108 0.157 0.538439
0.108 0.206 0.423376
0.108 0.255 0.444344
0.108 0.304 0.396312
0.108 0.353 0.381321
0.108 0.402 0.386547
0.108 0.451 0.251347
0.108 0.5 0.186748
0.108 0.549 0.300415
0.108 0.598 0.380966
0.108 0.647 0.334227
0.108 0.696 0.44003
0.108 0.745 0.711757
0.108 0.794 0.807459
0.108 0.843 0.739275
0.108 0.892 0.791577
0.108 0.941 1.23571
0.108 0.99 1.75504
0.157 0.01 0.189879
0.157 0.059 0.276957
0.157 0.108 0.313171
0.157 0.157 0.23772
0.157 0.206 0.18692
0.157 0.255 0.196177
0.157 0.304 0.174971
0.157 0.353 0.168353
0.157 0.402 0.17066
0.157 0.451 0.110969
0.157 0.5 0.0824488
0.157 0.549 0.132633
0.157 0.598 0.168196
0.157 0.647 0.147561
0.157 0.696 0.194272
0.157 0.745 0.31424
0.157 0.794 0.356492
0.157 0.843 0.326389
0.157 0.892 0.34948
0.157 0.941 0.545562
0.157 0.99 0.774848
0.206 0.01 0.223228
0.206 0.059 0.325601
0.206 0.108 0.368175
0.206 0.157 0.279472
0.206 0.206 0.219749
0.206 0.255 0.230633
0.206 0.304 0.205702
0.206 0.353 0.197922
0.206 0.402 0.200634
0.206 0.451 0.13046
0.206 0.5 0.0969298
0.206 0.549 0.155928
0.206 0.598 0.197737
0.206 0.647 0.173478
0.206 0.696 0.228394
0.206 0.745 0.369431
0.206 0.794 0.419105
0.206 0.843 0.383714
0.206 0.892 0.410861
0.206 0.941 0.641383
0.206 0.99 0.91094
0.255 0.01 0.268757
0.255 0.059 0.392009
0.255 0.108 0.443266
0.255 0.157 0.336472
0.255 0.206 0.264568
0.255 0.255 0.277672
0.255 0.304 0.247656
0.255 0.353 0.238289
0.255 0.402 0.241554
0.255 0.451 0.157068
0.255 0.5 0.116699
0.255 0.549 0.18773
0.255 0.598 0.238067
0.255 0.647 0.208859
0.255 0.696 0.274975
0.255 0.745 0.444779
0.255 0.794 0.504583
0.255 0.843 0.461974
0.255 0.892 0.494658
0.255 0.941 0.772195
0.255 0.99 1.09673
0.304 0.01 0.386357
0.304 0.059 0.563541
0.304 0.108 0.637226
0.304 0.157 0.483702
0.304 0.206 0.380336
0.304 0.255 0.399173
0.304 0.304 0.356023
0.304 0.353 0.342557
0.304 0.402 0.347251
0.304 0.451 0.225796
0.304 0.5 0.167763
0.304 0.549 0.269875
0.304 0.598 0.342238
0.304 0.647 0.30025
0.304 0.696 0.395297
0.304 0.745 0.639401
0.304 0.794 0.725374
0.304 0.843 0.664121
0.304 0.892 0.711106
0.304 0.941 1.11009
0.304 0.99 1.57663
0.353 0.01 0.336549
0.353 0.059 0.49089
0.353 0.108 0.555076
0.353 0.157 0.421344
0.353 0.206 0.331304
0.353 0.255 0.347712
0.353 0.304 0.310126
0.353 0.353 0.298395
0.353 0.402 0.302484
0.353 0.451 0.196687
0.353 0.5 0.146135
0.353 0.549 0.235084
0.353 0.598 0.298117
0.353 0.647 0.261542
0.353 0.696 0.344336
0.353 0.745 0.556971
0.353 0.794 0.63186
0.353 0.843 0.578504
0.353 0.892 0.619432
0.353 0.941 0.966976
0.353 0.99 1.37337
0.402 0.01 0.157151
0.402 0.059 0.22922
0.402 0.108 0.259192
0.402 0.157 0.196746
0.402 0.206 0.154702
0.402 0.255 0.162364
0.402 0.304 0.144813
0.402 0.353 0.139335
0.402 0.402 0.141244
0.402 0.451 0.0918425
0.402 0.5 0.0682377
0.402 0.549 0.109772
0.402 0.598 0.139205
0.402 0.647 0.122127
0.402 0.696 0.160787
0.402 0.745 0.260077
0.402 0.794 0.295046
0.402 0.843 0.270131
0.402 0.892 0.289243
0.402 0.941 0.451528
0.402 0.99 0.641294
0.451 0.01 0.219605
0.451 0.059 0.320317
0.451 0.108 0.362199
0.451 0.157 0.274936
0.451 0.206 0.216183
0.451 0.255 0.22689
0.451 0.304 0.202364
0.451 0.353 0.194709
0.451 0.402 0.197377
0.451 0.451 0.128342
0.451 0.5 0.0953566
0.451 0.549 0.153397
0.451 0.598 0.194528
0.451 0.647 0.170662
0.451 0.696 0.224687
0.451 0.745 0.363436
0.451 0.794 0.412303
0.451 0.843 0.377486
0.451 0.892 0.404193
0.451 0.941 0.630973
0.451 0.99 0.896155
0.5 0.01 0.496808
0.5 0.059 0.724644
0.5 0.108 0.819394
0.5 0.157 0.621981
0.5 0.206 0.489065
0.5 0.255 0.513287
0.5 0.304 0.457802
0.5 0.353 0.440486
0.5 0.402 0.446522
0.5 0.451 0.290345
0.5 0.5 0.215723
0.5 0.549 0.347026
0.5 0.598 0.440076
0.5 0.647 0.386084
0.5 0.696 0.508303
0.5 0.745 0.822191
0.5 0.794 0.932742
0.5 0.843 0.853978
0.5 0.892 0.914395
0.5 0.941 1.42743
0.5 0.99 2.02735
0.549 0.01 0.785859
0.549 0.059 1.14625
0.549 0.108 1.29613
0.549 0.157 0.983861
0.549 0.206 0.773612
0.549 0.255 0.811926
0.549 0.304 0.72416
0.549 0.353 0.696768
0.549 0.402 0.706316
0.549 0.451 0.459274
0.549 0.5 0.341234
0.549 0.549 0.548933
0.549 0.598 0.69612
0.549 0.647 0.610715
0.549 0.696 0.804043
0.549 0.745 1.30056
0.549 0.794 1.47543
0.549 0.843 1.35084
0.549 0.892 1.44641
0.549 0.941 2.25794
0.549 0.99 3.2069
0.598 0.01 1.60184
0.598 0.059 2.33644
0.598 0.108 2.64194
0.598 0.157 2.00543
0.598 0.206 1.57687
0.598 0.255 1.65497
0.598 0.304 1.47607
0.598 0.353 1.42024
0.598 0.402 1.4397
0.598 0.451 0.936149
0.598 0.5 0.695546
0.598 0.549 1.1189
0.598 0.598 1.41892
0.598 0.647 1.24484
0.598 0.696 1.6389
0.598 0.745 2.65096
0.598 0.794 3.0074
0.598 0.843 2.75345
0.598 0.892 2.94825
0.598 0.941 4.60242
0.598 0.99 6.5367
0.647 0.01 3.02918
0.647 0.059 4.41836
0.647 0.108 4.99608
0.647 0.157 3.7924
0.647 0.206 2.98197
0.647 0.255 3.12966
0.647 0.304 2.79135
0.647 0.353 2.68577
0.647 0.402 2.72257
0.647 0.451 1.77032
0.647 0.5 1.31532
0.647 0.549 2.11592
0.647 0.598 2.68327
0.647 0.647 2.35407
0.647 0.696 3.09927
0.647 0.745 5.01313
0.647 0.794 5.68719
0.647 0.843 5.20695
0.647 0.892 5.57533
0.647 0.941 8.70347
0.647 0.99 12.3613
0.696 0.01 2.87393
0.696 0.059 4.19191
0.696 0.108 4.74002
0.696 0.157 3.59803
0.696 0.206 2.82914
0.696 0.255 2.96926
0.696 0.304 2.64829
0.696 0.353 2.54812
0.696 0.402 2.58304
0.696 0.451 1.67959
0.696 0.5 1.24791
0.696 0.549 2.00748
0.696 0.598 2.54575
0.696 0.647 2.23342
0.696 0.696 2.94043
0.696 0.745 4.7562
0.696 0.794 5.39572
0.696 0.843 4.94008
0.696 0.892 5.28959
0.696 0.941 8.2574
0.696 0.99 11.7278
0.745 0.01 1.1872
0.745 0.059 1.73165
0.745 0.108 1.95807
0.745 0.157 1.48632
0.745 0.206 1.1687
0.745 0.255 1.22658
0.745 0.304 1.09399
0.745 0.353 1.05261
0.745 0.402 1.06703
0.745 0.451 0.693826
0.745 0.5 0.515503
0.745 0.549 0.829274
0.745 0.598 1.05163
0.745 0.647 0.922608
0.745 0.696 1.21467
0.745 0.745 1.96475
0.745 0.794 2.22893
0.745 0.843 2.04071
0.745 0.892 2.18509
0.745 0.941 3.41107
0.745 0.99 4.84466
0.794 0.01 0.208677
0.794 0.059 0.304376
0.794 0.108 0.344174
0.794 0.157 0.261254
0.794 0.206 0.205424
0.794 0.255 0.215598
0.794 0.304 0.192293
0.794 0.353 0.185019
0.794 0.402 0.187555
0.794 0.451 0.121955
0.794 0.5 0.0906111
0.794 0.549 0.145763
0.794 0.598 0.184847
0.794 0.647 0.162169
0.794 0.696 0.213505
0.794 0.745 0.345349
0.794 0.794 0.391784
0.794 0.843 0.358701
0.794 0.892 0.384078
0.794 0.941 0.599572
0.794 0.99 0.851557
0.843 0.01 0.0182785
0.843 0.059 0.026661
0.843 0.108 0.030147
0.843 0.157 0.0228838
0.843 0.206 0.0179936
0.843 0.255 0.0188848
0.843 0.304 0.0168434
0.843 0.353 0.0162063
0.843 0.402 0.0164283
0.843 0.451 0.0106823
0.843 0.5 0.00793683
0.843 0.549 0.0127677
0.843 0.598 0.0161912
0.843 0.647 0.0142047
0.843 0.696 0.0187014
0.843 0.745 0.0302499
0.843 0.794 0.0343173
0.843 0.843 0.0314194
0.843 0.892 0.0336423
0.843 0.941 0.0525179
0.843 0.99 0.0745898
0.892 0.01 0.038219
0.892 0.059 0.0557462
0.892 0.108 0.0630353
0.892 0.157 0.0478485
0.892 0.206 0.0376233
0.892 0.255 0.0394867
0.892 0.304 0.0352183
0.892 0.353 0.0338862
0.892 0.402 0.0343505
0.892 0.451 0.022336
0.892 0.5 0.0165954
0.892 0.549 0.0266965
0.892 0.598 0.0338547
0.892 0.647 0.0297011
0.892 0.696 0.0391033
0.892 0.745 0.0632504
0.892 0.794 0.071755
0.892 0.843 0.0656958
0.892 0.892 0.0703437
0.892 0.941 0.109811
0.892 0.99 0.155962
0.941 0.01 0.193892
0.941 0.059 0.282811
0.941 0.108 0.319789
0.941 0.157 0.242744
0.941 0.206 0.19087
0.941 0.255 0.200323
0.941 0.304 0.178669
0.941 0.353 0.171911
0.941 0.402 0.174266
0.941 0.451 0.113315
0.941 0.5 0.0841912
0.941 0.549 0.135436
0.941 0.598 0.171751
0.941 0.647 0.150679
0.941 0.696 0.198378
0.941 0.745 0.320881
0.941 0.794 0.364026
0.941 0.843 0.333286
0.941 0.892 0.356866
0.941 0.941 0.557092
0.941 0.99 0.791224
0.99 0.01 0.381247
0.99 0.059 0.556087
0.99 0.108 0.628798
0.99 0.157 0.477304
0.99 0.206 0.375305
0.99 0.255 0.393893
0.99 0.304 0.351314
0.99 0.353 0.338026
0.99 0.402 0.342658
0.99 0.451 0.222809
0.99 0.5 0.165544
0.99 0.549 0.266306
0.99 0.598 0.337711
0.99 0.647 0.296278
0.99 0.696 0.390068
0.99 0.745 0.630944
0.99 0.794 0.71578
0.99 0.843 0.655337
0.99 0.892 0.701701
0.99 0.941 1.0954
0.99 0.99 1.55577
