0.01 0.01 1.11378e-102
0.01 0.059 1.83923e-94
0.01 0.108 1.16276e-86
0.01 0.157 2.81371e-79
0.01 0.206 2.60615e-72
0.01 0.255 9.23959e-66
0.01 0.304 1.25383e-59
0.01 0.353 6.51265e-54
0.01 0.402 1.29482e-48
0.01 0.451 9.85357e-44
0.01 0.5 2.87019e-39
0.01 0.549 3.20009e-35
0.01 0.598 1.36567e-31
0.01 0.647 2.23081e-28
0.01 0.696 1.3948e-25
0.01 0.745 3.33807e-23
0.01 0.794 3.05782e-21
0.01 0.843 1.07216e-19
0.01 0.892 1.43894e-18
0.01 0.941 7.39195e-18
0.01 0.99 1.45348e-17
0.059 0.01 4.39516e-99
0.059 0.059 7.25792e-91
0.059 0.108 4.58847e-83
0.059 0.157 1.11034e-75
0.059 0.206 1.02843e-68
0.059 0.255 3.6461e-62
0.059 0.304 4.94783e-56
0.059 0.353 2.57e-50
0.059 0.402 5.10958e-45
0.059 0.451 3.88839e-40
0.059 0.5 1.13263e-35
0.059 0.549 1.26281e-31
0.059 0.598 5.38917e-28
0.059 0.647 8.80316e-25
0.059 0.696 5.50412e-22
0.059 0.745 1.31726e-19
0.059 0.794 1.20667e-17
0.059 0.843 4.23094e-16
0.059 0.892 5.67831e-15
0.059 0.941 2.91699e-14
0.059 0.99 5.73567e-14
0.108 0.01 6.80805e-96
0.108 0.059 1.12424e-87
0.108 0.108 7.10747e-80
0.108 0.157 1.7199e-72
0.108 0.206 1.59303e-65
0.108 0.255 5.64777e-59
0.108 0.304 7.66413e-53
0.108 0.353 3.9809e-47
0.108 0.402 7.91468e-42
0.108 0.451 6.02307e-37
0.108 0.5 1.75443e-32
0.108 0.549 1.95608e-28
0.108 0.598 8.34775e-25
0.108 0.647 1.3636e-21
0.108 0.696 8.52582e-19
0.108 0.745 2.04042e-16
0.108 0.794 1.86911e-14
0.108 0.843 6.55367e-13
0.108 0.892 8.79564e-12
0.108 0.941 4.51838e-11
0.108 0.99 8.88448e-11
0.157 0.01 4.03622e-93
0.157 0.059 6.66518e-85
0.157 0.108 4.21374e-77
0.157 0.157 1.01966e-69
0.157 0.206 9.44443e-63
0.157 0.255 3.34833e-56
0.157 0.304 4.54375e-50
0.157 0.353 2.36012e-44
0.157 0.402 4.69229e-39
0.157 0.451 3.57083e-34
0.157 0.5 1.04013e-29
0.157 0.549 1.15968e-25
0.157 0.598 4.94904e-22
0.157 0.647 8.08422e-19
0.157 0.696 5.05461e-16
0.157 0.745 1.20968e-13
0.157 0.794 1.10812e-11
0.157 0.843 3.88541e-10
0.157 0.892 5.21458e-09
0.157 0.941 2.67877e-08
0.157 0.99 5.26725e-08
0.206 0.01 9.15871e-91
0.206 0.059 1.51242e-82
0.206 0.108 9.56152e-75
0.206 0.157 2.31374e-67
0.206 0.206 2.14307e-60
0.206 0.255 7.59781e-54
0.206 0.304 1.03104e-47
0.206 0.353 5.35542e-42
0.206 0.402 1.06474e-36
0.206 0.451 8.10269e-32
0.206 0.5 2.36019e-27
0.206 0.549 2.63147e-23
0.206 0.598 1.123e-19
0.206 0.647 1.83442e-16
0.206 0.696 1.14696e-13
0.206 0.745 2.74493e-11
0.206 0.794 2.51447e-09
0.206 0.843 8.8165e-08
0.206 0.892 1.18326e-06
0.206 0.941 6.07848e-06
0.206 0.99 1.19521e-05
0.255 0.01 7.95477e-89
0.255 0.059 1.31361e-80
0.255 0.108 8.30463e-73
0.255 0.157 2.00959e-65
0.255 0.206 1.86135e-58
0.255 0.255 6.59906e-52
0.255 0.304 8.95504e-46
0.255 0.353 4.65143e-40
0.255 0.402 9.24779e-35
0.255 0.451 7.03757e-30
0.255 0.5 2.04994e-25
0.255 0.549 2.28555e-21
0.255 0.598 9.75381e-18
0.255 0.647 1.59328e-14
0.255 0.696 9.96187e-12
0.255 0.745 2.3841e-09
0.255 0.794 2.18394e-07
0.255 0.843 7.65755e-06
0.255 0.892 0.000102771
0.255 0.941 0.000527944
0.255 0.99 0.0010381
0.304 0.01 2.64564e-87
0.304 0.059 4.36886e-79
0.304 0.108 2.762e-71
0.304 0.157 6.68361e-64
0.304 0.206 6.19058e-57
0.304 0.255 2.19475e-50
0.304 0.304 2.97831e-44
0.304 0.353 1.547e-38
0.304 0.402 3.07568e-33
0.304 0.451 2.34059e-28
0.304 0.5 6.81778e-24
0.304 0.549 7.6014e-20
0.304 0.598 3.24397e-16
0.304 0.647 5.299e-13
0.304 0.696 3.31317e-10
0.304 0.745 7.92916e-08
0.304 0.794 7.26345e-06
0.304 0.843 0.000254679
0.304 0.892 0.00341802
0.304 0.941 0.0175586
0.304 0.99 0.0345255
0.353 0.01 3.37876e-86
0.353 0.059 5.5795e-78
0.353 0.108 3.52737e-70
0.353 0.157 8.53569e-63
0.353 0.206 7.90604e-56
0.353 0.255 2.80293e-49
0.353 0.304 3.80363e-43
0.353 0.353 1.97568e-37
0.353 0.402 3.92797e-32
0.353 0.451 2.98919e-27
0.353 0.5 8.70704e-23
0.353 0.549 9.70781e-19
0.353 0.598 4.1429e-15
0.353 0.647 6.76739e-12
0.353 0.696 4.23128e-09
0.353 0.745 1.01264e-06
0.353 0.794 9.27621e-05
0.353 0.843 0.00325252
0.353 0.892 0.0436518
0.353 0.941 0.224243
0.353 0.99 0.440928
0.402 0.01 1.68868e-85
0.402 0.059 2.78859e-77
0.402 0.108 1.76295e-69
0.402 0.157 4.26606e-62
0.402 0.206 3.95137e-55
0.402 0.255 1.40088e-48
0.402 0.304 1.90102e-42
0.402 0.353 9.87429e-37
0.402 0.402 1.96317e-31
0.402 0.451 1.49397e-26
0.402 0.5 4.35171e-22
0.402 0.549 4.85188e-18
0.402 0.598 2.07059e-14
0.402 0.647 3.38229e-11
0.402 0.696 2.11476e-08
0.402 0.745 5.06108e-06
0.402 0.794 0.000463617
0.402 0.843 0.0162558
0.402 0.892 0.218168
0.402 0.941 1.12075
0.402 0.99 2.20372
0.451 0.01 3.70708e-85
0.451 0.059 6.12166e-77
0.451 0.108 3.87012e-69
0.451 0.157 9.36509e-62
0.451 0.206 8.67426e-55
0.451 0.255 3.07529e-48
0.451 0.304 4.17322e-42
0.451 0.353 2.16766e-36
0.451 0.402 4.30965e-31
0.451 0.451 3.27964e-26
0.451 0.5 9.5531e-22
0.451 0.549 1.06511e-17
0.451 0.598 4.54547e-14
0.451 0.647 7.42498e-11
0.451 0.696 4.64243e-08
0.451 0.745 1.11104e-05
0.451 0.794 0.00101776
0.451 0.843 0.0356856
0.451 0.892 0.478935
0.451 0.941 2.46032
0.451 0.99 4.83772
0.5 0.01 5.41059e-85
0.5 0.059 8.93475e-77
0.5 0.108 5.64856e-69
0.5 0.157 1.36686e-61
0.5 0.206 1.26604e-54
0.5 0.255 4.48848e-48
0.5 0.304 6.09095e-42
0.5 0.353 3.16376e-36
0.5 0.402 6.29007e-31
0.5 0.451 4.78674e-26
0.5 0.5 1.3943e-21
0.5 0.549 1.55456e-17
0.5 0.598 6.63425e-14
0.5 0.647 1.0837e-10
0.5 0.696 6.77577e-08
0.5 0.745 1.62159e-05
0.5 0.794 0.00148545
0.5 0.843 0.0520843
0.5 0.892 0.69902
0.5 0.941 3.59092
0.5 0.99 7.06081
0.549 0.01 6.82998e-85
0.549 0.059 1.12786e-76
0.549 0.108 7.13037e-69
0.549 0.157 1.72544e-61
0.549 0.206 1.59816e-54
0.549 0.255 5.66596e-48
0.549 0.304 7.68882e-42
0.549 0.353 3.99373e-36
0.549 0.402 7.94017e-31
0.549 0.451 6.04247e-26
0.549 0.5 1.76008e-21
0.549 0.549 1.96238e-17
0.549 0.598 8.37464e-14
0.549 0.647 1.36799e-10
0.549 0.696 8.55328e-08
0.549 0.745 2.04699e-05
0.549 0.794 0.00187513
0.549 0.843 0.0657478
0.549 0.892 0.882397
0.549 0.941 4.53294
0.549 0.99 8.9131
0.598 0.01 5.99868e-85
0.598 0.059 9.90588e-77
0.598 0.108 6.26251e-69
0.598 0.157 1.51543e-61
0.598 0.206 1.40364e-54
0.598 0.255 4.97634e-48
0.598 0.304 6.75298e-42
0.598 0.353 3.50764e-36
0.598 0.402 6.97374e-31
0.598 0.451 5.30702e-26
0.598 0.5 1.54585e-21
0.598 0.549 1.72353e-17
0.598 0.598 7.35533e-14
0.598 0.647 1.20149e-10
0.598 0.696 7.51223e-08
0.598 0.745 1.79784e-05
0.598 0.794 0.0016469
0.598 0.843 0.0577454
0.598 0.892 0.774997
0.598 0.941 3.98122
0.598 0.99 7.82826
0.647 0.01 8.37019e-85
0.647 0.059 1.38221e-76
0.647 0.108 8.73833e-69
0.647 0.157 2.11454e-61
0.647 0.206 1.95856e-54
0.647 0.255 6.94368e-48
0.647 0.304 9.42271e-42
0.647 0.353 4.89434e-36
0.647 0.402 9.73074e-31
0.647 0.451 7.40509e-26
0.647 0.5 2.15699e-21
0.647 0.549 2.40491e-17
0.647 0.598 1.02632e-13
0.647 0.647 1.67648e-10
0.647 0.696 1.04821e-07
0.647 0.745 2.5086e-05
0.647 0.794 0.00229799
0.647 0.843 0.0805745
0.647 0.892 1.08138
0.647 0.941 5.55515
0.647 0.99 10.9231
0.696 0.01 1.69091e-84
0.696 0.059 2.79227e-76
0.696 0.108 1.76528e-68
0.696 0.157 4.2717e-61
0.696 0.206 3.9566e-54
0.696 0.255 1.40273e-47
0.696 0.304 1.90353e-41
0.696 0.353 9.88734e-36
0.696 0.402 1.96576e-30
0.696 0.451 1.49595e-25
0.696 0.5 4.35746e-21
0.696 0.549 4.85829e-17
0.696 0.598 2.07333e-13
0.696 0.647 3.38676e-10
0.696 0.696 2.11755e-07
0.696 0.745 5.06777e-05
0.696 0.794 0.0046423
0.696 0.843 0.162773
0.696 0.892 2.18457
0.696 0.941 11.2223
0.696 0.99 22.0663
0.745 0.01 2.37453e-84
0.745 0.059 3.92116e-76
0.745 0.108 2.47896e-68
0.745 0.157 5.99871e-61
0.745 0.206 5.5562e-54
0.745 0.255 1.96984e-47
0.745 0.304 2.67311e-41
0.745 0.353 1.38847e-35
0.745 0.402 2.7605e-30
0.745 0.451 2.10074e-25
0.745 0.5 6.11913e-21
0.745 0.549 6.82245e-17
0.745 0.598 2.91155e-13
0.745 0.647 4.75599e-10
0.745 0.696 2.97366e-07
0.745 0.745 7.11662e-05
0.745 0.794 0.00651913
0.745 0.843 0.228581
0.745 0.892 3.06776
0.745 0.941 15.7593
0.745 0.99 30.9875
0.794 0.01 2.24189e-84
0.794 0.059 3.70213e-76
0.794 0.108 2.34049e-68
0.794 0.157 5.66363e-61
0.794 0.206 5.24584e-54
0.794 0.255 1.85981e-47
0.794 0.304 2.5238e-41
0.794 0.353 1.31091e-35
0.794 0.402 2.6063e-30
0.794 0.451 1.98339e-25
0.794 0.5 5.77732e-21
0.794 0.549 6.44136e-17
0.794 0.598 2.74891e-13
0.794 0.647 4.49032e-10
0.794 0.696 2.80755e-07
0.794 0.745 6.71909e-05
0.794 0.794 0.00615498
0.794 0.843 0.215812
0.794 0.892 2.8964
0.794 0.941 14.879
0.794 0.99 29.2566
0.843 0.01 1.87191e-84
0.843 0.059 3.09116e-76
0.843 0.108 1.95424e-68
0.843 0.157 4.72896e-61
0.843 0.206 4.38012e-54
0.843 0.255 1.55288e-47
0.843 0.304 2.10729e-41
0.843 0.353 1.09457e-35
0.843 0.402 2.17618e-30
0.843 0.451 1.65607e-25
0.843 0.5 4.82389e-21
0.843 0.549 5.37834e-17
0.843 0.598 2.29526e-13
0.843 0.647 3.74928e-10
0.843 0.696 2.34422e-07
0.843 0.745 5.61024e-05
0.843 0.794 0.00513922
0.843 0.843 0.180197
0.843 0.892 2.41841
0.843 0.941 12.4235
0.843 0.99 24.4284
0.892 0.01 2.33428e-84
0.892 0.059 3.8547e-76
0.892 0.108 2.43695e-68
0.892 0.157 5.89704e-61
0.892 0.206 5.46203e-54
0.892 0.255 1.93646e-47
0.892 0.304 2.62781e-41
0.892 0.353 1.36494e-35
0.892 0.402 2.71371e-30
0.892 0.451 2.06513e-25
0.892 0.5 6.01542e-21
0.892 0.549 6.70682e-17
0.892 0.598 2.8622e-13
0.892 0.647 4.67538e-10
0.892 0.696 2.92326e-07
0.892 0.745 6.996e-05
0.892 0.794 0.00640864
0.892 0.843 0.224706
0.892 0.892 3.01577
0.892 0.941 15.4922
0.892 0.99 30.4623
0.941 0.01 5.0037e-84
0.941 0.059 8.26283e-76
0.941 0.108 5.22377e-68
0.941 0.157 1.26407e-60
0.941 0.206 1.17083e-53
0.941 0.255 4.15093e-47
0.941 0.304 5.63289e-41
0.941 0.353 2.92584e-35
0.941 0.402 5.81704e-30
0.941 0.451 4.42676e-25
0.941 0.5 1.28945e-20
0.941 0.549 1.43765e-16
0.941 0.598 6.13533e-13
0.941 0.647 1.0022e-09
0.941 0.696 6.26621e-07
0.941 0.745 0.000149964
0.941 0.794 0.0137374
0.941 0.843 0.481674
0.941 0.892 6.46451
0.941 0.941 33.2087
0.941 0.99 65.2981
0.99 0.01 8.24007e-84
0.99 0.059 1.36072e-75
0.99 0.108 8.60248e-68
0.99 0.157 2.08167e-60
0.99 0.206 1.92811e-53
0.99 0.255 6.83573e-47
0.99 0.304 9.27622e-41
0.99 0.353 4.81826e-35
0.99 0.402 9.57947e-30
0.99 0.451 7.28998e-25
0.99 0.5 2.12346e-20
0.99 0.549 2.36752e-16
0.99 0.598 1.01036e-12
0.99 0.647 1.65042e-09
0.99 0.696 1.03192e-06
0.99 0.745 0.00024696
0.99 0.794 0.0226227
0.99 0.843 0.793219
0.99 0.892 10.6457
0.99 0.941 54.6879
0.99 0.99 107.533
