0.01 0.01 5.98434
0.01 0.059 3.67879
0.01 0.108 1.71166
0.01 0.157 1.32855
0.01 0.206 0.98482
0.01 0.255 0.694852
0.01 0.304 1.07879
0.01 0.353 1.75343
0.01 0.402 3.00507
0.01 0.451 5.61802
0.01 0.5 7.44849
0.01 0.549 5.84204
0.01 0.598 2.44954
0.01 0.647 0.488573
0.01 0.696 0.042397
0.01 0.745 0.00152051
0.01 0.794 0.000238238
0.01 0.843 0.0075897
0.01 0.892 0.101859
0.01 0.941 0.523258
0.01 0.99 1.02888
0.059 0.01 4.2512
0.059 0.059 2.61337
0.059 0.108 1.21594
0.059 0.157 0.943784
0.059 0.206 0.699603
0.059 0.255 0.493614
0.059 0.304 0.76636
0.059 0.353 1.24562
0.059 0.402 2.13477
0.059 0.451 3.99097
0.059 0.5 5.29131
0.059 0.549 4.15011
0.059 0.598 1.74012
0.059 0.647 0.347076
0.059 0.696 0.0301183
0.059 0.745 0.00108015
0.059 0.794 0.000169241
0.059 0.843 0.00539162
0.059 0.892 0.0723594
0.059 0.941 0.371716
0.059 0.99 0.730903
0.108 0.01 2.24057
0.108 0.059 1.37736
0.108 0.108 0.640854
0.108 0.157 0.497415
0.108 0.206 0.368721
0.108 0.255 0.260156
0.108 0.304 0.403905
0.108 0.353 0.656494
0.108 0.402 1.12511
0.108 0.451 2.10341
0.108 0.5 2.78875
0.108 0.549 2.18729
0.108 0.598 0.91712
0.108 0.647 0.182924
0.108 0.696 0.0158736
0.108 0.745 0.000569286
0.108 0.794 8.91973e-05
0.108 0.843 0.00284162
0.108 0.892 0.0381366
0.108 0.941 0.19591
0.108 0.99 0.385218
0.157 0.01 0.832725
0.157 0.059 0.511907
0.157 0.108 0.238179
0.157 0.157 0.184869
0.157 0.206 0.137038
0.157 0.255 0.0966891
0.157 0.304 0.150115
0.157 0.353 0.243992
0.157 0.402 0.418158
0.157 0.451 0.781752
0.157 0.5 1.03646
0.157 0.549 0.812924
0.157 0.598 0.340855
0.157 0.647 0.0679852
0.157 0.696 0.00589957
0.157 0.745 0.00021158
0.157 0.794 3.31509e-05
0.157 0.843 0.00105611
0.157 0.892 0.0141738
0.157 0.941 0.0728117
0.157 0.99 0.143169
0.206 0.01 0.399047
0.206 0.059 0.245309
0.206 0.108 0.114137
0.206 0.157 0.0885901
0.206 0.206 0.0656696
0.206 0.255 0.046334
0.206 0.304 0.0719358
0.206 0.353 0.116922
0.206 0.402 0.200384
0.206 0.451 0.37462
0.206 0.5 0.496679
0.206 0.549 0.389558
0.206 0.598 0.16334
0.206 0.647 0.0325789
0.206 0.696 0.00282711
0.206 0.745 0.00010139
0.206 0.794 1.58861e-05
0.206 0.843 0.000506095
0.206 0.892 0.00679216
0.206 0.941 0.0348918
0.206 0.99 0.0686076
0.255 0.01 0.724097
0.255 0.059 0.445129
0.255 0.108 0.207109
0.255 0.157 0.160753
0.255 0.206 0.119162
0.255 0.255 0.0840761
0.255 0.304 0.130532
0.255 0.353 0.212163
0.255 0.402 0.36361
0.255 0.451 0.679773
0.255 0.5 0.901257
0.255 0.549 0.706879
0.255 0.598 0.296391
0.255 0.647 0.0591166
0.255 0.696 0.00512998
0.255 0.745 0.00018398
0.255 0.794 2.88264e-05
0.255 0.843 0.000918343
0.255 0.892 0.0123248
0.255 0.941 0.0633135
0.255 0.99 0.124493
0.304 0.01 1.00916
0.304 0.059 0.620367
0.304 0.108 0.288643
0.304 0.157 0.224038
0.304 0.206 0.166074
0.304 0.255 0.117175
0.304 0.304 0.18192
0.304 0.353 0.295687
0.304 0.402 0.506756
0.304 0.451 0.947386
0.304 0.5 1.25606
0.304 0.549 0.985163
0.304 0.598 0.413074
0.304 0.647 0.0823896
0.304 0.696 0.00714955
0.304 0.745 0.000256409
0.304 0.794 4.01748e-05
0.304 0.843 0.00127988
0.304 0.892 0.0171769
0.304 0.941 0.0882388
0.304 0.99 0.173504
0.353 0.01 1.39957
0.353 0.059 0.860367
0.353 0.108 0.40031
0.353 0.157 0.310711
0.353 0.206 0.230322
0.353 0.255 0.162506
0.353 0.304 0.252299
0.353 0.353 0.410079
0.353 0.402 0.702803
0.353 0.451 1.3139
0.353 0.5 1.74199
0.353 0.549 1.36629
0.353 0.598 0.572879
0.353 0.647 0.114264
0.353 0.696 0.00991548
0.353 0.745 0.000355605
0.353 0.794 5.57171e-05
0.353 0.843 0.00177502
0.353 0.892 0.023822
0.353 0.941 0.122375
0.353 0.99 0.240627
0.402 0.01 1.5036
0.402 0.059 0.92432
0.402 0.108 0.430066
0.402 0.157 0.333806
0.402 0.206 0.247442
0.402 0.255 0.174586
0.402 0.304 0.271053
0.402 0.353 0.440561
0.402 0.402 0.755044
0.402 0.451 1.41156
0.402 0.5 1.87148
0.402 0.549 1.46785
0.402 0.598 0.615463
0.402 0.647 0.122757
0.402 0.696 0.0106525
0.402 0.745 0.000382038
0.402 0.794 5.98587e-05
0.402 0.843 0.00190696
0.402 0.892 0.0255928
0.402 0.941 0.131472
0.402 0.99 0.258513
0.451 0.01 0.719929
0.451 0.059 0.442567
0.451 0.108 0.205917
0.451 0.157 0.159827
0.451 0.206 0.118476
0.451 0.255 0.0835922
0.451 0.304 0.129781
0.451 0.353 0.210942
0.451 0.402 0.361517
0.451 0.451 0.67586
0.451 0.5 0.89607
0.451 0.549 0.70281
0.451 0.598 0.294685
0.451 0.647 0.0587764
0.451 0.696 0.00510045
0.451 0.745 0.000182921
0.451 0.794 2.86605e-05
0.451 0.843 0.000913057
0.451 0.892 0.0122539
0.451 0.941 0.0629491
0.451 0.99 0.123777
0.5 0.01 0.152693
0.5 0.059 0.0938658
0.5 0.108 0.0436737
0.5 0.157 0.0338984
0.5 0.206 0.0251281
0.5 0.255 0.0177294
0.5 0.304 0.0275258
0.5 0.353 0.0447395
0.5 0.402 0.0766756
0.5 0.451 0.143346
0.5 0.5 0.190051
0.5 0.549 0.149062
0.5 0.598 0.0625009
0.5 0.647 0.0124661
0.5 0.696 0.00108178
0.5 0.745 3.87964e-05
0.5 0.794 6.07872e-06
0.5 0.843 0.000193654
0.5 0.892 0.00259897
0.5 0.941 0.0133511
0.5 0.99 0.0262523
0.549 0.01 0.175205
0.549 0.059 0.107705
0.549 0.108 0.0501127
0.549 0.157 0.0388962
0.549 0.206 0.0288328
0.549 0.255 0.0203433
0.549 0.304 0.031584
0.549 0.353 0.0513356
0.549 0.402 0.0879802
0.549 0.451 0.16448
0.549 0.5 0.218071
0.549 0.549 0.171039
0.549 0.598 0.0717157
0.549 0.647 0.014304
0.549 0.696 0.00124127
0.549 0.745 4.45163e-05
0.549 0.794 6.97493e-06
0.549 0.843 0.000222205
0.549 0.892 0.00298215
0.549 0.941 0.0153195
0.549 0.99 0.0301228
0.598 0.01 0.577056
0.598 0.059 0.354737
0.598 0.108 0.165051
0.598 0.157 0.128109
0.598 0.206 0.0949638
0.598 0.255 0.0670029
0.598 0.304 0.104025
0.598 0.353 0.169079
0.598 0.402 0.289772
0.598 0.451 0.541732
0.598 0.5 0.71824
0.598 0.549 0.563334
0.598 0.598 0.236203
0.598 0.647 0.0471119
0.598 0.696 0.00408824
0.598 0.745 0.000146619
0.598 0.794 2.29727e-05
0.598 0.843 0.000731856
0.598 0.892 0.00982203
0.598 0.941 0.0504565
0.598 0.99 0.0992125
0.647 0.01 0.897829
0.647 0.059 0.551928
0.647 0.108 0.2568
0.647 0.157 0.199322
0.647 0.206 0.147752
0.647 0.255 0.104248
0.647 0.304 0.161851
0.647 0.353 0.263067
0.647 0.402 0.45085
0.647 0.451 0.84287
0.647 0.5 1.11749
0.647 0.549 0.87648
0.647 0.598 0.367504
0.647 0.647 0.0733004
0.647 0.696 0.00636081
0.647 0.745 0.000228122
0.647 0.794 3.57427e-05
0.647 0.843 0.00113868
0.647 0.892 0.0152819
0.647 0.941 0.0785042
0.647 0.99 0.154363
0.696 0.01 1.15888
0.696 0.059 0.712404
0.696 0.108 0.331466
0.696 0.157 0.257276
0.696 0.206 0.190712
0.696 0.255 0.134559
0.696 0.304 0.20891
0.696 0.353 0.339555
0.696 0.402 0.581938
0.696 0.451 1.08794
0.696 0.5 1.44241
0.696 0.549 1.13132
0.696 0.598 0.474358
0.696 0.647 0.0946129
0.696 0.696 0.00821025
0.696 0.745 0.000294449
0.696 0.794 4.61351e-05
0.696 0.843 0.00146976
0.696 0.892 0.0197252
0.696 0.941 0.10133
0.696 0.99 0.199244
0.745 0.01 1.56397
0.745 0.059 0.961427
0.745 0.108 0.447331
0.745 0.157 0.347207
0.745 0.206 0.257376
0.745 0.255 0.181595
0.745 0.304 0.281935
0.745 0.353 0.458248
0.745 0.402 0.785355
0.745 0.451 1.46823
0.745 0.5 1.94661
0.745 0.549 1.52678
0.745 0.598 0.64017
0.745 0.647 0.127685
0.745 0.696 0.0110802
0.745 0.745 0.000397375
0.745 0.794 6.22617e-05
0.745 0.843 0.00198351
0.745 0.892 0.0266202
0.745 0.941 0.13675
0.745 0.99 0.268891
0.794 0.01 1.12313
0.794 0.059 0.690427
0.794 0.108 0.321241
0.794 0.157 0.249339
0.794 0.206 0.184829
0.794 0.255 0.130408
0.794 0.304 0.202465
0.794 0.353 0.32908
0.794 0.402 0.563985
0.794 0.451 1.05438
0.794 0.5 1.39792
0.794 0.549 1.09642
0.794 0.598 0.459724
0.794 0.647 0.0916942
0.794 0.696 0.00795697
0.794 0.745 0.000285366
0.794 0.794 4.47119e-05
0.794 0.843 0.00142442
0.794 0.892 0.0191167
0.794 0.941 0.0982038
0.794 0.99 0.193098
0.843 0.01 0.79576
0.843 0.059 0.489182
0.843 0.108 0.227606
0.843 0.157 0.176662
0.843 0.206 0.130955
0.843 0.255 0.092397
0.843 0.304 0.143451
0.843 0.353 0.23316
0.843 0.402 0.399596
0.843 0.451 0.747049
0.843 0.5 0.990453
0.843 0.549 0.776837
0.843 0.598 0.325724
0.843 0.647 0.0649673
0.843 0.696 0.00563768
0.843 0.745 0.000202188
0.843 0.794 3.16793e-05
0.843 0.843 0.00100923
0.843 0.892 0.0135446
0.843 0.941 0.0695795
0.843 0.99 0.136814
0.892 0.01 3.6689
0.892 0.059 2.25541
0.892 0.108 1.04939
0.892 0.157 0.814512
0.892 0.206 0.603777
0.892 0.255 0.426002
0.892 0.304 0.66139
0.892 0.353 1.075
0.892 0.402 1.84236
0.892 0.451 3.44432
0.892 0.5 4.56655
0.892 0.549 3.58166
0.892 0.598 1.50177
0.892 0.647 0.299536
0.892 0.696 0.0259929
0.892 0.745 0.0009322
0.892 0.794 0.00014606
0.892 0.843 0.00465312
0.892 0.892 0.0624482
0.892 0.941 0.320801
0.892 0.99 0.63079
0.941 0.01 14.4063
0.941 0.059 8.85606
0.941 0.108 4.12053
0.941 0.157 3.19825
0.941 0.206 2.37078
0.941 0.255 1.67274
0.941 0.304 2.59701
0.941 0.353 4.22109
0.941 0.402 7.2342
0.941 0.451 13.5244
0.941 0.5 17.931
0.941 0.549 14.0637
0.941 0.598 5.89685
0.941 0.647 1.17615
0.941 0.696 0.102063
0.941 0.745 0.00366037
0.941 0.794 0.000573516
0.941 0.843 0.0182709
0.941 0.892 0.245208
0.941 0.941 1.25965
0.941 0.99 2.47685
0.99 0.01 26.2282
0.99 0.059 16.1234
0.99 0.108 7.50186
0.99 0.157 5.82276
0.99 0.206 4.31627
0.99 0.255 3.04539
0.99 0.304 4.72813
0.99 0.353 7.68494
0.99 0.402 13.1706
0.99 0.451 24.6226
0.99 0.5 32.6452
0.99 0.549 25.6045
0.99 0.598 10.7358
0.99 0.647 2.14131
0.99 0.696 0.185817
0.99 0.745 0.00666409
0.99 0.794 0.00104415
0.99 0.843 0.0332641
0.99 0.892 0.446428
0.99 0.941 2.29333
0.99 0.99 4.50937
