0.01 0.01 4.69237
0.01 0.059 2.96439
0.01 0.108 1.4323
0.01 0.157 0.707406
0.01 0.206 0.405828
0.01 0.255 0.544425
0.01 0.304 0.785604
0.01 0.353 0.788639
0.01 0.402 0.43543
0.01 0.451 0.35659
0.01 0.5 0.663929
0.01 0.549 0.995897
0.01 0.598 1.29738
0.01 0.647 1.93869
0.01 0.696 2.25163
0.01 0.745 1.78378
0.01 0.794 1.37395
0.01 0.843 1.17689
0.01 0.892 1.5087
0.01 0.941 2.38007
0.01 0.99 3.17548
0.059 0.01 3.02707
0.059 0.059 1.91234
0.059 0.108 0.923983
0.059 0.157 0.456351
0.059 0.206 0.261802
0.059 0.255 0.351212
0.059 0.304 0.506797
0.059 0.353 0.508755
0.059 0.402 0.280898
0.059 0.451 0.230038
0.059 0.5 0.428304
0.059 0.549 0.642458
0.059 0.598 0.836947
0.059 0.647 1.25066
0.059 0.696 1.45254
0.059 0.745 1.15073
0.059 0.794 0.886345
0.059 0.843 0.759217
0.059 0.892 0.97327
0.059 0.941 1.5354
0.059 0.99 2.04852
0.108 0.01 2.0264
0.108 0.059 1.28017
0.108 0.108 0.618538
0.108 0.157 0.305493
0.108 0.206 0.175257
0.108 0.255 0.23511
0.108 0.304 0.339263
0.108 0.353 0.340574
0.108 0.402 0.18804
0.108 0.451 0.153993
0.108 0.5 0.286718
0.108 0.549 0.430078
0.108 0.598 0.560274
0.108 0.647 0.837221
0.108 0.696 0.972365
0.108 0.745 0.770325
0.108 0.794 0.593342
0.108 0.843 0.508239
0.108 0.892 0.651532
0.108 0.941 1.02783
0.108 0.99 1.37133
0.157 0.01 2.27678
0.157 0.059 1.43835
0.157 0.108 0.694966
0.157 0.157 0.34324
0.157 0.206 0.196912
0.157 0.255 0.264161
0.157 0.304 0.381183
0.157 0.353 0.382656
0.157 0.402 0.211275
0.157 0.451 0.173021
0.157 0.5 0.322145
0.157 0.549 0.483219
0.157 0.598 0.629502
0.157 0.647 0.94067
0.157 0.696 1.09251
0.157 0.745 0.865508
0.157 0.794 0.666657
0.157 0.843 0.571038
0.157 0.892 0.732037
0.157 0.941 1.15484
0.157 0.99 1.54078
0.206 0.01 1.69634
0.206 0.059 1.07166
0.206 0.108 0.517791
0.206 0.157 0.255735
0.206 0.206 0.146711
0.206 0.255 0.196816
0.206 0.304 0.284004
0.206 0.353 0.285102
0.206 0.402 0.157413
0.206 0.451 0.128911
0.206 0.5 0.240017
0.206 0.549 0.360027
0.206 0.598 0.469017
0.206 0.647 0.700856
0.206 0.696 0.813988
0.206 0.745 0.644856
0.206 0.794 0.496699
0.206 0.843 0.425458
0.206 0.892 0.545411
0.206 0.941 0.860422
0.206 0.99 1.14797
0.255 0.01 0.581259
0.255 0.059 0.367209
0.255 0.108 0.177424
0.255 0.157 0.0876287
0.255 0.206 0.0502713
0.255 0.255 0.0674398
0.255 0.304 0.0973153
0.255 0.353 0.0976914
0.255 0.402 0.0539382
0.255 0.451 0.044172
0.255 0.5 0.082243
0.255 0.549 0.123365
0.255 0.598 0.160711
0.255 0.647 0.240151
0.255 0.696 0.278917
0.255 0.745 0.220963
0.255 0.794 0.170196
0.255 0.843 0.145785
0.255 0.892 0.186888
0.255 0.941 0.294828
0.255 0.99 0.393357
0.304 0.01 0.222489
0.304 0.059 0.140557
0.304 0.108 0.0679125
0.304 0.157 0.0335417
0.304 0.206 0.0192424
0.304 0.255 0.025814
0.304 0.304 0.0372494
0.304 0.353 0.0373934
0.304 0.402 0.0206459
0.304 0.451 0.0169077
0.304 0.5 0.0314802
0.304 0.549 0.0472205
0.304 0.598 0.0615154
0.304 0.647 0.0919229
0.304 0.696 0.106761
0.304 0.745 0.084578
0.304 0.794 0.0651461
0.304 0.843 0.0558022
0.304 0.892 0.0715351
0.304 0.941 0.112851
0.304 0.99 0.150566
0.353 0.01 0.629641
0.353 0.059 0.397774
0.353 0.108 0.192192
0.353 0.157 0.0949225
0.353 0.206 0.0544557
0.353 0.255 0.0730532
0.353 0.304 0.105415
0.353 0.353 0.105823
0.353 0.402 0.0584278
0.353 0.451 0.0478487
0.353 0.5 0.0890886
0.353 0.549 0.133633
0.353 0.598 0.174088
0.353 0.647 0.260141
0.353 0.696 0.302133
0.353 0.745 0.239355
0.353 0.794 0.184363
0.353 0.843 0.15792
0.353 0.892 0.202443
0.353 0.941 0.319368
0.353 0.99 0.426099
0.402 0.01 1.34177
0.402 0.059 0.847656
0.402 0.108 0.409561
0.402 0.157 0.20228
0.402 0.206 0.116045
0.402 0.255 0.155676
0.402 0.304 0.22464
0.402 0.353 0.225509
0.402 0.402 0.12451
0.402 0.451 0.101966
0.402 0.5 0.189848
0.402 0.549 0.284773
0.402 0.598 0.370981
0.402 0.647 0.55436
0.402 0.696 0.643845
0.402 0.745 0.510066
0.402 0.794 0.392877
0.402 0.843 0.336527
0.402 0.892 0.431407
0.402 0.941 0.680573
0.402 0.99 0.908017
0.451 0.01 1.911
0.451 0.059 1.20727
0.451 0.108 0.583314
0.451 0.157 0.288096
0.451 0.206 0.165276
0.451 0.255 0.221721
0.451 0.304 0.319943
0.451 0.353 0.321179
0.451 0.402 0.177332
0.451 0.451 0.145224
0.451 0.5 0.27039
0.451 0.549 0.405586
0.451 0.598 0.528367
0.451 0.647 0.789543
0.451 0.696 0.916991
0.451 0.745 0.726457
0.451 0.794 0.559553
0.451 0.843 0.479296
0.451 0.892 0.614429
0.451 0.941 0.969302
0.451 0.99 1.29324
0.5 0.01 1.66763
0.5 0.059 1.05352
0.5 0.108 0.509029
0.5 0.157 0.251407
0.5 0.206 0.144229
0.5 0.255 0.193485
0.5 0.304 0.279198
0.5 0.353 0.280277
0.5 0.402 0.154749
0.5 0.451 0.12673
0.5 0.5 0.235956
0.5 0.549 0.353935
0.5 0.598 0.46108
0.5 0.647 0.688995
0.5 0.696 0.800213
0.5 0.745 0.633943
0.5 0.794 0.488294
0.5 0.843 0.418258
0.5 0.892 0.536181
0.5 0.941 0.845861
0.5 0.99 1.12854
0.549 0.01 0.751243
0.549 0.059 0.474595
0.549 0.108 0.229309
0.549 0.157 0.113255
0.549 0.206 0.0649727
0.549 0.255 0.0871619
0.549 0.304 0.125774
0.549 0.353 0.12626
0.549 0.402 0.0697119
0.549 0.451 0.0570897
0.549 0.5 0.106294
0.549 0.549 0.159442
0.549 0.598 0.207709
0.549 0.647 0.310382
0.549 0.696 0.360483
0.549 0.745 0.285581
0.549 0.794 0.219969
0.549 0.843 0.188419
0.549 0.892 0.241541
0.549 0.941 0.381047
0.549 0.99 0.508391
0.598 0.01 0.579345
0.598 0.059 0.365999
0.598 0.108 0.176839
0.598 0.157 0.0873401
0.598 0.206 0.0501058
0.598 0.255 0.0672177
0.598 0.304 0.0969949
0.598 0.353 0.0973697
0.598 0.402 0.0537606
0.598 0.451 0.0440265
0.598 0.5 0.0819722
0.598 0.549 0.122959
0.598 0.598 0.160182
0.598 0.647 0.239361
0.598 0.696 0.277998
0.598 0.745 0.220235
0.598 0.794 0.169636
0.598 0.843 0.145305
0.598 0.892 0.186272
0.598 0.941 0.293857
0.598 0.99 0.392062
0.647 0.01 1.09148
0.647 0.059 0.689536
0.647 0.108 0.333162
0.647 0.157 0.164547
0.647 0.206 0.0943984
0.647 0.255 0.126637
0.647 0.304 0.182737
0.647 0.353 0.183443
0.647 0.402 0.101284
0.647 0.451 0.0829452
0.647 0.5 0.154434
0.647 0.549 0.231652
0.647 0.598 0.301779
0.647 0.647 0.450951
0.647 0.696 0.523744
0.647 0.745 0.414919
0.647 0.794 0.319591
0.647 0.843 0.273752
0.647 0.892 0.350934
0.647 0.941 0.553621
0.647 0.99 0.738638
0.696 0.01 1.64971
0.696 0.059 1.0422
0.696 0.108 0.503558
0.696 0.157 0.248705
0.696 0.206 0.142678
0.696 0.255 0.191405
0.696 0.304 0.276197
0.696 0.353 0.277265
0.696 0.402 0.153086
0.696 0.451 0.125368
0.696 0.5 0.23342
0.696 0.549 0.350131
0.696 0.598 0.456125
0.696 0.647 0.68159
0.696 0.696 0.791613
0.696 0.745 0.62713
0.696 0.794 0.483046
0.696 0.843 0.413763
0.696 0.892 0.530419
0.696 0.941 0.83677
0.696 0.99 1.11641
0.745 0.01 2.01043
0.745 0.059 1.27009
0.745 0.108 0.613665
0.745 0.157 0.303086
0.745 0.206 0.173876
0.745 0.255 0.233258
0.745 0.304 0.33659
0.745 0.353 0.337891
0.745 0.402 0.186559
0.745 0.451 0.15278
0.745 0.5 0.284459
0.745 0.549 0.42669
0.745 0.598 0.55586
0.745 0.647 0.830626
0.745 0.696 0.964705
0.745 0.745 0.764257
0.745 0.794 0.588668
0.745 0.843 0.504235
0.745 0.892 0.646399
0.745 0.941 1.01974
0.745 0.99 1.36053
0.794 0.01 2.08927
0.794 0.059 1.31989
0.794 0.108 0.637729
0.794 0.157 0.314971
0.794 0.206 0.180694
0.794 0.255 0.242405
0.794 0.304 0.349789
0.794 0.353 0.35114
0.794 0.402 0.193875
0.794 0.451 0.158771
0.794 0.5 0.295613
0.794 0.549 0.443421
0.794 0.598 0.577657
0.794 0.647 0.863197
0.794 0.696 1.00253
0.794 0.745 0.794225
0.794 0.794 0.611751
0.794 0.843 0.524008
0.794 0.892 0.671746
0.794 0.941 1.05972
0.794 0.99 1.41388
0.843 0.01 3.42184
0.843 0.059 2.16174
0.843 0.108 1.04448
0.843 0.157 0.515866
0.843 0.206 0.295945
0.843 0.255 0.397015
0.843 0.304 0.572891
0.843 0.353 0.575104
0.843 0.402 0.317531
0.843 0.451 0.260038
0.843 0.5 0.484161
0.843 0.549 0.726244
0.843 0.598 0.946097
0.843 0.647 1.41376
0.843 0.696 1.64197
0.843 0.745 1.3008
0.843 0.794 1.00194
0.843 0.843 0.85823
0.843 0.892 1.1002
0.843 0.941 1.73564
0.843 0.99 2.31568
0.892 0.01 6.63406
0.892 0.059 4.19105
0.892 0.108 2.02498
0.892 0.157 1.00013
0.892 0.206 0.573759
0.892 0.255 0.769707
0.892 0.304 1.11068
0.892 0.353 1.11498
0.892 0.402 0.61561
0.892 0.451 0.504146
0.892 0.5 0.938661
0.892 0.549 1.408
0.892 0.598 1.83423
0.892 0.647 2.74091
0.892 0.696 3.18335
0.892 0.745 2.5219
0.892 0.794 1.94249
0.892 0.843 1.66388
0.892 0.892 2.133
0.892 0.941 3.36494
0.892 0.99 4.48949
0.941 0.01 14.1985
0.941 0.059 8.96985
0.941 0.108 4.33395
0.941 0.157 2.14052
0.941 0.206 1.22798
0.941 0.255 1.64736
0.941 0.304 2.37713
0.941 0.353 2.38632
0.941 0.402 1.31755
0.941 0.451 1.079
0.941 0.5 2.00896
0.941 0.549 3.01345
0.941 0.598 3.92571
0.941 0.647 5.86621
0.941 0.696 6.81313
0.941 0.745 5.39749
0.941 0.794 4.15741
0.941 0.843 3.56111
0.941 0.892 4.56513
0.941 0.941 7.20179
0.941 0.99 9.60859
0.99 0.01 22.7075
0.99 0.059 14.3454
0.99 0.108 6.93125
0.99 0.157 3.42331
0.99 0.206 1.9639
0.99 0.255 2.63461
0.99 0.304 3.80173
0.99 0.353 3.81642
0.99 0.402 2.10715
0.99 0.451 1.72563
0.99 0.5 3.21291
0.99 0.549 4.81939
0.99 0.598 6.27835
0.99 0.647 9.38178
0.99 0.696 10.8962
0.99 0.745 8.63215
0.99 0.794 6.6489
0.99 0.843 5.69526
0.99 0.892 7.30097
0.99 0.941 11.5178
0.99 0.99 15.3669
