0.01 0.01 13.98
0.01 0.059 8.19203
0.01 0.108 4.79619
0.01 0.157 5.86652
0.01 0.206 5.3541
0.01 0.255 2.682
0.01 0.304 2.12189
0.01 0.353 3.50283
0.01 0.402 4.99685
0.01 0.451 4.92233
0.01 0.5 2.49394
0.01 0.549 1.69062
0.01 0.598 3.1592
0.01 0.647 4.88266
0.01 0.696 5.32758
0.01 0.745 3.57059
0.01 0.794 3.8345
0.01 0.843 7.45461
0.01 0.892 15.6345
0.01 0.941 40.7953
0.01 0.99 68.9634
0.059 0.01 7.56038
0.059 0.059 4.43026
0.059 0.108 2.59378
0.059 0.157 3.17262
0.059 0.206 2.8955
0.059 0.255 1.45043
0.059 0.304 1.14752
0.059 0.353 1.89434
0.059 0.402 2.7023
0.059 0.451 2.662
0.059 0.5 1.34872
0.059 0.549 0.914288
0.059 0.598 1.7085
0.059 0.647 2.64054
0.059 0.696 2.88116
0.059 0.745 1.93098
0.059 0.794 2.0737
0.059 0.843 4.03146
0.059 0.892 8.45514
0.059 0.941 22.0621
0.059 0.99 37.2954
0.108 0.01 2.29537
0.108 0.059 1.34505
0.108 0.108 0.787486
0.108 0.157 0.963224
0.108 0.206 0.87909
0.108 0.255 0.440357
0.108 0.304 0.348394
0.108 0.353 0.57513
0.108 0.402 0.820432
0.108 0.451 0.808197
0.108 0.5 0.40948
0.108 0.549 0.277583
0.108 0.598 0.51871
0.108 0.647 0.801683
0.108 0.696 0.874735
0.108 0.745 0.586256
0.108 0.794 0.629586
0.108 0.843 1.22397
0.108 0.892 2.56703
0.108 0.941 6.69819
0.108 0.99 11.3231
0.157 0.01 0.965812
0.157 0.059 0.56595
0.157 0.108 0.331347
0.157 0.157 0.405291
0.157 0.206 0.36989
0.157 0.255 0.185287
0.157 0.304 0.146592
0.157 0.353 0.241995
0.157 0.402 0.345209
0.157 0.451 0.340061
0.157 0.5 0.172295
0.157 0.549 0.116797
0.157 0.598 0.218255
0.157 0.647 0.33732
0.157 0.696 0.368058
0.157 0.745 0.246676
0.157 0.794 0.264908
0.157 0.843 0.515005
0.157 0.892 1.08011
0.157 0.941 2.81836
0.157 0.99 4.76437
0.206 0.01 0.471926
0.206 0.059 0.276541
0.206 0.108 0.161906
0.206 0.157 0.198038
0.206 0.206 0.18074
0.206 0.255 0.0905369
0.206 0.304 0.0716293
0.206 0.353 0.118246
0.206 0.402 0.16868
0.206 0.451 0.166164
0.206 0.5 0.0841886
0.206 0.549 0.0570707
0.206 0.598 0.106646
0.206 0.647 0.164825
0.206 0.696 0.179845
0.206 0.745 0.120534
0.206 0.794 0.129442
0.206 0.843 0.251648
0.206 0.892 0.527778
0.206 0.941 1.37714
0.206 0.99 2.32802
0.255 0.01 0.507203
0.255 0.059 0.297213
0.255 0.108 0.174009
0.255 0.157 0.212841
0.255 0.206 0.19425
0.255 0.255 0.0973047
0.255 0.304 0.0769837
0.255 0.353 0.127085
0.255 0.402 0.181289
0.255 0.451 0.178585
0.255 0.5 0.0904819
0.255 0.549 0.0613368
0.255 0.598 0.114618
0.255 0.647 0.177146
0.255 0.696 0.193288
0.255 0.745 0.129544
0.255 0.794 0.139118
0.255 0.843 0.270459
0.255 0.892 0.56723
0.255 0.941 1.48008
0.255 0.99 2.50204
0.304 0.01 0.945949
0.304 0.059 0.554311
0.304 0.108 0.324532
0.304 0.157 0.396956
0.304 0.206 0.362283
0.304 0.255 0.181476
0.304 0.304 0.143577
0.304 0.353 0.237018
0.304 0.402 0.33811
0.304 0.451 0.333067
0.304 0.5 0.168752
0.304 0.549 0.114395
0.304 0.598 0.213766
0.304 0.647 0.330383
0.304 0.696 0.360489
0.304 0.745 0.241603
0.304 0.794 0.25946
0.304 0.843 0.504414
0.304 0.892 1.0579
0.304 0.941 2.7604
0.304 0.99 4.66638
0.353 0.01 1.06701
0.353 0.059 0.625252
0.353 0.108 0.366066
0.353 0.157 0.447759
0.353 0.206 0.408649
0.353 0.255 0.204702
0.353 0.304 0.161952
0.353 0.353 0.267352
0.353 0.402 0.381381
0.353 0.451 0.375694
0.353 0.5 0.190349
0.353 0.549 0.129036
0.353 0.598 0.241125
0.353 0.647 0.372666
0.353 0.696 0.406624
0.353 0.745 0.272524
0.353 0.794 0.292666
0.353 0.843 0.568969
0.353 0.892 1.19329
0.353 0.941 3.11368
0.353 0.99 5.26359
0.402 0.01 0.878461
0.402 0.059 0.514764
0.402 0.108 0.301379
0.402 0.157 0.368635
0.402 0.206 0.336436
0.402 0.255 0.168529
0.402 0.304 0.133334
0.402 0.353 0.220108
0.402 0.402 0.313987
0.402 0.451 0.309305
0.402 0.5 0.156712
0.402 0.549 0.106234
0.402 0.598 0.198515
0.402 0.647 0.306812
0.402 0.696 0.334769
0.402 0.745 0.224366
0.402 0.794 0.240949
0.402 0.843 0.468426
0.402 0.892 0.982425
0.402 0.941 2.56346
0.402 0.99 4.33346
0.451 0.01 0.963738
0.451 0.059 0.564735
0.451 0.108 0.330635
0.451 0.157 0.404421
0.451 0.206 0.369096
0.451 0.255 0.184889
0.451 0.304 0.146277
0.451 0.353 0.241475
0.451 0.402 0.344468
0.451 0.451 0.339331
0.451 0.5 0.171925
0.451 0.549 0.116546
0.451 0.598 0.217786
0.451 0.647 0.336596
0.451 0.696 0.367268
0.451 0.745 0.246146
0.451 0.794 0.264339
0.451 0.843 0.513899
0.451 0.892 1.0778
0.451 0.941 2.81231
0.451 0.99 4.75413
0.5 0.01 0.980694
0.5 0.059 0.574671
0.5 0.108 0.336452
0.5 0.157 0.411536
0.5 0.206 0.37559
0.5 0.255 0.188142
0.5 0.304 0.148851
0.5 0.353 0.245724
0.5 0.402 0.350528
0.5 0.451 0.345301
0.5 0.5 0.17495
0.5 0.549 0.118597
0.5 0.598 0.221618
0.5 0.647 0.342518
0.5 0.696 0.373729
0.5 0.745 0.250477
0.5 0.794 0.26899
0.5 0.843 0.522941
0.5 0.892 1.09676
0.5 0.941 2.86179
0.5 0.99 4.83778
0.549 0.01 0.638012
0.549 0.059 0.373865
0.549 0.108 0.218886
0.549 0.157 0.267734
0.549 0.206 0.244348
0.549 0.255 0.1224
0.549 0.304 0.0968381
0.549 0.353 0.159861
0.549 0.402 0.228044
0.549 0.451 0.224643
0.549 0.5 0.113817
0.549 0.549 0.0771558
0.549 0.598 0.144178
0.549 0.647 0.222833
0.549 0.696 0.243138
0.549 0.745 0.162953
0.549 0.794 0.174997
0.549 0.843 0.340211
0.549 0.892 0.71352
0.549 0.941 1.8618
0.549 0.99 3.14732
0.598 0.01 0.529504
0.598 0.059 0.310281
0.598 0.108 0.18166
0.598 0.157 0.2222
0.598 0.206 0.202791
0.598 0.255 0.101583
0.598 0.304 0.0803686
0.598 0.353 0.132673
0.598 0.402 0.18926
0.598 0.451 0.186438
0.598 0.5 0.0944602
0.598 0.549 0.0640337
0.598 0.598 0.119658
0.598 0.647 0.184935
0.598 0.696 0.201787
0.598 0.745 0.135239
0.598 0.794 0.145235
0.598 0.843 0.28235
0.598 0.892 0.59217
0.598 0.941 1.54516
0.598 0.99 2.61205
0.647 0.01 0.722678
0.647 0.059 0.423478
0.647 0.108 0.247933
0.647 0.157 0.303263
0.647 0.206 0.276774
0.647 0.255 0.138643
0.647 0.304 0.109689
0.647 0.353 0.181075
0.647 0.402 0.258306
0.647 0.451 0.254454
0.647 0.5 0.128921
0.647 0.549 0.0873946
0.647 0.598 0.163311
0.647 0.647 0.252403
0.647 0.696 0.275403
0.647 0.745 0.184578
0.647 0.794 0.19822
0.647 0.843 0.385358
0.647 0.892 0.808206
0.647 0.941 2.10887
0.647 0.99 3.56498
0.696 0.01 0.883359
0.696 0.059 0.517634
0.696 0.108 0.303059
0.696 0.157 0.370691
0.696 0.206 0.338312
0.696 0.255 0.169469
0.696 0.304 0.134077
0.696 0.353 0.221335
0.696 0.402 0.315738
0.696 0.451 0.311029
0.696 0.5 0.157586
0.696 0.549 0.106826
0.696 0.598 0.199622
0.696 0.647 0.308523
0.696 0.696 0.336636
0.696 0.745 0.225617
0.696 0.794 0.242292
0.696 0.843 0.471038
0.696 0.892 0.987903
0.696 0.941 2.57775
0.696 0.99 4.35762
0.745 0.01 0.60443
0.745 0.059 0.354186
0.745 0.108 0.207365
0.745 0.157 0.253642
0.745 0.206 0.231487
0.745 0.255 0.115957
0.745 0.304 0.0917409
0.745 0.353 0.151447
0.745 0.402 0.216041
0.745 0.451 0.212819
0.745 0.5 0.107827
0.745 0.549 0.0730946
0.745 0.598 0.13659
0.745 0.647 0.211104
0.745 0.696 0.23034
0.745 0.745 0.154376
0.745 0.794 0.165786
0.745 0.843 0.322303
0.745 0.892 0.675963
0.745 0.941 1.7638
0.745 0.99 2.98166
0.794 0.01 0.174921
0.794 0.059 0.102501
0.794 0.108 0.060011
0.794 0.157 0.0734033
0.794 0.206 0.0669917
0.794 0.255 0.0335577
0.794 0.304 0.0265496
0.794 0.353 0.0438283
0.794 0.402 0.0625217
0.794 0.451 0.0615893
0.794 0.5 0.0312047
0.794 0.549 0.0211534
0.794 0.598 0.0395287
0.794 0.647 0.0610929
0.794 0.696 0.0666599
0.794 0.745 0.0446761
0.794 0.794 0.0479781
0.794 0.843 0.0932738
0.794 0.892 0.195622
0.794 0.941 0.51044
0.794 0.99 0.862886
0.843 0.01 0.0253508
0.843 0.059 0.0148551
0.843 0.108 0.00869723
0.843 0.157 0.0106381
0.843 0.206 0.00970893
0.843 0.255 0.00486343
0.843 0.304 0.00384776
0.843 0.353 0.00635191
0.843 0.402 0.0090611
0.843 0.451 0.00892597
0.843 0.5 0.00452242
0.843 0.549 0.00306571
0.843 0.598 0.00572879
0.843 0.647 0.00885403
0.843 0.696 0.00966083
0.843 0.745 0.00647478
0.843 0.794 0.00695334
0.843 0.843 0.0135179
0.843 0.892 0.028351
0.843 0.941 0.0739768
0.843 0.99 0.125056
0.892 0.01 0.076384
0.892 0.059 0.0447598
0.892 0.108 0.0262055
0.892 0.157 0.0320536
0.892 0.206 0.0292538
0.892 0.255 0.0146539
0.892 0.304 0.0115936
0.892 0.353 0.0191389
0.892 0.402 0.0273018
0.892 0.451 0.0268947
0.892 0.5 0.0136264
0.892 0.549 0.00923724
0.892 0.598 0.0172613
0.892 0.647 0.0266779
0.892 0.696 0.0291089
0.892 0.745 0.0195091
0.892 0.794 0.020951
0.892 0.843 0.0407307
0.892 0.892 0.0854239
0.892 0.941 0.222898
0.892 0.99 0.376803
0.941 0.01 0.388012
0.941 0.059 0.227369
0.941 0.108 0.133118
0.941 0.157 0.162824
0.941 0.206 0.148602
0.941 0.255 0.0744384
0.941 0.304 0.0588928
0.941 0.353 0.0972207
0.941 0.402 0.138687
0.941 0.451 0.136618
0.941 0.5 0.0692189
0.941 0.549 0.0469229
0.941 0.598 0.0876833
0.941 0.647 0.135517
0.941 0.696 0.147866
0.941 0.745 0.0991013
0.941 0.794 0.106426
0.941 0.843 0.206902
0.941 0.892 0.433933
0.941 0.941 1.13227
0.941 0.99 1.91407
0.99 0.01 0.762919
0.99 0.059 0.447058
0.99 0.108 0.261739
0.99 0.157 0.32015
0.99 0.206 0.292186
0.99 0.255 0.146363
0.99 0.304 0.115797
0.99 0.353 0.191158
0.99 0.402 0.272689
0.99 0.451 0.268623
0.99 0.5 0.1361
0.99 0.549 0.092261
0.99 0.598 0.172405
0.99 0.647 0.266458
0.99 0.696 0.290738
0.99 0.745 0.194855
0.99 0.794 0.209257
0.99 0.843 0.406815
0.99 0.892 0.853209
0.99 0.941 2.22629
0.99 0.99 3.76349
