0.01 0.01 0.00140317
0.01 0.059 0.00103638
0.01 0.108 0.000649006
0.01 0.157 0.000363818
0.01 0.206 0.000175902
0.01 0.255 0.000203872
0.01 0.304 0.000308688
0.01 0.353 0.000303375
0.01 0.402 0.000174182
0.01 0.451 0.000170386
0.01 0.5 0.000302912
0.01 0.549 0.000357222
0.01 0.598 0.000306462
0.01 0.647 0.000385335
0.01 0.696 0.000518777
0.01 0.745 0.000581999
0.01 0.794 0.000602492
0.01 0.843 0.000583652
0.01 0.892 0.000643272
0.01 0.941 0.00107031
0.01 0.99 0.00156459
0.059 0.01 0.0304654
0.059 0.059 0.0225017
0.059 0.108 0.0140911
0.059 0.157 0.00789914
0.059 0.206 0.00381915
0.059 0.255 0.00442642
0.059 0.304 0.00670217
0.059 0.353 0.00658682
0.059 0.402 0.0037818
0.059 0.451 0.00369939
0.059 0.5 0.00657676
0.059 0.549 0.00775594
0.059 0.598 0.00665385
0.059 0.647 0.00836631
0.059 0.696 0.0112636
0.059 0.745 0.0126362
0.059 0.794 0.0130812
0.059 0.843 0.0126721
0.059 0.892 0.0139666
0.059 0.941 0.0232384
0.059 0.99 0.0339702
0.108 0.01 0.340743
0.108 0.059 0.251672
0.108 0.108 0.157603
0.108 0.157 0.0883485
0.108 0.206 0.0427155
0.108 0.255 0.0495076
0.108 0.304 0.0749609
0.108 0.353 0.0736707
0.108 0.402 0.0422978
0.108 0.451 0.0413761
0.108 0.5 0.0735582
0.108 0.549 0.0867468
0.108 0.598 0.0744204
0.108 0.647 0.0935736
0.108 0.696 0.125978
0.108 0.745 0.141331
0.108 0.794 0.146307
0.108 0.843 0.141732
0.108 0.892 0.15621
0.108 0.941 0.259911
0.108 0.99 0.379942
0.157 0.01 1.68078
0.157 0.059 1.24142
0.157 0.108 0.777407
0.157 0.157 0.435797
0.157 0.206 0.210703
0.157 0.255 0.244206
0.157 0.304 0.36976
0.157 0.353 0.363396
0.157 0.402 0.208642
0.157 0.451 0.204096
0.157 0.5 0.362841
0.157 0.549 0.427896
0.157 0.598 0.367094
0.157 0.647 0.46157
0.157 0.696 0.621413
0.157 0.745 0.697142
0.157 0.794 0.72169
0.157 0.843 0.699123
0.157 0.892 0.770539
0.157 0.941 1.28206
0.157 0.99 1.87414
0.206 0.01 3.73481
0.206 0.059 2.75852
0.206 0.108 1.72745
0.206 0.157 0.96837
0.206 0.206 0.468196
0.206 0.255 0.542643
0.206 0.304 0.821632
0.206 0.353 0.80749
0.206 0.402 0.463617
0.206 0.451 0.453515
0.206 0.5 0.806257
0.206 0.549 0.950814
0.206 0.598 0.815707
0.206 0.647 1.02564
0.206 0.696 1.38082
0.206 0.745 1.5491
0.206 0.794 1.60365
0.206 0.843 1.5535
0.206 0.892 1.71219
0.206 0.941 2.84883
0.206 0.99 4.16446
0.255 0.01 3.94791
0.255 0.059 2.91592
0.255 0.108 1.82602
0.255 0.157 1.02362
0.255 0.206 0.49491
0.255 0.255 0.573605
0.255 0.304 0.868512
0.255 0.353 0.853563
0.255 0.402 0.49007
0.255 0.451 0.479391
0.255 0.5 0.85226
0.255 0.549 1.00507
0.255 0.598 0.86225
0.255 0.647 1.08416
0.255 0.696 1.45961
0.255 0.745 1.63749
0.255 0.794 1.69515
0.255 0.843 1.64214
0.255 0.892 1.80988
0.255 0.941 3.01138
0.255 0.99 4.40208
0.304 0.01 2.62712
0.304 0.059 1.94038
0.304 0.108 1.21512
0.304 0.157 0.681165
0.304 0.206 0.329336
0.304 0.255 0.381703
0.304 0.304 0.577948
0.304 0.353 0.568
0.304 0.402 0.326115
0.304 0.451 0.319009
0.304 0.5 0.567133
0.304 0.549 0.668817
0.304 0.598 0.57378
0.304 0.647 0.721451
0.304 0.696 0.971291
0.304 0.745 1.08966
0.304 0.794 1.12803
0.304 0.843 1.09275
0.304 0.892 1.20438
0.304 0.941 2.00391
0.304 0.99 2.92934
0.353 0.01 1.88993
0.353 0.059 1.3959
0.353 0.108 0.874145
0.353 0.157 0.490025
0.353 0.206 0.236922
0.353 0.255 0.274594
0.353 0.304 0.415771
0.353 0.353 0.408615
0.353 0.402 0.234605
0.353 0.451 0.229493
0.353 0.5 0.407991
0.353 0.549 0.481142
0.353 0.598 0.412773
0.353 0.647 0.519006
0.353 0.696 0.69874
0.353 0.745 0.783892
0.353 0.794 0.811495
0.353 0.843 0.786119
0.353 0.892 0.866422
0.353 0.941 1.4416
0.353 0.99 2.10735
0.402 0.01 1.14589
0.402 0.059 0.846351
0.402 0.108 0.530005
0.402 0.157 0.297109
0.402 0.206 0.143649
0.402 0.255 0.16649
0.402 0.304 0.252087
0.402 0.353 0.247749
0.402 0.402 0.142244
0.402 0.451 0.139144
0.402 0.5 0.24737
0.402 0.549 0.291722
0.402 0.598 0.25027
0.402 0.647 0.31468
0.402 0.696 0.423655
0.402 0.745 0.475284
0.402 0.794 0.49202
0.402 0.843 0.476634
0.402 0.892 0.525323
0.402 0.941 0.874059
0.402 0.99 1.27771
0.451 0.01 0.575971
0.451 0.059 0.42541
0.451 0.108 0.266402
0.451 0.157 0.149339
0.451 0.206 0.0722037
0.451 0.255 0.0836847
0.451 0.304 0.126709
0.451 0.353 0.124529
0.451 0.402 0.0714976
0.451 0.451 0.0699396
0.451 0.5 0.124338
0.451 0.549 0.146632
0.451 0.598 0.125796
0.451 0.647 0.158171
0.451 0.696 0.212946
0.451 0.745 0.238897
0.451 0.794 0.247309
0.451 0.843 0.239576
0.451 0.892 0.264049
0.451 0.941 0.439338
0.451 0.99 0.64223
0.5 0.01 0.936037
0.5 0.059 0.691354
0.5 0.108 0.432942
0.5 0.157 0.242698
0.5 0.206 0.117342
0.5 0.255 0.136
0.5 0.304 0.205921
0.5 0.353 0.202377
0.5 0.402 0.116194
0.5 0.451 0.113662
0.5 0.5 0.202068
0.5 0.549 0.238298
0.5 0.598 0.204437
0.5 0.647 0.257051
0.5 0.696 0.346069
0.5 0.745 0.388243
0.5 0.794 0.401913
0.5 0.843 0.389345
0.5 0.892 0.429117
0.5 0.941 0.713988
0.5 0.99 1.04372
0.549 0.01 1.63464
0.549 0.059 1.20734
0.549 0.108 0.756065
0.549 0.157 0.423833
0.549 0.206 0.204919
0.549 0.255 0.237502
0.549 0.304 0.359609
0.549 0.353 0.353419
0.549 0.402 0.202914
0.549 0.451 0.198493
0.549 0.5 0.35288
0.549 0.549 0.416149
0.549 0.598 0.357016
0.549 0.647 0.448899
0.549 0.696 0.604354
0.549 0.745 0.678004
0.549 0.794 0.701878
0.549 0.843 0.67993
0.549 0.892 0.749386
0.549 0.941 1.24687
0.549 0.99 1.82269
0.598 0.01 1.80002
0.598 0.059 1.32949
0.598 0.108 0.832557
0.598 0.157 0.466712
0.598 0.206 0.22565
0.598 0.255 0.26153
0.598 0.304 0.39599
0.598 0.353 0.389175
0.598 0.402 0.223443
0.598 0.451 0.218574
0.598 0.5 0.38858
0.598 0.549 0.458251
0.598 0.598 0.393135
0.598 0.647 0.494314
0.598 0.696 0.665496
0.598 0.745 0.746598
0.598 0.794 0.772887
0.598 0.843 0.748718
0.598 0.892 0.825201
0.598 0.941 1.37301
0.598 0.99 2.00709
0.647 0.01 2.03933
0.647 0.059 1.50624
0.647 0.108 0.943246
0.647 0.157 0.528762
0.647 0.206 0.255651
0.647 0.255 0.296301
0.647 0.304 0.448638
0.647 0.353 0.440916
0.647 0.402 0.25315
0.647 0.451 0.247634
0.647 0.5 0.440243
0.647 0.549 0.519176
0.647 0.598 0.445403
0.647 0.647 0.560034
0.647 0.696 0.753975
0.647 0.745 0.845859
0.647 0.794 0.875643
0.647 0.843 0.848261
0.647 0.892 0.934912
0.647 0.941 1.55556
0.647 0.99 2.27393
0.696 0.01 3.9765
0.696 0.059 2.93703
0.696 0.108 1.83924
0.696 0.157 1.03104
0.696 0.206 0.498495
0.696 0.255 0.577759
0.696 0.304 0.874802
0.696 0.353 0.859745
0.696 0.402 0.493619
0.696 0.451 0.482863
0.696 0.5 0.858432
0.696 0.549 1.01234
0.696 0.598 0.868494
0.696 0.647 1.09201
0.696 0.696 1.47018
0.696 0.745 1.64935
0.696 0.794 1.70742
0.696 0.843 1.65403
0.696 0.892 1.82299
0.696 0.941 3.03319
0.696 0.99 4.43396
0.745 0.01 6.06252
0.745 0.059 4.47776
0.745 0.108 2.80408
0.745 0.157 1.5719
0.745 0.206 0.759998
0.745 0.255 0.880843
0.745 0.304 1.33371
0.745 0.353 1.31075
0.745 0.402 0.752565
0.745 0.451 0.736166
0.745 0.5 1.30875
0.745 0.549 1.54341
0.745 0.598 1.32409
0.745 0.647 1.66487
0.745 0.696 2.24142
0.745 0.745 2.51457
0.745 0.794 2.60311
0.745 0.843 2.52171
0.745 0.892 2.77931
0.745 0.941 4.62435
0.745 0.99 6.75995
0.794 0.01 5.57865
0.794 0.059 4.12037
0.794 0.108 2.58028
0.794 0.157 1.44644
0.794 0.206 0.699339
0.794 0.255 0.81054
0.794 0.304 1.22726
0.794 0.353 1.20614
0.794 0.402 0.6925
0.794 0.451 0.67741
0.794 0.5 1.2043
0.794 0.549 1.42022
0.794 0.598 1.21841
0.794 0.647 1.53199
0.794 0.696 2.06252
0.794 0.745 2.31387
0.794 0.794 2.39535
0.794 0.843 2.32044
0.794 0.892 2.55748
0.794 0.941 4.25527
0.794 0.99 6.22041
0.843 0.01 3.87784
0.843 0.059 2.86416
0.843 0.108 1.79361
0.843 0.157 1.00545
0.843 0.206 0.486126
0.843 0.255 0.563424
0.843 0.304 0.853096
0.843 0.353 0.838413
0.843 0.402 0.481372
0.843 0.451 0.470883
0.843 0.5 0.837133
0.843 0.549 0.987226
0.843 0.598 0.846945
0.843 0.647 1.06492
0.843 0.696 1.4337
0.843 0.745 1.60842
0.843 0.794 1.66506
0.843 0.843 1.61299
0.843 0.892 1.77776
0.843 0.941 2.95793
0.843 0.99 4.32394
0.892 0.01 3.39926
0.892 0.059 2.51068
0.892 0.108 1.57225
0.892 0.157 0.881367
0.892 0.206 0.426131
0.892 0.255 0.493889
0.892 0.304 0.747812
0.892 0.353 0.734941
0.892 0.402 0.421964
0.892 0.451 0.412769
0.892 0.5 0.733819
0.892 0.549 0.865389
0.892 0.598 0.74242
0.892 0.647 0.933492
0.892 0.696 1.25676
0.892 0.745 1.40992
0.892 0.794 1.45957
0.892 0.843 1.41392
0.892 0.892 1.55836
0.892 0.941 2.59288
0.892 0.99 3.79031
0.941 0.01 4.59578
0.941 0.059 3.39442
0.941 0.108 2.12567
0.941 0.157 1.1916
0.941 0.206 0.576126
0.941 0.255 0.667735
0.941 0.304 1.01104
0.941 0.353 0.993635
0.941 0.402 0.570492
0.941 0.451 0.558061
0.941 0.5 0.992118
0.941 0.549 1.17
0.941 0.598 1.00375
0.941 0.647 1.26208
0.941 0.696 1.69914
0.941 0.745 1.9062
0.941 0.794 1.97332
0.941 0.843 1.91162
0.941 0.892 2.10689
0.941 0.941 3.50555
0.941 0.99 5.12447
0.99 0.01 6.05458
0.99 0.059 4.47189
0.99 0.108 2.80041
0.99 0.157 1.56984
0.99 0.206 0.759002
0.99 0.255 0.879689
0.99 0.304 1.33196
0.99 0.353 1.30904
0.99 0.402 0.751579
0.99 0.451 0.735202
0.99 0.5 1.30704
0.99 0.549 1.54138
0.99 0.598 1.32236
0.99 0.647 1.66269
0.99 0.696 2.23848
0.99 0.745 2.51127
0.99 0.794 2.5997
0.99 0.843 2.51841
0.99 0.892 2.77567
0.99 0.941 4.6183
0.99 0.99 6.75109
