0.01 0.01 0.00211009
0.01 0.059 0.00136939
0.01 0.108 0.000560835
0.01 0.157 0.000323642
0.01 0.206 0.000370113
0.01 0.255 0.00046995
0.01 0.304 0.00034584
0.01 0.353 0.000118627
0.01 0.402 9.84385e-05
0.01 0.451 0.000228901
0.01 0.5 0.000352099
0.01 0.549 0.000469807
0.01 0.598 0.00041246
0.01 0.647 0.000300905
0.01 0.696 0.000433992
0.01 0.745 0.000562542
0.01 0.794 0.000437959
0.01 0.843 0.000427629
0.01 0.892 0.00114351
0.01 0.941 0.00338089
0.01 0.99 0.00582112
0.059 0.01 0.0309683
0.059 0.059 0.0200974
0.059 0.108 0.00823096
0.059 0.157 0.00474986
0.059 0.206 0.00543188
0.059 0.255 0.00689711
0.059 0.304 0.00507563
0.059 0.353 0.00174101
0.059 0.402 0.00144471
0.059 0.451 0.0033594
0.059 0.5 0.00516749
0.059 0.549 0.006895
0.059 0.598 0.00605337
0.059 0.647 0.00441616
0.059 0.696 0.00636938
0.059 0.745 0.00825601
0.059 0.794 0.00642759
0.059 0.843 0.00627598
0.059 0.892 0.0167824
0.059 0.941 0.0496188
0.059 0.99 0.0854323
0.108 0.01 0.216845
0.108 0.059 0.140725
0.108 0.108 0.0576345
0.108 0.157 0.0332592
0.108 0.206 0.0380348
0.108 0.255 0.0482946
0.108 0.304 0.0355404
0.108 0.353 0.0121908
0.108 0.402 0.0101161
0.108 0.451 0.0235231
0.108 0.5 0.0361836
0.108 0.549 0.0482799
0.108 0.598 0.0423866
0.108 0.647 0.0309226
0.108 0.696 0.0445994
0.108 0.745 0.0578099
0.108 0.794 0.045007
0.108 0.843 0.0439454
0.108 0.892 0.117513
0.108 0.941 0.347439
0.108 0.99 0.59821
0.157 0.01 0.625719
0.157 0.059 0.406072
0.157 0.108 0.166308
0.157 0.157 0.0959717
0.157 0.206 0.109752
0.157 0.255 0.139357
0.157 0.304 0.102554
0.157 0.353 0.0351773
0.157 0.402 0.0291906
0.157 0.451 0.0678774
0.157 0.5 0.10441
0.157 0.549 0.139315
0.157 0.598 0.122309
0.157 0.647 0.0892292
0.157 0.696 0.128694
0.157 0.745 0.166814
0.157 0.794 0.129871
0.157 0.843 0.126807
0.157 0.892 0.339092
0.157 0.941 1.00256
0.157 0.99 1.72617
0.206 0.01 0.995642
0.206 0.059 0.646141
0.206 0.108 0.264629
0.206 0.157 0.15271
0.206 0.206 0.174637
0.206 0.255 0.221745
0.206 0.304 0.163184
0.206 0.353 0.055974
0.206 0.402 0.0464479
0.206 0.451 0.108006
0.206 0.5 0.166137
0.206 0.549 0.221677
0.206 0.598 0.194618
0.206 0.647 0.141981
0.206 0.696 0.204778
0.206 0.745 0.265434
0.206 0.794 0.20665
0.206 0.843 0.201775
0.206 0.892 0.539563
0.206 0.941 1.59527
0.206 0.99 2.74668
0.255 0.01 1.34812
0.255 0.059 0.874888
0.255 0.108 0.358313
0.255 0.157 0.206772
0.255 0.206 0.236462
0.255 0.255 0.300247
0.255 0.304 0.220954
0.255 0.353 0.07579
0.255 0.402 0.0628914
0.255 0.451 0.146243
0.255 0.5 0.224953
0.255 0.549 0.300155
0.255 0.598 0.263517
0.255 0.647 0.192246
0.255 0.696 0.277274
0.255 0.745 0.359403
0.255 0.794 0.279808
0.255 0.843 0.273208
0.255 0.892 0.730578
0.255 0.941 2.16002
0.255 0.99 3.71906
0.304 0.01 1.17887
0.304 0.059 0.765051
0.304 0.108 0.313329
0.304 0.157 0.180813
0.304 0.206 0.206776
0.304 0.255 0.262553
0.304 0.304 0.193215
0.304 0.353 0.066275
0.304 0.402 0.0549958
0.304 0.451 0.127883
0.304 0.5 0.196711
0.304 0.549 0.262473
0.304 0.598 0.230434
0.304 0.647 0.16811
0.304 0.696 0.242464
0.304 0.745 0.314283
0.304 0.794 0.24468
0.304 0.843 0.238908
0.304 0.892 0.638859
0.304 0.941 1.88885
0.304 0.99 3.25216
0.353 0.01 0.457713
0.353 0.059 0.297042
0.353 0.108 0.121654
0.353 0.157 0.0702032
0.353 0.206 0.0802835
0.353 0.255 0.10194
0.353 0.304 0.0750182
0.353 0.353 0.0257322
0.353 0.402 0.0213529
0.353 0.451 0.0496522
0.353 0.5 0.0763759
0.353 0.549 0.101909
0.353 0.598 0.0894692
0.353 0.647 0.0652711
0.353 0.696 0.0941398
0.353 0.745 0.122024
0.353 0.794 0.0950003
0.353 0.843 0.0927595
0.353 0.892 0.248046
0.353 0.941 0.73337
0.353 0.99 1.26269
0.402 0.01 0.174263
0.402 0.059 0.113091
0.402 0.108 0.0463168
0.402 0.157 0.0267281
0.402 0.206 0.0305659
0.402 0.255 0.038811
0.402 0.304 0.0285613
0.402 0.353 0.00979688
0.402 0.402 0.00812958
0.402 0.451 0.0189038
0.402 0.5 0.0290782
0.402 0.549 0.0387992
0.402 0.598 0.0340632
0.402 0.647 0.0248504
0.402 0.696 0.0358414
0.402 0.745 0.0464578
0.402 0.794 0.036169
0.402 0.843 0.0353158
0.402 0.892 0.0944372
0.402 0.941 0.279212
0.402 0.99 0.48074
0.451 0.01 0.493734
0.451 0.059 0.320418
0.451 0.108 0.131228
0.451 0.157 0.0757281
0.451 0.206 0.0866017
0.451 0.255 0.109962
0.451 0.304 0.0809219
0.451 0.353 0.0277572
0.451 0.402 0.0230333
0.451 0.451 0.0535598
0.451 0.5 0.0823865
0.451 0.549 0.109929
0.451 0.598 0.0965103
0.451 0.647 0.0704078
0.451 0.696 0.101548
0.451 0.745 0.131628
0.451 0.794 0.102477
0.451 0.843 0.100059
0.451 0.892 0.267566
0.451 0.941 0.791085
0.451 0.99 1.36207
0.5 0.01 1.15052
0.5 0.059 0.74665
0.5 0.108 0.305793
0.5 0.157 0.176464
0.5 0.206 0.201802
0.5 0.255 0.256238
0.5 0.304 0.188567
0.5 0.353 0.064681
0.5 0.402 0.0536731
0.5 0.451 0.124807
0.5 0.5 0.19198
0.5 0.549 0.25616
0.5 0.598 0.224892
0.5 0.647 0.164067
0.5 0.696 0.236632
0.5 0.745 0.306723
0.5 0.794 0.238795
0.5 0.843 0.233162
0.5 0.892 0.623493
0.5 0.941 1.84342
0.5 0.99 3.17394
0.549 0.01 2.02449
0.549 0.059 1.31383
0.549 0.108 0.538084
0.549 0.157 0.310513
0.549 0.206 0.355099
0.549 0.255 0.450886
0.549 0.304 0.33181
0.549 0.353 0.113815
0.549 0.402 0.0944451
0.549 0.451 0.219615
0.549 0.5 0.337815
0.549 0.549 0.450748
0.549 0.598 0.395728
0.549 0.647 0.288698
0.549 0.696 0.416386
0.549 0.745 0.539722
0.549 0.794 0.420192
0.549 0.843 0.410281
0.549 0.892 1.09712
0.549 0.941 3.24374
0.549 0.99 5.58498
0.598 0.01 3.70294
0.598 0.059 2.40309
0.598 0.108 0.984193
0.598 0.157 0.56795
0.598 0.206 0.649501
0.598 0.255 0.824701
0.598 0.304 0.606903
0.598 0.353 0.208176
0.598 0.402 0.172747
0.598 0.451 0.401691
0.598 0.5 0.617887
0.598 0.549 0.82445
0.598 0.598 0.723814
0.598 0.647 0.528049
0.598 0.696 0.761599
0.598 0.745 0.987189
0.598 0.794 0.768561
0.598 0.843 0.750432
0.598 0.892 2.00671
0.598 0.941 5.93303
0.598 0.99 10.2153
0.647 0.01 6.24759
0.647 0.059 4.05449
0.647 0.108 1.66053
0.647 0.157 0.958244
0.647 0.206 1.09584
0.647 0.255 1.39143
0.647 0.304 1.02397
0.647 0.353 0.351233
0.647 0.402 0.291458
0.647 0.451 0.677732
0.647 0.5 1.0425
0.647 0.549 1.39101
0.647 0.598 1.22122
0.647 0.647 0.890923
0.647 0.696 1.28497
0.647 0.745 1.66558
0.647 0.794 1.29671
0.647 0.843 1.26613
0.647 0.892 3.38572
0.647 0.941 10.0102
0.647 0.99 17.2352
0.696 0.01 6.43417
0.696 0.059 4.17558
0.696 0.108 1.71012
0.696 0.157 0.986862
0.696 0.206 1.12856
0.696 0.255 1.43299
0.696 0.304 1.05455
0.696 0.353 0.361723
0.696 0.402 0.300162
0.696 0.451 0.697973
0.696 0.5 1.07363
0.696 0.549 1.43255
0.696 0.598 1.25769
0.696 0.647 0.917531
0.696 0.696 1.32334
0.696 0.745 1.71533
0.696 0.794 1.33544
0.696 0.843 1.30394
0.696 0.892 3.48683
0.696 0.941 10.3091
0.696 0.99 17.75
0.745 0.01 4.00186
0.745 0.059 2.59708
0.745 0.108 1.06364
0.745 0.157 0.613798
0.745 0.206 0.701932
0.745 0.255 0.891276
0.745 0.304 0.655896
0.745 0.353 0.224981
0.745 0.402 0.186692
0.745 0.451 0.434118
0.745 0.5 0.667767
0.745 0.549 0.891004
0.745 0.598 0.782244
0.745 0.647 0.570676
0.745 0.696 0.82308
0.745 0.745 1.06688
0.745 0.794 0.830603
0.745 0.843 0.811011
0.745 0.892 2.1687
0.745 0.941 6.41197
0.745 0.99 11.04
0.794 0.01 2.52756
0.794 0.059 1.64031
0.794 0.108 0.671792
0.794 0.157 0.387672
0.794 0.206 0.443337
0.794 0.255 0.562926
0.794 0.304 0.414261
0.794 0.353 0.142097
0.794 0.402 0.117914
0.794 0.451 0.274187
0.794 0.5 0.421759
0.794 0.549 0.562754
0.794 0.598 0.494062
0.794 0.647 0.360437
0.794 0.696 0.519854
0.794 0.745 0.673837
0.794 0.794 0.524606
0.794 0.843 0.512231
0.794 0.892 1.36974
0.794 0.941 4.04978
0.794 0.99 6.97279
0.843 0.01 2.12826
0.843 0.059 1.38118
0.843 0.108 0.565664
0.843 0.157 0.326429
0.843 0.206 0.3733
0.843 0.255 0.473997
0.843 0.304 0.348817
0.843 0.353 0.119649
0.843 0.402 0.0992861
0.843 0.451 0.230872
0.843 0.5 0.35513
0.843 0.549 0.473852
0.843 0.598 0.416012
0.843 0.647 0.303496
0.843 0.696 0.437729
0.843 0.745 0.567386
0.843 0.794 0.44173
0.843 0.843 0.431311
0.843 0.892 1.15336
0.843 0.941 3.41
0.843 0.99 5.87125
0.892 0.01 2.6898
0.892 0.059 1.74559
0.892 0.108 0.714913
0.892 0.157 0.412556
0.892 0.206 0.471794
0.892 0.255 0.599059
0.892 0.304 0.440852
0.892 0.353 0.151218
0.892 0.402 0.125482
0.892 0.451 0.291786
0.892 0.5 0.44883
0.892 0.549 0.598876
0.892 0.598 0.525775
0.892 0.647 0.383572
0.892 0.696 0.553222
0.892 0.745 0.717089
0.892 0.794 0.558279
0.892 0.843 0.54511
0.892 0.892 1.45767
0.892 0.941 4.30972
0.892 0.99 7.42035
0.941 0.01 6.64591
0.941 0.059 4.31299
0.941 0.108 1.7664
0.941 0.157 1.01934
0.941 0.206 1.1657
0.941 0.255 1.48015
0.941 0.304 1.08925
0.941 0.353 0.373627
0.941 0.402 0.31004
0.941 0.451 0.720941
0.941 0.5 1.10896
0.941 0.549 1.47969
0.941 0.598 1.29908
0.941 0.647 0.947725
0.941 0.696 1.36689
0.941 0.745 1.77177
0.941 0.794 1.37939
0.941 0.843 1.34685
0.941 0.892 3.60158
0.941 0.941 10.6484
0.941 0.99 18.3341
0.99 0.01 11.1437
0.99 0.059 7.23193
0.99 0.108 2.96186
0.99 0.157 1.7092
0.99 0.206 1.95462
0.99 0.255 2.48188
0.99 0.304 1.82643
0.99 0.353 0.626489
0.99 0.402 0.519868
0.99 0.451 1.20886
0.99 0.5 1.85949
0.99 0.549 2.48112
0.99 0.598 2.17826
0.99 0.647 1.58912
0.99 0.696 2.29198
0.99 0.745 2.97087
0.99 0.794 2.31293
0.99 0.843 2.25837
0.99 0.892 6.03905
0.99 0.941 17.855
0.99 0.99 30.7422
