0.01 0.01 3.78206e-84
0.01 0.059 6.24548e-76
0.01 0.108 3.9484e-68
0.01 0.157 9.55452e-61
0.01 0.206 8.84972e-54
0.01 0.255 3.13749e-47
0.01 0.304 4.25764e-41
0.01 0.353 2.2115e-35
0.01 0.402 4.39682e-30
0.01 0.451 3.34598e-25
0.01 0.5 9.74633e-21
0.01 0.549 1.08665e-16
0.01 0.598 4.63741e-13
0.01 0.647 7.57516e-10
0.01 0.696 4.73633e-07
0.01 0.745 0.000113351
0.01 0.794 0.0103834
0.01 0.843 0.364075
0.01 0.892 4.88622
0.01 0.941 25.1009
0.01 0.99 49.3558
0.059 0.01 2.3355e-84
0.059 0.059 3.85671e-76
0.059 0.108 2.43821e-68
0.059 0.157 5.9001e-61
0.059 0.206 5.46487e-54
0.059 0.255 1.93746e-47
0.059 0.304 2.62917e-41
0.059 0.353 1.36565e-35
0.059 0.402 2.71512e-30
0.059 0.451 2.06621e-25
0.059 0.5 6.01855e-21
0.059 0.549 6.7103e-17
0.059 0.598 2.86369e-13
0.059 0.647 4.67781e-10
0.059 0.696 2.92478e-07
0.059 0.745 6.99964e-05
0.059 0.794 0.00641197
0.059 0.843 0.224823
0.059 0.892 3.01734
0.059 0.941 15.5003
0.059 0.99 30.4781
0.108 0.01 1.18466e-84
0.108 0.059 1.95628e-76
0.108 0.108 1.23676e-68
0.108 0.157 2.99278e-61
0.108 0.206 2.77201e-54
0.108 0.255 9.82762e-48
0.108 0.304 1.33363e-41
0.108 0.353 6.92712e-36
0.108 0.402 1.37722e-30
0.108 0.451 1.04807e-25
0.108 0.5 3.05286e-21
0.108 0.549 3.40375e-17
0.108 0.598 1.45258e-13
0.108 0.647 2.37278e-10
0.108 0.696 1.48357e-07
0.108 0.745 3.55051e-05
0.108 0.794 0.00325242
0.108 0.843 0.11404
0.108 0.892 1.53052
0.108 0.941 7.86239
0.108 0.99 15.4598
0.157 0.01 6.955e-85
0.157 0.059 1.14851e-76
0.157 0.108 7.2609e-69
0.157 0.157 1.75703e-61
0.157 0.206 1.62742e-54
0.157 0.255 5.76968e-48
0.157 0.304 7.82956e-42
0.157 0.353 4.06683e-36
0.157 0.402 8.08552e-31
0.157 0.451 6.15308e-26
0.157 0.5 1.7923e-21
0.157 0.549 1.9983e-17
0.157 0.598 8.52794e-14
0.157 0.647 1.39303e-10
0.157 0.696 8.70985e-08
0.157 0.745 2.08446e-05
0.157 0.794 0.00190946
0.157 0.843 0.0669514
0.157 0.892 0.89855
0.157 0.941 4.61592
0.157 0.99 9.07626
0.206 0.01 3.02075e-85
0.206 0.059 4.9883e-77
0.206 0.108 3.15361e-69
0.206 0.157 7.63125e-62
0.206 0.206 7.06831e-55
0.206 0.255 2.50593e-48
0.206 0.304 3.4006e-42
0.206 0.353 1.76634e-36
0.206 0.402 3.51176e-31
0.206 0.451 2.67245e-26
0.206 0.5 7.78444e-22
0.206 0.549 8.67917e-18
0.206 0.598 3.70392e-14
0.206 0.647 6.05032e-11
0.206 0.696 3.78293e-08
0.206 0.745 9.05339e-06
0.206 0.794 0.00082933
0.206 0.843 0.0290788
0.206 0.892 0.390265
0.206 0.941 2.00482
0.206 0.99 3.94207
0.255 0.01 2.79037e-85
0.255 0.059 4.60786e-77
0.255 0.108 2.91309e-69
0.255 0.157 7.04924e-62
0.255 0.206 6.52924e-55
0.255 0.255 2.31481e-48
0.255 0.304 3.14125e-42
0.255 0.353 1.63163e-36
0.255 0.402 3.24394e-31
0.255 0.451 2.46863e-26
0.255 0.5 7.19075e-22
0.255 0.549 8.01724e-18
0.255 0.598 3.42144e-14
0.255 0.647 5.58889e-11
0.255 0.696 3.49442e-08
0.255 0.745 8.36292e-06
0.255 0.794 0.00076608
0.255 0.843 0.0268611
0.255 0.892 0.360501
0.255 0.941 1.85192
0.255 0.99 3.64142
0.304 0.01 4.62839e-85
0.304 0.059 7.64306e-77
0.304 0.108 4.83195e-69
0.304 0.157 1.16926e-61
0.304 0.206 1.08301e-54
0.304 0.255 3.83958e-48
0.304 0.304 5.21038e-42
0.304 0.353 2.70638e-36
0.304 0.402 5.38072e-31
0.304 0.451 4.09472e-26
0.304 0.5 1.19273e-21
0.304 0.549 1.32982e-17
0.304 0.598 5.67514e-14
0.304 0.647 9.27029e-11
0.304 0.696 5.7962e-08
0.304 0.745 1.38716e-05
0.304 0.794 0.0012707
0.304 0.843 0.0445545
0.304 0.892 0.597963
0.304 0.941 3.07178
0.304 0.99 6.04003
0.353 0.01 6.48701e-85
0.353 0.059 1.07123e-76
0.353 0.108 6.77232e-69
0.353 0.157 1.6388e-61
0.353 0.206 1.51791e-54
0.353 0.255 5.38145e-48
0.353 0.304 7.30273e-42
0.353 0.353 3.79318e-36
0.353 0.402 7.54146e-31
0.353 0.451 5.73905e-26
0.353 0.5 1.6717e-21
0.353 0.549 1.86384e-17
0.353 0.598 7.95411e-14
0.353 0.647 1.2993e-10
0.353 0.696 8.12378e-08
0.353 0.745 1.9442e-05
0.353 0.794 0.00178097
0.353 0.843 0.0624463
0.353 0.892 0.838088
0.353 0.941 4.30532
0.353 0.99 8.46554
0.402 0.01 6.21447e-85
0.402 0.059 1.02622e-76
0.402 0.108 6.4878e-69
0.402 0.157 1.56995e-61
0.402 0.206 1.45414e-54
0.402 0.255 5.15536e-48
0.402 0.304 6.99592e-42
0.402 0.353 3.63382e-36
0.402 0.402 7.22462e-31
0.402 0.451 5.49793e-26
0.402 0.5 1.60146e-21
0.402 0.549 1.78553e-17
0.402 0.598 7.61994e-14
0.402 0.647 1.24471e-10
0.402 0.696 7.78248e-08
0.402 0.745 1.86252e-05
0.402 0.794 0.00170615
0.402 0.843 0.0598228
0.402 0.892 0.802877
0.402 0.941 4.12444
0.402 0.99 8.10987
0.451 0.01 3.02357e-85
0.451 0.059 4.99296e-77
0.451 0.108 3.15655e-69
0.451 0.157 7.63838e-62
0.451 0.206 7.07492e-55
0.451 0.255 2.50827e-48
0.451 0.304 3.40377e-42
0.451 0.353 1.76799e-36
0.451 0.402 3.51505e-31
0.451 0.451 2.67495e-26
0.451 0.5 7.79172e-22
0.451 0.549 8.68728e-18
0.451 0.598 3.70738e-14
0.451 0.647 6.05597e-11
0.451 0.696 3.78646e-08
0.451 0.745 9.06185e-06
0.451 0.794 0.000830105
0.451 0.843 0.029106
0.451 0.892 0.39063
0.451 0.941 2.00669
0.451 0.99 3.94575
0.5 0.01 2.21613e-85
0.5 0.059 3.65959e-77
0.5 0.108 2.3136e-69
0.5 0.157 5.59855e-62
0.5 0.206 5.18557e-55
0.5 0.255 1.83844e-48
0.5 0.304 2.4948e-42
0.5 0.353 1.29585e-36
0.5 0.402 2.57636e-31
0.5 0.451 1.96061e-26
0.5 0.5 5.71094e-22
0.5 0.549 6.36735e-18
0.5 0.598 2.71733e-14
0.5 0.647 4.43873e-11
0.5 0.696 2.77529e-08
0.5 0.745 6.64189e-06
0.5 0.794 0.000608426
0.5 0.843 0.0213333
0.5 0.892 0.286312
0.5 0.941 1.47081
0.5 0.99 2.89204
0.549 0.01 4.71411e-85
0.549 0.059 7.78462e-77
0.549 0.108 4.92145e-69
0.549 0.157 1.19091e-61
0.549 0.206 1.10306e-54
0.549 0.255 3.9107e-48
0.549 0.304 5.30689e-42
0.549 0.353 2.75651e-36
0.549 0.402 5.48038e-31
0.549 0.451 4.17057e-26
0.549 0.5 1.21482e-21
0.549 0.549 1.35445e-17
0.549 0.598 5.78025e-14
0.549 0.647 9.44199e-11
0.549 0.696 5.90355e-08
0.549 0.745 1.41285e-05
0.549 0.794 0.00129423
0.549 0.843 0.0453797
0.549 0.892 0.609038
0.549 0.941 3.12868
0.549 0.99 6.1519
0.598 0.01 7.57787e-85
0.598 0.059 1.25137e-76
0.598 0.108 7.91116e-69
0.598 0.157 1.91438e-61
0.598 0.206 1.77316e-54
0.598 0.255 6.2864e-48
0.598 0.304 8.53076e-42
0.598 0.353 4.43105e-36
0.598 0.402 8.80964e-31
0.598 0.451 6.70413e-26
0.598 0.5 1.95281e-21
0.598 0.549 2.17726e-17
0.598 0.598 9.29168e-14
0.598 0.647 1.51779e-10
0.598 0.696 9.48988e-08
0.598 0.745 2.27114e-05
0.598 0.794 0.00208046
0.598 0.843 0.0729474
0.598 0.892 0.979021
0.598 0.941 5.0293
0.598 0.99 9.88911
0.647 0.01 9.27613e-85
0.647 0.059 1.53181e-76
0.647 0.108 9.68411e-69
0.647 0.157 2.3434e-61
0.647 0.206 2.17054e-54
0.647 0.255 7.69522e-48
0.647 0.304 1.04426e-41
0.647 0.353 5.42407e-36
0.647 0.402 1.07839e-30
0.647 0.451 8.20657e-26
0.647 0.5 2.39045e-21
0.647 0.549 2.6652e-17
0.647 0.598 1.1374e-13
0.647 0.647 1.85793e-10
0.647 0.696 1.16166e-07
0.647 0.745 2.78012e-05
0.647 0.794 0.00254671
0.647 0.843 0.0892953
0.647 0.892 1.19843
0.647 0.941 6.15641
0.647 0.99 12.1053
0.696 0.01 1.39558e-84
0.696 0.059 2.30458e-76
0.696 0.108 1.45696e-68
0.696 0.157 3.52562e-61
0.696 0.206 3.26555e-54
0.696 0.255 1.15773e-47
0.696 0.304 1.57107e-41
0.696 0.353 8.16044e-36
0.696 0.402 1.62243e-30
0.696 0.451 1.23467e-25
0.696 0.5 3.5964e-21
0.696 0.549 4.00976e-17
0.696 0.598 1.7112e-13
0.696 0.647 2.79524e-10
0.696 0.696 1.74771e-07
0.696 0.745 4.18265e-05
0.696 0.794 0.00383149
0.696 0.843 0.134344
0.696 0.892 1.80302
0.696 0.941 9.26223
0.696 0.99 18.2123
0.745 0.01 2.11598e-84
0.745 0.059 3.49421e-76
0.745 0.108 2.20905e-68
0.745 0.157 5.34555e-61
0.745 0.206 4.95123e-54
0.745 0.255 1.75536e-47
0.745 0.304 2.38206e-41
0.745 0.353 1.23729e-35
0.745 0.402 2.45993e-30
0.745 0.451 1.872e-25
0.745 0.5 5.45286e-21
0.745 0.549 6.0796e-17
0.745 0.598 2.59453e-13
0.745 0.647 4.23814e-10
0.745 0.696 2.64987e-07
0.745 0.745 6.34174e-05
0.745 0.794 0.00580931
0.745 0.843 0.203692
0.745 0.892 2.73374
0.745 0.941 14.0434
0.745 0.99 27.6135
0.794 0.01 2.02064e-84
0.794 0.059 3.33677e-76
0.794 0.108 2.10951e-68
0.794 0.157 5.10469e-61
0.794 0.206 4.72814e-54
0.794 0.255 1.67627e-47
0.794 0.304 2.27473e-41
0.794 0.353 1.18154e-35
0.794 0.402 2.34909e-30
0.794 0.451 1.78766e-25
0.794 0.5 5.20717e-21
0.794 0.549 5.80567e-17
0.794 0.598 2.47763e-13
0.794 0.647 4.04718e-10
0.794 0.696 2.53048e-07
0.794 0.745 6.05599e-05
0.794 0.794 0.00554756
0.794 0.843 0.194514
0.794 0.892 2.61056
0.794 0.941 13.4106
0.794 0.99 26.3693
0.843 0.01 1.37987e-84
0.843 0.059 2.27865e-76
0.843 0.108 1.44056e-68
0.843 0.157 3.48594e-61
0.843 0.206 3.22879e-54
0.843 0.255 1.1447e-47
0.843 0.304 1.55339e-41
0.843 0.353 8.0686e-36
0.843 0.402 1.60417e-30
0.843 0.451 1.22077e-25
0.843 0.5 3.55592e-21
0.843 0.549 3.96463e-17
0.843 0.598 1.69194e-13
0.843 0.647 2.76378e-10
0.843 0.696 1.72804e-07
0.843 0.745 4.13557e-05
0.843 0.794 0.00378837
0.843 0.843 0.132832
0.843 0.892 1.78272
0.843 0.941 9.15798
0.843 0.99 18.0073
0.892 0.01 1.27107e-84
0.892 0.059 2.09897e-76
0.892 0.108 1.32697e-68
0.892 0.157 3.21107e-61
0.892 0.206 2.9742e-54
0.892 0.255 1.05444e-47
0.892 0.304 1.4309e-41
0.892 0.353 7.43238e-36
0.892 0.402 1.47768e-30
0.892 0.451 1.12451e-25
0.892 0.5 3.27553e-21
0.892 0.549 3.65201e-17
0.892 0.598 1.55853e-13
0.892 0.647 2.54585e-10
0.892 0.696 1.59178e-07
0.892 0.745 3.80948e-05
0.892 0.794 0.00348965
0.892 0.843 0.122358
0.892 0.892 1.64215
0.892 0.941 8.43586
0.892 0.99 16.5874
0.941 0.01 2.21207e-84
0.941 0.059 3.65289e-76
0.941 0.108 2.30936e-68
0.941 0.157 5.5883e-61
0.941 0.206 5.17607e-54
0.941 0.255 1.83507e-47
0.941 0.304 2.49023e-41
0.941 0.353 1.29348e-35
0.941 0.402 2.57164e-30
0.941 0.451 1.95702e-25
0.941 0.5 5.70049e-21
0.941 0.549 6.35569e-17
0.941 0.598 2.71235e-13
0.941 0.647 4.4306e-10
0.941 0.696 2.77021e-07
0.941 0.745 6.62973e-05
0.941 0.794 0.00607312
0.941 0.843 0.212942
0.941 0.892 2.85788
0.941 0.941 14.6811
0.941 0.99 28.8675
0.99 0.01 3.21431e-84
0.99 0.059 5.30793e-76
0.99 0.108 3.35568e-68
0.99 0.157 8.12023e-61
0.99 0.206 7.52123e-54
0.99 0.255 2.6665e-47
0.99 0.304 3.61849e-41
0.99 0.353 1.87952e-35
0.99 0.402 3.73679e-30
0.99 0.451 2.84369e-25
0.99 0.5 8.28324e-21
0.99 0.549 9.2353e-17
0.99 0.598 3.94126e-13
0.99 0.647 6.43801e-10
0.99 0.696 4.02533e-07
0.99 0.745 9.6335e-05
0.99 0.794 0.00882471
0.99 0.843 0.309421
0.99 0.892 4.15272
0.99 0.941 21.3328
0.99 0.99 41.9467
