0.01 0.01 4.70346
0.01 0.059 2.94708
0.01 0.108 1.20553
0.01 0.157 0.627901
0.01 0.206 0.790614
0.01 0.255 0.869798
0.01 0.304 0.632316
0.01 0.353 0.76349
0.01 0.402 1.24967
0.01 0.451 1.68911
0.01 0.5 2.05011
0.01 0.549 2.00479
0.01 0.598 1.47215
0.01 0.647 0.773932
0.01 0.696 0.458856
0.01 0.745 0.572942
0.01 0.794 0.754271
0.01 0.843 0.648728
0.01 0.892 0.55351
0.01 0.941 1.38797
0.01 0.99 2.43042
0.059 0.01 3.68531
0.059 0.059 2.30914
0.059 0.108 0.944575
0.059 0.157 0.49198
0.059 0.206 0.619472
0.059 0.255 0.681515
0.059 0.304 0.49544
0.059 0.353 0.598219
0.059 0.402 0.979158
0.059 0.451 1.32347
0.059 0.5 1.60633
0.059 0.549 1.57082
0.059 0.598 1.15348
0.059 0.647 0.6064
0.059 0.696 0.359529
0.059 0.745 0.448919
0.059 0.794 0.590996
0.059 0.843 0.508299
0.059 0.892 0.433693
0.059 0.941 1.08752
0.059 0.99 1.90431
0.108 0.01 3.21959
0.108 0.059 2.01732
0.108 0.108 0.825206
0.108 0.157 0.429807
0.108 0.206 0.541187
0.108 0.255 0.595389
0.108 0.304 0.43283
0.108 0.353 0.52262
0.108 0.402 0.855418
0.108 0.451 1.15622
0.108 0.5 1.40333
0.108 0.549 1.37231
0.108 0.598 1.00771
0.108 0.647 0.529767
0.108 0.696 0.314094
0.108 0.745 0.392187
0.108 0.794 0.516309
0.108 0.843 0.444064
0.108 0.892 0.378886
0.108 0.941 0.950087
0.108 0.99 1.66366
0.157 0.01 3.74362
0.157 0.059 2.34567
0.157 0.108 0.959519
0.157 0.157 0.499764
0.157 0.206 0.629273
0.157 0.255 0.692297
0.157 0.304 0.503279
0.157 0.353 0.607684
0.157 0.402 0.994649
0.157 0.451 1.34441
0.157 0.5 1.63174
0.157 0.549 1.59567
0.157 0.598 1.17173
0.157 0.647 0.615994
0.157 0.696 0.365217
0.157 0.745 0.456021
0.157 0.794 0.600346
0.157 0.843 0.516341
0.157 0.892 0.440555
0.157 0.941 1.10473
0.157 0.99 1.93444
0.206 0.01 4.18128
0.206 0.059 2.6199
0.206 0.108 1.0717
0.206 0.157 0.558191
0.206 0.206 0.70284
0.206 0.255 0.773233
0.206 0.304 0.562116
0.206 0.353 0.678727
0.206 0.402 1.11093
0.206 0.451 1.50158
0.206 0.5 1.8225
0.206 0.549 1.78222
0.206 0.598 1.30871
0.206 0.647 0.688009
0.206 0.696 0.407914
0.206 0.745 0.509334
0.206 0.794 0.670532
0.206 0.843 0.576706
0.206 0.892 0.49206
0.206 0.941 1.23388
0.206 0.99 2.16059
0.255 0.01 4.43925
0.255 0.059 2.78154
0.255 0.108 1.13782
0.255 0.157 0.59263
0.255 0.206 0.746203
0.255 0.255 0.820939
0.255 0.304 0.596797
0.255 0.353 0.720603
0.255 0.402 1.17947
0.255 0.451 1.59423
0.255 0.5 1.93495
0.255 0.549 1.89218
0.255 0.598 1.38946
0.255 0.647 0.730457
0.255 0.696 0.433081
0.255 0.745 0.540758
0.255 0.794 0.711901
0.255 0.843 0.612287
0.255 0.892 0.522418
0.255 0.941 1.31001
0.255 0.99 2.29389
0.304 0.01 4.21291
0.304 0.059 2.63972
0.304 0.108 1.0798
0.304 0.157 0.562414
0.304 0.206 0.708157
0.304 0.255 0.779083
0.304 0.304 0.566369
0.304 0.353 0.683862
0.304 0.402 1.11934
0.304 0.451 1.51294
0.304 0.5 1.83629
0.304 0.549 1.7957
0.304 0.598 1.31862
0.304 0.647 0.693214
0.304 0.696 0.411
0.304 0.745 0.513187
0.304 0.794 0.675605
0.304 0.843 0.581069
0.304 0.892 0.495782
0.304 0.941 1.24321
0.304 0.99 2.17694
0.353 0.01 3.53161
0.353 0.059 2.21283
0.353 0.108 0.905181
0.353 0.157 0.471462
0.353 0.206 0.593636
0.353 0.255 0.653092
0.353 0.304 0.474777
0.353 0.353 0.57327
0.353 0.402 0.938321
0.353 0.451 1.26828
0.353 0.5 1.53933
0.353 0.549 1.50531
0.353 0.598 1.10537
0.353 0.647 0.58111
0.353 0.696 0.344534
0.353 0.745 0.430196
0.353 0.794 0.566348
0.353 0.843 0.4871
0.353 0.892 0.415606
0.353 0.941 1.04216
0.353 0.99 1.82489
0.402 0.01 2.9616
0.402 0.059 1.85568
0.402 0.108 0.759083
0.402 0.157 0.395367
0.402 0.206 0.497822
0.402 0.255 0.547682
0.402 0.304 0.398148
0.402 0.353 0.480743
0.402 0.402 0.786875
0.402 0.451 1.06357
0.402 0.5 1.29088
0.402 0.549 1.26235
0.402 0.598 0.926964
0.402 0.647 0.487318
0.402 0.696 0.288926
0.402 0.745 0.360762
0.402 0.794 0.474938
0.402 0.843 0.408481
0.402 0.892 0.348526
0.402 0.941 0.873958
0.402 0.99 1.53035
0.451 0.01 2.11361
0.451 0.059 1.32434
0.451 0.108 0.541734
0.451 0.157 0.282161
0.451 0.206 0.355281
0.451 0.255 0.390864
0.451 0.304 0.284146
0.451 0.353 0.343092
0.451 0.402 0.561568
0.451 0.451 0.75904
0.451 0.5 0.921263
0.451 0.549 0.900898
0.451 0.598 0.661545
0.451 0.647 0.347784
0.451 0.696 0.206197
0.451 0.745 0.257465
0.451 0.794 0.338949
0.451 0.843 0.291521
0.451 0.892 0.248733
0.451 0.941 0.623717
0.451 0.99 1.09216
0.5 0.01 1.49729
0.5 0.059 0.938168
0.5 0.108 0.383767
0.5 0.157 0.199884
0.5 0.206 0.251682
0.5 0.255 0.27689
0.5 0.304 0.20129
0.5 0.353 0.243048
0.5 0.402 0.397818
0.5 0.451 0.537708
0.5 0.5 0.652627
0.5 0.549 0.6382
0.5 0.598 0.468642
0.5 0.647 0.246372
0.5 0.696 0.146071
0.5 0.745 0.182389
0.5 0.794 0.240113
0.5 0.843 0.206515
0.5 0.892 0.176203
0.5 0.941 0.441844
0.5 0.99 0.773694
0.549 0.01 2.12336
0.549 0.059 1.33045
0.549 0.108 0.544233
0.549 0.157 0.283463
0.549 0.206 0.35692
0.549 0.255 0.392667
0.549 0.304 0.285456
0.549 0.353 0.344674
0.549 0.402 0.564159
0.549 0.451 0.762542
0.549 0.5 0.925513
0.549 0.549 0.905054
0.549 0.598 0.664597
0.549 0.647 0.349388
0.549 0.696 0.207149
0.549 0.745 0.258652
0.549 0.794 0.340513
0.549 0.843 0.292866
0.549 0.892 0.24988
0.549 0.941 0.626594
0.549 0.99 1.0972
0.598 0.01 2.70326
0.598 0.059 1.6938
0.598 0.108 0.692866
0.598 0.157 0.360878
0.598 0.206 0.454396
0.598 0.255 0.499906
0.598 0.304 0.363416
0.598 0.353 0.438807
0.598 0.402 0.718234
0.598 0.451 0.970796
0.598 0.5 1.17828
0.598 0.549 1.15223
0.598 0.598 0.846102
0.598 0.647 0.444808
0.598 0.696 0.263722
0.598 0.745 0.329292
0.598 0.794 0.433508
0.598 0.843 0.372849
0.598 0.892 0.318124
0.598 0.941 0.79772
0.598 0.99 1.39685
0.647 0.01 2.85828
0.647 0.059 1.79094
0.647 0.108 0.732601
0.647 0.157 0.381574
0.647 0.206 0.480455
0.647 0.255 0.528574
0.647 0.304 0.384257
0.647 0.353 0.463971
0.647 0.402 0.759423
0.647 0.451 1.02647
0.647 0.5 1.24585
0.647 0.549 1.21831
0.647 0.598 0.894624
0.647 0.647 0.470317
0.647 0.696 0.278846
0.647 0.745 0.348176
0.647 0.794 0.458369
0.647 0.843 0.394231
0.647 0.892 0.336367
0.647 0.941 0.843468
0.647 0.99 1.47696
0.696 0.01 4.13863
0.696 0.059 2.59318
0.696 0.108 1.06076
0.696 0.157 0.552497
0.696 0.206 0.695671
0.696 0.255 0.765346
0.696 0.304 0.556383
0.696 0.353 0.671804
0.696 0.402 1.0996
0.696 0.451 1.48627
0.696 0.5 1.80391
0.696 0.549 1.76404
0.696 0.598 1.29537
0.696 0.647 0.680992
0.696 0.696 0.403753
0.696 0.745 0.504139
0.696 0.794 0.663692
0.696 0.843 0.570824
0.696 0.892 0.487041
0.696 0.941 1.22129
0.696 0.99 2.13855
0.745 0.01 5.407
0.745 0.059 3.38791
0.745 0.108 1.38586
0.745 0.157 0.721822
0.745 0.206 0.908874
0.745 0.255 0.999902
0.745 0.304 0.726898
0.745 0.353 0.877692
0.745 0.402 1.4366
0.745 0.451 1.94177
0.745 0.5 2.35676
0.745 0.549 2.30467
0.745 0.598 1.69236
0.745 0.647 0.889696
0.745 0.696 0.527491
0.745 0.745 0.658642
0.745 0.794 0.867094
0.745 0.843 0.745764
0.745 0.892 0.636304
0.745 0.941 1.59558
0.745 0.99 2.79396
0.794 0.01 4.81864
0.794 0.059 3.01925
0.794 0.108 1.23506
0.794 0.157 0.643277
0.794 0.206 0.809975
0.794 0.255 0.891097
0.794 0.304 0.6478
0.794 0.353 0.782186
0.794 0.402 1.28027
0.794 0.451 1.73047
0.794 0.5 2.10031
0.794 0.549 2.05388
0.794 0.598 1.5082
0.794 0.647 0.792883
0.794 0.696 0.470093
0.794 0.745 0.586972
0.794 0.794 0.772742
0.794 0.843 0.664614
0.794 0.892 0.567065
0.794 0.941 1.42196
0.794 0.99 2.48993
0.843 0.01 3.49454
0.843 0.059 2.1896
0.843 0.108 0.895678
0.843 0.157 0.466512
0.843 0.206 0.587404
0.843 0.255 0.646235
0.843 0.304 0.469793
0.843 0.353 0.567252
0.843 0.402 0.928471
0.843 0.451 1.25496
0.843 0.5 1.52317
0.843 0.549 1.4895
0.843 0.598 1.09377
0.843 0.647 0.575009
0.843 0.696 0.340917
0.843 0.745 0.42568
0.843 0.794 0.560402
0.843 0.843 0.481986
0.843 0.892 0.411243
0.843 0.941 1.03122
0.843 0.99 1.80573
0.892 0.01 2.74572
0.892 0.059 1.72041
0.892 0.108 0.70375
0.892 0.157 0.366547
0.892 0.206 0.461534
0.892 0.255 0.507759
0.892 0.304 0.369125
0.892 0.353 0.4457
0.892 0.402 0.729516
0.892 0.451 0.986046
0.892 0.5 1.19678
0.892 0.549 1.17033
0.892 0.598 0.859393
0.892 0.647 0.451795
0.892 0.696 0.267865
0.892 0.745 0.334464
0.892 0.794 0.440318
0.892 0.843 0.378706
0.892 0.892 0.323121
0.892 0.941 0.810251
0.892 0.99 1.4188
0.941 0.01 4.31048
0.941 0.059 2.70085
0.941 0.108 1.10481
0.941 0.157 0.575438
0.941 0.206 0.724557
0.941 0.255 0.797125
0.941 0.304 0.579485
0.941 0.353 0.699699
0.941 0.402 1.14526
0.941 0.451 1.54798
0.941 0.5 1.87882
0.941 0.549 1.83729
0.941 0.598 1.34915
0.941 0.647 0.709268
0.941 0.696 0.420518
0.941 0.745 0.525072
0.941 0.794 0.69125
0.941 0.843 0.594525
0.941 0.892 0.507263
0.941 0.941 1.272
0.941 0.99 2.22735
0.99 0.01 6.85063
0.99 0.059 4.29245
0.99 0.108 1.75587
0.99 0.157 0.914543
0.99 0.206 1.15154
0.99 0.255 1.26687
0.99 0.304 0.920974
0.99 0.353 1.11203
0.99 0.402 1.82016
0.99 0.451 2.4602
0.99 0.5 2.986
0.99 0.549 2.92
0.99 0.598 2.1442
0.99 0.647 1.12724
0.99 0.696 0.668328
0.99 0.745 0.834495
0.99 0.794 1.0986
0.99 0.843 0.944878
0.99 0.892 0.806193
0.99 0.941 2.02159
0.99 0.99 3.53993
