0.01 0.01 5.26683
0.01 0.059 3.27865
0.01 0.108 1.71986
0.01 0.157 1.09791
0.01 0.206 0.607126
0.01 0.255 0.711231
0.01 0.304 1.10403
0.01 0.353 1.18106
0.01 0.402 1.23846
0.01 0.451 1.69835
0.01 0.5 1.91999
0.01 0.549 1.51906
0.01 0.598 0.932526
0.01 0.647 0.894719
0.01 0.696 1.09994
0.01 0.745 0.949564
0.01 0.794 0.943241
0.01 0.843 1.58002
0.01 0.892 2.43643
0.01 0.941 3.5265
0.01 0.99 4.2106
0.059 0.01 4.31147
0.059 0.059 2.68393
0.059 0.108 1.40789
0.059 0.157 0.89876
0.059 0.206 0.496998
0.059 0.255 0.58222
0.059 0.304 0.90377
0.059 0.353 0.966826
0.059 0.402 1.01382
0.059 0.451 1.39028
0.059 0.5 1.57172
0.059 0.549 1.24351
0.059 0.598 0.763374
0.059 0.647 0.732425
0.059 0.696 0.90042
0.059 0.745 0.777321
0.059 0.794 0.772145
0.059 0.843 1.29342
0.059 0.892 1.99449
0.059 0.941 2.88683
0.059 0.99 3.44684
0.108 0.01 2.96274
0.108 0.059 1.84434
0.108 0.108 0.96747
0.108 0.157 0.617606
0.108 0.206 0.341526
0.108 0.255 0.400088
0.108 0.304 0.62105
0.108 0.353 0.66438
0.108 0.402 0.696671
0.108 0.451 0.955371
0.108 0.5 1.08005
0.108 0.549 0.854512
0.108 0.598 0.524573
0.108 0.647 0.503305
0.108 0.696 0.618748
0.108 0.745 0.534157
0.108 0.794 0.5306
0.108 0.843 0.888808
0.108 0.892 1.37056
0.108 0.941 1.98376
0.108 0.99 2.36859
0.157 0.01 1.81221
0.157 0.059 1.12812
0.157 0.108 0.591769
0.157 0.157 0.377769
0.157 0.206 0.2089
0.157 0.255 0.24472
0.157 0.304 0.379875
0.157 0.353 0.406379
0.157 0.402 0.42613
0.157 0.451 0.584368
0.157 0.5 0.66063
0.157 0.549 0.522676
0.157 0.598 0.320863
0.157 0.647 0.307855
0.157 0.696 0.378467
0.157 0.745 0.326726
0.157 0.794 0.32455
0.157 0.843 0.543654
0.157 0.892 0.838327
0.157 0.941 1.2134
0.157 0.99 1.44878
0.206 0.01 1.55316
0.206 0.059 0.966857
0.206 0.108 0.507177
0.206 0.157 0.323768
0.206 0.206 0.179038
0.206 0.255 0.209738
0.206 0.304 0.325573
0.206 0.353 0.348288
0.206 0.402 0.365216
0.206 0.451 0.500834
0.206 0.5 0.566195
0.206 0.549 0.447961
0.206 0.598 0.274997
0.206 0.647 0.263848
0.206 0.696 0.324366
0.206 0.745 0.280021
0.206 0.794 0.278157
0.206 0.843 0.46594
0.206 0.892 0.718491
0.206 0.941 1.03995
0.206 0.99 1.24168
0.255 0.01 1.82736
0.255 0.059 1.13755
0.255 0.108 0.596717
0.255 0.157 0.380928
0.255 0.206 0.210646
0.255 0.255 0.246766
0.255 0.304 0.383052
0.255 0.353 0.409777
0.255 0.402 0.429693
0.255 0.451 0.589255
0.255 0.5 0.666154
0.255 0.549 0.527047
0.255 0.598 0.323546
0.255 0.647 0.310429
0.255 0.696 0.381632
0.255 0.745 0.329458
0.255 0.794 0.327264
0.255 0.843 0.5482
0.255 0.892 0.845337
0.255 0.941 1.22354
0.255 0.99 1.4609
0.304 0.01 1.45153
0.304 0.059 0.903592
0.304 0.108 0.473991
0.304 0.157 0.302583
0.304 0.206 0.167323
0.304 0.255 0.196014
0.304 0.304 0.30427
0.304 0.353 0.325498
0.304 0.402 0.341319
0.304 0.451 0.468063
0.304 0.5 0.529147
0.304 0.549 0.41865
0.304 0.598 0.257003
0.304 0.647 0.246583
0.304 0.696 0.303142
0.304 0.745 0.261698
0.304 0.794 0.259956
0.304 0.843 0.435452
0.304 0.892 0.671477
0.304 0.941 0.971899
0.304 0.99 1.16044
0.353 0.01 0.602912
0.353 0.059 0.375319
0.353 0.108 0.196878
0.353 0.157 0.125682
0.353 0.206 0.0694998
0.353 0.255 0.0814171
0.353 0.304 0.126382
0.353 0.353 0.1352
0.353 0.402 0.141771
0.353 0.451 0.194416
0.353 0.5 0.219788
0.353 0.549 0.173892
0.353 0.598 0.10675
0.353 0.647 0.102422
0.353 0.696 0.125914
0.353 0.745 0.1087
0.353 0.794 0.107976
0.353 0.843 0.180871
0.353 0.892 0.278907
0.353 0.941 0.403691
0.353 0.99 0.482003
0.402 0.01 0.545339
0.402 0.059 0.339479
0.402 0.108 0.178078
0.402 0.157 0.11368
0.402 0.206 0.0628631
0.402 0.255 0.0736424
0.402 0.304 0.114314
0.402 0.353 0.12229
0.402 0.402 0.128233
0.402 0.451 0.175851
0.402 0.5 0.1988
0.402 0.549 0.157286
0.402 0.598 0.0965558
0.402 0.647 0.0926412
0.402 0.696 0.11389
0.402 0.745 0.0983199
0.402 0.794 0.0976653
0.402 0.843 0.163599
0.402 0.892 0.252274
0.402 0.941 0.365142
0.402 0.99 0.435975
0.451 0.01 1.13676
0.451 0.059 0.707647
0.451 0.108 0.371205
0.451 0.157 0.236967
0.451 0.206 0.131039
0.451 0.255 0.153508
0.451 0.304 0.238288
0.451 0.353 0.254914
0.451 0.402 0.267303
0.451 0.451 0.366563
0.451 0.5 0.414401
0.451 0.549 0.327865
0.451 0.598 0.201272
0.451 0.647 0.193112
0.451 0.696 0.237405
0.451 0.745 0.204949
0.451 0.794 0.203584
0.451 0.843 0.341024
0.451 0.892 0.525867
0.451 0.941 0.761142
0.451 0.99 0.908794
0.5 0.01 1.72662
0.5 0.059 1.07484
0.5 0.108 0.563821
0.5 0.157 0.359928
0.5 0.206 0.199034
0.5 0.255 0.233163
0.5 0.304 0.361935
0.5 0.353 0.387187
0.5 0.402 0.406005
0.5 0.451 0.55677
0.5 0.5 0.62943
0.5 0.549 0.497992
0.5 0.598 0.30571
0.5 0.647 0.293316
0.5 0.696 0.360593
0.5 0.745 0.311295
0.5 0.794 0.309223
0.5 0.843 0.517979
0.5 0.892 0.798735
0.5 0.941 1.15609
0.5 0.99 1.38036
0.549 0.01 1.70504
0.549 0.059 1.06141
0.549 0.108 0.556774
0.549 0.157 0.355429
0.549 0.206 0.196546
0.549 0.255 0.230248
0.549 0.304 0.357411
0.549 0.353 0.382347
0.549 0.402 0.40093
0.549 0.451 0.549811
0.549 0.5 0.621563
0.549 0.549 0.491767
0.549 0.598 0.301889
0.549 0.647 0.289649
0.549 0.696 0.356086
0.549 0.745 0.307404
0.549 0.794 0.305357
0.549 0.843 0.511504
0.549 0.892 0.788752
0.549 0.941 1.14164
0.549 0.99 1.36311
0.598 0.01 0.9782
0.598 0.059 0.608939
0.598 0.108 0.319427
0.598 0.157 0.203913
0.598 0.206 0.11276
0.598 0.255 0.132096
0.598 0.304 0.20505
0.598 0.353 0.219356
0.598 0.402 0.230018
0.598 0.451 0.315432
0.598 0.5 0.356597
0.598 0.549 0.282132
0.598 0.598 0.173197
0.598 0.647 0.166175
0.598 0.696 0.20429
0.598 0.745 0.176361
0.598 0.794 0.175187
0.598 0.843 0.293455
0.598 0.892 0.452515
0.598 0.941 0.654972
0.598 0.99 0.782029
0.647 0.01 0.952061
0.647 0.059 0.592668
0.647 0.108 0.310891
0.647 0.157 0.198464
0.647 0.206 0.109747
0.647 0.255 0.128566
0.647 0.304 0.199571
0.647 0.353 0.213495
0.647 0.402 0.223871
0.647 0.451 0.307003
0.647 0.5 0.347068
0.647 0.549 0.274593
0.647 0.598 0.168569
0.647 0.647 0.161734
0.647 0.696 0.198831
0.647 0.745 0.171648
0.647 0.794 0.170505
0.647 0.843 0.285614
0.647 0.892 0.440423
0.647 0.941 0.63747
0.647 0.99 0.761132
0.696 0.01 1.71596
0.696 0.059 1.0682
0.696 0.108 0.560338
0.696 0.157 0.357705
0.696 0.206 0.197804
0.696 0.255 0.231722
0.696 0.304 0.359699
0.696 0.353 0.384795
0.696 0.402 0.403497
0.696 0.451 0.553331
0.696 0.5 0.625542
0.696 0.549 0.494916
0.696 0.598 0.303822
0.696 0.647 0.291504
0.696 0.696 0.358366
0.696 0.745 0.309372
0.696 0.794 0.307312
0.696 0.843 0.514779
0.696 0.892 0.793802
0.696 0.941 1.14895
0.696 0.99 1.37183
0.745 0.01 2.13853
0.745 0.059 1.33126
0.745 0.108 0.698329
0.745 0.157 0.445794
0.745 0.206 0.246516
0.745 0.255 0.288787
0.745 0.304 0.448279
0.745 0.353 0.479556
0.745 0.402 0.502864
0.745 0.451 0.689596
0.745 0.5 0.77959
0.745 0.549 0.616795
0.745 0.598 0.378641
0.745 0.647 0.36329
0.745 0.696 0.446618
0.745 0.745 0.385559
0.745 0.794 0.382992
0.745 0.843 0.64155
0.745 0.892 0.989285
0.745 0.941 1.4319
0.745 0.99 1.70967
0.794 0.01 2.07612
0.794 0.059 1.29241
0.794 0.108 0.677948
0.794 0.157 0.432784
0.794 0.206 0.239322
0.794 0.255 0.280359
0.794 0.304 0.435196
0.794 0.353 0.46556
0.794 0.402 0.488188
0.794 0.451 0.66947
0.794 0.5 0.756838
0.794 0.549 0.598794
0.794 0.598 0.367591
0.794 0.647 0.352688
0.794 0.696 0.433583
0.794 0.745 0.374307
0.794 0.794 0.371814
0.794 0.843 0.622827
0.794 0.892 0.960413
0.794 0.941 1.39011
0.794 0.99 1.65977
0.843 0.01 2.96224
0.843 0.059 1.84403
0.843 0.108 0.967307
0.843 0.157 0.617502
0.843 0.206 0.341468
0.843 0.255 0.40002
0.843 0.304 0.620945
0.843 0.353 0.664268
0.843 0.402 0.696553
0.843 0.451 0.95521
0.843 0.5 1.07987
0.843 0.549 0.854368
0.843 0.598 0.524484
0.843 0.647 0.50322
0.843 0.696 0.618643
0.843 0.745 0.534067
0.843 0.794 0.53051
0.843 0.843 0.888658
0.843 0.892 1.37033
0.843 0.941 1.98342
0.843 0.99 2.36819
0.892 0.01 5.59073
0.892 0.059 3.48029
0.892 0.108 1.82563
0.892 0.157 1.16543
0.892 0.206 0.644463
0.892 0.255 0.75497
0.892 0.304 1.17193
0.892 0.353 1.25369
0.892 0.402 1.31463
0.892 0.451 1.8028
0.892 0.5 2.03807
0.892 0.549 1.61248
0.892 0.598 0.989875
0.892 0.647 0.949743
0.892 0.696 1.16758
0.892 0.745 1.00796
0.892 0.794 1.00125
0.892 0.843 1.67719
0.892 0.892 2.58627
0.892 0.941 3.74338
0.892 0.99 4.46955
0.941 0.01 11.2425
0.941 0.059 6.9986
0.941 0.108 3.6712
0.941 0.157 2.3436
0.941 0.206 1.29597
0.941 0.255 1.51819
0.941 0.304 2.35666
0.941 0.353 2.52108
0.941 0.402 2.64362
0.941 0.451 3.62529
0.941 0.5 4.0984
0.941 0.549 3.24257
0.941 0.598 1.99057
0.941 0.647 1.90986
0.941 0.696 2.34793
0.941 0.745 2.02693
0.941 0.794 2.01344
0.941 0.843 3.37271
0.941 0.892 5.2008
0.941 0.941 7.52766
0.941 0.99 8.98794
0.99 0.01 16.7425
0.99 0.059 10.4224
0.99 0.108 5.4672
0.99 0.157 3.49011
0.99 0.206 1.92997
0.99 0.255 2.2609
0.99 0.304 3.50957
0.99 0.353 3.75443
0.99 0.402 3.9369
0.99 0.451 5.39882
0.99 0.5 6.10338
0.99 0.549 4.82887
0.99 0.598 2.96437
0.99 0.647 2.84419
0.99 0.696 3.49656
0.99 0.745 3.01853
0.99 0.794 2.99843
0.99 0.843 5.02268
0.99 0.892 7.74508
0.99 0.941 11.2103
0.99 0.99 13.3849
