0.01 0.01 4.23752e-85
0.01 0.059 6.9976e-77
0.01 0.108 4.42389e-69
0.01 0.157 1.07051e-61
0.01 0.206 9.91545e-55
0.01 0.255 3.51533e-48
0.01 0.304 4.77036e-42
0.01 0.353 2.47782e-36
0.01 0.402 4.92631e-31
0.01 0.451 3.74892e-26
0.01 0.5 1.092e-21
0.01 0.549 1.21752e-17
0.01 0.598 5.19587e-14
0.01 0.647 8.4874e-11
0.01 0.696 5.3067e-08
0.01 0.745 1.27001e-05
0.01 0.794 0.00116339
0.01 0.843 0.0407918
0.01 0.892 0.547465
0.01 0.941 2.81237
0.01 0.99 5.52995
0.059 0.01 4.11535e-85
0.059 0.059 6.79586e-77
0.059 0.108 4.29635e-69
0.059 0.157 1.03965e-61
0.059 0.206 9.6296e-55
0.059 0.255 3.41398e-48
0.059 0.304 4.63284e-42
0.059 0.353 2.40639e-36
0.059 0.402 4.78429e-31
0.059 0.451 3.64084e-26
0.059 0.5 1.06052e-21
0.059 0.549 1.18242e-17
0.059 0.598 5.04608e-14
0.059 0.647 8.24272e-11
0.059 0.696 5.15372e-08
0.059 0.745 1.2334e-05
0.059 0.794 0.00112985
0.059 0.843 0.0396159
0.059 0.892 0.531682
0.059 0.941 2.73129
0.059 0.99 5.37052
0.108 0.01 4.97636e-85
0.108 0.059 8.21768e-77
0.108 0.108 5.19523e-69
0.108 0.157 1.25717e-61
0.108 0.206 1.16443e-54
0.108 0.255 4.12825e-48
0.108 0.304 5.60211e-42
0.108 0.353 2.90985e-36
0.108 0.402 5.78525e-31
0.108 0.451 4.40258e-26
0.108 0.5 1.2824e-21
0.108 0.549 1.4298e-17
0.108 0.598 6.10181e-14
0.108 0.647 9.96725e-11
0.108 0.696 6.23197e-08
0.108 0.745 1.49145e-05
0.108 0.794 0.00136623
0.108 0.843 0.0479042
0.108 0.892 0.642919
0.108 0.941 3.30272
0.108 0.99 6.49414
0.157 0.01 6.40092e-85
0.157 0.059 1.05701e-76
0.157 0.108 6.68244e-69
0.157 0.157 1.61705e-61
0.157 0.206 1.49776e-54
0.157 0.255 5.31002e-48
0.157 0.304 7.2058e-42
0.157 0.353 3.74284e-36
0.157 0.402 7.44137e-31
0.157 0.451 5.66288e-26
0.157 0.5 1.64951e-21
0.157 0.549 1.8391e-17
0.157 0.598 7.84854e-14
0.157 0.647 1.28205e-10
0.157 0.696 8.01596e-08
0.157 0.745 1.9184e-05
0.157 0.794 0.00175734
0.157 0.843 0.0616175
0.157 0.892 0.826964
0.157 0.941 4.24818
0.157 0.99 8.35318
0.206 0.01 4.07262e-85
0.206 0.059 6.7253e-77
0.206 0.108 4.25174e-69
0.206 0.157 1.02886e-61
0.206 0.206 9.52961e-55
0.206 0.255 3.37853e-48
0.206 0.304 4.58473e-42
0.206 0.353 2.3814e-36
0.206 0.402 4.73461e-31
0.206 0.451 3.60304e-26
0.206 0.5 1.04951e-21
0.206 0.549 1.17014e-17
0.206 0.598 4.99368e-14
0.206 0.647 8.15714e-11
0.206 0.696 5.1002e-08
0.206 0.745 1.22059e-05
0.206 0.794 0.00111812
0.206 0.843 0.0392045
0.206 0.892 0.526161
0.206 0.941 2.70293
0.206 0.99 5.31476
0.255 0.01 1.03261e-85
0.255 0.059 1.7052e-77
0.255 0.108 1.07803e-69
0.255 0.157 2.60866e-62
0.255 0.206 2.41623e-55
0.255 0.255 8.56627e-49
0.255 0.304 1.16246e-42
0.255 0.353 6.03805e-37
0.255 0.402 1.20046e-31
0.255 0.451 9.13551e-27
0.255 0.5 2.66103e-22
0.255 0.549 2.96689e-18
0.255 0.598 1.26615e-14
0.255 0.647 2.06824e-11
0.255 0.696 1.29316e-08
0.255 0.745 3.09481e-06
0.255 0.794 0.000283498
0.255 0.843 0.0099403
0.255 0.892 0.133408
0.255 0.941 0.685327
0.255 0.99 1.34756
0.304 0.01 2.66788e-86
0.304 0.059 4.40559e-78
0.304 0.108 2.78522e-70
0.304 0.157 6.7398e-63
0.304 0.206 6.24263e-56
0.304 0.255 2.2132e-49
0.304 0.304 3.00336e-43
0.304 0.353 1.56e-37
0.304 0.402 3.10154e-32
0.304 0.451 2.36027e-27
0.304 0.5 6.8751e-23
0.304 0.549 7.66531e-19
0.304 0.598 3.27125e-15
0.304 0.647 5.34355e-12
0.304 0.696 3.34103e-09
0.304 0.745 7.99582e-07
0.304 0.794 7.32452e-05
0.304 0.843 0.0025682
0.304 0.892 0.0344676
0.304 0.941 0.177063
0.304 0.99 0.348158
0.353 0.01 1.17873e-85
0.353 0.059 1.9465e-77
0.353 0.108 1.23058e-69
0.353 0.157 2.97781e-62
0.353 0.206 2.75814e-55
0.353 0.255 9.77845e-49
0.353 0.304 1.32695e-42
0.353 0.353 6.89247e-37
0.353 0.402 1.37033e-31
0.353 0.451 1.04282e-26
0.353 0.5 3.03759e-22
0.353 0.549 3.38672e-18
0.353 0.598 1.44532e-14
0.353 0.647 2.36091e-11
0.353 0.696 1.47615e-08
0.353 0.745 3.53275e-06
0.353 0.794 0.000323615
0.353 0.843 0.0113469
0.353 0.892 0.152286
0.353 0.941 0.782305
0.353 0.99 1.53824
0.402 0.01 3.66526e-85
0.402 0.059 6.05261e-77
0.402 0.108 3.82646e-69
0.402 0.157 9.25945e-62
0.402 0.206 8.57642e-55
0.402 0.255 3.0406e-48
0.402 0.304 4.12615e-42
0.402 0.353 2.14321e-36
0.402 0.402 4.26104e-31
0.402 0.451 3.24265e-26
0.402 0.5 9.44534e-22
0.402 0.549 1.0531e-17
0.402 0.598 4.49419e-14
0.402 0.647 7.34122e-11
0.402 0.696 4.59006e-08
0.402 0.745 1.0985e-05
0.402 0.794 0.00100628
0.402 0.843 0.0352831
0.402 0.892 0.473532
0.402 0.941 2.43257
0.402 0.99 4.78315
0.451 0.01 6.47912e-85
0.451 0.059 1.06993e-76
0.451 0.108 6.76408e-69
0.451 0.157 1.6368e-61
0.451 0.206 1.51606e-54
0.451 0.255 5.3749e-48
0.451 0.304 7.29384e-42
0.451 0.353 3.78857e-36
0.451 0.402 7.53229e-31
0.451 0.451 5.73207e-26
0.451 0.5 1.66966e-21
0.451 0.549 1.86157e-17
0.451 0.598 7.94444e-14
0.451 0.647 1.29772e-10
0.451 0.696 8.1139e-08
0.451 0.745 1.94184e-05
0.451 0.794 0.00177881
0.451 0.843 0.0623704
0.451 0.892 0.837068
0.451 0.941 4.30008
0.451 0.99 8.45524
0.5 0.01 7.17513e-85
0.5 0.059 1.18486e-76
0.5 0.108 7.4907e-69
0.5 0.157 1.81263e-61
0.5 0.206 1.67892e-54
0.5 0.255 5.95229e-48
0.5 0.304 8.07737e-42
0.5 0.353 4.19555e-36
0.5 0.402 8.34142e-31
0.5 0.451 6.34782e-26
0.5 0.5 1.84902e-21
0.5 0.549 2.06155e-17
0.5 0.598 8.79785e-14
0.5 0.647 1.43712e-10
0.5 0.696 8.98552e-08
0.5 0.745 2.15043e-05
0.5 0.794 0.00196989
0.5 0.843 0.0690703
0.5 0.892 0.926988
0.5 0.941 4.76201
0.5 0.99 9.36352
0.549 0.01 4.10017e-85
0.549 0.059 6.77079e-77
0.549 0.108 4.2805e-69
0.549 0.157 1.03581e-61
0.549 0.206 9.59406e-55
0.549 0.255 3.40138e-48
0.549 0.304 4.61574e-42
0.549 0.353 2.39751e-36
0.549 0.402 4.76664e-31
0.549 0.451 3.62741e-26
0.549 0.5 1.05661e-21
0.549 0.549 1.17805e-17
0.549 0.598 5.02746e-14
0.549 0.647 8.21231e-11
0.549 0.696 5.1347e-08
0.549 0.745 1.22885e-05
0.549 0.794 0.00112568
0.549 0.843 0.0394697
0.549 0.892 0.52972
0.549 0.941 2.72121
0.549 0.99 5.35071
0.598 0.01 1.80488e-85
0.598 0.059 2.98048e-77
0.598 0.108 1.88426e-69
0.598 0.157 4.55962e-62
0.598 0.206 4.22328e-55
0.598 0.255 1.49728e-48
0.598 0.304 2.03184e-42
0.598 0.353 1.05538e-36
0.598 0.402 2.09826e-31
0.598 0.451 1.59677e-26
0.598 0.5 4.65116e-22
0.598 0.549 5.18575e-18
0.598 0.598 2.21307e-14
0.598 0.647 3.61503e-11
0.598 0.696 2.26028e-08
0.598 0.745 5.40935e-06
0.598 0.794 0.00049552
0.598 0.843 0.0173744
0.598 0.892 0.233181
0.598 0.941 1.19787
0.598 0.99 2.35536
0.647 0.01 3.07136e-85
0.647 0.059 5.07187e-77
0.647 0.108 3.20644e-69
0.647 0.157 7.7591e-62
0.647 0.206 7.18674e-55
0.647 0.255 2.54792e-48
0.647 0.304 3.45757e-42
0.647 0.353 1.79593e-36
0.647 0.402 3.5706e-31
0.647 0.451 2.71723e-26
0.647 0.5 7.91486e-22
0.647 0.549 8.82458e-18
0.647 0.598 3.76598e-14
0.647 0.647 6.15169e-11
0.647 0.696 3.84631e-08
0.647 0.745 9.20507e-06
0.647 0.794 0.000843225
0.647 0.843 0.029566
0.647 0.892 0.396803
0.647 0.941 2.03841
0.647 0.99 4.00812
0.696 0.01 5.57852e-85
0.696 0.059 9.21206e-77
0.696 0.108 5.82387e-69
0.696 0.157 1.40929e-61
0.696 0.206 1.30533e-54
0.696 0.255 4.62779e-48
0.696 0.304 6.27999e-42
0.696 0.353 3.26195e-36
0.696 0.402 6.48529e-31
0.696 0.451 4.93531e-26
0.696 0.5 1.43758e-21
0.696 0.549 1.60281e-17
0.696 0.598 6.84015e-14
0.696 0.647 1.11733e-10
0.696 0.696 6.98606e-08
0.696 0.745 1.67192e-05
0.696 0.794 0.00153155
0.696 0.843 0.0537008
0.696 0.892 0.720715
0.696 0.941 3.70237
0.696 0.99 7.27995
0.745 0.01 7.85752e-85
0.745 0.059 1.29755e-76
0.745 0.108 8.2031e-69
0.745 0.157 1.98503e-61
0.745 0.206 1.8386e-54
0.745 0.255 6.51838e-48
0.745 0.304 8.84556e-42
0.745 0.353 4.59456e-36
0.745 0.402 9.13473e-31
0.745 0.451 6.95153e-26
0.745 0.5 2.02487e-21
0.745 0.549 2.25761e-17
0.745 0.598 9.63457e-14
0.745 0.647 1.5738e-10
0.745 0.696 9.84009e-08
0.745 0.745 2.35495e-05
0.745 0.794 0.00215724
0.745 0.843 0.0756393
0.745 0.892 1.01515
0.745 0.941 5.2149
0.745 0.99 10.254
0.794 0.01 9.59187e-85
0.794 0.059 1.58395e-76
0.794 0.108 1.00137e-68
0.794 0.157 2.42317e-61
0.794 0.206 2.24442e-54
0.794 0.255 7.95715e-48
0.794 0.304 1.0798e-41
0.794 0.353 5.6087e-36
0.794 0.402 1.1151e-30
0.794 0.451 8.48591e-26
0.794 0.5 2.47182e-21
0.794 0.549 2.75592e-17
0.794 0.598 1.17612e-13
0.794 0.647 1.92118e-10
0.794 0.696 1.2012e-07
0.794 0.745 2.87475e-05
0.794 0.794 0.0026334
0.794 0.843 0.0923348
0.794 0.892 1.23922
0.794 0.941 6.36596
0.794 0.99 12.5174
0.843 0.01 1.43549e-84
0.843 0.059 2.37049e-76
0.843 0.108 1.49863e-68
0.843 0.157 3.62645e-61
0.843 0.206 3.35894e-54
0.843 0.255 1.19084e-47
0.843 0.304 1.616e-41
0.843 0.353 8.39382e-36
0.843 0.402 1.66883e-30
0.843 0.451 1.26998e-25
0.843 0.5 3.69925e-21
0.843 0.549 4.12443e-17
0.843 0.598 1.76014e-13
0.843 0.647 2.87518e-10
0.843 0.696 1.79769e-07
0.843 0.745 4.30227e-05
0.843 0.794 0.00394106
0.843 0.843 0.138186
0.843 0.892 1.85458
0.843 0.941 9.52711
0.843 0.99 18.7331
0.892 0.01 2.72297e-84
0.892 0.059 4.49656e-76
0.892 0.108 2.84273e-68
0.892 0.157 6.87897e-61
0.892 0.206 6.37153e-54
0.892 0.255 2.2589e-47
0.892 0.304 3.06537e-41
0.892 0.353 1.59222e-35
0.892 0.402 3.16558e-30
0.892 0.451 2.40901e-25
0.892 0.5 7.01707e-21
0.892 0.549 7.82359e-17
0.892 0.598 3.33879e-13
0.892 0.647 5.45389e-10
0.892 0.696 3.41002e-07
0.892 0.745 8.16092e-05
0.892 0.794 0.00747576
0.892 0.843 0.262123
0.892 0.892 3.51793
0.892 0.941 18.0719
0.892 0.99 35.5347
0.941 0.01 6.10395e-84
0.941 0.059 1.00797e-75
0.941 0.108 6.37241e-68
0.941 0.157 1.54203e-60
0.941 0.206 1.42828e-53
0.941 0.255 5.06367e-47
0.941 0.304 6.87149e-41
0.941 0.353 3.56919e-35
0.941 0.402 7.09613e-30
0.941 0.451 5.40015e-25
0.941 0.5 1.57298e-20
0.941 0.549 1.75378e-16
0.941 0.598 7.48441e-13
0.941 0.647 1.22257e-09
0.941 0.696 7.64406e-07
0.941 0.745 0.000182939
0.941 0.794 0.0167581
0.941 0.843 0.587588
0.941 0.892 7.88598
0.941 0.941 40.5109
0.941 0.99 79.6564
0.99 0.01 9.75483e-84
0.99 0.059 1.61086e-75
0.99 0.108 1.01839e-67
0.99 0.157 2.46434e-60
0.99 0.206 2.28255e-53
0.99 0.255 8.09234e-47
0.99 0.304 1.09815e-40
0.99 0.353 5.70399e-35
0.99 0.402 1.13405e-29
0.99 0.451 8.63008e-25
0.99 0.5 2.51381e-20
0.99 0.549 2.80274e-16
0.99 0.598 1.1961e-12
0.99 0.647 1.95382e-09
0.99 0.696 1.22161e-06
0.99 0.745 0.000292359
0.99 0.794 0.0267814
0.99 0.843 0.939035
0.99 0.892 12.6027
0.99 0.941 64.7411
0.99 0.99 127.3
