0.01 0.01 14.4084
0.01 0.059 9.04092
0.01 0.108 4.31827
0.01 0.157 2.06353
0.01 0.206 1.1198
0.01 0.255 1.34764
0.01 0.304 1.77682
0.01 0.353 2.35425
0.01 0.402 1.77492
0.01 0.451 0.553245
0.01 0.5 0.148811
0.01 0.549 0.48703
0.01 0.598 1.11262
0.01 0.647 1.34673
0.01 0.696 1.89717
0.01 0.745 2.25421
0.01 0.794 1.27718
0.01 0.843 1.16107
0.01 0.892 5.07165
0.01 0.941 17.8521
0.01 0.99 31.6917
0.059 0.01 8.32146
0.059 0.059 5.22152
0.059 0.108 2.49399
0.059 0.157 1.19178
0.059 0.206 0.646734
0.059 0.255 0.778322
0.059 0.304 1.02619
0.059 0.353 1.35968
0.059 0.402 1.02509
0.059 0.451 0.319523
0.059 0.5 0.0859448
0.059 0.549 0.281281
0.059 0.598 0.642586
0.059 0.647 0.777795
0.059 0.696 1.0957
0.059 0.745 1.3019
0.059 0.794 0.737627
0.059 0.843 0.670567
0.059 0.892 2.92909
0.059 0.941 10.3104
0.059 0.99 18.3033
0.108 0.01 3.19886
0.108 0.059 2.00721
0.108 0.108 0.958716
0.108 0.157 0.458133
0.108 0.206 0.248612
0.108 0.255 0.299195
0.108 0.304 0.394479
0.108 0.353 0.522676
0.108 0.402 0.394057
0.108 0.451 0.122828
0.108 0.5 0.0330381
0.108 0.549 0.108127
0.108 0.598 0.247017
0.108 0.647 0.298993
0.108 0.696 0.421198
0.108 0.745 0.500464
0.108 0.794 0.283552
0.108 0.843 0.257773
0.108 0.892 1.12597
0.108 0.941 3.96342
0.108 0.99 7.03598
0.157 0.01 2.25067
0.157 0.059 1.41224
0.157 0.108 0.67454
0.157 0.157 0.322336
0.157 0.206 0.17492
0.157 0.255 0.21051
0.157 0.304 0.27755
0.157 0.353 0.367748
0.157 0.402 0.277253
0.157 0.451 0.0864201
0.157 0.5 0.0232452
0.157 0.549 0.076077
0.157 0.598 0.173798
0.157 0.647 0.210367
0.157 0.696 0.296349
0.157 0.745 0.35212
0.157 0.794 0.199503
0.157 0.843 0.181366
0.157 0.892 0.792221
0.157 0.941 2.78861
0.157 0.99 4.95042
0.206 0.01 1.69092
0.206 0.059 1.06101
0.206 0.108 0.50678
0.206 0.157 0.24217
0.206 0.206 0.131417
0.206 0.255 0.158155
0.206 0.304 0.208523
0.206 0.353 0.276288
0.206 0.402 0.208299
0.206 0.451 0.0649272
0.206 0.5 0.017464
0.206 0.549 0.0571564
0.206 0.598 0.130574
0.206 0.647 0.158048
0.206 0.696 0.222646
0.206 0.745 0.264547
0.206 0.794 0.149886
0.206 0.843 0.136259
0.206 0.892 0.595193
0.206 0.941 2.09507
0.206 0.99 3.71924
0.255 0.01 0.630022
0.255 0.059 0.395323
0.255 0.108 0.188821
0.255 0.157 0.0902302
0.255 0.206 0.0489645
0.255 0.255 0.0589271
0.255 0.304 0.0776934
0.255 0.353 0.102942
0.255 0.402 0.0776102
0.255 0.451 0.0241912
0.255 0.5 0.00650692
0.255 0.549 0.0212959
0.255 0.598 0.0486505
0.255 0.647 0.0588872
0.255 0.696 0.0829558
0.255 0.745 0.0985675
0.255 0.794 0.0558461
0.255 0.843 0.0507689
0.255 0.892 0.221763
0.255 0.941 0.780603
0.255 0.99 1.38575
0.304 0.01 0.232838
0.304 0.059 0.1461
0.304 0.108 0.0697828
0.304 0.157 0.0333465
0.304 0.206 0.0180959
0.304 0.255 0.0217778
0.304 0.304 0.0287132
0.304 0.353 0.0380444
0.304 0.402 0.0286825
0.304 0.451 0.00894038
0.304 0.5 0.00240477
0.304 0.549 0.00787035
0.304 0.598 0.0179798
0.304 0.647 0.021763
0.304 0.696 0.0306581
0.304 0.745 0.0364277
0.304 0.794 0.0206391
0.304 0.843 0.0187627
0.304 0.892 0.0819572
0.304 0.941 0.288488
0.304 0.99 0.512134
0.353 0.01 0.568254
0.353 0.059 0.356565
0.353 0.108 0.170309
0.353 0.157 0.0813839
0.353 0.206 0.044164
0.353 0.255 0.0531498
0.353 0.304 0.0700763
0.353 0.353 0.0928495
0.353 0.402 0.0700012
0.353 0.451 0.0218195
0.353 0.5 0.00586897
0.353 0.549 0.019208
0.353 0.598 0.0438807
0.353 0.647 0.0531139
0.353 0.696 0.0748227
0.353 0.745 0.0889038
0.353 0.794 0.0503709
0.353 0.843 0.0457915
0.353 0.892 0.200021
0.353 0.941 0.704072
0.353 0.99 1.24989
0.402 0.01 0.890026
0.402 0.059 0.55847
0.402 0.108 0.266746
0.402 0.157 0.127467
0.402 0.206 0.0691718
0.402 0.255 0.0832458
0.402 0.304 0.109757
0.402 0.353 0.145425
0.402 0.402 0.109639
0.402 0.451 0.0341747
0.402 0.5 0.00919227
0.402 0.549 0.0300845
0.402 0.598 0.0687281
0.402 0.647 0.0831894
0.402 0.696 0.117191
0.402 0.745 0.139245
0.402 0.794 0.0788932
0.402 0.843 0.0717208
0.402 0.892 0.313283
0.402 0.941 1.10275
0.402 0.99 1.95764
0.451 0.01 0.855478
0.451 0.059 0.536792
0.451 0.108 0.256392
0.451 0.157 0.12252
0.451 0.206 0.0664868
0.451 0.255 0.0800145
0.451 0.304 0.105496
0.451 0.353 0.13978
0.451 0.402 0.105384
0.451 0.451 0.0328482
0.451 0.5 0.00883546
0.451 0.549 0.0289168
0.451 0.598 0.0660603
0.451 0.647 0.0799604
0.451 0.696 0.112642
0.451 0.745 0.13384
0.451 0.794 0.0758309
0.451 0.843 0.0689369
0.451 0.892 0.301122
0.451 0.941 1.05995
0.451 0.99 1.88165
0.5 0.01 1.36753
0.5 0.059 0.858092
0.5 0.108 0.409856
0.5 0.157 0.195854
0.5 0.206 0.106283
0.5 0.255 0.127908
0.5 0.304 0.168642
0.5 0.353 0.223447
0.5 0.402 0.168461
0.5 0.451 0.0525096
0.5 0.5 0.014124
0.5 0.549 0.0462251
0.5 0.598 0.105601
0.5 0.647 0.127821
0.5 0.696 0.180065
0.5 0.745 0.213951
0.5 0.794 0.12122
0.5 0.843 0.110199
0.5 0.892 0.48136
0.5 0.941 1.69438
0.5 0.99 3.00792
0.549 0.01 1.6784
0.549 0.059 1.05316
0.549 0.108 0.503027
0.549 0.157 0.240377
0.549 0.206 0.130443
0.549 0.255 0.156984
0.549 0.304 0.206978
0.549 0.353 0.274242
0.549 0.402 0.206757
0.549 0.451 0.0644463
0.549 0.5 0.0173347
0.549 0.549 0.0567331
0.549 0.598 0.129607
0.549 0.647 0.156878
0.549 0.696 0.220998
0.549 0.745 0.262588
0.549 0.794 0.148776
0.549 0.843 0.13525
0.549 0.892 0.590785
0.549 0.941 2.07956
0.549 0.99 3.69169
0.598 0.01 0.848383
0.598 0.059 0.53234
0.598 0.108 0.254265
0.598 0.157 0.121503
0.598 0.206 0.0659353
0.598 0.255 0.0793509
0.598 0.304 0.104621
0.598 0.353 0.138621
0.598 0.402 0.104509
0.598 0.451 0.0325757
0.598 0.5 0.00876217
0.598 0.549 0.0286769
0.598 0.598 0.0655124
0.598 0.647 0.0792971
0.598 0.696 0.111708
0.598 0.745 0.13273
0.598 0.794 0.075202
0.598 0.843 0.0683651
0.598 0.892 0.298625
0.598 0.941 1.05115
0.598 0.99 1.86604
0.647 0.01 0.181909
0.647 0.059 0.114143
0.647 0.108 0.0545191
0.647 0.157 0.0260525
0.647 0.206 0.0141377
0.647 0.255 0.0170143
0.647 0.304 0.0224327
0.647 0.353 0.0297229
0.647 0.402 0.0224087
0.647 0.451 0.00698483
0.647 0.5 0.00187877
0.647 0.549 0.00614886
0.647 0.598 0.0140471
0.647 0.647 0.0170028
0.647 0.696 0.0239522
0.647 0.745 0.0284598
0.647 0.794 0.0161247
0.647 0.843 0.0146587
0.647 0.892 0.0640306
0.647 0.941 0.225387
0.647 0.99 0.400114
0.696 0.01 0.178879
0.696 0.059 0.112242
0.696 0.108 0.053611
0.696 0.157 0.0256186
0.696 0.206 0.0139023
0.696 0.255 0.0167309
0.696 0.304 0.0220591
0.696 0.353 0.0292278
0.696 0.402 0.0220355
0.696 0.451 0.00686849
0.696 0.5 0.00184748
0.696 0.549 0.00604644
0.696 0.598 0.0138131
0.696 0.647 0.0167196
0.696 0.696 0.0235532
0.696 0.745 0.0279858
0.696 0.794 0.0158561
0.696 0.843 0.0144146
0.696 0.892 0.0629641
0.696 0.941 0.221633
0.696 0.99 0.393449
0.745 0.01 0.649723
0.745 0.059 0.407685
0.745 0.108 0.194726
0.745 0.157 0.0930517
0.745 0.206 0.0504957
0.745 0.255 0.0607698
0.745 0.304 0.0801229
0.745 0.353 0.106161
0.745 0.402 0.0800371
0.745 0.451 0.0249477
0.745 0.5 0.00671039
0.745 0.549 0.0219618
0.745 0.598 0.0501718
0.745 0.647 0.0607287
0.745 0.696 0.0855499
0.745 0.745 0.10165
0.745 0.794 0.0575924
0.745 0.843 0.0523565
0.745 0.892 0.228698
0.745 0.941 0.805013
0.745 0.99 1.42908
0.794 0.01 1.2529
0.794 0.059 0.786164
0.794 0.108 0.375501
0.794 0.157 0.179437
0.794 0.206 0.0973739
0.794 0.255 0.117186
0.794 0.304 0.154506
0.794 0.353 0.204717
0.794 0.402 0.154341
0.794 0.451 0.0481081
0.794 0.5 0.0129401
0.794 0.549 0.0423504
0.794 0.598 0.0967493
0.794 0.647 0.117107
0.794 0.696 0.164971
0.794 0.745 0.196017
0.794 0.794 0.111059
0.794 0.843 0.100962
0.794 0.892 0.441012
0.794 0.941 1.55236
0.794 0.99 2.75579
0.843 0.01 1.9495
0.843 0.059 1.22327
0.843 0.108 0.584277
0.843 0.157 0.279203
0.843 0.206 0.151513
0.843 0.255 0.182341
0.843 0.304 0.24041
0.843 0.353 0.318538
0.843 0.402 0.240153
0.843 0.451 0.0748559
0.843 0.5 0.0201346
0.843 0.549 0.0658969
0.843 0.598 0.150541
0.843 0.647 0.182217
0.843 0.696 0.256694
0.843 0.745 0.305002
0.843 0.794 0.172807
0.843 0.843 0.157096
0.843 0.892 0.686211
0.843 0.941 2.41545
0.843 0.99 4.28799
0.892 0.01 3.98354
0.892 0.059 2.49957
0.892 0.108 1.19389
0.892 0.157 0.570512
0.892 0.206 0.309596
0.892 0.255 0.372588
0.892 0.304 0.491244
0.892 0.353 0.650888
0.892 0.402 0.490719
0.892 0.451 0.152958
0.892 0.5 0.0411423
0.892 0.549 0.134651
0.892 0.598 0.30761
0.892 0.647 0.372336
0.892 0.696 0.524518
0.892 0.745 0.623228
0.892 0.794 0.353107
0.892 0.843 0.321005
0.892 0.892 1.40218
0.892 0.941 4.93564
0.892 0.99 8.76191
0.941 0.01 11.8805
0.941 0.059 7.45471
0.941 0.108 3.56065
0.941 0.157 1.70149
0.941 0.206 0.923337
0.941 0.255 1.1112
0.941 0.304 1.46508
0.941 0.353 1.94121
0.941 0.402 1.46352
0.941 0.451 0.45618
0.941 0.5 0.122703
0.941 0.549 0.401582
0.941 0.598 0.917414
0.941 0.647 1.11045
0.941 0.696 1.56432
0.941 0.745 1.85871
0.941 0.794 1.0531
0.941 0.843 0.957362
0.941 0.892 4.18184
0.941 0.941 14.72
0.941 0.99 26.1315
0.99 0.01 21.6548
0.99 0.059 13.5878
0.99 0.108 6.49006
0.99 0.157 3.10134
0.99 0.206 1.68298
0.99 0.255 2.02541
0.99 0.304 2.67044
0.99 0.353 3.53827
0.99 0.402 2.66758
0.99 0.451 0.831488
0.99 0.5 0.223652
0.99 0.549 0.731972
0.99 0.598 1.67219
0.99 0.647 2.02404
0.99 0.696 2.85131
0.99 0.745 3.38791
0.99 0.794 1.91951
0.99 0.843 1.745
0.99 0.892 7.62232
0.99 0.941 26.8305
0.99 0.99 47.6303
