0.01 0.01 1.9638e-06
0.01 0.059 1.18417e-06
0.01 0.108 5.17283e-07
0.01 0.157 3.28226e-07
0.01 0.206 2.5003e-07
0.01 0.255 2.28659e-07
0.01 0.304 2.11662e-07
0.01 0.353 1.75247e-07
0.01 0.402 2.36738e-07
0.01 0.451 3.58284e-07
0.01 0.5 4.7044e-07
0.01 0.549 4.15336e-07
0.01 0.598 1.8191e-07
0.01 0.647 3.45334e-08
0.01 0.696 2.6916e-09
0.01 0.745 8.40833e-11
0.01 0.794 3.3029e-11
0.01 0.843 1.12224e-09
0.01 0.892 1.50615e-08
0.01 0.941 7.73721e-08
0.01 0.99 1.52136e-07
0.059 0.01 0.00018694
0.059 0.059 0.000112725
0.059 0.108 4.92417e-05
0.059 0.157 3.12448e-05
0.059 0.206 2.38011e-05
0.059 0.255 2.17667e-05
0.059 0.304 2.01487e-05
0.059 0.353 1.66823e-05
0.059 0.402 2.25358e-05
0.059 0.451 3.41061e-05
0.059 0.5 4.47826e-05
0.059 0.549 3.95371e-05
0.059 0.598 1.73166e-05
0.059 0.647 3.28734e-06
0.059 0.696 2.56221e-07
0.059 0.745 8.00414e-09
0.059 0.794 3.14413e-09
0.059 0.843 1.0683e-07
0.059 0.892 1.43375e-06
0.059 0.941 7.36528e-06
0.059 0.99 1.44823e-05
0.108 0.01 0.00761236
0.108 0.059 0.00459028
0.108 0.108 0.00200517
0.108 0.157 0.00127232
0.108 0.206 0.000969205
0.108 0.255 0.000886362
0.108 0.304 0.000820476
0.108 0.353 0.000679319
0.108 0.402 0.000917678
0.108 0.451 0.00138884
0.108 0.5 0.00182359
0.108 0.549 0.00160999
0.108 0.598 0.000705149
0.108 0.647 0.000133864
0.108 0.696 1.04336e-05
0.108 0.745 3.25936e-07
0.108 0.794 1.28032e-07
0.108 0.843 4.35022e-06
0.108 0.892 5.83837e-05
0.108 0.941 0.000299921
0.108 0.99 0.000589734
0.157 0.01 0.120532
0.157 0.059 0.0726809
0.157 0.108 0.0317492
0.157 0.157 0.0201455
0.157 0.206 0.0153461
0.157 0.255 0.0140344
0.157 0.304 0.0129911
0.157 0.353 0.0107561
0.157 0.402 0.0145302
0.157 0.451 0.0219904
0.157 0.5 0.0288742
0.157 0.549 0.0254921
0.157 0.598 0.0111651
0.157 0.647 0.00211956
0.157 0.696 0.000165202
0.157 0.745 5.16077e-06
0.157 0.794 2.02722e-06
0.157 0.843 6.88799e-05
0.157 0.892 0.000924428
0.157 0.941 0.00474886
0.157 0.99 0.00933766
0.206 0.01 0.774811
0.206 0.059 0.467213
0.206 0.108 0.204093
0.206 0.157 0.129501
0.206 0.206 0.0986488
0.206 0.255 0.0902168
0.206 0.304 0.0835107
0.206 0.353 0.0691433
0.206 0.402 0.0934043
0.206 0.451 0.14136
0.206 0.5 0.185611
0.206 0.549 0.16387
0.206 0.598 0.0717723
0.206 0.647 0.0136251
0.206 0.696 0.00106196
0.206 0.745 3.31749e-05
0.206 0.794 1.30315e-05
0.206 0.843 0.000442779
0.206 0.892 0.00594248
0.206 0.941 0.030527
0.206 0.99 0.0600251
0.255 0.01 2.30212
0.255 0.059 1.38818
0.255 0.108 0.606401
0.255 0.157 0.384773
0.255 0.206 0.293105
0.255 0.255 0.268052
0.255 0.304 0.248127
0.255 0.353 0.205439
0.255 0.402 0.277523
0.255 0.451 0.420009
0.255 0.5 0.551488
0.255 0.549 0.48689
0.255 0.598 0.21325
0.255 0.647 0.0404829
0.255 0.696 0.00315531
0.255 0.745 9.85692e-05
0.255 0.794 3.87193e-05
0.255 0.843 0.00131559
0.255 0.892 0.0176563
0.255 0.941 0.0907017
0.255 0.99 0.178346
0.304 0.01 3.96251
0.304 0.059 2.3894
0.304 0.108 1.04376
0.304 0.157 0.662288
0.304 0.206 0.504506
0.304 0.255 0.461383
0.304 0.304 0.427087
0.304 0.353 0.35361
0.304 0.402 0.477684
0.304 0.451 0.722938
0.304 0.5 0.949245
0.304 0.549 0.838057
0.304 0.598 0.367055
0.304 0.647 0.0696809
0.304 0.696 0.00543105
0.304 0.745 0.000169662
0.304 0.794 6.66453e-05
0.304 0.843 0.00226444
0.304 0.892 0.0303908
0.304 0.941 0.15612
0.304 0.99 0.306978
0.353 0.01 4.73532
0.353 0.059 2.85541
0.353 0.108 1.24733
0.353 0.157 0.791455
0.353 0.206 0.602901
0.353 0.255 0.551367
0.353 0.304 0.510382
0.353 0.353 0.422575
0.353 0.402 0.570848
0.353 0.451 0.863934
0.353 0.5 1.13438
0.353 0.549 1.0015
0.353 0.598 0.438642
0.353 0.647 0.0832708
0.353 0.696 0.00649028
0.353 0.745 0.000202751
0.353 0.794 7.96433e-05
0.353 0.843 0.00270608
0.353 0.892 0.036318
0.353 0.941 0.186568
0.353 0.99 0.366848
0.402 0.01 5.88667
0.402 0.059 3.54968
0.402 0.108 1.55061
0.402 0.157 0.983891
0.402 0.206 0.74949
0.402 0.255 0.685427
0.402 0.304 0.634477
0.402 0.353 0.52532
0.402 0.402 0.709645
0.402 0.451 1.07399
0.402 0.5 1.41019
0.402 0.549 1.24501
0.402 0.598 0.545294
0.402 0.647 0.103517
0.402 0.696 0.00806833
0.402 0.745 0.000252048
0.402 0.794 9.90078e-05
0.402 0.843 0.00336404
0.402 0.892 0.0451483
0.402 0.941 0.23193
0.402 0.99 0.456044
0.451 0.01 8.94604
0.451 0.059 5.39449
0.451 0.108 2.35647
0.451 0.157 1.49523
0.451 0.206 1.13901
0.451 0.255 1.04165
0.451 0.304 0.964222
0.451 0.353 0.798335
0.451 0.402 1.07845
0.451 0.451 1.63216
0.451 0.5 2.14308
0.451 0.549 1.89206
0.451 0.598 0.82869
0.451 0.647 0.157316
0.451 0.696 0.0122615
0.451 0.745 0.00038304
0.451 0.794 0.000150463
0.451 0.843 0.00511237
0.451 0.892 0.0686124
0.451 0.941 0.352467
0.451 0.99 0.693055
0.5 0.01 10.1561
0.5 0.059 6.12416
0.5 0.108 2.67522
0.5 0.157 1.69748
0.5 0.206 1.29307
0.5 0.255 1.18255
0.5 0.304 1.09464
0.5 0.353 0.90632
0.5 0.402 1.22433
0.5 0.451 1.85293
0.5 0.5 2.43296
0.5 0.549 2.14798
0.5 0.598 0.94078
0.5 0.647 0.178595
0.5 0.696 0.01392
0.5 0.745 0.000434851
0.5 0.794 0.000170815
0.5 0.843 0.00580388
0.5 0.892 0.0778931
0.5 0.941 0.400143
0.5 0.99 0.786799
0.549 0.01 8.48231
0.549 0.059 5.11486
0.549 0.108 2.23432
0.549 0.157 1.41772
0.549 0.206 1.07997
0.549 0.255 0.987656
0.549 0.304 0.91424
0.549 0.353 0.756952
0.549 0.402 1.02255
0.549 0.451 1.54755
0.549 0.5 2.03199
0.549 0.549 1.79398
0.549 0.598 0.785734
0.549 0.647 0.149162
0.549 0.696 0.0116259
0.549 0.745 0.000363185
0.549 0.794 0.000142664
0.549 0.843 0.00484736
0.549 0.892 0.0650558
0.549 0.941 0.334196
0.549 0.99 0.657129
0.598 0.01 6.12187
0.598 0.059 3.6915
0.598 0.108 1.61256
0.598 0.157 1.0232
0.598 0.206 0.779435
0.598 0.255 0.712813
0.598 0.304 0.659827
0.598 0.353 0.546309
0.598 0.402 0.737997
0.598 0.451 1.1169
0.598 0.5 1.46653
0.598 0.549 1.29475
0.598 0.598 0.567081
0.598 0.647 0.107653
0.598 0.696 0.00839069
0.598 0.745 0.000262118
0.598 0.794 0.000102964
0.598 0.843 0.00349845
0.598 0.892 0.0469522
0.598 0.941 0.241197
0.598 0.99 0.474265
0.647 0.01 4.8935
0.647 0.059 2.95079
0.647 0.108 1.289
0.647 0.157 0.817893
0.647 0.206 0.62304
0.647 0.255 0.569785
0.647 0.304 0.527431
0.647 0.353 0.436691
0.647 0.402 0.589917
0.647 0.451 0.892793
0.647 0.5 1.17227
0.647 0.549 1.03496
0.647 0.598 0.453295
0.647 0.647 0.0860524
0.647 0.696 0.00670708
0.647 0.745 0.000209524
0.647 0.794 8.23037e-05
0.647 0.843 0.00279647
0.647 0.892 0.0375311
0.647 0.941 0.1928
0.647 0.99 0.379102
0.696 0.01 4.57546
0.696 0.059 2.75901
0.696 0.108 1.20522
0.696 0.157 0.764735
0.696 0.206 0.582546
0.696 0.255 0.532753
0.696 0.304 0.493152
0.696 0.353 0.408309
0.696 0.402 0.551576
0.696 0.451 0.834767
0.696 0.5 1.09608
0.696 0.549 0.967694
0.696 0.598 0.423834
0.696 0.647 0.0804596
0.696 0.696 0.00627116
0.696 0.745 0.000195906
0.696 0.794 7.69545e-05
0.696 0.843 0.00261472
0.696 0.892 0.0350919
0.696 0.941 0.180269
0.696 0.99 0.354463
0.745 0.01 3.11994
0.745 0.059 1.88133
0.745 0.108 0.821823
0.745 0.157 0.521463
0.745 0.206 0.39723
0.745 0.255 0.363277
0.745 0.304 0.336273
0.745 0.353 0.27842
0.745 0.402 0.376112
0.745 0.451 0.569216
0.745 0.5 0.747402
0.745 0.549 0.659857
0.745 0.598 0.289006
0.745 0.647 0.0548643
0.745 0.696 0.00427622
0.745 0.745 0.000133586
0.745 0.794 5.24742e-05
0.745 0.843 0.00178294
0.745 0.892 0.0239287
0.745 0.941 0.122923
0.745 0.99 0.241704
0.794 0.01 2.65882
0.794 0.059 1.60328
0.794 0.108 0.70036
0.794 0.157 0.444392
0.794 0.206 0.338521
0.794 0.255 0.309586
0.794 0.304 0.286573
0.794 0.353 0.237271
0.794 0.402 0.320524
0.794 0.451 0.485088
0.794 0.5 0.636939
0.794 0.549 0.562332
0.794 0.598 0.246292
0.794 0.647 0.0467555
0.794 0.696 0.00364421
0.794 0.745 0.000113842
0.794 0.794 4.47187e-05
0.794 0.843 0.00151943
0.794 0.892 0.0203921
0.794 0.941 0.104756
0.794 0.99 0.205981
0.843 0.01 4.56615
0.843 0.059 2.7534
0.843 0.108 1.20277
0.843 0.157 0.763181
0.843 0.206 0.581362
0.843 0.255 0.53167
0.843 0.304 0.492149
0.843 0.353 0.407479
0.843 0.402 0.550455
0.843 0.451 0.83307
0.843 0.5 1.09385
0.843 0.549 0.965726
0.843 0.598 0.422972
0.843 0.647 0.080296
0.843 0.696 0.00625841
0.843 0.745 0.000195508
0.843 0.794 7.6798e-05
0.843 0.843 0.00260941
0.843 0.892 0.0350205
0.843 0.941 0.179903
0.843 0.99 0.353743
0.892 0.01 9.25158
0.892 0.059 5.57873
0.892 0.108 2.43696
0.892 0.157 1.5463
0.892 0.206 1.17791
0.892 0.255 1.07723
0.892 0.304 0.997154
0.892 0.353 0.825601
0.892 0.402 1.11529
0.892 0.451 1.6879
0.892 0.5 2.21628
0.892 0.549 1.95668
0.892 0.598 0.856993
0.892 0.647 0.162689
0.892 0.696 0.0126803
0.892 0.745 0.000396122
0.892 0.794 0.000155602
0.892 0.843 0.00528698
0.892 0.892 0.0709558
0.892 0.941 0.364505
0.892 0.99 0.716726
0.941 0.01 23.9892
0.941 0.059 14.4655
0.941 0.108 6.31899
0.941 0.157 4.00952
0.941 0.206 3.0543
0.941 0.255 2.79323
0.941 0.304 2.5856
0.941 0.353 2.14077
0.941 0.402 2.89192
0.941 0.451 4.3767
0.941 0.5 5.74677
0.941 0.549 5.07364
0.941 0.598 2.22217
0.941 0.647 0.421851
0.941 0.696 0.0328798
0.941 0.745 0.00102714
0.941 0.794 0.000403474
0.941 0.843 0.013709
0.941 0.892 0.183987
0.941 0.941 0.945156
0.941 0.99 1.85846
0.99 0.01 40.9899
0.99 0.059 24.717
0.99 0.108 10.7971
0.99 0.157 6.85099
0.99 0.206 5.21882
0.99 0.255 4.77274
0.99 0.304 4.41797
0.99 0.353 3.65789
0.99 0.402 4.94137
0.99 0.451 7.47838
0.99 0.5 9.81939
0.99 0.549 8.66922
0.99 0.598 3.79697
0.99 0.647 0.720809
0.99 0.696 0.0561811
0.99 0.745 0.00175505
0.99 0.794 0.000689408
0.99 0.843 0.0234244
0.99 0.892 0.314375
0.99 0.941 1.61497
0.99 0.99 3.17551
