0.01 0.01 1.27189
0.01 0.059 1.62526
0.01 0.108 2.08486
0.01 0.157 2.38755
0.01 0.206 2.27261
0.01 0.255 1.89373
0.01 0.304 1.57078
0.01 0.353 1.35017
0.01 0.402 1.25518
0.01 0.451 1.19616
0.01 0.5 0.950845
0.01 0.549 1.00494
0.01 0.598 1.10767
0.01 0.647 1.11441
0.01 0.696 1.38038
0.01 0.745 1.57119
0.01 0.794 1.60415
0.01 0.843 1.4699
0.01 0.892 1.22792
0.01 0.941 0.933439
0.01 0.99 0.903668
0.059 0.01 0.929491
0.059 0.059 1.18773
0.059 0.108 1.5236
0.059 0.157 1.7448
0.059 0.206 1.66081
0.059 0.255 1.38392
0.059 0.304 1.14791
0.059 0.353 0.986698
0.059 0.402 0.917275
0.059 0.451 0.874147
0.059 0.5 0.694871
0.059 0.549 0.734405
0.059 0.598 0.809477
0.059 0.647 0.814403
0.059 0.696 1.00878
0.059 0.745 1.14822
0.059 0.794 1.1723
0.059 0.843 1.07419
0.059 0.892 0.897355
0.059 0.941 0.682151
0.059 0.99 0.660395
0.108 0.01 0.728634
0.108 0.059 0.931066
0.108 0.108 1.19436
0.108 0.157 1.36776
0.108 0.206 1.30192
0.108 0.255 1.08487
0.108 0.304 0.899856
0.108 0.353 0.77348
0.108 0.402 0.719058
0.108 0.451 0.68525
0.108 0.5 0.544714
0.108 0.549 0.575705
0.108 0.598 0.634555
0.108 0.647 0.638416
0.108 0.696 0.790786
0.108 0.745 0.900095
0.108 0.794 0.918978
0.108 0.843 0.842065
0.108 0.892 0.703442
0.108 0.941 0.534743
0.108 0.99 0.517688
0.157 0.01 0.763764
0.157 0.059 0.975956
0.157 0.108 1.25195
0.157 0.157 1.43371
0.157 0.206 1.36469
0.157 0.255 1.13717
0.157 0.304 0.943241
0.157 0.353 0.810771
0.157 0.402 0.753726
0.157 0.451 0.718287
0.157 0.5 0.570977
0.157 0.549 0.603461
0.157 0.598 0.665149
0.157 0.647 0.669196
0.157 0.696 0.828912
0.157 0.745 0.943491
0.157 0.794 0.963284
0.157 0.843 0.882663
0.157 0.892 0.737357
0.157 0.941 0.560524
0.157 0.99 0.542647
0.206 0.01 0.939783
0.206 0.059 1.20088
0.206 0.108 1.54047
0.206 0.157 1.76412
0.206 0.206 1.6792
0.206 0.255 1.39925
0.206 0.304 1.16062
0.206 0.353 0.997624
0.206 0.402 0.927433
0.206 0.451 0.883826
0.206 0.5 0.702566
0.206 0.549 0.742537
0.206 0.598 0.818441
0.206 0.647 0.823422
0.206 0.696 1.01995
0.206 0.745 1.16093
0.206 0.794 1.18529
0.206 0.843 1.08608
0.206 0.892 0.907291
0.206 0.941 0.689705
0.206 0.99 0.667707
0.255 0.01 1.2713
0.255 0.059 1.6245
0.255 0.108 2.08389
0.255 0.157 2.38644
0.255 0.206 2.27155
0.255 0.255 1.89285
0.255 0.304 1.57004
0.255 0.353 1.34955
0.255 0.402 1.25459
0.255 0.451 1.1956
0.255 0.5 0.950403
0.255 0.549 1.00447
0.255 0.598 1.10715
0.255 0.647 1.11389
0.255 0.696 1.37974
0.255 0.745 1.57046
0.255 0.794 1.60341
0.255 0.843 1.46921
0.255 0.892 1.22735
0.255 0.941 0.933005
0.255 0.99 0.903247
0.304 0.01 1.22314
0.304 0.059 1.56295
0.304 0.108 2.00494
0.304 0.157 2.29603
0.304 0.206 2.18549
0.304 0.255 1.82114
0.304 0.304 1.51056
0.304 0.353 1.29842
0.304 0.402 1.20706
0.304 0.451 1.15031
0.304 0.5 0.914397
0.304 0.549 0.96642
0.304 0.598 1.06521
0.304 0.647 1.07169
0.304 0.696 1.32747
0.304 0.745 1.51096
0.304 0.794 1.54266
0.304 0.843 1.41355
0.304 0.892 1.18085
0.304 0.941 0.897658
0.304 0.99 0.869028
0.353 0.01 0.949423
0.353 0.059 1.2132
0.353 0.108 1.55627
0.353 0.157 1.78222
0.353 0.206 1.69642
0.353 0.255 1.4136
0.353 0.304 1.17253
0.353 0.353 1.00786
0.353 0.402 0.936945
0.353 0.451 0.892892
0.353 0.5 0.709772
0.353 0.549 0.750153
0.353 0.598 0.826836
0.353 0.647 0.831868
0.353 0.696 1.03041
0.353 0.745 1.17284
0.353 0.794 1.19744
0.353 0.843 1.09722
0.353 0.892 0.916597
0.353 0.941 0.696779
0.353 0.99 0.674556
0.402 0.01 0.758641
0.402 0.059 0.969409
0.402 0.108 1.24355
0.402 0.157 1.42409
0.402 0.206 1.35553
0.402 0.255 1.12954
0.402 0.304 0.936914
0.402 0.353 0.805333
0.402 0.402 0.748671
0.402 0.451 0.713469
0.402 0.5 0.567147
0.402 0.549 0.599413
0.402 0.598 0.660687
0.402 0.647 0.664708
0.402 0.696 0.823352
0.402 0.745 0.937162
0.402 0.794 0.956823
0.402 0.843 0.876742
0.402 0.892 0.732411
0.402 0.941 0.556765
0.402 0.99 0.539007
0.451 0.01 0.655738
0.451 0.059 0.837918
0.451 0.108 1.07487
0.451 0.157 1.23093
0.451 0.206 1.17167
0.451 0.255 0.976333
0.451 0.304 0.80983
0.451 0.353 0.696097
0.451 0.402 0.64712
0.451 0.451 0.616694
0.451 0.5 0.490219
0.451 0.549 0.518109
0.451 0.598 0.571071
0.451 0.647 0.574546
0.451 0.696 0.711672
0.451 0.745 0.810045
0.451 0.794 0.827039
0.451 0.843 0.75782
0.451 0.892 0.633067
0.451 0.941 0.481245
0.451 0.99 0.465896
0.5 0.01 0.701044
0.5 0.059 0.895811
0.5 0.108 1.14914
0.5 0.157 1.31597
0.5 0.206 1.25262
0.5 0.255 1.04379
0.5 0.304 0.865782
0.5 0.353 0.744191
0.5 0.402 0.69183
0.5 0.451 0.659302
0.5 0.5 0.524088
0.5 0.549 0.553905
0.5 0.598 0.610527
0.5 0.647 0.614242
0.5 0.696 0.760842
0.5 0.745 0.866012
0.5 0.794 0.884179
0.5 0.843 0.810179
0.5 0.892 0.676806
0.5 0.941 0.514494
0.5 0.99 0.498085
0.549 0.01 0.602573
0.549 0.059 0.769982
0.549 0.108 0.987724
0.549 0.157 1.13113
0.549 0.206 1.07667
0.549 0.255 0.897174
0.549 0.304 0.744171
0.549 0.353 0.639659
0.549 0.402 0.594653
0.549 0.451 0.566694
0.549 0.5 0.450473
0.549 0.549 0.476102
0.549 0.598 0.52477
0.549 0.647 0.527963
0.549 0.696 0.653972
0.549 0.745 0.744369
0.549 0.794 0.759984
0.549 0.843 0.696378
0.549 0.892 0.581739
0.549 0.941 0.442227
0.549 0.99 0.428122
0.598 0.01 0.562223
0.598 0.059 0.718421
0.598 0.108 0.921583
0.598 0.157 1.05538
0.598 0.206 1.00458
0.598 0.255 0.837096
0.598 0.304 0.694339
0.598 0.353 0.596826
0.598 0.402 0.554834
0.598 0.451 0.528746
0.598 0.5 0.420308
0.598 0.549 0.44422
0.598 0.598 0.48963
0.598 0.647 0.492609
0.598 0.696 0.61018
0.598 0.745 0.694523
0.598 0.794 0.709093
0.598 0.843 0.649747
0.598 0.892 0.542784
0.598 0.941 0.412614
0.598 0.99 0.399454
0.647 0.01 0.681869
0.647 0.059 0.871309
0.647 0.108 1.11771
0.647 0.157 1.27998
0.647 0.206 1.21836
0.647 0.255 1.01524
0.647 0.304 0.842102
0.647 0.353 0.723836
0.647 0.402 0.672908
0.647 0.451 0.641269
0.647 0.5 0.509754
0.647 0.549 0.538755
0.647 0.598 0.593828
0.647 0.647 0.597442
0.647 0.696 0.740032
0.647 0.745 0.842325
0.647 0.794 0.859996
0.647 0.843 0.78802
0.647 0.892 0.658294
0.647 0.941 0.500422
0.647 0.99 0.484462
0.696 0.01 0.704911
0.696 0.059 0.900753
0.696 0.108 1.15548
0.696 0.157 1.32323
0.696 0.206 1.25953
0.696 0.255 1.04955
0.696 0.304 0.870559
0.696 0.353 0.748297
0.696 0.402 0.695647
0.696 0.451 0.662939
0.696 0.5 0.526979
0.696 0.549 0.556961
0.696 0.598 0.613895
0.696 0.647 0.617631
0.696 0.696 0.76504
0.696 0.745 0.870789
0.696 0.794 0.889057
0.696 0.843 0.814649
0.696 0.892 0.68054
0.696 0.941 0.517333
0.696 0.99 0.500833
0.745 0.01 0.780897
0.745 0.059 0.997849
0.745 0.108 1.28003
0.745 0.157 1.46587
0.745 0.206 1.3953
0.745 0.255 1.16268
0.745 0.304 0.9644
0.745 0.353 0.828959
0.745 0.402 0.770634
0.745 0.451 0.7344
0.745 0.5 0.583785
0.745 0.549 0.616998
0.745 0.598 0.680069
0.745 0.647 0.684208
0.745 0.696 0.847507
0.745 0.745 0.964656
0.745 0.794 0.984893
0.745 0.843 0.902463
0.745 0.892 0.753898
0.745 0.941 0.573098
0.745 0.99 0.55482
0.794 0.01 0.798777
0.794 0.059 1.0207
0.794 0.108 1.30934
0.794 0.157 1.49943
0.794 0.206 1.42725
0.794 0.255 1.1893
0.794 0.304 0.986482
0.794 0.353 0.84794
0.794 0.402 0.788279
0.794 0.451 0.751216
0.794 0.5 0.597152
0.794 0.549 0.631126
0.794 0.598 0.695641
0.794 0.647 0.699874
0.794 0.696 0.866912
0.794 0.745 0.986744
0.794 0.794 1.00744
0.794 0.843 0.923127
0.794 0.892 0.77116
0.794 0.941 0.586221
0.794 0.99 0.567524
0.843 0.01 0.765682
0.843 0.059 0.978407
0.843 0.108 1.25509
0.843 0.157 1.43731
0.843 0.206 1.36812
0.843 0.255 1.14003
0.843 0.304 0.94561
0.843 0.353 0.812808
0.843 0.402 0.755619
0.843 0.451 0.720091
0.843 0.5 0.572411
0.843 0.549 0.604977
0.843 0.598 0.666819
0.843 0.647 0.670877
0.843 0.696 0.830994
0.843 0.745 0.945861
0.843 0.794 0.965703
0.843 0.843 0.88488
0.843 0.892 0.739209
0.843 0.941 0.561932
0.843 0.99 0.54401
0.892 0.01 0.808631
0.892 0.059 1.03329
0.892 0.108 1.32549
0.892 0.157 1.51793
0.892 0.206 1.44486
0.892 0.255 1.20398
0.892 0.304 0.998651
0.892 0.353 0.8584
0.892 0.402 0.798004
0.892 0.451 0.760483
0.892 0.5 0.604518
0.892 0.549 0.638912
0.892 0.598 0.704223
0.892 0.647 0.708508
0.892 0.696 0.877607
0.892 0.745 0.998916
0.892 0.794 1.01987
0.892 0.843 0.934515
0.892 0.892 0.780673
0.892 0.941 0.593452
0.892 0.99 0.574525
0.941 0.01 1.18401
0.941 0.059 1.51295
0.941 0.108 1.9408
0.941 0.157 2.22257
0.941 0.206 2.11558
0.941 0.255 1.76288
0.941 0.304 1.46224
0.941 0.353 1.25688
0.941 0.402 1.16845
0.941 0.451 1.11351
0.941 0.5 0.885144
0.941 0.549 0.935503
0.941 0.598 1.03113
0.941 0.647 1.03741
0.941 0.696 1.285
0.941 0.745 1.46263
0.941 0.794 1.49331
0.941 0.843 1.36833
0.941 0.892 1.14307
0.941 0.941 0.868941
0.941 0.99 0.841227
0.99 0.01 1.78371
0.99 0.059 2.27926
0.99 0.108 2.92381
0.99 0.157 3.3483
0.99 0.206 3.18711
0.99 0.255 2.65577
0.99 0.304 2.20286
0.99 0.353 1.89349
0.99 0.402 1.76026
0.99 0.451 1.6775
0.99 0.5 1.33347
0.99 0.549 1.40933
0.99 0.598 1.5534
0.99 0.647 1.56285
0.99 0.696 1.93585
0.99 0.745 2.20344
0.99 0.794 2.24967
0.99 0.843 2.06138
0.99 0.892 1.72204
0.99 0.941 1.30906
0.99 0.99 1.26731
