0.01 0.01 4.89709
0.01 0.059 3.09061
0.01 0.108 1.50112
0.01 0.157 0.779229
0.01 0.206 0.519284
0.01 0.255 0.742587
0.01 0.304 0.94561
0.01 0.353 0.67849
0.01 0.402 0.357279
0.01 0.451 0.543427
0.01 0.5 0.916488
0.01 0.549 0.896919
0.01 0.598 0.568866
0.01 0.647 0.779986
0.01 0.696 1.48613
0.01 0.745 1.97132
0.01 0.794 2.02911
0.01 0.843 1.87797
0.01 0.892 1.94317
0.01 0.941 2.8565
0.01 0.99 3.93525
0.059 0.01 3.61297
0.059 0.059 2.28019
0.059 0.108 1.10749
0.059 0.157 0.574899
0.059 0.206 0.383118
0.059 0.255 0.547866
0.059 0.304 0.697652
0.059 0.353 0.500576
0.059 0.402 0.263593
0.059 0.451 0.40093
0.059 0.5 0.676167
0.059 0.549 0.661729
0.059 0.598 0.419698
0.059 0.647 0.575458
0.059 0.696 1.09644
0.059 0.745 1.4544
0.059 0.794 1.49704
0.059 0.843 1.38553
0.059 0.892 1.43363
0.059 0.941 2.10747
0.059 0.99 2.90335
0.108 0.01 2.54438
0.108 0.059 1.60579
0.108 0.108 0.779936
0.108 0.157 0.404864
0.108 0.206 0.269805
0.108 0.255 0.385826
0.108 0.304 0.491311
0.108 0.353 0.352523
0.108 0.402 0.185631
0.108 0.451 0.282349
0.108 0.5 0.47618
0.108 0.549 0.466013
0.108 0.598 0.295566
0.108 0.647 0.405258
0.108 0.696 0.772151
0.108 0.745 1.02424
0.108 0.794 1.05427
0.108 0.843 0.97574
0.108 0.892 1.00961
0.108 0.941 1.48415
0.108 0.99 2.04464
0.157 0.01 2.0711
0.157 0.059 1.3071
0.157 0.108 0.63486
0.157 0.157 0.329555
0.157 0.206 0.219618
0.157 0.255 0.314059
0.157 0.304 0.399922
0.157 0.353 0.286951
0.157 0.402 0.151102
0.157 0.451 0.229829
0.157 0.5 0.387606
0.157 0.549 0.37933
0.157 0.598 0.240588
0.157 0.647 0.329876
0.157 0.696 0.628523
0.157 0.745 0.83372
0.157 0.794 0.858163
0.157 0.843 0.794242
0.157 0.892 0.821815
0.157 0.941 1.20808
0.157 0.99 1.66432
0.206 0.01 1.16602
0.206 0.059 0.735891
0.206 0.108 0.357424
0.206 0.157 0.185539
0.206 0.206 0.123645
0.206 0.255 0.176814
0.206 0.304 0.225155
0.206 0.353 0.161552
0.206 0.402 0.08507
0.206 0.451 0.129393
0.206 0.5 0.218221
0.206 0.549 0.213561
0.206 0.598 0.13545
0.206 0.647 0.185719
0.206 0.696 0.353857
0.206 0.745 0.469382
0.206 0.794 0.483143
0.206 0.843 0.447156
0.206 0.892 0.46268
0.206 0.941 0.680148
0.206 0.99 0.937005
0.255 0.01 0.912047
0.255 0.059 0.575603
0.255 0.108 0.279572
0.255 0.157 0.145126
0.255 0.206 0.0967129
0.255 0.255 0.138301
0.255 0.304 0.176113
0.255 0.353 0.126364
0.255 0.402 0.0665405
0.255 0.451 0.101209
0.255 0.5 0.170689
0.255 0.549 0.167045
0.255 0.598 0.105947
0.255 0.647 0.145267
0.255 0.696 0.276782
0.255 0.745 0.367144
0.255 0.794 0.377907
0.255 0.843 0.349759
0.255 0.892 0.361901
0.255 0.941 0.532001
0.255 0.99 0.732911
0.304 0.01 1.69662
0.304 0.059 1.07076
0.304 0.108 0.520069
0.304 0.157 0.269968
0.304 0.206 0.179909
0.304 0.255 0.257273
0.304 0.304 0.327611
0.304 0.353 0.235066
0.304 0.402 0.123781
0.304 0.451 0.188273
0.304 0.5 0.317522
0.304 0.549 0.310742
0.304 0.598 0.197086
0.304 0.647 0.27023
0.304 0.696 0.514879
0.304 0.745 0.682973
0.304 0.794 0.702996
0.304 0.843 0.650634
0.304 0.892 0.673221
0.304 0.941 0.989648
0.304 0.99 1.36339
0.353 0.01 2.16483
0.353 0.059 1.36625
0.353 0.108 0.663592
0.353 0.157 0.34447
0.353 0.206 0.229558
0.353 0.255 0.328272
0.353 0.304 0.418022
0.353 0.353 0.299937
0.353 0.402 0.157941
0.353 0.451 0.24023
0.353 0.5 0.405148
0.353 0.549 0.396497
0.353 0.598 0.251476
0.353 0.647 0.344805
0.353 0.696 0.656969
0.353 0.745 0.871452
0.353 0.794 0.897001
0.353 0.843 0.830188
0.353 0.892 0.859009
0.353 0.941 1.26276
0.353 0.99 1.73964
0.402 0.01 1.4442
0.402 0.059 0.911454
0.402 0.108 0.442695
0.402 0.157 0.229803
0.402 0.206 0.153143
0.402 0.255 0.218997
0.402 0.304 0.278871
0.402 0.353 0.200094
0.402 0.402 0.105365
0.402 0.451 0.160263
0.402 0.5 0.270282
0.402 0.549 0.264511
0.402 0.598 0.167765
0.402 0.647 0.230026
0.402 0.696 0.438277
0.402 0.745 0.581363
0.402 0.794 0.598407
0.402 0.843 0.553835
0.402 0.892 0.573062
0.402 0.941 0.842412
0.402 0.99 1.16055
0.451 0.01 0.838333
0.451 0.059 0.529081
0.451 0.108 0.256976
0.451 0.157 0.133396
0.451 0.206 0.0888963
0.451 0.255 0.127123
0.451 0.304 0.161879
0.451 0.353 0.116151
0.451 0.402 0.0611625
0.451 0.451 0.0930293
0.451 0.5 0.156894
0.451 0.549 0.153544
0.451 0.598 0.0973842
0.451 0.647 0.133526
0.451 0.696 0.254411
0.451 0.745 0.33747
0.451 0.794 0.347364
0.451 0.843 0.32149
0.451 0.892 0.332651
0.451 0.941 0.489004
0.451 0.99 0.673676
0.5 0.01 1.25545
0.5 0.059 0.792328
0.5 0.108 0.384836
0.5 0.157 0.199768
0.5 0.206 0.133127
0.5 0.255 0.190374
0.5 0.304 0.242423
0.5 0.353 0.173942
0.5 0.402 0.0915942
0.5 0.451 0.139316
0.5 0.5 0.234957
0.5 0.549 0.22994
0.5 0.598 0.145838
0.5 0.647 0.199962
0.5 0.696 0.380995
0.5 0.745 0.50538
0.5 0.794 0.520196
0.5 0.843 0.481449
0.5 0.892 0.498164
0.5 0.941 0.73231
0.5 0.99 1.00887
0.549 0.01 1.94023
0.549 0.059 1.2245
0.549 0.108 0.594742
0.549 0.157 0.30873
0.549 0.206 0.205741
0.549 0.255 0.294213
0.549 0.304 0.374651
0.549 0.353 0.268818
0.549 0.402 0.141554
0.549 0.451 0.215306
0.549 0.5 0.363113
0.549 0.549 0.355359
0.549 0.598 0.225385
0.549 0.647 0.309031
0.549 0.696 0.588806
0.549 0.745 0.781037
0.549 0.794 0.803935
0.549 0.843 0.744054
0.549 0.892 0.769884
0.549 0.941 1.13174
0.549 0.99 1.55915
0.598 0.01 2.20319
0.598 0.059 1.39046
0.598 0.108 0.675349
0.598 0.157 0.350573
0.598 0.206 0.233625
0.598 0.255 0.334088
0.598 0.304 0.425428
0.598 0.353 0.305251
0.598 0.402 0.160739
0.598 0.451 0.244487
0.598 0.5 0.412326
0.598 0.549 0.403522
0.598 0.598 0.255932
0.598 0.647 0.350914
0.598 0.696 0.668609
0.598 0.745 0.886892
0.598 0.794 0.912894
0.598 0.843 0.844897
0.598 0.892 0.874228
0.598 0.941 1.28513
0.598 0.99 1.77046
0.647 0.01 2.50471
0.647 0.059 1.58075
0.647 0.108 0.767775
0.647 0.157 0.398552
0.647 0.206 0.265598
0.647 0.255 0.37981
0.647 0.304 0.483651
0.647 0.353 0.347027
0.647 0.402 0.182737
0.647 0.451 0.277946
0.647 0.5 0.468756
0.647 0.549 0.458747
0.647 0.598 0.290958
0.647 0.647 0.398939
0.647 0.696 0.760112
0.647 0.745 1.00827
0.647 0.794 1.03783
0.647 0.843 0.960527
0.647 0.892 0.993873
0.647 0.941 1.46101
0.647 0.99 2.01276
0.696 0.01 3.56561
0.696 0.059 2.2503
0.696 0.108 1.09298
0.696 0.157 0.567363
0.696 0.206 0.378095
0.696 0.255 0.540684
0.696 0.304 0.688506
0.696 0.353 0.494014
0.696 0.402 0.260137
0.696 0.451 0.395674
0.696 0.5 0.667303
0.696 0.549 0.653054
0.696 0.598 0.414196
0.696 0.647 0.567914
0.696 0.696 1.08207
0.696 0.745 1.43533
0.696 0.794 1.47741
0.696 0.843 1.36737
0.696 0.892 1.41484
0.696 0.941 2.07984
0.696 0.99 2.86529
0.745 0.01 4.03947
0.745 0.059 2.54935
0.745 0.108 1.23823
0.745 0.157 0.642763
0.745 0.206 0.428343
0.745 0.255 0.612538
0.745 0.304 0.780006
0.745 0.353 0.559667
0.745 0.402 0.294709
0.745 0.451 0.448257
0.745 0.5 0.755985
0.745 0.549 0.739843
0.745 0.598 0.469241
0.745 0.647 0.643388
0.745 0.696 1.22587
0.745 0.745 1.62608
0.745 0.794 1.67376
0.745 0.843 1.54909
0.745 0.892 1.60287
0.745 0.941 2.35624
0.745 0.99 3.24607
0.794 0.01 3.4925
0.794 0.059 2.20416
0.794 0.108 1.07056
0.794 0.157 0.55573
0.794 0.206 0.370343
0.794 0.255 0.529597
0.794 0.304 0.674389
0.794 0.353 0.483885
0.794 0.402 0.254804
0.794 0.451 0.387561
0.794 0.5 0.65362
0.794 0.549 0.639664
0.794 0.598 0.405703
0.794 0.647 0.55627
0.794 0.696 1.05988
0.794 0.745 1.4059
0.794 0.794 1.44712
0.794 0.843 1.33933
0.794 0.892 1.38583
0.794 0.941 2.03719
0.794 0.99 2.80654
0.843 0.01 3.1841
0.843 0.059 2.00952
0.843 0.108 0.976031
0.843 0.157 0.506657
0.843 0.206 0.337641
0.843 0.255 0.482832
0.843 0.304 0.614839
0.843 0.353 0.441157
0.843 0.402 0.232304
0.843 0.451 0.353338
0.843 0.5 0.595904
0.843 0.549 0.58318
0.843 0.598 0.369879
0.843 0.647 0.50715
0.843 0.696 0.96629
0.843 0.745 1.28176
0.843 0.794 1.31934
0.843 0.843 1.22107
0.843 0.892 1.26346
0.843 0.941 1.8573
0.843 0.99 2.55871
0.892 0.01 4.32438
0.892 0.059 2.72917
0.892 0.108 1.32556
0.892 0.157 0.688099
0.892 0.206 0.458555
0.892 0.255 0.655743
0.892 0.304 0.835022
0.892 0.353 0.599142
0.892 0.402 0.315495
0.892 0.451 0.479874
0.892 0.5 0.809307
0.892 0.549 0.792026
0.892 0.598 0.502338
0.892 0.647 0.688768
0.892 0.696 1.31233
0.892 0.745 1.74078
0.892 0.794 1.79181
0.892 0.843 1.65835
0.892 0.892 1.71592
0.892 0.941 2.52243
0.892 0.99 3.47503
0.941 0.01 9.43391
0.941 0.059 5.95385
0.941 0.108 2.8918
0.941 0.157 1.50113
0.941 0.206 1.00037
0.941 0.255 1.43054
0.941 0.304 1.82165
0.941 0.353 1.30707
0.941 0.402 0.688273
0.941 0.451 1.04688
0.941 0.5 1.76555
0.941 0.549 1.72786
0.941 0.598 1.09588
0.941 0.647 1.50259
0.941 0.696 2.86294
0.941 0.745 3.79761
0.941 0.794 3.90895
0.941 0.843 3.61779
0.941 0.892 3.74339
0.941 0.941 5.50285
0.941 0.99 7.581
0.99 0.01 15.6092
0.99 0.059 9.85115
0.99 0.108 4.78473
0.99 0.157 2.48375
0.99 0.206 1.65519
0.99 0.255 2.36696
0.99 0.304 3.01408
0.99 0.353 2.16265
0.99 0.402 1.13881
0.99 0.451 1.73215
0.99 0.5 2.92126
0.99 0.549 2.85888
0.99 0.598 1.81323
0.99 0.647 2.48616
0.99 0.696 4.73697
0.99 0.745 6.28348
0.99 0.794 6.46769
0.99 0.843 5.98594
0.99 0.892 6.19375
0.99 0.941 9.10493
0.99 0.99 12.5434
