0.01 0.01 10.7041
0.01 0.059 7.19047
0.01 0.108 3.43102
0.01 0.157 1.47068
0.01 0.206 1.12587
0.01 0.255 1.56072
0.01 0.304 1.90732
0.01 0.353 1.3169
0.01 0.402 0.56234
0.01 0.451 0.770894
0.01 0.5 1.45583
0.01 0.549 1.96083
0.01 0.598 1.63197
0.01 0.647 1.12083
0.01 0.696 1.63256
0.01 0.745 2.5331
0.01 0.794 3.27037
0.01 0.843 4.14564
0.01 0.892 5.50004
0.01 0.941 8.57217
0.01 0.99 11.6849
0.059 0.01 7.73432
0.059 0.059 5.19551
0.059 0.108 2.4791
0.059 0.157 1.06265
0.059 0.206 0.813504
0.059 0.255 1.1277
0.059 0.304 1.37815
0.059 0.353 0.951537
0.059 0.402 0.406322
0.059 0.451 0.557013
0.059 0.5 1.05192
0.059 0.549 1.41681
0.059 0.598 1.17919
0.059 0.647 0.809862
0.059 0.696 1.17961
0.059 0.745 1.8303
0.059 0.794 2.36302
0.059 0.843 2.99545
0.059 0.892 3.97408
0.059 0.941 6.19387
0.059 0.99 8.44296
0.108 0.01 5.63216
0.108 0.059 3.7834
0.108 0.108 1.80529
0.108 0.157 0.773827
0.108 0.206 0.592397
0.108 0.255 0.821199
0.108 0.304 1.00357
0.108 0.353 0.692913
0.108 0.402 0.295885
0.108 0.451 0.40562
0.108 0.5 0.766013
0.108 0.549 1.03173
0.108 0.598 0.858689
0.108 0.647 0.589745
0.108 0.696 0.859001
0.108 0.745 1.33283
0.108 0.794 1.72076
0.108 0.843 2.1813
0.108 0.892 2.89394
0.108 0.941 4.5104
0.108 0.99 6.1482
0.157 0.01 6.05412
0.157 0.059 4.06684
0.157 0.108 1.94054
0.157 0.157 0.831801
0.157 0.206 0.636779
0.157 0.255 0.882722
0.157 0.304 1.07876
0.157 0.353 0.744825
0.157 0.402 0.318053
0.157 0.451 0.436008
0.157 0.5 0.823401
0.157 0.549 1.10902
0.157 0.598 0.92302
0.157 0.647 0.633928
0.157 0.696 0.923356
0.157 0.745 1.43269
0.157 0.794 1.84968
0.157 0.843 2.34472
0.157 0.892 3.11075
0.157 0.941 4.84832
0.157 0.99 6.60882
0.206 0.01 7.09471
0.206 0.059 4.76586
0.206 0.108 2.27409
0.206 0.157 0.974773
0.206 0.206 0.74623
0.206 0.255 1.03445
0.206 0.304 1.26418
0.206 0.353 0.872847
0.206 0.402 0.37272
0.206 0.451 0.51095
0.206 0.5 0.964929
0.206 0.549 1.29964
0.206 0.598 1.08167
0.206 0.647 0.742889
0.206 0.696 1.08206
0.206 0.745 1.67894
0.206 0.794 2.16761
0.206 0.843 2.74774
0.206 0.892 3.64544
0.206 0.941 5.68165
0.206 0.99 7.74476
0.255 0.01 6.58426
0.255 0.059 4.42297
0.255 0.108 2.11047
0.255 0.157 0.90464
0.255 0.206 0.69254
0.255 0.255 0.960019
0.255 0.304 1.17322
0.255 0.353 0.810048
0.255 0.402 0.345904
0.255 0.451 0.474188
0.255 0.5 0.895505
0.255 0.549 1.20614
0.255 0.598 1.00385
0.255 0.647 0.68944
0.255 0.696 1.00421
0.255 0.745 1.55814
0.255 0.794 2.01165
0.255 0.843 2.55004
0.255 0.892 3.38315
0.255 0.941 5.27287
0.255 0.99 7.18754
0.304 0.01 4.16009
0.304 0.059 2.79454
0.304 0.108 1.33345
0.304 0.157 0.571573
0.304 0.206 0.437563
0.304 0.255 0.606563
0.304 0.304 0.74127
0.304 0.353 0.511807
0.304 0.402 0.21855
0.304 0.451 0.299603
0.304 0.5 0.565801
0.304 0.549 0.762066
0.304 0.598 0.634254
0.304 0.647 0.435604
0.304 0.696 0.634485
0.304 0.745 0.984473
0.304 0.794 1.27101
0.304 0.843 1.61118
0.304 0.892 2.13756
0.304 0.941 3.33152
0.304 0.99 4.54126
0.353 0.01 2.32821
0.353 0.059 1.56397
0.353 0.108 0.746269
0.353 0.157 0.319883
0.353 0.206 0.244884
0.353 0.255 0.339465
0.353 0.304 0.414855
0.353 0.353 0.286435
0.353 0.402 0.122313
0.353 0.451 0.167674
0.353 0.5 0.316653
0.353 0.549 0.426493
0.353 0.598 0.354963
0.353 0.647 0.243788
0.353 0.696 0.355092
0.353 0.745 0.550964
0.353 0.794 0.711325
0.353 0.843 0.901702
0.353 0.892 1.19629
0.353 0.941 1.8645
0.353 0.99 2.54153
0.402 0.01 2.07786
0.402 0.059 1.3958
0.402 0.108 0.666021
0.402 0.157 0.285485
0.402 0.206 0.218551
0.402 0.255 0.302962
0.402 0.304 0.370245
0.402 0.353 0.255634
0.402 0.402 0.10916
0.402 0.451 0.149644
0.402 0.5 0.282603
0.402 0.549 0.380631
0.402 0.598 0.316793
0.402 0.647 0.217573
0.402 0.696 0.316908
0.402 0.745 0.491718
0.402 0.794 0.634835
0.402 0.843 0.80474
0.402 0.892 1.06765
0.402 0.941 1.66401
0.402 0.99 2.26824
0.451 0.01 1.75757
0.451 0.059 1.18065
0.451 0.108 0.563361
0.451 0.157 0.241481
0.451 0.206 0.184864
0.451 0.255 0.256264
0.451 0.304 0.313175
0.451 0.353 0.216231
0.451 0.402 0.0923341
0.451 0.451 0.126578
0.451 0.5 0.239042
0.451 0.549 0.321961
0.451 0.598 0.267963
0.451 0.647 0.184036
0.451 0.696 0.26806
0.451 0.745 0.415925
0.451 0.794 0.536982
0.451 0.843 0.680697
0.451 0.892 0.903085
0.451 0.941 1.40752
0.451 0.99 1.91861
0.5 0.01 0.808473
0.5 0.059 0.54309
0.5 0.108 0.259142
0.5 0.157 0.11108
0.5 0.206 0.0850361
0.5 0.255 0.11788
0.5 0.304 0.144059
0.5 0.353 0.0994647
0.5 0.402 0.0424731
0.5 0.451 0.0582249
0.5 0.5 0.109958
0.5 0.549 0.1481
0.5 0.598 0.123261
0.5 0.647 0.0846554
0.5 0.696 0.123306
0.5 0.745 0.191323
0.5 0.794 0.247008
0.5 0.843 0.313116
0.5 0.892 0.415413
0.5 0.941 0.647449
0.5 0.99 0.882548
0.549 0.01 0.553209
0.549 0.059 0.371617
0.549 0.108 0.177322
0.549 0.157 0.0760078
0.549 0.206 0.0581872
0.549 0.255 0.0806608
0.549 0.304 0.0985742
0.549 0.353 0.0680602
0.549 0.402 0.0290628
0.549 0.451 0.0398413
0.549 0.5 0.0752403
0.549 0.549 0.10134
0.549 0.598 0.0843432
0.549 0.647 0.0579267
0.549 0.696 0.0843738
0.549 0.745 0.130915
0.549 0.794 0.169019
0.549 0.843 0.214254
0.549 0.892 0.284253
0.549 0.941 0.443026
0.549 0.99 0.603897
0.598 0.01 0.944308
0.598 0.059 0.634337
0.598 0.108 0.302682
0.598 0.157 0.129743
0.598 0.206 0.0993234
0.598 0.255 0.137685
0.598 0.304 0.168263
0.598 0.353 0.116176
0.598 0.402 0.0496092
0.598 0.451 0.0680076
0.598 0.5 0.128432
0.598 0.549 0.172983
0.598 0.598 0.143971
0.598 0.647 0.0988787
0.598 0.696 0.144023
0.598 0.745 0.223468
0.598 0.794 0.288509
0.598 0.843 0.365724
0.598 0.892 0.485209
0.598 0.941 0.75623
0.598 0.99 1.03083
0.647 0.01 1.28503
0.647 0.059 0.863218
0.647 0.108 0.411895
0.647 0.157 0.176556
0.647 0.206 0.135161
0.647 0.255 0.187364
0.647 0.304 0.228975
0.647 0.353 0.158095
0.647 0.402 0.0675091
0.647 0.451 0.092546
0.647 0.5 0.174773
0.647 0.549 0.235398
0.647 0.598 0.195918
0.647 0.647 0.134556
0.647 0.696 0.195989
0.647 0.745 0.304099
0.647 0.794 0.392608
0.647 0.843 0.497685
0.647 0.892 0.660281
0.647 0.941 1.02909
0.647 0.99 1.40277
0.696 0.01 1.74346
0.696 0.059 1.17116
0.696 0.108 0.558835
0.696 0.157 0.239541
0.696 0.206 0.183379
0.696 0.255 0.254205
0.696 0.304 0.310659
0.696 0.353 0.214494
0.696 0.402 0.0915923
0.696 0.451 0.125561
0.696 0.5 0.237122
0.696 0.549 0.319374
0.696 0.598 0.26581
0.696 0.647 0.182558
0.696 0.696 0.265907
0.696 0.745 0.412583
0.696 0.794 0.532668
0.696 0.843 0.675229
0.696 0.892 0.89583
0.696 0.941 1.39621
0.696 0.99 1.9032
0.745 0.01 1.42701
0.745 0.059 0.958593
0.745 0.108 0.457405
0.745 0.157 0.196063
0.745 0.206 0.150095
0.745 0.255 0.208066
0.745 0.304 0.254274
0.745 0.353 0.175562
0.745 0.402 0.074968
0.745 0.451 0.102771
0.745 0.5 0.194083
0.745 0.549 0.261407
0.745 0.598 0.217565
0.745 0.647 0.149423
0.745 0.696 0.217644
0.745 0.745 0.337698
0.745 0.794 0.435987
0.745 0.843 0.552673
0.745 0.892 0.733234
0.745 0.941 1.14279
0.745 0.99 1.55776
0.794 0.01 0.49362
0.794 0.059 0.331589
0.794 0.108 0.158222
0.794 0.157 0.0678206
0.794 0.206 0.0519195
0.794 0.255 0.0719724
0.794 0.304 0.0879562
0.794 0.353 0.060729
0.794 0.402 0.0259323
0.794 0.451 0.0355498
0.794 0.5 0.0671357
0.794 0.549 0.0904237
0.794 0.598 0.0752581
0.794 0.647 0.0516871
0.794 0.696 0.0752855
0.794 0.745 0.116814
0.794 0.794 0.150813
0.794 0.843 0.191176
0.794 0.892 0.253634
0.794 0.941 0.395306
0.794 0.99 0.538848
0.843 0.01 0.209047
0.843 0.059 0.140427
0.843 0.108 0.0670064
0.843 0.157 0.0287218
0.843 0.206 0.0219878
0.843 0.255 0.0304801
0.843 0.304 0.0372492
0.843 0.353 0.0257186
0.843 0.402 0.0109823
0.843 0.451 0.0150552
0.843 0.5 0.0284318
0.843 0.549 0.0382942
0.843 0.598 0.0318716
0.843 0.647 0.0218893
0.843 0.696 0.0318832
0.843 0.745 0.0494703
0.843 0.794 0.0638688
0.843 0.843 0.0809625
0.843 0.892 0.107413
0.843 0.941 0.167411
0.843 0.99 0.2282
0.892 0.01 1.04001
0.892 0.059 0.698628
0.892 0.108 0.333359
0.892 0.157 0.142892
0.892 0.206 0.10939
0.892 0.255 0.15164
0.892 0.304 0.185316
0.892 0.353 0.127951
0.892 0.402 0.0546371
0.892 0.451 0.0749003
0.892 0.5 0.141449
0.892 0.549 0.190515
0.892 0.598 0.158562
0.892 0.647 0.1089
0.892 0.696 0.15862
0.892 0.745 0.246116
0.892 0.794 0.31775
0.892 0.843 0.402791
0.892 0.892 0.534385
0.892 0.941 0.832875
0.892 0.99 1.13531
0.941 0.01 3.47608
0.941 0.059 2.33505
0.941 0.108 1.1142
0.941 0.157 0.477594
0.941 0.206 0.365618
0.941 0.255 0.506831
0.941 0.304 0.61939
0.941 0.353 0.427655
0.941 0.402 0.182616
0.941 0.451 0.250342
0.941 0.5 0.472771
0.941 0.549 0.636765
0.941 0.598 0.529969
0.941 0.647 0.363982
0.941 0.696 0.530162
0.941 0.745 0.822604
0.941 0.794 1.06203
0.941 0.843 1.34626
0.941 0.892 1.7861
0.941 0.941 2.78375
0.941 0.99 3.79458
0.99 0.01 5.69696
0.99 0.059 3.82692
0.99 0.108 1.82606
0.99 0.157 0.782729
0.99 0.206 0.599212
0.99 0.255 0.830646
0.99 0.304 1.01512
0.99 0.353 0.700884
0.99 0.402 0.299289
0.99 0.451 0.410286
0.99 0.5 0.774825
0.99 0.549 1.0436
0.99 0.598 0.868567
0.99 0.647 0.59653
0.99 0.696 0.868882
0.99 0.745 1.34817
0.99 0.794 1.74056
0.99 0.843 2.20639
0.99 0.892 2.92723
0.99 0.941 4.56229
0.99 0.99 6.21893
