0.01 0.01 7.87557
0.01 0.059 4.41108
0.01 0.108 1.52526
0.01 0.157 1.05187
0.01 0.206 1.02735
0.01 0.255 0.540327
0.01 0.304 0.165097
0.01 0.353 0.25403
0.01 0.402 0.473083
0.01 0.451 0.497181
0.01 0.5 0.729233
0.01 0.549 0.921881
0.01 0.598 0.49824
0.01 0.647 0.105994
0.01 0.696 0.0404072
0.01 0.745 0.19832
0.01 0.794 0.539283
0.01 0.843 0.965888
0.01 0.892 2.22011
0.01 0.941 6.63477
0.01 0.99 11.9196
0.059 0.01 5.7219
0.059 0.059 3.20482
0.059 0.108 1.10816
0.059 0.157 0.764226
0.059 0.206 0.746411
0.059 0.255 0.392568
0.059 0.304 0.119949
0.059 0.353 0.184562
0.059 0.402 0.343713
0.059 0.451 0.361221
0.059 0.5 0.529816
0.059 0.549 0.669782
0.059 0.598 0.361991
0.059 0.647 0.0770084
0.059 0.696 0.0293574
0.059 0.745 0.144087
0.059 0.794 0.39181
0.059 0.843 0.701754
0.059 0.892 1.613
0.059 0.941 4.82041
0.059 0.99 8.66008
0.108 0.01 3.74306
0.108 0.059 2.09647
0.108 0.108 0.72492
0.108 0.157 0.499929
0.108 0.206 0.488275
0.108 0.255 0.256804
0.108 0.304 0.0784664
0.108 0.353 0.120734
0.108 0.402 0.224845
0.108 0.451 0.236298
0.108 0.5 0.346586
0.108 0.549 0.438147
0.108 0.598 0.236801
0.108 0.647 0.0503761
0.108 0.696 0.0192045
0.108 0.745 0.0942565
0.108 0.794 0.256308
0.108 0.843 0.459062
0.108 0.892 1.05516
0.108 0.941 3.15334
0.108 0.99 5.66511
0.157 0.01 1.92582
0.157 0.059 1.07864
0.157 0.108 0.372973
0.157 0.157 0.257215
0.157 0.206 0.251219
0.157 0.255 0.132126
0.157 0.304 0.0403712
0.157 0.353 0.062118
0.157 0.402 0.115683
0.157 0.451 0.121576
0.157 0.5 0.17832
0.157 0.549 0.225428
0.157 0.598 0.121835
0.157 0.647 0.0259186
0.157 0.696 0.00988079
0.157 0.745 0.0484952
0.157 0.794 0.131871
0.157 0.843 0.236189
0.157 0.892 0.542885
0.157 0.941 1.6224
0.157 0.99 2.91471
0.206 0.01 0.504262
0.206 0.059 0.282435
0.206 0.108 0.0976605
0.206 0.157 0.06735
0.206 0.206 0.06578
0.206 0.255 0.0345964
0.206 0.304 0.0105709
0.206 0.353 0.0162652
0.206 0.402 0.0302908
0.206 0.451 0.0318338
0.206 0.5 0.0466918
0.206 0.549 0.0590268
0.206 0.598 0.0319016
0.206 0.647 0.00678662
0.206 0.696 0.00258722
0.206 0.745 0.0126982
0.206 0.794 0.0345295
0.206 0.843 0.0618445
0.206 0.892 0.142151
0.206 0.941 0.424815
0.206 0.99 0.763198
0.255 0.01 0.255483
0.255 0.059 0.143095
0.255 0.108 0.0494793
0.255 0.157 0.0341227
0.255 0.206 0.0333272
0.255 0.255 0.0175281
0.255 0.304 0.00535572
0.255 0.353 0.0082407
0.255 0.402 0.0153467
0.255 0.451 0.0161285
0.255 0.5 0.0236562
0.255 0.549 0.0299057
0.255 0.598 0.0161629
0.255 0.647 0.00343842
0.255 0.696 0.00131081
0.255 0.745 0.00643348
0.255 0.794 0.0174943
0.255 0.843 0.0313333
0.255 0.892 0.0720202
0.255 0.941 0.215231
0.255 0.99 0.386672
0.304 0.01 0.782988
0.304 0.059 0.438548
0.304 0.108 0.151641
0.304 0.157 0.104577
0.304 0.206 0.102139
0.304 0.255 0.0537193
0.304 0.304 0.0164139
0.304 0.353 0.0252556
0.304 0.402 0.0470338
0.304 0.451 0.0494296
0.304 0.5 0.0725002
0.304 0.549 0.0916533
0.304 0.598 0.049535
0.304 0.647 0.0105379
0.304 0.696 0.00401728
0.304 0.745 0.0197169
0.304 0.794 0.0536154
0.304 0.843 0.0960284
0.304 0.892 0.220723
0.304 0.941 0.659628
0.304 0.99 1.18505
0.353 0.01 1.18828
0.353 0.059 0.665552
0.353 0.108 0.230135
0.353 0.157 0.158709
0.353 0.206 0.155009
0.353 0.255 0.0815257
0.353 0.304 0.0249101
0.353 0.353 0.0383285
0.353 0.402 0.0713797
0.353 0.451 0.0750156
0.353 0.5 0.110028
0.353 0.549 0.139095
0.353 0.598 0.0751755
0.353 0.647 0.0159925
0.353 0.696 0.00609672
0.353 0.745 0.0299229
0.353 0.794 0.0813681
0.353 0.843 0.145735
0.353 0.892 0.334975
0.353 0.941 1.00107
0.353 0.99 1.79846
0.402 0.01 1.15283
0.402 0.059 0.645697
0.402 0.108 0.223269
0.402 0.157 0.153974
0.402 0.206 0.150385
0.402 0.255 0.0790935
0.402 0.304 0.024167
0.402 0.353 0.0371851
0.402 0.402 0.0692503
0.402 0.451 0.0727777
0.402 0.5 0.106746
0.402 0.549 0.134946
0.402 0.598 0.0729328
0.402 0.647 0.0155154
0.402 0.696 0.00591484
0.402 0.745 0.0290302
0.402 0.794 0.0789407
0.402 0.843 0.141387
0.402 0.892 0.324982
0.402 0.941 0.971203
0.402 0.99 1.74481
0.451 0.01 1.87379
0.451 0.059 1.04951
0.451 0.108 0.362898
0.451 0.157 0.250267
0.451 0.206 0.244433
0.451 0.255 0.128557
0.451 0.304 0.0392806
0.451 0.353 0.06044
0.451 0.402 0.112558
0.451 0.451 0.118292
0.451 0.5 0.173503
0.451 0.549 0.219339
0.451 0.598 0.118544
0.451 0.647 0.0252185
0.451 0.696 0.00961389
0.451 0.745 0.0471853
0.451 0.794 0.128309
0.451 0.843 0.229809
0.451 0.892 0.52822
0.451 0.941 1.57858
0.451 0.99 2.83598
0.5 0.01 2.20948
0.5 0.059 1.23752
0.5 0.108 0.42791
0.5 0.157 0.295102
0.5 0.206 0.288223
0.5 0.255 0.151588
0.5 0.304 0.0463177
0.5 0.353 0.0712677
0.5 0.402 0.132723
0.5 0.451 0.139483
0.5 0.5 0.204585
0.5 0.549 0.258633
0.5 0.598 0.139781
0.5 0.647 0.0297363
0.5 0.696 0.0113362
0.5 0.745 0.0556384
0.5 0.794 0.151295
0.5 0.843 0.270979
0.5 0.892 0.62285
0.5 0.941 1.86138
0.5 0.99 3.34404
0.549 0.01 1.10529
0.549 0.059 0.619071
0.549 0.108 0.214063
0.549 0.157 0.147625
0.549 0.206 0.144184
0.549 0.255 0.0758321
0.549 0.304 0.0231705
0.549 0.353 0.0356518
0.549 0.402 0.0663947
0.549 0.451 0.0697767
0.549 0.5 0.102344
0.549 0.549 0.129381
0.549 0.598 0.0699254
0.549 0.647 0.0148756
0.549 0.696 0.00567094
0.549 0.745 0.0278332
0.549 0.794 0.0756855
0.549 0.843 0.135557
0.549 0.892 0.311581
0.549 0.941 0.931155
0.549 0.99 1.67286
0.598 0.01 0.591551
0.598 0.059 0.331326
0.598 0.108 0.114566
0.598 0.157 0.0790086
0.598 0.206 0.0771668
0.598 0.255 0.0405852
0.598 0.304 0.0124008
0.598 0.353 0.0190807
0.598 0.402 0.0355343
0.598 0.451 0.0373443
0.598 0.5 0.0547743
0.598 0.549 0.0692445
0.598 0.598 0.0374239
0.598 0.647 0.00796141
0.598 0.696 0.00303508
0.598 0.745 0.0148963
0.598 0.794 0.0405067
0.598 0.843 0.07255
0.598 0.892 0.166758
0.598 0.941 0.498352
0.598 0.99 0.895311
0.647 0.01 1.67869
0.647 0.059 0.940229
0.647 0.108 0.325113
0.647 0.157 0.224209
0.647 0.206 0.218982
0.647 0.255 0.115172
0.647 0.304 0.0351907
0.647 0.353 0.0541469
0.647 0.402 0.100838
0.647 0.451 0.105975
0.647 0.5 0.155437
0.647 0.549 0.196501
0.647 0.598 0.106201
0.647 0.647 0.0225927
0.647 0.696 0.00861287
0.647 0.745 0.0422723
0.647 0.794 0.114949
0.647 0.843 0.205881
0.647 0.892 0.473221
0.647 0.941 1.41421
0.647 0.99 2.54069
0.696 0.01 3.90482
0.696 0.059 2.18707
0.696 0.108 0.756247
0.696 0.157 0.521534
0.696 0.206 0.509377
0.696 0.255 0.267902
0.696 0.304 0.0818574
0.696 0.353 0.125952
0.696 0.402 0.234561
0.696 0.451 0.246509
0.696 0.5 0.361564
0.696 0.549 0.457082
0.696 0.598 0.247035
0.696 0.647 0.0525531
0.696 0.696 0.0200345
0.696 0.745 0.0983299
0.696 0.794 0.267384
0.696 0.843 0.478901
0.696 0.892 1.10076
0.696 0.941 3.28962
0.696 0.99 5.90993
0.745 0.01 5.52812
0.745 0.059 3.09628
0.745 0.108 1.07063
0.745 0.157 0.738345
0.745 0.206 0.721134
0.745 0.255 0.379274
0.745 0.304 0.115887
0.745 0.353 0.178312
0.745 0.402 0.332073
0.745 0.451 0.348988
0.745 0.5 0.511873
0.745 0.549 0.647099
0.745 0.598 0.349731
0.745 0.647 0.0744004
0.745 0.696 0.0283632
0.745 0.745 0.139207
0.745 0.794 0.378541
0.745 0.843 0.677989
0.745 0.892 1.55837
0.745 0.941 4.65717
0.745 0.99 8.36679
0.794 0.01 4.82269
0.794 0.059 2.70117
0.794 0.108 0.934011
0.794 0.157 0.644126
0.794 0.206 0.629111
0.794 0.255 0.330875
0.794 0.304 0.101099
0.794 0.353 0.155558
0.794 0.402 0.289697
0.794 0.451 0.304454
0.794 0.5 0.446554
0.794 0.549 0.564524
0.794 0.598 0.305103
0.794 0.647 0.0649063
0.794 0.696 0.0247438
0.794 0.745 0.121443
0.794 0.794 0.330236
0.794 0.843 0.591472
0.794 0.892 1.35951
0.794 0.941 4.06287
0.794 0.99 7.29912
0.843 0.01 4.11183
0.843 0.059 2.30302
0.843 0.108 0.796339
0.843 0.157 0.549183
0.843 0.206 0.536381
0.843 0.255 0.282105
0.843 0.304 0.0861969
0.843 0.353 0.132629
0.843 0.402 0.246996
0.843 0.451 0.259578
0.843 0.5 0.380732
0.843 0.549 0.481314
0.843 0.598 0.260131
0.843 0.647 0.0553392
0.843 0.696 0.0210966
0.843 0.745 0.103543
0.843 0.794 0.281559
0.843 0.843 0.504289
0.843 0.892 1.15912
0.843 0.941 3.46401
0.843 0.99 6.22324
0.892 0.01 6.94928
0.892 0.059 3.89226
0.892 0.108 1.34587
0.892 0.157 0.928156
0.892 0.206 0.90652
0.892 0.255 0.476776
0.892 0.304 0.145679
0.892 0.353 0.224152
0.892 0.402 0.417441
0.892 0.451 0.438704
0.892 0.5 0.643463
0.892 0.549 0.813453
0.892 0.598 0.439639
0.892 0.647 0.093527
0.892 0.696 0.0356547
0.892 0.745 0.174994
0.892 0.794 0.475855
0.892 0.843 0.852284
0.892 0.892 1.95899
0.892 0.941 5.85441
0.892 0.99 10.5177
0.941 0.01 16.896
0.941 0.059 9.46339
0.941 0.108 3.27225
0.941 0.157 2.25666
0.941 0.206 2.20405
0.941 0.255 1.1592
0.941 0.304 0.354194
0.941 0.353 0.544988
0.941 0.402 1.01494
0.941 0.451 1.06664
0.941 0.5 1.56448
0.941 0.549 1.97778
0.941 0.598 1.06891
0.941 0.647 0.227395
0.941 0.696 0.0866885
0.941 0.745 0.42547
0.941 0.794 1.15696
0.941 0.843 2.07219
0.941 0.892 4.76296
0.941 0.941 14.234
0.941 0.99 25.5721
0.99 0.01 28.1534
0.99 0.059 15.7686
0.99 0.108 5.45248
0.99 0.157 3.76022
0.99 0.206 3.67256
0.99 0.255 1.93155
0.99 0.304 0.590185
0.99 0.353 0.908101
0.99 0.402 1.69117
0.99 0.451 1.77731
0.99 0.5 2.60685
0.99 0.549 3.29552
0.99 0.598 1.7811
0.99 0.647 0.378904
0.99 0.696 0.144447
0.99 0.745 0.70895
0.99 0.794 1.92782
0.99 0.843 3.45284
0.99 0.892 7.93642
0.99 0.941 23.7179
0.99 0.99 42.6101
