0.01 0.01 6.96536
0.01 0.059 5.00023
0.01 0.108 3.84526
0.01 0.157 4.96483
0.01 0.206 6.13509
0.01 0.255 6.59197
0.01 0.304 6.45072
0.01 0.353 5.98092
0.01 0.402 5.54105
0.01 0.451 5.1529
0.01 0.5 4.91436
0.01 0.549 4.55173
0.01 0.598 4.58812
0.01 0.647 4.18611
0.01 0.696 4.00725
0.01 0.745 4.04505
0.01 0.794 3.41311
0.01 0.843 3.89793
0.01 0.892 4.74646
0.01 0.941 7.02203
0.01 0.99 10.4359
0.059 0.01 4.39404
0.059 0.059 3.15436
0.059 0.108 2.42575
0.059 0.157 3.13202
0.059 0.206 3.87027
0.059 0.255 4.15849
0.059 0.304 4.06938
0.059 0.353 3.77301
0.059 0.402 3.49553
0.059 0.451 3.25066
0.059 0.5 3.10019
0.059 0.549 2.87142
0.059 0.598 2.89438
0.059 0.647 2.64077
0.059 0.696 2.52794
0.059 0.745 2.55179
0.059 0.794 2.15313
0.059 0.843 2.45898
0.059 0.892 2.99426
0.059 0.941 4.42979
0.059 0.99 6.58342
0.108 0.01 1.95967
0.108 0.059 1.40679
0.108 0.108 1.08184
0.108 0.157 1.39683
0.108 0.206 1.72608
0.108 0.255 1.85462
0.108 0.304 1.81488
0.108 0.353 1.6827
0.108 0.402 1.55895
0.108 0.451 1.44974
0.108 0.5 1.38263
0.108 0.549 1.28061
0.108 0.598 1.29084
0.108 0.647 1.17774
0.108 0.696 1.12742
0.108 0.745 1.13806
0.108 0.794 0.960261
0.108 0.843 1.09666
0.108 0.892 1.33539
0.108 0.941 1.97561
0.108 0.99 2.9361
0.157 0.01 1.15527
0.157 0.059 0.82934
0.157 0.108 0.637775
0.157 0.157 0.823468
0.157 0.206 1.01757
0.157 0.255 1.09335
0.157 0.304 1.06992
0.157 0.353 0.991996
0.157 0.402 0.91904
0.157 0.451 0.85466
0.157 0.5 0.815097
0.157 0.549 0.754951
0.157 0.598 0.760986
0.157 0.647 0.694309
0.157 0.696 0.664643
0.157 0.745 0.670913
0.157 0.794 0.566099
0.157 0.843 0.646512
0.157 0.892 0.787249
0.157 0.941 1.16468
0.157 0.99 1.73091
0.206 0.01 0.701064
0.206 0.059 0.503274
0.206 0.108 0.387026
0.206 0.157 0.499711
0.206 0.206 0.617497
0.206 0.255 0.663482
0.206 0.304 0.649266
0.206 0.353 0.60198
0.206 0.402 0.557708
0.206 0.451 0.51864
0.206 0.5 0.494631
0.206 0.549 0.458132
0.206 0.598 0.461795
0.206 0.647 0.421332
0.206 0.696 0.40333
0.206 0.745 0.407135
0.206 0.794 0.34353
0.206 0.843 0.392327
0.206 0.892 0.477732
0.206 0.941 0.706768
0.206 0.99 1.05038
0.255 0.01 0.522695
0.255 0.059 0.375228
0.255 0.108 0.288557
0.255 0.157 0.372572
0.255 0.206 0.460391
0.255 0.255 0.494676
0.255 0.304 0.484076
0.255 0.353 0.448821
0.255 0.402 0.415813
0.255 0.451 0.386685
0.255 0.5 0.368785
0.255 0.549 0.341572
0.255 0.598 0.344303
0.255 0.647 0.314135
0.255 0.696 0.300713
0.255 0.745 0.30355
0.255 0.794 0.256127
0.255 0.843 0.292509
0.255 0.892 0.356185
0.255 0.941 0.526949
0.255 0.99 0.783136
0.304 0.01 0.738631
0.304 0.059 0.530243
0.304 0.108 0.407765
0.304 0.157 0.526489
0.304 0.206 0.650587
0.304 0.255 0.699036
0.304 0.304 0.684058
0.304 0.353 0.634238
0.304 0.402 0.587593
0.304 0.451 0.546432
0.304 0.5 0.521137
0.304 0.549 0.482682
0.304 0.598 0.486541
0.304 0.647 0.44391
0.304 0.696 0.424943
0.304 0.745 0.428952
0.304 0.794 0.361938
0.304 0.843 0.413351
0.304 0.892 0.503332
0.304 0.941 0.744641
0.304 0.99 1.10666
0.353 0.01 0.827065
0.353 0.059 0.593727
0.353 0.108 0.456585
0.353 0.157 0.589524
0.353 0.206 0.72848
0.353 0.255 0.782729
0.353 0.304 0.765958
0.353 0.353 0.710173
0.353 0.402 0.657944
0.353 0.451 0.611854
0.353 0.5 0.583531
0.353 0.549 0.540472
0.353 0.598 0.544793
0.353 0.647 0.497058
0.353 0.696 0.47582
0.353 0.745 0.480309
0.353 0.794 0.405272
0.353 0.843 0.46284
0.353 0.892 0.563594
0.353 0.941 0.833795
0.353 0.99 1.23916
0.402 0.01 0.48249
0.402 0.059 0.346366
0.402 0.108 0.266361
0.402 0.157 0.343914
0.402 0.206 0.424978
0.402 0.255 0.456626
0.402 0.304 0.446842
0.402 0.353 0.414298
0.402 0.402 0.383829
0.402 0.451 0.356941
0.402 0.5 0.340418
0.402 0.549 0.315299
0.402 0.598 0.317819
0.402 0.647 0.289972
0.402 0.696 0.277582
0.402 0.745 0.280201
0.402 0.794 0.236426
0.402 0.843 0.27001
0.402 0.892 0.328787
0.402 0.941 0.486416
0.402 0.99 0.722898
0.451 0.01 0.208213
0.451 0.059 0.14947
0.451 0.108 0.114945
0.451 0.157 0.148412
0.451 0.206 0.183394
0.451 0.255 0.197052
0.451 0.304 0.192829
0.451 0.353 0.178786
0.451 0.402 0.165637
0.451 0.451 0.154034
0.451 0.5 0.146903
0.451 0.549 0.136063
0.451 0.598 0.137151
0.451 0.647 0.125134
0.451 0.696 0.119787
0.451 0.745 0.120917
0.451 0.794 0.102027
0.451 0.843 0.11652
0.451 0.892 0.141884
0.451 0.941 0.209907
0.451 0.99 0.311958
0.5 0.01 0.31468
0.5 0.059 0.2259
0.5 0.108 0.17372
0.5 0.157 0.2243
0.5 0.206 0.27717
0.5 0.255 0.297811
0.5 0.304 0.29143
0.5 0.353 0.270205
0.5 0.402 0.250333
0.5 0.451 0.232797
0.5 0.5 0.22202
0.5 0.549 0.205637
0.5 0.598 0.207281
0.5 0.647 0.189119
0.5 0.696 0.181039
0.5 0.745 0.182747
0.5 0.794 0.154197
0.5 0.843 0.1761
0.5 0.892 0.214435
0.5 0.941 0.31724
0.5 0.99 0.471473
0.549 0.01 0.505814
0.549 0.059 0.36311
0.549 0.108 0.279237
0.549 0.157 0.360539
0.549 0.206 0.445521
0.549 0.255 0.478699
0.549 0.304 0.468442
0.549 0.353 0.434326
0.549 0.402 0.402383
0.549 0.451 0.374196
0.549 0.5 0.356874
0.549 0.549 0.33054
0.549 0.598 0.333183
0.549 0.647 0.303989
0.549 0.696 0.291
0.549 0.745 0.293746
0.549 0.794 0.247855
0.549 0.843 0.283062
0.549 0.892 0.344681
0.549 0.941 0.50993
0.549 0.99 0.757842
0.598 0.01 0.697793
0.598 0.059 0.500926
0.598 0.108 0.38522
0.598 0.157 0.49738
0.598 0.206 0.614617
0.598 0.255 0.660388
0.598 0.304 0.646237
0.598 0.353 0.599172
0.598 0.402 0.555106
0.598 0.451 0.51622
0.598 0.5 0.492324
0.598 0.549 0.455995
0.598 0.598 0.459641
0.598 0.647 0.419367
0.598 0.696 0.401449
0.598 0.745 0.405236
0.598 0.794 0.341927
0.598 0.843 0.390497
0.598 0.892 0.475503
0.598 0.941 0.703471
0.598 0.99 1.04548
0.647 0.01 0.668058
0.647 0.059 0.47958
0.647 0.108 0.368805
0.647 0.157 0.476185
0.647 0.206 0.588427
0.647 0.255 0.632247
0.647 0.304 0.618699
0.647 0.353 0.57364
0.647 0.402 0.531451
0.647 0.451 0.494223
0.647 0.5 0.471345
0.647 0.549 0.436564
0.647 0.598 0.440054
0.647 0.647 0.401497
0.647 0.696 0.384342
0.647 0.745 0.387968
0.647 0.794 0.327357
0.647 0.843 0.373857
0.647 0.892 0.455241
0.647 0.941 0.673494
0.647 0.99 1.00093
0.696 0.01 0.293058
0.696 0.059 0.210378
0.696 0.108 0.161784
0.696 0.157 0.208889
0.696 0.206 0.258126
0.696 0.255 0.277349
0.696 0.304 0.271406
0.696 0.353 0.251639
0.696 0.402 0.233133
0.696 0.451 0.216801
0.696 0.5 0.206765
0.696 0.549 0.191508
0.696 0.598 0.193039
0.696 0.647 0.176125
0.696 0.696 0.1686
0.696 0.745 0.17019
0.696 0.794 0.143602
0.696 0.843 0.164
0.696 0.892 0.199701
0.696 0.941 0.295443
0.696 0.99 0.439078
0.745 0.01 0.11466
0.745 0.059 0.082311
0.745 0.108 0.0632984
0.745 0.157 0.0817283
0.745 0.206 0.100992
0.745 0.255 0.108513
0.745 0.304 0.106188
0.745 0.353 0.0984545
0.745 0.402 0.0912137
0.745 0.451 0.084824
0.745 0.5 0.0808975
0.745 0.549 0.074928
0.745 0.598 0.075527
0.745 0.647 0.0689094
0.745 0.696 0.065965
0.745 0.745 0.0665874
0.745 0.794 0.0561846
0.745 0.843 0.0641655
0.745 0.892 0.0781335
0.745 0.941 0.115593
0.745 0.99 0.17179
0.794 0.01 0.29357
0.794 0.059 0.210745
0.794 0.108 0.162067
0.794 0.157 0.209253
0.794 0.206 0.258576
0.794 0.255 0.277833
0.794 0.304 0.271879
0.794 0.353 0.252079
0.794 0.402 0.233539
0.794 0.451 0.21718
0.794 0.5 0.207126
0.794 0.549 0.191842
0.794 0.598 0.193376
0.794 0.647 0.176433
0.794 0.696 0.168894
0.794 0.745 0.170487
0.794 0.794 0.143853
0.794 0.843 0.164287
0.794 0.892 0.20005
0.794 0.941 0.295958
0.794 0.99 0.439845
0.843 0.01 0.678263
0.843 0.059 0.486906
0.843 0.108 0.374438
0.843 0.157 0.483459
0.843 0.206 0.597415
0.843 0.255 0.641904
0.843 0.304 0.62815
0.843 0.353 0.582402
0.843 0.402 0.539569
0.843 0.451 0.501772
0.843 0.5 0.478544
0.843 0.549 0.443233
0.843 0.598 0.446776
0.843 0.647 0.407629
0.843 0.696 0.390212
0.843 0.745 0.393894
0.843 0.794 0.332357
0.843 0.843 0.379567
0.843 0.892 0.462194
0.843 0.941 0.683782
0.843 0.99 1.01622
0.892 0.01 1.31375
0.892 0.059 0.943106
0.892 0.108 0.725263
0.892 0.157 0.936429
0.892 0.206 1.15715
0.892 0.255 1.24333
0.892 0.304 1.21669
0.892 0.353 1.12808
0.892 0.402 1.04511
0.892 0.451 0.9719
0.892 0.5 0.92691
0.892 0.549 0.858513
0.892 0.598 0.865376
0.892 0.647 0.789553
0.892 0.696 0.755817
0.892 0.745 0.762947
0.892 0.794 0.643755
0.892 0.843 0.735198
0.892 0.892 0.895241
0.892 0.941 1.32444
0.892 0.99 1.96835
0.941 0.01 2.97464
0.941 0.059 2.13541
0.941 0.108 1.64216
0.941 0.157 2.12029
0.941 0.206 2.62007
0.941 0.255 2.81518
0.941 0.304 2.75486
0.941 0.353 2.55422
0.941 0.402 2.36638
0.941 0.451 2.20061
0.941 0.5 2.09874
0.941 0.549 1.94387
0.941 0.598 1.95941
0.941 0.647 1.78773
0.941 0.696 1.71134
0.941 0.745 1.72749
0.941 0.794 1.45761
0.941 0.843 1.66466
0.941 0.892 2.02703
0.941 0.941 2.99885
0.941 0.99 4.4568
0.99 0.01 4.91944
0.99 0.059 3.53153
0.99 0.108 2.7158
0.99 0.157 3.50653
0.99 0.206 4.33305
0.99 0.255 4.65573
0.99 0.304 4.55597
0.99 0.353 4.22416
0.99 0.402 3.9135
0.99 0.451 3.63935
0.99 0.5 3.47089
0.99 0.549 3.21477
0.99 0.598 3.24047
0.99 0.647 2.95654
0.99 0.696 2.83021
0.99 0.745 2.85691
0.99 0.794 2.41059
0.99 0.843 2.75301
0.99 0.892 3.3523
0.99 0.941 4.95947
0.99 0.99 7.37063
