0.01 0.01 8.5825e-08
0.01 0.059 5.83473e-08
0.01 0.108 3.31289e-08
0.01 0.157 2.43668e-08
0.01 0.206 1.92978e-08
0.01 0.255 1.53715e-08
0.01 0.304 1.22523e-08
0.01 0.353 8.94709e-09
0.01 0.402 8.83339e-09
0.01 0.451 8.74758e-09
0.01 0.5 4.70826e-09
0.01 0.549 1.58987e-09
0.01 0.598 2.388e-09
0.01 0.647 3.74498e-09
0.01 0.696 2.98595e-09
0.01 0.745 4.21473e-09
0.01 0.794 7.28164e-09
0.01 0.843 5.49395e-09
0.01 0.892 2.28144e-09
0.01 0.941 3.8498e-09
0.01 0.99 7.23945e-09
0.059 0.01 1.42452e-05
0.059 0.059 9.68445e-06
0.059 0.108 5.49871e-06
0.059 0.157 4.04438e-06
0.059 0.206 3.20304e-06
0.059 0.255 2.55135e-06
0.059 0.304 2.03363e-06
0.059 0.353 1.48503e-06
0.059 0.402 1.46616e-06
0.059 0.451 1.45192e-06
0.059 0.5 7.81474e-07
0.059 0.549 2.63887e-07
0.059 0.598 3.96359e-07
0.059 0.647 6.21589e-07
0.059 0.696 4.95607e-07
0.059 0.745 6.99558e-07
0.059 0.794 1.2086e-06
0.059 0.843 9.11882e-07
0.059 0.892 3.78672e-07
0.059 0.941 6.38987e-07
0.059 0.99 1.2016e-06
0.108 0.01 0.000987354
0.108 0.059 0.000671243
0.108 0.108 0.000381124
0.108 0.157 0.000280322
0.108 0.206 0.000222007
0.108 0.255 0.000176838
0.108 0.304 0.000140954
0.108 0.353 0.00010293
0.108 0.402 0.000101622
0.108 0.451 0.000100635
0.108 0.5 5.41651e-05
0.108 0.549 1.82904e-05
0.108 0.598 2.74722e-05
0.108 0.647 4.30832e-05
0.108 0.696 3.43512e-05
0.108 0.745 4.84874e-05
0.108 0.794 8.377e-05
0.108 0.843 6.32039e-05
0.108 0.892 2.62463e-05
0.108 0.941 4.42891e-05
0.108 0.99 8.32846e-05
0.157 0.01 0.0262176
0.157 0.059 0.0178238
0.157 0.108 0.0101201
0.157 0.157 0.00744349
0.157 0.206 0.00589504
0.157 0.255 0.00469564
0.157 0.304 0.0037428
0.157 0.353 0.00273313
0.157 0.402 0.0026984
0.157 0.451 0.00267218
0.157 0.5 0.00143827
0.157 0.549 0.00048567
0.157 0.598 0.00072948
0.157 0.647 0.001144
0.157 0.696 0.00091214
0.157 0.745 0.0012875
0.157 0.794 0.00222438
0.157 0.843 0.00167827
0.157 0.892 0.000696928
0.157 0.941 0.00117602
0.157 0.99 0.00221149
0.206 0.01 0.268132
0.206 0.059 0.182287
0.206 0.108 0.1035
0.206 0.157 0.076126
0.206 0.206 0.0602897
0.206 0.255 0.0480233
0.206 0.304 0.0382784
0.206 0.353 0.0279523
0.206 0.402 0.027597
0.206 0.451 0.027329
0.206 0.5 0.0147094
0.206 0.549 0.00496705
0.206 0.598 0.00746053
0.206 0.647 0.0117
0.206 0.696 0.00932864
0.206 0.745 0.0131675
0.206 0.794 0.0227491
0.206 0.843 0.017164
0.206 0.892 0.00712762
0.206 0.941 0.0120274
0.206 0.99 0.0226173
0.255 0.01 1.09456
0.255 0.059 0.744123
0.255 0.108 0.422504
0.255 0.157 0.310758
0.255 0.206 0.246111
0.255 0.255 0.196038
0.255 0.304 0.156258
0.255 0.353 0.114105
0.255 0.402 0.112655
0.255 0.451 0.111561
0.255 0.5 0.060046
0.255 0.549 0.0202762
0.255 0.598 0.030455
0.255 0.647 0.0477609
0.255 0.696 0.0380809
0.255 0.745 0.0537519
0.255 0.794 0.0928653
0.255 0.843 0.0700661
0.255 0.892 0.029096
0.255 0.941 0.0490978
0.255 0.99 0.0923271
0.304 0.01 2.2063
0.304 0.059 1.49993
0.304 0.108 0.851645
0.304 0.157 0.626397
0.304 0.206 0.496089
0.304 0.255 0.395156
0.304 0.304 0.314971
0.304 0.353 0.230003
0.304 0.402 0.22708
0.304 0.451 0.224874
0.304 0.5 0.121035
0.304 0.549 0.0408709
0.304 0.598 0.0613884
0.304 0.647 0.0962721
0.304 0.696 0.0767599
0.304 0.745 0.108348
0.304 0.794 0.187189
0.304 0.843 0.141233
0.304 0.892 0.058649
0.304 0.941 0.0989668
0.304 0.99 0.186105
0.353 0.01 4.1793
0.353 0.059 2.84126
0.353 0.108 1.61323
0.353 0.157 1.18656
0.353 0.206 0.939719
0.353 0.255 0.748525
0.353 0.304 0.596635
0.353 0.353 0.435684
0.353 0.402 0.430148
0.353 0.451 0.425969
0.353 0.5 0.229272
0.353 0.549 0.07742
0.353 0.598 0.116285
0.353 0.647 0.182364
0.353 0.696 0.145403
0.353 0.745 0.205239
0.353 0.794 0.354584
0.353 0.843 0.267531
0.353 0.892 0.111096
0.353 0.941 0.187468
0.353 0.99 0.35253
0.402 0.01 9.06844
0.402 0.059 6.16509
0.402 0.108 3.50046
0.402 0.157 2.57464
0.402 0.206 2.03904
0.402 0.255 1.62418
0.402 0.304 1.2946
0.402 0.353 0.945367
0.402 0.402 0.933353
0.402 0.451 0.924286
0.402 0.5 0.497484
0.402 0.549 0.167989
0.402 0.598 0.252321
0.402 0.647 0.395701
0.402 0.696 0.315501
0.402 0.745 0.445336
0.402 0.794 0.769393
0.402 0.843 0.580501
0.402 0.892 0.241061
0.402 0.941 0.406777
0.402 0.99 0.764934
0.451 0.01 14.9235
0.451 0.059 10.1456
0.451 0.108 5.76055
0.451 0.157 4.23697
0.451 0.206 3.35556
0.451 0.255 2.67285
0.451 0.304 2.13047
0.451 0.353 1.55575
0.451 0.402 1.53598
0.451 0.451 1.52106
0.451 0.5 0.818687
0.451 0.549 0.276452
0.451 0.598 0.415233
0.451 0.647 0.651188
0.451 0.696 0.519206
0.451 0.745 0.73287
0.451 0.794 1.26615
0.451 0.843 0.955304
0.451 0.892 0.396704
0.451 0.941 0.669414
0.451 0.99 1.25882
0.5 0.01 15.9367
0.5 0.059 10.8344
0.5 0.108 6.15165
0.5 0.157 4.52463
0.5 0.206 3.58338
0.5 0.255 2.85431
0.5 0.304 2.27511
0.5 0.353 1.66137
0.5 0.402 1.64026
0.5 0.451 1.62432
0.5 0.5 0.874269
0.5 0.549 0.295221
0.5 0.598 0.443424
0.5 0.647 0.695398
0.5 0.696 0.554457
0.5 0.745 0.782626
0.5 0.794 1.35212
0.5 0.843 1.02016
0.5 0.892 0.423637
0.5 0.941 0.714862
0.5 0.99 1.34428
0.549 0.01 12.0784
0.549 0.059 8.21137
0.549 0.108 4.66232
0.549 0.157 3.4292
0.549 0.206 2.71583
0.549 0.255 2.16327
0.549 0.304 1.7243
0.549 0.353 1.25915
0.549 0.402 1.24315
0.549 0.451 1.23107
0.549 0.5 0.662606
0.549 0.549 0.223747
0.549 0.598 0.33607
0.549 0.647 0.52704
0.549 0.696 0.420221
0.549 0.745 0.59315
0.549 0.794 1.02477
0.549 0.843 0.773177
0.549 0.892 0.321073
0.549 0.941 0.541792
0.549 0.99 1.01883
0.598 0.01 8.73878
0.598 0.059 5.94097
0.598 0.108 3.37321
0.598 0.157 2.48105
0.598 0.206 1.96492
0.598 0.255 1.56514
0.598 0.304 1.24754
0.598 0.353 0.911001
0.598 0.402 0.899424
0.598 0.451 0.890686
0.598 0.5 0.479399
0.598 0.549 0.161883
0.598 0.598 0.243148
0.598 0.647 0.381317
0.598 0.696 0.304032
0.598 0.745 0.429147
0.598 0.794 0.741424
0.598 0.843 0.559398
0.598 0.892 0.232298
0.598 0.941 0.39199
0.598 0.99 0.737127
0.647 0.01 7.91043
0.647 0.059 5.37783
0.647 0.108 3.05347
0.647 0.157 2.24587
0.647 0.206 1.77867
0.647 0.255 1.41678
0.647 0.304 1.12929
0.647 0.353 0.824647
0.647 0.402 0.814168
0.647 0.451 0.806258
0.647 0.5 0.433957
0.647 0.549 0.146538
0.647 0.598 0.2201
0.647 0.647 0.345172
0.647 0.696 0.275213
0.647 0.745 0.388469
0.647 0.794 0.671144
0.647 0.843 0.506373
0.647 0.892 0.210279
0.647 0.941 0.354833
0.647 0.99 0.667255
0.696 0.01 9.90791
0.696 0.059 6.73579
0.696 0.108 3.8245
0.696 0.157 2.81298
0.696 0.206 2.2278
0.696 0.255 1.77454
0.696 0.304 1.41445
0.696 0.353 1.03288
0.696 0.402 1.01975
0.696 0.451 1.00985
0.696 0.5 0.543536
0.696 0.549 0.18354
0.696 0.598 0.275678
0.696 0.647 0.432332
0.696 0.696 0.344708
0.696 0.745 0.486562
0.696 0.794 0.840616
0.696 0.843 0.634238
0.696 0.892 0.263377
0.696 0.941 0.444433
0.696 0.99 0.835745
0.745 0.01 13.1362
0.745 0.059 8.93049
0.745 0.108 5.07062
0.745 0.157 3.72952
0.745 0.206 2.95367
0.745 0.255 2.35272
0.745 0.304 1.87531
0.745 0.353 1.36942
0.745 0.402 1.35202
0.745 0.451 1.33888
0.745 0.5 0.720634
0.745 0.549 0.243342
0.745 0.598 0.365501
0.745 0.647 0.573196
0.745 0.696 0.457022
0.745 0.745 0.645096
0.745 0.794 1.11451
0.745 0.843 0.840889
0.745 0.892 0.349192
0.745 0.941 0.58924
0.745 0.99 1.10805
0.794 0.01 11.848
0.794 0.059 8.05471
0.794 0.108 4.57337
0.794 0.157 3.36378
0.794 0.206 2.66402
0.794 0.255 2.122
0.794 0.304 1.69141
0.794 0.353 1.23513
0.794 0.402 1.21943
0.794 0.451 1.20758
0.794 0.5 0.649965
0.794 0.549 0.219479
0.794 0.598 0.329658
0.794 0.647 0.516985
0.794 0.696 0.412204
0.794 0.745 0.581834
0.794 0.794 1.00521
0.794 0.843 0.758427
0.794 0.892 0.314948
0.794 0.941 0.531456
0.794 0.99 0.99939
0.843 0.01 5.60543
0.843 0.059 3.8108
0.843 0.108 2.16372
0.843 0.157 1.59145
0.843 0.206 1.26038
0.843 0.255 1.00395
0.843 0.304 0.800227
0.843 0.353 0.584355
0.843 0.402 0.576929
0.843 0.451 0.571324
0.843 0.5 0.307507
0.843 0.549 0.103838
0.843 0.598 0.155966
0.843 0.647 0.244593
0.843 0.696 0.195019
0.843 0.745 0.275274
0.843 0.794 0.475581
0.843 0.843 0.358822
0.843 0.892 0.149006
0.843 0.941 0.251439
0.843 0.99 0.472825
0.892 0.01 1.54313
0.892 0.059 1.04908
0.892 0.108 0.595656
0.892 0.157 0.438114
0.892 0.206 0.346974
0.892 0.255 0.276379
0.892 0.304 0.220296
0.892 0.353 0.160868
0.892 0.402 0.158824
0.892 0.451 0.157281
0.892 0.5 0.0846543
0.892 0.549 0.0285859
0.892 0.598 0.0429362
0.892 0.647 0.0673345
0.892 0.696 0.0536873
0.892 0.745 0.0757807
0.892 0.794 0.130924
0.892 0.843 0.0987809
0.892 0.892 0.0410202
0.892 0.941 0.0692192
0.892 0.99 0.130165
0.941 0.01 1.66007
0.941 0.059 1.12858
0.941 0.108 0.640796
0.941 0.157 0.471315
0.941 0.206 0.373268
0.941 0.255 0.297324
0.941 0.304 0.236991
0.941 0.353 0.173059
0.941 0.402 0.17086
0.941 0.451 0.1692
0.941 0.5 0.0910696
0.941 0.549 0.0307522
0.941 0.598 0.04619
0.941 0.647 0.0724373
0.941 0.696 0.0577559
0.941 0.745 0.0815235
0.941 0.794 0.140845
0.941 0.843 0.106267
0.941 0.892 0.0441288
0.941 0.941 0.0744648
0.941 0.99 0.140029
0.99 0.01 3.02794
0.99 0.059 2.05851
0.99 0.108 1.1688
0.99 0.157 0.859669
0.99 0.206 0.680834
0.99 0.255 0.542313
0.99 0.304 0.432267
0.99 0.353 0.315657
0.99 0.402 0.311645
0.99 0.451 0.308618
0.99 0.5 0.166109
0.99 0.549 0.0560914
0.99 0.598 0.0842496
0.99 0.647 0.132124
0.99 0.696 0.105346
0.99 0.745 0.148697
0.99 0.794 0.256899
0.99 0.843 0.193829
0.99 0.892 0.0804901
0.99 0.941 0.135822
0.99 0.99 0.255411
