0.01 0.01 0.112479
0.01 0.059 0.0726372
0.01 0.108 0.0362291
0.01 0.157 0.0278542
0.01 0.206 0.0219145
0.01 0.255 0.0217111
0.01 0.304 0.0347972
0.01 0.353 0.0425891
0.01 0.402 0.0431057
0.01 0.451 0.0432296
0.01 0.5 0.0474593
0.01 0.549 0.0480885
0.01 0.598 0.0444116
0.01 0.647 0.0392543
0.01 0.696 0.0268399
0.01 0.745 0.0119818
0.01 0.794 0.0121366
0.01 0.843 0.0230733
0.01 0.892 0.0347399
0.01 0.941 0.0565855
0.01 0.99 0.0839008
0.059 0.01 0.750067
0.059 0.059 0.484379
0.059 0.108 0.241593
0.059 0.157 0.185745
0.059 0.206 0.146136
0.059 0.255 0.14478
0.059 0.304 0.232045
0.059 0.353 0.284004
0.059 0.402 0.287449
0.059 0.451 0.288276
0.059 0.5 0.316481
0.059 0.549 0.320677
0.059 0.598 0.296158
0.059 0.647 0.261766
0.059 0.696 0.178981
0.059 0.745 0.0799004
0.059 0.794 0.0809325
0.059 0.843 0.153864
0.059 0.892 0.231662
0.059 0.941 0.377339
0.059 0.99 0.55949
0.108 0.01 2.72272
0.108 0.059 1.75828
0.108 0.108 0.876976
0.108 0.157 0.674249
0.108 0.206 0.530471
0.108 0.255 0.525547
0.108 0.304 0.842316
0.108 0.353 1.03093
0.108 0.402 1.04343
0.108 0.451 1.04643
0.108 0.5 1.14882
0.108 0.549 1.16405
0.108 0.598 1.07505
0.108 0.647 0.950204
0.108 0.696 0.649696
0.108 0.745 0.290036
0.108 0.794 0.293783
0.108 0.843 0.55852
0.108 0.892 0.840926
0.108 0.941 1.36973
0.108 0.99 2.03093
0.157 0.01 4.19831
0.157 0.059 2.71119
0.157 0.108 1.35226
0.157 0.157 1.03966
0.157 0.206 0.817963
0.157 0.255 0.810369
0.157 0.304 1.29881
0.157 0.353 1.58965
0.157 0.402 1.60893
0.157 0.451 1.61355
0.157 0.5 1.77143
0.157 0.549 1.79491
0.157 0.598 1.65767
0.157 0.647 1.46517
0.157 0.696 1.0018
0.157 0.745 0.447223
0.157 0.794 0.453
0.157 0.843 0.861213
0.157 0.892 1.29667
0.157 0.941 2.11206
0.157 0.99 3.13161
0.206 0.01 3.0773
0.206 0.059 1.98726
0.206 0.108 0.991184
0.206 0.157 0.762056
0.206 0.206 0.599554
0.206 0.255 0.593988
0.206 0.304 0.95201
0.206 0.353 1.16519
0.206 0.402 1.17932
0.206 0.451 1.18271
0.206 0.5 1.29843
0.206 0.549 1.31564
0.206 0.598 1.21505
0.206 0.647 1.07395
0.206 0.696 0.734306
0.206 0.745 0.327808
0.206 0.794 0.332042
0.206 0.843 0.631256
0.206 0.892 0.95044
0.206 0.941 1.54811
0.206 0.99 2.29542
0.255 0.01 1.90114
0.255 0.059 1.22772
0.255 0.108 0.612349
0.255 0.157 0.470795
0.255 0.206 0.370402
0.255 0.255 0.366963
0.255 0.304 0.588148
0.255 0.353 0.719847
0.255 0.402 0.728578
0.255 0.451 0.730673
0.255 0.5 0.802164
0.255 0.549 0.812799
0.255 0.598 0.750651
0.255 0.647 0.66348
0.255 0.696 0.453651
0.255 0.745 0.202518
0.255 0.794 0.205134
0.255 0.843 0.389987
0.255 0.892 0.587178
0.255 0.941 0.956415
0.255 0.99 1.4181
0.304 0.01 1.84419
0.304 0.059 1.19094
0.304 0.108 0.594005
0.304 0.157 0.456691
0.304 0.206 0.359305
0.304 0.255 0.35597
0.304 0.304 0.570528
0.304 0.353 0.698282
0.304 0.402 0.706752
0.304 0.451 0.708784
0.304 0.5 0.778133
0.304 0.549 0.788449
0.304 0.598 0.728163
0.304 0.647 0.643604
0.304 0.696 0.440061
0.304 0.745 0.196451
0.304 0.794 0.198989
0.304 0.843 0.378304
0.304 0.892 0.569587
0.304 0.941 0.927763
0.304 0.99 1.37562
0.353 0.01 1.46929
0.353 0.059 0.948838
0.353 0.108 0.47325
0.353 0.157 0.363851
0.353 0.206 0.286263
0.353 0.255 0.283605
0.353 0.304 0.454546
0.353 0.353 0.556329
0.353 0.402 0.563077
0.353 0.451 0.564696
0.353 0.5 0.619947
0.353 0.549 0.628166
0.353 0.598 0.580136
0.353 0.647 0.512767
0.353 0.696 0.350601
0.353 0.745 0.156515
0.353 0.794 0.158537
0.353 0.843 0.301399
0.353 0.892 0.453796
0.353 0.941 0.739159
0.353 0.99 1.09597
0.402 0.01 0.996402
0.402 0.059 0.643458
0.402 0.108 0.320937
0.402 0.157 0.246747
0.402 0.206 0.19413
0.402 0.255 0.192328
0.402 0.304 0.308252
0.402 0.353 0.377277
0.402 0.402 0.381853
0.402 0.451 0.382951
0.402 0.5 0.42042
0.402 0.549 0.425993
0.402 0.598 0.393421
0.402 0.647 0.347735
0.402 0.696 0.237762
0.402 0.745 0.106141
0.402 0.794 0.107512
0.402 0.843 0.204395
0.402 0.892 0.307744
0.402 0.941 0.501264
0.402 0.99 0.743237
0.451 0.01 1.40926
0.451 0.059 0.910077
0.451 0.108 0.453918
0.451 0.157 0.348987
0.451 0.206 0.274569
0.451 0.255 0.27202
0.451 0.304 0.435977
0.451 0.353 0.533602
0.451 0.402 0.540075
0.451 0.451 0.541628
0.451 0.5 0.594622
0.451 0.549 0.602505
0.451 0.598 0.556437
0.451 0.647 0.49182
0.451 0.696 0.336279
0.451 0.745 0.150121
0.451 0.794 0.15206
0.451 0.843 0.289087
0.451 0.892 0.435258
0.451 0.941 0.708964
0.451 0.99 1.0512
0.5 0.01 1.85975
0.5 0.059 1.20099
0.5 0.108 0.599017
0.5 0.157 0.460544
0.5 0.206 0.362337
0.5 0.255 0.358974
0.5 0.304 0.575342
0.5 0.353 0.704174
0.5 0.402 0.712715
0.5 0.451 0.714764
0.5 0.5 0.784699
0.5 0.549 0.795102
0.5 0.598 0.734307
0.5 0.647 0.649035
0.5 0.696 0.443774
0.5 0.745 0.198109
0.5 0.794 0.200668
0.5 0.843 0.381496
0.5 0.892 0.574393
0.5 0.941 0.935591
0.5 0.99 1.38723
0.549 0.01 1.41691
0.549 0.059 0.915013
0.549 0.108 0.456379
0.549 0.157 0.35088
0.549 0.206 0.276058
0.549 0.255 0.273495
0.549 0.304 0.438342
0.549 0.353 0.536496
0.549 0.402 0.543004
0.549 0.451 0.544565
0.549 0.5 0.597847
0.549 0.549 0.605773
0.549 0.598 0.559455
0.549 0.647 0.494487
0.549 0.696 0.338103
0.549 0.745 0.150935
0.549 0.794 0.152885
0.549 0.843 0.290655
0.549 0.892 0.437619
0.549 0.941 0.712809
0.549 0.99 1.0569
0.598 0.01 1.08851
0.598 0.059 0.702942
0.598 0.108 0.350605
0.598 0.157 0.269557
0.598 0.206 0.212076
0.598 0.255 0.210108
0.598 0.304 0.336748
0.598 0.353 0.412154
0.598 0.402 0.417153
0.598 0.451 0.418352
0.598 0.5 0.459285
0.598 0.549 0.465374
0.598 0.598 0.429791
0.598 0.647 0.379881
0.598 0.696 0.259741
0.598 0.745 0.115953
0.598 0.794 0.117451
0.598 0.843 0.22329
0.598 0.892 0.336193
0.598 0.941 0.547603
0.598 0.99 0.811944
0.647 0.01 1.64523
0.647 0.059 1.06246
0.647 0.108 0.529921
0.647 0.157 0.407421
0.647 0.206 0.320542
0.647 0.255 0.317566
0.647 0.304 0.508977
0.647 0.353 0.622948
0.647 0.402 0.630504
0.647 0.451 0.632317
0.647 0.5 0.694185
0.647 0.549 0.703388
0.647 0.598 0.649606
0.647 0.647 0.574169
0.647 0.696 0.392585
0.647 0.745 0.175257
0.647 0.794 0.177521
0.647 0.843 0.337491
0.647 0.892 0.508138
0.647 0.941 0.827672
0.647 0.99 1.22721
0.696 0.01 2.01491
0.696 0.059 1.30119
0.696 0.108 0.648993
0.696 0.157 0.498967
0.696 0.206 0.392567
0.696 0.255 0.388923
0.696 0.304 0.623343
0.696 0.353 0.762923
0.696 0.402 0.772177
0.696 0.451 0.774397
0.696 0.5 0.850166
0.696 0.549 0.861437
0.696 0.598 0.795571
0.696 0.647 0.703184
0.696 0.696 0.480798
0.696 0.745 0.214637
0.696 0.794 0.217409
0.696 0.843 0.413324
0.696 0.892 0.622315
0.696 0.941 1.01365
0.696 0.99 1.50296
0.745 0.01 2.21765
0.745 0.059 1.43212
0.745 0.108 0.714296
0.745 0.157 0.549174
0.745 0.206 0.432068
0.745 0.255 0.428057
0.745 0.304 0.686065
0.745 0.353 0.839689
0.745 0.402 0.849875
0.745 0.451 0.852318
0.745 0.5 0.935711
0.745 0.549 0.948117
0.745 0.598 0.875623
0.745 0.647 0.773939
0.745 0.696 0.529177
0.745 0.745 0.236234
0.745 0.794 0.239286
0.745 0.843 0.454914
0.745 0.892 0.684933
0.745 0.941 1.11564
0.745 0.99 1.65419
0.794 0.01 3.70463
0.794 0.059 2.39238
0.794 0.108 1.19324
0.794 0.157 0.917406
0.794 0.206 0.721778
0.794 0.255 0.715077
0.794 0.304 1.14608
0.794 0.353 1.40272
0.794 0.402 1.41973
0.794 0.451 1.42381
0.794 0.5 1.56312
0.794 0.549 1.58385
0.794 0.598 1.46274
0.794 0.647 1.29288
0.794 0.696 0.884
0.794 0.745 0.394634
0.794 0.794 0.399731
0.794 0.843 0.759942
0.794 0.892 1.14419
0.794 0.941 1.8637
0.794 0.99 2.76336
0.843 0.01 5.08244
0.843 0.059 3.28215
0.843 0.108 1.63703
0.843 0.157 1.2586
0.843 0.206 0.990218
0.843 0.255 0.981026
0.843 0.304 1.57233
0.843 0.353 1.92441
0.843 0.402 1.94775
0.843 0.451 1.95335
0.843 0.5 2.14447
0.843 0.549 2.17291
0.843 0.598 2.00676
0.843 0.647 1.77372
0.843 0.696 1.21277
0.843 0.745 0.541404
0.843 0.794 0.548398
0.843 0.843 1.04258
0.843 0.892 1.56974
0.843 0.941 2.55684
0.843 0.99 3.7911
0.892 0.01 5.5731
0.892 0.059 3.59901
0.892 0.108 1.79507
0.892 0.157 1.38011
0.892 0.206 1.08581
0.892 0.255 1.07573
0.892 0.304 1.72412
0.892 0.353 2.11019
0.892 0.402 2.13579
0.892 0.451 2.14193
0.892 0.5 2.3515
0.892 0.549 2.38268
0.892 0.598 2.2005
0.892 0.647 1.94496
0.892 0.696 1.32985
0.892 0.745 0.593672
0.892 0.794 0.60134
0.892 0.843 1.14323
0.892 0.892 1.72128
0.892 0.941 2.80368
0.892 0.99 4.15709
0.941 0.01 7.27368
0.941 0.059 4.69721
0.941 0.108 2.34282
0.941 0.157 1.80124
0.941 0.206 1.41714
0.941 0.255 1.40398
0.941 0.304 2.25022
0.941 0.353 2.7541
0.941 0.402 2.78751
0.941 0.451 2.79552
0.941 0.5 3.06904
0.941 0.549 3.10973
0.941 0.598 2.87195
0.941 0.647 2.53844
0.941 0.696 1.73565
0.941 0.745 0.774825
0.941 0.794 0.784833
0.941 0.843 1.49207
0.941 0.892 2.24651
0.941 0.941 3.6592
0.941 0.99 5.42559
0.99 0.01 9.24593
0.99 0.059 5.97085
0.99 0.108 2.97807
0.99 0.157 2.28964
0.99 0.206 1.8014
0.99 0.255 1.78467
0.99 0.304 2.86037
0.99 0.353 3.50087
0.99 0.402 3.54333
0.99 0.451 3.55352
0.99 0.5 3.90121
0.99 0.549 3.95293
0.99 0.598 3.65068
0.99 0.647 3.22674
0.99 0.696 2.20627
0.99 0.745 0.984917
0.99 0.794 0.997639
0.99 0.843 1.89665
0.99 0.892 2.85565
0.99 0.941 4.65138
0.99 0.99 6.89673
