0.01 0.01 0.698316
0.01 0.059 0.507802
0.01 0.108 0.366801
0.01 0.157 0.386878
0.01 0.206 0.425097
0.01 0.255 0.356834
0.01 0.304 0.241115
0.01 0.353 0.150899
0.01 0.402 0.124336
0.01 0.451 0.134484
0.01 0.5 0.0944812
0.01 0.549 0.0341493
0.01 0.598 0.0292931
0.01 0.647 0.0540541
0.01 0.696 0.0575073
0.01 0.745 0.0804785
0.01 0.794 0.109456
0.01 0.843 0.0716134
0.01 0.892 0.0714107
0.01 0.941 0.221668
0.01 0.99 0.387043
0.059 0.01 0.910021
0.059 0.059 0.66175
0.059 0.108 0.478001
0.059 0.157 0.504165
0.059 0.206 0.55397
0.059 0.255 0.465014
0.059 0.304 0.314213
0.059 0.353 0.196646
0.059 0.402 0.162031
0.059 0.451 0.175254
0.059 0.5 0.123124
0.059 0.549 0.0445022
0.059 0.598 0.0381738
0.059 0.647 0.0704413
0.059 0.696 0.0749414
0.059 0.745 0.104877
0.059 0.794 0.14264
0.059 0.843 0.093324
0.059 0.892 0.0930599
0.059 0.941 0.288869
0.059 0.99 0.504381
0.108 0.01 0.924003
0.108 0.059 0.671917
0.108 0.108 0.485346
0.108 0.157 0.511912
0.108 0.206 0.562482
0.108 0.255 0.472158
0.108 0.304 0.319041
0.108 0.353 0.199667
0.108 0.402 0.16452
0.108 0.451 0.177947
0.108 0.5 0.125016
0.108 0.549 0.045186
0.108 0.598 0.0387603
0.108 0.647 0.0715237
0.108 0.696 0.0760929
0.108 0.745 0.106488
0.108 0.794 0.144831
0.108 0.843 0.0947579
0.108 0.892 0.0944897
0.108 0.941 0.293308
0.108 0.99 0.51213
0.157 0.01 1.33637
0.157 0.059 0.971784
0.157 0.108 0.701948
0.157 0.157 0.74037
0.157 0.206 0.813509
0.157 0.255 0.682876
0.157 0.304 0.461424
0.157 0.353 0.288776
0.157 0.402 0.237943
0.157 0.451 0.257362
0.157 0.5 0.180809
0.157 0.549 0.0653518
0.157 0.598 0.0560584
0.157 0.647 0.103444
0.157 0.696 0.110052
0.157 0.745 0.154012
0.157 0.794 0.209467
0.157 0.843 0.137047
0.157 0.892 0.136659
0.157 0.941 0.424206
0.157 0.99 0.740686
0.206 0.01 1.77112
0.206 0.059 1.28792
0.206 0.108 0.930304
0.206 0.157 0.981225
0.206 0.206 1.07816
0.206 0.255 0.905026
0.206 0.304 0.611533
0.206 0.353 0.382719
0.206 0.402 0.31535
0.206 0.451 0.341086
0.206 0.5 0.239629
0.206 0.549 0.0866118
0.206 0.598 0.0742952
0.206 0.647 0.137095
0.206 0.696 0.145854
0.206 0.745 0.204115
0.206 0.794 0.27761
0.206 0.843 0.18163
0.206 0.892 0.181117
0.206 0.941 0.562208
0.206 0.99 0.981644
0.255 0.01 1.40002
0.255 0.059 1.01807
0.255 0.108 0.73538
0.255 0.157 0.775631
0.255 0.206 0.852254
0.255 0.255 0.715399
0.255 0.304 0.4834
0.255 0.353 0.302529
0.255 0.402 0.249276
0.255 0.451 0.269619
0.255 0.5 0.18942
0.255 0.549 0.0684643
0.255 0.598 0.0587283
0.255 0.647 0.10837
0.255 0.696 0.115293
0.255 0.745 0.161347
0.255 0.794 0.219443
0.255 0.843 0.143574
0.255 0.892 0.143168
0.255 0.941 0.44441
0.255 0.99 0.775963
0.304 0.01 2.3141
0.304 0.059 1.68277
0.304 0.108 1.21551
0.304 0.157 1.28205
0.304 0.206 1.4087
0.304 0.255 1.18249
0.304 0.304 0.799015
0.304 0.353 0.500052
0.304 0.402 0.412029
0.304 0.451 0.445655
0.304 0.5 0.313094
0.304 0.549 0.113165
0.304 0.598 0.0970724
0.304 0.647 0.179126
0.304 0.696 0.190569
0.304 0.745 0.266692
0.304 0.794 0.362719
0.304 0.843 0.237314
0.304 0.892 0.236643
0.304 0.941 0.734568
0.304 0.99 1.28259
0.353 0.01 5.37783
0.353 0.059 3.91065
0.353 0.108 2.82478
0.353 0.157 2.9794
0.353 0.206 3.27372
0.353 0.255 2.74803
0.353 0.304 1.85686
0.353 0.353 1.16209
0.353 0.402 0.957531
0.353 0.451 1.03568
0.353 0.5 0.727612
0.353 0.549 0.262989
0.353 0.598 0.22559
0.353 0.647 0.416278
0.353 0.696 0.442871
0.353 0.745 0.619775
0.353 0.794 0.842938
0.353 0.843 0.551504
0.353 0.892 0.549943
0.353 0.941 1.70709
0.353 0.99 2.98067
0.402 0.01 7.97796
0.402 0.059 5.80142
0.402 0.108 4.19054
0.402 0.157 4.41991
0.402 0.206 4.85654
0.402 0.255 4.07668
0.402 0.304 2.75464
0.402 0.353 1.72395
0.402 0.402 1.42049
0.402 0.451 1.53642
0.402 0.5 1.07941
0.402 0.549 0.390141
0.402 0.598 0.334661
0.402 0.647 0.617544
0.402 0.696 0.656996
0.402 0.745 0.919431
0.402 0.794 1.25049
0.402 0.843 0.818152
0.402 0.892 0.815837
0.402 0.941 2.53246
0.402 0.99 4.4218
0.451 0.01 8.42725
0.451 0.059 6.12814
0.451 0.108 4.42654
0.451 0.157 4.66882
0.451 0.206 5.13005
0.451 0.255 4.30626
0.451 0.304 2.90977
0.451 0.353 1.82104
0.451 0.402 1.50049
0.451 0.451 1.62294
0.451 0.5 1.14019
0.451 0.549 0.412113
0.451 0.598 0.353508
0.451 0.647 0.652322
0.451 0.696 0.693996
0.451 0.745 0.971211
0.451 0.794 1.32091
0.451 0.843 0.864227
0.451 0.892 0.861782
0.451 0.941 2.67508
0.451 0.99 4.67082
0.5 0.01 8.2292
0.5 0.059 5.98412
0.5 0.108 4.32251
0.5 0.157 4.5591
0.5 0.206 5.00948
0.5 0.255 4.20506
0.5 0.304 2.84139
0.5 0.353 1.77824
0.5 0.402 1.46522
0.5 0.451 1.5848
0.5 0.5 1.1134
0.5 0.549 0.402428
0.5 0.598 0.345201
0.5 0.647 0.636992
0.5 0.696 0.677686
0.5 0.745 0.948386
0.5 0.794 1.28987
0.5 0.843 0.843917
0.5 0.892 0.841529
0.5 0.941 2.61221
0.5 0.99 4.56105
0.549 0.01 7.37669
0.549 0.059 5.36419
0.549 0.108 3.87471
0.549 0.157 4.0868
0.549 0.206 4.49052
0.549 0.255 3.76943
0.549 0.304 2.54703
0.549 0.353 1.59402
0.549 0.402 1.31343
0.549 0.451 1.42062
0.549 0.5 0.998055
0.549 0.549 0.360738
0.549 0.598 0.309439
0.549 0.647 0.571002
0.549 0.696 0.60748
0.549 0.745 0.850137
0.549 0.794 1.15625
0.549 0.843 0.75649
0.549 0.892 0.75435
0.549 0.941 2.34159
0.549 0.99 4.08854
0.598 0.01 5.13704
0.598 0.059 3.73556
0.598 0.108 2.69831
0.598 0.157 2.846
0.598 0.206 3.12715
0.598 0.255 2.62499
0.598 0.304 1.77372
0.598 0.353 1.11006
0.598 0.402 0.914659
0.598 0.451 0.989305
0.598 0.5 0.695034
0.598 0.549 0.251214
0.598 0.598 0.21549
0.598 0.647 0.39764
0.598 0.696 0.423042
0.598 0.745 0.592026
0.598 0.794 0.805197
0.598 0.843 0.526811
0.598 0.892 0.525321
0.598 0.941 1.63066
0.598 0.99 2.84722
0.647 0.01 3.23323
0.647 0.059 2.35114
0.647 0.108 1.6983
0.647 0.157 1.79126
0.647 0.206 1.96821
0.647 0.255 1.65216
0.647 0.304 1.11637
0.647 0.353 0.698667
0.647 0.402 0.575682
0.647 0.451 0.622664
0.647 0.5 0.437452
0.647 0.549 0.158113
0.647 0.598 0.135628
0.647 0.647 0.250273
0.647 0.696 0.266261
0.647 0.745 0.372618
0.647 0.794 0.506787
0.647 0.843 0.331573
0.647 0.892 0.330635
0.647 0.941 1.02633
0.647 0.99 1.79202
0.696 0.01 2.49578
0.696 0.059 1.81489
0.696 0.108 1.31095
0.696 0.157 1.3827
0.696 0.206 1.51929
0.696 0.255 1.27533
0.696 0.304 0.861747
0.696 0.353 0.539312
0.696 0.402 0.444378
0.696 0.451 0.480644
0.696 0.5 0.337676
0.696 0.549 0.12205
0.696 0.598 0.104694
0.696 0.647 0.193189
0.696 0.696 0.205531
0.696 0.745 0.28763
0.696 0.794 0.391197
0.696 0.843 0.255946
0.696 0.892 0.255222
0.696 0.941 0.79224
0.696 0.99 1.38329
0.745 0.01 1.4537
0.745 0.059 1.05711
0.745 0.108 0.763579
0.745 0.157 0.805374
0.745 0.206 0.884935
0.745 0.255 0.742832
0.745 0.304 0.501937
0.745 0.353 0.31413
0.745 0.402 0.258834
0.745 0.451 0.279958
0.745 0.5 0.196684
0.745 0.549 0.0710896
0.745 0.598 0.0609803
0.745 0.647 0.112526
0.745 0.696 0.119714
0.745 0.745 0.167534
0.745 0.794 0.227858
0.745 0.843 0.149079
0.745 0.892 0.148658
0.745 0.941 0.461452
0.745 0.99 0.805718
0.794 0.01 0.483387
0.794 0.059 0.351509
0.794 0.108 0.253906
0.794 0.157 0.267803
0.794 0.206 0.294259
0.794 0.255 0.247007
0.794 0.304 0.166904
0.794 0.353 0.104455
0.794 0.402 0.0860678
0.794 0.451 0.0930918
0.794 0.5 0.0654015
0.794 0.549 0.0236388
0.794 0.598 0.0202772
0.794 0.647 0.0374172
0.794 0.696 0.0398075
0.794 0.745 0.0557086
0.794 0.794 0.0757676
0.794 0.843 0.049572
0.794 0.892 0.0494317
0.794 0.941 0.153442
0.794 0.99 0.267918
0.843 0.01 0.587351
0.843 0.059 0.427111
0.843 0.108 0.308515
0.843 0.157 0.325401
0.843 0.206 0.357547
0.843 0.255 0.300132
0.843 0.304 0.202801
0.843 0.353 0.12692
0.843 0.402 0.104579
0.843 0.451 0.113114
0.843 0.5 0.0794677
0.843 0.549 0.0287229
0.843 0.598 0.0246384
0.843 0.647 0.0454647
0.843 0.696 0.0483692
0.843 0.745 0.0676901
0.843 0.794 0.0920633
0.843 0.843 0.0602337
0.843 0.892 0.0600633
0.843 0.941 0.186444
0.843 0.99 0.32554
0.892 0.01 1.65971
0.892 0.059 1.20691
0.892 0.108 0.871788
0.892 0.157 0.919506
0.892 0.206 1.01034
0.892 0.255 0.848101
0.892 0.304 0.573068
0.892 0.353 0.358646
0.892 0.402 0.295515
0.892 0.451 0.319632
0.892 0.5 0.224557
0.892 0.549 0.081164
0.892 0.598 0.0696221
0.892 0.647 0.128472
0.892 0.696 0.13668
0.892 0.745 0.191276
0.892 0.794 0.260149
0.892 0.843 0.170206
0.892 0.892 0.169724
0.892 0.941 0.526845
0.892 0.99 0.919899
0.941 0.01 3.31658
0.941 0.059 2.41176
0.941 0.108 1.74208
0.941 0.157 1.83744
0.941 0.206 2.01895
0.941 0.255 1.69475
0.941 0.304 1.14515
0.941 0.353 0.716679
0.941 0.402 0.590523
0.941 0.451 0.638716
0.941 0.5 0.448729
0.941 0.549 0.162189
0.941 0.598 0.139125
0.941 0.647 0.256725
0.941 0.696 0.273125
0.941 0.745 0.382225
0.941 0.794 0.519852
0.941 0.843 0.340121
0.941 0.892 0.339158
0.941 0.941 1.05279
0.941 0.99 1.83822
0.99 0.01 4.54079
0.99 0.059 3.30197
0.99 0.108 2.38511
0.99 0.157 2.51566
0.99 0.206 2.76418
0.99 0.255 2.32031
0.99 0.304 1.56785
0.99 0.353 0.981216
0.99 0.402 0.808495
0.99 0.451 0.874476
0.99 0.5 0.614362
0.99 0.549 0.222055
0.99 0.598 0.190478
0.99 0.647 0.351486
0.99 0.696 0.37394
0.99 0.745 0.523309
0.99 0.794 0.711738
0.99 0.843 0.465664
0.99 0.892 0.464347
0.99 0.941 1.44139
0.99 0.99 2.51674
