0.01 0.01 5.09527e-84
0.01 0.059 8.41404e-76
0.01 0.108 5.31936e-68
0.01 0.157 1.2872e-60
0.01 0.206 1.19225e-53
0.01 0.255 4.22689e-47
0.01 0.304 5.73597e-41
0.01 0.353 2.97938e-35
0.01 0.402 5.92349e-30
0.01 0.451 4.50777e-25
0.01 0.5 1.31305e-20
0.01 0.549 1.46396e-16
0.01 0.598 6.24761e-13
0.01 0.647 1.02054e-09
0.01 0.696 6.38088e-07
0.01 0.745 0.000152709
0.01 0.794 0.0139888
0.01 0.843 0.490489
0.01 0.892 6.58281
0.01 0.941 33.8164
0.01 0.99 66.4931
0.059 0.01 2.98378e-84
0.059 0.059 4.92725e-76
0.059 0.108 3.11501e-68
0.059 0.157 7.53785e-61
0.059 0.206 6.98181e-54
0.059 0.255 2.47526e-47
0.059 0.304 3.35898e-41
0.059 0.353 1.74472e-35
0.059 0.402 3.46878e-30
0.059 0.451 2.63974e-25
0.059 0.5 7.68917e-21
0.059 0.549 8.57294e-17
0.059 0.598 3.65859e-13
0.059 0.647 5.97627e-10
0.059 0.696 3.73663e-07
0.059 0.745 8.94259e-05
0.059 0.794 0.0081918
0.059 0.843 0.287229
0.059 0.892 3.85489
0.059 0.941 19.8028
0.059 0.99 38.9382
0.108 0.01 1.10001e-84
0.108 0.059 1.8165e-76
0.108 0.108 1.14839e-68
0.108 0.157 2.77894e-61
0.108 0.206 2.57395e-54
0.108 0.255 9.12541e-48
0.108 0.304 1.23834e-41
0.108 0.353 6.43217e-36
0.108 0.402 1.27882e-30
0.108 0.451 9.73181e-26
0.108 0.5 2.83473e-21
0.108 0.549 3.16054e-17
0.108 0.598 1.34879e-13
0.108 0.647 2.20324e-10
0.108 0.696 1.37756e-07
0.108 0.745 3.29682e-05
0.108 0.794 0.00302003
0.108 0.843 0.105891
0.108 0.892 1.42116
0.108 0.941 7.30061
0.108 0.99 14.3552
0.157 0.01 7.1603e-85
0.157 0.059 1.18241e-76
0.157 0.108 7.47522e-69
0.157 0.157 1.80889e-61
0.157 0.206 1.67545e-54
0.157 0.255 5.93999e-48
0.157 0.304 8.06067e-42
0.157 0.353 4.18688e-36
0.157 0.402 8.32419e-31
0.157 0.451 6.3347e-26
0.157 0.5 1.8452e-21
0.157 0.549 2.05729e-17
0.157 0.598 8.77967e-14
0.157 0.647 1.43415e-10
0.157 0.696 8.96695e-08
0.157 0.745 2.14599e-05
0.157 0.794 0.00196582
0.157 0.843 0.0689276
0.157 0.892 0.925073
0.157 0.941 4.75217
0.157 0.99 9.34417
0.206 0.01 6.89051e-85
0.206 0.059 1.13786e-76
0.206 0.108 7.19357e-69
0.206 0.157 1.74073e-61
0.206 0.206 1.61232e-54
0.206 0.255 5.71618e-48
0.206 0.304 7.75696e-42
0.206 0.353 4.02912e-36
0.206 0.402 8.01054e-31
0.206 0.451 6.09602e-26
0.206 0.5 1.77568e-21
0.206 0.549 1.97977e-17
0.206 0.598 8.44886e-14
0.206 0.647 1.38011e-10
0.206 0.696 8.62909e-08
0.206 0.745 2.06513e-05
0.206 0.794 0.00189175
0.206 0.843 0.0663305
0.206 0.892 0.890217
0.206 0.941 4.57311
0.206 0.99 8.9921
0.255 0.01 3.66658e-85
0.255 0.059 6.05478e-77
0.255 0.108 3.82784e-69
0.255 0.157 9.26278e-62
0.255 0.206 8.5795e-55
0.255 0.255 3.04169e-48
0.255 0.304 4.12763e-42
0.255 0.353 2.14398e-36
0.255 0.402 4.26257e-31
0.255 0.451 3.24381e-26
0.255 0.5 9.44873e-22
0.255 0.549 1.05347e-17
0.255 0.598 4.49581e-14
0.255 0.647 7.34386e-11
0.255 0.696 4.59171e-08
0.255 0.745 1.0989e-05
0.255 0.794 0.00100664
0.255 0.843 0.0352958
0.255 0.892 0.473702
0.255 0.941 2.43344
0.255 0.99 4.78487
0.304 0.01 9.70761e-86
0.304 0.059 1.60306e-77
0.304 0.108 1.01346e-69
0.304 0.157 2.45241e-62
0.304 0.206 2.2715e-55
0.304 0.255 8.05317e-49
0.304 0.304 1.09283e-42
0.304 0.353 5.67638e-37
0.304 0.402 1.12856e-31
0.304 0.451 8.58831e-27
0.304 0.5 2.50164e-22
0.304 0.549 2.78917e-18
0.304 0.598 1.19031e-14
0.304 0.647 1.94436e-11
0.304 0.696 1.2157e-08
0.304 0.745 2.90944e-06
0.304 0.794 0.000266517
0.304 0.843 0.0093449
0.304 0.892 0.125417
0.304 0.941 0.644277
0.304 0.99 1.26684
0.353 0.01 1.19067e-85
0.353 0.059 1.96621e-77
0.353 0.108 1.24304e-69
0.353 0.157 3.00796e-62
0.353 0.206 2.78607e-55
0.353 0.255 9.87747e-49
0.353 0.304 1.34039e-42
0.353 0.353 6.96226e-37
0.353 0.402 1.38421e-31
0.353 0.451 1.05338e-26
0.353 0.5 3.06835e-22
0.353 0.549 3.42101e-18
0.353 0.598 1.45995e-14
0.353 0.647 2.38482e-11
0.353 0.696 1.49109e-08
0.353 0.745 3.56852e-06
0.353 0.794 0.000326892
0.353 0.843 0.0114618
0.353 0.892 0.153828
0.353 0.941 0.790227
0.353 0.99 1.55382
0.402 0.01 2.83758e-85
0.402 0.059 4.68581e-77
0.402 0.108 2.96238e-69
0.402 0.157 7.1685e-62
0.402 0.206 6.6397e-55
0.402 0.255 2.35397e-48
0.402 0.304 3.19439e-42
0.402 0.353 1.65923e-36
0.402 0.402 3.29882e-31
0.402 0.451 2.5104e-26
0.402 0.5 7.3124e-22
0.402 0.549 8.15287e-18
0.402 0.598 3.47932e-14
0.402 0.647 5.68344e-11
0.402 0.696 3.55354e-08
0.402 0.745 8.5044e-06
0.402 0.794 0.000779041
0.402 0.843 0.0273155
0.402 0.892 0.3666
0.402 0.941 1.88325
0.402 0.99 3.70303
0.451 0.01 3.20512e-85
0.451 0.059 5.29276e-77
0.451 0.108 3.34609e-69
0.451 0.157 8.09702e-62
0.451 0.206 7.49973e-55
0.451 0.255 2.65888e-48
0.451 0.304 3.60815e-42
0.451 0.353 1.87415e-36
0.451 0.402 3.7261e-31
0.451 0.451 2.83556e-26
0.451 0.5 8.25956e-22
0.451 0.549 9.2089e-18
0.451 0.598 3.92999e-14
0.451 0.647 6.4196e-11
0.451 0.696 4.01382e-08
0.451 0.745 9.60596e-06
0.451 0.794 0.000879948
0.451 0.843 0.0308536
0.451 0.892 0.414085
0.451 0.941 2.12718
0.451 0.99 4.18267
0.5 0.01 3.8671e-85
0.5 0.059 6.38591e-77
0.5 0.108 4.03718e-69
0.5 0.157 9.76935e-62
0.5 0.206 9.0487e-55
0.5 0.255 3.20804e-48
0.5 0.304 4.35337e-42
0.5 0.353 2.26123e-36
0.5 0.402 4.49568e-31
0.5 0.451 3.42121e-26
0.5 0.5 9.96547e-22
0.5 0.549 1.11109e-17
0.5 0.598 4.74168e-14
0.5 0.647 7.74549e-11
0.5 0.696 4.84282e-08
0.5 0.745 1.159e-05
0.5 0.794 0.00106169
0.5 0.843 0.0372261
0.5 0.892 0.499609
0.5 0.941 2.56653
0.5 0.99 5.04655
0.549 0.01 6.11472e-85
0.549 0.059 1.00975e-76
0.549 0.108 6.38365e-69
0.549 0.157 1.54475e-61
0.549 0.206 1.4308e-54
0.549 0.255 5.0726e-48
0.549 0.304 6.88361e-42
0.549 0.353 3.57549e-36
0.549 0.402 7.10865e-31
0.549 0.451 5.40968e-26
0.549 0.5 1.57576e-21
0.549 0.549 1.75687e-17
0.549 0.598 7.49762e-14
0.549 0.647 1.22473e-10
0.549 0.696 7.65755e-08
0.549 0.745 1.83262e-05
0.549 0.794 0.00167876
0.549 0.843 0.0588625
0.549 0.892 0.789989
0.549 0.941 4.05823
0.549 0.99 7.97969
0.598 0.01 4.73789e-85
0.598 0.059 7.82389e-77
0.598 0.108 4.94627e-69
0.598 0.157 1.19692e-61
0.598 0.206 1.10863e-54
0.598 0.255 3.93042e-48
0.598 0.304 5.33366e-42
0.598 0.353 2.77041e-36
0.598 0.402 5.50802e-31
0.598 0.451 4.1916e-26
0.598 0.5 1.22095e-21
0.598 0.549 1.36128e-17
0.598 0.598 5.80941e-14
0.598 0.647 9.48962e-11
0.598 0.696 5.93333e-08
0.598 0.745 1.41998e-05
0.598 0.794 0.00130076
0.598 0.843 0.0456087
0.598 0.892 0.612111
0.598 0.941 3.14446
0.598 0.99 6.18294
0.647 0.01 1.44922e-85
0.647 0.059 2.39316e-77
0.647 0.108 1.51296e-69
0.647 0.157 3.66112e-62
0.647 0.206 3.39105e-55
0.647 0.255 1.20223e-48
0.647 0.304 1.63145e-42
0.647 0.353 8.47408e-37
0.647 0.402 1.68478e-31
0.647 0.451 1.28212e-26
0.647 0.5 3.73462e-22
0.647 0.549 4.16387e-18
0.647 0.598 1.77697e-14
0.647 0.647 2.90267e-11
0.647 0.696 1.81488e-08
0.647 0.745 4.3434e-06
0.647 0.794 0.000397875
0.647 0.843 0.0139507
0.647 0.892 0.187231
0.647 0.941 0.96182
0.647 0.99 1.89122
0.696 0.01 4.1144e-86
0.696 0.059 6.79428e-78
0.696 0.108 4.29535e-70
0.696 0.157 1.03941e-62
0.696 0.206 9.62736e-56
0.696 0.255 3.41319e-49
0.696 0.304 4.63176e-43
0.696 0.353 2.40583e-37
0.696 0.402 4.78318e-32
0.696 0.451 3.64e-27
0.696 0.5 1.06028e-22
0.696 0.549 1.18214e-18
0.696 0.598 5.04491e-15
0.696 0.647 8.24081e-12
0.696 0.696 5.15252e-09
0.696 0.745 1.23311e-06
0.696 0.794 0.000112958
0.696 0.843 0.00396067
0.696 0.892 0.0531558
0.696 0.941 0.273065
0.696 0.99 0.536928
0.745 0.01 1.42088e-85
0.745 0.059 2.34636e-77
0.745 0.108 1.48337e-69
0.745 0.157 3.58953e-62
0.745 0.206 3.32474e-55
0.745 0.255 1.17872e-48
0.745 0.304 1.59955e-42
0.745 0.353 8.30837e-37
0.745 0.402 1.65184e-31
0.745 0.451 1.25705e-26
0.745 0.5 3.66159e-22
0.745 0.549 4.08244e-18
0.745 0.598 1.74222e-14
0.745 0.647 2.84591e-11
0.745 0.696 1.77939e-08
0.745 0.745 4.25847e-06
0.745 0.794 0.000390094
0.745 0.843 0.0136779
0.745 0.892 0.18357
0.745 0.941 0.943012
0.745 0.99 1.85424
0.794 0.01 3.52565e-85
0.794 0.059 5.82205e-77
0.794 0.108 3.68071e-69
0.794 0.157 8.90675e-62
0.794 0.206 8.24973e-55
0.794 0.255 2.92478e-48
0.794 0.304 3.96898e-42
0.794 0.353 2.06157e-36
0.794 0.402 4.09873e-31
0.794 0.451 3.11913e-26
0.794 0.5 9.08555e-22
0.794 0.549 1.01298e-17
0.794 0.598 4.323e-14
0.794 0.647 7.06159e-11
0.794 0.696 4.41522e-08
0.794 0.745 1.05666e-05
0.794 0.794 0.000967946
0.794 0.843 0.0339391
0.794 0.892 0.455495
0.794 0.941 2.33991
0.794 0.99 4.60096
0.843 0.01 5.97909e-85
0.843 0.059 9.87354e-77
0.843 0.108 6.24206e-69
0.843 0.157 1.51048e-61
0.843 0.206 1.39906e-54
0.843 0.255 4.96009e-48
0.843 0.304 6.73094e-42
0.843 0.353 3.49618e-36
0.843 0.402 6.95098e-31
0.843 0.451 5.28969e-26
0.843 0.5 1.54081e-21
0.843 0.549 1.7179e-17
0.843 0.598 7.33132e-14
0.843 0.647 1.19756e-10
0.843 0.696 7.48771e-08
0.843 0.745 1.79197e-05
0.843 0.794 0.00164153
0.843 0.843 0.0575569
0.843 0.892 0.772467
0.843 0.941 3.96822
0.843 0.99 7.8027
0.892 0.01 1.4682e-84
0.892 0.059 2.42451e-76
0.892 0.108 1.53278e-68
0.892 0.157 3.70908e-61
0.892 0.206 3.43548e-54
0.892 0.255 1.21798e-47
0.892 0.304 1.65282e-41
0.892 0.353 8.58509e-36
0.892 0.402 1.70685e-30
0.892 0.451 1.29892e-25
0.892 0.5 3.78354e-21
0.892 0.549 4.21841e-17
0.892 0.598 1.80025e-13
0.892 0.647 2.94069e-10
0.892 0.696 1.83865e-07
0.892 0.745 4.4003e-05
0.892 0.794 0.00403087
0.892 0.843 0.141334
0.892 0.892 1.89684
0.892 0.941 9.74421
0.892 0.99 19.16
0.941 0.01 4.4878e-84
0.941 0.059 7.4109e-76
0.941 0.108 4.68518e-68
0.941 0.157 1.13374e-60
0.941 0.206 1.05011e-53
0.941 0.255 3.72295e-47
0.941 0.304 5.05212e-41
0.941 0.353 2.62417e-35
0.941 0.402 5.21728e-30
0.941 0.451 3.97035e-25
0.941 0.5 1.1565e-20
0.941 0.549 1.28943e-16
0.941 0.598 5.50276e-13
0.941 0.647 8.98871e-10
0.941 0.696 5.62014e-07
0.941 0.745 0.000134502
0.941 0.794 0.012321
0.941 0.843 0.432012
0.941 0.892 5.798
0.941 0.941 29.7848
0.941 0.99 58.5657
0.99 0.01 8.03237e-84
0.99 0.059 1.32642e-75
0.99 0.108 8.38565e-68
0.99 0.157 2.0292e-60
0.99 0.206 1.87951e-53
0.99 0.255 6.66344e-47
0.99 0.304 9.04241e-41
0.99 0.353 4.69681e-35
0.99 0.402 9.33801e-30
0.99 0.451 7.10623e-25
0.99 0.5 2.06993e-20
0.99 0.549 2.30785e-16
0.99 0.598 9.84897e-13
0.99 0.647 1.60882e-09
0.99 0.696 1.00591e-06
0.99 0.745 0.000240736
0.99 0.794 0.0220524
0.99 0.843 0.773225
0.99 0.892 10.3774
0.99 0.941 53.3095
0.99 0.99 104.822
