0.01 0.01 2.07306e-05
0.01 0.059 0.000945414
0.01 0.108 0.0190698
0.01 0.157 0.15044
0.01 0.206 0.503112
0.01 0.255 0.928189
0.01 0.304 1.31103
0.01 0.353 1.61562
0.01 0.402 2.26201
0.01 0.451 2.7964
0.01 0.5 2.58419
0.01 0.549 2.28644
0.01 0.598 2.13251
0.01 0.647 1.98581
0.01 0.696 1.81765
0.01 0.745 2.08052
0.01 0.794 2.97902
0.01 0.843 4.42133
0.01 0.892 5.11194
0.01 0.941 3.9105
0.01 0.99 2.73185
0.059 0.01 1.6116e-05
0.059 0.059 0.000734968
0.059 0.108 0.0148249
0.059 0.157 0.116952
0.059 0.206 0.391121
0.059 0.255 0.721577
0.059 0.304 1.0192
0.059 0.353 1.25599
0.059 0.402 1.75849
0.059 0.451 2.17393
0.059 0.5 2.00896
0.059 0.549 1.77749
0.059 0.598 1.65782
0.059 0.647 1.54378
0.059 0.696 1.41304
0.059 0.745 1.6174
0.059 0.794 2.3159
0.059 0.843 3.43716
0.059 0.892 3.97404
0.059 0.941 3.04003
0.059 0.99 2.12375
0.108 0.01 1.13917e-05
0.108 0.059 0.000519516
0.108 0.108 0.0104791
0.108 0.157 0.0826684
0.108 0.206 0.276466
0.108 0.255 0.510051
0.108 0.304 0.720427
0.108 0.353 0.887804
0.108 0.402 1.243
0.108 0.451 1.53666
0.108 0.5 1.42004
0.108 0.549 1.25643
0.108 0.598 1.17184
0.108 0.647 1.09123
0.108 0.696 0.998818
0.108 0.745 1.14327
0.108 0.794 1.637
0.108 0.843 2.42957
0.108 0.892 2.80907
0.108 0.941 2.14886
0.108 0.99 1.50119
0.157 0.01 1.00355e-05
0.157 0.059 0.000457665
0.157 0.108 0.0092315
0.157 0.157 0.0728263
0.157 0.206 0.243551
0.157 0.255 0.449326
0.157 0.304 0.634656
0.157 0.353 0.782106
0.157 0.402 1.09501
0.157 0.451 1.35371
0.157 0.5 1.25098
0.157 0.549 1.10684
0.157 0.598 1.03232
0.157 0.647 0.96131
0.157 0.696 0.879904
0.157 0.745 1.00716
0.157 0.794 1.44211
0.157 0.843 2.14032
0.157 0.892 2.47464
0.157 0.941 1.89303
0.157 0.99 1.32246
0.206 0.01 9.48071e-06
0.206 0.059 0.000432365
0.206 0.108 0.00872118
0.206 0.157 0.0688005
0.206 0.206 0.230088
0.206 0.255 0.424488
0.206 0.304 0.599572
0.206 0.353 0.738871
0.206 0.402 1.03448
0.206 0.451 1.27888
0.206 0.5 1.18183
0.206 0.549 1.04566
0.206 0.598 0.975257
0.206 0.647 0.908169
0.206 0.696 0.831263
0.206 0.745 0.951481
0.206 0.794 1.36239
0.206 0.843 2.022
0.206 0.892 2.33784
0.206 0.941 1.78838
0.206 0.99 1.24936
0.255 0.01 8.90319e-06
0.255 0.059 0.000406028
0.255 0.108 0.00818993
0.255 0.157 0.0646095
0.255 0.206 0.216072
0.255 0.255 0.39863
0.255 0.304 0.563049
0.255 0.353 0.693863
0.255 0.402 0.971465
0.255 0.451 1.20097
0.255 0.5 1.10983
0.255 0.549 0.981959
0.255 0.598 0.915849
0.255 0.647 0.852848
0.255 0.696 0.780626
0.255 0.745 0.893522
0.255 0.794 1.2794
0.255 0.843 1.89883
0.255 0.892 2.19543
0.255 0.941 1.67944
0.255 0.99 1.17325
0.304 0.01 8.30906e-06
0.304 0.059 0.000378932
0.304 0.108 0.00764339
0.304 0.157 0.0602979
0.304 0.206 0.201653
0.304 0.255 0.372028
0.304 0.304 0.525476
0.304 0.353 0.64756
0.304 0.402 0.906637
0.304 0.451 1.12083
0.304 0.5 1.03577
0.304 0.549 0.916431
0.304 0.598 0.854732
0.304 0.647 0.795935
0.304 0.696 0.728533
0.304 0.745 0.833895
0.304 0.794 1.19402
0.304 0.843 1.77212
0.304 0.892 2.04892
0.304 0.941 1.56737
0.304 0.99 1.09496
0.353 0.01 7.49566e-06
0.353 0.059 0.000341838
0.353 0.108 0.00689516
0.353 0.157 0.0543952
0.353 0.206 0.181913
0.353 0.255 0.335609
0.353 0.304 0.474035
0.353 0.353 0.584168
0.353 0.402 0.817884
0.353 0.451 1.01111
0.353 0.5 0.934378
0.353 0.549 0.826719
0.353 0.598 0.77106
0.353 0.647 0.718019
0.353 0.696 0.657215
0.353 0.745 0.752262
0.353 0.794 1.07714
0.353 0.843 1.59864
0.353 0.892 1.84835
0.353 0.941 1.41394
0.353 0.99 0.987769
0.402 0.01 8.81567e-06
0.402 0.059 0.000402036
0.402 0.108 0.00810942
0.402 0.157 0.0639743
0.402 0.206 0.213948
0.402 0.255 0.394711
0.402 0.304 0.557514
0.402 0.353 0.687042
0.402 0.402 0.961915
0.402 0.451 1.18917
0.402 0.5 1.09892
0.402 0.549 0.972306
0.402 0.598 0.906846
0.402 0.647 0.844464
0.402 0.696 0.772953
0.402 0.745 0.884738
0.402 0.794 1.26682
0.402 0.843 1.88017
0.402 0.892 2.17385
0.402 0.941 1.66293
0.402 0.99 1.16172
0.451 0.01 9.53427e-06
0.451 0.059 0.000434808
0.451 0.108 0.00877045
0.451 0.157 0.0691891
0.451 0.206 0.231388
0.451 0.255 0.426885
0.451 0.304 0.602959
0.451 0.353 0.743045
0.451 0.402 1.04032
0.451 0.451 1.2861
0.451 0.5 1.1885
0.451 0.549 1.05156
0.451 0.598 0.980766
0.451 0.647 0.913299
0.451 0.696 0.835959
0.451 0.745 0.956856
0.451 0.794 1.37009
0.451 0.843 2.03343
0.451 0.892 2.35104
0.451 0.941 1.79849
0.451 0.99 1.25641
0.5 0.01 9.68147e-06
0.5 0.059 0.000441521
0.5 0.108 0.00890586
0.5 0.157 0.0702573
0.5 0.206 0.23496
0.5 0.255 0.433476
0.5 0.304 0.612269
0.5 0.353 0.754517
0.5 0.402 1.05639
0.5 0.451 1.30596
0.5 0.5 1.20685
0.5 0.549 1.0678
0.5 0.598 0.995909
0.5 0.647 0.9274
0.5 0.696 0.848865
0.5 0.745 0.971629
0.5 0.794 1.39124
0.5 0.843 2.06482
0.5 0.892 2.38734
0.5 0.941 1.82625
0.5 0.99 1.27581
0.549 0.01 8.68354e-06
0.549 0.059 0.00039601
0.549 0.108 0.00798787
0.549 0.157 0.0630154
0.549 0.206 0.210741
0.549 0.255 0.388795
0.549 0.304 0.549158
0.549 0.353 0.676744
0.549 0.402 0.947497
0.549 0.451 1.17134
0.549 0.5 1.08245
0.549 0.549 0.957733
0.549 0.598 0.893254
0.549 0.647 0.831807
0.549 0.696 0.761367
0.549 0.745 0.871477
0.549 0.794 1.24784
0.549 0.843 1.85199
0.549 0.892 2.14126
0.549 0.941 1.63801
0.549 0.99 1.14431
0.598 0.01 8.31866e-06
0.598 0.059 0.00037937
0.598 0.108 0.00765223
0.598 0.157 0.0603676
0.598 0.206 0.201886
0.598 0.255 0.372458
0.598 0.304 0.526083
0.598 0.353 0.648308
0.598 0.402 0.907684
0.598 0.451 1.12212
0.598 0.5 1.03697
0.598 0.549 0.91749
0.598 0.598 0.85572
0.598 0.647 0.796855
0.598 0.696 0.729375
0.598 0.745 0.834858
0.598 0.794 1.1954
0.598 0.843 1.77417
0.598 0.892 2.05129
0.598 0.941 1.56918
0.598 0.99 1.09622
0.647 0.01 8.66196e-06
0.647 0.059 0.000395026
0.647 0.108 0.00796802
0.647 0.157 0.0628588
0.647 0.206 0.210217
0.647 0.255 0.387829
0.647 0.304 0.547793
0.647 0.353 0.675062
0.647 0.402 0.945143
0.647 0.451 1.16843
0.647 0.5 1.07976
0.647 0.549 0.955352
0.647 0.598 0.891034
0.647 0.647 0.829739
0.647 0.696 0.759475
0.647 0.745 0.869311
0.647 0.794 1.24473
0.647 0.843 1.84738
0.647 0.892 2.13594
0.647 0.941 1.63394
0.647 0.99 1.14146
0.696 0.01 8.31558e-06
0.696 0.059 0.00037923
0.696 0.108 0.00764939
0.696 0.157 0.0603452
0.696 0.206 0.201811
0.696 0.255 0.37232
0.696 0.304 0.525888
0.696 0.353 0.648068
0.696 0.402 0.907348
0.696 0.451 1.12171
0.696 0.5 1.03658
0.696 0.549 0.91715
0.696 0.598 0.855403
0.696 0.647 0.79656
0.696 0.696 0.729105
0.696 0.745 0.834549
0.696 0.794 1.19496
0.696 0.843 1.77351
0.696 0.892 2.05053
0.696 0.941 1.5686
0.696 0.99 1.09582
0.745 0.01 9.28743e-06
0.745 0.059 0.000423551
0.745 0.108 0.00854338
0.745 0.157 0.0673978
0.745 0.206 0.225397
0.745 0.255 0.415834
0.745 0.304 0.587349
0.745 0.353 0.723808
0.745 0.402 1.01339
0.745 0.451 1.2528
0.745 0.5 1.15773
0.745 0.549 1.02434
0.745 0.598 0.955375
0.745 0.647 0.889654
0.745 0.696 0.814316
0.745 0.745 0.932083
0.745 0.794 1.33462
0.745 0.843 1.98078
0.745 0.892 2.29018
0.745 0.941 1.75192
0.745 0.99 1.22389
0.794 0.01 9.3371e-06
0.794 0.059 0.000425816
0.794 0.108 0.00858907
0.794 0.157 0.0677583
0.794 0.206 0.226602
0.794 0.255 0.418058
0.794 0.304 0.59049
0.794 0.353 0.727679
0.794 0.402 1.01881
0.794 0.451 1.2595
0.794 0.5 1.16392
0.794 0.549 1.02982
0.794 0.598 0.960484
0.794 0.647 0.894412
0.794 0.696 0.818671
0.794 0.745 0.937068
0.794 0.794 1.34175
0.794 0.843 1.99138
0.794 0.892 2.30243
0.794 0.941 1.76129
0.794 0.99 1.23043
0.843 0.01 1.04672e-05
0.843 0.059 0.000477352
0.843 0.108 0.00962859
0.843 0.157 0.0759589
0.843 0.206 0.254028
0.843 0.255 0.468654
0.843 0.304 0.661956
0.843 0.353 0.815749
0.843 0.402 1.14212
0.843 0.451 1.41194
0.843 0.5 1.30479
0.843 0.549 1.15445
0.843 0.598 1.07673
0.843 0.647 1.00266
0.843 0.696 0.917753
0.843 0.745 1.05048
0.843 0.794 1.50414
0.843 0.843 2.23239
0.843 0.892 2.58108
0.843 0.941 1.97446
0.843 0.99 1.37935
0.892 0.01 1.1951e-05
0.892 0.059 0.000545024
0.892 0.108 0.0109936
0.892 0.157 0.0867273
0.892 0.206 0.29004
0.892 0.255 0.535094
0.892 0.304 0.755799
0.892 0.353 0.931394
0.892 0.402 1.30403
0.892 0.451 1.6121
0.892 0.5 1.48977
0.892 0.549 1.31812
0.892 0.598 1.22937
0.892 0.647 1.1448
0.892 0.696 1.04786
0.892 0.745 1.1994
0.892 0.794 1.71738
0.892 0.843 2.54886
0.892 0.892 2.94699
0.892 0.941 2.25437
0.892 0.99 1.57489
0.941 0.01 1.27513e-05
0.941 0.059 0.000581518
0.941 0.108 0.0117297
0.941 0.157 0.0925346
0.941 0.206 0.309461
0.941 0.255 0.570923
0.941 0.304 0.806407
0.941 0.353 0.99376
0.941 0.402 1.39135
0.941 0.451 1.72005
0.941 0.5 1.58952
0.941 0.549 1.40638
0.941 0.598 1.31169
0.941 0.647 1.22146
0.941 0.696 1.11802
0.941 0.745 1.27971
0.941 0.794 1.83237
0.941 0.843 2.71954
0.941 0.892 3.14432
0.941 0.941 2.40532
0.941 0.99 1.68035
0.99 0.01 1.33238e-05
0.99 0.059 0.000607627
0.99 0.108 0.0122564
0.99 0.157 0.0966891
0.99 0.206 0.323355
0.99 0.255 0.596556
0.99 0.304 0.842613
0.99 0.353 1.03838
0.99 0.402 1.45381
0.99 0.451 1.79728
0.99 0.5 1.66089
0.99 0.549 1.46952
0.99 0.598 1.37058
0.99 0.647 1.2763
0.99 0.696 1.16822
0.99 0.745 1.33717
0.99 0.794 1.91464
0.99 0.843 2.84164
0.99 0.892 3.28549
0.99 0.941 2.51332
0.99 0.99 1.75579
