0.01 0.01 0.0760262
0.01 0.059 0.049004
0.01 0.108 0.0186179
0.01 0.157 0.00921272
0.01 0.206 0.0111959
0.01 0.255 0.0153496
0.01 0.304 0.0163984
0.01 0.353 0.0082911
0.01 0.402 0.00223584
0.01 0.451 0.00358556
0.01 0.5 0.00844214
0.01 0.549 0.0122159
0.01 0.598 0.0165063
0.01 0.647 0.0139757
0.01 0.696 0.00564057
0.01 0.745 0.00472508
0.01 0.794 0.0114309
0.01 0.843 0.0204779
0.01 0.892 0.0433311
0.01 0.941 0.134875
0.01 0.99 0.24717
0.059 0.01 0.298776
0.059 0.059 0.192581
0.059 0.108 0.0731667
0.059 0.157 0.0362051
0.059 0.206 0.0439988
0.059 0.255 0.0603226
0.059 0.304 0.064444
0.059 0.353 0.0325832
0.059 0.402 0.00878665
0.059 0.451 0.0140909
0.059 0.5 0.0331768
0.059 0.549 0.0480073
0.059 0.598 0.0648681
0.059 0.647 0.0549231
0.059 0.696 0.0221669
0.059 0.745 0.0185691
0.059 0.794 0.0449223
0.059 0.843 0.0804762
0.059 0.892 0.170287
0.059 0.941 0.530046
0.059 0.99 0.971354
0.108 0.01 0.626605
0.108 0.059 0.403889
0.108 0.108 0.153448
0.108 0.157 0.0759309
0.108 0.206 0.0922762
0.108 0.255 0.126511
0.108 0.304 0.135155
0.108 0.353 0.0683349
0.108 0.402 0.0184277
0.108 0.451 0.029552
0.108 0.5 0.0695798
0.108 0.549 0.100683
0.108 0.598 0.136044
0.108 0.647 0.115187
0.108 0.696 0.0464894
0.108 0.745 0.038944
0.108 0.794 0.0942129
0.108 0.843 0.168778
0.108 0.892 0.357133
0.108 0.941 1.11164
0.108 0.99 2.03716
0.157 0.01 0.630534
0.157 0.059 0.406421
0.157 0.108 0.15441
0.157 0.157 0.0764069
0.157 0.206 0.0928547
0.157 0.255 0.127304
0.157 0.304 0.136002
0.157 0.353 0.0687634
0.157 0.402 0.0185433
0.157 0.451 0.0297373
0.157 0.5 0.070016
0.157 0.549 0.101314
0.157 0.598 0.136897
0.157 0.647 0.115909
0.157 0.696 0.0467809
0.157 0.745 0.0391881
0.157 0.794 0.0948036
0.157 0.843 0.169836
0.157 0.892 0.359372
0.157 0.941 1.1186
0.157 0.99 2.04994
0.206 0.01 0.835029
0.206 0.059 0.538232
0.206 0.108 0.204489
0.206 0.157 0.101187
0.206 0.206 0.122969
0.206 0.255 0.168592
0.206 0.304 0.18011
0.206 0.353 0.0910648
0.206 0.402 0.0245572
0.206 0.451 0.0393817
0.206 0.5 0.0927237
0.206 0.549 0.134173
0.206 0.598 0.181296
0.206 0.647 0.153501
0.206 0.696 0.0619529
0.206 0.745 0.0518977
0.206 0.794 0.12555
0.206 0.843 0.224918
0.206 0.892 0.475924
0.206 0.941 1.48139
0.206 0.99 2.71478
0.255 0.01 1.27658
0.255 0.059 0.82284
0.255 0.108 0.312619
0.255 0.157 0.154693
0.255 0.206 0.187994
0.255 0.255 0.25774
0.255 0.304 0.27535
0.255 0.353 0.139218
0.255 0.402 0.0375427
0.255 0.451 0.0602061
0.255 0.5 0.141754
0.255 0.549 0.205121
0.255 0.598 0.277162
0.255 0.647 0.23467
0.255 0.696 0.0947125
0.255 0.745 0.0793403
0.255 0.794 0.191939
0.255 0.843 0.34385
0.255 0.892 0.727585
0.255 0.941 2.26473
0.255 0.99 4.1503
0.304 0.01 0.886564
0.304 0.059 0.57145
0.304 0.108 0.217109
0.304 0.157 0.107432
0.304 0.206 0.130559
0.304 0.255 0.178997
0.304 0.304 0.191226
0.304 0.353 0.096685
0.304 0.402 0.0260728
0.304 0.451 0.0418122
0.304 0.5 0.0984463
0.304 0.549 0.142453
0.304 0.598 0.192485
0.304 0.647 0.162975
0.304 0.696 0.0657764
0.304 0.745 0.0551006
0.304 0.794 0.133299
0.304 0.843 0.238799
0.304 0.892 0.505297
0.304 0.941 1.57282
0.304 0.99 2.88232
0.353 0.01 0.288339
0.353 0.059 0.185854
0.353 0.108 0.070611
0.353 0.157 0.0349404
0.353 0.206 0.0424619
0.353 0.255 0.0582155
0.353 0.304 0.0621929
0.353 0.353 0.0314451
0.353 0.402 0.00847973
0.353 0.451 0.0135987
0.353 0.5 0.0320179
0.353 0.549 0.0463304
0.353 0.598 0.0626022
0.353 0.647 0.0530046
0.353 0.696 0.0213926
0.353 0.745 0.0179205
0.353 0.794 0.0433531
0.353 0.843 0.0776651
0.353 0.892 0.164339
0.353 0.941 0.511531
0.353 0.99 0.937424
0.402 0.01 0.414303
0.402 0.059 0.267046
0.402 0.108 0.101458
0.402 0.157 0.0502045
0.402 0.206 0.0610118
0.402 0.255 0.0836475
0.402 0.304 0.0893625
0.402 0.353 0.0451822
0.402 0.402 0.0121842
0.402 0.451 0.0195394
0.402 0.5 0.0460052
0.402 0.549 0.0665702
0.402 0.598 0.0899506
0.402 0.647 0.0761602
0.402 0.696 0.0307382
0.402 0.745 0.0257492
0.402 0.794 0.0622924
0.402 0.843 0.111594
0.402 0.892 0.236132
0.402 0.941 0.734999
0.402 0.99 1.34695
0.451 0.01 1.27269
0.451 0.059 0.820331
0.451 0.108 0.311666
0.451 0.157 0.154222
0.451 0.206 0.18742
0.451 0.255 0.256954
0.451 0.304 0.27451
0.451 0.353 0.138794
0.451 0.402 0.0374282
0.451 0.451 0.0600225
0.451 0.5 0.141322
0.451 0.549 0.204495
0.451 0.598 0.276316
0.451 0.647 0.233954
0.451 0.696 0.0944237
0.451 0.745 0.0790983
0.451 0.794 0.191354
0.451 0.843 0.342802
0.451 0.892 0.725366
0.451 0.941 2.25782
0.451 0.99 4.13764
0.5 0.01 1.81707
0.5 0.059 1.17122
0.5 0.108 0.44498
0.5 0.157 0.220189
0.5 0.206 0.267588
0.5 0.255 0.366865
0.5 0.304 0.39193
0.5 0.353 0.198162
0.5 0.402 0.0534379
0.5 0.451 0.0856969
0.5 0.5 0.201772
0.5 0.549 0.291967
0.5 0.598 0.394509
0.5 0.647 0.334027
0.5 0.696 0.134813
0.5 0.745 0.112932
0.5 0.794 0.273205
0.5 0.843 0.489434
0.5 0.892 1.03564
0.5 0.941 3.22359
0.5 0.99 5.9075
0.549 0.01 1.2671
0.549 0.059 0.816729
0.549 0.108 0.310298
0.549 0.157 0.153545
0.549 0.206 0.186598
0.549 0.255 0.255826
0.549 0.304 0.273305
0.549 0.353 0.138184
0.549 0.402 0.0372639
0.549 0.451 0.059759
0.549 0.5 0.140702
0.549 0.549 0.203597
0.549 0.598 0.275103
0.549 0.647 0.232927
0.549 0.696 0.0940092
0.549 0.745 0.0787511
0.549 0.794 0.190514
0.549 0.843 0.341297
0.549 0.892 0.722181
0.549 0.941 2.24791
0.549 0.99 4.11948
0.598 0.01 0.882413
0.598 0.059 0.568774
0.598 0.108 0.216093
0.598 0.157 0.106929
0.598 0.206 0.129947
0.598 0.255 0.178159
0.598 0.304 0.190331
0.598 0.353 0.0962323
0.598 0.402 0.0259507
0.598 0.451 0.0416165
0.598 0.5 0.0979853
0.598 0.549 0.141786
0.598 0.598 0.191583
0.598 0.647 0.162212
0.598 0.696 0.0654684
0.598 0.745 0.0548426
0.598 0.794 0.132675
0.598 0.843 0.237681
0.598 0.892 0.502931
0.598 0.941 1.56545
0.598 0.99 2.86883
0.647 0.01 1.10945
0.647 0.059 0.715114
0.647 0.108 0.271691
0.647 0.157 0.134441
0.647 0.206 0.163381
0.647 0.255 0.223997
0.647 0.304 0.239301
0.647 0.353 0.120992
0.647 0.402 0.0326276
0.647 0.451 0.0523239
0.647 0.5 0.123196
0.647 0.549 0.178266
0.647 0.598 0.240876
0.647 0.647 0.203947
0.647 0.696 0.0823128
0.647 0.745 0.068953
0.647 0.794 0.166811
0.647 0.843 0.298833
0.647 0.892 0.632329
0.647 0.941 1.96823
0.647 0.99 3.60694
0.696 0.01 1.42626
0.696 0.059 0.919323
0.696 0.108 0.349276
0.696 0.157 0.172832
0.696 0.206 0.210037
0.696 0.255 0.287962
0.696 0.304 0.307636
0.696 0.353 0.155542
0.696 0.402 0.0419448
0.696 0.451 0.0672657
0.696 0.5 0.158376
0.696 0.549 0.229172
0.696 0.598 0.30966
0.696 0.647 0.262186
0.696 0.696 0.105818
0.696 0.745 0.0886434
0.696 0.794 0.214445
0.696 0.843 0.384169
0.696 0.892 0.812898
0.696 0.941 2.53028
0.696 0.99 4.63695
0.745 0.01 1.16149
0.745 0.059 0.748658
0.745 0.108 0.284436
0.745 0.157 0.140747
0.745 0.206 0.171045
0.745 0.255 0.234504
0.745 0.304 0.250526
0.745 0.353 0.126667
0.745 0.402 0.0341581
0.745 0.451 0.0547783
0.745 0.5 0.128975
0.745 0.549 0.186628
0.745 0.598 0.252175
0.745 0.647 0.213513
0.745 0.696 0.0861739
0.745 0.745 0.0721875
0.745 0.794 0.174635
0.745 0.843 0.312851
0.745 0.892 0.66199
0.745 0.941 2.06055
0.745 0.99 3.77614
0.794 0.01 0.752143
0.794 0.059 0.484806
0.794 0.108 0.184191
0.794 0.157 0.0911433
0.794 0.206 0.110763
0.794 0.255 0.151857
0.794 0.304 0.162232
0.794 0.353 0.0820256
0.794 0.402 0.0221197
0.794 0.451 0.0354727
0.794 0.5 0.0835198
0.794 0.549 0.120854
0.794 0.598 0.1633
0.794 0.647 0.138264
0.794 0.696 0.0558034
0.794 0.745 0.0467462
0.794 0.794 0.113088
0.794 0.843 0.202592
0.794 0.892 0.428683
0.794 0.941 1.33435
0.794 0.99 2.4453
0.843 0.01 1.39056
0.843 0.059 0.896305
0.843 0.108 0.340531
0.843 0.157 0.168505
0.843 0.206 0.204778
0.843 0.255 0.280752
0.843 0.304 0.299934
0.843 0.353 0.151648
0.843 0.402 0.0408946
0.843 0.451 0.0655815
0.843 0.5 0.154411
0.843 0.549 0.223434
0.843 0.598 0.301907
0.843 0.647 0.255622
0.843 0.696 0.103169
0.843 0.745 0.086424
0.843 0.794 0.209076
0.843 0.843 0.37455
0.843 0.892 0.792546
0.843 0.941 2.46693
0.843 0.99 4.52085
0.892 0.01 4.17267
0.892 0.059 2.68957
0.892 0.108 1.02184
0.892 0.157 0.505637
0.892 0.206 0.614483
0.892 0.255 0.84246
0.892 0.304 0.900018
0.892 0.353 0.455054
0.892 0.402 0.122713
0.892 0.451 0.196792
0.892 0.5 0.463344
0.892 0.549 0.670465
0.892 0.598 0.905941
0.892 0.647 0.767051
0.892 0.696 0.309581
0.892 0.745 0.259335
0.892 0.794 0.62738
0.892 0.843 1.12392
0.892 0.892 2.37821
0.892 0.941 7.40257
0.892 0.99 13.5658
0.941 0.01 13.2909
0.941 0.059 8.56687
0.941 0.108 3.25479
0.941 0.157 1.61057
0.941 0.206 1.95727
0.941 0.255 2.68342
0.941 0.304 2.86676
0.941 0.353 1.44945
0.941 0.402 0.39087
0.941 0.451 0.626826
0.941 0.5 1.47585
0.941 0.549 2.13558
0.941 0.598 2.88562
0.941 0.647 2.44323
0.941 0.696 0.986084
0.941 0.745 0.826039
0.941 0.794 1.99835
0.941 0.843 3.57994
0.941 0.892 7.57513
0.941 0.941 23.5788
0.941 0.99 43.2102
0.99 0.01 23.8481
0.99 0.059 15.3717
0.99 0.108 5.84012
0.99 0.157 2.88986
0.99 0.206 3.51195
0.99 0.255 4.81491
0.99 0.304 5.14387
0.99 0.353 2.60077
0.99 0.402 0.701344
0.99 0.451 1.12473
0.99 0.5 2.64815
0.99 0.549 3.83191
0.99 0.598 5.17772
0.99 0.647 4.38392
0.99 0.696 1.76935
0.99 0.745 1.48217
0.99 0.794 3.58566
0.99 0.843 6.42355
0.99 0.892 13.5922
0.99 0.941 42.3079
0.99 0.99 77.5328
