0.01 0.01 3.46862
0.01 0.059 2.12433
0.01 0.108 1.18146
0.01 0.157 1.23481
0.01 0.206 1.16548
0.01 0.255 0.556028
0.01 0.304 0.338409
0.01 0.353 0.785787
0.01 0.402 1.39238
0.01 0.451 1.808
0.01 0.5 3.14363
0.01 0.549 6.35566
0.01 0.598 8.09418
0.01 0.647 6.16141
0.01 0.696 3.2961
0.01 0.745 1.8534
0.01 0.794 1.20137
0.01 0.843 0.463023
0.01 0.892 0.182113
0.01 0.941 0.571196
0.01 0.99 1.11462
0.059 0.01 2.60712
0.059 0.059 1.59671
0.059 0.108 0.88802
0.059 0.157 0.928119
0.059 0.206 0.876009
0.059 0.255 0.417927
0.059 0.304 0.254358
0.059 0.353 0.590621
0.059 0.402 1.04655
0.059 0.451 1.35895
0.059 0.5 2.36285
0.059 0.549 4.7771
0.059 0.598 6.08383
0.059 0.647 4.6311
0.059 0.696 2.47744
0.059 0.745 1.39307
0.059 0.794 0.902982
0.059 0.843 0.348022
0.059 0.892 0.136881
0.059 0.941 0.429328
0.059 0.99 0.837785
0.108 0.01 1.54199
0.108 0.059 0.944377
0.108 0.108 0.525221
0.108 0.157 0.548938
0.108 0.206 0.518117
0.108 0.255 0.247184
0.108 0.304 0.150441
0.108 0.353 0.349324
0.108 0.402 0.618985
0.108 0.451 0.803751
0.108 0.5 1.39751
0.108 0.549 2.82543
0.108 0.598 3.59829
0.108 0.647 2.73907
0.108 0.696 1.46529
0.108 0.745 0.823935
0.108 0.794 0.53407
0.108 0.843 0.205838
0.108 0.892 0.0809586
0.108 0.941 0.253927
0.108 0.99 0.495509
0.157 0.01 1.19201
0.157 0.059 0.730038
0.157 0.108 0.406015
0.157 0.157 0.424349
0.157 0.206 0.400524
0.157 0.255 0.191082
0.157 0.304 0.116296
0.157 0.353 0.27004
0.157 0.402 0.478498
0.157 0.451 0.62133
0.157 0.5 1.08033
0.157 0.549 2.18416
0.157 0.598 2.78161
0.157 0.647 2.1174
0.157 0.696 1.13272
0.157 0.745 0.636932
0.157 0.794 0.412856
0.157 0.843 0.159121
0.157 0.892 0.062584
0.157 0.941 0.196295
0.157 0.99 0.383047
0.206 0.01 1.03202
0.206 0.059 0.632053
0.206 0.108 0.35152
0.206 0.157 0.367393
0.206 0.206 0.346765
0.206 0.255 0.165435
0.206 0.304 0.100687
0.206 0.353 0.233795
0.206 0.402 0.414274
0.206 0.451 0.537935
0.206 0.5 0.935326
0.206 0.549 1.891
0.206 0.598 2.40826
0.206 0.647 1.83321
0.206 0.696 0.980689
0.206 0.745 0.551443
0.206 0.794 0.357443
0.206 0.843 0.137763
0.206 0.892 0.054184
0.206 0.941 0.169948
0.206 0.99 0.331635
0.255 0.01 0.686421
0.255 0.059 0.420393
0.255 0.108 0.233804
0.255 0.157 0.244362
0.255 0.206 0.230642
0.255 0.255 0.110035
0.255 0.304 0.0669693
0.255 0.353 0.155503
0.255 0.402 0.275544
0.255 0.451 0.357793
0.255 0.5 0.622107
0.255 0.549 1.25775
0.255 0.598 1.60179
0.255 0.647 1.21931
0.255 0.696 0.652279
0.255 0.745 0.366778
0.255 0.794 0.237744
0.255 0.843 0.0916297
0.255 0.892 0.0360391
0.255 0.941 0.113037
0.255 0.99 0.220578
0.304 0.01 0.765543
0.304 0.059 0.468851
0.304 0.108 0.260754
0.304 0.157 0.272529
0.304 0.206 0.257227
0.304 0.255 0.122718
0.304 0.304 0.0746886
0.304 0.353 0.173427
0.304 0.402 0.307305
0.304 0.451 0.399035
0.304 0.5 0.693816
0.304 0.549 1.40273
0.304 0.598 1.78643
0.304 0.647 1.35985
0.304 0.696 0.727465
0.304 0.745 0.409055
0.304 0.794 0.265148
0.304 0.843 0.102192
0.304 0.892 0.0401932
0.304 0.941 0.126066
0.304 0.99 0.246003
0.353 0.01 1.10534
0.353 0.059 0.676958
0.353 0.108 0.376494
0.353 0.157 0.393495
0.353 0.206 0.371402
0.353 0.255 0.177189
0.353 0.304 0.10784
0.353 0.353 0.250406
0.353 0.402 0.443707
0.353 0.451 0.576153
0.353 0.5 1.00178
0.353 0.549 2.02535
0.353 0.598 2.57936
0.353 0.647 1.96345
0.353 0.696 1.05036
0.353 0.745 0.590621
0.353 0.794 0.382838
0.353 0.843 0.147551
0.353 0.892 0.0580335
0.353 0.941 0.182022
0.353 0.99 0.355196
0.402 0.01 1.30257
0.402 0.059 0.79775
0.402 0.108 0.443674
0.402 0.157 0.463708
0.402 0.206 0.437673
0.402 0.255 0.208805
0.402 0.304 0.127083
0.402 0.353 0.295087
0.402 0.402 0.52288
0.402 0.451 0.678959
0.402 0.5 1.18053
0.402 0.549 2.38674
0.402 0.598 3.03961
0.402 0.647 2.3138
0.402 0.696 1.23778
0.402 0.745 0.696008
0.402 0.794 0.451149
0.402 0.843 0.173879
0.402 0.892 0.0683887
0.402 0.941 0.214501
0.402 0.99 0.418575
0.451 0.01 2.05667
0.451 0.059 1.25959
0.451 0.108 0.700531
0.451 0.157 0.732163
0.451 0.206 0.691055
0.451 0.255 0.329689
0.451 0.304 0.200655
0.451 0.353 0.465922
0.451 0.402 0.825591
0.451 0.451 1.07203
0.451 0.5 1.86397
0.451 0.549 3.7685
0.451 0.598 4.79934
0.451 0.647 3.65333
0.451 0.696 1.95438
0.451 0.745 1.09895
0.451 0.794 0.712334
0.451 0.843 0.274543
0.451 0.892 0.107981
0.451 0.941 0.338683
0.451 0.99 0.660902
0.5 0.01 3.31642
0.5 0.059 2.03112
0.5 0.108 1.12962
0.5 0.157 1.18063
0.5 0.206 1.11434
0.5 0.255 0.53163
0.5 0.304 0.32356
0.5 0.353 0.751307
0.5 0.402 1.33128
0.5 0.451 1.72867
0.5 0.5 3.00569
0.5 0.549 6.07678
0.5 0.598 7.73901
0.5 0.647 5.89105
0.5 0.696 3.15147
0.5 0.745 1.77208
0.5 0.794 1.14865
0.5 0.843 0.442706
0.5 0.892 0.174121
0.5 0.941 0.546132
0.5 0.99 1.06572
0.549 0.01 3.54227
0.549 0.059 2.16944
0.549 0.108 1.20654
0.549 0.157 1.26103
0.549 0.206 1.19023
0.549 0.255 0.567834
0.549 0.304 0.345594
0.549 0.353 0.802471
0.549 0.402 1.42194
0.549 0.451 1.84639
0.549 0.5 3.21038
0.549 0.549 6.49061
0.549 0.598 8.26604
0.549 0.647 6.29223
0.549 0.696 3.36608
0.549 0.745 1.89275
0.549 0.794 1.22687
0.549 0.843 0.472854
0.549 0.892 0.185979
0.549 0.941 0.583324
0.549 0.99 1.13829
0.598 0.01 2.45237
0.598 0.059 1.50193
0.598 0.108 0.835309
0.598 0.157 0.873027
0.598 0.206 0.824011
0.598 0.255 0.39312
0.598 0.304 0.23926
0.598 0.353 0.555562
0.598 0.402 0.98443
0.598 0.451 1.27828
0.598 0.5 2.22259
0.598 0.549 4.49354
0.598 0.598 5.7227
0.598 0.647 4.35621
0.598 0.696 2.33039
0.598 0.745 1.31038
0.598 0.794 0.849383
0.598 0.843 0.327364
0.598 0.892 0.128756
0.598 0.941 0.403844
0.598 0.99 0.788055
0.647 0.01 1.33972
0.647 0.059 0.820502
0.647 0.108 0.456327
0.647 0.157 0.476933
0.647 0.206 0.450155
0.647 0.255 0.21476
0.647 0.304 0.130707
0.647 0.353 0.303503
0.647 0.402 0.537792
0.647 0.451 0.698323
0.647 0.5 1.2142
0.647 0.549 2.45481
0.647 0.598 3.1263
0.647 0.647 2.37979
0.647 0.696 1.27309
0.647 0.745 0.715859
0.647 0.794 0.464016
0.647 0.843 0.178838
0.647 0.892 0.0703392
0.647 0.941 0.220619
0.647 0.99 0.430513
0.696 0.01 1.08452
0.696 0.059 0.664205
0.696 0.108 0.369402
0.696 0.157 0.386082
0.696 0.206 0.364405
0.696 0.255 0.173851
0.696 0.304 0.105809
0.696 0.353 0.245689
0.696 0.402 0.435348
0.696 0.451 0.5653
0.696 0.5 0.982906
0.696 0.549 1.9872
0.696 0.598 2.53077
0.696 0.647 1.92646
0.696 0.696 1.03058
0.696 0.745 0.579495
0.696 0.794 0.375626
0.696 0.843 0.144771
0.696 0.892 0.0569403
0.696 0.941 0.178593
0.696 0.99 0.348505
0.745 0.01 0.964233
0.745 0.059 0.590536
0.745 0.108 0.32843
0.745 0.157 0.343261
0.745 0.206 0.323988
0.745 0.255 0.154569
0.745 0.304 0.0940733
0.745 0.353 0.218439
0.745 0.402 0.387063
0.745 0.451 0.502601
0.745 0.5 0.873889
0.745 0.549 1.76679
0.745 0.598 2.25008
0.745 0.647 1.71279
0.745 0.696 0.916272
0.745 0.745 0.515222
0.745 0.794 0.333964
0.745 0.843 0.128714
0.745 0.892 0.0506249
0.745 0.941 0.158785
0.745 0.99 0.309851
0.794 0.01 0.579205
0.794 0.059 0.354729
0.794 0.108 0.197285
0.794 0.157 0.206193
0.794 0.206 0.194616
0.794 0.255 0.0928477
0.794 0.304 0.0565089
0.794 0.353 0.131214
0.794 0.402 0.232505
0.794 0.451 0.301907
0.794 0.5 0.524936
0.794 0.549 1.06129
0.794 0.598 1.3516
0.794 0.647 1.02886
0.794 0.696 0.550395
0.794 0.745 0.309488
0.794 0.794 0.200609
0.794 0.843 0.0773175
0.794 0.892 0.0304099
0.794 0.941 0.0953806
0.794 0.99 0.186124
0.843 0.01 0.578258
0.843 0.059 0.35415
0.843 0.108 0.196963
0.843 0.157 0.205856
0.843 0.206 0.194299
0.843 0.255 0.0926961
0.843 0.304 0.0564166
0.843 0.353 0.130999
0.843 0.402 0.232125
0.843 0.451 0.301414
0.843 0.5 0.524079
0.843 0.549 1.05956
0.843 0.598 1.34939
0.843 0.647 1.02718
0.843 0.696 0.549496
0.843 0.745 0.308983
0.843 0.794 0.200281
0.843 0.843 0.0771912
0.843 0.892 0.0303602
0.843 0.941 0.0952248
0.843 0.99 0.18582
0.892 0.01 0.983316
0.892 0.059 0.602224
0.892 0.108 0.334931
0.892 0.157 0.350054
0.892 0.206 0.3304
0.892 0.255 0.157628
0.892 0.304 0.0959352
0.892 0.353 0.222762
0.892 0.402 0.394723
0.892 0.451 0.512548
0.892 0.5 0.891185
0.892 0.549 1.80176
0.892 0.598 2.29461
0.892 0.647 1.74669
0.892 0.696 0.934406
0.892 0.745 0.525419
0.892 0.794 0.340574
0.892 0.843 0.131262
0.892 0.892 0.0516268
0.892 0.941 0.161928
0.892 0.99 0.315984
0.941 0.01 1.3943
0.941 0.059 0.853928
0.941 0.108 0.474918
0.941 0.157 0.496363
0.941 0.206 0.468494
0.941 0.255 0.223509
0.941 0.304 0.136032
0.941 0.353 0.315867
0.941 0.402 0.559701
0.941 0.451 0.726771
0.941 0.5 1.26366
0.941 0.549 2.55482
0.941 0.598 3.25366
0.941 0.647 2.47674
0.941 0.696 1.32495
0.941 0.745 0.745022
0.941 0.794 0.482919
0.941 0.843 0.186124
0.941 0.892 0.0732047
0.941 0.941 0.229607
0.941 0.99 0.448052
0.99 0.01 1.57067
0.99 0.059 0.961945
0.99 0.108 0.534992
0.99 0.157 0.55915
0.99 0.206 0.527756
0.99 0.255 0.251782
0.99 0.304 0.153239
0.99 0.353 0.355822
0.99 0.402 0.6305
0.99 0.451 0.818704
0.99 0.5 1.42351
0.99 0.549 2.87799
0.99 0.598 3.66523
0.99 0.647 2.79003
0.99 0.696 1.49255
0.99 0.745 0.839263
0.99 0.794 0.544006
0.99 0.843 0.209668
0.99 0.892 0.0824647
0.99 0.941 0.258651
0.99 0.99 0.504727
