0.01 0.01 14.5899
0.01 0.059 8.86706
0.01 0.108 4.59897
0.01 0.157 2.97545
0.01 0.206 1.59496
0.01 0.255 1.64298
0.01 0.304 2.46696
0.01 0.353 2.74217
0.01 0.402 1.66115
0.01 0.451 0.994837
0.01 0.5 1.65324
0.01 0.549 2.57078
0.01 0.598 2.70036
0.01 0.647 1.72845
0.01 0.696 1.6644
0.01 0.745 2.66594
0.01 0.794 2.9247
0.01 0.843 2.17097
0.01 0.892 4.65675
0.01 0.941 15.7914
0.01 0.99 27.7688
0.059 0.01 8.40665
0.059 0.059 5.10917
0.059 0.108 2.64991
0.059 0.157 1.71444
0.059 0.206 0.919011
0.059 0.255 0.94668
0.059 0.304 1.42145
0.059 0.353 1.58003
0.059 0.402 0.957146
0.059 0.451 0.573221
0.059 0.5 0.952591
0.059 0.549 1.48127
0.059 0.598 1.55594
0.059 0.647 0.995923
0.059 0.696 0.95902
0.059 0.745 1.5361
0.059 0.794 1.6852
0.059 0.843 1.2509
0.059 0.892 2.6832
0.059 0.941 9.09892
0.059 0.99 16.0003
0.108 0.01 3.38152
0.108 0.059 2.05513
0.108 0.108 1.06591
0.108 0.157 0.689623
0.108 0.206 0.369667
0.108 0.255 0.380796
0.108 0.304 0.57177
0.108 0.353 0.635556
0.108 0.402 0.385006
0.108 0.451 0.230575
0.108 0.5 0.383174
0.108 0.549 0.595833
0.108 0.598 0.625866
0.108 0.647 0.400604
0.108 0.696 0.38576
0.108 0.745 0.617887
0.108 0.794 0.677862
0.108 0.843 0.503168
0.108 0.892 1.0793
0.108 0.941 3.65999
0.108 0.99 6.43602
0.157 0.01 1.88392
0.157 0.059 1.14496
0.157 0.108 0.59384
0.157 0.157 0.384203
0.157 0.206 0.205949
0.157 0.255 0.212149
0.157 0.304 0.318545
0.157 0.353 0.354081
0.157 0.402 0.214495
0.157 0.451 0.128458
0.157 0.5 0.213474
0.157 0.549 0.331951
0.157 0.598 0.348683
0.157 0.647 0.223185
0.157 0.696 0.214915
0.157 0.745 0.344238
0.157 0.794 0.377651
0.157 0.843 0.280325
0.157 0.892 0.601301
0.157 0.941 2.03905
0.157 0.99 3.58564
0.206 0.01 0.782899
0.206 0.059 0.47581
0.206 0.108 0.246782
0.206 0.157 0.159663
0.206 0.206 0.0855862
0.206 0.255 0.088163
0.206 0.304 0.132378
0.206 0.353 0.147146
0.206 0.402 0.0891377
0.206 0.451 0.0533833
0.206 0.5 0.0887135
0.206 0.549 0.137949
0.206 0.598 0.144902
0.206 0.647 0.0927489
0.206 0.696 0.0893122
0.206 0.745 0.143055
0.206 0.794 0.15694
0.206 0.843 0.116495
0.206 0.892 0.249883
0.206 0.941 0.84737
0.206 0.99 1.49008
0.255 0.01 0.32843
0.255 0.059 0.199605
0.255 0.108 0.103527
0.255 0.157 0.0669797
0.255 0.206 0.0359039
0.255 0.255 0.0369849
0.255 0.304 0.0555332
0.255 0.353 0.0617284
0.255 0.402 0.0373938
0.255 0.451 0.0223946
0.255 0.5 0.0372158
0.255 0.549 0.0578703
0.255 0.598 0.0607872
0.255 0.647 0.0389087
0.255 0.696 0.0374669
0.255 0.745 0.0600123
0.255 0.794 0.0658374
0.255 0.843 0.0488702
0.255 0.892 0.104827
0.255 0.941 0.355476
0.255 0.99 0.625098
0.304 0.01 0.643965
0.304 0.059 0.391372
0.304 0.108 0.202988
0.304 0.157 0.131329
0.304 0.206 0.070398
0.304 0.255 0.0725175
0.304 0.304 0.108886
0.304 0.353 0.121033
0.304 0.402 0.0733193
0.304 0.451 0.0439099
0.304 0.5 0.0729703
0.304 0.549 0.113468
0.304 0.598 0.119188
0.304 0.647 0.0762896
0.304 0.696 0.0734628
0.304 0.745 0.117668
0.304 0.794 0.12909
0.304 0.843 0.0958216
0.304 0.892 0.205538
0.304 0.941 0.696995
0.304 0.99 1.22565
0.353 0.01 0.874026
0.353 0.059 0.531192
0.353 0.108 0.275507
0.353 0.157 0.178248
0.353 0.206 0.0955481
0.353 0.255 0.0984248
0.353 0.304 0.147786
0.353 0.353 0.164273
0.353 0.402 0.099513
0.353 0.451 0.0595969
0.353 0.5 0.0990394
0.353 0.549 0.154006
0.353 0.598 0.161768
0.353 0.647 0.103545
0.353 0.696 0.0997078
0.353 0.745 0.159706
0.353 0.794 0.175208
0.353 0.843 0.130054
0.353 0.892 0.278968
0.353 0.941 0.946001
0.353 0.99 1.66352
0.402 0.01 0.990407
0.402 0.059 0.601923
0.402 0.108 0.312192
0.402 0.157 0.201982
0.402 0.206 0.108271
0.402 0.255 0.111531
0.402 0.304 0.167464
0.402 0.353 0.186147
0.402 0.402 0.112764
0.402 0.451 0.0675325
0.402 0.5 0.112227
0.402 0.549 0.174512
0.402 0.598 0.183308
0.402 0.647 0.117332
0.402 0.696 0.112984
0.402 0.745 0.180972
0.402 0.794 0.198537
0.402 0.843 0.147372
0.402 0.892 0.316114
0.402 0.941 1.07197
0.402 0.99 1.88503
0.451 0.01 1.55352
0.451 0.059 0.944155
0.451 0.108 0.489693
0.451 0.157 0.316822
0.451 0.206 0.16983
0.451 0.255 0.174943
0.451 0.304 0.262679
0.451 0.353 0.291983
0.451 0.402 0.176877
0.451 0.451 0.105929
0.451 0.5 0.176035
0.451 0.549 0.273734
0.451 0.598 0.287531
0.451 0.647 0.184043
0.451 0.696 0.177223
0.451 0.745 0.283866
0.451 0.794 0.311419
0.451 0.843 0.231162
0.451 0.892 0.495846
0.451 0.941 1.68145
0.451 0.99 2.95679
0.5 0.01 1.35645
0.5 0.059 0.824387
0.5 0.108 0.427575
0.5 0.157 0.276633
0.5 0.206 0.148287
0.5 0.255 0.152751
0.5 0.304 0.229357
0.5 0.353 0.254944
0.5 0.402 0.15444
0.5 0.451 0.0924918
0.5 0.5 0.153705
0.5 0.549 0.23901
0.5 0.598 0.251057
0.5 0.647 0.160697
0.5 0.696 0.154742
0.5 0.745 0.247857
0.5 0.794 0.271915
0.5 0.843 0.201839
0.5 0.892 0.432947
0.5 0.941 1.46815
0.5 0.99 2.58172
0.549 0.01 0.471104
0.549 0.059 0.286315
0.549 0.108 0.148499
0.549 0.157 0.0960763
0.549 0.206 0.0515009
0.549 0.255 0.0530514
0.549 0.304 0.0796573
0.549 0.353 0.0885438
0.549 0.402 0.053638
0.549 0.451 0.032123
0.549 0.5 0.0533827
0.549 0.549 0.0830097
0.549 0.598 0.0871938
0.549 0.647 0.055811
0.549 0.696 0.0537429
0.549 0.745 0.0860823
0.549 0.794 0.0944378
0.549 0.843 0.0700999
0.549 0.892 0.150365
0.549 0.941 0.509899
0.549 0.99 0.896647
0.598 0.01 0.0830427
0.598 0.059 0.0504695
0.598 0.108 0.0261764
0.598 0.157 0.0169356
0.598 0.206 0.00907819
0.598 0.255 0.00935151
0.598 0.304 0.0140414
0.598 0.353 0.0156079
0.598 0.402 0.0094549
0.598 0.451 0.0056624
0.598 0.5 0.0094099
0.598 0.549 0.0146323
0.598 0.598 0.0153699
0.598 0.647 0.00983795
0.598 0.696 0.00947341
0.598 0.745 0.0151739
0.598 0.794 0.0166468
0.598 0.843 0.0123567
0.598 0.892 0.0265053
0.598 0.941 0.0898811
0.598 0.99 0.158054
0.647 0.01 0.18503
0.647 0.059 0.112453
0.647 0.108 0.0583245
0.647 0.157 0.0377349
0.647 0.206 0.0202274
0.647 0.255 0.0208364
0.647 0.304 0.0312861
0.647 0.353 0.0347764
0.647 0.402 0.0210668
0.647 0.451 0.0126166
0.647 0.5 0.0209665
0.647 0.549 0.0326028
0.647 0.598 0.0342462
0.647 0.647 0.0219203
0.647 0.696 0.021108
0.647 0.745 0.0338096
0.647 0.794 0.0370913
0.647 0.843 0.0275324
0.647 0.892 0.0590573
0.647 0.941 0.200267
0.647 0.99 0.352166
0.696 0.01 0.648275
0.696 0.059 0.393991
0.696 0.108 0.204347
0.696 0.157 0.132208
0.696 0.206 0.0708692
0.696 0.255 0.0730029
0.696 0.304 0.109615
0.696 0.353 0.121843
0.696 0.402 0.07381
0.696 0.451 0.0442037
0.696 0.5 0.0734587
0.696 0.549 0.114228
0.696 0.598 0.119985
0.696 0.647 0.0768002
0.696 0.696 0.0739544
0.696 0.745 0.118456
0.696 0.794 0.129954
0.696 0.843 0.0964629
0.696 0.892 0.206914
0.696 0.941 0.70166
0.696 0.99 1.23386
0.745 0.01 1.14638
0.745 0.059 0.696719
0.745 0.108 0.361359
0.745 0.157 0.233792
0.745 0.206 0.125322
0.745 0.255 0.129095
0.745 0.304 0.193838
0.745 0.353 0.215463
0.745 0.402 0.130523
0.745 0.451 0.0781681
0.745 0.5 0.129901
0.745 0.549 0.201996
0.745 0.598 0.212177
0.745 0.647 0.13581
0.745 0.696 0.130778
0.745 0.745 0.209473
0.745 0.794 0.229805
0.745 0.843 0.170581
0.745 0.892 0.365899
0.745 0.941 1.24079
0.745 0.99 2.1819
0.794 0.01 1.61456
0.794 0.059 0.981255
0.794 0.108 0.508935
0.794 0.157 0.329272
0.794 0.206 0.176503
0.794 0.255 0.181817
0.794 0.304 0.273
0.794 0.353 0.303456
0.794 0.402 0.183827
0.794 0.451 0.110092
0.794 0.5 0.182952
0.794 0.549 0.28449
0.794 0.598 0.298829
0.794 0.647 0.191275
0.794 0.696 0.184187
0.794 0.745 0.29502
0.794 0.794 0.323656
0.794 0.843 0.240246
0.794 0.892 0.51533
0.794 0.941 1.74752
0.794 0.99 3.07298
0.843 0.01 1.85789
0.843 0.059 1.12914
0.843 0.108 0.585635
0.843 0.157 0.378895
0.843 0.206 0.203103
0.843 0.255 0.209218
0.843 0.304 0.314144
0.843 0.353 0.349189
0.843 0.402 0.211531
0.843 0.451 0.126683
0.843 0.5 0.210525
0.843 0.549 0.327364
0.843 0.598 0.343865
0.843 0.647 0.220101
0.843 0.696 0.211945
0.843 0.745 0.339482
0.843 0.794 0.372433
0.843 0.843 0.276452
0.843 0.892 0.592993
0.843 0.941 2.01088
0.843 0.99 3.5361
0.892 0.01 3.09431
0.892 0.059 1.88057
0.892 0.108 0.975374
0.892 0.157 0.631049
0.892 0.206 0.338268
0.892 0.255 0.348453
0.892 0.304 0.523205
0.892 0.353 0.581574
0.892 0.402 0.352305
0.892 0.451 0.21099
0.892 0.5 0.350628
0.892 0.549 0.545224
0.892 0.598 0.572707
0.892 0.647 0.366578
0.892 0.696 0.352995
0.892 0.745 0.565406
0.892 0.794 0.620286
0.892 0.843 0.460431
0.892 0.892 0.987629
0.892 0.941 3.34912
0.892 0.99 5.88936
0.941 0.01 10.6565
0.941 0.059 6.47654
0.941 0.108 3.35911
0.941 0.157 2.17328
0.941 0.206 1.16497
0.941 0.255 1.20004
0.941 0.304 1.80188
0.941 0.353 2.00289
0.941 0.402 1.21331
0.941 0.451 0.726634
0.941 0.5 1.20754
0.941 0.549 1.87771
0.941 0.598 1.97235
0.941 0.647 1.26246
0.941 0.696 1.21568
0.941 0.745 1.94721
0.941 0.794 2.13622
0.941 0.843 1.58569
0.941 0.892 3.40131
0.941 0.941 11.5341
0.941 0.99 20.2825
0.99 0.01 19.78
0.99 0.059 12.0213
0.99 0.108 6.23496
0.99 0.157 4.0339
0.99 0.206 2.16234
0.99 0.255 2.22744
0.99 0.304 3.34452
0.99 0.353 3.71764
0.99 0.402 2.25206
0.99 0.451 1.34873
0.99 0.5 2.24135
0.99 0.549 3.48528
0.99 0.598 3.66095
0.99 0.647 2.3433
0.99 0.696 2.25647
0.99 0.745 3.61429
0.99 0.794 3.9651
0.99 0.843 2.94324
0.99 0.892 6.31329
0.99 0.941 21.4088
0.99 0.99 37.647
