0.01 0.01 0.000418174
0.01 0.059 0.000242119
0.01 0.108 9.85633e-05
0.01 0.157 0.000111884
0.01 0.206 0.000167228
0.01 0.255 0.000166773
0.01 0.304 8.10139e-05
0.01 0.353 2.5639e-05
0.01 0.402 4.65723e-05
0.01 0.451 8.93521e-05
0.01 0.5 0.000121029
0.01 0.549 0.000160738
0.01 0.598 0.000125022
0.01 0.647 8.08816e-05
0.01 0.696 0.000162049
0.01 0.745 0.000295548
0.01 0.794 0.000362365
0.01 0.843 0.000369084
0.01 0.892 0.000502585
0.01 0.941 0.00117721
0.01 0.99 0.00200293
0.059 0.01 0.00828064
0.059 0.059 0.00479441
0.059 0.108 0.00195174
0.059 0.157 0.00221552
0.059 0.206 0.00331144
0.059 0.255 0.00330243
0.059 0.304 0.00160423
0.059 0.353 0.000507701
0.059 0.402 0.000922221
0.059 0.451 0.00176934
0.059 0.5 0.00239661
0.059 0.549 0.00318292
0.059 0.598 0.00247567
0.059 0.647 0.00160161
0.059 0.696 0.00320887
0.059 0.745 0.00585241
0.059 0.794 0.00717551
0.059 0.843 0.00730856
0.059 0.892 0.00995214
0.059 0.941 0.0233111
0.059 0.99 0.0396618
0.108 0.01 0.0757912
0.108 0.059 0.0438824
0.108 0.108 0.0178639
0.108 0.157 0.0202782
0.108 0.206 0.030309
0.108 0.255 0.0302265
0.108 0.304 0.0146832
0.108 0.353 0.0046469
0.108 0.402 0.00844092
0.108 0.451 0.0161945
0.108 0.5 0.0219357
0.108 0.549 0.0291327
0.108 0.598 0.0226593
0.108 0.647 0.0146592
0.108 0.696 0.0293702
0.108 0.745 0.0535661
0.108 0.794 0.0656761
0.108 0.843 0.066894
0.108 0.892 0.0910902
0.108 0.941 0.213362
0.108 0.99 0.363018
0.157 0.01 0.266244
0.157 0.059 0.154153
0.157 0.108 0.0627535
0.157 0.157 0.0712345
0.157 0.206 0.106471
0.157 0.255 0.106182
0.157 0.304 0.0515801
0.157 0.353 0.0163239
0.157 0.402 0.0296518
0.157 0.451 0.0568889
0.157 0.5 0.0770571
0.157 0.549 0.102339
0.157 0.598 0.079599
0.157 0.647 0.0514959
0.157 0.696 0.103173
0.157 0.745 0.18817
0.157 0.794 0.230711
0.157 0.843 0.234989
0.157 0.892 0.319987
0.157 0.941 0.749511
0.157 0.99 1.27523
0.206 0.01 0.374322
0.206 0.059 0.216729
0.206 0.108 0.0882274
0.206 0.157 0.100151
0.206 0.206 0.149692
0.206 0.255 0.149285
0.206 0.304 0.0725183
0.206 0.353 0.0229504
0.206 0.402 0.0416885
0.206 0.451 0.0799822
0.206 0.5 0.108337
0.206 0.549 0.143882
0.206 0.598 0.111911
0.206 0.647 0.0724
0.206 0.696 0.145055
0.206 0.745 0.264555
0.206 0.794 0.324365
0.206 0.843 0.33038
0.206 0.892 0.449882
0.206 0.941 1.05377
0.206 0.99 1.79289
0.255 0.01 0.345037
0.255 0.059 0.199773
0.255 0.108 0.0813249
0.255 0.157 0.0923159
0.255 0.206 0.137981
0.255 0.255 0.137605
0.255 0.304 0.0668448
0.255 0.353 0.0211548
0.255 0.402 0.038427
0.255 0.451 0.0737247
0.255 0.5 0.0998616
0.255 0.549 0.132625
0.255 0.598 0.103156
0.255 0.647 0.0667357
0.255 0.696 0.133707
0.255 0.745 0.243858
0.255 0.794 0.298988
0.255 0.843 0.304532
0.255 0.892 0.414685
0.255 0.941 0.971324
0.255 0.99 1.65262
0.304 0.01 0.584458
0.304 0.059 0.338395
0.304 0.108 0.137756
0.304 0.157 0.156374
0.304 0.206 0.233725
0.304 0.255 0.233089
0.304 0.304 0.113228
0.304 0.353 0.0358342
0.304 0.402 0.0650915
0.304 0.451 0.124882
0.304 0.5 0.169156
0.304 0.549 0.224654
0.304 0.598 0.174736
0.304 0.647 0.113044
0.304 0.696 0.226486
0.304 0.745 0.41307
0.304 0.794 0.506456
0.304 0.843 0.515847
0.304 0.892 0.702434
0.304 0.941 1.64532
0.304 0.99 2.79938
0.353 0.01 0.736751
0.353 0.059 0.426572
0.353 0.108 0.173652
0.353 0.157 0.197121
0.353 0.206 0.294628
0.353 0.255 0.293826
0.353 0.304 0.142733
0.353 0.353 0.0451716
0.353 0.402 0.0820525
0.353 0.451 0.157423
0.353 0.5 0.213233
0.353 0.549 0.283193
0.353 0.598 0.220267
0.353 0.647 0.1425
0.353 0.696 0.285502
0.353 0.745 0.520705
0.353 0.794 0.638424
0.353 0.843 0.650263
0.353 0.892 0.885469
0.353 0.941 2.07405
0.353 0.99 3.52882
0.402 0.01 0.594162
0.402 0.059 0.344014
0.402 0.108 0.140044
0.402 0.157 0.15897
0.402 0.206 0.237606
0.402 0.255 0.23696
0.402 0.304 0.115108
0.402 0.353 0.0364292
0.402 0.402 0.0661723
0.402 0.451 0.126956
0.402 0.5 0.171964
0.402 0.549 0.228384
0.402 0.598 0.177637
0.402 0.647 0.114921
0.402 0.696 0.230246
0.402 0.745 0.419929
0.402 0.794 0.514865
0.402 0.843 0.524413
0.402 0.892 0.714098
0.402 0.941 1.67264
0.402 0.99 2.84586
0.451 0.01 0.986665
0.451 0.059 0.571269
0.451 0.108 0.232556
0.451 0.157 0.263986
0.451 0.206 0.394568
0.451 0.255 0.393495
0.451 0.304 0.191149
0.451 0.353 0.0604942
0.451 0.402 0.109886
0.451 0.451 0.210823
0.451 0.5 0.285563
0.451 0.549 0.379255
0.451 0.598 0.294984
0.451 0.647 0.190837
0.451 0.696 0.382347
0.451 0.745 0.697333
0.451 0.794 0.854984
0.451 0.843 0.870839
0.451 0.892 1.18583
0.451 0.941 2.77759
0.451 0.99 4.72583
0.5 0.01 1.6487
0.5 0.059 0.954579
0.5 0.108 0.388596
0.5 0.157 0.441115
0.5 0.206 0.659315
0.5 0.255 0.657521
0.5 0.304 0.319406
0.5 0.353 0.101085
0.5 0.402 0.183616
0.5 0.451 0.35228
0.5 0.5 0.477171
0.5 0.549 0.633726
0.5 0.598 0.492911
0.5 0.647 0.318884
0.5 0.696 0.638893
0.5 0.745 1.16523
0.5 0.794 1.42866
0.5 0.843 1.45515
0.5 0.892 1.9815
0.5 0.941 4.64129
0.5 0.99 7.89677
0.549 0.01 1.61993
0.549 0.059 0.937925
0.549 0.108 0.381817
0.549 0.157 0.433419
0.549 0.206 0.647812
0.549 0.255 0.64605
0.549 0.304 0.313833
0.549 0.353 0.099321
0.549 0.402 0.180413
0.549 0.451 0.346134
0.549 0.5 0.468846
0.549 0.549 0.62267
0.549 0.598 0.484312
0.549 0.647 0.313321
0.549 0.696 0.627747
0.549 0.745 1.1449
0.549 0.794 1.40374
0.549 0.843 1.42977
0.549 0.892 1.94693
0.549 0.941 4.56032
0.549 0.99 7.759
0.598 0.01 1.02419
0.598 0.059 0.592994
0.598 0.108 0.2414
0.598 0.157 0.274025
0.598 0.206 0.409573
0.598 0.255 0.408459
0.598 0.304 0.198418
0.598 0.353 0.0627947
0.598 0.402 0.114064
0.598 0.451 0.21884
0.598 0.5 0.296423
0.598 0.549 0.393677
0.598 0.598 0.306201
0.598 0.647 0.198094
0.598 0.696 0.396887
0.598 0.745 0.723852
0.598 0.794 0.887498
0.598 0.843 0.903956
0.598 0.892 1.23093
0.598 0.941 2.88322
0.598 0.99 4.90555
0.647 0.01 0.755092
0.647 0.059 0.43719
0.647 0.108 0.177974
0.647 0.157 0.202028
0.647 0.206 0.301962
0.647 0.255 0.30114
0.647 0.304 0.146286
0.647 0.353 0.046296
0.647 0.402 0.0840951
0.647 0.451 0.161342
0.647 0.5 0.218541
0.647 0.549 0.290242
0.647 0.598 0.22575
0.647 0.647 0.146047
0.647 0.696 0.292609
0.647 0.745 0.533667
0.647 0.794 0.654317
0.647 0.843 0.66645
0.647 0.892 0.907512
0.647 0.941 2.12568
0.647 0.99 3.61667
0.696 0.01 0.963864
0.696 0.059 0.558068
0.696 0.108 0.227182
0.696 0.157 0.257885
0.696 0.206 0.38545
0.696 0.255 0.384401
0.696 0.304 0.186732
0.696 0.353 0.0590963
0.696 0.402 0.107346
0.696 0.451 0.205951
0.696 0.5 0.278964
0.696 0.549 0.37049
0.696 0.598 0.288167
0.696 0.647 0.186427
0.696 0.696 0.373511
0.696 0.745 0.681219
0.696 0.794 0.835227
0.696 0.843 0.850715
0.696 0.892 1.15843
0.696 0.941 2.7134
0.696 0.99 4.61662
0.745 0.01 1.09644
0.745 0.059 0.63483
0.745 0.108 0.258431
0.745 0.157 0.293358
0.745 0.206 0.438469
0.745 0.255 0.437276
0.745 0.304 0.212417
0.745 0.353 0.067225
0.745 0.402 0.122112
0.745 0.451 0.234279
0.745 0.5 0.317336
0.745 0.549 0.421452
0.745 0.598 0.327804
0.745 0.647 0.21207
0.745 0.696 0.424888
0.745 0.745 0.774921
0.745 0.794 0.950113
0.745 0.843 0.967731
0.745 0.892 1.31777
0.745 0.941 3.08663
0.745 0.99 5.25164
0.794 0.01 1.46245
0.794 0.059 0.846744
0.794 0.108 0.344698
0.794 0.157 0.391284
0.794 0.206 0.584835
0.794 0.255 0.583244
0.794 0.304 0.283324
0.794 0.353 0.0896655
0.794 0.402 0.162874
0.794 0.451 0.312485
0.794 0.5 0.423267
0.794 0.549 0.562137
0.794 0.598 0.437229
0.794 0.647 0.282861
0.794 0.696 0.56672
0.794 0.745 1.0336
0.794 0.794 1.26727
0.794 0.843 1.29077
0.794 0.892 1.75765
0.794 0.941 4.11699
0.794 0.99 7.0047
0.843 0.01 2.3043
0.843 0.059 1.33416
0.843 0.108 0.543121
0.843 0.157 0.616523
0.843 0.206 0.92149
0.843 0.255 0.918983
0.843 0.304 0.446417
0.843 0.353 0.141281
0.843 0.402 0.256631
0.843 0.451 0.492364
0.843 0.5 0.666916
0.843 0.549 0.885726
0.843 0.598 0.688916
0.843 0.647 0.445688
0.843 0.696 0.892948
0.843 0.745 1.62858
0.843 0.794 1.99676
0.843 0.843 2.03379
0.843 0.892 2.76943
0.843 0.941 6.48689
0.843 0.99 11.0369
0.892 0.01 3.21231
0.892 0.059 1.8599
0.892 0.108 0.75714
0.892 0.157 0.859466
0.892 0.206 1.28461
0.892 0.255 1.28111
0.892 0.304 0.622329
0.892 0.353 0.196953
0.892 0.402 0.357758
0.892 0.451 0.686382
0.892 0.5 0.929717
0.892 0.549 1.23475
0.892 0.598 0.960387
0.892 0.647 0.621313
0.892 0.696 1.24482
0.892 0.745 2.27033
0.892 0.794 2.7836
0.892 0.843 2.83521
0.892 0.892 3.86074
0.892 0.941 9.04308
0.892 0.99 15.386
0.941 0.01 5.31088
0.941 0.059 3.07495
0.941 0.108 1.25177
0.941 0.157 1.42095
0.941 0.206 2.12383
0.941 0.255 2.11805
0.941 0.304 1.02889
0.941 0.353 0.32562
0.941 0.402 0.591477
0.941 0.451 1.13479
0.941 0.5 1.53709
0.941 0.549 2.0414
0.941 0.598 1.5878
0.941 0.647 1.02721
0.941 0.696 2.05804
0.941 0.745 3.75351
0.941 0.794 4.60209
0.941 0.843 4.68743
0.941 0.892 6.38292
0.941 0.941 14.9508
0.941 0.99 25.4376
0.99 0.01 7.72176
0.99 0.059 4.47082
0.99 0.108 1.82001
0.99 0.157 2.06599
0.99 0.206 3.08794
0.99 0.255 3.07954
0.99 0.304 1.49596
0.99 0.353 0.473435
0.99 0.402 0.859978
0.99 0.451 1.64993
0.99 0.5 2.23486
0.99 0.549 2.96809
0.99 0.598 2.30858
0.99 0.647 1.49351
0.99 0.696 2.99229
0.99 0.745 5.45742
0.99 0.794 6.69121
0.99 0.843 6.81529
0.99 0.892 9.28045
0.99 0.941 21.7378
0.99 0.99 36.985
