0.01 0.01 3.95254
0.01 0.059 2.41876
0.01 0.108 1.16358
0.01 0.157 0.914116
0.01 0.206 1.2859
0.01 0.255 1.27317
0.01 0.304 0.89824
0.01 0.353 1.82014
0.01 0.402 4.70925
0.01 0.451 8.89247
0.01 0.5 10.8153
0.01 0.549 7.94735
0.01 0.598 3.98815
0.01 0.647 1.85396
0.01 0.696 0.644064
0.01 0.745 0.106389
0.01 0.794 0.00734511
0.01 0.843 0.00988233
0.01 0.892 0.130192
0.01 0.941 0.668794
0.01 0.99 1.31505
0.059 0.01 2.4082
0.059 0.059 1.4737
0.059 0.108 0.708943
0.059 0.157 0.556951
0.059 0.206 0.78347
0.059 0.255 0.775713
0.059 0.304 0.547278
0.059 0.353 1.10897
0.059 0.402 2.86925
0.059 0.451 5.41799
0.059 0.5 6.58955
0.059 0.549 4.84215
0.059 0.598 2.4299
0.059 0.647 1.12958
0.059 0.696 0.392415
0.059 0.745 0.0648207
0.059 0.794 0.00447522
0.059 0.843 0.0060211
0.059 0.892 0.0793229
0.059 0.941 0.407482
0.059 0.99 0.801231
0.108 0.01 0.806423
0.108 0.059 0.493492
0.108 0.108 0.237401
0.108 0.157 0.186504
0.108 0.206 0.262357
0.108 0.255 0.25976
0.108 0.304 0.183265
0.108 0.353 0.371356
0.108 0.402 0.960812
0.108 0.451 1.8143
0.108 0.5 2.20661
0.108 0.549 1.62147
0.108 0.598 0.813689
0.108 0.647 0.378258
0.108 0.696 0.131406
0.108 0.745 0.0217062
0.108 0.794 0.0014986
0.108 0.843 0.00201626
0.108 0.892 0.0265625
0.108 0.941 0.136452
0.108 0.99 0.268305
0.157 0.01 0.395021
0.157 0.059 0.241733
0.157 0.108 0.116289
0.157 0.157 0.0913575
0.157 0.206 0.128514
0.157 0.255 0.127241
0.157 0.304 0.0897708
0.157 0.353 0.181906
0.157 0.402 0.470647
0.157 0.451 0.888721
0.157 0.5 1.08089
0.157 0.549 0.794265
0.157 0.598 0.398579
0.157 0.647 0.185287
0.157 0.696 0.0643683
0.157 0.745 0.0106326
0.157 0.794 0.000734077
0.157 0.843 0.000987649
0.157 0.892 0.0130114
0.157 0.941 0.0668399
0.157 0.99 0.131427
0.206 0.01 0.512319
0.206 0.059 0.313514
0.206 0.108 0.15082
0.206 0.157 0.118485
0.206 0.206 0.166675
0.206 0.255 0.165025
0.206 0.304 0.116428
0.206 0.353 0.235922
0.206 0.402 0.610402
0.206 0.451 1.15262
0.206 0.5 1.40186
0.206 0.549 1.03012
0.206 0.598 0.516935
0.206 0.647 0.240306
0.206 0.696 0.0834821
0.206 0.745 0.0137899
0.206 0.794 0.000952056
0.206 0.843 0.00128092
0.206 0.892 0.0168751
0.206 0.941 0.0866875
0.206 0.99 0.170453
0.255 0.01 0.6999
0.255 0.059 0.428305
0.255 0.108 0.206042
0.255 0.157 0.161868
0.255 0.206 0.227701
0.255 0.255 0.225447
0.255 0.304 0.159057
0.255 0.353 0.322302
0.255 0.402 0.833895
0.255 0.451 1.57464
0.255 0.5 1.91513
0.255 0.549 1.40728
0.255 0.598 0.706206
0.255 0.647 0.328293
0.255 0.696 0.114048
0.255 0.745 0.018839
0.255 0.794 0.00130064
0.255 0.843 0.00174992
0.255 0.892 0.0230538
0.255 0.941 0.118427
0.255 0.99 0.232863
0.304 0.01 0.823534
0.304 0.059 0.503962
0.304 0.108 0.242438
0.304 0.157 0.190461
0.304 0.206 0.267924
0.304 0.255 0.265271
0.304 0.304 0.187153
0.304 0.353 0.379235
0.304 0.402 0.981198
0.304 0.451 1.85279
0.304 0.5 2.25343
0.304 0.549 1.65587
0.304 0.598 0.830953
0.304 0.647 0.386284
0.304 0.696 0.134194
0.304 0.745 0.0221668
0.304 0.794 0.00153039
0.304 0.843 0.00205904
0.304 0.892 0.0271261
0.304 0.941 0.139347
0.304 0.99 0.273997
0.353 0.01 0.478033
0.353 0.059 0.292533
0.353 0.108 0.140727
0.353 0.157 0.110556
0.353 0.206 0.15552
0.353 0.255 0.153981
0.353 0.304 0.108636
0.353 0.353 0.220133
0.353 0.402 0.569551
0.353 0.451 1.07548
0.353 0.5 1.30804
0.353 0.549 0.961176
0.353 0.598 0.482339
0.353 0.647 0.224224
0.353 0.696 0.0778951
0.353 0.745 0.012867
0.353 0.794 0.00088834
0.353 0.843 0.0011952
0.353 0.892 0.0157458
0.353 0.941 0.080886
0.353 0.99 0.159046
0.402 0.01 0.111486
0.402 0.059 0.0682237
0.402 0.108 0.0328199
0.402 0.157 0.0257836
0.402 0.206 0.0362701
0.402 0.255 0.035911
0.402 0.304 0.0253358
0.402 0.353 0.0513388
0.402 0.402 0.132829
0.402 0.451 0.250821
0.402 0.5 0.305058
0.402 0.549 0.224163
0.402 0.598 0.11249
0.402 0.647 0.052293
0.402 0.696 0.0181665
0.402 0.745 0.00300082
0.402 0.794 0.000207176
0.402 0.843 0.000278741
0.402 0.892 0.00367219
0.402 0.941 0.018864
0.402 0.99 0.0370923
0.451 0.01 0.0270898
0.451 0.059 0.0165776
0.451 0.108 0.00797488
0.451 0.157 0.00626512
0.451 0.206 0.00881322
0.451 0.255 0.00872597
0.451 0.304 0.00615631
0.451 0.353 0.0124748
0.451 0.402 0.0322761
0.451 0.451 0.0609468
0.451 0.5 0.0741256
0.451 0.549 0.0544691
0.451 0.598 0.0273338
0.451 0.647 0.0127066
0.451 0.696 0.00441426
0.451 0.745 0.000729166
0.451 0.794 5.03416e-05
0.451 0.843 6.77311e-05
0.451 0.892 0.0008923
0.451 0.941 0.00458375
0.451 0.99 0.00901301
0.5 0.01 0.123821
0.5 0.059 0.0757725
0.5 0.108 0.0364514
0.5 0.157 0.0286365
0.5 0.206 0.0402832
0.5 0.255 0.0398844
0.5 0.304 0.0281391
0.5 0.353 0.0570193
0.5 0.402 0.147527
0.5 0.451 0.278574
0.5 0.5 0.338811
0.5 0.549 0.248966
0.5 0.598 0.124937
0.5 0.647 0.0580791
0.5 0.696 0.0201766
0.5 0.745 0.00333285
0.5 0.794 0.0002301
0.5 0.843 0.000309583
0.5 0.892 0.0040785
0.5 0.941 0.0209513
0.5 0.99 0.0411964
0.549 0.01 0.341944
0.549 0.059 0.209253
0.549 0.108 0.100664
0.549 0.157 0.0790824
0.549 0.206 0.111246
0.549 0.255 0.110145
0.549 0.304 0.0777089
0.549 0.353 0.157464
0.549 0.402 0.407409
0.549 0.451 0.769309
0.549 0.5 0.93566
0.549 0.549 0.687544
0.549 0.598 0.345025
0.549 0.647 0.160391
0.549 0.696 0.0557196
0.549 0.745 0.009204
0.549 0.794 0.000635443
0.549 0.843 0.000854945
0.549 0.892 0.0112632
0.549 0.941 0.057859
0.549 0.99 0.113768
0.598 0.01 0.415244
0.598 0.059 0.254109
0.598 0.108 0.122243
0.598 0.157 0.0960346
0.598 0.206 0.135093
0.598 0.255 0.133756
0.598 0.304 0.0943668
0.598 0.353 0.191219
0.598 0.402 0.494742
0.598 0.451 0.93422
0.598 0.5 1.13623
0.598 0.549 0.834928
0.598 0.598 0.418985
0.598 0.647 0.194773
0.598 0.696 0.0676637
0.598 0.745 0.011177
0.598 0.794 0.000771659
0.598 0.843 0.00103821
0.598 0.892 0.0136776
0.598 0.941 0.0702618
0.598 0.99 0.138156
0.647 0.01 0.487878
0.647 0.059 0.298558
0.647 0.108 0.143625
0.647 0.157 0.112833
0.647 0.206 0.158723
0.647 0.255 0.157152
0.647 0.304 0.110873
0.647 0.353 0.224667
0.647 0.402 0.581282
0.647 0.451 1.09763
0.647 0.5 1.33498
0.647 0.549 0.980973
0.647 0.598 0.492274
0.647 0.647 0.228842
0.647 0.696 0.0794994
0.647 0.745 0.0131321
0.647 0.794 0.000906636
0.647 0.843 0.00121982
0.647 0.892 0.0160701
0.647 0.941 0.0825519
0.647 0.99 0.162322
0.696 0.01 0.769053
0.696 0.059 0.470623
0.696 0.108 0.226399
0.696 0.157 0.177861
0.696 0.206 0.250199
0.696 0.255 0.247722
0.696 0.304 0.174772
0.696 0.353 0.354147
0.696 0.402 0.916288
0.696 0.451 1.73022
0.696 0.5 2.10436
0.696 0.549 1.54633
0.696 0.598 0.775982
0.696 0.647 0.360729
0.696 0.696 0.125317
0.696 0.745 0.0207004
0.696 0.794 0.00142915
0.696 0.843 0.00192282
0.696 0.892 0.0253316
0.696 0.941 0.130128
0.696 0.99 0.255871
0.745 0.01 0.6211
0.745 0.059 0.380083
0.745 0.108 0.182844
0.745 0.157 0.143643
0.745 0.206 0.202065
0.745 0.255 0.200064
0.745 0.304 0.141149
0.745 0.353 0.286015
0.745 0.402 0.740009
0.745 0.451 1.39736
0.745 0.5 1.69951
0.745 0.549 1.24884
0.745 0.598 0.626696
0.745 0.647 0.291331
0.745 0.696 0.101208
0.745 0.745 0.0167179
0.745 0.794 0.00115421
0.745 0.843 0.0015529
0.745 0.892 0.0204582
0.745 0.941 0.105094
0.745 0.99 0.206646
0.794 0.01 0.231829
0.794 0.059 0.141868
0.794 0.108 0.0682475
0.794 0.157 0.0536158
0.794 0.206 0.0754219
0.794 0.255 0.0746752
0.794 0.304 0.0526846
0.794 0.353 0.106757
0.794 0.402 0.276213
0.794 0.451 0.521571
0.794 0.5 0.634353
0.794 0.549 0.466137
0.794 0.598 0.233918
0.794 0.647 0.108741
0.794 0.696 0.0377764
0.794 0.745 0.00624007
0.794 0.794 0.000430814
0.794 0.843 0.00057963
0.794 0.892 0.00763614
0.794 0.941 0.0392269
0.794 0.99 0.0771317
0.843 0.01 0.350536
0.843 0.059 0.214511
0.843 0.108 0.103193
0.843 0.157 0.0810694
0.843 0.206 0.114041
0.843 0.255 0.112912
0.843 0.304 0.0796614
0.843 0.353 0.161421
0.843 0.402 0.417646
0.843 0.451 0.788639
0.843 0.5 0.95917
0.843 0.549 0.70482
0.843 0.598 0.353694
0.843 0.647 0.164421
0.843 0.696 0.0571196
0.843 0.745 0.00943526
0.843 0.794 0.00065141
0.843 0.843 0.000876426
0.843 0.892 0.0115462
0.843 0.941 0.0593128
0.843 0.99 0.116627
0.892 0.01 1.96433
0.892 0.059 1.20208
0.892 0.108 0.578274
0.892 0.157 0.454297
0.892 0.206 0.639064
0.892 0.255 0.632738
0.892 0.304 0.446407
0.892 0.353 0.90457
0.892 0.402 2.3404
0.892 0.451 4.41938
0.892 0.5 5.375
0.892 0.549 3.94967
0.892 0.598 1.98203
0.892 0.647 0.921383
0.892 0.696 0.320087
0.892 0.745 0.0528733
0.892 0.794 0.00365037
0.892 0.843 0.00491132
0.892 0.892 0.0647025
0.892 0.941 0.332377
0.892 0.99 0.653552
0.941 0.01 7.39009
0.941 0.059 4.52238
0.941 0.108 2.17555
0.941 0.157 1.70913
0.941 0.206 2.40425
0.941 0.255 2.38045
0.941 0.304 1.67944
0.941 0.353 3.40312
0.941 0.402 8.80492
0.941 0.451 16.6263
0.941 0.5 20.2215
0.941 0.549 14.8592
0.941 0.598 7.45667
0.941 0.647 3.46637
0.941 0.696 1.20421
0.941 0.745 0.198917
0.941 0.794 0.0137332
0.941 0.843 0.0184771
0.941 0.892 0.24342
0.941 0.941 1.25045
0.941 0.99 2.45875
0.99 0.01 13.3834
0.99 0.059 8.19001
0.99 0.108 3.93991
0.99 0.157 3.09522
0.99 0.206 4.35409
0.99 0.255 4.31098
0.99 0.304 3.04147
0.99 0.353 6.16304
0.99 0.402 15.9457
0.99 0.451 30.1102
0.99 0.5 36.621
0.99 0.549 26.91
0.99 0.598 13.504
0.99 0.647 6.27759
0.99 0.696 2.18082
0.99 0.745 0.360238
0.99 0.794 0.0248708
0.99 0.843 0.0334619
0.99 0.892 0.440833
0.99 0.941 2.26456
0.99 0.99 4.45279
