0.01 0.01 1.13411e-92
0.01 0.059 1.86966e-84
0.01 0.108 1.18012e-76
0.01 0.157 2.85142e-69
0.01 0.206 2.63731e-62
0.01 0.255 9.33751e-56
0.01 0.304 1.26552e-49
0.01 0.353 6.56563e-44
0.01 0.402 1.30393e-38
0.01 0.451 9.91285e-34
0.01 0.5 2.88479e-29
0.01 0.549 3.21366e-25
0.01 0.598 1.37043e-21
0.01 0.647 2.23708e-18
0.01 0.696 1.39791e-15
0.01 0.745 3.34385e-13
0.01 0.794 3.06186e-11
0.01 0.843 1.07323e-09
0.01 0.892 1.44004e-08
0.01 0.941 7.3965e-08
0.01 0.99 1.45428e-07
0.059 0.01 2.02838e-90
0.059 0.059 3.34392e-82
0.059 0.108 2.11067e-74
0.059 0.157 5.0998e-67
0.059 0.206 4.71688e-60
0.059 0.255 1.67003e-53
0.059 0.304 2.2634e-47
0.059 0.353 1.17427e-41
0.059 0.402 2.33209e-36
0.059 0.451 1.77293e-31
0.059 0.5 5.15949e-27
0.059 0.549 5.74768e-23
0.059 0.598 2.45103e-19
0.059 0.647 4.00106e-16
0.059 0.696 2.50018e-13
0.059 0.745 5.98053e-11
0.059 0.794 5.47618e-09
0.059 0.843 1.9195e-07
0.059 0.892 2.57553e-06
0.059 0.941 1.32287e-05
0.059 0.99 2.601e-05
0.108 0.01 1.51111e-88
0.108 0.059 2.49116e-80
0.108 0.108 1.57241e-72
0.108 0.157 3.79927e-65
0.108 0.206 3.51399e-58
0.108 0.255 1.24414e-51
0.108 0.304 1.6862e-45
0.108 0.353 8.74813e-40
0.108 0.402 1.73737e-34
0.108 0.451 1.3208e-29
0.108 0.5 3.84373e-25
0.108 0.549 4.28193e-21
0.108 0.598 1.82598e-17
0.108 0.647 2.98072e-14
0.108 0.696 1.86259e-11
0.108 0.745 4.45539e-09
0.108 0.794 4.07966e-07
0.108 0.843 1.42999e-05
0.108 0.892 0.000191873
0.108 0.941 0.000985519
0.108 0.99 0.0019377
0.157 0.01 4.31015e-87
0.157 0.059 7.10557e-79
0.157 0.108 4.48502e-71
0.157 0.157 1.08367e-63
0.157 0.206 1.0023e-56
0.157 0.255 3.54868e-50
0.157 0.304 4.80956e-44
0.157 0.353 2.49524e-38
0.157 0.402 4.95552e-33
0.157 0.451 3.76734e-28
0.157 0.5 1.09635e-23
0.157 0.549 1.22134e-19
0.157 0.598 5.20825e-16
0.157 0.647 8.50195e-13
0.157 0.696 5.3127e-10
0.157 0.745 1.27082e-07
0.157 0.794 1.16365e-05
0.157 0.843 0.000407878
0.157 0.892 0.00547282
0.157 0.941 0.0281101
0.157 0.99 0.0552694
0.206 0.01 4.71796e-86
0.206 0.059 7.77786e-78
0.206 0.108 4.90937e-70
0.206 0.157 1.1862e-62
0.206 0.206 1.09713e-55
0.206 0.255 3.88444e-49
0.206 0.304 5.26462e-43
0.206 0.353 2.73133e-37
0.206 0.402 5.42438e-32
0.206 0.451 4.12379e-27
0.206 0.5 1.20008e-22
0.206 0.549 1.3369e-18
0.206 0.598 5.70103e-15
0.206 0.647 9.30636e-12
0.206 0.696 5.81536e-09
0.206 0.745 1.39106e-06
0.206 0.794 0.000127375
0.206 0.843 0.0044647
0.206 0.892 0.0599063
0.206 0.941 0.307697
0.206 0.99 0.604987
0.255 0.01 2.01825e-85
0.255 0.059 3.32722e-77
0.255 0.108 2.10013e-69
0.255 0.157 5.07435e-62
0.255 0.206 4.69333e-55
0.255 0.255 1.66169e-48
0.255 0.304 2.2521e-42
0.255 0.353 1.16841e-36
0.255 0.402 2.32045e-31
0.255 0.451 1.76408e-26
0.255 0.5 5.13374e-22
0.255 0.549 5.71899e-18
0.255 0.598 2.43879e-14
0.255 0.647 3.98109e-11
0.255 0.696 2.4877e-08
0.255 0.745 5.95067e-06
0.255 0.794 0.000544885
0.255 0.843 0.0190991
0.255 0.892 0.256268
0.255 0.941 1.31627
0.255 0.99 2.58802
0.304 0.01 3.83039e-85
0.304 0.059 6.31466e-77
0.304 0.108 3.98579e-69
0.304 0.157 9.63048e-62
0.304 0.206 8.90735e-55
0.304 0.255 3.15368e-48
0.304 0.304 4.27421e-42
0.304 0.353 2.2175e-36
0.304 0.402 4.40392e-31
0.304 0.451 3.348e-26
0.304 0.5 9.74319e-22
0.304 0.549 1.08539e-17
0.304 0.598 4.62853e-14
0.304 0.647 7.55561e-11
0.304 0.696 4.72135e-08
0.304 0.745 1.12936e-05
0.304 0.794 0.00103412
0.304 0.843 0.0362478
0.304 0.892 0.486364
0.304 0.941 2.49812
0.304 0.99 4.91174
0.353 0.01 5.27177e-85
0.353 0.059 8.69086e-77
0.353 0.108 5.48565e-69
0.353 0.157 1.32544e-61
0.353 0.206 1.22592e-54
0.353 0.255 4.34041e-48
0.353 0.304 5.8826e-42
0.353 0.353 3.05194e-36
0.353 0.402 6.06112e-31
0.353 0.451 4.60785e-26
0.353 0.5 1.34096e-21
0.353 0.549 1.49383e-17
0.353 0.598 6.37024e-14
0.353 0.647 1.03988e-10
0.353 0.696 6.49799e-08
0.353 0.745 1.55434e-05
0.353 0.794 0.00142326
0.353 0.843 0.0498878
0.353 0.892 0.669383
0.353 0.941 3.43816
0.353 0.99 6.76003
0.402 0.01 6.67859e-85
0.402 0.059 1.10101e-76
0.402 0.108 6.94955e-69
0.402 0.157 1.67915e-61
0.402 0.206 1.55307e-54
0.402 0.255 5.49869e-48
0.402 0.304 7.45243e-42
0.402 0.353 3.86638e-36
0.402 0.402 7.67858e-31
0.402 0.451 5.8375e-26
0.402 0.5 1.6988e-21
0.402 0.549 1.89247e-17
0.402 0.598 8.0702e-14
0.402 0.647 1.31738e-10
0.402 0.696 8.23204e-08
0.402 0.745 1.96913e-05
0.402 0.794 0.00180307
0.402 0.843 0.0632009
0.402 0.892 0.848014
0.402 0.941 4.35567
0.402 0.99 8.56401
0.451 0.01 4.69207e-85
0.451 0.059 7.73518e-77
0.451 0.108 4.88243e-69
0.451 0.157 1.17969e-61
0.451 0.206 1.09111e-54
0.451 0.255 3.86313e-48
0.451 0.304 5.23573e-42
0.451 0.353 2.71634e-36
0.451 0.402 5.39462e-31
0.451 0.451 4.10116e-26
0.451 0.5 1.1935e-21
0.451 0.549 1.32956e-17
0.451 0.598 5.66975e-14
0.451 0.647 9.25529e-11
0.451 0.696 5.78345e-08
0.451 0.745 1.38342e-05
0.451 0.794 0.00126676
0.451 0.843 0.044402
0.451 0.892 0.595775
0.451 0.941 3.06009
0.451 0.99 6.01667
0.5 0.01 3.24289e-85
0.5 0.059 5.34612e-77
0.5 0.108 3.37445e-69
0.5 0.157 8.15335e-62
0.5 0.206 7.54114e-55
0.5 0.255 2.66997e-48
0.5 0.304 3.61863e-42
0.5 0.353 1.87738e-36
0.5 0.402 3.72845e-31
0.5 0.451 2.83448e-26
0.5 0.5 8.24878e-22
0.5 0.549 9.18916e-18
0.5 0.598 3.91861e-14
0.5 0.647 6.39673e-11
0.5 0.696 3.99719e-08
0.5 0.745 9.56142e-06
0.5 0.794 0.000875509
0.5 0.843 0.0306881
0.5 0.892 0.411766
0.5 0.941 2.11496
0.5 0.99 4.15838
0.549 0.01 8.30693e-85
0.549 0.059 1.36945e-76
0.549 0.108 8.64395e-69
0.549 0.157 2.08855e-61
0.549 0.206 1.93173e-54
0.549 0.255 6.83936e-48
0.549 0.304 9.26944e-42
0.549 0.353 4.80906e-36
0.549 0.402 9.55074e-31
0.549 0.451 7.26077e-26
0.549 0.5 2.113e-21
0.549 0.549 2.35388e-17
0.549 0.598 1.00378e-13
0.549 0.647 1.63858e-10
0.549 0.696 1.02391e-07
0.549 0.745 2.44924e-05
0.549 0.794 0.00224269
0.549 0.843 0.0786102
0.549 0.892 1.05477
0.549 0.941 5.41764
0.549 0.99 10.652
0.598 0.01 1.63864e-84
0.598 0.059 2.70141e-76
0.598 0.108 1.70512e-68
0.598 0.157 4.11992e-61
0.598 0.206 3.81057e-54
0.598 0.255 1.34915e-47
0.598 0.304 1.82851e-41
0.598 0.353 9.48646e-36
0.598 0.402 1.884e-30
0.598 0.451 1.43228e-25
0.598 0.5 4.16814e-21
0.598 0.549 4.64331e-17
0.598 0.598 1.98009e-13
0.598 0.647 3.23229e-10
0.598 0.696 2.0198e-07
0.598 0.745 4.83142e-05
0.598 0.794 0.00442398
0.598 0.843 0.155068
0.598 0.892 2.08067
0.598 0.941 10.687
0.598 0.99 21.0124
0.647 0.01 1.83699e-84
0.647 0.059 3.0284e-76
0.647 0.108 1.91152e-68
0.647 0.157 4.61862e-61
0.647 0.206 4.27182e-54
0.647 0.255 1.51245e-47
0.647 0.304 2.04984e-41
0.647 0.353 1.06347e-35
0.647 0.402 2.11205e-30
0.647 0.451 1.60565e-25
0.647 0.5 4.67267e-21
0.647 0.549 5.20536e-17
0.647 0.598 2.21976e-13
0.647 0.647 3.62354e-10
0.647 0.696 2.26428e-07
0.647 0.745 5.41624e-05
0.647 0.794 0.00495948
0.647 0.843 0.173838
0.647 0.892 2.33252
0.647 0.941 11.9806
0.647 0.99 23.5559
0.696 0.01 1.51637e-84
0.696 0.059 2.49984e-76
0.696 0.108 1.57789e-68
0.696 0.157 3.8125e-61
0.696 0.206 3.52623e-54
0.696 0.255 1.24848e-47
0.696 0.304 1.69207e-41
0.696 0.353 8.7786e-36
0.696 0.402 1.74342e-30
0.696 0.451 1.3254e-25
0.696 0.5 3.85712e-21
0.696 0.549 4.29684e-17
0.696 0.598 1.83234e-13
0.696 0.647 2.9911e-10
0.696 0.696 1.86908e-07
0.696 0.745 4.47091e-05
0.696 0.794 0.00409387
0.696 0.843 0.143497
0.696 0.892 1.92541
0.696 0.941 9.88952
0.696 0.99 19.4445
0.745 0.01 1.17521e-84
0.745 0.059 1.93741e-76
0.745 0.108 1.22289e-68
0.745 0.157 2.95474e-61
0.745 0.206 2.73287e-54
0.745 0.255 9.67584e-48
0.745 0.304 1.31138e-41
0.745 0.353 6.80353e-36
0.745 0.402 1.35117e-30
0.745 0.451 1.0272e-25
0.745 0.5 2.98932e-21
0.745 0.549 3.3301e-17
0.745 0.598 1.42008e-13
0.745 0.647 2.31814e-10
0.745 0.696 1.44856e-07
0.745 0.745 3.46501e-05
0.745 0.794 0.0031728
0.745 0.843 0.111212
0.745 0.892 1.49222
0.745 0.941 7.6645
0.745 0.99 15.0698
0.794 0.01 1.08905e-84
0.794 0.059 1.79538e-76
0.794 0.108 1.13324e-68
0.794 0.157 2.73813e-61
0.794 0.206 2.53253e-54
0.794 0.255 8.96652e-48
0.794 0.304 1.21524e-41
0.794 0.353 6.30477e-36
0.794 0.402 1.25212e-30
0.794 0.451 9.519e-26
0.794 0.5 2.77017e-21
0.794 0.549 3.08598e-17
0.794 0.598 1.31598e-13
0.794 0.647 2.1482e-10
0.794 0.696 1.34237e-07
0.794 0.745 3.21099e-05
0.794 0.794 0.00294021
0.794 0.843 0.103059
0.794 0.892 1.38283
0.794 0.941 7.10262
0.794 0.99 13.965
0.843 0.01 1.22209e-84
0.843 0.059 2.0147e-76
0.843 0.108 1.27167e-68
0.843 0.157 3.07261e-61
0.843 0.206 2.8419e-54
0.843 0.255 1.00619e-47
0.843 0.304 1.36369e-41
0.843 0.353 7.07495e-36
0.843 0.402 1.40508e-30
0.843 0.451 1.06818e-25
0.843 0.5 3.10858e-21
0.843 0.549 3.46296e-17
0.843 0.598 1.47674e-13
0.843 0.647 2.41062e-10
0.843 0.696 1.50635e-07
0.843 0.745 3.60325e-05
0.843 0.794 0.00329938
0.843 0.843 0.115649
0.843 0.892 1.55175
0.843 0.941 7.97028
0.843 0.99 15.671
0.892 0.01 1.94677e-84
0.892 0.059 3.20938e-76
0.892 0.108 2.02575e-68
0.892 0.157 4.89462e-61
0.892 0.206 4.5271e-54
0.892 0.255 1.60284e-47
0.892 0.304 2.17234e-41
0.892 0.353 1.12703e-35
0.892 0.402 2.23826e-30
0.892 0.451 1.7016e-25
0.892 0.5 4.95191e-21
0.892 0.549 5.51643e-17
0.892 0.598 2.35242e-13
0.892 0.647 3.84008e-10
0.892 0.696 2.39959e-07
0.892 0.745 5.73991e-05
0.892 0.794 0.00525585
0.892 0.843 0.184227
0.892 0.892 2.47191
0.892 0.941 12.6965
0.892 0.99 24.9636
0.941 0.01 5.04476e-84
0.941 0.059 8.31663e-76
0.941 0.108 5.24943e-68
0.941 0.157 1.26837e-60
0.941 0.206 1.17313e-53
0.941 0.255 4.15351e-47
0.941 0.304 5.62929e-41
0.941 0.353 2.92052e-35
0.941 0.402 5.80012e-30
0.941 0.451 4.40943e-25
0.941 0.5 1.28321e-20
0.941 0.549 1.4295e-16
0.941 0.598 6.09594e-13
0.941 0.647 9.951e-10
0.941 0.696 6.21818e-07
0.941 0.745 0.000148741
0.941 0.794 0.0136198
0.941 0.843 0.477396
0.941 0.892 6.40559
0.941 0.941 32.9011
0.941 0.99 64.6894
0.99 0.01 8.62201e-84
0.99 0.059 1.4214e-75
0.99 0.108 8.97181e-68
0.99 0.157 2.16777e-60
0.99 0.206 2.005e-53
0.99 0.255 7.09877e-47
0.99 0.304 9.62103e-41
0.99 0.353 4.99147e-35
0.99 0.402 9.913e-30
0.99 0.451 7.53617e-25
0.99 0.5 2.19314e-20
0.99 0.549 2.44316e-16
0.99 0.598 1.04186e-12
0.99 0.647 1.70073e-09
0.99 0.696 1.06275e-06
0.99 0.745 0.000254214
0.99 0.794 0.0232776
0.99 0.843 0.815918
0.99 0.892 10.9478
0.99 0.941 56.2313
0.99 0.99 110.561
