0.01 0.01 1.65712e-05
0.01 0.059 0.000803706
0.01 0.108 0.0172176
0.01 0.157 0.145039
0.01 0.206 0.523626
0.01 0.255 1.04196
0.01 0.304 1.56987
0.01 0.353 2.0924
0.01 0.402 2.80275
0.01 0.451 3.32063
0.01 0.5 3.11032
0.01 0.549 2.38835
0.01 0.598 1.90864
0.01 0.647 1.54561
0.01 0.696 1.44364
0.01 0.745 1.97666
0.01 0.794 2.8017
0.01 0.843 4.55664
0.01 0.892 5.77446
0.01 0.941 4.10301
0.01 0.99 2.40916
0.059 0.01 1.23296e-05
0.059 0.059 0.000597985
0.059 0.108 0.0128105
0.059 0.157 0.107914
0.059 0.206 0.389596
0.059 0.255 0.775253
0.059 0.304 1.16804
0.059 0.353 1.55682
0.059 0.402 2.08534
0.059 0.451 2.47066
0.059 0.5 2.31418
0.059 0.549 1.77701
0.059 0.598 1.4201
0.059 0.647 1.14999
0.059 0.696 1.07412
0.059 0.745 1.47071
0.059 0.794 2.08456
0.059 0.843 3.3903
0.059 0.892 4.2964
0.059 0.941 3.05278
0.059 0.99 1.7925
0.108 0.01 6.8027e-06
0.108 0.059 0.000329932
0.108 0.108 0.00706806
0.108 0.157 0.0595403
0.108 0.206 0.214955
0.108 0.255 0.427737
0.108 0.304 0.644452
0.108 0.353 0.858959
0.108 0.402 1.15056
0.108 0.451 1.36316
0.108 0.5 1.27683
0.108 0.549 0.980447
0.108 0.598 0.783523
0.108 0.647 0.634494
0.108 0.696 0.592633
0.108 0.745 0.811446
0.108 0.794 1.15013
0.108 0.843 1.87056
0.108 0.892 2.37049
0.108 0.941 1.68434
0.108 0.99 0.988991
0.157 0.01 5.20916e-06
0.157 0.059 0.000252645
0.157 0.108 0.00541236
0.157 0.157 0.045593
0.157 0.206 0.164602
0.157 0.255 0.327539
0.157 0.304 0.493489
0.157 0.353 0.657747
0.157 0.402 0.881044
0.157 0.451 1.04384
0.157 0.5 0.977728
0.157 0.549 0.750777
0.157 0.598 0.599982
0.157 0.647 0.485863
0.157 0.696 0.453808
0.157 0.745 0.621364
0.157 0.794 0.880714
0.157 0.843 1.43238
0.157 0.892 1.8152
0.157 0.941 1.28978
0.157 0.99 0.757319
0.206 0.01 7.25524e-06
0.206 0.059 0.00035188
0.206 0.108 0.00753826
0.206 0.157 0.0635012
0.206 0.206 0.229255
0.206 0.255 0.456192
0.206 0.304 0.687324
0.206 0.353 0.916101
0.206 0.402 1.22711
0.206 0.451 1.45384
0.206 0.5 1.36177
0.206 0.549 1.04567
0.206 0.598 0.835646
0.206 0.647 0.676703
0.206 0.696 0.632058
0.206 0.745 0.865427
0.206 0.794 1.22665
0.206 0.843 1.995
0.206 0.892 2.52819
0.206 0.941 1.79639
0.206 0.99 1.05478
0.255 0.01 8.97744e-06
0.255 0.059 0.000435407
0.255 0.108 0.00932765
0.255 0.157 0.0785747
0.255 0.206 0.283674
0.255 0.255 0.56448
0.255 0.304 0.850476
0.255 0.353 1.13356
0.255 0.402 1.51839
0.255 0.451 1.79895
0.255 0.5 1.68501
0.255 0.549 1.29389
0.255 0.598 1.03401
0.255 0.647 0.837335
0.255 0.696 0.782092
0.255 0.745 1.07086
0.255 0.794 1.51782
0.255 0.843 2.46856
0.255 0.892 3.12831
0.255 0.941 2.2228
0.255 0.99 1.30516
0.304 0.01 8.95551e-06
0.304 0.059 0.000434343
0.304 0.108 0.00930486
0.304 0.157 0.0783828
0.304 0.206 0.282981
0.304 0.255 0.563101
0.304 0.304 0.848398
0.304 0.353 1.13079
0.304 0.402 1.51468
0.304 0.451 1.79455
0.304 0.5 1.6809
0.304 0.549 1.29072
0.304 0.598 1.03148
0.304 0.647 0.835289
0.304 0.696 0.780181
0.304 0.745 1.06824
0.304 0.794 1.51411
0.304 0.843 2.46252
0.304 0.892 3.12067
0.304 0.941 2.21737
0.304 0.99 1.30197
0.353 0.01 8.03792e-06
0.353 0.059 0.00038984
0.353 0.108 0.00835147
0.353 0.157 0.0703516
0.353 0.206 0.253986
0.353 0.255 0.505405
0.353 0.304 0.76147
0.353 0.353 1.01493
0.353 0.402 1.35948
0.353 0.451 1.61068
0.353 0.5 1.50867
0.353 0.549 1.15848
0.353 0.598 0.925793
0.353 0.647 0.749704
0.353 0.696 0.700243
0.353 0.745 0.958787
0.353 0.794 1.35897
0.353 0.843 2.21021
0.353 0.892 2.80092
0.353 0.941 1.99018
0.353 0.99 1.16857
0.402 0.01 6.95517e-06
0.402 0.059 0.000337327
0.402 0.108 0.00722649
0.402 0.157 0.0608749
0.402 0.206 0.219773
0.402 0.255 0.437324
0.402 0.304 0.658897
0.402 0.353 0.878211
0.402 0.402 1.17635
0.402 0.451 1.39371
0.402 0.5 1.30544
0.402 0.549 1.00242
0.402 0.598 0.801085
0.402 0.647 0.648715
0.402 0.696 0.605917
0.402 0.745 0.829634
0.402 0.794 1.17591
0.402 0.843 1.91248
0.402 0.892 2.42362
0.402 0.941 1.72209
0.402 0.99 1.01116
0.451 0.01 6.42268e-06
0.451 0.059 0.000311501
0.451 0.108 0.00667322
0.451 0.157 0.0562143
0.451 0.206 0.202947
0.451 0.255 0.403843
0.451 0.304 0.608451
0.451 0.353 0.810975
0.451 0.402 1.08629
0.451 0.451 1.28701
0.451 0.5 1.2055
0.451 0.549 0.925677
0.451 0.598 0.739753
0.451 0.647 0.599049
0.451 0.696 0.559527
0.451 0.745 0.766116
0.451 0.794 1.08588
0.451 0.843 1.76606
0.451 0.892 2.23807
0.451 0.941 1.59025
0.451 0.99 0.933743
0.5 0.01 7.42301e-06
0.5 0.059 0.000360017
0.5 0.108 0.00771258
0.5 0.157 0.0649696
0.5 0.206 0.234556
0.5 0.255 0.466741
0.5 0.304 0.703217
0.5 0.353 0.937284
0.5 0.402 1.25548
0.5 0.451 1.48746
0.5 0.5 1.39326
0.5 0.549 1.06985
0.5 0.598 0.85497
0.5 0.647 0.692351
0.5 0.696 0.646674
0.5 0.745 0.885439
0.5 0.794 1.25501
0.5 0.843 2.04113
0.5 0.892 2.58665
0.5 0.941 1.83793
0.5 0.99 1.07917
0.549 0.01 7.87046e-06
0.549 0.059 0.000381718
0.549 0.108 0.00817748
0.549 0.157 0.0688859
0.549 0.206 0.248695
0.549 0.255 0.494876
0.549 0.304 0.745606
0.549 0.353 0.993782
0.549 0.402 1.33116
0.549 0.451 1.57712
0.549 0.5 1.47724
0.549 0.549 1.13434
0.549 0.598 0.906506
0.549 0.647 0.734085
0.549 0.696 0.685654
0.549 0.745 0.938812
0.549 0.794 1.33066
0.549 0.843 2.16416
0.549 0.892 2.74257
0.549 0.941 1.94872
0.549 0.99 1.14422
0.598 0.01 7.61366e-06
0.598 0.059 0.000369263
0.598 0.108 0.00791066
0.598 0.157 0.0666382
0.598 0.206 0.24058
0.598 0.255 0.478729
0.598 0.304 0.721278
0.598 0.353 0.961357
0.598 0.402 1.28773
0.598 0.451 1.52567
0.598 0.5 1.42904
0.598 0.549 1.09733
0.598 0.598 0.876928
0.598 0.647 0.710133
0.598 0.696 0.663282
0.598 0.745 0.90818
0.598 0.794 1.28724
0.598 0.843 2.09355
0.598 0.892 2.65308
0.598 0.941 1.88513
0.598 0.99 1.10689
0.647 0.01 7.05095e-06
0.647 0.059 0.000341972
0.647 0.108 0.007326
0.647 0.157 0.0617132
0.647 0.206 0.2228
0.647 0.255 0.443347
0.647 0.304 0.667971
0.647 0.353 0.890305
0.647 0.402 1.19255
0.647 0.451 1.41291
0.647 0.5 1.32342
0.647 0.549 1.01623
0.647 0.598 0.812117
0.647 0.647 0.657649
0.647 0.696 0.614261
0.647 0.745 0.841059
0.647 0.794 1.19211
0.647 0.843 1.93882
0.647 0.892 2.457
0.647 0.941 1.74581
0.647 0.99 1.02508
0.696 0.01 7.08147e-06
0.696 0.059 0.000343452
0.696 0.108 0.00735771
0.696 0.157 0.0619803
0.696 0.206 0.223764
0.696 0.255 0.445266
0.696 0.304 0.670861
0.696 0.353 0.894158
0.696 0.402 1.19771
0.696 0.451 1.41902
0.696 0.5 1.32915
0.696 0.549 1.02063
0.696 0.598 0.815631
0.696 0.647 0.660495
0.696 0.696 0.616919
0.696 0.745 0.844699
0.696 0.794 1.19727
0.696 0.843 1.94721
0.696 0.892 2.46763
0.696 0.941 1.75336
0.696 0.99 1.02952
0.745 0.01 5.93556e-06
0.745 0.059 0.000287876
0.745 0.108 0.00616711
0.745 0.157 0.0519508
0.745 0.206 0.187555
0.745 0.255 0.373214
0.745 0.304 0.562305
0.745 0.353 0.749468
0.745 0.402 1.0039
0.745 0.451 1.1894
0.745 0.5 1.11407
0.745 0.549 0.855471
0.745 0.598 0.683648
0.745 0.647 0.553616
0.745 0.696 0.517091
0.745 0.745 0.708012
0.745 0.794 1.00353
0.745 0.843 1.63212
0.745 0.892 2.06833
0.745 0.941 1.46964
0.745 0.99 0.862925
0.794 0.01 5.59105e-06
0.794 0.059 0.000271167
0.794 0.108 0.00580915
0.794 0.157 0.0489354
0.794 0.206 0.176669
0.794 0.255 0.351552
0.794 0.304 0.529667
0.794 0.353 0.705967
0.794 0.402 0.945635
0.794 0.451 1.12036
0.794 0.5 1.04941
0.794 0.549 0.805817
0.794 0.598 0.643967
0.794 0.647 0.521482
0.794 0.696 0.487078
0.794 0.745 0.666917
0.794 0.794 0.945281
0.794 0.843 1.53739
0.794 0.892 1.94828
0.794 0.941 1.38434
0.794 0.99 0.812839
0.843 0.01 5.7762e-06
0.843 0.059 0.000280147
0.843 0.108 0.00600153
0.843 0.157 0.050556
0.843 0.206 0.182519
0.843 0.255 0.363194
0.843 0.304 0.547207
0.843 0.353 0.729346
0.843 0.402 0.97695
0.843 0.451 1.15747
0.843 0.5 1.08416
0.843 0.549 0.832502
0.843 0.598 0.665293
0.843 0.647 0.538752
0.843 0.696 0.503208
0.843 0.745 0.689003
0.843 0.794 0.976585
0.843 0.843 1.5883
0.843 0.892 2.0128
0.843 0.941 1.43018
0.843 0.99 0.839757
0.892 0.01 5.21483e-06
0.892 0.059 0.00025292
0.892 0.108 0.00541826
0.892 0.157 0.0456426
0.892 0.206 0.164781
0.892 0.255 0.327896
0.892 0.304 0.494026
0.892 0.353 0.658463
0.892 0.402 0.882004
0.892 0.451 1.04498
0.892 0.5 0.978793
0.892 0.549 0.751595
0.892 0.598 0.600636
0.892 0.647 0.486393
0.892 0.696 0.454303
0.892 0.745 0.622041
0.892 0.794 0.881674
0.892 0.843 1.43394
0.892 0.892 1.81718
0.892 0.941 1.29119
0.892 0.99 0.758144
0.941 0.01 9.02042e-06
0.941 0.059 0.000437492
0.941 0.108 0.0093723
0.941 0.157 0.0789509
0.941 0.206 0.285032
0.941 0.255 0.567182
0.941 0.304 0.854548
0.941 0.353 1.13898
0.941 0.402 1.52566
0.941 0.451 1.80756
0.941 0.5 1.69308
0.941 0.549 1.30008
0.941 0.598 1.03896
0.941 0.647 0.841343
0.941 0.696 0.785836
0.941 0.745 1.07598
0.941 0.794 1.52509
0.941 0.843 2.48037
0.941 0.892 3.14329
0.941 0.941 2.23344
0.941 0.99 1.31141
0.99 0.01 1.43552e-05
0.99 0.059 0.000696227
0.99 0.108 0.0149151
0.99 0.157 0.125643
0.99 0.206 0.453602
0.99 0.255 0.902618
0.99 0.304 1.35993
0.99 0.353 1.81259
0.99 0.402 2.42794
0.99 0.451 2.87656
0.99 0.5 2.69438
0.99 0.549 2.06896
0.99 0.598 1.6534
0.99 0.647 1.33892
0.99 0.696 1.25058
0.99 0.745 1.71233
0.99 0.794 2.42703
0.99 0.843 3.94728
0.99 0.892 5.00225
0.99 0.941 3.55432
0.99 0.99 2.08698
