0.01 0.01 3.01902
0.01 0.059 1.82959
0.01 0.108 0.946478
0.01 0.157 0.952456
0.01 0.206 1.16148
0.01 0.255 0.848243
0.01 0.304 0.437447
0.01 0.353 0.664775
0.01 0.402 1.18216
0.01 0.451 1.60934
0.01 0.5 2.72719
0.01 0.549 5.5086
0.01 0.598 7.08173
0.01 0.647 5.65811
0.01 0.696 3.61205
0.01 0.745 2.23631
0.01 0.794 1.28453
0.01 0.843 0.465451
0.01 0.892 0.174681
0.01 0.941 0.529019
0.01 0.99 1.03138
0.059 0.01 2.32617
0.059 0.059 1.40971
0.059 0.108 0.729267
0.059 0.157 0.733873
0.059 0.206 0.894927
0.059 0.255 0.653576
0.059 0.304 0.337056
0.059 0.353 0.512213
0.059 0.402 0.910865
0.059 0.451 1.24001
0.059 0.5 2.10132
0.059 0.549 4.24441
0.059 0.598 5.45652
0.059 0.647 4.35961
0.059 0.696 2.7831
0.059 0.745 1.72309
0.059 0.794 0.989741
0.059 0.843 0.358633
0.059 0.892 0.134593
0.059 0.941 0.407612
0.059 0.99 0.794681
0.108 0.01 1.41263
0.108 0.059 0.856083
0.108 0.108 0.442866
0.108 0.157 0.445664
0.108 0.206 0.543468
0.108 0.255 0.396901
0.108 0.304 0.204686
0.108 0.353 0.311055
0.108 0.402 0.553146
0.108 0.451 0.753027
0.108 0.5 1.27608
0.108 0.549 2.57753
0.108 0.598 3.31361
0.108 0.647 2.64749
0.108 0.696 1.69011
0.108 0.745 1.04639
0.108 0.794 0.601046
0.108 0.843 0.217789
0.108 0.892 0.081735
0.108 0.941 0.247533
0.108 0.99 0.482591
0.157 0.01 0.998655
0.157 0.059 0.605206
0.157 0.108 0.313083
0.157 0.157 0.315061
0.157 0.206 0.384203
0.157 0.255 0.280588
0.157 0.304 0.144702
0.157 0.353 0.219899
0.157 0.402 0.391046
0.157 0.451 0.532351
0.157 0.5 0.902122
0.157 0.549 1.82218
0.157 0.598 2.34255
0.157 0.647 1.87163
0.157 0.696 1.19482
0.157 0.745 0.739745
0.157 0.794 0.424908
0.157 0.843 0.153966
0.157 0.892 0.0577824
0.157 0.941 0.174993
0.157 0.99 0.341167
0.206 0.01 0.98767
0.206 0.059 0.598548
0.206 0.108 0.309639
0.206 0.157 0.311595
0.206 0.206 0.379977
0.206 0.255 0.277502
0.206 0.304 0.14311
0.206 0.353 0.217481
0.206 0.402 0.386744
0.206 0.451 0.526495
0.206 0.5 0.892199
0.206 0.549 1.80213
0.206 0.598 2.31678
0.206 0.647 1.85105
0.206 0.696 1.18168
0.206 0.745 0.731608
0.206 0.794 0.420234
0.206 0.843 0.152272
0.206 0.892 0.0571468
0.206 0.941 0.173068
0.206 0.99 0.337414
0.255 0.01 0.735966
0.255 0.059 0.446011
0.255 0.108 0.230729
0.255 0.157 0.232186
0.255 0.206 0.283141
0.255 0.255 0.206782
0.255 0.304 0.106639
0.255 0.353 0.162056
0.255 0.402 0.288184
0.255 0.451 0.39232
0.255 0.5 0.664825
0.255 0.549 1.34287
0.255 0.598 1.72636
0.255 0.647 1.37931
0.255 0.696 0.880532
0.255 0.745 0.54516
0.255 0.794 0.313139
0.255 0.843 0.113466
0.255 0.892 0.0425831
0.255 0.941 0.128962
0.255 0.99 0.251425
0.304 0.01 0.521975
0.304 0.059 0.316328
0.304 0.108 0.163642
0.304 0.157 0.164675
0.304 0.206 0.200815
0.304 0.255 0.146657
0.304 0.304 0.0756326
0.304 0.353 0.114937
0.304 0.402 0.204391
0.304 0.451 0.278248
0.304 0.5 0.47152
0.304 0.549 0.952413
0.304 0.598 1.2244
0.304 0.647 0.978262
0.304 0.696 0.624507
0.304 0.745 0.386649
0.304 0.794 0.22209
0.304 0.843 0.0804744
0.304 0.892 0.0302016
0.304 0.941 0.091465
0.304 0.99 0.17832
0.353 0.01 0.875966
0.353 0.059 0.530854
0.353 0.108 0.27462
0.353 0.157 0.276354
0.353 0.206 0.337002
0.353 0.255 0.246117
0.353 0.304 0.126925
0.353 0.353 0.192884
0.353 0.402 0.343004
0.353 0.451 0.466949
0.353 0.5 0.791293
0.353 0.549 1.59832
0.353 0.598 2.05476
0.353 0.647 1.6417
0.353 0.696 1.04803
0.353 0.745 0.648865
0.353 0.794 0.372706
0.353 0.843 0.13505
0.353 0.892 0.0506836
0.353 0.941 0.153494
0.353 0.99 0.299253
0.402 0.01 1.48853
0.402 0.059 0.90208
0.402 0.108 0.466662
0.402 0.157 0.469609
0.402 0.206 0.572668
0.402 0.255 0.418227
0.402 0.304 0.215684
0.402 0.353 0.327768
0.402 0.402 0.582867
0.402 0.451 0.793488
0.402 0.5 1.34465
0.402 0.549 2.71602
0.402 0.598 3.49166
0.402 0.647 2.78974
0.402 0.696 1.78092
0.402 0.745 1.10262
0.402 0.794 0.63334
0.402 0.843 0.229491
0.402 0.892 0.0861266
0.402 0.941 0.260833
0.402 0.99 0.508521
0.451 0.01 2.38964
0.451 0.059 1.44817
0.451 0.108 0.749165
0.451 0.157 0.753897
0.451 0.206 0.919345
0.451 0.255 0.671409
0.451 0.304 0.346252
0.451 0.353 0.526189
0.451 0.402 0.935718
0.451 0.451 1.27384
0.451 0.5 2.15865
0.451 0.549 4.36022
0.451 0.598 5.6054
0.451 0.647 4.47856
0.451 0.696 2.85904
0.451 0.745 1.77011
0.451 0.794 1.01675
0.451 0.843 0.368418
0.451 0.892 0.138265
0.451 0.941 0.418734
0.451 0.99 0.816364
0.5 0.01 3.39493
0.5 0.059 2.0574
0.5 0.108 1.06433
0.5 0.157 1.07105
0.5 0.206 1.3061
0.5 0.255 0.953861
0.5 0.304 0.491915
0.5 0.353 0.747548
0.5 0.402 1.32936
0.5 0.451 1.80973
0.5 0.5 3.06677
0.5 0.549 6.1945
0.5 0.598 7.96351
0.5 0.647 6.36262
0.5 0.696 4.0618
0.5 0.745 2.51476
0.5 0.794 1.44448
0.5 0.843 0.523406
0.5 0.892 0.196431
0.5 0.941 0.594889
0.5 0.99 1.1598
0.549 0.01 3.3373
0.549 0.059 2.02247
0.549 0.108 1.04626
0.549 0.157 1.05287
0.549 0.206 1.28393
0.549 0.255 0.93767
0.549 0.304 0.483565
0.549 0.353 0.734859
0.549 0.402 1.3068
0.549 0.451 1.77901
0.549 0.5 3.01471
0.549 0.549 6.08935
0.549 0.598 7.82833
0.549 0.647 6.25462
0.549 0.696 3.99285
0.549 0.745 2.47208
0.549 0.794 1.41996
0.549 0.843 0.514522
0.549 0.892 0.193097
0.549 0.941 0.584791
0.549 0.99 1.14011
0.598 0.01 2.29845
0.598 0.059 1.39291
0.598 0.108 0.720577
0.598 0.157 0.725128
0.598 0.206 0.884263
0.598 0.255 0.645788
0.598 0.304 0.333039
0.598 0.353 0.506109
0.598 0.402 0.900011
0.598 0.451 1.22523
0.598 0.5 2.07628
0.598 0.549 4.19383
0.598 0.598 5.3915
0.598 0.647 4.30766
0.598 0.696 2.74994
0.598 0.745 1.70256
0.598 0.794 0.977947
0.598 0.843 0.354359
0.598 0.892 0.132989
0.598 0.941 0.402755
0.598 0.99 0.785212
0.647 0.01 1.43153
0.647 0.059 0.867537
0.647 0.108 0.448791
0.647 0.157 0.451626
0.647 0.206 0.550739
0.647 0.255 0.402212
0.647 0.304 0.207424
0.647 0.353 0.315216
0.647 0.402 0.560547
0.647 0.451 0.763102
0.647 0.5 1.29315
0.647 0.549 2.61202
0.647 0.598 3.35795
0.647 0.647 2.68291
0.647 0.696 1.71273
0.647 0.745 1.06039
0.647 0.794 0.609088
0.647 0.843 0.220703
0.647 0.892 0.0828285
0.647 0.941 0.250845
0.647 0.99 0.489048
0.696 0.01 1.10527
0.696 0.059 0.669816
0.696 0.108 0.346507
0.696 0.157 0.348696
0.696 0.206 0.42522
0.696 0.255 0.310543
0.696 0.304 0.16015
0.696 0.353 0.243375
0.696 0.402 0.432792
0.696 0.451 0.589183
0.696 0.5 0.99843
0.696 0.549 2.01671
0.696 0.598 2.59264
0.696 0.647 2.07144
0.696 0.696 1.32238
0.696 0.745 0.818718
0.696 0.794 0.47027
0.696 0.843 0.170403
0.696 0.892 0.063951
0.696 0.941 0.193675
0.696 0.99 0.377589
0.745 0.01 0.649229
0.745 0.059 0.393446
0.745 0.108 0.203537
0.745 0.157 0.204822
0.745 0.206 0.249772
0.745 0.255 0.182412
0.745 0.304 0.0940714
0.745 0.353 0.142957
0.745 0.402 0.25422
0.745 0.451 0.346083
0.745 0.5 0.586473
0.745 0.549 1.1846
0.745 0.598 1.5229
0.745 0.647 1.21676
0.745 0.696 0.776758
0.745 0.745 0.480911
0.745 0.794 0.276234
0.745 0.843 0.100094
0.745 0.892 0.0375645
0.745 0.941 0.113764
0.745 0.99 0.221794
0.794 0.01 0.216923
0.794 0.059 0.13146
0.794 0.108 0.0680063
0.794 0.157 0.0684359
0.794 0.206 0.0834546
0.794 0.255 0.060948
0.794 0.304 0.0314314
0.794 0.353 0.0477654
0.794 0.402 0.0849409
0.794 0.451 0.115634
0.794 0.5 0.195954
0.794 0.549 0.395804
0.794 0.598 0.508837
0.794 0.647 0.406547
0.794 0.696 0.259533
0.794 0.745 0.160684
0.794 0.794 0.0922963
0.794 0.843 0.0334436
0.794 0.892 0.0125512
0.794 0.941 0.0380111
0.794 0.99 0.0741064
0.843 0.01 0.258857
0.843 0.059 0.156873
0.843 0.108 0.0811529
0.843 0.157 0.0816655
0.843 0.206 0.0995876
0.843 0.255 0.0727301
0.843 0.304 0.0375076
0.843 0.353 0.0569991
0.843 0.402 0.101361
0.843 0.451 0.137988
0.843 0.5 0.233835
0.843 0.549 0.472319
0.843 0.598 0.607202
0.843 0.647 0.485138
0.843 0.696 0.309704
0.843 0.745 0.191746
0.843 0.794 0.110139
0.843 0.843 0.0399087
0.843 0.892 0.0149775
0.843 0.941 0.0453592
0.843 0.99 0.0884323
0.892 0.01 0.732583
0.892 0.059 0.44396
0.892 0.108 0.229668
0.892 0.157 0.231119
0.892 0.206 0.28184
0.892 0.255 0.205831
0.892 0.304 0.106149
0.892 0.353 0.161312
0.892 0.402 0.286859
0.892 0.451 0.390516
0.892 0.5 0.66177
0.892 0.549 1.33669
0.892 0.598 1.71842
0.892 0.647 1.37297
0.892 0.696 0.876484
0.892 0.745 0.542655
0.892 0.794 0.3117
0.892 0.843 0.112944
0.892 0.892 0.0423874
0.892 0.941 0.12837
0.892 0.99 0.250269
0.941 0.01 1.46948
0.941 0.059 0.890537
0.941 0.108 0.46069
0.941 0.157 0.4636
0.941 0.206 0.56534
0.941 0.255 0.412875
0.941 0.304 0.212924
0.941 0.353 0.323573
0.941 0.402 0.575408
0.941 0.451 0.783334
0.941 0.5 1.32744
0.941 0.549 2.68127
0.941 0.598 3.44697
0.941 0.647 2.75404
0.941 0.696 1.75813
0.941 0.745 1.08851
0.941 0.794 0.625236
0.941 0.843 0.226554
0.941 0.892 0.0850245
0.941 0.941 0.257496
0.941 0.99 0.502013
0.99 0.01 2.01646
0.99 0.059 1.22202
0.99 0.108 0.632171
0.99 0.157 0.636164
0.99 0.206 0.775774
0.99 0.255 0.566558
0.99 0.304 0.292179
0.99 0.353 0.444016
0.99 0.402 0.78959
0.99 0.451 1.07491
0.99 0.5 1.82155
0.99 0.549 3.6793
0.99 0.598 4.73003
0.99 0.647 3.77916
0.99 0.696 2.41256
0.99 0.745 1.49368
0.99 0.794 0.857965
0.99 0.843 0.310884
0.99 0.892 0.116673
0.99 0.941 0.353342
0.99 0.99 0.688876
