0.01 0.01 0.00030803
0.01 0.059 0.000198776
0.01 0.108 7.07454e-05
0.01 0.157 4.79466e-05
0.01 0.206 8.54773e-05
0.01 0.255 0.000125766
0.01 0.304 0.000135665
0.01 0.353 7.454e-05
0.01 0.402 3.57542e-05
0.01 0.451 6.50686e-05
0.01 0.5 0.000111549
0.01 0.549 0.000144503
0.01 0.598 0.000128155
0.01 0.647 0.00019755
0.01 0.696 0.00060864
0.01 0.745 0.00108105
0.01 0.794 0.000906458
0.01 0.843 0.000413744
0.01 0.892 0.000159225
0.01 0.941 0.000100418
0.01 0.99 0.000129539
0.059 0.01 0.00643166
0.059 0.059 0.00415044
0.059 0.108 0.00147716
0.059 0.157 0.00100112
0.059 0.206 0.00178476
0.059 0.255 0.00262599
0.059 0.304 0.00283269
0.059 0.353 0.00155639
0.059 0.402 0.000746548
0.059 0.451 0.00135863
0.059 0.5 0.00232914
0.059 0.549 0.00301721
0.059 0.598 0.00267586
0.059 0.647 0.00412484
0.059 0.696 0.0127084
0.059 0.745 0.0225723
0.059 0.794 0.0189268
0.059 0.843 0.00863895
0.059 0.892 0.00332462
0.059 0.941 0.00209672
0.059 0.99 0.00270478
0.108 0.01 0.0618547
0.108 0.059 0.0399157
0.108 0.108 0.0142062
0.108 0.157 0.00962802
0.108 0.206 0.0171645
0.108 0.255 0.0252548
0.108 0.304 0.0272425
0.108 0.353 0.0149682
0.108 0.402 0.00717971
0.108 0.451 0.0130662
0.108 0.5 0.0223998
0.108 0.549 0.0290172
0.108 0.598 0.0257344
0.108 0.647 0.0396695
0.108 0.696 0.122219
0.108 0.745 0.217083
0.108 0.794 0.182023
0.108 0.843 0.0830827
0.108 0.892 0.0319736
0.108 0.941 0.0201646
0.108 0.99 0.0260125
0.157 0.01 0.227999
0.157 0.059 0.147131
0.157 0.108 0.0523647
0.157 0.157 0.0354894
0.157 0.206 0.0632691
0.157 0.255 0.0930903
0.157 0.304 0.100417
0.157 0.353 0.0551735
0.157 0.402 0.0264648
0.157 0.451 0.0481629
0.157 0.5 0.082567
0.157 0.549 0.106959
0.157 0.598 0.0948582
0.157 0.647 0.146224
0.157 0.696 0.450507
0.157 0.745 0.800178
0.157 0.794 0.670948
0.157 0.843 0.306247
0.157 0.892 0.117856
0.157 0.941 0.0743279
0.157 0.99 0.0958833
0.206 0.01 0.33008
0.206 0.059 0.213005
0.206 0.108 0.0758097
0.206 0.157 0.0513789
0.206 0.206 0.0915962
0.206 0.255 0.134769
0.206 0.304 0.145377
0.206 0.353 0.079876
0.206 0.402 0.0383137
0.206 0.451 0.0697266
0.206 0.5 0.119534
0.206 0.549 0.154847
0.206 0.598 0.137329
0.206 0.647 0.211692
0.206 0.696 0.652209
0.206 0.745 1.15844
0.206 0.794 0.971347
0.206 0.843 0.443361
0.206 0.892 0.170624
0.206 0.941 0.107606
0.206 0.99 0.138813
0.255 0.01 0.273164
0.255 0.059 0.176276
0.255 0.108 0.0627377
0.255 0.157 0.0425195
0.255 0.206 0.0758021
0.255 0.255 0.111531
0.255 0.304 0.120309
0.255 0.353 0.0661028
0.255 0.402 0.0317072
0.255 0.451 0.0577035
0.255 0.5 0.0989227
0.255 0.549 0.128146
0.255 0.598 0.113649
0.255 0.647 0.175189
0.255 0.696 0.539748
0.255 0.745 0.958685
0.255 0.794 0.803856
0.255 0.843 0.366912
0.255 0.892 0.141203
0.255 0.941 0.0890516
0.255 0.99 0.114877
0.304 0.01 0.447705
0.304 0.059 0.28891
0.304 0.108 0.102825
0.304 0.157 0.0696877
0.304 0.206 0.124237
0.304 0.255 0.182794
0.304 0.304 0.197182
0.304 0.353 0.10834
0.304 0.402 0.0519668
0.304 0.451 0.0945736
0.304 0.5 0.16213
0.304 0.549 0.210027
0.304 0.598 0.186266
0.304 0.647 0.287128
0.304 0.696 0.884625
0.304 0.745 1.57125
0.304 0.794 1.31749
0.304 0.843 0.601353
0.304 0.892 0.231425
0.304 0.941 0.145952
0.304 0.99 0.188278
0.353 0.01 0.657301
0.353 0.059 0.424165
0.353 0.108 0.150963
0.353 0.157 0.102313
0.353 0.206 0.182399
0.353 0.255 0.268371
0.353 0.304 0.289494
0.353 0.353 0.15906
0.353 0.402 0.0762955
0.353 0.451 0.138849
0.353 0.5 0.238033
0.353 0.549 0.308352
0.353 0.598 0.273467
0.353 0.647 0.421549
0.353 0.696 1.29877
0.353 0.745 2.30684
0.353 0.794 1.93428
0.353 0.843 0.882881
0.353 0.892 0.339769
0.353 0.941 0.21428
0.353 0.99 0.276422
0.402 0.01 0.468121
0.402 0.059 0.302085
0.402 0.108 0.107514
0.402 0.157 0.0728656
0.402 0.206 0.129902
0.402 0.255 0.19113
0.402 0.304 0.206174
0.402 0.353 0.11328
0.402 0.402 0.0543366
0.402 0.451 0.0988864
0.402 0.5 0.169524
0.402 0.549 0.219604
0.402 0.598 0.19476
0.402 0.647 0.300222
0.402 0.696 0.924965
0.402 0.745 1.6429
0.402 0.794 1.37757
0.402 0.843 0.628776
0.402 0.892 0.241979
0.402 0.941 0.152608
0.402 0.99 0.196864
0.451 0.01 0.471239
0.451 0.059 0.304097
0.451 0.108 0.10823
0.451 0.157 0.0733509
0.451 0.206 0.130767
0.451 0.255 0.192403
0.451 0.304 0.207547
0.451 0.353 0.114035
0.451 0.402 0.0546985
0.451 0.451 0.099545
0.451 0.5 0.170653
0.451 0.549 0.221067
0.451 0.598 0.196057
0.451 0.647 0.302221
0.451 0.696 0.931125
0.451 0.745 1.65384
0.451 0.794 1.38674
0.451 0.843 0.632964
0.451 0.892 0.24359
0.451 0.941 0.153624
0.451 0.99 0.198175
0.5 0.01 0.83705
0.5 0.059 0.54016
0.5 0.108 0.192246
0.5 0.157 0.130291
0.5 0.206 0.232279
0.5 0.255 0.341761
0.5 0.304 0.368661
0.5 0.353 0.202557
0.5 0.402 0.0971596
0.5 0.451 0.176819
0.5 0.5 0.303127
0.5 0.549 0.392676
0.5 0.598 0.348251
0.5 0.647 0.536828
0.5 0.696 1.65394
0.5 0.745 2.93768
0.5 0.794 2.46324
0.5 0.843 1.12432
0.5 0.892 0.432684
0.5 0.941 0.272879
0.5 0.99 0.352014
0.549 0.01 0.808415
0.549 0.059 0.521681
0.549 0.108 0.185669
0.549 0.157 0.125834
0.549 0.206 0.224332
0.549 0.255 0.330069
0.549 0.304 0.356049
0.549 0.353 0.195628
0.549 0.402 0.0938359
0.549 0.451 0.170771
0.549 0.5 0.292757
0.549 0.549 0.379242
0.549 0.598 0.336338
0.549 0.647 0.518464
0.549 0.696 1.59736
0.549 0.745 2.83718
0.549 0.794 2.37897
0.549 0.843 1.08586
0.549 0.892 0.417882
0.549 0.941 0.263544
0.549 0.99 0.339972
0.598 0.01 0.401638
0.598 0.059 0.259183
0.598 0.108 0.0922444
0.598 0.157 0.0625172
0.598 0.206 0.111453
0.598 0.255 0.163986
0.598 0.304 0.176893
0.598 0.353 0.0971922
0.598 0.402 0.0466197
0.598 0.451 0.0848425
0.598 0.5 0.145448
0.598 0.549 0.188416
0.598 0.598 0.1671
0.598 0.647 0.257584
0.598 0.696 0.793601
0.598 0.745 1.40957
0.598 0.794 1.18192
0.598 0.843 0.539477
0.598 0.892 0.207613
0.598 0.941 0.130934
0.598 0.99 0.168906
0.647 0.01 0.306992
0.647 0.059 0.198106
0.647 0.108 0.070507
0.647 0.157 0.047785
0.647 0.206 0.0851893
0.647 0.255 0.125342
0.647 0.304 0.135208
0.647 0.353 0.0742888
0.647 0.402 0.0356338
0.647 0.451 0.0648494
0.647 0.5 0.111173
0.647 0.549 0.144016
0.647 0.598 0.127723
0.647 0.647 0.196884
0.647 0.696 0.606589
0.647 0.745 1.07741
0.647 0.794 0.903404
0.647 0.843 0.412349
0.647 0.892 0.158689
0.647 0.941 0.10008
0.647 0.99 0.129103
0.696 0.01 0.417076
0.696 0.059 0.269145
0.696 0.108 0.0957901
0.696 0.157 0.0649203
0.696 0.206 0.115737
0.696 0.255 0.170289
0.696 0.304 0.183692
0.696 0.353 0.100928
0.696 0.402 0.0484117
0.696 0.451 0.0881037
0.696 0.5 0.151039
0.696 0.549 0.195658
0.696 0.598 0.173523
0.696 0.647 0.267485
0.696 0.696 0.824106
0.696 0.745 1.46375
0.696 0.794 1.22736
0.696 0.843 0.560214
0.696 0.892 0.215593
0.696 0.941 0.135967
0.696 0.99 0.175398
0.745 0.01 0.564149
0.745 0.059 0.364053
0.745 0.108 0.129568
0.745 0.157 0.087813
0.745 0.206 0.15655
0.745 0.255 0.230338
0.745 0.304 0.248467
0.745 0.353 0.136518
0.745 0.402 0.065483
0.745 0.451 0.119172
0.745 0.5 0.204299
0.745 0.549 0.264653
0.745 0.598 0.234712
0.745 0.647 0.361808
0.745 0.696 1.11471
0.745 0.745 1.97992
0.745 0.794 1.66016
0.745 0.843 0.757761
0.745 0.892 0.291617
0.745 0.941 0.183913
0.745 0.99 0.237248
0.794 0.01 0.69761
0.794 0.059 0.450177
0.794 0.108 0.16022
0.794 0.157 0.108587
0.794 0.206 0.193585
0.794 0.255 0.284829
0.794 0.304 0.307247
0.794 0.353 0.168814
0.794 0.402 0.0809743
0.794 0.451 0.147364
0.794 0.5 0.25263
0.794 0.549 0.327262
0.794 0.598 0.290238
0.794 0.647 0.447401
0.794 0.696 1.37842
0.794 0.745 2.4483
0.794 0.794 2.0529
0.794 0.843 0.937025
0.794 0.892 0.360605
0.794 0.941 0.227421
0.794 0.99 0.293374
0.843 0.01 0.645913
0.843 0.059 0.416816
0.843 0.108 0.148347
0.843 0.157 0.10054
0.843 0.206 0.179239
0.843 0.255 0.263721
0.843 0.304 0.284478
0.843 0.353 0.156304
0.843 0.402 0.0749736
0.843 0.451 0.136443
0.843 0.5 0.233909
0.843 0.549 0.30301
0.843 0.598 0.268729
0.843 0.647 0.414246
0.843 0.696 1.27627
0.843 0.745 2.26687
0.843 0.794 1.90077
0.843 0.843 0.867585
0.843 0.892 0.333882
0.843 0.941 0.210568
0.843 0.99 0.271633
0.892 0.01 1.89691
0.892 0.059 1.2241
0.892 0.108 0.435663
0.892 0.157 0.295264
0.892 0.206 0.526385
0.892 0.255 0.774491
0.892 0.304 0.835451
0.892 0.353 0.459031
0.892 0.402 0.220181
0.892 0.451 0.400704
0.892 0.5 0.686939
0.892 0.549 0.889873
0.892 0.598 0.789199
0.892 0.647 1.21655
0.892 0.696 3.74812
0.892 0.745 6.6573
0.892 0.794 5.58214
0.892 0.843 2.54791
0.892 0.892 0.980539
0.892 0.941 0.618392
0.892 0.99 0.797728
0.941 0.01 7.1555
0.941 0.059 4.61754
0.941 0.108 1.64341
0.941 0.157 1.11379
0.941 0.206 1.98563
0.941 0.255 2.92153
0.941 0.304 3.15148
0.941 0.353 1.73155
0.941 0.402 0.830566
0.941 0.451 1.51154
0.941 0.5 2.59127
0.941 0.549 3.35677
0.941 0.598 2.97701
0.941 0.647 4.58906
0.941 0.696 14.1386
0.941 0.745 25.1126
0.941 0.794 21.0569
0.941 0.843 9.61121
0.941 0.892 3.69879
0.941 0.941 2.33269
0.941 0.99 3.00918
0.99 0.01 13.0352
0.99 0.059 8.41176
0.99 0.108 2.99379
0.99 0.157 2.02899
0.99 0.206 3.61721
0.99 0.255 5.32215
0.99 0.304 5.74105
0.99 0.353 3.15437
0.99 0.402 1.51304
0.99 0.451 2.75356
0.99 0.5 4.72051
0.99 0.549 6.11503
0.99 0.598 5.42322
0.99 0.647 8.35988
0.99 0.696 25.7563
0.99 0.745 45.7476
0.99 0.794 38.3593
0.99 0.843 17.5087
0.99 0.892 6.73807
0.99 0.941 4.24946
0.99 0.99 5.48182
