0.01 0.01 16.5327
0.01 0.059 10.625
0.01 0.108 6.22593
0.01 0.157 4.57509
0.01 0.206 2.71811
0.01 0.255 1.89407
0.01 0.304 2.06468
0.01 0.353 1.63587
0.01 0.402 0.578624
0.01 0.451 0.137571
0.01 0.5 0.362638
0.01 0.549 0.865794
0.01 0.598 1.0109
0.01 0.647 1.35031
0.01 0.696 1.85242
0.01 0.745 1.17577
0.01 0.794 0.433685
0.01 0.843 0.944469
0.01 0.892 3.34427
0.01 0.941 8.8675
0.01 0.99 14.3755
0.059 0.01 10.4765
0.059 0.059 6.73291
0.059 0.108 3.94528
0.059 0.157 2.89917
0.059 0.206 1.72243
0.059 0.255 1.20024
0.059 0.304 1.30835
0.059 0.353 1.03663
0.059 0.402 0.366666
0.059 0.451 0.0871764
0.059 0.5 0.229799
0.059 0.549 0.548641
0.059 0.598 0.640593
0.059 0.647 0.855671
0.059 0.696 1.17385
0.059 0.745 0.74507
0.059 0.794 0.27482
0.059 0.843 0.598496
0.059 0.892 2.11921
0.059 0.941 5.61921
0.059 0.99 9.10954
0.108 0.01 4.32986
0.108 0.059 2.78265
0.108 0.108 1.63055
0.108 0.157 1.1982
0.108 0.206 0.711863
0.108 0.255 0.49605
0.108 0.304 0.540731
0.108 0.353 0.428428
0.108 0.402 0.15154
0.108 0.451 0.0360292
0.108 0.5 0.0949736
0.108 0.549 0.226748
0.108 0.598 0.264751
0.108 0.647 0.353641
0.108 0.696 0.485142
0.108 0.745 0.307931
0.108 0.794 0.11358
0.108 0.843 0.247353
0.108 0.892 0.875851
0.108 0.941 2.32237
0.108 0.99 3.76489
0.157 0.01 1.3446
0.157 0.059 0.86413
0.157 0.108 0.506354
0.157 0.157 0.372091
0.157 0.206 0.221064
0.157 0.255 0.154045
0.157 0.304 0.16792
0.157 0.353 0.133045
0.157 0.402 0.0470594
0.157 0.451 0.0111886
0.157 0.5 0.0294933
0.157 0.549 0.0704148
0.157 0.598 0.0822165
0.157 0.647 0.10982
0.157 0.696 0.150657
0.157 0.745 0.0956254
0.157 0.794 0.0352715
0.157 0.843 0.0768135
0.157 0.892 0.271989
0.157 0.941 0.721193
0.157 0.99 1.16916
0.206 0.01 0.693023
0.206 0.059 0.445382
0.206 0.108 0.26098
0.206 0.157 0.19178
0.206 0.206 0.113939
0.206 0.255 0.0793962
0.206 0.304 0.0865477
0.206 0.353 0.0685728
0.206 0.402 0.0242549
0.206 0.451 0.00576672
0.206 0.5 0.0152012
0.206 0.549 0.0362926
0.206 0.598 0.0423752
0.206 0.647 0.0566026
0.206 0.696 0.0776502
0.206 0.745 0.0492864
0.206 0.794 0.0181793
0.206 0.843 0.0395905
0.206 0.892 0.140186
0.206 0.941 0.37171
0.206 0.99 0.602596
0.255 0.01 1.21238
0.255 0.059 0.779156
0.255 0.108 0.456561
0.255 0.157 0.335502
0.255 0.206 0.199325
0.255 0.255 0.138897
0.255 0.304 0.151407
0.255 0.353 0.119962
0.255 0.402 0.0424318
0.255 0.451 0.0100884
0.255 0.5 0.0265931
0.255 0.549 0.0634906
0.255 0.598 0.0741317
0.255 0.647 0.0990212
0.255 0.696 0.135842
0.255 0.745 0.0862221
0.255 0.794 0.0318031
0.255 0.843 0.06926
0.255 0.892 0.245243
0.255 0.941 0.650274
0.255 0.99 1.05419
0.304 0.01 1.55179
0.304 0.059 0.997281
0.304 0.108 0.584376
0.304 0.157 0.429425
0.304 0.206 0.255126
0.304 0.255 0.177781
0.304 0.304 0.193794
0.304 0.353 0.153545
0.304 0.402 0.0543106
0.304 0.451 0.0129126
0.304 0.5 0.0340378
0.304 0.549 0.0812648
0.304 0.598 0.0948849
0.304 0.647 0.126742
0.304 0.696 0.173871
0.304 0.745 0.11036
0.304 0.794 0.0407064
0.304 0.843 0.0886494
0.304 0.892 0.313898
0.304 0.941 0.832319
0.304 0.99 1.34931
0.353 0.01 2.18385
0.353 0.059 1.40348
0.353 0.108 0.822399
0.353 0.157 0.604335
0.353 0.206 0.359042
0.353 0.255 0.250193
0.353 0.304 0.272728
0.353 0.353 0.216086
0.353 0.402 0.076432
0.353 0.451 0.0181721
0.353 0.5 0.0479018
0.353 0.549 0.114365
0.353 0.598 0.133533
0.353 0.647 0.178366
0.353 0.696 0.244691
0.353 0.745 0.155311
0.353 0.794 0.0572865
0.353 0.843 0.124757
0.353 0.892 0.441753
0.353 0.941 1.17133
0.353 0.99 1.8989
0.402 0.01 2.37253
0.402 0.059 1.52474
0.402 0.108 0.893453
0.402 0.157 0.656549
0.402 0.206 0.390063
0.402 0.255 0.271809
0.402 0.304 0.296292
0.402 0.353 0.234756
0.402 0.402 0.0830356
0.402 0.451 0.0197421
0.402 0.5 0.0520405
0.402 0.549 0.124246
0.402 0.598 0.14507
0.402 0.647 0.193776
0.402 0.696 0.265832
0.402 0.745 0.168729
0.402 0.794 0.062236
0.402 0.843 0.135536
0.402 0.892 0.47992
0.402 0.941 1.27253
0.402 0.99 2.06296
0.451 0.01 1.12496
0.451 0.059 0.722969
0.451 0.108 0.423638
0.451 0.157 0.311308
0.451 0.206 0.184952
0.451 0.255 0.12888
0.451 0.304 0.140489
0.451 0.353 0.111311
0.451 0.402 0.039372
0.451 0.451 0.00936087
0.451 0.5 0.0246754
0.451 0.549 0.0589122
0.451 0.598 0.0687859
0.451 0.647 0.0918806
0.451 0.696 0.126046
0.451 0.745 0.0800044
0.451 0.794 0.0295097
0.451 0.843 0.0642655
0.451 0.892 0.227558
0.451 0.941 0.603382
0.451 0.99 0.978168
0.5 0.01 0.256362
0.5 0.059 0.164755
0.5 0.108 0.0965412
0.5 0.157 0.0709428
0.5 0.206 0.0421479
0.5 0.255 0.0293701
0.5 0.304 0.0320155
0.5 0.353 0.0253663
0.5 0.402 0.00897233
0.5 0.451 0.00213321
0.5 0.5 0.00562318
0.5 0.549 0.0134253
0.5 0.598 0.0156754
0.5 0.647 0.0209383
0.5 0.696 0.0287242
0.5 0.745 0.0182319
0.5 0.794 0.00672485
0.5 0.843 0.0146452
0.5 0.892 0.0518573
0.5 0.941 0.137502
0.5 0.99 0.222911
0.549 0.01 0.383522
0.549 0.059 0.246476
0.549 0.108 0.144427
0.549 0.157 0.106132
0.549 0.206 0.063054
0.549 0.255 0.0439382
0.549 0.304 0.0478958
0.549 0.353 0.0379485
0.549 0.402 0.0134228
0.549 0.451 0.00319133
0.549 0.5 0.00841239
0.549 0.549 0.0200845
0.549 0.598 0.0234506
0.549 0.647 0.0313241
0.549 0.696 0.0429719
0.549 0.745 0.0272753
0.549 0.794 0.0100605
0.549 0.843 0.0219095
0.549 0.892 0.0775794
0.549 0.941 0.205706
0.549 0.99 0.333479
0.598 0.01 1.07157
0.598 0.059 0.688663
0.598 0.108 0.403535
0.598 0.157 0.296536
0.598 0.206 0.176175
0.598 0.255 0.122765
0.598 0.304 0.133823
0.598 0.353 0.106029
0.598 0.402 0.0375037
0.598 0.451 0.00891667
0.598 0.5 0.0235045
0.598 0.549 0.0561166
0.598 0.598 0.0655218
0.598 0.647 0.0875207
0.598 0.696 0.120065
0.598 0.745 0.076208
0.598 0.794 0.0281094
0.598 0.843 0.061216
0.598 0.892 0.21676
0.598 0.941 0.57475
0.598 0.99 0.931751
0.647 0.01 1.52588
0.647 0.059 0.980627
0.647 0.108 0.574617
0.647 0.157 0.422255
0.647 0.206 0.250866
0.647 0.255 0.174812
0.647 0.304 0.190558
0.647 0.353 0.150981
0.647 0.402 0.0534037
0.647 0.451 0.012697
0.647 0.5 0.0334694
0.647 0.549 0.0799078
0.647 0.598 0.0933004
0.647 0.647 0.124626
0.647 0.696 0.170968
0.647 0.745 0.108517
0.647 0.794 0.0400266
0.647 0.843 0.087169
0.647 0.892 0.308657
0.647 0.941 0.81842
0.647 0.99 1.32678
0.696 0.01 2.08
0.696 0.059 1.33674
0.696 0.108 0.783288
0.696 0.157 0.575595
0.696 0.206 0.341968
0.696 0.255 0.238295
0.696 0.304 0.259758
0.696 0.353 0.20581
0.696 0.402 0.0727972
0.696 0.451 0.0173079
0.696 0.5 0.0456238
0.696 0.549 0.108926
0.696 0.598 0.127182
0.696 0.647 0.169883
0.696 0.696 0.233054
0.696 0.745 0.147925
0.696 0.794 0.0545622
0.696 0.843 0.118824
0.696 0.892 0.420745
0.696 0.941 1.11563
0.696 0.99 1.80859
0.745 0.01 2.47508
0.745 0.059 1.59065
0.745 0.108 0.932072
0.745 0.157 0.684928
0.745 0.206 0.406923
0.745 0.255 0.283558
0.745 0.304 0.309099
0.745 0.353 0.244903
0.745 0.402 0.0866248
0.745 0.451 0.0205954
0.745 0.5 0.0542899
0.745 0.549 0.129616
0.745 0.598 0.15134
0.745 0.647 0.202152
0.745 0.696 0.277322
0.745 0.745 0.176023
0.745 0.794 0.0649261
0.745 0.843 0.141395
0.745 0.892 0.500664
0.745 0.941 1.32754
0.745 0.99 2.15213
0.794 0.01 1.45489
0.794 0.059 0.935009
0.794 0.108 0.547887
0.794 0.157 0.402612
0.794 0.206 0.239196
0.794 0.255 0.16668
0.794 0.304 0.181693
0.794 0.353 0.143958
0.794 0.402 0.0509194
0.794 0.451 0.0121063
0.794 0.5 0.0319125
0.794 0.549 0.0761905
0.794 0.598 0.0889602
0.794 0.647 0.118828
0.794 0.696 0.163014
0.794 0.745 0.103469
0.794 0.794 0.0381646
0.794 0.843 0.083114
0.794 0.892 0.294298
0.794 0.941 0.780348
0.794 0.99 1.26506
0.843 0.01 1.18648
0.843 0.059 0.762508
0.843 0.108 0.446806
0.843 0.157 0.328333
0.843 0.206 0.195066
0.843 0.255 0.135929
0.843 0.304 0.148172
0.843 0.353 0.117399
0.843 0.402 0.0415252
0.843 0.451 0.0098728
0.843 0.5 0.0260249
0.843 0.549 0.062134
0.843 0.598 0.0725477
0.843 0.647 0.0969055
0.843 0.696 0.132939
0.843 0.745 0.0843798
0.843 0.794 0.0311235
0.843 0.843 0.0677801
0.843 0.892 0.240003
0.843 0.941 0.63638
0.843 0.99 1.03166
0.892 0.01 5.27699
0.892 0.059 3.39134
0.892 0.108 1.98722
0.892 0.157 1.4603
0.892 0.206 0.867579
0.892 0.255 0.604558
0.892 0.304 0.659012
0.892 0.353 0.522144
0.892 0.402 0.184688
0.892 0.451 0.0439104
0.892 0.5 0.115748
0.892 0.549 0.276348
0.892 0.598 0.322664
0.892 0.647 0.430998
0.892 0.696 0.591263
0.892 0.745 0.375288
0.892 0.794 0.138425
0.892 0.843 0.30146
0.892 0.892 1.06744
0.892 0.941 2.83037
0.892 0.99 4.58843
0.941 0.01 19.2282
0.941 0.059 12.3573
0.941 0.108 7.24099
0.941 0.157 5.321
0.941 0.206 3.16127
0.941 0.255 2.20288
0.941 0.304 2.4013
0.941 0.353 1.90258
0.941 0.402 0.672962
0.941 0.451 0.16
0.941 0.5 0.421762
0.941 0.549 1.00695
0.941 0.598 1.17572
0.941 0.647 1.57046
0.941 0.696 2.15443
0.941 0.745 1.36747
0.941 0.794 0.504392
0.941 0.843 1.09845
0.941 0.892 3.88951
0.941 0.941 10.3132
0.941 0.99 16.7192
0.99 0.01 34.4578
0.99 0.059 22.1448
0.99 0.108 12.9762
0.99 0.157 9.53548
0.99 0.206 5.66513
0.99 0.255 3.94766
0.99 0.304 4.30323
0.99 0.353 3.40951
0.99 0.402 1.20598
0.99 0.451 0.286727
0.99 0.5 0.755817
0.99 0.549 1.8045
0.99 0.598 2.10694
0.99 0.647 2.81434
0.99 0.696 3.86084
0.99 0.745 2.45057
0.99 0.794 0.903893
0.99 0.843 1.96848
0.99 0.892 6.97018
0.99 0.941 18.4818
0.99 0.99 29.9616
