0.01 0.01 1.02849
0.01 0.059 0.704747
0.01 0.108 0.385046
0.01 0.157 0.166982
0.01 0.206 0.0829327
0.01 0.255 0.183113
0.01 0.304 0.335186
0.01 0.353 0.396518
0.01 0.402 0.581623
0.01 0.451 1.04397
0.01 0.5 1.25187
0.01 0.549 1.00719
0.01 0.598 0.708225
0.01 0.647 0.501645
0.01 0.696 0.4666
0.01 0.745 0.518342
0.01 0.794 0.469978
0.01 0.843 0.329437
0.01 0.892 0.155788
0.01 0.941 0.152709
0.01 0.99 0.257478
0.059 0.01 1.14904
0.059 0.059 0.787349
0.059 0.108 0.430177
0.059 0.157 0.186554
0.059 0.206 0.0926531
0.059 0.255 0.204576
0.059 0.304 0.374472
0.059 0.353 0.442993
0.059 0.402 0.649794
0.059 0.451 1.16633
0.059 0.5 1.3986
0.059 0.549 1.12524
0.059 0.598 0.791235
0.059 0.647 0.560442
0.059 0.696 0.52129
0.059 0.745 0.579096
0.059 0.794 0.525063
0.059 0.843 0.36805
0.059 0.892 0.174047
0.059 0.941 0.170608
0.059 0.99 0.287657
0.108 0.01 1.22922
0.108 0.059 0.842288
0.108 0.108 0.460193
0.108 0.157 0.199571
0.108 0.206 0.0991181
0.108 0.255 0.21885
0.108 0.304 0.400602
0.108 0.353 0.473903
0.108 0.402 0.695134
0.108 0.451 1.24771
0.108 0.5 1.49619
0.108 0.549 1.20375
0.108 0.598 0.846445
0.108 0.647 0.599548
0.108 0.696 0.557664
0.108 0.745 0.619504
0.108 0.794 0.5617
0.108 0.843 0.393731
0.108 0.892 0.186192
0.108 0.941 0.182512
0.108 0.99 0.307728
0.157 0.01 0.86032
0.157 0.059 0.589509
0.157 0.108 0.322085
0.157 0.157 0.139678
0.157 0.206 0.0693719
0.157 0.255 0.153171
0.157 0.304 0.280377
0.157 0.353 0.331681
0.157 0.402 0.486518
0.157 0.451 0.873262
0.157 0.5 1.04717
0.157 0.549 0.842497
0.157 0.598 0.592419
0.157 0.647 0.419618
0.157 0.696 0.390304
0.157 0.745 0.433585
0.157 0.794 0.393129
0.157 0.843 0.275569
0.157 0.892 0.130314
0.157 0.941 0.127739
0.157 0.99 0.215376
0.206 0.01 0.788633
0.206 0.059 0.540388
0.206 0.108 0.295247
0.206 0.157 0.128039
0.206 0.206 0.0635914
0.206 0.255 0.140408
0.206 0.304 0.257015
0.206 0.353 0.304043
0.206 0.402 0.445979
0.206 0.451 0.800497
0.206 0.5 0.959911
0.206 0.549 0.772295
0.206 0.598 0.543055
0.206 0.647 0.384653
0.206 0.696 0.357781
0.206 0.745 0.397456
0.206 0.794 0.360371
0.206 0.843 0.252607
0.206 0.892 0.119455
0.206 0.941 0.117095
0.206 0.99 0.19743
0.255 0.01 1.29116
0.255 0.059 0.884729
0.255 0.108 0.483382
0.255 0.157 0.209627
0.255 0.206 0.104112
0.255 0.255 0.229878
0.255 0.304 0.420787
0.255 0.353 0.497783
0.255 0.402 0.730161
0.255 0.451 1.31058
0.255 0.5 1.57158
0.255 0.549 1.26441
0.255 0.598 0.889096
0.255 0.647 0.629758
0.255 0.696 0.585763
0.255 0.745 0.650719
0.255 0.794 0.590003
0.255 0.843 0.41357
0.255 0.892 0.195574
0.255 0.941 0.191709
0.255 0.99 0.323234
0.304 0.01 1.28396
0.304 0.059 0.879795
0.304 0.108 0.480686
0.304 0.157 0.208458
0.304 0.206 0.103532
0.304 0.255 0.228596
0.304 0.304 0.41844
0.304 0.353 0.495006
0.304 0.402 0.726089
0.304 0.451 1.30327
0.304 0.5 1.56281
0.304 0.549 1.25736
0.304 0.598 0.884137
0.304 0.647 0.626246
0.304 0.696 0.582497
0.304 0.745 0.64709
0.304 0.794 0.586713
0.304 0.843 0.411264
0.304 0.892 0.194483
0.304 0.941 0.19064
0.304 0.99 0.321432
0.353 0.01 0.593571
0.353 0.059 0.406728
0.353 0.108 0.22222
0.353 0.157 0.0963698
0.353 0.206 0.0478626
0.353 0.255 0.105679
0.353 0.304 0.193444
0.353 0.353 0.228841
0.353 0.402 0.33567
0.353 0.451 0.602501
0.353 0.5 0.722486
0.353 0.549 0.581275
0.353 0.598 0.408735
0.353 0.647 0.289513
0.353 0.696 0.269287
0.353 0.745 0.299149
0.353 0.794 0.271236
0.353 0.843 0.190127
0.353 0.892 0.0899091
0.353 0.941 0.0881325
0.353 0.99 0.148597
0.402 0.01 0.235719
0.402 0.059 0.16152
0.402 0.108 0.0882482
0.402 0.157 0.0382704
0.402 0.206 0.0190072
0.402 0.255 0.0419675
0.402 0.304 0.0768207
0.402 0.353 0.0908773
0.402 0.402 0.133301
0.402 0.451 0.239265
0.402 0.5 0.286914
0.402 0.549 0.230836
0.402 0.598 0.162317
0.402 0.647 0.114971
0.402 0.696 0.106939
0.402 0.745 0.118798
0.402 0.794 0.107714
0.402 0.843 0.0755031
0.402 0.892 0.0357047
0.402 0.941 0.0349992
0.402 0.99 0.0590111
0.451 0.01 0.432147
0.451 0.059 0.296116
0.451 0.108 0.161786
0.451 0.157 0.0701616
0.451 0.206 0.0348462
0.451 0.255 0.0769394
0.451 0.304 0.140836
0.451 0.353 0.166606
0.451 0.402 0.244383
0.451 0.451 0.438648
0.451 0.5 0.526002
0.451 0.549 0.423194
0.451 0.598 0.297578
0.451 0.647 0.210778
0.451 0.696 0.196053
0.451 0.745 0.217794
0.451 0.794 0.197472
0.451 0.843 0.138421
0.451 0.892 0.0654579
0.451 0.941 0.0641644
0.451 0.99 0.108186
0.5 0.01 0.667889
0.5 0.059 0.457652
0.5 0.108 0.250043
0.5 0.157 0.108436
0.5 0.206 0.0538552
0.5 0.255 0.118911
0.5 0.304 0.217665
0.5 0.353 0.257493
0.5 0.402 0.377697
0.5 0.451 0.677937
0.5 0.5 0.812944
0.5 0.549 0.654053
0.5 0.598 0.459911
0.5 0.647 0.325761
0.5 0.696 0.303003
0.5 0.745 0.336604
0.5 0.794 0.305196
0.5 0.843 0.213931
0.5 0.892 0.101166
0.5 0.941 0.099167
0.5 0.99 0.167202
0.549 0.01 0.907503
0.549 0.059 0.621841
0.549 0.108 0.33975
0.549 0.157 0.147339
0.549 0.206 0.0731765
0.549 0.255 0.161572
0.549 0.304 0.295755
0.549 0.353 0.349872
0.549 0.402 0.513201
0.549 0.451 0.921156
0.549 0.5 1.1046
0.549 0.549 0.888703
0.549 0.598 0.62491
0.549 0.647 0.442632
0.549 0.696 0.41171
0.549 0.745 0.457365
0.549 0.794 0.41469
0.549 0.843 0.290682
0.549 0.892 0.137461
0.549 0.941 0.134745
0.549 0.99 0.227189
0.598 0.01 1.08826
0.598 0.059 0.745698
0.598 0.108 0.40742
0.598 0.157 0.176685
0.598 0.206 0.0877517
0.598 0.255 0.193754
0.598 0.304 0.354662
0.598 0.353 0.419558
0.598 0.402 0.615419
0.598 0.451 1.10463
0.598 0.5 1.32461
0.598 0.549 1.06571
0.598 0.598 0.749378
0.598 0.647 0.530794
0.598 0.696 0.493713
0.598 0.745 0.548462
0.598 0.794 0.497287
0.598 0.843 0.34858
0.598 0.892 0.16484
0.598 0.941 0.161583
0.598 0.99 0.27244
0.647 0.01 0.642566
0.647 0.059 0.4403
0.647 0.108 0.240563
0.647 0.157 0.104324
0.647 0.206 0.0518133
0.647 0.255 0.114403
0.647 0.304 0.209412
0.647 0.353 0.24773
0.647 0.402 0.363377
0.647 0.451 0.652233
0.647 0.5 0.782121
0.647 0.549 0.629254
0.647 0.598 0.442473
0.647 0.647 0.31341
0.647 0.696 0.291515
0.647 0.745 0.323841
0.647 0.794 0.293625
0.647 0.843 0.20582
0.647 0.892 0.0973305
0.647 0.941 0.0954071
0.647 0.99 0.160863
0.696 0.01 0.285425
0.696 0.059 0.195579
0.696 0.108 0.106857
0.696 0.157 0.0463404
0.696 0.206 0.0230152
0.696 0.255 0.050817
0.696 0.304 0.0930196
0.696 0.353 0.11004
0.696 0.402 0.16141
0.696 0.451 0.289718
0.696 0.5 0.347414
0.696 0.549 0.279512
0.696 0.598 0.196544
0.696 0.647 0.139215
0.696 0.696 0.129489
0.696 0.745 0.143849
0.696 0.794 0.130427
0.696 0.843 0.0914242
0.696 0.892 0.0432337
0.696 0.941 0.0423793
0.696 0.99 0.0714545
0.745 0.01 0.551474
0.745 0.059 0.377882
0.745 0.108 0.20646
0.745 0.157 0.0895351
0.745 0.206 0.0444681
0.745 0.255 0.0981845
0.745 0.304 0.179725
0.745 0.353 0.212611
0.745 0.402 0.311864
0.745 0.451 0.559771
0.745 0.5 0.671246
0.745 0.549 0.54005
0.745 0.598 0.379747
0.745 0.647 0.26898
0.745 0.696 0.250189
0.745 0.745 0.277933
0.745 0.794 0.252
0.745 0.843 0.176643
0.745 0.892 0.0835326
0.745 0.941 0.081882
0.745 0.99 0.138059
0.794 0.01 1.08899
0.794 0.059 0.746198
0.794 0.108 0.407694
0.794 0.157 0.176804
0.794 0.206 0.0878106
0.794 0.255 0.193884
0.794 0.304 0.3549
0.794 0.353 0.41984
0.794 0.402 0.615832
0.794 0.451 1.10537
0.794 0.5 1.3255
0.794 0.549 1.06643
0.794 0.598 0.749881
0.794 0.647 0.531151
0.794 0.696 0.494045
0.794 0.745 0.54883
0.794 0.794 0.497621
0.794 0.843 0.348813
0.794 0.892 0.164951
0.794 0.941 0.161691
0.794 0.99 0.272622
0.843 0.01 1.53072
0.843 0.059 1.04888
0.843 0.108 0.573069
0.843 0.157 0.248521
0.843 0.206 0.12343
0.843 0.255 0.272529
0.843 0.304 0.49886
0.843 0.353 0.590141
0.843 0.402 0.865635
0.843 0.451 1.55375
0.843 0.5 1.86317
0.843 0.549 1.49901
0.843 0.598 1.05406
0.843 0.647 0.746604
0.843 0.696 0.694446
0.843 0.745 0.771454
0.843 0.794 0.699473
0.843 0.843 0.490304
0.843 0.892 0.23186
0.843 0.941 0.227279
0.843 0.99 0.383207
0.892 0.01 3.13072
0.892 0.059 2.14524
0.892 0.108 1.17208
0.892 0.157 0.508291
0.892 0.206 0.252446
0.892 0.255 0.557394
0.892 0.304 1.0203
0.892 0.353 1.20699
0.892 0.402 1.77045
0.892 0.451 3.17782
0.892 0.5 3.81067
0.892 0.549 3.06586
0.892 0.598 2.15583
0.892 0.647 1.527
0.892 0.696 1.42032
0.892 0.745 1.57783
0.892 0.794 1.4306
0.892 0.843 1.0028
0.892 0.892 0.474215
0.892 0.941 0.464844
0.892 0.99 0.783759
0.941 0.01 10.2131
0.941 0.059 6.99823
0.941 0.108 3.82356
0.941 0.157 1.65815
0.941 0.206 0.823532
0.941 0.255 1.81834
0.941 0.304 3.32844
0.941 0.353 3.93747
0.941 0.402 5.77559
0.941 0.451 10.3667
0.941 0.5 12.4312
0.941 0.549 10.0015
0.941 0.598 7.03276
0.941 0.647 4.9814
0.941 0.696 4.6334
0.941 0.745 5.1472
0.941 0.794 4.66694
0.941 0.843 3.27135
0.941 0.892 1.54699
0.941 0.941 1.51642
0.941 0.99 2.55679
0.99 0.01 18.4528
0.99 0.059 12.6443
0.99 0.108 6.90833
0.99 0.157 2.99592
0.99 0.206 1.48794
0.99 0.255 3.28534
0.99 0.304 6.01375
0.99 0.353 7.11414
0.99 0.402 10.4352
0.99 0.451 18.7304
0.99 0.5 22.4604
0.99 0.549 18.0705
0.99 0.598 12.7067
0.99 0.647 9.00029
0.99 0.696 8.37153
0.99 0.745 9.29986
0.99 0.794 8.43213
0.99 0.843 5.91061
0.99 0.892 2.79507
0.99 0.941 2.73984
0.99 0.99 4.61956
