0.01 0.01 4.70103e-85
0.01 0.059 7.76302e-77
0.01 0.108 4.90779e-69
0.01 0.157 1.18761e-61
0.01 0.206 1.1e-54
0.01 0.255 3.89985e-48
0.01 0.304 5.29217e-42
0.01 0.353 2.74886e-36
0.01 0.402 5.46517e-31
0.01 0.451 4.159e-26
0.01 0.5 1.21145e-21
0.01 0.549 1.35069e-17
0.01 0.598 5.76422e-14
0.01 0.647 9.4158e-11
0.01 0.696 5.88717e-08
0.01 0.745 1.40893e-05
0.01 0.794 0.00129064
0.01 0.843 0.0452538
0.01 0.892 0.607349
0.01 0.941 3.12
0.01 0.99 6.13484
0.059 0.01 7.86034e-85
0.059 0.059 1.29801e-76
0.059 0.108 8.20605e-69
0.059 0.157 1.98574e-61
0.059 0.206 1.83926e-54
0.059 0.255 6.52072e-48
0.059 0.304 8.84874e-42
0.059 0.353 4.59621e-36
0.059 0.402 9.13801e-31
0.059 0.451 6.95403e-26
0.059 0.5 2.0256e-21
0.059 0.549 2.25842e-17
0.059 0.598 9.63802e-14
0.059 0.647 1.57436e-10
0.059 0.696 9.84362e-08
0.059 0.745 2.3558e-05
0.059 0.794 0.00215801
0.059 0.843 0.0756664
0.059 0.892 1.01551
0.059 0.941 5.21677
0.059 0.99 10.2577
0.108 0.01 8.5315e-85
0.108 0.059 1.40884e-76
0.108 0.108 8.90673e-69
0.108 0.157 2.15529e-61
0.108 0.206 1.9963e-54
0.108 0.255 7.0775e-48
0.108 0.304 9.6043e-42
0.108 0.353 4.98867e-36
0.108 0.402 9.91827e-31
0.108 0.451 7.5478e-26
0.108 0.5 2.19856e-21
0.108 0.549 2.45126e-17
0.108 0.598 1.0461e-13
0.108 0.647 1.70879e-10
0.108 0.696 1.06841e-07
0.108 0.745 2.55695e-05
0.108 0.794 0.00234228
0.108 0.843 0.0821273
0.108 0.892 1.10222
0.108 0.941 5.66221
0.108 0.99 11.1336
0.157 0.01 6.12597e-85
0.157 0.059 1.01161e-76
0.157 0.108 6.3954e-69
0.157 0.157 1.54759e-61
0.157 0.206 1.43343e-54
0.157 0.255 5.08194e-48
0.157 0.304 6.89628e-42
0.157 0.353 3.58207e-36
0.157 0.402 7.12173e-31
0.157 0.451 5.41964e-26
0.157 0.5 1.57866e-21
0.157 0.549 1.7601e-17
0.157 0.598 7.51142e-14
0.157 0.647 1.22698e-10
0.157 0.696 7.67164e-08
0.157 0.745 1.83599e-05
0.157 0.794 0.00168185
0.157 0.843 0.0589708
0.157 0.892 0.791443
0.157 0.941 4.0657
0.157 0.99 7.99437
0.206 0.01 7.68607e-85
0.206 0.059 1.26923e-76
0.206 0.108 8.02412e-69
0.206 0.157 1.94171e-61
0.206 0.206 1.79848e-54
0.206 0.255 6.37615e-48
0.206 0.304 8.65256e-42
0.206 0.353 4.49431e-36
0.206 0.402 8.93542e-31
0.206 0.451 6.79985e-26
0.206 0.5 1.98069e-21
0.206 0.549 2.20835e-17
0.206 0.598 9.42435e-14
0.206 0.647 1.53946e-10
0.206 0.696 9.62538e-08
0.206 0.745 2.30357e-05
0.206 0.794 0.00211017
0.206 0.843 0.0739889
0.206 0.892 0.993
0.206 0.941 5.10111
0.206 0.99 10.0303
0.255 0.01 9.14661e-85
0.255 0.059 1.51042e-76
0.255 0.108 9.54889e-69
0.255 0.157 2.31068e-61
0.255 0.206 2.14023e-54
0.255 0.255 7.58777e-48
0.255 0.304 1.02967e-41
0.255 0.353 5.34834e-36
0.255 0.402 1.06334e-30
0.255 0.451 8.09199e-26
0.255 0.5 2.35707e-21
0.255 0.549 2.62799e-17
0.255 0.598 1.12152e-13
0.255 0.647 1.83199e-10
0.255 0.696 1.14544e-07
0.255 0.745 2.7413e-05
0.255 0.794 0.00251115
0.255 0.843 0.0880485
0.255 0.892 1.18169
0.255 0.941 6.07044
0.255 0.99 11.9363
0.304 0.01 7.19129e-85
0.304 0.059 1.18753e-76
0.304 0.108 7.50758e-69
0.304 0.157 1.81672e-61
0.304 0.206 1.68271e-54
0.304 0.255 5.9657e-48
0.304 0.304 8.09557e-42
0.304 0.353 4.205e-36
0.304 0.402 8.36022e-31
0.304 0.451 6.36213e-26
0.304 0.5 1.85319e-21
0.304 0.549 2.06619e-17
0.304 0.598 8.81767e-14
0.304 0.647 1.44036e-10
0.304 0.696 9.00577e-08
0.304 0.745 2.15528e-05
0.304 0.794 0.00197433
0.304 0.843 0.069226
0.304 0.892 0.929077
0.304 0.941 4.77274
0.304 0.99 9.38462
0.353 0.01 7.07748e-85
0.353 0.059 1.16874e-76
0.353 0.108 7.38876e-69
0.353 0.157 1.78797e-61
0.353 0.206 1.65607e-54
0.353 0.255 5.87128e-48
0.353 0.304 7.96744e-42
0.353 0.353 4.13845e-36
0.353 0.402 8.2279e-31
0.353 0.451 6.26143e-26
0.353 0.5 1.82386e-21
0.353 0.549 2.03349e-17
0.353 0.598 8.67812e-14
0.353 0.647 1.41756e-10
0.353 0.696 8.86323e-08
0.353 0.745 2.12117e-05
0.353 0.794 0.00194308
0.353 0.843 0.0681304
0.353 0.892 0.914373
0.353 0.941 4.6972
0.353 0.99 9.23609
0.402 0.01 7.90789e-85
0.402 0.059 1.30586e-76
0.402 0.108 8.25569e-69
0.402 0.157 1.99775e-61
0.402 0.206 1.85038e-54
0.402 0.255 6.56016e-48
0.402 0.304 8.90227e-42
0.402 0.353 4.62402e-36
0.402 0.402 9.19329e-31
0.402 0.451 6.99609e-26
0.402 0.5 2.03785e-21
0.402 0.549 2.27208e-17
0.402 0.598 9.69633e-14
0.402 0.647 1.58389e-10
0.402 0.696 9.90316e-08
0.402 0.745 2.37005e-05
0.402 0.794 0.00217107
0.402 0.843 0.0761242
0.402 0.892 1.02166
0.402 0.941 5.24833
0.402 0.99 10.3198
0.451 0.01 6.39551e-85
0.451 0.059 1.05612e-76
0.451 0.108 6.67679e-69
0.451 0.157 1.61568e-61
0.451 0.206 1.4965e-54
0.451 0.255 5.30554e-48
0.451 0.304 7.19971e-42
0.451 0.353 3.73968e-36
0.451 0.402 7.43508e-31
0.451 0.451 5.65809e-26
0.451 0.5 1.64812e-21
0.451 0.549 1.83755e-17
0.451 0.598 7.84191e-14
0.451 0.647 1.28097e-10
0.451 0.696 8.00919e-08
0.451 0.745 1.91678e-05
0.451 0.794 0.00175585
0.451 0.843 0.0615655
0.451 0.892 0.826266
0.451 0.941 4.24459
0.451 0.99 8.34612
0.5 0.01 6.81914e-85
0.5 0.059 1.12607e-76
0.5 0.108 7.11905e-69
0.5 0.157 1.7227e-61
0.5 0.206 1.59562e-54
0.5 0.255 5.65697e-48
0.5 0.304 7.67661e-42
0.5 0.353 3.98739e-36
0.5 0.402 7.92757e-31
0.5 0.451 6.03288e-26
0.5 0.5 1.75728e-21
0.5 0.549 1.95926e-17
0.5 0.598 8.36135e-14
0.5 0.647 1.36582e-10
0.5 0.696 8.53971e-08
0.5 0.745 2.04374e-05
0.5 0.794 0.00187216
0.5 0.843 0.0656435
0.5 0.892 0.880996
0.5 0.941 4.52574
0.5 0.99 8.89896
0.549 0.01 9.13425e-85
0.549 0.059 1.50838e-76
0.549 0.108 9.53599e-69
0.549 0.157 2.30756e-61
0.549 0.206 2.13734e-54
0.549 0.255 7.57752e-48
0.549 0.304 1.02828e-41
0.549 0.353 5.34111e-36
0.549 0.402 1.0619e-30
0.549 0.451 8.08105e-26
0.549 0.5 2.35389e-21
0.549 0.549 2.62444e-17
0.549 0.598 1.12e-13
0.549 0.647 1.82952e-10
0.549 0.696 1.1439e-07
0.549 0.745 2.7376e-05
0.549 0.794 0.00250776
0.549 0.843 0.0879296
0.549 0.892 1.1801
0.549 0.941 6.06224
0.549 0.99 11.9202
0.598 0.01 8.66785e-85
0.598 0.059 1.43136e-76
0.598 0.108 9.04907e-69
0.598 0.157 2.18974e-61
0.598 0.206 2.02821e-54
0.598 0.255 7.19061e-48
0.598 0.304 9.75779e-42
0.598 0.353 5.06839e-36
0.598 0.402 1.00768e-30
0.598 0.451 7.66843e-26
0.598 0.5 2.2337e-21
0.598 0.549 2.49043e-17
0.598 0.598 1.06282e-13
0.598 0.647 1.7361e-10
0.598 0.696 1.08549e-07
0.598 0.745 2.59781e-05
0.598 0.794 0.00237971
0.598 0.843 0.0834398
0.598 0.892 1.11984
0.598 0.941 5.7527
0.598 0.99 11.3115
0.647 0.01 1.05315e-84
0.647 0.059 1.73911e-76
0.647 0.108 1.09947e-68
0.647 0.157 2.66054e-61
0.647 0.206 2.46428e-54
0.647 0.255 8.73662e-48
0.647 0.304 1.18558e-41
0.647 0.353 6.15812e-36
0.647 0.402 1.22433e-30
0.647 0.451 9.31717e-26
0.647 0.5 2.71395e-21
0.647 0.549 3.02588e-17
0.647 0.598 1.29133e-13
0.647 0.647 2.10937e-10
0.647 0.696 1.31887e-07
0.647 0.745 3.15635e-05
0.647 0.794 0.00289136
0.647 0.843 0.10138
0.647 0.892 1.36061
0.647 0.941 6.98955
0.647 0.99 13.7435
0.696 0.01 1.62751e-84
0.696 0.059 2.68758e-76
0.696 0.108 1.69909e-68
0.696 0.157 4.11154e-61
0.696 0.206 3.80824e-54
0.696 0.255 1.35014e-47
0.696 0.304 1.83216e-41
0.696 0.353 9.51661e-36
0.696 0.402 1.89206e-30
0.696 0.451 1.43985e-25
0.696 0.5 4.19407e-21
0.696 0.549 4.67613e-17
0.696 0.598 1.99559e-13
0.696 0.647 3.25977e-10
0.696 0.696 2.03815e-07
0.696 0.745 4.87775e-05
0.696 0.794 0.00446824
0.696 0.843 0.15667
0.696 0.892 2.10266
0.696 0.941 10.8015
0.696 0.99 21.2389
0.745 0.01 2.23298e-84
0.745 0.059 3.68742e-76
0.745 0.108 2.33119e-68
0.745 0.157 5.64112e-61
0.745 0.206 5.22499e-54
0.745 0.255 1.85242e-47
0.745 0.304 2.51376e-41
0.745 0.353 1.3057e-35
0.745 0.402 2.59594e-30
0.745 0.451 1.97551e-25
0.745 0.5 5.75436e-21
0.745 0.549 6.41575e-17
0.745 0.598 2.73799e-13
0.745 0.647 4.47248e-10
0.745 0.696 2.79639e-07
0.745 0.745 6.69239e-05
0.745 0.794 0.00613052
0.745 0.843 0.214955
0.745 0.892 2.88489
0.745 0.941 14.8199
0.745 0.99 29.1403
0.794 0.01 2.47017e-84
0.794 0.059 4.07911e-76
0.794 0.108 2.57882e-68
0.794 0.157 6.24034e-61
0.794 0.206 5.78001e-54
0.794 0.255 2.04919e-47
0.794 0.304 2.78079e-41
0.794 0.353 1.4444e-35
0.794 0.402 2.87169e-30
0.794 0.451 2.18536e-25
0.794 0.5 6.36561e-21
0.794 0.549 7.09726e-17
0.794 0.598 3.02883e-13
0.794 0.647 4.94756e-10
0.794 0.696 3.09344e-07
0.794 0.745 7.40328e-05
0.794 0.794 0.00678173
0.794 0.843 0.237788
0.794 0.892 3.19133
0.794 0.941 16.3941
0.794 0.99 32.2357
0.843 0.01 1.96585e-84
0.843 0.059 3.24629e-76
0.843 0.108 2.05231e-68
0.843 0.157 4.96627e-61
0.843 0.206 4.59993e-54
0.843 0.255 1.63081e-47
0.843 0.304 2.21304e-41
0.843 0.353 1.1495e-35
0.843 0.402 2.28539e-30
0.843 0.451 1.73918e-25
0.843 0.5 5.06597e-21
0.843 0.549 5.64824e-17
0.843 0.598 2.41044e-13
0.843 0.647 3.93744e-10
0.843 0.696 2.46186e-07
0.843 0.745 5.89178e-05
0.843 0.794 0.00539713
0.843 0.843 0.18924
0.843 0.892 2.53977
0.843 0.941 13.047
0.843 0.99 25.6543
0.892 0.01 1.63184e-84
0.892 0.059 2.69472e-76
0.892 0.108 1.70361e-68
0.892 0.157 4.12247e-61
0.892 0.206 3.81837e-54
0.892 0.255 1.35373e-47
0.892 0.304 1.83703e-41
0.892 0.353 9.54192e-36
0.892 0.402 1.89709e-30
0.892 0.451 1.44368e-25
0.892 0.5 4.20523e-21
0.892 0.549 4.68857e-17
0.892 0.598 2.00089e-13
0.892 0.647 3.26844e-10
0.892 0.696 2.04357e-07
0.892 0.745 4.89073e-05
0.892 0.794 0.00448012
0.892 0.843 0.157086
0.892 0.892 2.10825
0.892 0.941 10.8302
0.892 0.99 21.2954
0.941 0.01 2.07568e-84
0.941 0.059 3.42766e-76
0.941 0.108 2.16697e-68
0.941 0.157 5.24374e-61
0.941 0.206 4.85693e-54
0.941 0.255 1.72193e-47
0.941 0.304 2.33669e-41
0.941 0.353 1.21372e-35
0.941 0.402 2.41308e-30
0.941 0.451 1.83635e-25
0.941 0.5 5.34901e-21
0.941 0.549 5.96381e-17
0.941 0.598 2.54511e-13
0.941 0.647 4.15742e-10
0.941 0.696 2.5994e-07
0.941 0.745 6.22095e-05
0.941 0.794 0.00569866
0.941 0.843 0.199812
0.941 0.892 2.68167
0.941 0.941 13.7759
0.941 0.99 27.0876
0.99 0.01 2.58787e-84
0.99 0.059 4.27346e-76
0.99 0.108 2.70168e-68
0.99 0.157 6.53766e-61
0.99 0.206 6.0554e-54
0.99 0.255 2.14682e-47
0.99 0.304 2.91328e-41
0.99 0.353 1.51321e-35
0.99 0.402 3.00852e-30
0.99 0.451 2.28948e-25
0.99 0.5 6.6689e-21
0.99 0.549 7.43541e-17
0.99 0.598 3.17314e-13
0.99 0.647 5.18329e-10
0.99 0.696 3.24082e-07
0.99 0.745 7.75601e-05
0.99 0.794 0.00710484
0.99 0.843 0.249117
0.99 0.892 3.34338
0.99 0.941 17.1752
0.99 0.99 33.7716
