0.01 0.01 16.1849
0.01 0.059 9.65741
0.01 0.108 3.85431
0.01 0.157 1.46207
0.01 0.206 0.37198
0.01 0.255 0.290878
0.01 0.304 0.744056
0.01 0.353 0.947371
0.01 0.402 1.14232
0.01 0.451 1.72883
0.01 0.5 1.33063
0.01 0.549 0.406423
0.01 0.598 0.108049
0.01 0.647 0.367365
0.01 0.696 0.888616
0.01 0.745 1.23465
0.01 0.794 1.72171
0.01 0.843 1.83461
0.01 0.892 3.08966
0.01 0.941 11.4063
0.01 0.99 21.4217
0.059 0.01 10.9855
0.059 0.059 6.555
0.059 0.108 2.61613
0.059 0.157 0.992384
0.059 0.206 0.252482
0.059 0.255 0.197435
0.059 0.304 0.50503
0.059 0.353 0.643031
0.059 0.402 0.77535
0.059 0.451 1.17345
0.059 0.5 0.903172
0.059 0.549 0.275861
0.059 0.598 0.0733383
0.059 0.647 0.24935
0.059 0.696 0.60315
0.059 0.745 0.838022
0.059 0.794 1.16862
0.059 0.843 1.24525
0.059 0.892 2.09712
0.059 0.941 7.74207
0.059 0.99 14.5401
0.108 0.01 5.25248
0.108 0.059 3.13412
0.108 0.108 1.25084
0.108 0.157 0.474485
0.108 0.206 0.120719
0.108 0.255 0.0943988
0.108 0.304 0.241469
0.108 0.353 0.30745
0.108 0.402 0.370716
0.108 0.451 0.561058
0.108 0.5 0.431831
0.108 0.549 0.131897
0.108 0.598 0.035065
0.108 0.647 0.119221
0.108 0.696 0.288382
0.108 0.745 0.400681
0.108 0.794 0.558747
0.108 0.843 0.595385
0.108 0.892 1.00269
0.108 0.941 3.70169
0.108 0.99 6.95199
0.157 0.01 2.85622
0.157 0.059 1.70429
0.157 0.108 0.680188
0.157 0.157 0.258018
0.157 0.206 0.065645
0.157 0.255 0.0513326
0.157 0.304 0.131307
0.157 0.353 0.167187
0.157 0.402 0.201589
0.157 0.451 0.305095
0.157 0.5 0.234823
0.157 0.549 0.0717233
0.157 0.598 0.0190678
0.157 0.647 0.0648306
0.157 0.696 0.156818
0.157 0.745 0.217884
0.157 0.794 0.303838
0.157 0.843 0.323761
0.157 0.892 0.545247
0.157 0.941 2.01292
0.157 0.99 3.78039
0.206 0.01 2.99284
0.206 0.059 1.78581
0.206 0.108 0.712723
0.206 0.157 0.270359
0.206 0.206 0.0687849
0.206 0.255 0.053788
0.206 0.304 0.137588
0.206 0.353 0.175184
0.206 0.402 0.211232
0.206 0.451 0.319688
0.206 0.5 0.246055
0.206 0.549 0.075154
0.206 0.598 0.0199799
0.206 0.647 0.0679315
0.206 0.696 0.164319
0.206 0.745 0.228306
0.206 0.794 0.318371
0.206 0.843 0.339248
0.206 0.892 0.571327
0.206 0.941 2.10921
0.206 0.99 3.96121
0.255 0.01 2.94212
0.255 0.059 1.75554
0.255 0.108 0.700645
0.255 0.157 0.265778
0.255 0.206 0.0676192
0.255 0.255 0.0528764
0.255 0.304 0.135256
0.255 0.353 0.172215
0.255 0.402 0.207652
0.255 0.451 0.31427
0.255 0.5 0.241885
0.255 0.549 0.0738804
0.255 0.598 0.0196413
0.255 0.647 0.0667803
0.255 0.696 0.161534
0.255 0.745 0.224437
0.255 0.794 0.312976
0.255 0.843 0.333499
0.255 0.892 0.561645
0.255 0.941 2.07346
0.255 0.99 3.89408
0.304 0.01 1.61158
0.304 0.059 0.961617
0.304 0.108 0.383786
0.304 0.157 0.145583
0.304 0.206 0.0370392
0.304 0.255 0.0289636
0.304 0.304 0.0740879
0.304 0.353 0.0943325
0.304 0.402 0.113744
0.304 0.451 0.172145
0.304 0.5 0.132495
0.304 0.549 0.0404688
0.304 0.598 0.0107587
0.304 0.647 0.0365796
0.304 0.696 0.0884821
0.304 0.745 0.122938
0.304 0.794 0.171436
0.304 0.843 0.182677
0.304 0.892 0.307647
0.304 0.941 1.13576
0.304 0.99 2.13302
0.353 0.01 1.05122
0.353 0.059 0.627253
0.353 0.108 0.250339
0.353 0.157 0.0949621
0.353 0.206 0.0241603
0.353 0.255 0.0188927
0.353 0.304 0.0483268
0.353 0.353 0.0615322
0.353 0.402 0.0741939
0.353 0.451 0.112288
0.353 0.5 0.0864253
0.353 0.549 0.0263974
0.353 0.598 0.00701781
0.353 0.647 0.0238605
0.353 0.696 0.057716
0.353 0.745 0.0801911
0.353 0.794 0.111826
0.353 0.843 0.119159
0.353 0.892 0.200675
0.353 0.941 0.740845
0.353 0.99 1.39135
0.402 0.01 1.66117
0.402 0.059 0.991208
0.402 0.108 0.395595
0.402 0.157 0.150062
0.402 0.206 0.0381789
0.402 0.255 0.0298549
0.402 0.304 0.0763677
0.402 0.353 0.0972353
0.402 0.402 0.117244
0.402 0.451 0.177442
0.402 0.5 0.136572
0.402 0.549 0.041714
0.402 0.598 0.0110898
0.402 0.647 0.0377052
0.402 0.696 0.0912048
0.402 0.745 0.126721
0.402 0.794 0.176711
0.402 0.843 0.188299
0.402 0.892 0.317114
0.402 0.941 1.17071
0.402 0.99 2.19866
0.451 0.01 2.43236
0.451 0.059 1.45137
0.451 0.108 0.579248
0.451 0.157 0.219728
0.451 0.206 0.0559033
0.451 0.255 0.0437149
0.451 0.304 0.111821
0.451 0.353 0.142376
0.451 0.402 0.171674
0.451 0.451 0.259819
0.451 0.5 0.199975
0.451 0.549 0.0610796
0.451 0.598 0.0162382
0.451 0.647 0.0552097
0.451 0.696 0.133546
0.451 0.745 0.18555
0.451 0.794 0.258749
0.451 0.843 0.275715
0.451 0.892 0.464332
0.451 0.941 1.71421
0.451 0.99 3.21938
0.5 0.01 2.7013
0.5 0.059 1.61185
0.5 0.108 0.643296
0.5 0.157 0.244024
0.5 0.206 0.0620845
0.5 0.255 0.0485484
0.5 0.304 0.124185
0.5 0.353 0.158119
0.5 0.402 0.190656
0.5 0.451 0.288547
0.5 0.5 0.222087
0.5 0.549 0.0678332
0.5 0.598 0.0180336
0.5 0.647 0.0613143
0.5 0.696 0.148312
0.5 0.745 0.206067
0.5 0.794 0.287359
0.5 0.843 0.306201
0.5 0.892 0.515674
0.5 0.941 1.90375
0.5 0.99 3.57535
0.549 0.01 1.65998
0.549 0.059 0.9905
0.549 0.108 0.395313
0.549 0.157 0.149955
0.549 0.206 0.0381517
0.549 0.255 0.0298336
0.549 0.304 0.0763132
0.549 0.353 0.0971659
0.549 0.402 0.11716
0.549 0.451 0.177315
0.549 0.5 0.136475
0.549 0.549 0.0416843
0.549 0.598 0.0110819
0.549 0.647 0.0376784
0.549 0.696 0.0911398
0.549 0.745 0.12663
0.549 0.794 0.176585
0.549 0.843 0.188164
0.549 0.892 0.316888
0.549 0.941 1.16987
0.549 0.99 2.19709
0.598 0.01 1.13942
0.598 0.059 0.679885
0.598 0.108 0.271345
0.598 0.157 0.10293
0.598 0.206 0.0261875
0.598 0.255 0.0204779
0.598 0.304 0.0523818
0.598 0.353 0.0666952
0.598 0.402 0.0804194
0.598 0.451 0.12171
0.598 0.5 0.0936772
0.598 0.549 0.0286123
0.598 0.598 0.00760666
0.598 0.647 0.0258626
0.598 0.696 0.0625589
0.598 0.745 0.0869198
0.598 0.794 0.121209
0.598 0.843 0.129157
0.598 0.892 0.217513
0.598 0.941 0.803009
0.598 0.99 1.5081
0.647 0.01 1.72753
0.647 0.059 1.0308
0.647 0.108 0.411398
0.647 0.157 0.156057
0.647 0.206 0.039704
0.647 0.255 0.0310475
0.647 0.304 0.0794183
0.647 0.353 0.101119
0.647 0.402 0.121927
0.647 0.451 0.18453
0.647 0.5 0.142028
0.647 0.549 0.0433804
0.647 0.598 0.0115328
0.647 0.647 0.0392114
0.647 0.696 0.0948481
0.647 0.745 0.131783
0.647 0.794 0.18377
0.647 0.843 0.19582
0.647 0.892 0.329781
0.647 0.941 1.21748
0.647 0.99 2.28649
0.696 0.01 2.49372
0.696 0.059 1.48798
0.696 0.108 0.593861
0.696 0.157 0.225271
0.696 0.206 0.0573135
0.696 0.255 0.0448176
0.696 0.304 0.114642
0.696 0.353 0.145968
0.696 0.402 0.176004
0.696 0.451 0.266373
0.696 0.5 0.20502
0.696 0.549 0.0626204
0.696 0.598 0.0166478
0.696 0.647 0.0566025
0.696 0.696 0.136915
0.696 0.745 0.190231
0.696 0.794 0.265276
0.696 0.843 0.282671
0.696 0.892 0.476046
0.696 0.941 1.75745
0.696 0.99 3.30059
0.745 0.01 2.71097
0.745 0.059 1.61761
0.745 0.108 0.645597
0.745 0.157 0.244896
0.745 0.206 0.0623066
0.745 0.255 0.0487221
0.745 0.304 0.124629
0.745 0.353 0.158684
0.745 0.402 0.191338
0.745 0.451 0.289579
0.745 0.5 0.222881
0.745 0.549 0.0680758
0.745 0.598 0.0180981
0.745 0.647 0.0615336
0.745 0.696 0.148843
0.745 0.745 0.206804
0.745 0.794 0.288387
0.745 0.843 0.307297
0.745 0.892 0.517518
0.745 0.941 1.91056
0.745 0.99 3.58813
0.794 0.01 1.93192
0.794 0.059 1.15276
0.794 0.108 0.460073
0.794 0.157 0.174521
0.794 0.206 0.0444016
0.794 0.255 0.0347209
0.794 0.304 0.0888147
0.794 0.353 0.113083
0.794 0.402 0.136353
0.794 0.451 0.206363
0.794 0.5 0.158832
0.794 0.549 0.0485129
0.794 0.598 0.0128973
0.794 0.647 0.0438508
0.794 0.696 0.10607
0.794 0.745 0.147375
0.794 0.794 0.205513
0.794 0.843 0.218989
0.794 0.892 0.3688
0.794 0.941 1.36152
0.794 0.99 2.55702
0.843 0.01 2.60321
0.843 0.059 1.55331
0.843 0.108 0.619935
0.843 0.157 0.235162
0.843 0.206 0.0598299
0.843 0.255 0.0467854
0.843 0.304 0.119675
0.843 0.353 0.152377
0.843 0.402 0.183732
0.843 0.451 0.278068
0.843 0.5 0.214022
0.843 0.549 0.0653698
0.843 0.598 0.0173787
0.843 0.647 0.0590876
0.843 0.696 0.142926
0.843 0.745 0.198583
0.843 0.794 0.276923
0.843 0.843 0.295082
0.843 0.892 0.496947
0.843 0.941 1.83461
0.843 0.99 3.44551
0.892 0.01 6.33894
0.892 0.059 3.7824
0.892 0.108 1.50957
0.892 0.157 0.572631
0.892 0.206 0.145689
0.892 0.255 0.113925
0.892 0.304 0.291415
0.892 0.353 0.371045
0.892 0.402 0.447397
0.892 0.451 0.67711
0.892 0.5 0.521153
0.892 0.549 0.159179
0.892 0.598 0.0423181
0.892 0.647 0.143881
0.892 0.696 0.348033
0.892 0.745 0.48356
0.892 0.794 0.674322
0.892 0.843 0.718538
0.892 0.892 1.21009
0.892 0.941 4.46737
0.892 0.99 8.38998
0.941 0.01 15.1483
0.941 0.059 9.03891
0.941 0.108 3.60747
0.941 0.157 1.36843
0.941 0.206 0.348157
0.941 0.255 0.272249
0.941 0.304 0.696404
0.941 0.353 0.886697
0.941 0.402 1.06916
0.941 0.451 1.61811
0.941 0.5 1.24542
0.941 0.549 0.380394
0.941 0.598 0.101129
0.941 0.647 0.343838
0.941 0.696 0.831705
0.941 0.745 1.15558
0.941 0.794 1.61145
0.941 0.843 1.71711
0.941 0.892 2.89179
0.941 0.941 10.6758
0.941 0.99 20.0498
0.99 0.01 24.2237
0.99 0.059 14.4541
0.99 0.108 5.76869
0.99 0.157 2.18826
0.99 0.206 0.556737
0.99 0.255 0.435353
0.99 0.304 1.11362
0.99 0.353 1.41791
0.99 0.402 1.70969
0.99 0.451 2.58752
0.99 0.5 1.99154
0.99 0.549 0.608287
0.99 0.598 0.161715
0.99 0.647 0.54983
0.99 0.696 1.32998
0.99 0.745 1.84788
0.99 0.794 2.57686
0.99 0.843 2.74583
0.99 0.892 4.62425
0.99 0.941 17.0717
0.99 0.99 32.0616
