0.01 0.01 3.71658e-84
0.01 0.059 6.13735e-76
0.01 0.108 3.88004e-68
0.01 0.157 9.3891e-61
0.01 0.206 8.6965e-54
0.01 0.255 3.08317e-47
0.01 0.304 4.18392e-41
0.01 0.353 2.17321e-35
0.01 0.402 4.3207e-30
0.01 0.451 3.28805e-25
0.01 0.5 9.57759e-21
0.01 0.549 1.06784e-16
0.01 0.598 4.55712e-13
0.01 0.647 7.44401e-10
0.01 0.696 4.65433e-07
0.01 0.745 0.000111388
0.01 0.794 0.0102037
0.01 0.843 0.357771
0.01 0.892 4.80162
0.01 0.941 24.6663
0.01 0.99 48.5013
0.059 0.01 2.38286e-84
0.059 0.059 3.93492e-76
0.059 0.108 2.48766e-68
0.059 0.157 6.01975e-61
0.059 0.206 5.5757e-54
0.059 0.255 1.97675e-47
0.059 0.304 2.68249e-41
0.059 0.353 1.39334e-35
0.059 0.402 2.77018e-30
0.059 0.451 2.10811e-25
0.059 0.5 6.1406e-21
0.059 0.549 6.84639e-17
0.059 0.598 2.92176e-13
0.059 0.647 4.77267e-10
0.059 0.696 2.98409e-07
0.059 0.745 7.14159e-05
0.059 0.794 0.006542
0.059 0.843 0.229382
0.059 0.892 3.07853
0.059 0.941 15.8146
0.059 0.99 31.0962
0.108 0.01 1.2604e-84
0.108 0.059 2.08136e-76
0.108 0.108 1.31584e-68
0.108 0.157 3.18413e-61
0.108 0.206 2.94924e-54
0.108 0.255 1.0456e-47
0.108 0.304 1.41889e-41
0.108 0.353 7.37002e-36
0.108 0.402 1.46528e-30
0.108 0.451 1.11508e-25
0.108 0.5 3.24805e-21
0.108 0.549 3.62137e-17
0.108 0.598 1.54546e-13
0.108 0.647 2.52449e-10
0.108 0.696 1.57842e-07
0.108 0.745 3.77751e-05
0.108 0.794 0.00346037
0.108 0.843 0.121331
0.108 0.892 1.62837
0.108 0.941 8.36508
0.108 0.99 16.4482
0.157 0.01 7.18763e-85
0.157 0.059 1.18692e-76
0.157 0.108 7.50375e-69
0.157 0.157 1.81579e-61
0.157 0.206 1.68185e-54
0.157 0.255 5.96266e-48
0.157 0.304 8.09144e-42
0.157 0.353 4.20286e-36
0.157 0.402 8.35596e-31
0.157 0.451 6.35888e-26
0.157 0.5 1.85224e-21
0.157 0.549 2.06514e-17
0.157 0.598 8.81318e-14
0.157 0.647 1.43962e-10
0.157 0.696 9.00117e-08
0.157 0.745 2.15418e-05
0.157 0.794 0.00197332
0.157 0.843 0.0691907
0.157 0.892 0.928603
0.157 0.941 4.7703
0.157 0.99 9.37983
0.206 0.01 4.26457e-85
0.206 0.059 7.04227e-77
0.206 0.108 4.45213e-69
0.206 0.157 1.07735e-61
0.206 0.206 9.97875e-55
0.206 0.255 3.53777e-48
0.206 0.304 4.80082e-42
0.206 0.353 2.49364e-36
0.206 0.402 4.95776e-31
0.206 0.451 3.77286e-26
0.206 0.5 1.09898e-21
0.206 0.549 1.22529e-17
0.206 0.598 5.22904e-14
0.206 0.647 8.54159e-11
0.206 0.696 5.34058e-08
0.206 0.745 1.27812e-05
0.206 0.794 0.00117081
0.206 0.843 0.0410523
0.206 0.892 0.55096
0.206 0.941 2.83032
0.206 0.99 5.56525
0.255 0.01 5.00246e-85
0.255 0.059 8.26078e-77
0.255 0.108 5.22248e-69
0.255 0.157 1.26376e-61
0.255 0.206 1.17054e-54
0.255 0.255 4.1499e-48
0.255 0.304 5.6315e-42
0.255 0.353 2.92511e-36
0.255 0.402 5.8156e-31
0.255 0.451 4.42567e-26
0.255 0.5 1.28913e-21
0.255 0.549 1.4373e-17
0.255 0.598 6.13381e-14
0.255 0.647 1.00195e-10
0.255 0.696 6.26465e-08
0.255 0.745 1.49927e-05
0.255 0.794 0.0013734
0.255 0.843 0.0481555
0.255 0.892 0.646291
0.255 0.941 3.32005
0.255 0.99 6.5282
0.304 0.01 6.8037e-85
0.304 0.059 1.12352e-76
0.304 0.108 7.10293e-69
0.304 0.157 1.7188e-61
0.304 0.206 1.59201e-54
0.304 0.255 5.64416e-48
0.304 0.304 7.65923e-42
0.304 0.353 3.97836e-36
0.304 0.402 7.90962e-31
0.304 0.451 6.01922e-26
0.304 0.5 1.75331e-21
0.304 0.549 1.95483e-17
0.304 0.598 8.34242e-14
0.304 0.647 1.36273e-10
0.304 0.696 8.52037e-08
0.304 0.745 2.03911e-05
0.304 0.794 0.00186792
0.304 0.843 0.0654948
0.304 0.892 0.879001
0.304 0.941 4.5155
0.304 0.99 8.8788
0.353 0.01 6.18838e-85
0.353 0.059 1.02191e-76
0.353 0.108 6.46055e-69
0.353 0.157 1.56335e-61
0.353 0.206 1.44803e-54
0.353 0.255 5.13371e-48
0.353 0.304 6.96654e-42
0.353 0.353 3.61856e-36
0.353 0.402 7.19428e-31
0.353 0.451 5.47485e-26
0.353 0.5 1.59474e-21
0.353 0.549 1.77803e-17
0.353 0.598 7.58794e-14
0.353 0.647 1.23948e-10
0.353 0.696 7.7498e-08
0.353 0.745 1.8547e-05
0.353 0.794 0.00169899
0.353 0.843 0.0595716
0.353 0.892 0.799506
0.353 0.941 4.10712
0.353 0.99 8.07582
0.402 0.01 2.69653e-85
0.402 0.059 4.4529e-77
0.402 0.108 2.81513e-69
0.402 0.157 6.81218e-62
0.402 0.206 6.30967e-55
0.402 0.255 2.23697e-48
0.402 0.304 3.03561e-42
0.402 0.353 1.57676e-36
0.402 0.402 3.13485e-31
0.402 0.451 2.38562e-26
0.402 0.5 6.94894e-22
0.402 0.549 7.74763e-18
0.402 0.598 3.30638e-14
0.402 0.647 5.40094e-11
0.402 0.696 3.37691e-08
0.402 0.745 8.08169e-06
0.402 0.794 0.000740318
0.402 0.843 0.0259578
0.402 0.892 0.348378
0.402 0.941 1.78964
0.402 0.99 3.51897
0.451 0.01 1.30427e-85
0.451 0.059 2.1538e-77
0.451 0.108 1.36163e-69
0.451 0.157 3.29494e-62
0.451 0.206 3.05188e-55
0.451 0.255 1.08198e-48
0.451 0.304 1.46827e-42
0.451 0.353 7.62651e-37
0.451 0.402 1.51627e-31
0.451 0.451 1.15388e-26
0.451 0.5 3.36109e-22
0.451 0.549 3.7474e-18
0.451 0.598 1.59924e-14
0.451 0.647 2.61234e-11
0.451 0.696 1.63335e-08
0.451 0.745 3.90898e-06
0.451 0.794 0.00035808
0.451 0.843 0.0125554
0.451 0.892 0.168505
0.451 0.941 0.86562
0.451 0.99 1.70207
0.5 0.01 2.78285e-85
0.5 0.059 4.59544e-77
0.5 0.108 2.90524e-69
0.5 0.157 7.03023e-62
0.5 0.206 6.51164e-55
0.5 0.255 2.30857e-48
0.5 0.304 3.13278e-42
0.5 0.353 1.62723e-36
0.5 0.402 3.23519e-31
0.5 0.451 2.46198e-26
0.5 0.5 7.17137e-22
0.5 0.549 7.99563e-18
0.5 0.598 3.41221e-14
0.5 0.647 5.57382e-11
0.5 0.696 3.485e-08
0.5 0.745 8.34038e-06
0.5 0.794 0.000764015
0.5 0.843 0.0267887
0.5 0.892 0.359529
0.5 0.941 1.84693
0.5 0.99 3.63161
0.549 0.01 4.51142e-85
0.549 0.059 7.44991e-77
0.549 0.108 4.70984e-69
0.549 0.157 1.13971e-61
0.549 0.206 1.05564e-54
0.549 0.255 3.74255e-48
0.549 0.304 5.07871e-42
0.549 0.353 2.63798e-36
0.549 0.402 5.24474e-31
0.549 0.451 3.99125e-26
0.549 0.5 1.16259e-21
0.549 0.549 1.29621e-17
0.549 0.598 5.53172e-14
0.549 0.647 9.03602e-11
0.549 0.696 5.64972e-08
0.549 0.745 1.3521e-05
0.549 0.794 0.00123859
0.549 0.843 0.0434286
0.549 0.892 0.582852
0.549 0.941 2.99415
0.549 0.99 5.88739
0.598 0.01 6.23186e-85
0.598 0.059 1.02909e-76
0.598 0.108 6.50595e-69
0.598 0.157 1.57434e-61
0.598 0.206 1.45821e-54
0.598 0.255 5.16978e-48
0.598 0.304 7.01549e-42
0.598 0.353 3.64399e-36
0.598 0.402 7.24483e-31
0.598 0.451 5.51332e-26
0.598 0.5 1.60594e-21
0.598 0.549 1.79053e-17
0.598 0.598 7.64126e-14
0.598 0.647 1.24819e-10
0.598 0.696 7.80425e-08
0.598 0.745 1.86773e-05
0.598 0.794 0.00171092
0.598 0.843 0.0599901
0.598 0.892 0.805124
0.598 0.941 4.13598
0.598 0.99 8.13256
0.647 0.01 6.05787e-85
0.647 0.059 1.00036e-76
0.647 0.108 6.3243e-69
0.647 0.157 1.53038e-61
0.647 0.206 1.41749e-54
0.647 0.255 5.02544e-48
0.647 0.304 6.81961e-42
0.647 0.353 3.54224e-36
0.647 0.402 7.04255e-31
0.647 0.451 5.35938e-26
0.647 0.5 1.56111e-21
0.647 0.549 1.74054e-17
0.647 0.598 7.42791e-14
0.647 0.647 1.21334e-10
0.647 0.696 7.58635e-08
0.647 0.745 1.81558e-05
0.647 0.794 0.00166315
0.647 0.843 0.0583152
0.647 0.892 0.782644
0.647 0.941 4.0205
0.647 0.99 7.9055
0.696 0.01 2.66737e-85
0.696 0.059 4.40474e-77
0.696 0.108 2.78468e-69
0.696 0.157 6.7385e-62
0.696 0.206 6.24142e-55
0.696 0.255 2.21277e-48
0.696 0.304 3.00277e-42
0.696 0.353 1.5597e-36
0.696 0.402 3.10094e-31
0.696 0.451 2.35981e-26
0.696 0.5 6.87377e-22
0.696 0.549 7.66383e-18
0.696 0.598 3.27062e-14
0.696 0.647 5.34252e-11
0.696 0.696 3.34038e-08
0.696 0.745 7.99428e-06
0.696 0.794 0.000732311
0.696 0.843 0.025677
0.696 0.892 0.34461
0.696 0.941 1.77028
0.696 0.99 3.48091
0.745 0.01 7.8799e-86
0.745 0.059 1.30124e-77
0.745 0.108 8.22647e-70
0.745 0.157 1.99068e-62
0.745 0.206 1.84383e-55
0.745 0.255 6.53695e-49
0.745 0.304 8.87077e-43
0.745 0.353 4.60765e-37
0.745 0.402 9.16076e-32
0.745 0.451 6.97134e-27
0.745 0.5 2.03064e-22
0.745 0.549 2.26404e-18
0.745 0.598 9.66202e-15
0.745 0.647 1.57828e-11
0.745 0.696 9.86812e-09
0.745 0.745 2.36166e-06
0.745 0.794 0.000216338
0.745 0.843 0.00758548
0.745 0.892 0.101804
0.745 0.941 0.522976
0.745 0.99 1.02833
0.794 0.01 1.88358e-85
0.794 0.059 3.11043e-77
0.794 0.108 1.96642e-69
0.794 0.157 4.75843e-62
0.794 0.206 4.40742e-55
0.794 0.255 1.56256e-48
0.794 0.304 2.12043e-42
0.794 0.353 1.10139e-36
0.794 0.402 2.18975e-31
0.794 0.451 1.6664e-26
0.794 0.5 4.85396e-22
0.794 0.549 5.41186e-18
0.794 0.598 2.30956e-14
0.794 0.647 3.77265e-11
0.794 0.696 2.35883e-08
0.794 0.745 5.6452e-06
0.794 0.794 0.000517125
0.794 0.843 0.018132
0.794 0.892 0.243348
0.794 0.941 1.2501
0.794 0.99 2.45806
0.843 0.01 5.40077e-85
0.843 0.059 8.91852e-77
0.843 0.108 5.6383e-69
0.843 0.157 1.36438e-61
0.843 0.206 1.26374e-54
0.843 0.255 4.48033e-48
0.843 0.304 6.07989e-42
0.843 0.353 3.15802e-36
0.843 0.402 6.27865e-31
0.843 0.451 4.77805e-26
0.843 0.5 1.39177e-21
0.843 0.549 1.55174e-17
0.843 0.598 6.6222e-14
0.843 0.647 1.08173e-10
0.843 0.696 6.76346e-08
0.843 0.745 1.61865e-05
0.843 0.794 0.00148275
0.843 0.843 0.0519897
0.843 0.892 0.69775
0.843 0.941 3.5844
0.843 0.99 7.04798
0.892 0.01 1.51838e-84
0.892 0.059 2.50736e-76
0.892 0.108 1.58516e-68
0.892 0.157 3.83583e-61
0.892 0.206 3.55288e-54
0.892 0.255 1.2596e-47
0.892 0.304 1.7093e-41
0.892 0.353 8.87847e-36
0.892 0.402 1.76518e-30
0.892 0.451 1.3433e-25
0.892 0.5 3.91284e-21
0.892 0.549 4.36257e-17
0.892 0.598 1.86177e-13
0.892 0.647 3.04118e-10
0.892 0.696 1.90148e-07
0.892 0.745 4.55067e-05
0.892 0.794 0.00416862
0.892 0.843 0.146164
0.892 0.892 1.96166
0.892 0.941 10.0772
0.892 0.99 19.8148
0.941 0.01 4.64984e-84
0.941 0.059 7.67849e-76
0.941 0.108 4.85435e-68
0.941 0.157 1.17468e-60
0.941 0.206 1.08803e-53
0.941 0.255 3.85738e-47
0.941 0.304 5.23454e-41
0.941 0.353 2.71892e-35
0.941 0.402 5.40566e-30
0.941 0.451 4.11371e-25
0.941 0.5 1.19826e-20
0.941 0.549 1.33598e-16
0.941 0.598 5.70145e-13
0.941 0.647 9.31326e-10
0.941 0.696 5.82307e-07
0.941 0.745 0.000139359
0.941 0.794 0.0127659
0.941 0.843 0.447611
0.941 0.892 6.00735
0.941 0.941 30.8602
0.941 0.99 60.6803
0.99 0.01 8.23783e-84
0.99 0.059 1.36035e-75
0.99 0.108 8.60014e-68
0.99 0.157 2.0811e-60
0.99 0.206 1.92759e-53
0.99 0.255 6.83387e-47
0.99 0.304 9.2737e-41
0.99 0.353 4.81694e-35
0.99 0.402 9.57686e-30
0.99 0.451 7.28799e-25
0.99 0.5 2.12288e-20
0.99 0.549 2.36688e-16
0.99 0.598 1.01009e-12
0.99 0.647 1.64997e-09
0.99 0.696 1.03164e-06
0.99 0.745 0.000246893
0.99 0.794 0.0226165
0.99 0.843 0.793003
0.99 0.892 10.6428
0.99 0.941 54.673
0.99 0.99 107.503
