0.01 0.01 0.000566803
0.01 0.059 0.00852656
0.01 0.108 0.0604056
0.01 0.157 0.164503
0.01 0.206 0.184829
0.01 0.255 0.178806
0.01 0.304 0.328916
0.01 0.353 0.36235
0.01 0.402 0.261067
0.01 0.451 0.418833
0.01 0.5 0.599599
0.01 0.549 0.506483
0.01 0.598 0.446113
0.01 0.647 0.468727
0.01 0.696 0.387776
0.01 0.745 0.423351
0.01 0.794 0.565938
0.01 0.843 0.674677
0.01 0.892 1.4435
0.01 0.941 3.55866
0.01 0.99 5.59035
0.059 0.01 0.000581127
0.059 0.059 0.00874203
0.059 0.108 0.0619321
0.059 0.157 0.16866
0.059 0.206 0.1895
0.059 0.255 0.183324
0.059 0.304 0.337227
0.059 0.353 0.371507
0.059 0.402 0.267664
0.059 0.451 0.429417
0.059 0.5 0.614751
0.059 0.549 0.519282
0.059 0.598 0.457386
0.059 0.647 0.480572
0.059 0.696 0.397576
0.059 0.745 0.434049
0.059 0.794 0.580239
0.059 0.843 0.691726
0.059 0.892 1.47998
0.059 0.941 3.64858
0.059 0.99 5.73162
0.108 0.01 0.00048279
0.108 0.059 0.00726273
0.108 0.108 0.0514521
0.108 0.157 0.14012
0.108 0.206 0.157433
0.108 0.255 0.152302
0.108 0.304 0.280163
0.108 0.353 0.308642
0.108 0.402 0.222371
0.108 0.451 0.356752
0.108 0.5 0.510724
0.108 0.549 0.43141
0.108 0.598 0.379989
0.108 0.647 0.399251
0.108 0.696 0.330299
0.108 0.745 0.3606
0.108 0.794 0.482053
0.108 0.843 0.574674
0.108 0.892 1.22954
0.108 0.941 3.03118
0.108 0.99 4.76173
0.157 0.01 0.000437124
0.157 0.059 0.00657576
0.157 0.108 0.0465854
0.157 0.157 0.126866
0.157 0.206 0.142542
0.157 0.255 0.137897
0.157 0.304 0.253663
0.157 0.353 0.279448
0.157 0.402 0.201337
0.157 0.451 0.323008
0.157 0.5 0.462416
0.157 0.549 0.390604
0.157 0.598 0.344046
0.157 0.647 0.361487
0.157 0.696 0.299057
0.157 0.745 0.326492
0.157 0.794 0.436457
0.157 0.843 0.520317
0.157 0.892 1.11324
0.157 0.941 2.74447
0.157 0.99 4.31133
0.206 0.01 0.000581437
0.206 0.059 0.0087467
0.206 0.108 0.0619652
0.206 0.157 0.16875
0.206 0.206 0.189601
0.206 0.255 0.183422
0.206 0.304 0.337408
0.206 0.353 0.371706
0.206 0.402 0.267807
0.206 0.451 0.429646
0.206 0.5 0.615079
0.206 0.549 0.51956
0.206 0.598 0.457631
0.206 0.647 0.480829
0.206 0.696 0.397788
0.206 0.745 0.434281
0.206 0.794 0.580549
0.206 0.843 0.692096
0.206 0.892 1.48077
0.206 0.941 3.65053
0.206 0.99 5.73468
0.255 0.01 0.000612511
0.255 0.059 0.00921414
0.255 0.108 0.0652768
0.255 0.157 0.177769
0.255 0.206 0.199734
0.255 0.255 0.193225
0.255 0.304 0.35544
0.255 0.353 0.39157
0.255 0.402 0.282119
0.255 0.451 0.452608
0.255 0.5 0.647951
0.255 0.549 0.547326
0.255 0.598 0.482088
0.255 0.647 0.506525
0.255 0.696 0.419047
0.255 0.745 0.45749
0.255 0.794 0.611575
0.255 0.843 0.729083
0.255 0.892 1.55991
0.255 0.941 3.84563
0.255 0.99 6.04116
0.304 0.01 0.000584746
0.304 0.059 0.00879648
0.304 0.108 0.0623178
0.304 0.157 0.16971
0.304 0.206 0.19068
0.304 0.255 0.184466
0.304 0.304 0.339328
0.304 0.353 0.373821
0.304 0.402 0.269331
0.304 0.451 0.432091
0.304 0.5 0.61858
0.304 0.549 0.522516
0.304 0.598 0.460235
0.304 0.647 0.483565
0.304 0.696 0.400052
0.304 0.745 0.436753
0.304 0.794 0.583853
0.304 0.843 0.696035
0.304 0.892 1.4892
0.304 0.941 3.67131
0.304 0.99 5.76732
0.353 0.01 0.000545898
0.353 0.059 0.00821208
0.353 0.108 0.0581777
0.353 0.157 0.158436
0.353 0.206 0.178012
0.353 0.255 0.172211
0.353 0.304 0.316784
0.353 0.353 0.348986
0.353 0.402 0.251438
0.353 0.451 0.403385
0.353 0.5 0.577484
0.353 0.549 0.487802
0.353 0.598 0.429659
0.353 0.647 0.451439
0.353 0.696 0.373474
0.353 0.745 0.407737
0.353 0.794 0.545064
0.353 0.843 0.649793
0.353 0.892 1.39026
0.353 0.941 3.4274
0.353 0.99 5.38416
0.402 0.01 0.000336693
0.402 0.059 0.00506496
0.402 0.108 0.0358822
0.402 0.157 0.0977183
0.402 0.206 0.109792
0.402 0.255 0.106214
0.402 0.304 0.195383
0.402 0.353 0.215244
0.402 0.402 0.155079
0.402 0.451 0.248796
0.402 0.5 0.356175
0.402 0.549 0.300862
0.402 0.598 0.265001
0.402 0.647 0.278434
0.402 0.696 0.230348
0.402 0.745 0.25148
0.402 0.794 0.336179
0.402 0.843 0.400773
0.402 0.892 0.85747
0.402 0.941 2.11392
0.402 0.99 3.32079
0.451 0.01 0.000274322
0.451 0.059 0.0041267
0.451 0.108 0.0292352
0.451 0.157 0.0796164
0.451 0.206 0.0894539
0.451 0.255 0.0865386
0.451 0.304 0.159189
0.451 0.353 0.175371
0.451 0.402 0.126352
0.451 0.451 0.202707
0.451 0.5 0.290195
0.451 0.549 0.245128
0.451 0.598 0.21591
0.451 0.647 0.226855
0.451 0.696 0.187677
0.451 0.745 0.204894
0.451 0.794 0.273903
0.451 0.843 0.326531
0.451 0.892 0.698628
0.451 0.941 1.72232
0.451 0.99 2.70563
0.5 0.01 0.000471313
0.5 0.059 0.00709008
0.5 0.108 0.050229
0.5 0.157 0.136789
0.5 0.206 0.153691
0.5 0.255 0.148682
0.5 0.304 0.273503
0.5 0.353 0.301305
0.5 0.402 0.217085
0.5 0.451 0.348272
0.5 0.5 0.498584
0.5 0.549 0.421155
0.5 0.598 0.370956
0.5 0.647 0.38976
0.5 0.696 0.322447
0.5 0.745 0.352028
0.5 0.794 0.470593
0.5 0.843 0.561013
0.5 0.892 1.20031
0.5 0.941 2.95912
0.5 0.99 4.64854
0.549 0.01 0.000522416
0.549 0.059 0.00785883
0.549 0.108 0.0556752
0.549 0.157 0.15162
0.549 0.206 0.170355
0.549 0.255 0.164803
0.549 0.304 0.303158
0.549 0.353 0.333974
0.549 0.402 0.240622
0.549 0.451 0.386033
0.549 0.5 0.552643
0.549 0.549 0.466819
0.549 0.598 0.411177
0.549 0.647 0.43202
0.549 0.696 0.357409
0.549 0.745 0.390198
0.549 0.794 0.521618
0.549 0.843 0.621842
0.549 0.892 1.33046
0.549 0.941 3.27997
0.549 0.99 5.15256
0.598 0.01 0.000363078
0.598 0.059 0.00546186
0.598 0.108 0.0386941
0.598 0.157 0.105376
0.598 0.206 0.118396
0.598 0.255 0.114538
0.598 0.304 0.210694
0.598 0.353 0.232111
0.598 0.402 0.167232
0.598 0.451 0.268292
0.598 0.5 0.384085
0.598 0.549 0.324438
0.598 0.598 0.285767
0.598 0.647 0.300253
0.598 0.696 0.248398
0.598 0.745 0.271186
0.598 0.794 0.362523
0.598 0.843 0.432178
0.598 0.892 0.924664
0.598 0.941 2.27957
0.598 0.99 3.58101
0.647 0.01 0.000457218
0.647 0.059 0.00687804
0.647 0.108 0.0487268
0.647 0.157 0.132698
0.647 0.206 0.149094
0.647 0.255 0.144235
0.647 0.304 0.265323
0.647 0.353 0.292294
0.647 0.402 0.210592
0.647 0.451 0.337856
0.647 0.5 0.483673
0.647 0.549 0.40856
0.647 0.598 0.359862
0.647 0.647 0.378104
0.647 0.696 0.312804
0.647 0.745 0.3415
0.647 0.794 0.45652
0.647 0.843 0.544235
0.647 0.892 1.16441
0.647 0.941 2.87063
0.647 0.99 4.50951
0.696 0.01 0.000804438
0.696 0.059 0.0121013
0.696 0.108 0.0857309
0.696 0.157 0.233471
0.696 0.206 0.262319
0.696 0.255 0.25377
0.696 0.304 0.466815
0.696 0.353 0.514267
0.696 0.402 0.37052
0.696 0.451 0.59443
0.696 0.5 0.850983
0.696 0.549 0.718828
0.696 0.598 0.633147
0.696 0.647 0.665242
0.696 0.696 0.550353
0.696 0.745 0.600842
0.696 0.794 0.803209
0.696 0.843 0.957538
0.696 0.892 2.04869
0.696 0.941 5.05063
0.696 0.99 7.93412
0.745 0.01 0.00115263
0.745 0.059 0.0173394
0.745 0.108 0.122839
0.745 0.157 0.334528
0.745 0.206 0.375863
0.745 0.255 0.363614
0.745 0.304 0.668873
0.745 0.353 0.736865
0.745 0.402 0.530898
0.745 0.451 0.851726
0.745 0.5 1.21933
0.745 0.549 1.02997
0.745 0.598 0.907202
0.745 0.647 0.953189
0.745 0.696 0.788571
0.745 0.745 0.860914
0.745 0.794 1.15087
0.745 0.843 1.372
0.745 0.892 2.93546
0.745 0.941 7.23678
0.745 0.99 11.3684
0.794 0.01 0.00149151
0.794 0.059 0.0224372
0.794 0.108 0.158954
0.794 0.157 0.432881
0.794 0.206 0.486368
0.794 0.255 0.470517
0.794 0.304 0.865524
0.794 0.353 0.953506
0.794 0.402 0.686984
0.794 0.451 1.10214
0.794 0.5 1.57781
0.794 0.549 1.33278
0.794 0.598 1.17392
0.794 0.647 1.23343
0.794 0.696 1.02041
0.794 0.745 1.11403
0.794 0.794 1.48924
0.794 0.843 1.77538
0.794 0.892 3.7985
0.794 0.941 9.36441
0.794 0.99 14.7107
0.843 0.01 0.00164107
0.843 0.059 0.0246869
0.843 0.108 0.174892
0.843 0.157 0.476285
0.843 0.206 0.535136
0.843 0.255 0.517696
0.843 0.304 0.952309
0.843 0.353 1.04911
0.843 0.402 0.755867
0.843 0.451 1.21265
0.843 0.5 1.73602
0.843 0.549 1.46642
0.843 0.598 1.29163
0.843 0.647 1.35711
0.843 0.696 1.12273
0.843 0.745 1.22573
0.843 0.794 1.63856
0.843 0.843 1.95339
0.843 0.892 4.17937
0.843 0.941 10.3034
0.843 0.99 16.1857
0.892 0.01 0.00147368
0.892 0.059 0.0221689
0.892 0.108 0.157054
0.892 0.157 0.427705
0.892 0.206 0.480553
0.892 0.255 0.464892
0.892 0.304 0.855176
0.892 0.353 0.942105
0.892 0.402 0.67877
0.892 0.451 1.08896
0.892 0.5 1.55895
0.892 0.549 1.31685
0.892 0.598 1.15989
0.892 0.647 1.21868
0.892 0.696 1.00821
0.892 0.745 1.10071
0.892 0.794 1.47143
0.892 0.843 1.75415
0.892 0.892 3.75308
0.892 0.941 9.25245
0.892 0.99 14.5348
0.941 0.01 0.00142446
0.941 0.059 0.0214285
0.941 0.108 0.151808
0.941 0.157 0.41342
0.941 0.206 0.464502
0.941 0.255 0.449364
0.941 0.304 0.826612
0.941 0.353 0.910638
0.941 0.402 0.656098
0.941 0.451 1.05259
0.941 0.5 1.50688
0.941 0.549 1.27286
0.941 0.598 1.12115
0.941 0.647 1.17798
0.941 0.696 0.974538
0.941 0.745 1.06394
0.941 0.794 1.42228
0.941 0.843 1.69556
0.941 0.892 3.62772
0.941 0.941 8.94341
0.941 0.99 14.0494
0.99 0.01 0.00169083
0.99 0.059 0.0254356
0.99 0.108 0.180196
0.99 0.157 0.490729
0.99 0.206 0.551364
0.99 0.255 0.533395
0.99 0.304 0.981188
0.99 0.353 1.08093
0.99 0.402 0.778789
0.99 0.451 1.24942
0.99 0.5 1.78866
0.99 0.549 1.51089
0.99 0.598 1.3308
0.99 0.647 1.39826
0.99 0.696 1.15678
0.99 0.745 1.2629
0.99 0.794 1.68825
0.99 0.843 2.01263
0.99 0.892 4.30611
0.99 0.941 10.6158
0.99 0.99 16.6766
