0.01 0.01 3.44495e-05
0.01 0.059 2.42522e-05
0.01 0.108 1.28779e-05
0.01 0.157 7.72259e-06
0.01 0.206 7.6206e-06
0.01 0.255 6.54917e-06
0.01 0.304 4.16447e-06
0.01 0.353 5.34823e-06
0.01 0.402 8.16278e-06
0.01 0.451 9.6341e-06
0.01 0.5 1.09951e-05
0.01 0.549 1.05906e-05
0.01 0.598 9.63443e-06
0.01 0.647 9.69168e-06
0.01 0.696 1.06507e-05
0.01 0.745 1.0665e-05
0.01 0.794 9.24277e-06
0.01 0.843 7.39618e-06
0.01 0.892 5.9302e-06
0.01 0.941 1.20014e-05
0.01 0.99 2.05432e-05
0.059 0.01 0.00155375
0.059 0.059 0.00109383
0.059 0.108 0.000580823
0.059 0.157 0.000348306
0.059 0.206 0.000343706
0.059 0.255 0.000295382
0.059 0.304 0.000187827
0.059 0.353 0.000241217
0.059 0.402 0.00036816
0.059 0.451 0.00043452
0.059 0.5 0.000495905
0.059 0.549 0.000477662
0.059 0.598 0.000434535
0.059 0.647 0.000437117
0.059 0.696 0.000480371
0.059 0.745 0.000481016
0.059 0.794 0.00041687
0.059 0.843 0.000333585
0.059 0.892 0.000267465
0.059 0.941 0.000541289
0.059 0.99 0.000926546
0.108 0.01 0.0309403
0.108 0.059 0.0217818
0.108 0.108 0.0115661
0.108 0.157 0.00693593
0.108 0.206 0.00684433
0.108 0.255 0.00588204
0.108 0.304 0.00374025
0.108 0.353 0.00480343
0.108 0.402 0.00733128
0.108 0.451 0.00865272
0.108 0.5 0.00987511
0.108 0.549 0.00951182
0.108 0.598 0.00865302
0.108 0.647 0.00870444
0.108 0.696 0.00956577
0.108 0.745 0.00957861
0.108 0.794 0.00830125
0.108 0.843 0.00664277
0.108 0.892 0.00532612
0.108 0.941 0.0107789
0.108 0.99 0.0184506
0.157 0.01 0.238701
0.157 0.059 0.168044
0.157 0.108 0.0892313
0.157 0.157 0.05351
0.157 0.206 0.0528033
0.157 0.255 0.0453793
0.157 0.304 0.0288557
0.157 0.353 0.037058
0.157 0.402 0.0565601
0.157 0.451 0.0667549
0.157 0.5 0.0761855
0.157 0.549 0.0733827
0.157 0.598 0.0667572
0.157 0.647 0.0671539
0.157 0.696 0.073799
0.157 0.745 0.073898
0.157 0.794 0.0640434
0.157 0.843 0.0512483
0.157 0.892 0.0410905
0.157 0.941 0.0831578
0.157 0.99 0.142344
0.206 0.01 0.757828
0.206 0.059 0.533506
0.206 0.108 0.283291
0.206 0.157 0.169883
0.206 0.206 0.16764
0.206 0.255 0.14407
0.206 0.304 0.0916109
0.206 0.353 0.117652
0.206 0.402 0.179567
0.206 0.451 0.211933
0.206 0.5 0.241873
0.206 0.549 0.232975
0.206 0.598 0.211941
0.206 0.647 0.2132
0.206 0.696 0.234297
0.206 0.745 0.234611
0.206 0.794 0.203325
0.206 0.843 0.162703
0.206 0.892 0.130454
0.206 0.941 0.264009
0.206 0.99 0.451914
0.255 0.01 1.28914
0.255 0.059 0.907546
0.255 0.108 0.481906
0.255 0.157 0.288988
0.255 0.206 0.285171
0.255 0.255 0.245077
0.255 0.304 0.155839
0.255 0.353 0.200137
0.255 0.402 0.305461
0.255 0.451 0.360519
0.255 0.5 0.41145
0.255 0.549 0.396313
0.255 0.598 0.360531
0.255 0.647 0.362674
0.255 0.696 0.398562
0.255 0.745 0.399096
0.255 0.794 0.345875
0.255 0.843 0.276774
0.255 0.892 0.221915
0.255 0.941 0.449105
0.255 0.99 0.76875
0.304 0.01 1.75062
0.304 0.059 1.23243
0.304 0.108 0.654418
0.304 0.157 0.39244
0.304 0.206 0.387257
0.304 0.255 0.33281
0.304 0.304 0.211626
0.304 0.353 0.271782
0.304 0.402 0.414809
0.304 0.451 0.489577
0.304 0.5 0.558741
0.304 0.549 0.538186
0.304 0.598 0.489594
0.304 0.647 0.492504
0.304 0.696 0.541239
0.304 0.745 0.541965
0.304 0.794 0.469691
0.304 0.843 0.375853
0.304 0.892 0.301356
0.304 0.941 0.609875
0.304 0.99 1.04395
0.353 0.01 1.53143
0.353 0.059 1.07812
0.353 0.108 0.572477
0.353 0.157 0.343302
0.353 0.206 0.338768
0.353 0.255 0.291138
0.353 0.304 0.185128
0.353 0.353 0.237751
0.353 0.402 0.36287
0.353 0.451 0.428277
0.353 0.5 0.48878
0.353 0.549 0.470799
0.353 0.598 0.428291
0.353 0.647 0.430836
0.353 0.696 0.473469
0.353 0.745 0.474105
0.353 0.794 0.41088
0.353 0.843 0.328792
0.353 0.892 0.263623
0.353 0.941 0.533512
0.353 0.99 0.913233
0.402 0.01 0.660202
0.402 0.059 0.464778
0.402 0.108 0.246797
0.402 0.157 0.147999
0.402 0.206 0.146044
0.402 0.255 0.125511
0.402 0.304 0.0798093
0.402 0.353 0.102495
0.402 0.402 0.156434
0.402 0.451 0.184631
0.402 0.5 0.210715
0.402 0.549 0.202963
0.402 0.598 0.184638
0.402 0.647 0.185735
0.402 0.696 0.204114
0.402 0.745 0.204388
0.402 0.794 0.177132
0.402 0.843 0.141743
0.402 0.892 0.113648
0.402 0.941 0.229999
0.402 0.99 0.393697
0.451 0.01 0.484057
0.451 0.059 0.340773
0.451 0.108 0.18095
0.451 0.157 0.108512
0.451 0.206 0.107079
0.451 0.255 0.0920237
0.451 0.304 0.0585157
0.451 0.353 0.075149
0.451 0.402 0.114697
0.451 0.451 0.135371
0.451 0.5 0.154495
0.451 0.549 0.148811
0.451 0.598 0.135375
0.451 0.647 0.13618
0.451 0.696 0.149655
0.451 0.745 0.149856
0.451 0.794 0.129872
0.451 0.843 0.103925
0.451 0.892 0.0833264
0.451 0.941 0.168634
0.451 0.99 0.288657
0.5 0.01 0.849231
0.5 0.059 0.597854
0.5 0.108 0.317459
0.5 0.157 0.190373
0.5 0.206 0.187859
0.5 0.255 0.161447
0.5 0.304 0.10266
0.5 0.353 0.131842
0.5 0.402 0.201225
0.5 0.451 0.237495
0.5 0.5 0.271046
0.5 0.549 0.261075
0.5 0.598 0.237503
0.5 0.647 0.238914
0.5 0.696 0.262556
0.5 0.745 0.262908
0.5 0.794 0.227848
0.5 0.843 0.182327
0.5 0.892 0.146188
0.5 0.941 0.295852
0.5 0.99 0.506421
0.549 0.01 1.01681
0.549 0.059 0.715831
0.549 0.108 0.380105
0.549 0.157 0.227941
0.549 0.206 0.22493
0.549 0.255 0.193306
0.549 0.304 0.122919
0.549 0.353 0.157859
0.549 0.402 0.240933
0.549 0.451 0.284361
0.549 0.5 0.324533
0.549 0.549 0.312594
0.549 0.598 0.28437
0.549 0.647 0.28606
0.549 0.696 0.314367
0.549 0.745 0.314789
0.549 0.794 0.27281
0.549 0.843 0.218306
0.549 0.892 0.175036
0.549 0.941 0.354233
0.549 0.99 0.606355
0.598 0.01 1.48034
0.598 0.059 1.04215
0.598 0.108 0.553379
0.598 0.157 0.33185
0.598 0.206 0.327467
0.598 0.255 0.281426
0.598 0.304 0.178952
0.598 0.353 0.22982
0.598 0.402 0.350765
0.598 0.451 0.413989
0.598 0.5 0.472474
0.598 0.549 0.455093
0.598 0.598 0.414004
0.598 0.647 0.416464
0.598 0.696 0.457674
0.598 0.745 0.458288
0.598 0.794 0.397173
0.598 0.843 0.317823
0.598 0.892 0.254828
0.598 0.941 0.515714
0.598 0.99 0.882768
0.647 0.01 1.78868
0.647 0.059 1.25922
0.647 0.108 0.668645
0.647 0.157 0.400971
0.647 0.206 0.395676
0.647 0.255 0.340045
0.647 0.304 0.216227
0.647 0.353 0.27769
0.647 0.402 0.423827
0.647 0.451 0.50022
0.647 0.5 0.570888
0.647 0.549 0.549885
0.647 0.598 0.500238
0.647 0.647 0.50321
0.647 0.696 0.553005
0.647 0.745 0.553747
0.647 0.794 0.479902
0.647 0.843 0.384024
0.647 0.892 0.307907
0.647 0.941 0.623134
0.647 0.99 1.06664
0.696 0.01 1.76131
0.696 0.059 1.23995
0.696 0.108 0.658411
0.696 0.157 0.394835
0.696 0.206 0.38962
0.696 0.255 0.334841
0.696 0.304 0.212917
0.696 0.353 0.27344
0.696 0.402 0.41734
0.696 0.451 0.492565
0.696 0.5 0.56215
0.696 0.549 0.541469
0.696 0.598 0.492582
0.696 0.647 0.495509
0.696 0.696 0.544541
0.696 0.745 0.545272
0.696 0.794 0.472557
0.696 0.843 0.378146
0.696 0.892 0.303195
0.696 0.941 0.613597
0.696 0.99 1.05032
0.745 0.01 2.82528
0.745 0.059 1.98898
0.745 0.108 1.05615
0.745 0.157 0.633348
0.745 0.206 0.624984
0.745 0.255 0.537113
0.745 0.304 0.341538
0.745 0.353 0.438621
0.745 0.402 0.669449
0.745 0.451 0.790115
0.745 0.5 0.901737
0.745 0.549 0.868563
0.745 0.598 0.790143
0.745 0.647 0.794838
0.745 0.696 0.87349
0.745 0.745 0.874662
0.745 0.794 0.758021
0.745 0.843 0.606579
0.745 0.892 0.48635
0.745 0.941 0.984261
0.745 0.99 1.6848
0.794 0.01 4.48257
0.794 0.059 3.1557
0.794 0.108 1.67567
0.794 0.157 1.00486
0.794 0.206 0.991593
0.794 0.255 0.852178
0.794 0.304 0.54188
0.794 0.353 0.695911
0.794 0.402 1.06214
0.794 0.451 1.25359
0.794 0.5 1.43069
0.794 0.549 1.37805
0.794 0.598 1.25363
0.794 0.647 1.26108
0.794 0.696 1.38587
0.794 0.745 1.38773
0.794 0.794 1.20267
0.794 0.843 0.962392
0.794 0.892 0.771638
0.794 0.941 1.56162
0.794 0.99 2.67308
0.843 0.01 6.39268
0.843 0.059 4.50041
0.843 0.108 2.38971
0.843 0.157 1.43306
0.843 0.206 1.41413
0.843 0.255 1.21531
0.843 0.304 0.772787
0.843 0.353 0.992453
0.843 0.402 1.51474
0.843 0.451 1.78777
0.843 0.5 2.04033
0.843 0.549 1.96527
0.843 0.598 1.78783
0.843 0.647 1.79845
0.843 0.696 1.97642
0.843 0.745 1.97907
0.843 0.794 1.71515
0.843 0.843 1.37249
0.843 0.892 1.10045
0.843 0.941 2.22706
0.843 0.99 3.81214
0.892 0.01 9.10278
0.892 0.059 6.4083
0.892 0.108 3.4028
0.892 0.157 2.04058
0.892 0.206 2.01363
0.892 0.255 1.73052
0.892 0.304 1.1004
0.892 0.353 1.41319
0.892 0.402 2.1569
0.892 0.451 2.54567
0.892 0.5 2.9053
0.892 0.549 2.79842
0.892 0.598 2.54576
0.892 0.647 2.56089
0.892 0.696 2.81429
0.892 0.745 2.81807
0.892 0.794 2.44227
0.892 0.843 1.95433
0.892 0.892 1.56697
0.892 0.941 3.17119
0.892 0.99 5.42825
0.941 0.01 14.3534
0.941 0.059 10.1047
0.941 0.108 5.36557
0.941 0.157 3.21761
0.941 0.206 3.17512
0.941 0.255 2.72871
0.941 0.304 1.73512
0.941 0.353 2.22833
0.941 0.402 3.40102
0.941 0.451 4.01404
0.941 0.5 4.58111
0.941 0.549 4.41258
0.941 0.598 4.01418
0.941 0.647 4.03803
0.941 0.696 4.43761
0.941 0.745 4.44356
0.941 0.794 3.85099
0.941 0.843 3.08161
0.941 0.892 2.47081
0.941 0.941 5.00036
0.941 0.99 8.55932
0.99 0.01 20.1746
0.99 0.059 14.2028
0.99 0.108 7.54168
0.99 0.157 4.52258
0.99 0.206 4.46285
0.99 0.255 3.83538
0.99 0.304 2.43883
0.99 0.353 3.13208
0.99 0.402 4.78037
0.99 0.451 5.64201
0.99 0.5 6.43907
0.99 0.549 6.20219
0.99 0.598 5.64221
0.99 0.647 5.67573
0.99 0.696 6.23737
0.99 0.745 6.24574
0.99 0.794 5.41284
0.99 0.843 4.33142
0.99 0.892 3.4729
0.99 0.941 7.02836
0.99 0.99 12.0307
