0.01 0.01 5.77238
0.01 0.059 4.13537
0.01 0.108 2.36264
0.01 0.157 1.30756
0.01 0.206 1.31033
0.01 0.255 1.79958
0.01 0.304 1.57192
0.01 0.353 0.693719
0.01 0.402 0.454456
0.01 0.451 0.885716
0.01 0.5 1.37026
0.01 0.549 1.66232
0.01 0.598 1.09704
0.01 0.647 0.381928
0.01 0.696 0.507056
0.01 0.745 1.28667
0.01 0.794 2.07186
0.01 0.843 2.71102
0.01 0.892 5.20955
0.01 0.941 11.9101
0.01 0.99 18.2045
0.059 0.01 3.52627
0.059 0.059 2.52624
0.059 0.108 1.44331
0.059 0.157 0.798772
0.059 0.206 0.800465
0.059 0.255 1.09934
0.059 0.304 0.960267
0.059 0.353 0.423784
0.059 0.402 0.277621
0.059 0.451 0.541073
0.059 0.5 0.837074
0.059 0.549 1.01549
0.059 0.598 0.670168
0.059 0.647 0.233315
0.059 0.696 0.309754
0.059 0.745 0.786008
0.059 0.794 1.26568
0.059 0.843 1.65613
0.059 0.892 3.18245
0.059 0.941 7.2757
0.059 0.99 11.1209
0.108 0.01 1.83445
0.108 0.059 1.31421
0.108 0.108 0.750843
0.108 0.157 0.41554
0.108 0.206 0.416421
0.108 0.255 0.571902
0.108 0.304 0.499554
0.108 0.353 0.220462
0.108 0.402 0.144425
0.108 0.451 0.281479
0.108 0.5 0.435466
0.108 0.549 0.528282
0.108 0.598 0.348637
0.108 0.647 0.121376
0.108 0.696 0.161141
0.108 0.745 0.4089
0.108 0.794 0.658434
0.108 0.843 0.861556
0.108 0.892 1.65559
0.108 0.941 3.78499
0.108 0.99 5.78534
0.157 0.01 1.5318
0.157 0.059 1.09739
0.157 0.108 0.62697
0.157 0.157 0.346985
0.157 0.206 0.34772
0.157 0.255 0.47755
0.157 0.304 0.417138
0.157 0.353 0.184091
0.157 0.402 0.120598
0.157 0.451 0.235041
0.157 0.5 0.363623
0.157 0.549 0.441127
0.157 0.598 0.291119
0.157 0.647 0.101351
0.157 0.696 0.134556
0.157 0.745 0.34144
0.157 0.794 0.549806
0.157 0.843 0.719417
0.157 0.892 1.38245
0.157 0.941 3.16055
0.157 0.99 4.83088
0.206 0.01 1.21358
0.206 0.059 0.869414
0.206 0.108 0.496719
0.206 0.157 0.2749
0.206 0.206 0.275482
0.206 0.255 0.37834
0.206 0.304 0.330478
0.206 0.353 0.145846
0.206 0.402 0.0955442
0.206 0.451 0.186212
0.206 0.5 0.288081
0.206 0.549 0.349484
0.206 0.598 0.23064
0.206 0.647 0.0802959
0.206 0.696 0.106603
0.206 0.745 0.270507
0.206 0.794 0.435586
0.206 0.843 0.56996
0.206 0.892 1.09525
0.206 0.941 2.50395
0.206 0.99 3.82728
0.255 0.01 1.25297
0.255 0.059 0.897636
0.255 0.108 0.512843
0.255 0.157 0.283823
0.255 0.206 0.284425
0.255 0.255 0.390622
0.255 0.304 0.341206
0.255 0.353 0.150581
0.255 0.402 0.0986456
0.255 0.451 0.192256
0.255 0.5 0.297433
0.255 0.549 0.360828
0.255 0.598 0.238127
0.255 0.647 0.0829024
0.255 0.696 0.110063
0.255 0.745 0.279288
0.255 0.794 0.449725
0.255 0.843 0.588462
0.255 0.892 1.1308
0.255 0.941 2.58523
0.255 0.99 3.95152
0.304 0.01 1.45265
0.304 0.059 1.04068
0.304 0.108 0.59457
0.304 0.157 0.329054
0.304 0.206 0.329751
0.304 0.255 0.452872
0.304 0.304 0.395581
0.304 0.353 0.174578
0.304 0.402 0.114366
0.304 0.451 0.222895
0.304 0.5 0.344832
0.304 0.549 0.418331
0.304 0.598 0.276075
0.304 0.647 0.0961139
0.304 0.696 0.127603
0.304 0.745 0.323795
0.304 0.794 0.521394
0.304 0.843 0.68224
0.304 0.892 1.31101
0.304 0.941 2.99722
0.304 0.99 4.58124
0.353 0.01 1.39173
0.353 0.059 0.997045
0.353 0.108 0.569638
0.353 0.157 0.315255
0.353 0.206 0.315923
0.353 0.255 0.433881
0.353 0.304 0.378993
0.353 0.353 0.167257
0.353 0.402 0.10957
0.353 0.451 0.213548
0.353 0.5 0.330372
0.353 0.549 0.400789
0.353 0.598 0.264498
0.353 0.647 0.0920835
0.353 0.696 0.122252
0.353 0.745 0.310217
0.353 0.794 0.49953
0.353 0.843 0.653631
0.353 0.892 1.25603
0.353 0.941 2.87154
0.353 0.99 4.38913
0.402 0.01 1.61348
0.402 0.059 1.15591
0.402 0.108 0.660401
0.402 0.157 0.365486
0.402 0.206 0.366261
0.402 0.255 0.503013
0.402 0.304 0.43938
0.402 0.353 0.193907
0.402 0.402 0.127028
0.402 0.451 0.247573
0.402 0.5 0.383012
0.402 0.549 0.464648
0.402 0.598 0.306642
0.402 0.647 0.106756
0.402 0.696 0.141731
0.402 0.745 0.359646
0.402 0.794 0.579123
0.402 0.843 0.757777
0.402 0.892 1.45616
0.402 0.941 3.32907
0.402 0.99 5.08847
0.451 0.01 1.81905
0.451 0.059 1.30318
0.451 0.108 0.74454
0.451 0.157 0.412052
0.451 0.206 0.412925
0.451 0.255 0.567101
0.451 0.304 0.49536
0.451 0.353 0.218612
0.451 0.402 0.143213
0.451 0.451 0.279116
0.451 0.5 0.43181
0.451 0.549 0.523847
0.451 0.598 0.34571
0.451 0.647 0.120357
0.451 0.696 0.159788
0.451 0.745 0.405467
0.451 0.794 0.652907
0.451 0.843 0.854323
0.451 0.892 1.64169
0.451 0.941 3.75322
0.451 0.99 5.73678
0.5 0.01 1.90257
0.5 0.059 1.36301
0.5 0.108 0.778725
0.5 0.157 0.430971
0.5 0.206 0.431884
0.5 0.255 0.593139
0.5 0.304 0.518104
0.5 0.353 0.228649
0.5 0.402 0.149788
0.5 0.451 0.291931
0.5 0.5 0.451637
0.5 0.549 0.547899
0.5 0.598 0.361583
0.5 0.647 0.125883
0.5 0.696 0.167125
0.5 0.745 0.424084
0.5 0.794 0.682885
0.5 0.843 0.893549
0.5 0.892 1.71706
0.5 0.941 3.92554
0.5 0.99 6.00018
0.549 0.01 2.01414
0.549 0.059 1.44294
0.549 0.108 0.82439
0.549 0.157 0.456243
0.549 0.206 0.45721
0.549 0.255 0.627921
0.549 0.304 0.548486
0.549 0.353 0.242057
0.549 0.402 0.158572
0.549 0.451 0.30905
0.549 0.5 0.478121
0.549 0.549 0.580029
0.549 0.598 0.382787
0.549 0.647 0.133265
0.549 0.696 0.176925
0.549 0.745 0.448953
0.549 0.794 0.72293
0.549 0.843 0.945948
0.549 0.892 1.81775
0.549 0.941 4.15574
0.549 0.99 6.35203
0.598 0.01 2.12239
0.598 0.059 1.52049
0.598 0.108 0.868696
0.598 0.157 0.480763
0.598 0.206 0.481782
0.598 0.255 0.661668
0.598 0.304 0.577964
0.598 0.353 0.255066
0.598 0.402 0.167094
0.598 0.451 0.32566
0.598 0.5 0.503817
0.598 0.549 0.611201
0.598 0.598 0.403359
0.598 0.647 0.140427
0.598 0.696 0.186434
0.598 0.745 0.473081
0.598 0.794 0.761782
0.598 0.843 0.996786
0.598 0.892 1.91545
0.598 0.941 4.37908
0.598 0.99 6.69341
0.647 0.01 2.25856
0.647 0.059 1.61805
0.647 0.108 0.924433
0.647 0.157 0.51161
0.647 0.206 0.512694
0.647 0.255 0.704121
0.647 0.304 0.615047
0.647 0.353 0.271432
0.647 0.402 0.177815
0.647 0.451 0.346555
0.647 0.5 0.536142
0.647 0.549 0.650417
0.647 0.598 0.429239
0.647 0.647 0.149437
0.647 0.696 0.198396
0.647 0.745 0.503434
0.647 0.794 0.810659
0.647 0.843 1.06074
0.647 0.892 2.03834
0.647 0.941 4.66005
0.647 0.99 7.12287
0.696 0.01 2.2365
0.696 0.059 1.60225
0.696 0.108 0.915404
0.696 0.157 0.506613
0.696 0.206 0.507687
0.696 0.255 0.697245
0.696 0.304 0.60904
0.696 0.353 0.268781
0.696 0.402 0.176079
0.696 0.451 0.34317
0.696 0.5 0.530906
0.696 0.549 0.644065
0.696 0.598 0.425047
0.696 0.647 0.147978
0.696 0.696 0.196458
0.696 0.745 0.498518
0.696 0.794 0.802742
0.696 0.843 1.05038
0.696 0.892 2.01844
0.696 0.941 4.61454
0.696 0.99 7.05331
0.745 0.01 2.02223
0.745 0.059 1.44874
0.745 0.108 0.827703
0.745 0.157 0.458076
0.745 0.206 0.459047
0.745 0.255 0.630444
0.745 0.304 0.55069
0.745 0.353 0.24303
0.745 0.402 0.159209
0.745 0.451 0.310292
0.745 0.5 0.480042
0.745 0.549 0.582359
0.745 0.598 0.384325
0.745 0.647 0.1338
0.745 0.696 0.177636
0.745 0.745 0.450756
0.745 0.794 0.725834
0.745 0.843 0.949748
0.745 0.892 1.82506
0.745 0.941 4.17244
0.745 0.99 6.37755
0.794 0.01 1.75725
0.794 0.059 1.25891
0.794 0.108 0.719246
0.794 0.157 0.398053
0.794 0.206 0.398897
0.794 0.255 0.547835
0.794 0.304 0.478531
0.794 0.353 0.211185
0.794 0.402 0.138347
0.794 0.451 0.269633
0.794 0.5 0.41714
0.794 0.549 0.506051
0.794 0.598 0.333965
0.794 0.647 0.116268
0.794 0.696 0.15436
0.794 0.745 0.391692
0.794 0.794 0.630726
0.794 0.843 0.825299
0.794 0.892 1.58591
0.794 0.941 3.62571
0.794 0.99 5.54188
0.843 0.01 1.2573
0.843 0.059 0.900738
0.843 0.108 0.514615
0.843 0.157 0.284804
0.843 0.206 0.285407
0.843 0.255 0.391971
0.843 0.304 0.342385
0.843 0.353 0.151101
0.843 0.402 0.0989865
0.843 0.451 0.192921
0.843 0.5 0.298461
0.843 0.549 0.362075
0.843 0.598 0.23895
0.843 0.647 0.0831889
0.843 0.696 0.110443
0.843 0.745 0.280253
0.843 0.794 0.451279
0.843 0.843 0.590495
0.843 0.892 1.13471
0.843 0.941 2.59417
0.843 0.99 3.96517
0.892 0.01 1.22205
0.892 0.059 0.87548
0.892 0.108 0.500185
0.892 0.157 0.276818
0.892 0.206 0.277404
0.892 0.255 0.38098
0.892 0.304 0.332785
0.892 0.353 0.146864
0.892 0.402 0.0962109
0.892 0.451 0.187511
0.892 0.5 0.290092
0.892 0.549 0.351922
0.892 0.598 0.232249
0.892 0.647 0.0808562
0.892 0.696 0.107346
0.892 0.745 0.272394
0.892 0.794 0.438625
0.892 0.843 0.573937
0.892 0.892 1.10289
0.892 0.941 2.52142
0.892 0.99 3.85399
0.941 0.01 2.09135
0.941 0.059 1.49826
0.941 0.108 0.855993
0.941 0.157 0.473733
0.941 0.206 0.474737
0.941 0.255 0.651992
0.941 0.304 0.569512
0.941 0.353 0.251336
0.941 0.402 0.164651
0.941 0.451 0.320898
0.941 0.5 0.496449
0.941 0.549 0.602264
0.941 0.598 0.397461
0.941 0.647 0.138374
0.941 0.696 0.183708
0.941 0.745 0.466163
0.941 0.794 0.750643
0.941 0.843 0.98221
0.941 0.892 1.88744
0.941 0.941 4.31505
0.941 0.99 6.59554
0.99 0.01 2.81089
0.99 0.059 2.01374
0.99 0.108 1.1505
0.99 0.157 0.636724
0.99 0.206 0.638073
0.99 0.255 0.876313
0.99 0.304 0.765456
0.99 0.353 0.33781
0.99 0.402 0.2213
0.99 0.451 0.431304
0.99 0.5 0.667255
0.99 0.549 0.809476
0.99 0.598 0.534209
0.99 0.647 0.185982
0.99 0.696 0.246913
0.99 0.745 0.626549
0.99 0.794 1.00891
0.99 0.843 1.32014
0.99 0.892 2.53682
0.99 0.941 5.79966
0.99 0.99 8.86476
