0.01 0.01 1.86132
0.01 0.059 1.49922
0.01 0.108 1.1481
0.01 0.157 0.956628
0.01 0.206 0.732962
0.01 0.255 0.382797
0.01 0.304 0.286535
0.01 0.353 0.44514
0.01 0.402 0.598935
0.01 0.451 0.4938
0.01 0.5 0.262135
0.01 0.549 0.358904
0.01 0.598 0.656094
0.01 0.647 0.778045
0.01 0.696 0.794266
0.01 0.745 0.940102
0.01 0.794 1.06416
0.01 0.843 1.09727
0.01 0.892 1.3434
0.01 0.941 2.6802
0.01 0.99 4.22427
0.059 0.01 1.50229
0.059 0.059 1.21003
0.059 0.108 0.926642
0.059 0.157 0.772101
0.059 0.206 0.591579
0.059 0.255 0.308958
0.059 0.304 0.231264
0.059 0.353 0.359275
0.059 0.402 0.483404
0.059 0.451 0.398549
0.059 0.5 0.211571
0.059 0.549 0.289674
0.059 0.598 0.529538
0.059 0.647 0.627965
0.059 0.696 0.641057
0.059 0.745 0.758763
0.059 0.794 0.85889
0.059 0.843 0.885612
0.059 0.892 1.08426
0.059 0.941 2.16321
0.059 0.99 3.40943
0.108 0.01 0.803355
0.108 0.059 0.647071
0.108 0.108 0.495526
0.108 0.157 0.412885
0.108 0.206 0.31635
0.108 0.255 0.165217
0.108 0.304 0.12367
0.108 0.353 0.192124
0.108 0.402 0.258503
0.108 0.451 0.213126
0.108 0.5 0.113139
0.108 0.549 0.154905
0.108 0.598 0.283173
0.108 0.647 0.335807
0.108 0.696 0.342809
0.108 0.745 0.405752
0.108 0.794 0.459295
0.108 0.843 0.473585
0.108 0.892 0.579816
0.108 0.941 1.15679
0.108 0.99 1.82321
0.157 0.01 0.580944
0.157 0.059 0.467927
0.157 0.108 0.358339
0.157 0.157 0.298577
0.157 0.206 0.228767
0.157 0.255 0.119476
0.157 0.304 0.0894313
0.157 0.353 0.138934
0.157 0.402 0.186936
0.157 0.451 0.154122
0.157 0.5 0.0818159
0.157 0.549 0.112019
0.157 0.598 0.204776
0.157 0.647 0.242838
0.157 0.696 0.247901
0.157 0.745 0.293419
0.157 0.794 0.332138
0.157 0.843 0.342472
0.157 0.892 0.419292
0.157 0.941 0.836528
0.157 0.99 1.31845
0.206 0.01 0.840169
0.206 0.059 0.676723
0.206 0.108 0.518234
0.206 0.157 0.431805
0.206 0.206 0.330846
0.206 0.255 0.172788
0.206 0.304 0.129337
0.206 0.353 0.200928
0.206 0.402 0.270349
0.206 0.451 0.222893
0.206 0.5 0.118323
0.206 0.549 0.162003
0.206 0.598 0.29615
0.206 0.647 0.351196
0.206 0.696 0.358518
0.206 0.745 0.424346
0.206 0.794 0.480343
0.206 0.843 0.495287
0.206 0.892 0.606386
0.206 0.941 1.2098
0.206 0.99 1.90676
0.255 0.01 1.08365
0.255 0.059 0.872833
0.255 0.108 0.668415
0.255 0.157 0.55694
0.255 0.206 0.426724
0.255 0.255 0.222861
0.255 0.304 0.166818
0.255 0.353 0.259156
0.255 0.402 0.348694
0.255 0.451 0.287486
0.255 0.5 0.152613
0.255 0.549 0.208951
0.255 0.598 0.381972
0.255 0.647 0.45297
0.255 0.696 0.462414
0.255 0.745 0.547319
0.255 0.794 0.619543
0.255 0.843 0.638819
0.255 0.892 0.782113
0.255 0.941 1.56039
0.255 0.99 2.45933
0.304 0.01 0.817019
0.304 0.059 0.658076
0.304 0.108 0.503954
0.304 0.157 0.419907
0.304 0.206 0.32173
0.304 0.255 0.168027
0.304 0.304 0.125773
0.304 0.353 0.195392
0.304 0.402 0.2629
0.304 0.451 0.216751
0.304 0.5 0.115063
0.304 0.549 0.157539
0.304 0.598 0.287989
0.304 0.647 0.341519
0.304 0.696 0.348639
0.304 0.745 0.412653
0.304 0.794 0.467107
0.304 0.843 0.48164
0.304 0.892 0.589677
0.304 0.941 1.17646
0.304 0.99 1.85422
0.353 0.01 0.301939
0.353 0.059 0.2432
0.353 0.108 0.186242
0.353 0.157 0.155182
0.353 0.206 0.118899
0.353 0.255 0.0620964
0.353 0.304 0.0464809
0.353 0.353 0.0722094
0.353 0.402 0.0971577
0.353 0.451 0.080103
0.353 0.5 0.0425229
0.353 0.549 0.0582205
0.353 0.598 0.10643
0.353 0.647 0.126212
0.353 0.696 0.128844
0.353 0.745 0.152501
0.353 0.794 0.172625
0.353 0.843 0.177996
0.353 0.892 0.217922
0.353 0.941 0.434776
0.353 0.99 0.68525
0.402 0.01 0.242286
0.402 0.059 0.195152
0.402 0.108 0.149447
0.402 0.157 0.124523
0.402 0.206 0.0954087
0.402 0.255 0.0498282
0.402 0.304 0.0372978
0.402 0.353 0.0579432
0.402 0.402 0.0779625
0.402 0.451 0.0642773
0.402 0.5 0.0341218
0.402 0.549 0.0467181
0.402 0.598 0.0854029
0.402 0.647 0.101277
0.402 0.696 0.103388
0.402 0.745 0.122372
0.402 0.794 0.13852
0.402 0.843 0.14283
0.402 0.892 0.174868
0.402 0.941 0.348879
0.402 0.99 0.549867
0.451 0.01 0.512811
0.451 0.059 0.413049
0.451 0.108 0.316312
0.451 0.157 0.263559
0.451 0.206 0.201937
0.451 0.255 0.105464
0.451 0.304 0.0789428
0.451 0.353 0.12264
0.451 0.402 0.165012
0.451 0.451 0.136046
0.451 0.5 0.0722205
0.451 0.549 0.0988812
0.451 0.598 0.18076
0.451 0.647 0.214358
0.451 0.696 0.218827
0.451 0.745 0.259006
0.451 0.794 0.293185
0.451 0.843 0.302307
0.451 0.892 0.370117
0.451 0.941 0.738419
0.451 0.99 1.16382
0.5 0.01 0.756677
0.5 0.059 0.609473
0.5 0.108 0.466734
0.5 0.157 0.388894
0.5 0.206 0.297968
0.5 0.255 0.155617
0.5 0.304 0.116484
0.5 0.353 0.180961
0.5 0.402 0.243483
0.5 0.451 0.200743
0.5 0.5 0.106565
0.5 0.549 0.145904
0.5 0.598 0.26672
0.5 0.647 0.316295
0.5 0.696 0.32289
0.5 0.745 0.382176
0.5 0.794 0.432608
0.5 0.843 0.446068
0.5 0.892 0.546126
0.5 0.941 1.08957
0.5 0.99 1.71728
0.549 0.01 1.00323
0.549 0.059 0.808059
0.549 0.108 0.618811
0.549 0.157 0.515609
0.549 0.206 0.395056
0.549 0.255 0.206322
0.549 0.304 0.154438
0.549 0.353 0.239924
0.549 0.402 0.322817
0.549 0.451 0.266151
0.549 0.5 0.141287
0.549 0.549 0.193444
0.549 0.598 0.353626
0.549 0.647 0.419355
0.549 0.696 0.428098
0.549 0.745 0.506702
0.549 0.794 0.573566
0.549 0.843 0.591412
0.549 0.892 0.724072
0.549 0.941 1.44459
0.549 0.99 2.27682
0.598 0.01 0.823418
0.598 0.059 0.66323
0.598 0.108 0.507901
0.598 0.157 0.423196
0.598 0.206 0.32425
0.598 0.255 0.169343
0.598 0.304 0.126758
0.598 0.353 0.196922
0.598 0.402 0.264959
0.598 0.451 0.218449
0.598 0.5 0.115964
0.598 0.549 0.158773
0.598 0.598 0.290245
0.598 0.647 0.344194
0.598 0.696 0.35137
0.598 0.745 0.415885
0.598 0.794 0.470766
0.598 0.843 0.485412
0.598 0.892 0.594296
0.598 0.941 1.18568
0.598 0.99 1.86874
0.647 0.01 0.472065
0.647 0.059 0.380229
0.647 0.108 0.291179
0.647 0.157 0.242618
0.647 0.206 0.185892
0.647 0.255 0.0970842
0.647 0.304 0.0726703
0.647 0.353 0.112895
0.647 0.402 0.151901
0.647 0.451 0.125236
0.647 0.5 0.0664821
0.647 0.549 0.0910245
0.647 0.598 0.166397
0.647 0.647 0.197326
0.647 0.696 0.20144
0.647 0.745 0.238427
0.647 0.794 0.26989
0.647 0.843 0.278287
0.647 0.892 0.340709
0.647 0.941 0.679748
0.647 0.99 1.07135
0.696 0.01 0.767894
0.696 0.059 0.618508
0.696 0.108 0.473653
0.696 0.157 0.394659
0.696 0.206 0.302385
0.696 0.255 0.157924
0.696 0.304 0.118211
0.696 0.353 0.183644
0.696 0.402 0.247092
0.696 0.451 0.203719
0.696 0.5 0.108145
0.696 0.549 0.148067
0.696 0.598 0.270673
0.696 0.647 0.320984
0.696 0.696 0.327676
0.696 0.745 0.387842
0.696 0.794 0.439021
0.696 0.843 0.452681
0.696 0.892 0.554222
0.696 0.941 1.10573
0.696 0.99 1.74273
0.745 0.01 1.36039
0.745 0.059 1.09574
0.745 0.108 0.839115
0.745 0.157 0.699171
0.745 0.206 0.535701
0.745 0.255 0.279775
0.745 0.304 0.20942
0.745 0.353 0.32534
0.745 0.402 0.437744
0.745 0.451 0.360904
0.745 0.5 0.191587
0.745 0.549 0.262312
0.745 0.598 0.47952
0.745 0.647 0.56865
0.745 0.696 0.580506
0.745 0.745 0.687093
0.745 0.794 0.777762
0.745 0.843 0.801961
0.745 0.892 0.981849
0.745 0.941 1.95888
0.745 0.99 3.08739
0.794 0.01 1.64512
0.794 0.059 1.32508
0.794 0.108 1.01474
0.794 0.157 0.845509
0.794 0.206 0.647824
0.794 0.255 0.338333
0.794 0.304 0.253252
0.794 0.353 0.393434
0.794 0.402 0.529364
0.794 0.451 0.436442
0.794 0.5 0.231686
0.794 0.549 0.317215
0.794 0.598 0.579884
0.794 0.647 0.687669
0.794 0.696 0.702006
0.794 0.745 0.830903
0.794 0.794 0.940549
0.794 0.843 0.969812
0.794 0.892 1.18735
0.794 0.941 2.36888
0.794 0.99 3.73359
0.843 0.01 2.01191
0.843 0.059 1.62052
0.843 0.108 1.24099
0.843 0.157 1.03402
0.843 0.206 0.792262
0.843 0.255 0.413767
0.843 0.304 0.309717
0.843 0.353 0.481154
0.843 0.402 0.647391
0.843 0.451 0.533751
0.843 0.5 0.283343
0.843 0.549 0.387941
0.843 0.598 0.709175
0.843 0.647 0.840992
0.843 0.696 0.858525
0.843 0.745 1.01616
0.843 0.794 1.15025
0.843 0.843 1.18604
0.843 0.892 1.45208
0.843 0.941 2.89704
0.843 0.99 4.56603
0.892 0.01 3.39401
0.892 0.059 2.73374
0.892 0.108 2.0935
0.892 0.157 1.74435
0.892 0.206 1.33651
0.892 0.255 0.698008
0.892 0.304 0.522479
0.892 0.353 0.811686
0.892 0.402 1.09212
0.892 0.451 0.900415
0.892 0.5 0.477988
0.892 0.549 0.65444
0.892 0.598 1.19635
0.892 0.647 1.41872
0.892 0.696 1.4483
0.892 0.745 1.71422
0.892 0.794 1.94043
0.892 0.843 2.0008
0.892 0.892 2.4496
0.892 0.941 4.88719
0.892 0.99 7.7027
0.941 0.01 7.97811
0.941 0.059 6.42605
0.941 0.108 4.92107
0.941 0.157 4.10035
0.941 0.206 3.14166
0.941 0.255 1.64077
0.941 0.304 1.22816
0.941 0.353 1.90798
0.941 0.402 2.56719
0.941 0.451 2.11655
0.941 0.5 1.12358
0.941 0.549 1.53836
0.941 0.598 2.81219
0.941 0.647 3.3349
0.941 0.696 3.40443
0.941 0.745 4.02952
0.941 0.794 4.56126
0.941 0.843 4.70317
0.941 0.892 5.75814
0.941 0.941 11.488
0.941 0.99 18.1063
0.99 0.01 13.2304
0.99 0.059 10.6566
0.99 0.108 8.16079
0.99 0.157 6.79977
0.99 0.206 5.20994
0.99 0.255 2.72095
0.99 0.304 2.03671
0.99 0.353 3.16408
0.99 0.402 4.25726
0.99 0.451 3.50996
0.99 0.5 1.86327
0.99 0.549 2.55111
0.99 0.598 4.66356
0.99 0.647 5.53039
0.99 0.696 5.64569
0.99 0.745 6.6823
0.99 0.794 7.5641
0.99 0.843 7.79944
0.99 0.892 9.54894
0.99 0.941 19.0511
0.99 0.99 30.0263
