0.01 0.01 2.69752e-12
0.01 0.059 1.94149e-09
0.01 0.108 5.6195e-07
0.01 0.157 6.22555e-05
0.01 0.206 0.00264034
0.01 0.255 0.0429294
0.01 0.304 0.270318
0.01 0.353 0.706098
0.01 0.402 1.06212
0.01 0.451 1.43303
0.01 0.5 1.24836
0.01 0.549 0.698432
0.01 0.598 1.10771
0.01 0.647 2.52011
0.01 0.696 4.53395
0.01 0.745 6.25283
0.01 0.794 6.58513
0.01 0.843 6.72661
0.01 0.892 7.26502
0.01 0.941 7.82435
0.01 0.99 8.42176
0.059 0.01 2.04151e-12
0.059 0.059 1.46934e-09
0.059 0.108 4.2529e-07
0.059 0.157 4.71156e-05
0.059 0.206 0.00199823
0.059 0.255 0.0324895
0.059 0.304 0.20458
0.059 0.353 0.534383
0.059 0.402 0.803825
0.059 0.451 1.08453
0.059 0.5 0.944775
0.059 0.549 0.528581
0.059 0.598 0.83833
0.059 0.647 1.90724
0.059 0.696 3.43134
0.059 0.745 4.73221
0.059 0.794 4.9837
0.059 0.843 5.09077
0.059 0.892 5.49825
0.059 0.941 5.92156
0.059 0.99 6.37368
0.108 0.01 1.47714e-12
0.108 0.059 1.06315e-09
0.108 0.108 3.07721e-07
0.108 0.157 3.40908e-05
0.108 0.206 0.00144583
0.108 0.255 0.0235079
0.108 0.304 0.148025
0.108 0.353 0.386655
0.108 0.402 0.581611
0.108 0.451 0.784718
0.108 0.5 0.683597
0.108 0.549 0.382457
0.108 0.598 0.606578
0.108 0.647 1.38
0.108 0.696 2.48277
0.108 0.745 3.42402
0.108 0.794 3.60598
0.108 0.843 3.68345
0.108 0.892 3.97829
0.108 0.941 4.28457
0.108 0.99 4.61171
0.157 0.01 1.22809e-12
0.157 0.059 8.83899e-10
0.157 0.108 2.55838e-07
0.157 0.157 2.8343e-05
0.157 0.206 0.00120206
0.157 0.255 0.0195444
0.157 0.304 0.123067
0.157 0.353 0.321464
0.157 0.402 0.48355
0.157 0.451 0.652413
0.157 0.5 0.568341
0.157 0.549 0.317974
0.157 0.598 0.504308
0.157 0.647 1.14733
0.157 0.696 2.06417
0.157 0.745 2.84672
0.157 0.794 2.99801
0.157 0.843 3.06241
0.157 0.892 3.30754
0.157 0.941 3.56218
0.157 0.99 3.83416
0.206 0.01 9.70843e-13
0.206 0.059 6.98747e-10
0.206 0.108 2.02247e-07
0.206 0.157 2.24059e-05
0.206 0.206 0.000950264
0.206 0.255 0.0154504
0.206 0.304 0.0972883
0.206 0.353 0.254127
0.206 0.402 0.38226
0.206 0.451 0.515751
0.206 0.5 0.44929
0.206 0.549 0.251368
0.206 0.598 0.39867
0.206 0.647 0.906993
0.206 0.696 1.63178
0.206 0.745 2.25041
0.206 0.794 2.37001
0.206 0.843 2.42092
0.206 0.892 2.6147
0.206 0.941 2.81601
0.206 0.99 3.03101
0.255 0.01 7.60401e-13
0.255 0.059 5.47285e-10
0.255 0.108 1.58408e-07
0.255 0.157 1.75492e-05
0.255 0.206 0.000744283
0.255 0.255 0.0121014
0.255 0.304 0.0761999
0.255 0.353 0.199042
0.255 0.402 0.299401
0.255 0.451 0.403955
0.255 0.5 0.351901
0.255 0.549 0.196881
0.255 0.598 0.312253
0.255 0.647 0.710391
0.255 0.696 1.27807
0.255 0.745 1.76261
0.255 0.794 1.85628
0.255 0.843 1.89616
0.255 0.892 2.04793
0.255 0.941 2.2056
0.255 0.99 2.374
0.304 0.01 7.91885e-13
0.304 0.059 5.69945e-10
0.304 0.108 1.64967e-07
0.304 0.157 1.82758e-05
0.304 0.206 0.0007751
0.304 0.255 0.0126024
0.304 0.304 0.0793549
0.304 0.353 0.207283
0.304 0.402 0.311797
0.304 0.451 0.420681
0.304 0.5 0.366471
0.304 0.549 0.205032
0.304 0.598 0.325182
0.304 0.647 0.739805
0.304 0.696 1.33099
0.304 0.745 1.83559
0.304 0.794 1.93314
0.304 0.843 1.97467
0.304 0.892 2.13273
0.304 0.941 2.29693
0.304 0.99 2.4723
0.353 0.01 8.60434e-13
0.353 0.059 6.19282e-10
0.353 0.108 1.79247e-07
0.353 0.157 1.98578e-05
0.353 0.206 0.000842196
0.353 0.255 0.0136933
0.353 0.304 0.0862242
0.353 0.353 0.225226
0.353 0.402 0.338788
0.353 0.451 0.457097
0.353 0.5 0.398194
0.353 0.549 0.222781
0.353 0.598 0.353331
0.353 0.647 0.803845
0.353 0.696 1.44621
0.353 0.745 1.99448
0.353 0.794 2.10048
0.353 0.843 2.14561
0.353 0.892 2.31734
0.353 0.941 2.49576
0.353 0.99 2.68631
0.402 0.01 9.0913e-13
0.402 0.059 6.5433e-10
0.402 0.108 1.89391e-07
0.402 0.157 2.09817e-05
0.402 0.206 0.000889859
0.402 0.255 0.0144683
0.402 0.304 0.0911041
0.402 0.353 0.237973
0.402 0.402 0.357961
0.402 0.451 0.482966
0.402 0.5 0.42073
0.402 0.549 0.235389
0.402 0.598 0.373327
0.402 0.647 0.849339
0.402 0.696 1.52806
0.402 0.745 2.10736
0.402 0.794 2.21936
0.402 0.843 2.26704
0.402 0.892 2.44849
0.402 0.941 2.637
0.402 0.99 2.83834
0.451 0.01 9.25298e-13
0.451 0.059 6.65967e-10
0.451 0.108 1.92759e-07
0.451 0.157 2.13548e-05
0.451 0.206 0.000905685
0.451 0.255 0.0147256
0.451 0.304 0.0927243
0.451 0.353 0.242205
0.451 0.402 0.364327
0.451 0.451 0.491556
0.451 0.5 0.428212
0.451 0.549 0.239575
0.451 0.598 0.379967
0.451 0.647 0.864444
0.451 0.696 1.55523
0.451 0.745 2.14484
0.451 0.794 2.25882
0.451 0.843 2.30735
0.451 0.892 2.49204
0.451 0.941 2.6839
0.451 0.99 2.88882
0.5 0.01 8.90691e-13
0.5 0.059 6.41059e-10
0.5 0.108 1.8555e-07
0.5 0.157 2.05561e-05
0.5 0.206 0.000871811
0.5 0.255 0.0141749
0.5 0.304 0.0892563
0.5 0.353 0.233146
0.5 0.402 0.350701
0.5 0.451 0.473171
0.5 0.5 0.412196
0.5 0.549 0.230615
0.5 0.598 0.365756
0.5 0.647 0.832112
0.5 0.696 1.49706
0.5 0.745 2.06462
0.5 0.794 2.17434
0.5 0.843 2.22105
0.5 0.892 2.39883
0.5 0.941 2.58352
0.5 0.99 2.78078
0.549 0.01 9.96529e-13
0.549 0.059 7.17234e-10
0.549 0.108 2.07598e-07
0.549 0.157 2.29987e-05
0.549 0.206 0.000975405
0.549 0.255 0.0158592
0.549 0.304 0.0998623
0.549 0.353 0.26085
0.549 0.402 0.392374
0.549 0.451 0.529396
0.549 0.5 0.461176
0.549 0.549 0.258018
0.549 0.598 0.409217
0.549 0.647 0.930989
0.549 0.696 1.67495
0.549 0.745 2.30995
0.549 0.794 2.43271
0.549 0.843 2.48498
0.549 0.892 2.68388
0.549 0.941 2.89051
0.549 0.99 3.11121
0.598 0.01 1.03763e-12
0.598 0.059 7.46815e-10
0.598 0.108 2.1616e-07
0.598 0.157 2.39473e-05
0.598 0.206 0.00101563
0.598 0.255 0.0165133
0.598 0.304 0.103981
0.598 0.353 0.271608
0.598 0.402 0.408557
0.598 0.451 0.55123
0.598 0.5 0.480197
0.598 0.549 0.268659
0.598 0.598 0.426094
0.598 0.647 0.969386
0.598 0.696 1.74403
0.598 0.745 2.40522
0.598 0.794 2.53304
0.598 0.843 2.58746
0.598 0.892 2.79457
0.598 0.941 3.00972
0.598 0.99 3.23952
0.647 0.01 9.08745e-13
0.647 0.059 6.54053e-10
0.647 0.108 1.89311e-07
0.647 0.157 2.09728e-05
0.647 0.206 0.000889483
0.647 0.255 0.0144622
0.647 0.304 0.0910655
0.647 0.353 0.237872
0.647 0.402 0.35781
0.647 0.451 0.482762
0.647 0.5 0.420552
0.647 0.549 0.235289
0.647 0.598 0.373169
0.647 0.647 0.848979
0.647 0.696 1.52741
0.647 0.745 2.10647
0.647 0.794 2.21842
0.647 0.843 2.26608
0.647 0.892 2.44746
0.647 0.941 2.63589
0.647 0.99 2.83714
0.696 0.01 6.86488e-13
0.696 0.059 4.94087e-10
0.696 0.108 1.4301e-07
0.696 0.157 1.58433e-05
0.696 0.206 0.000671937
0.696 0.255 0.0109251
0.696 0.304 0.0687931
0.696 0.353 0.179694
0.696 0.402 0.270298
0.696 0.451 0.36469
0.696 0.5 0.317695
0.696 0.549 0.177743
0.696 0.598 0.281901
0.696 0.647 0.641339
0.696 0.696 1.15384
0.696 0.745 1.59128
0.696 0.794 1.67584
0.696 0.843 1.71185
0.696 0.892 1.84887
0.696 0.941 1.99121
0.696 0.99 2.14325
0.745 0.01 6.65034e-13
0.745 0.059 4.78646e-10
0.745 0.108 1.38541e-07
0.745 0.157 1.53482e-05
0.745 0.206 0.000650937
0.745 0.255 0.0105836
0.745 0.304 0.0666431
0.745 0.353 0.174078
0.745 0.402 0.261851
0.745 0.451 0.353293
0.745 0.5 0.307766
0.745 0.549 0.172188
0.745 0.598 0.273091
0.745 0.647 0.621296
0.745 0.696 1.11778
0.745 0.745 1.54155
0.745 0.794 1.62347
0.745 0.843 1.65835
0.745 0.892 1.79109
0.745 0.941 1.92898
0.745 0.99 2.07626
0.794 0.01 6.93132e-13
0.794 0.059 4.98869e-10
0.794 0.108 1.44394e-07
0.794 0.157 1.59967e-05
0.794 0.206 0.000678439
0.794 0.255 0.0110308
0.794 0.304 0.0694588
0.794 0.353 0.181433
0.794 0.402 0.272914
0.794 0.451 0.368219
0.794 0.5 0.320769
0.794 0.549 0.179463
0.794 0.598 0.284629
0.794 0.647 0.647546
0.794 0.696 1.16501
0.794 0.745 1.60668
0.794 0.794 1.69206
0.794 0.843 1.72841
0.794 0.892 1.86676
0.794 0.941 2.01048
0.794 0.99 2.16399
0.843 0.01 6.19666e-13
0.843 0.059 4.45993e-10
0.843 0.108 1.2909e-07
0.843 0.157 1.43012e-05
0.843 0.206 0.000606531
0.843 0.255 0.00986163
0.843 0.304 0.0620968
0.843 0.353 0.162203
0.843 0.402 0.243987
0.843 0.451 0.329191
0.843 0.5 0.286771
0.843 0.549 0.160442
0.843 0.598 0.254461
0.843 0.647 0.578912
0.843 0.696 1.04153
0.843 0.745 1.43638
0.843 0.794 1.51272
0.843 0.843 1.54522
0.843 0.892 1.6689
0.843 0.941 1.79739
0.843 0.99 1.93462
0.892 0.01 7.54953e-13
0.892 0.059 5.43364e-10
0.892 0.108 1.57273e-07
0.892 0.157 1.74234e-05
0.892 0.206 0.00073895
0.892 0.255 0.0120147
0.892 0.304 0.0756539
0.892 0.353 0.197615
0.892 0.402 0.297256
0.892 0.451 0.401061
0.892 0.5 0.349379
0.892 0.549 0.19547
0.892 0.598 0.310016
0.892 0.647 0.705302
0.892 0.696 1.26892
0.892 0.745 1.74998
0.892 0.794 1.84298
0.892 0.843 1.88257
0.892 0.892 2.03326
0.892 0.941 2.1898
0.892 0.99 2.357
0.941 0.01 9.42127e-13
0.941 0.059 6.78079e-10
0.941 0.108 1.96265e-07
0.941 0.157 2.17432e-05
0.941 0.206 0.000922157
0.941 0.255 0.0149934
0.941 0.304 0.0944106
0.941 0.353 0.24661
0.941 0.402 0.370953
0.941 0.451 0.500495
0.941 0.5 0.436
0.941 0.549 0.243932
0.941 0.598 0.386877
0.941 0.647 0.880165
0.941 0.696 1.58352
0.941 0.745 2.18385
0.941 0.794 2.29991
0.941 0.843 2.34932
0.941 0.892 2.53736
0.941 0.941 2.73271
0.941 0.99 2.94136
0.99 0.01 9.83937e-13
0.99 0.059 7.08171e-10
0.99 0.108 2.04975e-07
0.99 0.157 2.27081e-05
0.99 0.206 0.000963081
0.99 0.255 0.0156588
0.99 0.304 0.0986005
0.99 0.353 0.257554
0.99 0.402 0.387416
0.99 0.451 0.522707
0.99 0.5 0.455349
0.99 0.549 0.254758
0.99 0.598 0.404046
0.99 0.647 0.919226
0.99 0.696 1.65379
0.99 0.745 2.28076
0.99 0.794 2.40197
0.99 0.843 2.45358
0.99 0.892 2.64997
0.99 0.941 2.85399
0.99 0.99 3.07189
