0.01 0.01 0.0179753
0.01 0.059 0.145757
0.01 0.108 0.673348
0.01 0.157 1.55918
0.01 0.206 2.12775
0.01 0.255 2.32888
0.01 0.304 2.73722
0.01 0.353 3.30068
0.01 0.402 3.81565
0.01 0.451 3.90944
0.01 0.5 3.7577
0.01 0.549 3.68626
0.01 0.598 3.63224
0.01 0.647 3.2086
0.01 0.696 2.72615
0.01 0.745 2.52235
0.01 0.794 2.47214
0.01 0.843 2.38734
0.01 0.892 2.40151
0.01 0.941 2.65776
0.01 0.99 2.68141
0.059 0.01 0.012462
0.059 0.059 0.101052
0.059 0.108 0.466824
0.059 0.157 1.08096
0.059 0.206 1.47514
0.059 0.255 1.61458
0.059 0.304 1.89768
0.059 0.353 2.28832
0.059 0.402 2.64534
0.059 0.451 2.71037
0.059 0.5 2.60517
0.059 0.549 2.55564
0.059 0.598 2.51819
0.059 0.647 2.22448
0.059 0.696 1.89001
0.059 0.745 1.74871
0.059 0.794 1.7139
0.059 0.843 1.65511
0.059 0.892 1.66494
0.059 0.941 1.84259
0.059 0.99 1.85899
0.108 0.01 0.00807895
0.108 0.059 0.0655102
0.108 0.108 0.302635
0.108 0.157 0.700769
0.108 0.206 0.956313
0.108 0.255 1.04671
0.108 0.304 1.23024
0.108 0.353 1.48349
0.108 0.402 1.71493
0.108 0.451 1.75709
0.108 0.5 1.68889
0.108 0.549 1.65678
0.108 0.598 1.63251
0.108 0.647 1.4421
0.108 0.696 1.22526
0.108 0.745 1.13367
0.108 0.794 1.1111
0.108 0.843 1.07298
0.108 0.892 1.07936
0.108 0.941 1.19452
0.108 0.99 1.20516
0.157 0.01 0.00805922
0.157 0.059 0.0653502
0.157 0.108 0.301896
0.157 0.157 0.699057
0.157 0.206 0.953977
0.157 0.255 1.04415
0.157 0.304 1.22723
0.157 0.353 1.47986
0.157 0.402 1.71075
0.157 0.451 1.7528
0.157 0.5 1.68477
0.157 0.549 1.65274
0.157 0.598 1.62852
0.157 0.647 1.43858
0.157 0.696 1.22227
0.157 0.745 1.1309
0.157 0.794 1.10838
0.157 0.843 1.07036
0.157 0.892 1.07672
0.157 0.941 1.19161
0.157 0.99 1.20221
0.206 0.01 0.00763374
0.206 0.059 0.0619001
0.206 0.108 0.285958
0.206 0.157 0.662151
0.206 0.206 0.903613
0.206 0.255 0.989029
0.206 0.304 1.16244
0.206 0.353 1.40173
0.206 0.402 1.62043
0.206 0.451 1.66026
0.206 0.5 1.59582
0.206 0.549 1.56548
0.206 0.598 1.54254
0.206 0.647 1.36263
0.206 0.696 1.15774
0.206 0.745 1.07119
0.206 0.794 1.04987
0.206 0.843 1.01385
0.206 0.892 1.01988
0.206 0.941 1.1287
0.206 0.99 1.13874
0.255 0.01 0.00610099
0.255 0.059 0.0494714
0.255 0.108 0.228541
0.255 0.157 0.5292
0.255 0.206 0.72218
0.255 0.255 0.790445
0.255 0.304 0.929041
0.255 0.353 1.12028
0.255 0.402 1.29507
0.255 0.451 1.3269
0.255 0.5 1.2754
0.255 0.549 1.25115
0.255 0.598 1.23282
0.255 0.647 1.08903
0.255 0.696 0.925283
0.255 0.745 0.856112
0.255 0.794 0.839068
0.255 0.843 0.810286
0.255 0.892 0.815098
0.255 0.941 0.90207
0.255 0.99 0.910099
0.304 0.01 0.00551453
0.304 0.059 0.044716
0.304 0.108 0.206573
0.304 0.157 0.478331
0.304 0.206 0.652761
0.304 0.255 0.714464
0.304 0.304 0.839738
0.304 0.353 1.0126
0.304 0.402 1.17058
0.304 0.451 1.19936
0.304 0.5 1.1528
0.304 0.549 1.13089
0.304 0.598 1.11432
0.304 0.647 0.984349
0.304 0.696 0.836341
0.304 0.745 0.773818
0.304 0.794 0.758413
0.304 0.843 0.732398
0.304 0.892 0.736747
0.304 0.941 0.815359
0.304 0.99 0.822616
0.353 0.01 0.00615603
0.353 0.059 0.0499177
0.353 0.108 0.230603
0.353 0.157 0.533974
0.353 0.206 0.728695
0.353 0.255 0.797576
0.353 0.304 0.937422
0.353 0.353 1.13039
0.353 0.402 1.30675
0.353 0.451 1.33887
0.353 0.5 1.28691
0.353 0.549 1.26244
0.353 0.598 1.24394
0.353 0.647 1.09886
0.353 0.696 0.93363
0.353 0.745 0.863835
0.353 0.794 0.846637
0.353 0.843 0.817596
0.353 0.892 0.822452
0.353 0.941 0.910208
0.353 0.99 0.918309
0.402 0.01 0.00628532
0.402 0.059 0.0509661
0.402 0.108 0.235446
0.402 0.157 0.545189
0.402 0.206 0.743999
0.402 0.255 0.814327
0.402 0.304 0.957111
0.402 0.353 1.15413
0.402 0.402 1.3342
0.402 0.451 1.36699
0.402 0.5 1.31394
0.402 0.549 1.28896
0.402 0.598 1.27007
0.402 0.647 1.12193
0.402 0.696 0.953239
0.402 0.745 0.881977
0.402 0.794 0.864419
0.402 0.843 0.834768
0.402 0.892 0.839725
0.402 0.941 0.929324
0.402 0.99 0.937596
0.451 0.01 0.00705163
0.451 0.059 0.05718
0.451 0.108 0.264152
0.451 0.157 0.611659
0.451 0.206 0.834709
0.451 0.255 0.913611
0.451 0.304 1.0738
0.451 0.353 1.29485
0.451 0.402 1.49686
0.451 0.451 1.53366
0.451 0.5 1.47413
0.451 0.549 1.44611
0.451 0.598 1.42492
0.451 0.647 1.25872
0.451 0.696 1.06946
0.451 0.745 0.989509
0.451 0.794 0.96981
0.451 0.843 0.936543
0.451 0.892 0.942105
0.451 0.941 1.04263
0.451 0.99 1.05191
0.5 0.01 0.00778631
0.5 0.059 0.0631373
0.5 0.108 0.291673
0.5 0.157 0.675385
0.5 0.206 0.921673
0.5 0.255 1.0088
0.5 0.304 1.18568
0.5 0.353 1.42975
0.5 0.402 1.65282
0.5 0.451 1.69344
0.5 0.5 1.62772
0.5 0.549 1.59677
0.5 0.598 1.57337
0.5 0.647 1.38986
0.5 0.696 1.18088
0.5 0.745 1.0926
0.5 0.794 1.07085
0.5 0.843 1.03412
0.5 0.892 1.04026
0.5 0.941 1.15126
0.5 0.99 1.1615
0.549 0.01 0.00815496
0.549 0.059 0.0661266
0.549 0.108 0.305482
0.549 0.157 0.707362
0.549 0.206 0.965311
0.549 0.255 1.05656
0.549 0.304 1.24181
0.549 0.353 1.49744
0.549 0.402 1.73107
0.549 0.451 1.77362
0.549 0.5 1.70478
0.549 0.549 1.67237
0.549 0.598 1.64786
0.549 0.647 1.45567
0.549 0.696 1.23679
0.549 0.745 1.14433
0.549 0.794 1.12155
0.549 0.843 1.08308
0.549 0.892 1.08951
0.549 0.941 1.20576
0.549 0.99 1.21649
0.598 0.01 0.00793062
0.598 0.059 0.0643074
0.598 0.108 0.297078
0.598 0.157 0.687902
0.598 0.206 0.938755
0.598 0.255 1.02749
0.598 0.304 1.20765
0.598 0.353 1.45625
0.598 0.402 1.68345
0.598 0.451 1.72483
0.598 0.5 1.65788
0.598 0.549 1.62636
0.598 0.598 1.60253
0.598 0.647 1.41562
0.598 0.696 1.20277
0.598 0.745 1.11285
0.598 0.794 1.0907
0.598 0.843 1.05328
0.598 0.892 1.05954
0.598 0.941 1.17259
0.598 0.99 1.18303
0.647 0.01 0.00651024
0.647 0.059 0.0527899
0.647 0.108 0.243871
0.647 0.157 0.564698
0.647 0.206 0.770623
0.647 0.255 0.843467
0.647 0.304 0.99136
0.647 0.353 1.19543
0.647 0.402 1.38194
0.647 0.451 1.41591
0.647 0.5 1.36095
0.647 0.549 1.33508
0.647 0.598 1.31552
0.647 0.647 1.16208
0.647 0.696 0.98735
0.647 0.745 0.913539
0.647 0.794 0.895352
0.647 0.843 0.864639
0.647 0.892 0.869774
0.647 0.941 0.96258
0.647 0.99 0.971147
0.696 0.01 0.00497941
0.696 0.059 0.0403768
0.696 0.108 0.186527
0.696 0.157 0.431914
0.696 0.206 0.589418
0.696 0.255 0.645134
0.696 0.304 0.758251
0.696 0.353 0.914337
0.696 0.402 1.05699
0.696 0.451 1.08297
0.696 0.5 1.04094
0.696 0.549 1.02115
0.696 0.598 1.00618
0.696 0.647 0.888829
0.696 0.696 0.755184
0.696 0.745 0.698728
0.696 0.794 0.684818
0.696 0.843 0.661327
0.696 0.892 0.665255
0.696 0.941 0.736238
0.696 0.99 0.742791
0.745 0.01 0.00498975
0.745 0.059 0.0404607
0.745 0.108 0.186915
0.745 0.157 0.432811
0.745 0.206 0.590642
0.745 0.255 0.646473
0.745 0.304 0.759825
0.745 0.353 0.916236
0.745 0.402 1.05918
0.745 0.451 1.08522
0.745 0.5 1.0431
0.745 0.549 1.02327
0.745 0.598 1.00827
0.745 0.647 0.890675
0.745 0.696 0.756752
0.745 0.745 0.700179
0.745 0.794 0.68624
0.745 0.843 0.6627
0.745 0.892 0.666636
0.745 0.941 0.737767
0.745 0.99 0.744333
0.794 0.01 0.0044333
0.794 0.059 0.0359485
0.794 0.108 0.16607
0.794 0.157 0.384544
0.794 0.206 0.524773
0.794 0.255 0.574379
0.794 0.304 0.67509
0.794 0.353 0.814057
0.794 0.402 0.941064
0.794 0.451 0.964197
0.794 0.5 0.926773
0.794 0.549 0.909153
0.794 0.598 0.895831
0.794 0.647 0.791347
0.794 0.696 0.672359
0.794 0.745 0.622095
0.794 0.794 0.60971
0.794 0.843 0.588796
0.794 0.892 0.592293
0.794 0.941 0.655491
0.794 0.99 0.661325
0.843 0.01 0.00363959
0.843 0.059 0.0295125
0.843 0.108 0.136338
0.843 0.157 0.315698
0.843 0.206 0.430822
0.843 0.255 0.471546
0.843 0.304 0.554226
0.843 0.353 0.668314
0.843 0.402 0.772583
0.843 0.451 0.791574
0.843 0.5 0.76085
0.843 0.549 0.746385
0.843 0.598 0.735448
0.843 0.647 0.64967
0.843 0.696 0.551985
0.843 0.745 0.51072
0.843 0.794 0.500552
0.843 0.843 0.483382
0.843 0.892 0.486253
0.843 0.941 0.538137
0.843 0.99 0.542926
0.892 0.01 0.00466029
0.892 0.059 0.0377892
0.892 0.108 0.174573
0.892 0.157 0.404234
0.892 0.206 0.551643
0.892 0.255 0.603788
0.892 0.304 0.709656
0.892 0.353 0.855739
0.892 0.402 0.98925
0.892 0.451 1.01357
0.892 0.5 0.974226
0.892 0.549 0.955705
0.892 0.598 0.941701
0.892 0.647 0.831866
0.892 0.696 0.706786
0.892 0.745 0.653948
0.892 0.794 0.640929
0.892 0.843 0.618944
0.892 0.892 0.62262
0.892 0.941 0.689054
0.892 0.99 0.695187
0.941 0.01 0.00627482
0.941 0.059 0.050881
0.941 0.108 0.235053
0.941 0.157 0.544278
0.941 0.206 0.742757
0.941 0.255 0.812967
0.941 0.304 0.955512
0.941 0.353 1.1522
0.941 0.402 1.33197
0.941 0.451 1.36471
0.941 0.5 1.31174
0.941 0.549 1.2868
0.941 0.598 1.26795
0.941 0.647 1.12006
0.941 0.696 0.951647
0.941 0.745 0.880505
0.941 0.794 0.862975
0.941 0.843 0.833374
0.941 0.892 0.838323
0.941 0.941 0.927773
0.941 0.99 0.93603
0.99 0.01 0.00697633
0.99 0.059 0.0565694
0.99 0.108 0.261331
0.99 0.157 0.605127
0.99 0.206 0.825795
0.99 0.255 0.903855
0.99 0.304 1.06234
0.99 0.353 1.28102
0.99 0.402 1.48088
0.99 0.451 1.51728
0.99 0.5 1.45839
0.99 0.549 1.43066
0.99 0.598 1.4097
0.99 0.647 1.24528
0.99 0.696 1.05804
0.99 0.745 0.978943
0.99 0.794 0.959454
0.99 0.843 0.926543
0.99 0.892 0.932045
0.99 0.941 1.0315
0.99 0.99 1.04068
