0.01 0.01 1.22044e-05
0.01 0.059 8.32231e-06
0.01 0.108 5.11922e-06
0.01 0.157 4.12089e-06
0.01 0.206 3.31742e-06
0.01 0.255 3.17042e-06
0.01 0.304 2.49077e-06
0.01 0.353 1.66114e-06
0.01 0.402 2.23864e-06
0.01 0.451 2.99897e-06
0.01 0.5 2.48962e-06
0.01 0.549 2.1337e-06
0.01 0.598 2.92951e-06
0.01 0.647 2.8944e-06
0.01 0.696 1.99614e-06
0.01 0.745 2.34334e-06
0.01 0.794 3.13614e-06
0.01 0.843 2.97904e-06
0.01 0.892 4.57571e-06
0.01 0.941 1.171e-05
0.01 0.99 1.92516e-05
0.059 0.01 0.000667663
0.059 0.059 0.000455287
0.059 0.108 0.000280056
0.059 0.157 0.00022544
0.059 0.206 0.000181486
0.059 0.255 0.000173444
0.059 0.304 0.000136262
0.059 0.353 9.08758e-05
0.059 0.402 0.000122469
0.059 0.451 0.000164064
0.059 0.5 0.000136199
0.059 0.549 0.000116728
0.059 0.598 0.000160264
0.059 0.647 0.000158343
0.059 0.696 0.000109202
0.059 0.745 0.000128197
0.059 0.794 0.000171568
0.059 0.843 0.000162974
0.059 0.892 0.000250322
0.059 0.941 0.000640614
0.059 0.99 0.00105319
0.108 0.01 0.0159789
0.108 0.059 0.0108962
0.108 0.108 0.00670246
0.108 0.157 0.00539537
0.108 0.206 0.00434341
0.108 0.255 0.00415095
0.108 0.304 0.00326109
0.108 0.353 0.00217489
0.108 0.402 0.00293099
0.108 0.451 0.00392648
0.108 0.5 0.00325959
0.108 0.549 0.00279359
0.108 0.598 0.00383553
0.108 0.647 0.00378956
0.108 0.696 0.00261349
0.108 0.745 0.00306807
0.108 0.794 0.00410606
0.108 0.843 0.00390038
0.108 0.892 0.00599085
0.108 0.941 0.0153315
0.108 0.99 0.0252056
0.157 0.01 0.148215
0.157 0.059 0.101069
0.157 0.108 0.0621698
0.157 0.157 0.0500456
0.157 0.206 0.0402881
0.157 0.255 0.0385029
0.157 0.304 0.0302488
0.157 0.353 0.0201736
0.157 0.402 0.0271869
0.157 0.451 0.0364207
0.157 0.5 0.0302349
0.157 0.549 0.0259125
0.157 0.598 0.0355771
0.157 0.647 0.0351507
0.157 0.696 0.0242419
0.157 0.745 0.0284584
0.157 0.794 0.0380865
0.157 0.843 0.0361786
0.157 0.892 0.0555692
0.157 0.941 0.14221
0.157 0.99 0.233799
0.206 0.01 0.562419
0.206 0.059 0.38352
0.206 0.108 0.235911
0.206 0.157 0.189904
0.206 0.206 0.152878
0.206 0.255 0.146104
0.206 0.304 0.114783
0.206 0.353 0.0765511
0.206 0.402 0.103164
0.206 0.451 0.138203
0.206 0.5 0.11473
0.206 0.549 0.0983279
0.206 0.598 0.135002
0.206 0.647 0.133384
0.206 0.696 0.0919887
0.206 0.745 0.107989
0.206 0.794 0.144524
0.206 0.843 0.137284
0.206 0.892 0.210864
0.206 0.941 0.539634
0.206 0.99 0.887179
0.255 0.01 1.08537
0.255 0.059 0.740123
0.255 0.108 0.455265
0.255 0.157 0.36648
0.255 0.206 0.295027
0.255 0.255 0.281954
0.255 0.304 0.22151
0.255 0.353 0.14773
0.255 0.402 0.199088
0.255 0.451 0.266706
0.255 0.5 0.221408
0.255 0.549 0.189755
0.255 0.598 0.260529
0.255 0.647 0.257406
0.255 0.696 0.177521
0.255 0.745 0.208399
0.255 0.794 0.278904
0.255 0.843 0.264934
0.255 0.892 0.406929
0.255 0.941 1.0414
0.255 0.99 1.71209
0.304 0.01 1.51524
0.304 0.059 1.03326
0.304 0.108 0.635578
0.304 0.157 0.511629
0.304 0.206 0.411875
0.304 0.255 0.393625
0.304 0.304 0.309242
0.304 0.353 0.20624
0.304 0.402 0.277939
0.304 0.451 0.372338
0.304 0.5 0.309099
0.304 0.549 0.26491
0.304 0.598 0.363714
0.304 0.647 0.359355
0.304 0.696 0.247831
0.304 0.745 0.290938
0.304 0.794 0.389368
0.304 0.843 0.369864
0.304 0.892 0.568098
0.304 0.941 1.45385
0.304 0.99 2.39019
0.353 0.01 1.37601
0.353 0.059 0.938319
0.353 0.108 0.577179
0.353 0.157 0.464619
0.353 0.206 0.374031
0.353 0.255 0.357457
0.353 0.304 0.280827
0.353 0.353 0.18729
0.353 0.402 0.252401
0.353 0.451 0.338126
0.353 0.5 0.280698
0.353 0.549 0.240569
0.353 0.598 0.330295
0.353 0.647 0.326336
0.353 0.696 0.225059
0.353 0.745 0.264206
0.353 0.794 0.353591
0.353 0.843 0.335879
0.353 0.892 0.515899
0.353 0.941 1.32027
0.353 0.99 2.17057
0.402 0.01 0.763556
0.402 0.059 0.520677
0.402 0.108 0.320279
0.402 0.157 0.257819
0.402 0.206 0.207551
0.402 0.255 0.198354
0.402 0.304 0.155832
0.402 0.353 0.103928
0.402 0.402 0.140058
0.402 0.451 0.187628
0.402 0.5 0.155761
0.402 0.549 0.133493
0.402 0.598 0.183282
0.402 0.647 0.181085
0.402 0.696 0.124886
0.402 0.745 0.146609
0.402 0.794 0.196209
0.402 0.843 0.186381
0.402 0.892 0.286275
0.402 0.941 0.732622
0.402 0.99 1.20446
0.451 0.01 1.00228
0.451 0.059 0.683467
0.451 0.108 0.420415
0.451 0.157 0.338426
0.451 0.206 0.272442
0.451 0.255 0.26037
0.451 0.304 0.204553
0.451 0.353 0.136421
0.451 0.402 0.183848
0.451 0.451 0.24629
0.451 0.5 0.204459
0.451 0.549 0.175229
0.451 0.598 0.240585
0.451 0.647 0.237702
0.451 0.696 0.163932
0.451 0.745 0.192446
0.451 0.794 0.257554
0.451 0.843 0.244653
0.451 0.892 0.375779
0.451 0.941 0.961677
0.451 0.99 1.58103
0.5 0.01 1.8947
0.5 0.059 1.29202
0.5 0.108 0.794746
0.5 0.157 0.639757
0.5 0.206 0.515022
0.5 0.255 0.4922
0.5 0.304 0.386685
0.5 0.353 0.257888
0.5 0.402 0.347543
0.5 0.451 0.465583
0.5 0.5 0.386507
0.5 0.549 0.331251
0.5 0.598 0.454799
0.5 0.647 0.449348
0.5 0.696 0.309895
0.5 0.745 0.363798
0.5 0.794 0.486877
0.5 0.843 0.462489
0.5 0.892 0.710367
0.5 0.941 1.81794
0.5 0.99 2.98876
0.549 0.01 2.34467
0.549 0.059 1.59885
0.549 0.108 0.983489
0.549 0.157 0.791691
0.549 0.206 0.637333
0.549 0.255 0.609092
0.549 0.304 0.478518
0.549 0.353 0.319134
0.549 0.402 0.43008
0.549 0.451 0.576153
0.549 0.5 0.478298
0.549 0.549 0.409919
0.549 0.598 0.562808
0.549 0.647 0.556062
0.549 0.696 0.383491
0.549 0.745 0.450195
0.549 0.794 0.602505
0.549 0.843 0.572324
0.549 0.892 0.87907
0.549 0.941 2.24968
0.549 0.99 3.69856
0.598 0.01 2.77356
0.598 0.059 1.89132
0.598 0.108 1.16339
0.598 0.157 0.936509
0.598 0.206 0.753915
0.598 0.255 0.720508
0.598 0.304 0.566049
0.598 0.353 0.37751
0.598 0.402 0.508752
0.598 0.451 0.681544
0.598 0.5 0.565789
0.598 0.549 0.484902
0.598 0.598 0.665758
0.598 0.647 0.657779
0.598 0.696 0.453641
0.598 0.745 0.532546
0.598 0.794 0.712716
0.598 0.843 0.677014
0.598 0.892 1.03987
0.598 0.941 2.6612
0.598 0.99 4.3751
0.647 0.01 3.39245
0.647 0.059 2.31335
0.647 0.108 1.42299
0.647 0.157 1.14548
0.647 0.206 0.922144
0.647 0.255 0.881282
0.647 0.304 0.692358
0.647 0.353 0.461748
0.647 0.402 0.622275
0.647 0.451 0.833624
0.647 0.5 0.69204
0.647 0.549 0.593104
0.647 0.598 0.814316
0.647 0.647 0.804556
0.647 0.696 0.554866
0.647 0.745 0.651378
0.647 0.794 0.871752
0.647 0.843 0.828084
0.647 0.892 1.27191
0.647 0.941 3.25502
0.647 0.99 5.35137
0.696 0.01 3.45478
0.696 0.059 2.35585
0.696 0.108 1.44913
0.696 0.157 1.16653
0.696 0.206 0.939085
0.696 0.255 0.897473
0.696 0.304 0.705077
0.696 0.353 0.470231
0.696 0.402 0.633707
0.696 0.451 0.848939
0.696 0.5 0.704753
0.696 0.549 0.604
0.696 0.598 0.829275
0.696 0.647 0.819336
0.696 0.696 0.56506
0.696 0.745 0.663345
0.696 0.794 0.887767
0.696 0.843 0.843297
0.696 0.892 1.29528
0.696 0.941 3.31481
0.696 0.99 5.44968
0.745 0.01 3.10406
0.745 0.059 2.11669
0.745 0.108 1.30202
0.745 0.157 1.0481
0.745 0.206 0.843752
0.745 0.255 0.806364
0.745 0.304 0.6335
0.745 0.353 0.422495
0.745 0.402 0.569375
0.745 0.451 0.762757
0.745 0.5 0.633209
0.745 0.549 0.542683
0.745 0.598 0.74509
0.745 0.647 0.73616
0.745 0.696 0.507697
0.745 0.745 0.596004
0.745 0.794 0.797643
0.745 0.843 0.757688
0.745 0.892 1.16378
0.745 0.941 2.9783
0.745 0.99 4.89644
0.794 0.01 2.71426
0.794 0.059 1.85088
0.794 0.108 1.13852
0.794 0.157 0.916486
0.794 0.206 0.737796
0.794 0.255 0.705103
0.794 0.304 0.553947
0.794 0.353 0.369439
0.794 0.402 0.497874
0.794 0.451 0.666972
0.794 0.5 0.553692
0.794 0.549 0.474535
0.794 0.598 0.651524
0.794 0.647 0.643715
0.794 0.696 0.443941
0.794 0.745 0.52116
0.794 0.794 0.697478
0.794 0.843 0.662539
0.794 0.892 1.01764
0.794 0.941 2.6043
0.794 0.99 4.28156
0.843 0.01 2.72154
0.843 0.059 1.85585
0.843 0.108 1.14157
0.843 0.157 0.918943
0.843 0.206 0.739774
0.843 0.255 0.706994
0.843 0.304 0.555432
0.843 0.353 0.370429
0.843 0.402 0.499209
0.843 0.451 0.668761
0.843 0.5 0.555177
0.843 0.549 0.475807
0.843 0.598 0.653271
0.843 0.647 0.645441
0.843 0.696 0.445132
0.843 0.745 0.522557
0.843 0.794 0.699348
0.843 0.843 0.664316
0.843 0.892 1.02037
0.843 0.941 2.61128
0.843 0.99 4.29304
0.892 0.01 4.35145
0.892 0.059 2.9673
0.892 0.108 1.82525
0.892 0.157 1.46929
0.892 0.206 1.18282
0.892 0.255 1.13041
0.892 0.304 0.888076
0.892 0.353 0.592277
0.892 0.402 0.798182
0.892 0.451 1.06928
0.892 0.5 0.887668
0.892 0.549 0.760765
0.892 0.598 1.04451
0.892 0.647 1.03199
0.892 0.696 0.711718
0.892 0.745 0.835512
0.892 0.794 1.11818
0.892 0.843 1.06217
0.892 0.892 1.63146
0.892 0.941 4.17516
0.892 0.99 6.86412
0.941 0.01 10.1346
0.941 0.059 6.91091
0.941 0.108 4.25104
0.941 0.157 3.42201
0.941 0.206 2.75481
0.941 0.255 2.63274
0.941 0.304 2.06835
0.941 0.353 1.37943
0.941 0.402 1.85898
0.941 0.451 2.49037
0.941 0.5 2.0674
0.941 0.549 1.77184
0.941 0.598 2.43269
0.941 0.647 2.40353
0.941 0.696 1.65761
0.941 0.745 1.94593
0.941 0.794 2.60427
0.941 0.843 2.47382
0.941 0.892 3.7997
0.941 0.941 9.72404
0.941 0.99 15.9867
0.99 0.01 16.7875
0.99 0.059 11.4476
0.99 0.108 7.04166
0.99 0.157 5.66842
0.99 0.206 4.56323
0.99 0.255 4.36102
0.99 0.304 3.42613
0.99 0.353 2.28496
0.99 0.402 3.07933
0.99 0.451 4.12519
0.99 0.5 3.42456
0.99 0.549 2.93497
0.99 0.598 4.02964
0.99 0.647 3.98134
0.99 0.696 2.74575
0.99 0.745 3.22334
0.99 0.794 4.31386
0.99 0.843 4.09777
0.99 0.892 6.29404
0.99 0.941 16.1074
0.99 0.99 26.4812
