0.01 0.01 1.26937
0.01 0.059 0.75917
0.01 0.108 0.266006
0.01 0.157 0.13397
0.01 0.206 0.150787
0.01 0.255 0.177668
0.01 0.304 0.111773
0.01 0.353 0.0372146
0.01 0.402 0.0471159
0.01 0.451 0.0944157
0.01 0.5 0.131975
0.01 0.549 0.17314
0.01 0.598 0.129393
0.01 0.647 0.0418881
0.01 0.696 0.024253
0.01 0.745 0.0734742
0.01 0.794 0.14553
0.01 0.843 0.212721
0.01 0.892 0.377291
0.01 0.941 1.11678
0.01 0.99 2.02399
0.059 0.01 1.19537
0.059 0.059 0.714914
0.059 0.108 0.250499
0.059 0.157 0.12616
0.059 0.206 0.141997
0.059 0.255 0.167311
0.059 0.304 0.105257
0.059 0.353 0.0350451
0.059 0.402 0.0443693
0.059 0.451 0.0889117
0.059 0.5 0.124281
0.059 0.549 0.163047
0.059 0.598 0.12185
0.059 0.647 0.0394462
0.059 0.696 0.0228392
0.059 0.745 0.0691909
0.059 0.794 0.137046
0.059 0.843 0.20032
0.059 0.892 0.355297
0.059 0.941 1.05168
0.059 0.99 1.906
0.108 0.01 1.15911
0.108 0.059 0.693228
0.108 0.108 0.242901
0.108 0.157 0.122333
0.108 0.206 0.13769
0.108 0.255 0.162236
0.108 0.304 0.102064
0.108 0.353 0.0339821
0.108 0.402 0.0430234
0.108 0.451 0.0862147
0.108 0.5 0.120512
0.108 0.549 0.158101
0.108 0.598 0.118154
0.108 0.647 0.0382496
0.108 0.696 0.0221464
0.108 0.745 0.0670921
0.108 0.794 0.132889
0.108 0.843 0.194244
0.108 0.892 0.34452
0.108 0.941 1.01978
0.108 0.99 1.84818
0.157 0.01 1.86697
0.157 0.059 1.11658
0.157 0.108 0.391239
0.157 0.157 0.197041
0.157 0.206 0.221776
0.157 0.255 0.261312
0.157 0.304 0.164394
0.157 0.353 0.0547347
0.157 0.402 0.0692975
0.157 0.451 0.138865
0.157 0.5 0.194107
0.157 0.549 0.254653
0.157 0.598 0.190309
0.157 0.647 0.0616084
0.157 0.696 0.035671
0.157 0.745 0.108065
0.157 0.794 0.214043
0.157 0.843 0.312867
0.157 0.892 0.554915
0.157 0.941 1.64254
0.157 0.99 2.97685
0.206 0.01 1.89247
0.206 0.059 1.13183
0.206 0.108 0.396581
0.206 0.157 0.199731
0.206 0.206 0.224804
0.206 0.255 0.264881
0.206 0.304 0.166639
0.206 0.353 0.0554821
0.206 0.402 0.0702438
0.206 0.451 0.140762
0.206 0.5 0.196758
0.206 0.549 0.25813
0.206 0.598 0.192908
0.206 0.647 0.0624497
0.206 0.696 0.0361582
0.206 0.745 0.10954
0.206 0.794 0.216966
0.206 0.843 0.31714
0.206 0.892 0.562493
0.206 0.941 1.66497
0.206 0.99 3.0175
0.255 0.01 0.862213
0.255 0.059 0.515663
0.255 0.108 0.180683
0.255 0.157 0.0909982
0.255 0.206 0.102421
0.255 0.255 0.12068
0.255 0.304 0.0759213
0.255 0.353 0.0252778
0.255 0.402 0.0320033
0.255 0.451 0.0641314
0.255 0.5 0.0896434
0.255 0.549 0.117605
0.255 0.598 0.0878893
0.255 0.647 0.0284523
0.255 0.696 0.0164738
0.255 0.745 0.0499069
0.255 0.794 0.0988504
0.255 0.843 0.14449
0.255 0.892 0.256273
0.255 0.941 0.758567
0.255 0.99 1.37478
0.304 0.01 0.678983
0.304 0.059 0.406078
0.304 0.108 0.142286
0.304 0.157 0.07166
0.304 0.206 0.0806556
0.304 0.255 0.0950344
0.304 0.304 0.0597871
0.304 0.353 0.019906
0.304 0.402 0.0252022
0.304 0.451 0.0505027
0.304 0.5 0.0705931
0.304 0.549 0.0926124
0.304 0.598 0.0692118
0.304 0.647 0.0224058
0.304 0.696 0.0129729
0.304 0.745 0.0393011
0.304 0.794 0.0778436
0.304 0.843 0.113784
0.304 0.892 0.201812
0.304 0.941 0.597363
0.304 0.99 1.08263
0.353 0.01 1.53122
0.353 0.059 0.915777
0.353 0.108 0.32088
0.353 0.157 0.161606
0.353 0.206 0.181892
0.353 0.255 0.214319
0.353 0.304 0.13483
0.353 0.353 0.0448914
0.353 0.402 0.0568353
0.353 0.451 0.113892
0.353 0.5 0.1592
0.353 0.549 0.208857
0.353 0.598 0.156085
0.353 0.647 0.050529
0.353 0.696 0.0292561
0.353 0.745 0.0886309
0.353 0.794 0.175551
0.353 0.843 0.256603
0.353 0.892 0.455121
0.353 0.941 1.34716
0.353 0.99 2.44151
0.402 0.01 2.5276
0.402 0.059 1.51168
0.402 0.108 0.529678
0.402 0.157 0.266763
0.402 0.206 0.30025
0.402 0.255 0.353777
0.402 0.304 0.222565
0.402 0.353 0.0741024
0.402 0.402 0.0938183
0.402 0.451 0.188003
0.402 0.5 0.262792
0.402 0.549 0.344761
0.402 0.598 0.257649
0.402 0.647 0.0834084
0.402 0.696 0.0482932
0.402 0.745 0.146303
0.402 0.794 0.289782
0.402 0.843 0.423575
0.402 0.892 0.751271
0.402 0.941 2.22376
0.402 0.99 4.03021
0.451 0.01 3.03474
0.451 0.059 1.81498
0.451 0.108 0.635954
0.451 0.157 0.320287
0.451 0.206 0.360494
0.451 0.255 0.42476
0.451 0.304 0.267221
0.451 0.353 0.0889706
0.451 0.402 0.112642
0.451 0.451 0.225724
0.451 0.5 0.315519
0.451 0.549 0.413935
0.451 0.598 0.309345
0.451 0.647 0.100144
0.451 0.696 0.0579829
0.451 0.745 0.175658
0.451 0.794 0.347925
0.451 0.843 0.508562
0.451 0.892 0.902009
0.451 0.941 2.66994
0.451 0.99 4.83884
0.5 0.01 3.35944
0.5 0.059 2.00918
0.5 0.108 0.703997
0.5 0.157 0.354556
0.5 0.206 0.399064
0.5 0.255 0.470207
0.5 0.304 0.295812
0.5 0.353 0.0984899
0.5 0.402 0.124694
0.5 0.451 0.249875
0.5 0.5 0.349278
0.5 0.549 0.458224
0.5 0.598 0.342443
0.5 0.647 0.110859
0.5 0.696 0.0641867
0.5 0.745 0.194452
0.5 0.794 0.385151
0.5 0.843 0.562975
0.5 0.892 0.998518
0.5 0.941 2.95561
0.5 0.99 5.35657
0.549 0.01 3.6646
0.549 0.059 2.19168
0.549 0.108 0.767946
0.549 0.157 0.386763
0.549 0.206 0.435314
0.549 0.255 0.512919
0.549 0.304 0.322683
0.549 0.353 0.107436
0.549 0.402 0.136021
0.549 0.451 0.272573
0.549 0.5 0.381005
0.549 0.549 0.499847
0.549 0.598 0.37355
0.549 0.647 0.120929
0.549 0.696 0.0700172
0.549 0.745 0.212116
0.549 0.794 0.420137
0.549 0.843 0.614114
0.549 0.892 1.08922
0.549 0.941 3.22408
0.549 0.99 5.84314
0.598 0.01 3.50084
0.598 0.059 2.09374
0.598 0.108 0.733629
0.598 0.157 0.36948
0.598 0.206 0.415861
0.598 0.255 0.489998
0.598 0.304 0.308263
0.598 0.353 0.102635
0.598 0.402 0.129943
0.598 0.451 0.260393
0.598 0.5 0.363979
0.598 0.549 0.47751
0.598 0.598 0.356857
0.598 0.647 0.115525
0.598 0.696 0.0668883
0.598 0.745 0.202637
0.598 0.794 0.401362
0.598 0.843 0.586671
0.598 0.892 1.04055
0.598 0.941 3.08001
0.598 0.99 5.58203
0.647 0.01 3.19895
0.647 0.059 1.91319
0.647 0.108 0.670364
0.647 0.157 0.337617
0.647 0.206 0.379999
0.647 0.255 0.447743
0.647 0.304 0.28168
0.647 0.353 0.0937846
0.647 0.402 0.118737
0.647 0.451 0.237938
0.647 0.5 0.332591
0.647 0.549 0.436332
0.647 0.598 0.326083
0.647 0.647 0.105562
0.647 0.696 0.0611202
0.647 0.745 0.185163
0.647 0.794 0.366751
0.647 0.843 0.53608
0.647 0.892 0.950814
0.647 0.941 2.8144
0.647 0.99 5.10066
0.696 0.01 2.38083
0.696 0.059 1.4239
0.696 0.108 0.498921
0.696 0.157 0.251273
0.696 0.206 0.282816
0.696 0.255 0.333234
0.696 0.304 0.209641
0.696 0.353 0.0697995
0.696 0.402 0.0883705
0.696 0.451 0.177086
0.696 0.5 0.247532
0.696 0.549 0.324742
0.696 0.598 0.242688
0.696 0.647 0.0785651
0.696 0.696 0.0454889
0.696 0.745 0.137808
0.696 0.794 0.272955
0.696 0.843 0.398979
0.696 0.892 0.707647
0.696 0.941 2.09463
0.696 0.99 3.79618
0.745 0.01 2.42425
0.745 0.059 1.44987
0.745 0.108 0.508022
0.745 0.157 0.255856
0.745 0.206 0.287975
0.745 0.255 0.339313
0.745 0.304 0.213465
0.745 0.353 0.0710727
0.745 0.402 0.0899825
0.745 0.451 0.180316
0.745 0.5 0.252047
0.745 0.549 0.330665
0.745 0.598 0.247115
0.745 0.647 0.0799982
0.745 0.696 0.0463187
0.745 0.745 0.140322
0.745 0.794 0.277934
0.745 0.843 0.406257
0.745 0.892 0.720555
0.745 0.941 2.13284
0.745 0.99 3.86543
0.794 0.01 3.24565
0.794 0.059 1.94112
0.794 0.108 0.680152
0.794 0.157 0.342547
0.794 0.206 0.385548
0.794 0.255 0.45428
0.794 0.304 0.285792
0.794 0.353 0.0951539
0.794 0.402 0.120471
0.794 0.451 0.241412
0.794 0.5 0.337447
0.794 0.549 0.442703
0.794 0.598 0.330844
0.794 0.647 0.107104
0.794 0.696 0.0620126
0.794 0.745 0.187866
0.794 0.794 0.372105
0.794 0.843 0.543907
0.794 0.892 0.964697
0.794 0.941 2.85549
0.794 0.99 5.17513
0.843 0.01 3.82394
0.843 0.059 2.28698
0.843 0.108 0.801336
0.843 0.157 0.403579
0.843 0.206 0.454241
0.843 0.255 0.53522
0.843 0.304 0.336713
0.843 0.353 0.112108
0.843 0.402 0.141935
0.843 0.451 0.284424
0.843 0.5 0.397571
0.843 0.549 0.52158
0.843 0.598 0.389791
0.843 0.647 0.126186
0.843 0.696 0.0730615
0.843 0.745 0.221339
0.843 0.794 0.438404
0.843 0.843 0.640816
0.843 0.892 1.13658
0.843 0.941 3.36426
0.843 0.99 6.09719
0.892 0.01 6.81088
0.892 0.059 4.07337
0.892 0.108 1.42727
0.892 0.157 0.718822
0.892 0.206 0.809057
0.892 0.255 0.95329
0.892 0.304 0.599725
0.892 0.353 0.199677
0.892 0.402 0.252803
0.892 0.451 0.506593
0.892 0.5 0.70812
0.892 0.549 0.928996
0.892 0.598 0.694264
0.892 0.647 0.224753
0.892 0.696 0.130131
0.892 0.745 0.39423
0.892 0.794 0.780849
0.892 0.843 1.14137
0.892 0.892 2.02438
0.892 0.941 5.99215
0.892 0.99 10.8598
0.941 0.01 15.8525
0.941 0.059 9.4809
0.941 0.108 3.32202
0.941 0.157 1.67308
0.941 0.206 1.8831
0.941 0.255 2.21881
0.941 0.304 1.39588
0.941 0.353 0.464754
0.941 0.402 0.588407
0.941 0.451 1.17911
0.941 0.5 1.64817
0.941 0.549 2.16226
0.941 0.598 1.61592
0.941 0.647 0.523119
0.941 0.696 0.302884
0.941 0.745 0.917582
0.941 0.794 1.81745
0.941 0.843 2.65657
0.941 0.892 4.7118
0.941 0.941 13.9469
0.941 0.99 25.2766
0.99 0.01 25.4615
0.99 0.059 15.2277
0.99 0.108 5.33566
0.99 0.157 2.68721
0.99 0.206 3.02454
0.99 0.255 3.56374
0.99 0.304 2.24198
0.99 0.353 0.746464
0.99 0.402 0.945069
0.99 0.451 1.89383
0.99 0.5 2.6472
0.99 0.549 3.47292
0.99 0.598 2.59541
0.99 0.647 0.840206
0.99 0.696 0.486476
0.99 0.745 1.47377
0.99 0.794 2.91909
0.99 0.843 4.26684
0.99 0.892 7.56785
0.99 0.941 22.4008
0.99 0.99 40.5979
