0.01 0.01 1.21398
0.01 0.059 0.743405
0.01 0.108 0.383813
0.01 0.157 0.283976
0.01 0.206 0.154774
0.01 0.255 0.106887
0.01 0.304 0.177702
0.01 0.353 0.263671
0.01 0.402 0.307903
0.01 0.451 0.359184
0.01 0.5 0.383892
0.01 0.549 0.338707
0.01 0.598 0.290779
0.01 0.647 0.184176
0.01 0.696 0.150132
0.01 0.745 0.250879
0.01 0.794 0.284552
0.01 0.843 0.23953
0.01 0.892 0.41501
0.01 0.941 1.02472
0.01 0.99 1.65814
0.059 0.01 1.65923
0.059 0.059 1.01606
0.059 0.108 0.524581
0.059 0.157 0.388128
0.059 0.206 0.211539
0.059 0.255 0.14609
0.059 0.304 0.242877
0.059 0.353 0.360375
0.059 0.402 0.42083
0.059 0.451 0.490919
0.059 0.5 0.52469
0.059 0.549 0.462932
0.059 0.598 0.397426
0.059 0.647 0.251724
0.059 0.696 0.205195
0.059 0.745 0.342892
0.059 0.794 0.388915
0.059 0.843 0.327381
0.059 0.892 0.56722
0.059 0.941 1.40055
0.059 0.99 2.26628
0.108 0.01 1.89373
0.108 0.059 1.15966
0.108 0.108 0.598722
0.108 0.157 0.442984
0.108 0.206 0.241436
0.108 0.255 0.166737
0.108 0.304 0.277204
0.108 0.353 0.411308
0.108 0.402 0.480308
0.108 0.451 0.560302
0.108 0.5 0.598846
0.108 0.549 0.52836
0.108 0.598 0.453596
0.108 0.647 0.287301
0.108 0.696 0.234195
0.108 0.745 0.391354
0.108 0.794 0.443882
0.108 0.843 0.373651
0.108 0.892 0.647387
0.108 0.941 1.59849
0.108 0.99 2.58659
0.157 0.01 1.13199
0.157 0.059 0.693196
0.157 0.108 0.35789
0.157 0.157 0.264796
0.157 0.206 0.14432
0.157 0.255 0.0996682
0.157 0.304 0.1657
0.157 0.353 0.245862
0.157 0.402 0.287107
0.157 0.451 0.334924
0.157 0.5 0.357964
0.157 0.549 0.315831
0.157 0.598 0.27114
0.157 0.647 0.171736
0.157 0.696 0.139992
0.157 0.745 0.233934
0.157 0.794 0.265333
0.157 0.843 0.223352
0.157 0.892 0.38698
0.157 0.941 0.955509
0.157 0.99 1.54615
0.206 0.01 0.291544
0.206 0.059 0.178533
0.206 0.108 0.0921745
0.206 0.157 0.0681983
0.206 0.206 0.0371696
0.206 0.255 0.0256696
0.206 0.304 0.0426761
0.206 0.353 0.0633218
0.206 0.402 0.0739444
0.206 0.451 0.0862598
0.206 0.5 0.0921937
0.206 0.549 0.0813422
0.206 0.598 0.0698321
0.206 0.647 0.0442307
0.206 0.696 0.0360549
0.206 0.745 0.0602498
0.206 0.794 0.0683366
0.206 0.843 0.0575245
0.206 0.892 0.0996667
0.206 0.941 0.246091
0.206 0.99 0.398211
0.255 0.01 0.06926
0.255 0.059 0.0424127
0.255 0.108 0.0218972
0.255 0.157 0.0162014
0.255 0.206 0.00883012
0.255 0.255 0.00609813
0.255 0.304 0.0101382
0.255 0.353 0.0150429
0.255 0.402 0.0175664
0.255 0.451 0.0204921
0.255 0.5 0.0219018
0.255 0.549 0.0193239
0.255 0.598 0.0165895
0.255 0.647 0.0105076
0.255 0.696 0.0085653
0.255 0.745 0.0143131
0.255 0.794 0.0162342
0.255 0.843 0.0136657
0.255 0.892 0.0236771
0.255 0.941 0.0584621
0.255 0.99 0.0946
0.304 0.01 0.26956
0.304 0.059 0.16507
0.304 0.108 0.085224
0.304 0.157 0.0630557
0.304 0.206 0.0343668
0.304 0.255 0.0237339
0.304 0.304 0.039458
0.304 0.353 0.0585469
0.304 0.402 0.0683685
0.304 0.451 0.0797552
0.304 0.5 0.0852417
0.304 0.549 0.0752084
0.304 0.598 0.0645663
0.304 0.647 0.0408954
0.304 0.696 0.0333361
0.304 0.745 0.0557066
0.304 0.794 0.0631836
0.304 0.843 0.0531867
0.304 0.892 0.0921511
0.304 0.941 0.227534
0.304 0.99 0.368183
0.353 0.01 0.707743
0.353 0.059 0.4334
0.353 0.108 0.22376
0.353 0.157 0.165556
0.353 0.206 0.0902318
0.353 0.255 0.0623146
0.353 0.304 0.103599
0.353 0.353 0.153718
0.353 0.402 0.179505
0.353 0.451 0.209401
0.353 0.5 0.223806
0.353 0.549 0.197464
0.353 0.598 0.169522
0.353 0.647 0.107373
0.353 0.696 0.0875257
0.353 0.745 0.14626
0.353 0.794 0.165892
0.353 0.843 0.139644
0.353 0.892 0.241948
0.353 0.941 0.597403
0.353 0.99 0.966683
0.402 0.01 0.911041
0.402 0.059 0.557893
0.402 0.108 0.288034
0.402 0.157 0.213112
0.402 0.206 0.116151
0.402 0.255 0.0802143
0.402 0.304 0.133358
0.402 0.353 0.197873
0.402 0.402 0.231067
0.402 0.451 0.269551
0.402 0.5 0.288094
0.402 0.549 0.254185
0.402 0.598 0.218217
0.402 0.647 0.138216
0.402 0.696 0.112667
0.402 0.745 0.188273
0.402 0.794 0.213544
0.402 0.843 0.179757
0.402 0.892 0.311446
0.402 0.941 0.769006
0.402 0.99 1.24436
0.451 0.01 1.22999
0.451 0.059 0.753206
0.451 0.108 0.388872
0.451 0.157 0.28772
0.451 0.206 0.156814
0.451 0.255 0.108296
0.451 0.304 0.180045
0.451 0.353 0.267146
0.451 0.402 0.311962
0.451 0.451 0.363919
0.451 0.5 0.388953
0.451 0.549 0.343172
0.451 0.598 0.294612
0.451 0.647 0.186603
0.451 0.696 0.152111
0.451 0.745 0.254186
0.451 0.794 0.288303
0.451 0.843 0.242688
0.451 0.892 0.420481
0.451 0.941 1.03823
0.451 0.99 1.68
0.5 0.01 1.56646
0.5 0.059 0.959254
0.5 0.108 0.495253
0.5 0.157 0.366429
0.5 0.206 0.199712
0.5 0.255 0.137922
0.5 0.304 0.229298
0.5 0.353 0.340227
0.5 0.402 0.397303
0.5 0.451 0.463473
0.5 0.5 0.495356
0.5 0.549 0.437051
0.5 0.598 0.375207
0.5 0.647 0.237651
0.5 0.696 0.193723
0.5 0.745 0.323722
0.5 0.794 0.367172
0.5 0.843 0.309078
0.5 0.892 0.535508
0.5 0.941 1.32225
0.5 0.99 2.13958
0.549 0.01 0.937049
0.549 0.059 0.573819
0.549 0.108 0.296257
0.549 0.157 0.219195
0.549 0.206 0.119467
0.549 0.255 0.0825042
0.549 0.304 0.137165
0.549 0.353 0.203522
0.549 0.402 0.237664
0.549 0.451 0.277247
0.549 0.5 0.296319
0.549 0.549 0.261441
0.549 0.598 0.224447
0.549 0.647 0.142161
0.549 0.696 0.115884
0.549 0.745 0.193648
0.549 0.794 0.21964
0.549 0.843 0.184889
0.549 0.892 0.320338
0.549 0.941 0.790959
0.549 0.99 1.27988
0.598 0.01 0.391499
0.598 0.059 0.239742
0.598 0.108 0.123776
0.598 0.157 0.0915798
0.598 0.206 0.0499131
0.598 0.255 0.0344702
0.598 0.304 0.0573074
0.598 0.353 0.0850314
0.598 0.402 0.0992959
0.598 0.451 0.115834
0.598 0.5 0.123802
0.598 0.549 0.10923
0.598 0.598 0.0937737
0.598 0.647 0.059395
0.598 0.696 0.0484162
0.598 0.745 0.0809062
0.598 0.794 0.0917655
0.598 0.843 0.0772464
0.598 0.892 0.133837
0.598 0.941 0.330463
0.598 0.99 0.534735
0.647 0.01 0.745532
0.647 0.059 0.45654
0.647 0.108 0.235707
0.647 0.157 0.174396
0.647 0.206 0.0950495
0.647 0.255 0.0656417
0.647 0.304 0.109131
0.647 0.353 0.161925
0.647 0.402 0.189089
0.647 0.451 0.220582
0.647 0.5 0.235756
0.647 0.549 0.208007
0.647 0.598 0.178573
0.647 0.647 0.113106
0.647 0.696 0.0921989
0.647 0.745 0.15407
0.647 0.794 0.174749
0.647 0.843 0.1471
0.647 0.892 0.254866
0.647 0.941 0.6293
0.647 0.99 1.0183
0.696 0.01 1.51981
0.696 0.059 0.930681
0.696 0.108 0.480501
0.696 0.157 0.355515
0.696 0.206 0.193763
0.696 0.255 0.133814
0.696 0.304 0.222468
0.696 0.353 0.330093
0.696 0.402 0.385468
0.696 0.451 0.449668
0.696 0.5 0.480601
0.696 0.549 0.424033
0.696 0.598 0.364031
0.696 0.647 0.230572
0.696 0.696 0.187952
0.696 0.745 0.314079
0.696 0.794 0.356235
0.696 0.843 0.299872
0.696 0.892 0.519557
0.696 0.941 1.28286
0.696 0.99 2.07585
0.745 0.01 1.94637
0.745 0.059 1.1919
0.745 0.108 0.615364
0.745 0.157 0.455297
0.745 0.206 0.248147
0.745 0.255 0.171372
0.745 0.304 0.284909
0.745 0.353 0.422741
0.745 0.402 0.493658
0.745 0.451 0.575876
0.745 0.5 0.615492
0.745 0.549 0.543046
0.745 0.598 0.466204
0.745 0.647 0.295287
0.745 0.696 0.240705
0.745 0.745 0.402232
0.745 0.794 0.45622
0.745 0.843 0.384037
0.745 0.892 0.665382
0.745 0.941 1.64292
0.745 0.99 2.65848
0.794 0.01 1.77021
0.794 0.059 1.08402
0.794 0.108 0.559668
0.794 0.157 0.414089
0.794 0.206 0.225688
0.794 0.255 0.155861
0.794 0.304 0.259122
0.794 0.353 0.384479
0.794 0.402 0.448978
0.794 0.451 0.523754
0.794 0.5 0.559784
0.794 0.549 0.493896
0.794 0.598 0.424008
0.794 0.647 0.268561
0.794 0.696 0.218919
0.794 0.745 0.365826
0.794 0.794 0.414928
0.794 0.843 0.349278
0.794 0.892 0.605159
0.794 0.941 1.49422
0.794 0.99 2.41787
0.843 0.01 2.48432
0.843 0.059 1.52132
0.843 0.108 0.785442
0.843 0.157 0.581135
0.843 0.206 0.316732
0.843 0.255 0.218736
0.843 0.304 0.363653
0.843 0.353 0.53958
0.843 0.402 0.630098
0.843 0.451 0.73504
0.843 0.5 0.785605
0.843 0.549 0.693136
0.843 0.598 0.595056
0.843 0.647 0.3769
0.843 0.696 0.307233
0.843 0.745 0.513403
0.843 0.794 0.582313
0.843 0.843 0.49018
0.843 0.892 0.849284
0.843 0.941 2.097
0.843 0.99 3.39325
0.892 0.01 5.93571
0.892 0.059 3.63484
0.892 0.108 1.87663
0.892 0.157 1.38849
0.892 0.206 0.756758
0.892 0.255 0.522621
0.892 0.304 0.868867
0.892 0.353 1.2892
0.892 0.402 1.50548
0.892 0.451 1.75621
0.892 0.5 1.87702
0.892 0.549 1.65609
0.892 0.598 1.42175
0.892 0.647 0.900517
0.892 0.696 0.734062
0.892 0.745 1.22666
0.892 0.794 1.3913
0.892 0.843 1.17117
0.892 0.892 2.02917
0.892 0.941 5.01031
0.892 0.99 8.10739
0.941 0.01 15.8418
0.941 0.059 9.70105
0.941 0.108 5.00855
0.941 0.157 3.70574
0.941 0.206 2.01971
0.941 0.255 1.39482
0.941 0.304 2.31892
0.941 0.353 3.44076
0.941 0.402 4.01797
0.941 0.451 4.68716
0.941 0.5 5.00959
0.941 0.549 4.41995
0.941 0.598 3.79451
0.941 0.647 2.40339
0.941 0.696 1.95914
0.941 0.745 3.27384
0.941 0.794 3.71325
0.941 0.843 3.12575
0.941 0.892 5.41566
0.941 0.941 13.372
0.941 0.99 21.6378
0.99 0.01 26.723
0.99 0.059 16.3643
0.99 0.108 8.44874
0.99 0.157 6.25108
0.99 0.206 3.40698
0.99 0.255 2.35288
0.99 0.304 3.9117
0.99 0.353 5.80409
0.99 0.402 6.77776
0.99 0.451 7.90659
0.99 0.5 8.4505
0.99 0.549 7.45584
0.99 0.598 6.40083
0.99 0.647 4.0542
0.99 0.696 3.3048
0.99 0.745 5.52251
0.99 0.794 6.26375
0.99 0.843 5.27271
0.99 0.892 9.13547
0.99 0.941 22.5568
0.99 0.99 36.5001
