0.01 0.01 0.311793
0.01 0.059 0.879527
0.01 0.108 1.61091
0.01 0.157 1.58856
0.01 0.206 1.00677
0.01 0.255 0.710487
0.01 0.304 0.839475
0.01 0.353 0.788541
0.01 0.402 0.426438
0.01 0.451 0.367158
0.01 0.5 0.643019
0.01 0.549 0.857308
0.01 0.598 0.766395
0.01 0.647 0.913554
0.01 0.696 1.60642
0.01 0.745 1.98889
0.01 0.794 1.84196
0.01 0.843 1.65064
0.01 0.892 2.00955
0.01 0.941 3.54426
0.01 0.99 5.07527
0.059 0.01 0.23829
0.059 0.059 0.672184
0.059 0.108 1.23115
0.059 0.157 1.21407
0.059 0.206 0.76943
0.059 0.255 0.542995
0.059 0.304 0.641575
0.059 0.353 0.602648
0.059 0.402 0.325908
0.059 0.451 0.280603
0.059 0.5 0.491431
0.059 0.549 0.655203
0.059 0.598 0.585723
0.059 0.647 0.69819
0.059 0.696 1.22772
0.059 0.745 1.52003
0.059 0.794 1.40773
0.059 0.843 1.26151
0.059 0.892 1.53581
0.059 0.941 2.70873
0.059 0.99 3.87881
0.108 0.01 0.187188
0.108 0.059 0.528033
0.108 0.108 0.967129
0.108 0.157 0.953707
0.108 0.206 0.604424
0.108 0.255 0.426549
0.108 0.304 0.503988
0.108 0.353 0.473409
0.108 0.402 0.256016
0.108 0.451 0.220427
0.108 0.5 0.386043
0.108 0.549 0.514694
0.108 0.598 0.460113
0.108 0.647 0.548462
0.108 0.696 0.96443
0.108 0.745 1.19405
0.108 0.794 1.10584
0.108 0.843 0.990979
0.108 0.892 1.20645
0.108 0.941 2.12783
0.108 0.99 3.04699
0.157 0.01 0.174559
0.157 0.059 0.492408
0.157 0.108 0.90188
0.157 0.157 0.889363
0.157 0.206 0.563646
0.157 0.255 0.397771
0.157 0.304 0.469985
0.157 0.353 0.441469
0.157 0.402 0.238744
0.157 0.451 0.205555
0.157 0.5 0.359998
0.157 0.549 0.479969
0.157 0.598 0.429071
0.157 0.647 0.511459
0.157 0.696 0.899363
0.157 0.745 1.11349
0.157 0.794 1.03123
0.157 0.843 0.924121
0.157 0.892 1.12506
0.157 0.941 1.98428
0.157 0.99 2.84142
0.206 0.01 0.15323
0.206 0.059 0.432241
0.206 0.108 0.791679
0.206 0.157 0.780691
0.206 0.206 0.494774
0.206 0.255 0.349167
0.206 0.304 0.412557
0.206 0.353 0.387526
0.206 0.402 0.209571
0.206 0.451 0.180439
0.206 0.5 0.31601
0.206 0.549 0.421321
0.206 0.598 0.376643
0.206 0.647 0.448964
0.206 0.696 0.789469
0.206 0.745 0.977436
0.206 0.794 0.905224
0.206 0.843 0.811202
0.206 0.892 0.987585
0.206 0.941 1.74182
0.206 0.99 2.49423
0.255 0.01 0.187495
0.255 0.059 0.528898
0.255 0.108 0.968715
0.255 0.157 0.95527
0.255 0.206 0.605415
0.255 0.255 0.427248
0.255 0.304 0.504814
0.255 0.353 0.474185
0.255 0.402 0.256436
0.255 0.451 0.220788
0.255 0.5 0.386676
0.255 0.549 0.515537
0.255 0.598 0.460868
0.255 0.647 0.549361
0.255 0.696 0.966011
0.255 0.745 1.19601
0.255 0.794 1.10765
0.255 0.843 0.992604
0.255 0.892 1.20843
0.255 0.941 2.13132
0.255 0.99 3.05199
0.304 0.01 0.216191
0.304 0.059 0.609845
0.304 0.108 1.11697
0.304 0.157 1.10147
0.304 0.206 0.698072
0.304 0.255 0.492637
0.304 0.304 0.582074
0.304 0.353 0.546757
0.304 0.402 0.295683
0.304 0.451 0.254579
0.304 0.5 0.445855
0.304 0.549 0.594439
0.304 0.598 0.531402
0.304 0.647 0.633439
0.304 0.696 1.11386
0.304 0.745 1.37906
0.304 0.794 1.27717
0.304 0.843 1.14452
0.304 0.892 1.39338
0.304 0.941 2.45752
0.304 0.99 3.51909
0.353 0.01 0.221788
0.353 0.059 0.625633
0.353 0.108 1.14589
0.353 0.157 1.12999
0.353 0.206 0.716145
0.353 0.255 0.505391
0.353 0.304 0.597144
0.353 0.353 0.560913
0.353 0.402 0.303338
0.353 0.451 0.26117
0.353 0.5 0.457398
0.353 0.549 0.609829
0.353 0.598 0.54516
0.353 0.647 0.649839
0.353 0.696 1.14269
0.353 0.745 1.41476
0.353 0.794 1.31024
0.353 0.843 1.17415
0.353 0.892 1.42945
0.353 0.941 2.52114
0.353 0.99 3.61019
0.402 0.01 0.229032
0.402 0.059 0.646067
0.402 0.108 1.18332
0.402 0.157 1.16689
0.402 0.206 0.739535
0.402 0.255 0.521897
0.402 0.304 0.616646
0.402 0.353 0.579232
0.402 0.402 0.313245
0.402 0.451 0.2697
0.402 0.5 0.472337
0.402 0.549 0.629746
0.402 0.598 0.562965
0.402 0.647 0.671062
0.402 0.696 1.18001
0.402 0.745 1.46097
0.402 0.794 1.35303
0.402 0.843 1.2125
0.402 0.892 1.47614
0.402 0.941 2.60348
0.402 0.99 3.7281
0.451 0.01 0.224427
0.451 0.059 0.633078
0.451 0.108 1.15953
0.451 0.157 1.14343
0.451 0.206 0.724666
0.451 0.255 0.511404
0.451 0.304 0.604249
0.451 0.353 0.567586
0.451 0.402 0.306947
0.451 0.451 0.264278
0.451 0.5 0.462841
0.451 0.549 0.617085
0.451 0.598 0.551646
0.451 0.647 0.657571
0.451 0.696 1.15629
0.451 0.745 1.43159
0.451 0.794 1.32583
0.451 0.843 1.18812
0.451 0.892 1.44646
0.451 0.941 2.55114
0.451 0.99 3.65315
0.5 0.01 0.188646
0.5 0.059 0.532145
0.5 0.108 0.974661
0.5 0.157 0.961134
0.5 0.206 0.609131
0.5 0.255 0.42987
0.5 0.304 0.507912
0.5 0.353 0.477095
0.5 0.402 0.25801
0.5 0.451 0.222144
0.5 0.5 0.389049
0.5 0.549 0.518702
0.5 0.598 0.463697
0.5 0.647 0.552733
0.5 0.696 0.97194
0.5 0.745 1.20335
0.5 0.794 1.11445
0.5 0.843 0.998697
0.5 0.892 1.21585
0.5 0.941 2.1444
0.5 0.99 3.07072
0.549 0.01 0.157505
0.549 0.059 0.444299
0.549 0.108 0.813765
0.549 0.157 0.802471
0.549 0.206 0.508577
0.549 0.255 0.358908
0.549 0.304 0.424067
0.549 0.353 0.398337
0.549 0.402 0.215418
0.549 0.451 0.185472
0.549 0.5 0.324826
0.549 0.549 0.433075
0.549 0.598 0.38715
0.549 0.647 0.461489
0.549 0.696 0.811494
0.549 0.745 1.0047
0.549 0.794 0.930478
0.549 0.843 0.833833
0.549 0.892 1.01514
0.549 0.941 1.79041
0.549 0.99 2.56381
0.598 0.01 0.167744
0.598 0.059 0.473184
0.598 0.108 0.866669
0.598 0.157 0.85464
0.598 0.206 0.54164
0.598 0.255 0.382241
0.598 0.304 0.451636
0.598 0.353 0.424233
0.598 0.402 0.229423
0.598 0.451 0.19753
0.598 0.5 0.345943
0.598 0.549 0.46123
0.598 0.598 0.412319
0.598 0.647 0.49149
0.598 0.696 0.86425
0.598 0.745 1.07002
0.598 0.794 0.990969
0.598 0.843 0.888041
0.598 0.892 1.08113
0.598 0.941 1.90681
0.598 0.99 2.73049
0.647 0.01 0.155368
0.647 0.059 0.438273
0.647 0.108 0.802728
0.647 0.157 0.791587
0.647 0.206 0.501679
0.647 0.255 0.35404
0.647 0.304 0.418315
0.647 0.353 0.392934
0.647 0.402 0.212496
0.647 0.451 0.182957
0.647 0.5 0.32042
0.647 0.549 0.427201
0.647 0.598 0.381899
0.647 0.647 0.455229
0.647 0.696 0.800488
0.647 0.745 0.991078
0.647 0.794 0.917858
0.647 0.843 0.822524
0.647 0.892 1.00137
0.647 0.941 1.76613
0.647 0.99 2.52904
0.696 0.01 0.185346
0.696 0.059 0.522835
0.696 0.108 0.957609
0.696 0.157 0.944318
0.696 0.206 0.598474
0.696 0.255 0.42235
0.696 0.304 0.499026
0.696 0.353 0.468748
0.696 0.402 0.253496
0.696 0.451 0.218257
0.696 0.5 0.382243
0.696 0.549 0.509627
0.696 0.598 0.455584
0.696 0.647 0.543063
0.696 0.696 0.954936
0.696 0.745 1.1823
0.696 0.794 1.09495
0.696 0.843 0.981224
0.696 0.892 1.19458
0.696 0.941 2.10689
0.696 0.99 3.017
0.745 0.01 0.27869
0.745 0.059 0.786147
0.745 0.108 1.43988
0.745 0.157 1.4199
0.745 0.206 0.899881
0.745 0.255 0.635055
0.745 0.304 0.750348
0.745 0.353 0.704821
0.745 0.402 0.381163
0.745 0.451 0.328177
0.745 0.5 0.574749
0.745 0.549 0.766287
0.745 0.598 0.685027
0.745 0.647 0.816562
0.745 0.696 1.43587
0.745 0.745 1.77773
0.745 0.794 1.6464
0.745 0.843 1.47539
0.745 0.892 1.79619
0.745 0.941 3.16797
0.745 0.99 4.53643
0.794 0.01 0.298421
0.794 0.059 0.841804
0.794 0.108 1.54182
0.794 0.157 1.52042
0.794 0.206 0.96359
0.794 0.255 0.680015
0.794 0.304 0.803471
0.794 0.353 0.754721
0.794 0.402 0.408148
0.794 0.451 0.351411
0.794 0.5 0.61544
0.794 0.549 0.820538
0.794 0.598 0.733525
0.794 0.647 0.874373
0.794 0.696 1.53752
0.794 0.745 1.90359
0.794 0.794 1.76296
0.794 0.843 1.57985
0.794 0.892 1.92336
0.794 0.941 3.39225
0.794 0.99 4.8576
0.843 0.01 0.240474
0.843 0.059 0.678344
0.843 0.108 1.24244
0.843 0.157 1.22519
0.843 0.206 0.776482
0.843 0.255 0.547971
0.843 0.304 0.647454
0.843 0.353 0.608171
0.843 0.402 0.328895
0.843 0.451 0.283174
0.843 0.5 0.495935
0.843 0.549 0.661208
0.843 0.598 0.591091
0.843 0.647 0.704589
0.843 0.696 1.23897
0.843 0.745 1.53396
0.843 0.794 1.42063
0.843 0.843 1.27307
0.843 0.892 1.54988
0.843 0.941 2.73355
0.843 0.99 3.91436
0.892 0.01 0.235059
0.892 0.059 0.66307
0.892 0.108 1.21446
0.892 0.157 1.1976
0.892 0.206 0.758998
0.892 0.255 0.535633
0.892 0.304 0.632876
0.892 0.353 0.594477
0.892 0.402 0.321489
0.892 0.451 0.276798
0.892 0.5 0.484768
0.892 0.549 0.64632
0.892 0.598 0.577781
0.892 0.647 0.688724
0.892 0.696 1.21107
0.892 0.745 1.49942
0.892 0.794 1.38864
0.892 0.843 1.24441
0.892 0.892 1.51499
0.892 0.941 2.672
0.892 0.99 3.82622
0.941 0.01 0.355903
0.941 0.059 1.00395
0.941 0.108 1.83881
0.941 0.157 1.81329
0.941 0.206 1.1492
0.941 0.255 0.811001
0.941 0.304 0.958236
0.941 0.353 0.900096
0.941 0.402 0.486766
0.941 0.451 0.4191
0.941 0.5 0.733987
0.941 0.549 0.978592
0.941 0.598 0.874818
0.941 0.647 1.0428
0.941 0.696 1.83368
0.941 0.745 2.27027
0.941 0.794 2.10254
0.941 0.843 1.88416
0.941 0.892 2.29384
0.941 0.941 4.04567
0.941 0.99 5.79328
0.99 0.01 0.515154
0.99 0.059 1.45318
0.99 0.108 2.6616
0.99 0.157 2.62466
0.99 0.206 1.66341
0.99 0.255 1.17389
0.99 0.304 1.387
0.99 0.353 1.30285
0.99 0.402 0.704572
0.99 0.451 0.606629
0.99 0.5 1.06241
0.99 0.549 1.41647
0.99 0.598 1.26626
0.99 0.647 1.5094
0.99 0.696 2.65417
0.99 0.745 3.28611
0.99 0.794 3.04333
0.99 0.843 2.72724
0.99 0.892 3.32023
0.99 0.941 5.85593
0.99 0.99 8.38551
