0.01 0.01 1.238e-86
0.01 0.059 2.04092e-78
0.01 0.108 1.28822e-70
0.01 0.157 3.1126e-63
0.01 0.206 2.87889e-56
0.01 0.255 1.01928e-49
0.01 0.304 1.38144e-43
0.01 0.353 7.16703e-38
0.01 0.402 1.42336e-32
0.01 0.451 1.08209e-27
0.01 0.5 3.14903e-23
0.01 0.549 3.50803e-19
0.01 0.598 1.49596e-15
0.01 0.647 2.442e-12
0.01 0.696 1.52596e-09
0.01 0.745 3.65014e-07
0.01 0.794 3.34232e-05
0.01 0.843 0.00117154
0.01 0.892 0.0157195
0.01 0.941 0.0807401
0.01 0.99 0.158749
0.059 0.01 7.82154e-86
0.059 0.059 1.28943e-77
0.059 0.108 8.13887e-70
0.059 0.157 1.96651e-62
0.059 0.206 1.81885e-55
0.059 0.255 6.43972e-49
0.059 0.304 8.72781e-43
0.059 0.353 4.52806e-37
0.059 0.402 8.99267e-32
0.059 0.451 6.83651e-27
0.059 0.5 1.98953e-22
0.059 0.549 2.21634e-18
0.059 0.598 9.45131e-15
0.059 0.647 1.54283e-11
0.059 0.696 9.64085e-09
0.059 0.745 2.30613e-06
0.059 0.794 0.000211165
0.059 0.843 0.00740169
0.059 0.892 0.0993141
0.059 0.941 0.510108
0.059 0.99 1.00296
0.108 0.01 2.55145e-85
0.108 0.059 4.20623e-77
0.108 0.108 2.65496e-69
0.108 0.157 6.41492e-62
0.108 0.206 5.93324e-55
0.108 0.255 2.10069e-48
0.108 0.304 2.84708e-42
0.108 0.353 1.47709e-36
0.108 0.402 2.93348e-31
0.108 0.451 2.23012e-26
0.108 0.5 6.49e-22
0.108 0.549 7.22987e-18
0.108 0.598 3.08309e-14
0.108 0.647 5.03284e-11
0.108 0.696 3.14492e-08
0.108 0.745 7.52276e-06
0.108 0.794 0.000688836
0.108 0.843 0.0241449
0.108 0.892 0.32397
0.108 0.941 1.66401
0.108 0.99 3.27174
0.157 0.01 3.8819e-85
0.157 0.059 6.39957e-77
0.157 0.108 4.03939e-69
0.157 0.157 9.75998e-62
0.157 0.206 9.02713e-55
0.157 0.255 3.19609e-48
0.157 0.304 4.33169e-42
0.157 0.353 2.24732e-36
0.157 0.402 4.46314e-31
0.157 0.451 3.39302e-26
0.157 0.5 9.87421e-22
0.157 0.549 1.09999e-17
0.157 0.598 4.69077e-14
0.157 0.647 7.65721e-11
0.157 0.696 4.78484e-08
0.157 0.745 1.14455e-05
0.157 0.794 0.00104803
0.157 0.843 0.0367352
0.157 0.892 0.492905
0.157 0.941 2.53171
0.157 0.99 4.97779
0.206 0.01 5.19596e-85
0.206 0.059 8.56589e-77
0.206 0.108 5.40677e-69
0.206 0.157 1.30638e-61
0.206 0.206 1.20829e-54
0.206 0.255 4.278e-48
0.206 0.304 5.79801e-42
0.206 0.353 3.00806e-36
0.206 0.402 5.97396e-31
0.206 0.451 4.54159e-26
0.206 0.5 1.32167e-21
0.206 0.549 1.47235e-17
0.206 0.598 6.27864e-14
0.206 0.647 1.02493e-10
0.206 0.696 6.40456e-08
0.206 0.745 1.53199e-05
0.206 0.794 0.0014028
0.206 0.843 0.0491705
0.206 0.892 0.659758
0.206 0.941 3.38872
0.206 0.99 6.66282
0.255 0.01 6.77723e-85
0.255 0.059 1.11727e-76
0.255 0.108 7.05219e-69
0.255 0.157 1.70395e-61
0.255 0.206 1.57601e-54
0.255 0.255 5.57991e-48
0.255 0.304 7.56249e-42
0.255 0.353 3.92349e-36
0.255 0.402 7.79199e-31
0.255 0.451 5.92372e-26
0.255 0.5 1.72389e-21
0.255 0.549 1.92042e-17
0.255 0.598 8.1894e-14
0.255 0.647 1.33684e-10
0.255 0.696 8.35363e-08
0.255 0.745 1.99822e-05
0.255 0.794 0.00182971
0.255 0.843 0.0641343
0.255 0.892 0.860539
0.255 0.941 4.42
0.255 0.99 8.69049
0.304 0.01 5.91955e-85
0.304 0.059 9.75878e-77
0.304 0.108 6.15972e-69
0.304 0.157 1.48831e-61
0.304 0.206 1.37656e-54
0.304 0.255 4.87376e-48
0.304 0.304 6.60544e-42
0.304 0.353 3.42696e-36
0.304 0.402 6.8059e-31
0.304 0.451 5.17406e-26
0.304 0.5 1.50573e-21
0.304 0.549 1.67739e-17
0.304 0.598 7.15301e-14
0.304 0.647 1.16766e-10
0.304 0.696 7.29646e-08
0.304 0.745 1.74534e-05
0.304 0.794 0.00159815
0.304 0.843 0.056018
0.304 0.892 0.751636
0.304 0.941 3.86064
0.304 0.99 7.59069
0.353 0.01 7.73314e-85
0.353 0.059 1.27486e-76
0.353 0.108 8.04688e-69
0.353 0.157 1.94429e-61
0.353 0.206 1.7983e-54
0.353 0.255 6.36694e-48
0.353 0.304 8.62916e-42
0.353 0.353 4.47688e-36
0.353 0.402 8.89103e-31
0.353 0.451 6.75924e-26
0.353 0.5 1.96704e-21
0.353 0.549 2.19129e-17
0.353 0.598 9.34448e-14
0.353 0.647 1.52539e-10
0.353 0.696 9.53188e-08
0.353 0.745 2.28006e-05
0.353 0.794 0.00208778
0.353 0.843 0.0731802
0.353 0.892 0.981916
0.353 0.941 5.04342
0.353 0.99 9.91626
0.402 0.01 1.35929e-84
0.402 0.059 2.24089e-76
0.402 0.108 1.41444e-68
0.402 0.157 3.41757e-61
0.402 0.206 3.16096e-54
0.402 0.255 1.11915e-47
0.402 0.304 1.51679e-41
0.402 0.353 7.86925e-36
0.402 0.402 1.56282e-30
0.402 0.451 1.18811e-25
0.402 0.5 3.45757e-21
0.402 0.549 3.85174e-17
0.402 0.598 1.64253e-13
0.402 0.647 2.68126e-10
0.402 0.696 1.67547e-07
0.402 0.745 4.00778e-05
0.402 0.794 0.0036698
0.402 0.843 0.128633
0.402 0.892 1.72596
0.402 0.941 8.86509
0.402 0.99 17.4303
0.451 0.01 2.07777e-84
0.451 0.059 3.42535e-76
0.451 0.108 2.16207e-68
0.451 0.157 5.22399e-61
0.451 0.206 4.83174e-54
0.451 0.255 1.7107e-47
0.451 0.304 2.31852e-41
0.451 0.353 1.20287e-35
0.451 0.402 2.38888e-30
0.451 0.451 1.8161e-25
0.451 0.5 5.28513e-21
0.451 0.549 5.88765e-17
0.451 0.598 2.51072e-13
0.451 0.647 4.09849e-10
0.451 0.696 2.56107e-07
0.451 0.745 6.12616e-05
0.451 0.794 0.00560954
0.451 0.843 0.196624
0.451 0.892 2.63825
0.451 0.941 13.5509
0.451 0.99 26.6434
0.5 0.01 2.50509e-84
0.5 0.059 4.1298e-76
0.5 0.108 2.60672e-68
0.5 0.157 6.29836e-61
0.5 0.206 5.82544e-54
0.5 0.255 2.06252e-47
0.5 0.304 2.79535e-41
0.5 0.353 1.45025e-35
0.5 0.402 2.88018e-30
0.5 0.451 2.1896e-25
0.5 0.5 6.37208e-21
0.5 0.549 7.0985e-17
0.5 0.598 3.02707e-13
0.5 0.647 4.94139e-10
0.5 0.696 3.08778e-07
0.5 0.745 7.38607e-05
0.5 0.794 0.00676319
0.5 0.843 0.237062
0.5 0.892 3.18084
0.5 0.941 16.3378
0.5 0.99 32.1229
0.549 0.01 1.94581e-84
0.549 0.059 3.2078e-76
0.549 0.108 2.02476e-68
0.549 0.157 4.89222e-61
0.549 0.206 4.52488e-54
0.549 0.255 1.60205e-47
0.549 0.304 2.17127e-41
0.549 0.353 1.12647e-35
0.549 0.402 2.23716e-30
0.549 0.451 1.70076e-25
0.549 0.5 4.94948e-21
0.549 0.549 5.51373e-17
0.549 0.598 2.35126e-13
0.549 0.647 3.8382e-10
0.549 0.696 2.39842e-07
0.549 0.745 5.73709e-05
0.549 0.794 0.00525328
0.549 0.843 0.184136
0.549 0.892 2.4707
0.549 0.941 12.6903
0.549 0.99 24.9513
0.598 0.01 1.17237e-84
0.598 0.059 1.93273e-76
0.598 0.108 1.21993e-68
0.598 0.157 2.9476e-61
0.598 0.206 2.72627e-54
0.598 0.255 9.65247e-48
0.598 0.304 1.30821e-41
0.598 0.353 6.78709e-36
0.598 0.402 1.34791e-30
0.598 0.451 1.02472e-25
0.598 0.5 2.9821e-21
0.598 0.549 3.32206e-17
0.598 0.598 1.41665e-13
0.598 0.647 2.31254e-10
0.598 0.696 1.44506e-07
0.598 0.745 3.45664e-05
0.598 0.794 0.00316514
0.598 0.843 0.110944
0.598 0.892 1.48861
0.598 0.941 7.64599
0.598 0.99 15.0334
0.647 0.01 1.28692e-84
0.647 0.059 2.12157e-76
0.647 0.108 1.33913e-68
0.647 0.157 3.2356e-61
0.647 0.206 2.99265e-54
0.647 0.255 1.05956e-47
0.647 0.304 1.43603e-41
0.647 0.353 7.45023e-36
0.647 0.402 1.47961e-30
0.647 0.451 1.12484e-25
0.647 0.5 3.27347e-21
0.647 0.549 3.64665e-17
0.647 0.598 1.55507e-13
0.647 0.647 2.53849e-10
0.647 0.696 1.58625e-07
0.647 0.745 3.79438e-05
0.647 0.794 0.00347439
0.647 0.843 0.121783
0.647 0.892 1.63406
0.647 0.941 8.39305
0.647 0.99 16.5022
0.696 0.01 2.10199e-84
0.696 0.059 3.46528e-76
0.696 0.108 2.18727e-68
0.696 0.157 5.28489e-61
0.696 0.206 4.88806e-54
0.696 0.255 1.73064e-47
0.696 0.304 2.34555e-41
0.696 0.353 1.21689e-35
0.696 0.402 2.41673e-30
0.696 0.451 1.83727e-25
0.696 0.5 5.34675e-21
0.696 0.549 5.95628e-17
0.696 0.598 2.53999e-13
0.696 0.647 4.14627e-10
0.696 0.696 2.59092e-07
0.696 0.745 6.19758e-05
0.696 0.794 0.00567493
0.696 0.843 0.198916
0.696 0.892 2.66901
0.696 0.941 13.7089
0.696 0.99 26.954
0.745 0.01 2.98008e-84
0.745 0.059 4.91286e-76
0.745 0.108 3.10098e-68
0.745 0.157 7.49259e-61
0.745 0.206 6.93e-54
0.745 0.255 2.45359e-47
0.745 0.304 3.32537e-41
0.745 0.353 1.72523e-35
0.745 0.402 3.42629e-30
0.745 0.451 2.60477e-25
0.745 0.5 7.58028e-21
0.745 0.549 8.44445e-17
0.745 0.598 3.60103e-13
0.745 0.647 5.87832e-10
0.745 0.696 3.67325e-07
0.745 0.745 8.78654e-05
0.745 0.794 0.00804556
0.745 0.843 0.282011
0.745 0.892 3.78396
0.745 0.941 19.4356
0.745 0.99 38.2138
0.794 0.01 2.64482e-84
0.794 0.059 4.36016e-76
0.794 0.108 2.75212e-68
0.794 0.157 6.64968e-61
0.794 0.206 6.15037e-54
0.794 0.255 2.17756e-47
0.794 0.304 2.95127e-41
0.794 0.353 1.53114e-35
0.794 0.402 3.04083e-30
0.794 0.451 2.31174e-25
0.794 0.5 6.72751e-21
0.794 0.549 7.49445e-17
0.794 0.598 3.19592e-13
0.794 0.647 5.21702e-10
0.794 0.696 3.26001e-07
0.794 0.745 7.79806e-05
0.794 0.794 0.00714044
0.794 0.843 0.250285
0.794 0.892 3.35826
0.794 0.941 17.2491
0.794 0.99 33.9147
0.843 0.01 1.49625e-84
0.843 0.059 2.46666e-76
0.843 0.108 1.55695e-68
0.843 0.157 3.7619e-61
0.843 0.206 3.47943e-54
0.843 0.255 1.23191e-47
0.843 0.304 1.66961e-41
0.843 0.353 8.6621e-36
0.843 0.402 1.72028e-30
0.843 0.451 1.30781e-25
0.843 0.5 3.80593e-21
0.843 0.549 4.23981e-17
0.843 0.598 1.80802e-13
0.843 0.647 2.95141e-10
0.843 0.696 1.84428e-07
0.843 0.745 4.41157e-05
0.843 0.794 0.00403954
0.843 0.843 0.141593
0.843 0.892 1.89986
0.843 0.941 9.75827
0.843 0.99 19.1865
0.892 0.01 8.7771e-85
0.892 0.059 1.44696e-76
0.892 0.108 9.13319e-69
0.892 0.157 2.20676e-61
0.892 0.206 2.04106e-54
0.892 0.255 7.22646e-48
0.892 0.304 9.79408e-42
0.892 0.353 5.08125e-36
0.892 0.402 1.00913e-30
0.892 0.451 7.67173e-26
0.892 0.5 2.23259e-21
0.892 0.549 2.48711e-17
0.892 0.598 1.0606e-13
0.892 0.647 1.73132e-10
0.892 0.696 1.08187e-07
0.892 0.745 2.58786e-05
0.892 0.794 0.00236963
0.892 0.843 0.0830595
0.892 0.892 1.11447
0.892 0.941 5.72428
0.892 0.99 11.2549
0.941 0.01 6.56127e-85
0.941 0.059 1.08167e-76
0.941 0.108 6.82747e-69
0.941 0.157 1.64965e-61
0.941 0.206 1.52579e-54
0.941 0.255 5.4021e-48
0.941 0.304 7.32151e-42
0.941 0.353 3.79846e-36
0.941 0.402 7.5437e-31
0.941 0.451 5.73496e-26
0.941 0.5 1.66896e-21
0.941 0.549 1.85922e-17
0.941 0.598 7.92844e-14
0.941 0.647 1.29424e-10
0.941 0.696 8.08744e-08
0.941 0.745 1.93454e-05
0.941 0.794 0.0017714
0.941 0.843 0.0620906
0.941 0.892 0.833118
0.941 0.941 4.27915
0.941 0.99 8.41357
0.99 0.01 7.07073e-85
0.99 0.059 1.16566e-76
0.99 0.108 7.35759e-69
0.99 0.157 1.77774e-61
0.99 0.206 1.64426e-54
0.99 0.255 5.82155e-48
0.99 0.304 7.89e-42
0.99 0.353 4.0934e-36
0.99 0.402 8.12944e-31
0.99 0.451 6.18025e-26
0.99 0.5 1.79855e-21
0.99 0.549 2.00359e-17
0.99 0.598 8.54405e-14
0.99 0.647 1.39473e-10
0.99 0.696 8.71539e-08
0.99 0.745 2.08475e-05
0.99 0.794 0.00190894
0.99 0.843 0.0669117
0.99 0.892 0.897806
0.99 0.941 4.61141
0.99 0.99 9.06685
