0.01 0.01 3.25694e-84
0.01 0.059 5.37833e-76
0.01 0.108 3.40018e-68
0.01 0.157 8.22792e-61
0.01 0.206 7.62098e-54
0.01 0.255 2.70187e-47
0.01 0.304 3.66648e-41
0.01 0.353 1.90445e-35
0.01 0.402 3.78635e-30
0.01 0.451 2.88141e-25
0.01 0.5 8.3931e-21
0.01 0.549 9.35778e-17
0.01 0.598 3.99353e-13
0.01 0.647 6.52339e-10
0.01 0.696 4.07871e-07
0.01 0.745 9.76127e-05
0.01 0.794 0.00894175
0.01 0.843 0.313525
0.01 0.892 4.20779
0.01 0.941 21.6157
0.01 0.99 42.503
0.059 0.01 1.91739e-84
0.059 0.059 3.16627e-76
0.059 0.108 2.00172e-68
0.059 0.157 4.84386e-61
0.059 0.206 4.48654e-54
0.059 0.255 1.59062e-47
0.059 0.304 2.15849e-41
0.059 0.353 1.12117e-35
0.059 0.402 2.22906e-30
0.059 0.451 1.69631e-25
0.059 0.5 4.9411e-21
0.059 0.549 5.50902e-17
0.059 0.598 2.35103e-13
0.059 0.647 3.84038e-10
0.059 0.696 2.40118e-07
0.059 0.745 5.74655e-05
0.059 0.794 0.00526409
0.059 0.843 0.184575
0.059 0.892 2.47717
0.059 0.941 12.7254
0.059 0.99 25.0219
0.108 0.01 6.4047e-85
0.108 0.059 1.05764e-76
0.108 0.108 6.68638e-69
0.108 0.157 1.618e-61
0.108 0.206 1.49865e-54
0.108 0.255 5.31316e-48
0.108 0.304 7.21006e-42
0.108 0.353 3.74505e-36
0.108 0.402 7.44576e-31
0.108 0.451 5.66622e-26
0.108 0.5 1.65048e-21
0.108 0.549 1.84019e-17
0.108 0.598 7.85318e-14
0.108 0.647 1.28281e-10
0.108 0.696 8.0207e-08
0.108 0.745 1.91953e-05
0.108 0.794 0.00175837
0.108 0.843 0.0616539
0.108 0.892 0.827453
0.108 0.941 4.25069
0.108 0.99 8.35811
0.157 0.01 4.0978e-85
0.157 0.059 6.76688e-77
0.157 0.108 4.27803e-69
0.157 0.157 1.03522e-61
0.157 0.206 9.58853e-55
0.157 0.255 3.39942e-48
0.157 0.304 4.61308e-42
0.157 0.353 2.39613e-36
0.157 0.402 4.76389e-31
0.157 0.451 3.62532e-26
0.157 0.5 1.056e-21
0.157 0.549 1.17737e-17
0.157 0.598 5.02456e-14
0.157 0.647 8.20757e-11
0.157 0.696 5.13174e-08
0.157 0.745 1.22814e-05
0.157 0.794 0.00112503
0.157 0.843 0.0394469
0.157 0.892 0.529414
0.157 0.941 2.71964
0.157 0.99 5.34762
0.206 0.01 5.68107e-85
0.206 0.059 9.3814e-77
0.206 0.108 5.93093e-69
0.206 0.157 1.4352e-61
0.206 0.206 1.32933e-54
0.206 0.255 4.71286e-48
0.206 0.304 6.39544e-42
0.206 0.353 3.32192e-36
0.206 0.402 6.60451e-31
0.206 0.451 5.02603e-26
0.206 0.5 1.46401e-21
0.206 0.549 1.63228e-17
0.206 0.598 6.9659e-14
0.206 0.647 1.13787e-10
0.206 0.696 7.11449e-08
0.206 0.745 1.70266e-05
0.206 0.794 0.00155971
0.206 0.843 0.054688
0.206 0.892 0.733964
0.206 0.941 3.77043
0.206 0.99 7.41378
0.255 0.01 6.94106e-85
0.255 0.059 1.14621e-76
0.255 0.108 7.24633e-69
0.255 0.157 1.7535e-61
0.255 0.206 1.62415e-54
0.255 0.255 5.75811e-48
0.255 0.304 7.81386e-42
0.255 0.353 4.05868e-36
0.255 0.402 8.0693e-31
0.255 0.451 6.14074e-26
0.255 0.5 1.7887e-21
0.255 0.549 1.99429e-17
0.255 0.598 8.51084e-14
0.255 0.647 1.39024e-10
0.255 0.696 8.69239e-08
0.255 0.745 2.08028e-05
0.255 0.794 0.00190563
0.255 0.843 0.0668171
0.255 0.892 0.896748
0.255 0.941 4.60666
0.255 0.99 9.05806
0.304 0.01 4.79205e-85
0.304 0.059 7.91333e-77
0.304 0.108 5.00282e-69
0.304 0.157 1.2106e-61
0.304 0.206 1.1213e-54
0.304 0.255 3.97535e-48
0.304 0.304 5.39463e-42
0.304 0.353 2.80208e-36
0.304 0.402 5.57099e-31
0.304 0.451 4.23952e-26
0.304 0.5 1.23491e-21
0.304 0.549 1.37684e-17
0.304 0.598 5.87582e-14
0.304 0.647 9.5981e-11
0.304 0.696 6.00116e-08
0.304 0.745 1.43621e-05
0.304 0.794 0.00131563
0.304 0.843 0.04613
0.304 0.892 0.619108
0.304 0.941 3.1804
0.304 0.99 6.25362
0.353 0.01 2.22979e-85
0.353 0.059 3.68214e-77
0.353 0.108 2.32785e-69
0.353 0.157 5.63305e-62
0.353 0.206 5.21752e-55
0.353 0.255 1.84977e-48
0.353 0.304 2.51017e-42
0.353 0.353 1.30383e-36
0.353 0.402 2.59223e-31
0.353 0.451 1.97269e-26
0.353 0.5 5.74613e-22
0.353 0.549 6.40658e-18
0.353 0.598 2.73407e-14
0.353 0.647 4.46608e-11
0.353 0.696 2.79239e-08
0.353 0.745 6.68282e-06
0.353 0.794 0.000612175
0.353 0.843 0.0214647
0.353 0.892 0.288076
0.353 0.941 1.47987
0.353 0.99 2.90986
0.402 0.01 3.39142e-85
0.402 0.059 5.6004e-77
0.402 0.108 3.54058e-69
0.402 0.157 8.56765e-62
0.402 0.206 7.93565e-55
0.402 0.255 2.81343e-48
0.402 0.304 3.81787e-42
0.402 0.353 1.98308e-36
0.402 0.402 3.94268e-31
0.402 0.451 3.00038e-26
0.402 0.5 8.73965e-22
0.402 0.549 9.74416e-18
0.402 0.598 4.15842e-14
0.402 0.647 6.79274e-11
0.402 0.696 4.24712e-08
0.402 0.745 1.01643e-05
0.402 0.794 0.000931095
0.402 0.843 0.032647
0.402 0.892 0.438153
0.402 0.941 2.25082
0.402 0.99 4.42579
0.451 0.01 6.28643e-85
0.451 0.059 1.03811e-76
0.451 0.108 6.56292e-69
0.451 0.157 1.58813e-61
0.451 0.206 1.47098e-54
0.451 0.255 5.21505e-48
0.451 0.304 7.07692e-42
0.451 0.353 3.6759e-36
0.451 0.402 7.30828e-31
0.451 0.451 5.5616e-26
0.451 0.5 1.62001e-21
0.451 0.549 1.80621e-17
0.451 0.598 7.70817e-14
0.451 0.647 1.25912e-10
0.451 0.696 7.87259e-08
0.451 0.745 1.88409e-05
0.451 0.794 0.00172591
0.451 0.843 0.0605155
0.451 0.892 0.812174
0.451 0.941 4.1722
0.451 0.99 8.20378
0.5 0.01 7.49754e-85
0.5 0.059 1.2381e-76
0.5 0.108 7.8273e-69
0.5 0.157 1.89409e-61
0.5 0.206 1.75437e-54
0.5 0.255 6.21976e-48
0.5 0.304 8.44033e-42
0.5 0.353 4.38408e-36
0.5 0.402 8.71625e-31
0.5 0.451 6.63306e-26
0.5 0.5 1.93211e-21
0.5 0.549 2.15418e-17
0.5 0.598 9.19318e-14
0.5 0.647 1.5017e-10
0.5 0.696 9.38929e-08
0.5 0.745 2.24706e-05
0.5 0.794 0.00205841
0.5 0.843 0.0721741
0.5 0.892 0.968643
0.5 0.941 4.97599
0.5 0.99 9.78427
0.549 0.01 5.38315e-85
0.549 0.059 8.88943e-77
0.549 0.108 5.61991e-69
0.549 0.157 1.35993e-61
0.549 0.206 1.25961e-54
0.549 0.255 4.46571e-48
0.549 0.304 6.06005e-42
0.549 0.353 3.14771e-36
0.549 0.402 6.25816e-31
0.549 0.451 4.76246e-26
0.549 0.5 1.38723e-21
0.549 0.549 1.54668e-17
0.549 0.598 6.6006e-14
0.549 0.647 1.0782e-10
0.549 0.696 6.74139e-08
0.549 0.745 1.61337e-05
0.549 0.794 0.00147791
0.549 0.843 0.0518201
0.549 0.892 0.695474
0.549 0.941 3.5727
0.549 0.99 7.02499
0.598 0.01 4.87126e-85
0.598 0.059 8.04412e-77
0.598 0.108 5.0855e-69
0.598 0.157 1.23061e-61
0.598 0.206 1.13984e-54
0.598 0.255 4.04106e-48
0.598 0.304 5.4838e-42
0.598 0.353 2.84839e-36
0.598 0.402 5.66307e-31
0.598 0.451 4.30959e-26
0.598 0.5 1.25532e-21
0.598 0.549 1.3996e-17
0.598 0.598 5.97294e-14
0.598 0.647 9.75674e-11
0.598 0.696 6.10035e-08
0.598 0.745 1.45995e-05
0.598 0.794 0.00133738
0.598 0.843 0.0468925
0.598 0.892 0.629341
0.598 0.941 3.23297
0.598 0.99 6.35698
0.647 0.01 7.85844e-85
0.647 0.059 1.2977e-76
0.647 0.108 8.20407e-69
0.647 0.157 1.98526e-61
0.647 0.206 1.83881e-54
0.647 0.255 6.51915e-48
0.647 0.304 8.84661e-42
0.647 0.353 4.5951e-36
0.647 0.402 9.13581e-31
0.647 0.451 6.95235e-26
0.647 0.5 2.02511e-21
0.647 0.549 2.25787e-17
0.647 0.598 9.6357e-14
0.647 0.647 1.57398e-10
0.647 0.696 9.84124e-08
0.647 0.745 2.35523e-05
0.647 0.794 0.00215749
0.647 0.843 0.0756482
0.647 0.892 1.01527
0.647 0.941 5.21551
0.647 0.99 10.2552
0.696 0.01 9.78084e-85
0.696 0.059 1.61515e-76
0.696 0.108 1.0211e-68
0.696 0.157 2.47091e-61
0.696 0.206 2.28864e-54
0.696 0.255 8.11391e-48
0.696 0.304 1.10107e-41
0.696 0.353 5.7192e-36
0.696 0.402 1.13707e-30
0.696 0.451 8.65309e-26
0.696 0.5 2.52051e-21
0.696 0.549 2.81021e-17
0.696 0.598 1.19929e-13
0.696 0.647 1.95902e-10
0.696 0.696 1.22487e-07
0.696 0.745 2.93138e-05
0.696 0.794 0.00268528
0.696 0.843 0.0941539
0.696 0.892 1.26363
0.696 0.941 6.49137
0.696 0.99 12.764
0.745 0.01 1.1232e-84
0.745 0.059 1.85479e-76
0.745 0.108 1.1726e-68
0.745 0.157 2.83751e-61
0.745 0.206 2.62819e-54
0.745 0.255 9.31774e-48
0.745 0.304 1.26443e-41
0.745 0.353 6.56773e-36
0.745 0.402 1.30577e-30
0.745 0.451 9.93691e-26
0.745 0.5 2.89447e-21
0.745 0.549 3.22715e-17
0.745 0.598 1.37722e-13
0.745 0.647 2.24968e-10
0.745 0.696 1.4066e-07
0.745 0.745 3.3663e-05
0.745 0.794 0.00308368
0.745 0.843 0.108123
0.745 0.892 1.45111
0.745 0.941 7.45447
0.745 0.99 14.6577
0.794 0.01 1.48778e-84
0.794 0.059 2.45683e-76
0.794 0.108 1.55321e-68
0.794 0.157 3.75854e-61
0.794 0.206 3.48128e-54
0.794 0.255 1.23422e-47
0.794 0.304 1.67486e-41
0.794 0.353 8.69956e-36
0.794 0.402 1.72961e-30
0.794 0.451 1.31624e-25
0.794 0.5 3.83399e-21
0.794 0.549 4.27466e-17
0.794 0.598 1.82425e-13
0.794 0.647 2.9799e-10
0.794 0.696 1.86317e-07
0.794 0.745 4.45897e-05
0.794 0.794 0.00408461
0.794 0.843 0.143219
0.794 0.892 1.92213
0.794 0.941 9.87413
0.794 0.99 19.4155
0.843 0.01 1.73914e-84
0.843 0.059 2.87192e-76
0.843 0.108 1.81563e-68
0.843 0.157 4.39355e-61
0.843 0.206 4.06945e-54
0.843 0.255 1.44274e-47
0.843 0.304 1.95783e-41
0.843 0.353 1.01694e-35
0.843 0.402 2.02183e-30
0.843 0.451 1.53861e-25
0.843 0.5 4.48175e-21
0.843 0.549 4.99687e-17
0.843 0.598 2.13246e-13
0.843 0.647 3.48336e-10
0.843 0.696 2.17795e-07
0.843 0.745 5.21232e-05
0.843 0.794 0.00477471
0.843 0.843 0.167416
0.843 0.892 2.24688
0.843 0.941 11.5424
0.843 0.99 22.6957
0.892 0.01 1.95183e-84
0.892 0.059 3.22314e-76
0.892 0.108 2.03767e-68
0.892 0.157 4.93086e-61
0.892 0.206 4.56712e-54
0.892 0.255 1.61918e-47
0.892 0.304 2.19726e-41
0.892 0.353 1.1413e-35
0.892 0.402 2.26909e-30
0.892 0.451 1.72678e-25
0.892 0.5 5.02984e-21
0.892 0.549 5.60796e-17
0.892 0.598 2.39325e-13
0.892 0.647 3.90936e-10
0.892 0.696 2.4443e-07
0.892 0.745 5.84976e-05
0.892 0.794 0.00535864
0.892 0.843 0.18789
0.892 0.892 2.52166
0.892 0.941 12.954
0.892 0.99 25.4713
0.941 0.01 3.1614e-84
0.941 0.059 5.22055e-76
0.941 0.108 3.30044e-68
0.941 0.157 7.98656e-61
0.941 0.206 7.39742e-54
0.941 0.255 2.62261e-47
0.941 0.304 3.55893e-41
0.941 0.353 1.84858e-35
0.941 0.402 3.67527e-30
0.941 0.451 2.79688e-25
0.941 0.5 8.14689e-21
0.941 0.549 9.08327e-17
0.941 0.598 3.87638e-13
0.941 0.647 6.33203e-10
0.941 0.696 3.95906e-07
0.941 0.745 9.47492e-05
0.941 0.794 0.00867944
0.941 0.843 0.304327
0.941 0.892 4.08436
0.941 0.941 20.9816
0.941 0.99 41.2561
0.99 0.01 4.758e-84
0.99 0.059 7.8571e-76
0.99 0.108 4.96727e-68
0.99 0.157 1.202e-60
0.99 0.206 1.11333e-53
0.99 0.255 3.94711e-47
0.99 0.304 5.3563e-41
0.99 0.353 2.78217e-35
0.99 0.402 5.5314e-30
0.99 0.451 4.2094e-25
0.99 0.5 1.22613e-20
0.99 0.549 1.36706e-16
0.99 0.598 5.83407e-13
0.99 0.647 9.5299e-10
0.99 0.696 5.95852e-07
0.99 0.745 0.000142601
0.99 0.794 0.0130628
0.99 0.843 0.458022
0.99 0.892 6.14709
0.99 0.941 31.578
0.99 0.99 62.0918
