0.01 0.01 4.83057e-06
0.01 0.059 2.45358e-05
0.01 0.108 6.55972e-05
0.01 0.157 8.48116e-05
0.01 0.206 0.000113954
0.01 0.255 0.000152977
0.01 0.304 0.000129131
0.01 0.353 0.000148722
0.01 0.402 0.000212287
0.01 0.451 0.000229676
0.01 0.5 0.000270962
0.01 0.549 0.000380952
0.01 0.598 0.000518181
0.01 0.647 0.000554423
0.01 0.696 0.000455059
0.01 0.745 0.000355679
0.01 0.794 0.000294423
0.01 0.843 0.000288331
0.01 0.892 0.000345324
0.01 0.941 0.00053655
0.01 0.99 0.00074519
0.059 0.01 9.73604e-05
0.059 0.059 0.00049452
0.059 0.108 0.00132212
0.059 0.157 0.00170938
0.059 0.206 0.00229674
0.059 0.255 0.00308326
0.059 0.304 0.00260265
0.059 0.353 0.00299751
0.059 0.402 0.00427865
0.059 0.451 0.00462913
0.059 0.5 0.00546125
0.059 0.549 0.00767812
0.059 0.598 0.010444
0.059 0.647 0.0111744
0.059 0.696 0.00917174
0.059 0.745 0.00716874
0.059 0.794 0.00593411
0.059 0.843 0.00581133
0.059 0.892 0.00696003
0.059 0.941 0.0108142
0.059 0.99 0.0150194
0.108 0.01 0.000905957
0.108 0.059 0.0046016
0.108 0.108 0.0123025
0.108 0.157 0.0159061
0.108 0.206 0.0213716
0.108 0.255 0.0286903
0.108 0.304 0.0242182
0.108 0.353 0.0278924
0.108 0.402 0.0398136
0.108 0.451 0.0430749
0.108 0.5 0.050818
0.108 0.549 0.0714463
0.108 0.598 0.0971831
0.108 0.647 0.10398
0.108 0.696 0.0853447
0.108 0.745 0.0667065
0.108 0.794 0.055218
0.108 0.843 0.0540755
0.108 0.892 0.0647644
0.108 0.941 0.100628
0.108 0.99 0.139758
0.157 0.01 0.00323457
0.157 0.059 0.0164293
0.157 0.108 0.0439242
0.157 0.157 0.0567902
0.157 0.206 0.0763039
0.157 0.255 0.102434
0.157 0.304 0.086467
0.157 0.353 0.0995851
0.157 0.402 0.142148
0.157 0.451 0.153792
0.157 0.5 0.181437
0.157 0.549 0.255087
0.157 0.598 0.346976
0.157 0.647 0.371244
0.157 0.696 0.304709
0.157 0.745 0.238165
0.157 0.794 0.197147
0.157 0.843 0.193068
0.157 0.892 0.231231
0.157 0.941 0.359276
0.157 0.99 0.498983
0.206 0.01 0.00460419
0.206 0.059 0.0233859
0.206 0.108 0.0625231
0.206 0.157 0.080837
0.206 0.206 0.108613
0.206 0.255 0.145808
0.206 0.304 0.12308
0.206 0.353 0.141753
0.206 0.402 0.202338
0.206 0.451 0.218912
0.206 0.5 0.258263
0.206 0.549 0.363099
0.206 0.598 0.493897
0.206 0.647 0.528441
0.206 0.696 0.433733
0.206 0.745 0.339011
0.206 0.794 0.280625
0.206 0.843 0.274819
0.206 0.892 0.329141
0.206 0.941 0.511405
0.206 0.99 0.710268
0.255 0.01 0.00417972
0.255 0.059 0.02123
0.255 0.108 0.056759
0.255 0.157 0.0733846
0.255 0.206 0.0986002
0.255 0.255 0.132366
0.255 0.304 0.111733
0.255 0.353 0.128684
0.255 0.402 0.183684
0.255 0.451 0.19873
0.255 0.5 0.234454
0.255 0.549 0.329625
0.255 0.598 0.448364
0.255 0.647 0.479723
0.255 0.696 0.393747
0.255 0.745 0.307757
0.255 0.794 0.254754
0.255 0.843 0.249483
0.255 0.892 0.298797
0.255 0.941 0.464258
0.255 0.99 0.644787
0.304 0.01 0.00702686
0.304 0.059 0.0356914
0.304 0.108 0.095422
0.304 0.157 0.123373
0.304 0.206 0.165765
0.304 0.255 0.22253
0.304 0.304 0.187843
0.304 0.353 0.216341
0.304 0.402 0.308806
0.304 0.451 0.334101
0.304 0.5 0.394159
0.304 0.549 0.554158
0.304 0.598 0.75378
0.304 0.647 0.8065
0.304 0.696 0.661958
0.304 0.745 0.517395
0.304 0.794 0.428287
0.304 0.843 0.419425
0.304 0.892 0.502331
0.304 0.941 0.780501
0.304 0.99 1.084
0.353 0.01 0.00879563
0.353 0.059 0.0446754
0.353 0.108 0.119441
0.353 0.157 0.154427
0.353 0.206 0.20749
0.353 0.255 0.278545
0.353 0.304 0.235126
0.353 0.353 0.270797
0.353 0.402 0.386537
0.353 0.451 0.4182
0.353 0.5 0.493374
0.353 0.549 0.693648
0.353 0.598 0.943517
0.353 0.647 1.00951
0.353 0.696 0.828583
0.353 0.745 0.64763
0.353 0.794 0.536093
0.353 0.843 0.525001
0.353 0.892 0.628775
0.353 0.941 0.976964
0.353 0.99 1.35686
0.402 0.01 0.00455776
0.402 0.059 0.0231501
0.402 0.108 0.0618926
0.402 0.157 0.0800219
0.402 0.206 0.107518
0.402 0.255 0.144338
0.402 0.304 0.121839
0.402 0.353 0.140323
0.402 0.402 0.200298
0.402 0.451 0.216705
0.402 0.5 0.255659
0.402 0.549 0.359438
0.402 0.598 0.488916
0.402 0.647 0.523112
0.402 0.696 0.429359
0.402 0.745 0.335592
0.402 0.794 0.277795
0.402 0.843 0.272048
0.402 0.892 0.325822
0.402 0.941 0.506248
0.402 0.99 0.703106
0.451 0.01 0.00174895
0.451 0.059 0.00888338
0.451 0.108 0.02375
0.451 0.157 0.0307067
0.451 0.206 0.0412579
0.451 0.255 0.0553866
0.451 0.304 0.0467531
0.451 0.353 0.0538461
0.451 0.402 0.0768601
0.451 0.451 0.083156
0.451 0.5 0.0981039
0.451 0.549 0.137927
0.451 0.598 0.187612
0.451 0.647 0.200733
0.451 0.696 0.164758
0.451 0.745 0.128777
0.451 0.794 0.106598
0.451 0.843 0.104393
0.451 0.892 0.125028
0.451 0.941 0.194262
0.451 0.99 0.269802
0.5 0.01 0.00369135
0.5 0.059 0.0187493
0.5 0.108 0.050127
0.5 0.157 0.0648099
0.5 0.206 0.0870793
0.5 0.255 0.116899
0.5 0.304 0.0986775
0.5 0.353 0.113648
0.5 0.402 0.162222
0.5 0.451 0.17551
0.5 0.5 0.207059
0.5 0.549 0.29111
0.5 0.598 0.395975
0.5 0.647 0.42367
0.5 0.696 0.347739
0.5 0.745 0.271797
0.5 0.794 0.224987
0.5 0.843 0.220332
0.5 0.892 0.263884
0.5 0.941 0.410012
0.5 0.99 0.569447
0.549 0.01 0.00766897
0.549 0.059 0.0389528
0.549 0.108 0.104142
0.549 0.157 0.134646
0.549 0.206 0.180912
0.549 0.255 0.242865
0.549 0.304 0.205008
0.549 0.353 0.23611
0.549 0.402 0.337024
0.549 0.451 0.364631
0.549 0.5 0.430176
0.549 0.549 0.604797
0.549 0.598 0.822659
0.549 0.647 0.880198
0.549 0.696 0.722447
0.549 0.745 0.564674
0.549 0.794 0.467423
0.549 0.843 0.457752
0.549 0.892 0.548234
0.549 0.941 0.851822
0.549 0.99 1.18306
0.598 0.01 0.0105249
0.598 0.059 0.053459
0.598 0.108 0.142924
0.598 0.157 0.184789
0.598 0.206 0.248285
0.598 0.255 0.333309
0.598 0.304 0.281354
0.598 0.353 0.324039
0.598 0.402 0.462534
0.598 0.451 0.500422
0.598 0.5 0.590377
0.598 0.549 0.830026
0.598 0.598 1.12902
0.598 0.647 1.20799
0.598 0.696 0.991491
0.598 0.745 0.774961
0.598 0.794 0.641494
0.598 0.843 0.628221
0.598 0.892 0.752399
0.598 0.941 1.16905
0.598 0.99 1.62364
0.647 0.01 0.0087714
0.647 0.059 0.0445523
0.647 0.108 0.119112
0.647 0.157 0.154002
0.647 0.206 0.206918
0.647 0.255 0.277777
0.647 0.304 0.234478
0.647 0.353 0.270051
0.647 0.402 0.385472
0.647 0.451 0.417048
0.647 0.5 0.492015
0.647 0.549 0.691737
0.647 0.598 0.940918
0.647 0.647 1.00673
0.647 0.696 0.826301
0.647 0.745 0.645847
0.647 0.794 0.534616
0.647 0.843 0.523555
0.647 0.892 0.627044
0.647 0.941 0.974273
0.647 0.99 1.35313
0.696 0.01 0.00614873
0.696 0.059 0.0312311
0.696 0.108 0.0834973
0.696 0.157 0.107955
0.696 0.206 0.145049
0.696 0.255 0.194721
0.696 0.304 0.164369
0.696 0.353 0.189305
0.696 0.402 0.270215
0.696 0.451 0.292349
0.696 0.5 0.344901
0.696 0.549 0.484906
0.696 0.598 0.659581
0.696 0.647 0.705713
0.696 0.696 0.579235
0.696 0.745 0.452737
0.696 0.794 0.374765
0.696 0.843 0.36701
0.696 0.892 0.439556
0.696 0.941 0.682963
0.696 0.99 0.948537
0.745 0.01 0.00952582
0.745 0.059 0.0483842
0.745 0.108 0.129357
0.745 0.157 0.167247
0.745 0.206 0.224715
0.745 0.255 0.301669
0.745 0.304 0.254646
0.745 0.353 0.293278
0.745 0.402 0.418626
0.745 0.451 0.452918
0.745 0.5 0.534333
0.745 0.549 0.751233
0.745 0.598 1.02185
0.745 0.647 1.09332
0.745 0.696 0.89737
0.745 0.745 0.701395
0.745 0.794 0.580598
0.745 0.843 0.568585
0.745 0.892 0.680975
0.745 0.941 1.05807
0.745 0.99 1.46951
0.794 0.01 0.012687
0.794 0.059 0.0644408
0.794 0.108 0.172284
0.794 0.157 0.222749
0.794 0.206 0.299288
0.794 0.255 0.401779
0.794 0.304 0.339151
0.794 0.353 0.390604
0.794 0.402 0.557549
0.794 0.451 0.603221
0.794 0.5 0.711654
0.794 0.549 1.00053
0.794 0.598 1.36095
0.794 0.647 1.45614
0.794 0.696 1.19517
0.794 0.745 0.934157
0.794 0.794 0.773272
0.794 0.843 0.757273
0.794 0.892 0.90696
0.794 0.941 1.40919
0.794 0.99 1.95717
0.843 0.01 0.0122747
0.843 0.059 0.0623465
0.843 0.108 0.166685
0.843 0.157 0.21551
0.843 0.206 0.289561
0.843 0.255 0.388721
0.843 0.304 0.328129
0.843 0.353 0.37791
0.843 0.402 0.539429
0.843 0.451 0.583616
0.843 0.5 0.688525
0.843 0.549 0.968017
0.843 0.598 1.31672
0.843 0.647 1.40881
0.843 0.696 1.15632
0.843 0.745 0.903797
0.843 0.794 0.748142
0.843 0.843 0.732662
0.843 0.892 0.877484
0.843 0.941 1.3634
0.843 0.99 1.89356
0.892 0.01 0.0286039
0.892 0.059 0.145287
0.892 0.108 0.38843
0.892 0.157 0.502207
0.892 0.206 0.67477
0.892 0.255 0.905845
0.892 0.304 0.764644
0.892 0.353 0.88065
0.892 0.402 1.25704
0.892 0.451 1.36001
0.892 0.5 1.60448
0.892 0.549 2.25579
0.892 0.598 3.06838
0.892 0.647 3.28298
0.892 0.696 2.6946
0.892 0.745 2.10613
0.892 0.794 1.74341
0.892 0.843 1.70734
0.892 0.892 2.04482
0.892 0.941 3.17715
0.892 0.99 4.4126
0.941 0.01 0.0974379
0.941 0.059 0.494913
0.941 0.108 1.32317
0.941 0.157 1.71074
0.941 0.206 2.29857
0.941 0.255 3.08571
0.941 0.304 2.60472
0.941 0.353 2.99989
0.941 0.402 4.28205
0.941 0.451 4.63281
0.941 0.5 5.46559
0.941 0.549 7.68422
0.941 0.598 10.4523
0.941 0.647 11.1833
0.941 0.696 9.17903
0.941 0.745 7.17444
0.941 0.794 5.93883
0.941 0.843 5.81595
0.941 0.892 6.96557
0.941 0.941 10.8228
0.941 0.99 15.0313
0.99 0.01 0.175749
0.99 0.059 0.892676
0.99 0.108 2.3866
0.99 0.157 3.08567
0.99 0.206 4.14594
0.99 0.255 5.56571
0.99 0.304 4.69814
0.99 0.353 5.41091
0.99 0.402 7.72355
0.99 0.451 8.35621
0.99 0.5 9.8583
0.99 0.549 13.8601
0.99 0.598 18.8528
0.99 0.647 20.1714
0.99 0.696 16.5562
0.99 0.745 12.9406
0.99 0.794 10.7119
0.99 0.843 10.4902
0.99 0.892 12.5638
0.99 0.941 19.5211
0.99 0.99 27.112
