0.01 0.01 0.126662
0.01 0.059 0.0769144
0.01 0.108 0.0426759
0.01 0.157 0.0540044
0.01 0.206 0.0564088
0.01 0.255 0.0287787
0.01 0.304 0.00803662
0.01 0.353 0.01197
0.01 0.402 0.0314036
0.01 0.451 0.0510615
0.01 0.5 0.0517738
0.01 0.549 0.0316921
0.01 0.598 0.0321979
0.01 0.647 0.0551033
0.01 0.696 0.069984
0.01 0.745 0.0889638
0.01 0.794 0.135133
0.01 0.843 0.163299
0.01 0.892 0.17466
0.01 0.941 0.278901
0.01 0.99 0.422518
0.059 0.01 0.339535
0.059 0.059 0.206179
0.059 0.108 0.114398
0.059 0.157 0.144766
0.059 0.206 0.151211
0.059 0.255 0.0771449
0.059 0.304 0.0215432
0.059 0.353 0.0320871
0.059 0.402 0.0841813
0.059 0.451 0.136877
0.059 0.5 0.138786
0.059 0.549 0.0849548
0.059 0.598 0.0863106
0.059 0.647 0.147711
0.059 0.696 0.187601
0.059 0.745 0.238479
0.059 0.794 0.362241
0.059 0.843 0.437744
0.059 0.892 0.468198
0.059 0.941 0.747631
0.059 0.99 1.13262
0.108 0.01 0.683984
0.108 0.059 0.415343
0.108 0.108 0.230452
0.108 0.157 0.291627
0.108 0.206 0.304611
0.108 0.255 0.155407
0.108 0.304 0.0433983
0.108 0.353 0.0646387
0.108 0.402 0.169581
0.108 0.451 0.275735
0.108 0.5 0.279582
0.108 0.549 0.171139
0.108 0.598 0.173871
0.108 0.647 0.297561
0.108 0.696 0.377918
0.108 0.745 0.48041
0.108 0.794 0.729725
0.108 0.843 0.881825
0.108 0.892 0.943174
0.108 0.941 1.50609
0.108 0.99 2.28163
0.157 0.01 0.875211
0.157 0.059 0.531463
0.157 0.108 0.294882
0.157 0.157 0.37316
0.157 0.206 0.389774
0.157 0.255 0.198855
0.157 0.304 0.0555315
0.157 0.353 0.0827102
0.157 0.402 0.216992
0.157 0.451 0.352825
0.157 0.5 0.357747
0.157 0.549 0.218986
0.157 0.598 0.222481
0.157 0.647 0.380752
0.157 0.696 0.483575
0.157 0.745 0.614722
0.157 0.794 0.93374
0.157 0.843 1.12836
0.157 0.892 1.20686
0.157 0.941 1.92715
0.157 0.99 2.91952
0.206 0.01 0.614595
0.206 0.059 0.373207
0.206 0.108 0.207073
0.206 0.157 0.262042
0.206 0.206 0.273709
0.206 0.255 0.139641
0.206 0.304 0.0389956
0.206 0.353 0.0580811
0.206 0.402 0.152378
0.206 0.451 0.247762
0.206 0.5 0.251219
0.206 0.549 0.153777
0.206 0.598 0.156232
0.206 0.647 0.267374
0.206 0.696 0.339579
0.206 0.745 0.431673
0.206 0.794 0.655696
0.206 0.843 0.792365
0.206 0.892 0.84749
0.206 0.941 1.3533
0.206 0.99 2.05016
0.255 0.01 0.275874
0.255 0.059 0.167522
0.255 0.108 0.0929492
0.255 0.157 0.117623
0.255 0.206 0.12286
0.255 0.255 0.0626807
0.255 0.304 0.017504
0.255 0.353 0.0260709
0.255 0.402 0.0683979
0.255 0.451 0.111213
0.255 0.5 0.112765
0.255 0.549 0.0690263
0.255 0.598 0.0701279
0.255 0.647 0.120016
0.255 0.696 0.152427
0.255 0.745 0.193766
0.255 0.794 0.294323
0.255 0.843 0.35567
0.255 0.892 0.380414
0.255 0.941 0.607455
0.255 0.99 0.920257
0.304 0.01 0.394065
0.304 0.059 0.239292
0.304 0.108 0.132771
0.304 0.157 0.168016
0.304 0.206 0.175496
0.304 0.255 0.0895347
0.304 0.304 0.0250031
0.304 0.353 0.0372404
0.304 0.402 0.0977012
0.304 0.451 0.15886
0.304 0.5 0.161076
0.304 0.549 0.0985988
0.304 0.598 0.100172
0.304 0.647 0.171434
0.304 0.696 0.217731
0.304 0.745 0.27678
0.304 0.794 0.420418
0.304 0.843 0.508048
0.304 0.892 0.543392
0.304 0.941 0.867704
0.304 0.99 1.31452
0.353 0.01 0.767632
0.353 0.059 0.466137
0.353 0.108 0.258635
0.353 0.157 0.327292
0.353 0.206 0.341863
0.353 0.255 0.174412
0.353 0.304 0.0487057
0.353 0.353 0.0725436
0.353 0.402 0.19032
0.353 0.451 0.309456
0.353 0.5 0.313773
0.353 0.549 0.192069
0.353 0.598 0.195134
0.353 0.647 0.333951
0.353 0.696 0.424135
0.353 0.745 0.539162
0.353 0.794 0.818967
0.353 0.843 0.989668
0.353 0.892 1.05852
0.353 0.941 1.69027
0.353 0.99 2.56066
0.402 0.01 0.967294
0.402 0.059 0.58738
0.402 0.108 0.325907
0.402 0.157 0.412421
0.402 0.206 0.430783
0.402 0.255 0.219777
0.402 0.304 0.0613741
0.402 0.353 0.0914123
0.402 0.402 0.239823
0.402 0.451 0.389946
0.402 0.5 0.395386
0.402 0.549 0.242026
0.402 0.598 0.245889
0.402 0.647 0.420812
0.402 0.696 0.534453
0.402 0.745 0.679398
0.402 0.794 1.03198
0.402 0.843 1.24708
0.402 0.892 1.33384
0.402 0.941 2.12991
0.402 0.99 3.22669
0.451 0.01 0.919944
0.451 0.059 0.558627
0.451 0.108 0.309953
0.451 0.157 0.392232
0.451 0.206 0.409695
0.451 0.255 0.209019
0.451 0.304 0.0583697
0.451 0.353 0.0869376
0.451 0.402 0.228083
0.451 0.451 0.370858
0.451 0.5 0.376032
0.451 0.549 0.230179
0.451 0.598 0.233852
0.451 0.647 0.400213
0.451 0.696 0.508291
0.451 0.745 0.646141
0.451 0.794 0.981465
0.451 0.843 1.18604
0.451 0.892 1.26855
0.451 0.941 2.02565
0.451 0.99 3.06874
0.5 0.01 1.13495
0.5 0.059 0.68919
0.5 0.108 0.382396
0.5 0.157 0.483905
0.5 0.206 0.50545
0.5 0.255 0.257871
0.5 0.304 0.072012
0.5 0.353 0.107257
0.5 0.402 0.281391
0.5 0.451 0.457535
0.5 0.5 0.463918
0.5 0.549 0.283976
0.5 0.598 0.288508
0.5 0.647 0.493751
0.5 0.696 0.62709
0.5 0.745 0.797158
0.5 0.794 1.21085
0.5 0.843 1.46324
0.5 0.892 1.56503
0.5 0.941 2.49909
0.5 0.99 3.78597
0.549 0.01 1.47606
0.549 0.059 0.896324
0.549 0.108 0.497324
0.549 0.157 0.629342
0.549 0.206 0.657361
0.549 0.255 0.335373
0.549 0.304 0.093655
0.549 0.353 0.139492
0.549 0.402 0.365962
0.549 0.451 0.595046
0.549 0.5 0.603347
0.549 0.549 0.369325
0.549 0.598 0.375219
0.549 0.647 0.642147
0.549 0.696 0.81556
0.549 0.745 1.03674
0.549 0.794 1.57477
0.549 0.843 1.90301
0.549 0.892 2.0354
0.549 0.941 3.25018
0.549 0.99 4.92383
0.598 0.01 1.57398
0.598 0.059 0.955786
0.598 0.108 0.530316
0.598 0.157 0.671092
0.598 0.206 0.70097
0.598 0.255 0.357621
0.598 0.304 0.099868
0.598 0.353 0.148746
0.598 0.402 0.39024
0.598 0.451 0.634521
0.598 0.5 0.643373
0.598 0.549 0.393825
0.598 0.598 0.400111
0.598 0.647 0.684747
0.598 0.696 0.869664
0.598 0.745 1.10552
0.598 0.794 1.67924
0.598 0.843 2.02925
0.598 0.892 2.17043
0.598 0.941 3.4658
0.598 0.99 5.25047
0.647 0.01 1.41836
0.647 0.059 0.861283
0.647 0.108 0.477881
0.647 0.157 0.604738
0.647 0.206 0.631662
0.647 0.255 0.322262
0.647 0.304 0.0899936
0.647 0.353 0.134039
0.647 0.402 0.351655
0.647 0.451 0.571783
0.647 0.5 0.57976
0.647 0.549 0.354886
0.647 0.598 0.36055
0.647 0.647 0.617042
0.647 0.696 0.783676
0.647 0.745 0.99621
0.647 0.794 1.51321
0.647 0.843 1.82861
0.647 0.892 1.95583
0.647 0.941 3.12312
0.647 0.99 4.73133
0.696 0.01 1.3131
0.696 0.059 0.797367
0.696 0.108 0.442418
0.696 0.157 0.55986
0.696 0.206 0.584786
0.696 0.255 0.298347
0.696 0.304 0.0833151
0.696 0.353 0.124092
0.696 0.402 0.325559
0.696 0.451 0.529351
0.696 0.5 0.536736
0.696 0.549 0.32855
0.696 0.598 0.333793
0.696 0.647 0.571252
0.696 0.696 0.725519
0.696 0.745 0.922281
0.696 0.794 1.40091
0.696 0.843 1.69291
0.696 0.892 1.81069
0.696 0.941 2.89135
0.696 0.99 4.38022
0.745 0.01 1.22367
0.745 0.059 0.743065
0.745 0.108 0.412288
0.745 0.157 0.521733
0.745 0.206 0.544961
0.745 0.255 0.278029
0.745 0.304 0.0776412
0.745 0.353 0.115641
0.745 0.402 0.303388
0.745 0.451 0.493301
0.745 0.5 0.500183
0.745 0.549 0.306175
0.745 0.598 0.311061
0.745 0.647 0.532348
0.745 0.696 0.67611
0.745 0.745 0.859473
0.745 0.794 1.30551
0.745 0.843 1.57762
0.745 0.892 1.68737
0.745 0.941 2.69445
0.745 0.99 4.08192
0.794 0.01 1.20394
0.794 0.059 0.73108
0.794 0.108 0.405639
0.794 0.157 0.513318
0.794 0.206 0.536172
0.794 0.255 0.273544
0.794 0.304 0.076389
0.794 0.353 0.113776
0.794 0.402 0.298494
0.794 0.451 0.485345
0.794 0.5 0.492116
0.794 0.549 0.301237
0.794 0.598 0.306044
0.794 0.647 0.523762
0.794 0.696 0.665205
0.794 0.745 0.84561
0.794 0.794 1.28445
0.794 0.843 1.55218
0.794 0.892 1.66016
0.794 0.941 2.65099
0.794 0.99 4.01608
0.843 0.01 1.3956
0.843 0.059 0.847462
0.843 0.108 0.470213
0.843 0.157 0.595034
0.843 0.206 0.621526
0.843 0.255 0.31709
0.843 0.304 0.0885495
0.843 0.353 0.131888
0.843 0.402 0.346012
0.843 0.451 0.562608
0.843 0.5 0.570456
0.843 0.549 0.349191
0.843 0.598 0.354764
0.843 0.647 0.607141
0.843 0.696 0.7711
0.843 0.745 0.980224
0.843 0.794 1.48892
0.843 0.843 1.79927
0.843 0.892 1.92444
0.843 0.941 3.073
0.843 0.99 4.65541
0.892 0.01 2.19329
0.892 0.059 1.33185
0.892 0.108 0.738976
0.892 0.157 0.935142
0.892 0.206 0.976776
0.892 0.255 0.498332
0.892 0.304 0.139162
0.892 0.353 0.207272
0.892 0.402 0.543785
0.892 0.451 0.884182
0.892 0.5 0.896517
0.892 0.549 0.548781
0.892 0.598 0.557539
0.892 0.647 0.954169
0.892 0.696 1.21184
0.892 0.745 1.5405
0.892 0.794 2.33996
0.892 0.843 2.82769
0.892 0.892 3.02441
0.892 0.941 4.82946
0.892 0.99 7.31634
0.941 0.01 4.8032
0.941 0.059 2.9167
0.941 0.108 1.61833
0.941 0.157 2.04792
0.941 0.206 2.1391
0.941 0.255 1.09133
0.941 0.304 0.304759
0.941 0.353 0.453917
0.941 0.402 1.19087
0.941 0.451 1.93632
0.941 0.5 1.96333
0.941 0.549 1.20181
0.941 0.598 1.22099
0.941 0.647 2.08959
0.941 0.696 2.65388
0.941 0.745 3.37362
0.941 0.794 5.12441
0.941 0.843 6.19252
0.941 0.892 6.62333
0.941 0.941 10.5763
0.941 0.99 16.0225
0.99 0.01 7.577
0.99 0.059 4.60106
0.99 0.108 2.55289
0.99 0.157 3.23057
0.99 0.206 3.3744
0.99 0.255 1.72156
0.99 0.304 0.480755
0.99 0.353 0.71605
0.99 0.402 1.87858
0.99 0.451 3.05452
0.99 0.5 3.09714
0.99 0.549 1.89584
0.99 0.598 1.92609
0.99 0.647 3.29631
0.99 0.696 4.18648
0.99 0.745 5.32186
0.99 0.794 8.08371
0.99 0.843 9.76863
0.99 0.892 10.4482
0.99 0.941 16.684
0.99 0.99 25.2753
