0.01 0.01 2.95862e-88
0.01 0.059 4.87749e-80
0.01 0.108 3.07866e-72
0.01 0.157 7.43865e-65
0.01 0.206 6.88011e-58
0.01 0.255 2.43593e-51
0.01 0.304 3.30143e-45
0.01 0.353 1.71281e-39
0.01 0.402 3.40162e-34
0.01 0.451 2.58602e-29
0.01 0.5 7.52571e-25
0.01 0.549 8.38366e-21
0.01 0.598 3.57511e-17
0.01 0.647 5.83601e-14
0.01 0.696 3.64681e-11
0.01 0.745 8.72329e-09
0.01 0.794 7.98764e-07
0.01 0.843 2.79981e-05
0.01 0.892 0.000375671
0.01 0.941 0.00192957
0.01 0.99 0.00379387
0.059 0.01 6.20484e-87
0.059 0.059 1.02291e-78
0.059 0.108 6.45658e-71
0.059 0.157 1.56004e-63
0.059 0.206 1.4429e-56
0.059 0.255 5.10864e-50
0.059 0.304 6.92379e-44
0.059 0.353 3.59212e-38
0.059 0.402 7.1339e-33
0.059 0.451 5.42342e-28
0.059 0.5 1.5783e-23
0.059 0.549 1.75823e-19
0.059 0.598 7.49774e-16
0.059 0.647 1.22393e-12
0.059 0.696 7.64811e-10
0.059 0.745 1.82945e-07
0.059 0.794 1.67517e-05
0.059 0.843 0.000587177
0.059 0.892 0.00787861
0.059 0.941 0.040467
0.059 0.99 0.0795652
0.108 0.01 6.04708e-86
0.108 0.059 9.96902e-78
0.108 0.108 6.29242e-70
0.108 0.157 1.52037e-62
0.108 0.206 1.40621e-55
0.108 0.255 4.97875e-49
0.108 0.304 6.74775e-43
0.108 0.353 3.50079e-37
0.108 0.402 6.95252e-32
0.108 0.451 5.28552e-27
0.108 0.5 1.53817e-22
0.108 0.549 1.71352e-18
0.108 0.598 7.30711e-15
0.108 0.647 1.19281e-11
0.108 0.696 7.45365e-09
0.108 0.745 1.78294e-06
0.108 0.794 0.000163258
0.108 0.843 0.00572248
0.108 0.892 0.0767829
0.108 0.941 0.394381
0.108 0.99 0.775422
0.157 0.01 2.37777e-85
0.157 0.059 3.91991e-77
0.157 0.108 2.47423e-69
0.157 0.157 5.97824e-62
0.157 0.206 5.52936e-55
0.157 0.255 1.95769e-48
0.157 0.304 2.65327e-42
0.157 0.353 1.37654e-36
0.157 0.402 2.73379e-31
0.157 0.451 2.07832e-26
0.157 0.5 6.04821e-22
0.157 0.549 6.73772e-18
0.157 0.598 2.87322e-14
0.157 0.647 4.69024e-11
0.157 0.696 2.93084e-08
0.157 0.745 7.01067e-06
0.157 0.794 0.000641945
0.157 0.843 0.0225013
0.157 0.892 0.301917
0.157 0.941 1.55074
0.157 0.99 3.04903
0.206 0.01 4.6048e-85
0.206 0.059 7.59131e-77
0.206 0.108 4.79162e-69
0.206 0.157 1.15775e-61
0.206 0.206 1.07082e-54
0.206 0.255 3.79127e-48
0.206 0.304 5.13834e-42
0.206 0.353 2.66582e-36
0.206 0.402 5.29428e-31
0.206 0.451 4.02488e-26
0.206 0.5 1.1713e-21
0.206 0.549 1.30483e-17
0.206 0.598 5.56429e-14
0.206 0.647 9.08315e-11
0.206 0.696 5.67588e-08
0.206 0.745 1.35769e-05
0.206 0.794 0.0012432
0.206 0.843 0.0435761
0.206 0.892 0.584694
0.206 0.941 3.00317
0.206 0.99 5.90476
0.255 0.01 6.56605e-85
0.255 0.059 1.08246e-76
0.255 0.108 6.83244e-69
0.255 0.157 1.65085e-61
0.255 0.206 1.5269e-54
0.255 0.255 5.40604e-48
0.255 0.304 7.32684e-42
0.255 0.353 3.80123e-36
0.255 0.402 7.54919e-31
0.255 0.451 5.73913e-26
0.255 0.5 1.67018e-21
0.255 0.549 1.86058e-17
0.255 0.598 7.93421e-14
0.255 0.647 1.29518e-10
0.255 0.696 8.09333e-08
0.255 0.745 1.93595e-05
0.255 0.794 0.00177269
0.255 0.843 0.0621359
0.255 0.892 0.833725
0.255 0.941 4.28227
0.255 0.99 8.41969
0.304 0.01 6.77289e-85
0.304 0.059 1.11656e-76
0.304 0.108 7.04767e-69
0.304 0.157 1.70286e-61
0.304 0.206 1.575e-54
0.304 0.255 5.57633e-48
0.304 0.304 7.55765e-42
0.304 0.353 3.92097e-36
0.304 0.402 7.787e-31
0.304 0.451 5.91993e-26
0.304 0.5 1.72279e-21
0.304 0.549 1.91919e-17
0.304 0.598 8.18415e-14
0.304 0.647 1.33598e-10
0.304 0.696 8.34828e-08
0.304 0.745 1.99694e-05
0.304 0.794 0.00182853
0.304 0.843 0.0640932
0.304 0.892 0.859988
0.304 0.941 4.41717
0.304 0.99 8.68493
0.353 0.01 5.67345e-85
0.353 0.059 9.35307e-77
0.353 0.108 5.90363e-69
0.353 0.157 1.42644e-61
0.353 0.206 1.31933e-54
0.353 0.255 4.67113e-48
0.353 0.304 6.33083e-42
0.353 0.353 3.28449e-36
0.353 0.402 6.52295e-31
0.353 0.451 4.95895e-26
0.353 0.5 1.44313e-21
0.353 0.549 1.60765e-17
0.353 0.598 6.85563e-14
0.353 0.647 1.11911e-10
0.353 0.696 6.99311e-08
0.353 0.745 1.67278e-05
0.353 0.794 0.00153171
0.353 0.843 0.0536891
0.353 0.892 0.720387
0.353 0.941 3.70013
0.353 0.99 7.27511
0.402 0.01 9.99073e-85
0.402 0.059 1.64704e-76
0.402 0.108 1.03961e-68
0.402 0.157 2.5119e-61
0.402 0.206 2.32329e-54
0.402 0.255 8.22568e-48
0.402 0.304 1.11483e-41
0.402 0.353 5.78385e-36
0.402 0.402 1.14867e-30
0.402 0.451 8.73252e-26
0.402 0.5 2.5413e-21
0.402 0.549 2.83101e-17
0.402 0.598 1.20725e-13
0.402 0.647 1.97071e-10
0.402 0.696 1.23146e-07
0.402 0.745 2.94569e-05
0.402 0.794 0.00269728
0.402 0.843 0.0945443
0.402 0.892 1.26857
0.402 0.941 6.51579
0.402 0.99 12.8112
0.451 0.01 1.73927e-84
0.451 0.059 2.86731e-76
0.451 0.108 1.80984e-68
0.451 0.157 4.37293e-61
0.451 0.206 4.04458e-54
0.451 0.255 1.432e-47
0.451 0.304 1.9408e-41
0.451 0.353 1.0069e-35
0.451 0.402 1.9997e-30
0.451 0.451 1.52023e-25
0.451 0.5 4.42411e-21
0.451 0.549 4.92846e-17
0.451 0.598 2.10168e-13
0.451 0.647 3.43079e-10
0.451 0.696 2.14383e-07
0.451 0.745 5.12812e-05
0.451 0.794 0.00469566
0.451 0.843 0.164591
0.451 0.892 2.20844
0.451 0.941 11.3433
0.451 0.99 22.3028
0.5 0.01 2.05291e-84
0.5 0.059 3.38436e-76
0.5 0.108 2.1362e-68
0.5 0.157 5.16148e-61
0.5 0.206 4.77392e-54
0.5 0.255 1.69022e-47
0.5 0.304 2.29078e-41
0.5 0.353 1.18847e-35
0.5 0.402 2.36029e-30
0.5 0.451 1.79437e-25
0.5 0.5 5.22189e-21
0.5 0.549 5.81719e-17
0.5 0.598 2.48067e-13
0.5 0.647 4.04945e-10
0.5 0.696 2.53042e-07
0.5 0.745 6.05285e-05
0.5 0.794 0.00554241
0.5 0.843 0.194271
0.5 0.892 2.60668
0.5 0.941 13.3887
0.5 0.99 26.3246
0.549 0.01 1.6601e-84
0.549 0.059 2.73679e-76
0.549 0.108 1.72745e-68
0.549 0.157 4.17387e-61
0.549 0.206 3.86047e-54
0.549 0.255 1.36681e-47
0.549 0.304 1.85246e-41
0.549 0.353 9.61069e-36
0.549 0.402 1.90867e-30
0.549 0.451 1.45103e-25
0.549 0.5 4.22273e-21
0.549 0.549 4.70412e-17
0.549 0.598 2.00602e-13
0.549 0.647 3.27462e-10
0.549 0.696 2.04625e-07
0.549 0.745 4.89469e-05
0.549 0.794 0.00448192
0.549 0.843 0.157099
0.549 0.892 2.10792
0.549 0.941 10.8269
0.549 0.99 21.2876
0.598 0.01 1.12412e-84
0.598 0.059 1.85319e-76
0.598 0.108 1.16973e-68
0.598 0.157 2.8263e-61
0.598 0.206 2.61408e-54
0.598 0.255 9.25526e-48
0.598 0.304 1.25437e-41
0.598 0.353 6.50779e-36
0.598 0.402 1.29244e-30
0.598 0.451 9.82553e-26
0.598 0.5 2.85938e-21
0.598 0.549 3.18535e-17
0.598 0.598 1.35836e-13
0.598 0.647 2.21738e-10
0.598 0.696 1.3856e-07
0.598 0.745 3.3144e-05
0.598 0.794 0.00303489
0.598 0.843 0.106378
0.598 0.892 1.42736
0.598 0.941 7.33134
0.598 0.99 14.4147
0.647 0.01 1.01534e-84
0.647 0.059 1.67386e-76
0.647 0.108 1.05654e-68
0.647 0.157 2.5528e-61
0.647 0.206 2.36112e-54
0.647 0.255 8.35963e-48
0.647 0.304 1.13299e-41
0.647 0.353 5.87804e-36
0.647 0.402 1.16737e-30
0.647 0.451 8.87472e-26
0.647 0.5 2.58268e-21
0.647 0.549 2.87711e-17
0.647 0.598 1.22691e-13
0.647 0.647 2.0028e-10
0.647 0.696 1.25151e-07
0.647 0.745 2.99366e-05
0.647 0.794 0.0027412
0.647 0.843 0.0960839
0.647 0.892 1.28923
0.647 0.941 6.62189
0.647 0.99 13.0198
0.696 0.01 1.00095e-84
0.696 0.059 1.65014e-76
0.696 0.108 1.04156e-68
0.696 0.157 2.51662e-61
0.696 0.206 2.32766e-54
0.696 0.255 8.24116e-48
0.696 0.304 1.11693e-41
0.696 0.353 5.79473e-36
0.696 0.402 1.15083e-30
0.696 0.451 8.74895e-26
0.696 0.5 2.54608e-21
0.696 0.549 2.83633e-17
0.696 0.598 1.20952e-13
0.696 0.647 1.97442e-10
0.696 0.696 1.23378e-07
0.696 0.745 2.95124e-05
0.696 0.794 0.00270235
0.696 0.843 0.0947222
0.696 0.892 1.27096
0.696 0.941 6.52805
0.696 0.99 12.8353
0.745 0.01 1.17394e-84
0.745 0.059 1.93532e-76
0.745 0.108 1.22157e-68
0.745 0.157 2.95156e-61
0.745 0.206 2.72994e-54
0.745 0.255 9.66544e-48
0.745 0.304 1.30997e-41
0.745 0.353 6.79621e-36
0.745 0.402 1.34972e-30
0.745 0.451 1.0261e-25
0.745 0.5 2.9861e-21
0.745 0.549 3.32652e-17
0.745 0.598 1.41856e-13
0.745 0.647 2.31565e-10
0.745 0.696 1.447e-07
0.745 0.745 3.46129e-05
0.745 0.794 0.00316939
0.745 0.843 0.111093
0.745 0.892 1.49061
0.745 0.941 7.65626
0.745 0.99 15.0536
0.794 0.01 1.82134e-84
0.794 0.059 3.0026e-76
0.794 0.108 1.89523e-68
0.794 0.157 4.57926e-61
0.794 0.206 4.23541e-54
0.794 0.255 1.49956e-47
0.794 0.304 2.03237e-41
0.794 0.353 1.05441e-35
0.794 0.402 2.09405e-30
0.794 0.451 1.59196e-25
0.794 0.5 4.63285e-21
0.794 0.549 5.161e-17
0.794 0.598 2.20085e-13
0.794 0.647 3.59266e-10
0.794 0.696 2.24498e-07
0.794 0.745 5.37008e-05
0.794 0.794 0.00491722
0.794 0.843 0.172357
0.794 0.892 2.31264
0.794 0.941 11.8785
0.794 0.99 23.3551
0.843 0.01 3.15038e-84
0.843 0.059 5.19361e-76
0.843 0.108 3.27819e-68
0.843 0.157 7.92077e-61
0.843 0.206 7.32603e-54
0.843 0.255 2.59381e-47
0.843 0.304 3.51541e-41
0.843 0.353 1.82382e-35
0.843 0.402 3.62209e-30
0.843 0.451 2.75363e-25
0.843 0.5 8.01348e-21
0.843 0.549 8.92703e-17
0.843 0.598 3.80682e-13
0.843 0.647 6.21426e-10
0.843 0.696 3.88317e-07
0.843 0.745 9.28867e-05
0.843 0.794 0.00850535
0.843 0.843 0.298127
0.843 0.892 4.0002
0.843 0.941 20.5463
0.843 0.99 40.3976
0.892 0.01 3.56668e-84
0.892 0.059 5.8799e-76
0.892 0.108 3.71138e-68
0.892 0.157 8.96743e-61
0.892 0.206 8.2941e-54
0.892 0.255 2.93656e-47
0.892 0.304 3.97994e-41
0.892 0.353 2.06483e-35
0.892 0.402 4.10072e-30
0.892 0.451 3.1175e-25
0.892 0.5 9.07239e-21
0.892 0.549 1.01067e-16
0.892 0.598 4.30986e-13
0.892 0.647 7.03542e-10
0.892 0.696 4.39629e-07
0.892 0.745 0.000105161
0.892 0.794 0.00962925
0.892 0.843 0.337522
0.892 0.892 4.52879
0.892 0.941 23.2613
0.892 0.99 45.7358
0.941 0.01 2.10026e-84
0.941 0.059 3.46241e-76
0.941 0.108 2.18546e-68
0.941 0.157 5.28052e-61
0.941 0.206 4.88402e-54
0.941 0.255 1.72921e-47
0.941 0.304 2.34361e-41
0.941 0.353 1.21588e-35
0.941 0.402 2.41473e-30
0.941 0.451 1.83575e-25
0.941 0.5 5.34232e-21
0.941 0.549 5.95136e-17
0.941 0.598 2.53788e-13
0.941 0.647 4.14284e-10
0.941 0.696 2.58878e-07
0.941 0.745 6.19245e-05
0.941 0.794 0.00567024
0.941 0.843 0.198751
0.941 0.892 2.6668
0.941 0.941 13.6975
0.941 0.99 26.9317
0.99 0.01 1.14091e-84
0.99 0.059 1.88086e-76
0.99 0.108 1.18719e-68
0.99 0.157 2.8685e-61
0.99 0.206 2.65311e-54
0.99 0.255 9.39344e-48
0.99 0.304 1.2731e-41
0.99 0.353 6.60495e-36
0.99 0.402 1.31174e-30
0.99 0.451 9.97223e-26
0.99 0.5 2.90207e-21
0.99 0.549 3.23291e-17
0.99 0.598 1.37864e-13
0.99 0.647 2.25048e-10
0.99 0.696 1.40628e-07
0.99 0.745 3.36388e-05
0.99 0.794 0.0030802
0.99 0.843 0.107966
0.99 0.892 1.44867
0.99 0.941 7.4408
0.99 0.99 14.6299
