0.01 0.01 2.01132e-85
0.01 0.059 3.3158e-77
0.01 0.108 2.09292e-69
0.01 0.157 5.05692e-62
0.01 0.206 4.67721e-55
0.01 0.255 1.65599e-48
0.01 0.304 2.24437e-42
0.01 0.353 1.1644e-36
0.01 0.402 2.31248e-31
0.01 0.451 1.75802e-26
0.01 0.5 5.11611e-22
0.01 0.549 5.69935e-18
0.01 0.598 2.43042e-14
0.01 0.647 3.96742e-11
0.01 0.696 2.47916e-08
0.01 0.745 5.93024e-06
0.01 0.794 0.000543014
0.01 0.843 0.0190336
0.01 0.892 0.255388
0.01 0.941 1.31175
0.01 0.99 2.57913
0.059 0.01 7.09562e-85
0.059 0.059 1.16976e-76
0.059 0.108 7.3835e-69
0.059 0.157 1.784e-61
0.059 0.206 1.65005e-54
0.059 0.255 5.84205e-48
0.059 0.304 7.91778e-42
0.059 0.353 4.10781e-36
0.059 0.402 8.15806e-31
0.059 0.451 6.20202e-26
0.059 0.5 1.80488e-21
0.059 0.549 2.01064e-17
0.059 0.598 8.57413e-14
0.059 0.647 1.39964e-10
0.059 0.696 8.74608e-08
0.059 0.745 2.09209e-05
0.059 0.794 0.00191566
0.059 0.843 0.0671473
0.059 0.892 0.900967
0.059 0.941 4.62765
0.059 0.99 9.09877
0.108 0.01 1.60999e-84
0.108 0.059 2.65417e-76
0.108 0.108 1.67531e-68
0.108 0.157 4.04788e-61
0.108 0.206 3.74394e-54
0.108 0.255 1.32555e-47
0.108 0.304 1.79654e-41
0.108 0.353 9.32058e-36
0.108 0.402 1.85105e-30
0.108 0.451 1.40723e-25
0.108 0.5 4.09525e-21
0.108 0.549 4.56212e-17
0.108 0.598 1.94546e-13
0.108 0.647 3.17577e-10
0.108 0.696 1.98448e-07
0.108 0.745 4.74694e-05
0.108 0.794 0.00434662
0.108 0.843 0.152357
0.108 0.892 2.04428
0.108 0.941 10.5001
0.108 0.99 20.645
0.157 0.01 1.82136e-84
0.157 0.059 3.00264e-76
0.157 0.108 1.89526e-68
0.157 0.157 4.57932e-61
0.157 0.206 4.23547e-54
0.157 0.255 1.49959e-47
0.157 0.304 2.0324e-41
0.157 0.353 1.05443e-35
0.157 0.402 2.09408e-30
0.157 0.451 1.59198e-25
0.157 0.5 4.63292e-21
0.157 0.549 5.16108e-17
0.157 0.598 2.20088e-13
0.157 0.647 3.59271e-10
0.157 0.696 2.24502e-07
0.157 0.745 5.37016e-05
0.157 0.794 0.00491729
0.157 0.843 0.172359
0.157 0.892 2.31268
0.157 0.941 11.8786
0.157 0.99 23.3555
0.206 0.01 1.32735e-84
0.206 0.059 2.18823e-76
0.206 0.108 1.38121e-68
0.206 0.157 3.33727e-61
0.206 0.206 3.08668e-54
0.206 0.255 1.09285e-47
0.206 0.304 1.48115e-41
0.206 0.353 7.68434e-36
0.206 0.402 1.5261e-30
0.206 0.451 1.16019e-25
0.206 0.5 3.37633e-21
0.206 0.549 3.76124e-17
0.206 0.598 1.60393e-13
0.206 0.647 2.61826e-10
0.206 0.696 1.6361e-07
0.206 0.745 3.91361e-05
0.206 0.794 0.00358357
0.206 0.843 0.12561
0.206 0.892 1.68541
0.206 0.941 8.65678
0.206 0.99 17.0208
0.255 0.01 9.46107e-85
0.255 0.059 1.55972e-76
0.255 0.108 9.84491e-69
0.255 0.157 2.37873e-61
0.255 0.206 2.20012e-54
0.255 0.255 7.7896e-48
0.255 0.304 1.05573e-41
0.255 0.353 5.47722e-36
0.255 0.402 1.08777e-30
0.255 0.451 8.26956e-26
0.255 0.5 2.40657e-21
0.255 0.549 2.68092e-17
0.255 0.598 1.14325e-13
0.255 0.647 1.86624e-10
0.255 0.696 1.16617e-07
0.255 0.745 2.78953e-05
0.255 0.794 0.00255428
0.255 0.843 0.089532
0.255 0.892 1.20132
0.255 0.941 6.17035
0.255 0.99 12.132
0.304 0.01 5.28639e-85
0.304 0.059 8.71497e-77
0.304 0.108 5.50086e-69
0.304 0.157 1.32912e-61
0.304 0.206 1.22932e-54
0.304 0.255 4.35245e-48
0.304 0.304 5.89891e-42
0.304 0.353 3.06041e-36
0.304 0.402 6.07793e-31
0.304 0.451 4.62063e-26
0.304 0.5 1.34467e-21
0.304 0.549 1.49797e-17
0.304 0.598 6.38791e-14
0.304 0.647 1.04276e-10
0.304 0.696 6.51602e-08
0.304 0.745 1.55865e-05
0.304 0.794 0.00142721
0.304 0.843 0.0500262
0.304 0.892 0.67124
0.304 0.941 3.4477
0.304 0.99 6.77878
0.353 0.01 2.48125e-85
0.353 0.059 4.09051e-77
0.353 0.108 2.58192e-69
0.353 0.157 6.23843e-62
0.353 0.206 5.77001e-55
0.353 0.255 2.04289e-48
0.353 0.304 2.76875e-42
0.353 0.353 1.43645e-36
0.353 0.402 2.85277e-31
0.353 0.451 2.16877e-26
0.353 0.5 6.31145e-22
0.353 0.549 7.03096e-18
0.353 0.598 2.99827e-14
0.353 0.647 4.89437e-11
0.353 0.696 3.0584e-08
0.353 0.745 7.31579e-06
0.353 0.794 0.000669884
0.353 0.843 0.0234806
0.353 0.892 0.315057
0.353 0.941 1.61823
0.353 0.99 3.18173
0.402 0.01 4.01488e-85
0.402 0.059 6.61881e-77
0.402 0.108 4.17777e-69
0.402 0.157 1.00943e-61
0.402 0.206 9.33638e-55
0.402 0.255 3.30558e-48
0.402 0.304 4.48008e-42
0.402 0.353 2.3243e-36
0.402 0.402 4.61604e-31
0.402 0.451 3.50926e-26
0.402 0.5 1.02125e-21
0.402 0.549 1.13767e-17
0.402 0.598 4.85146e-14
0.402 0.647 7.91953e-11
0.402 0.696 4.94876e-08
0.402 0.745 1.18376e-05
0.402 0.794 0.00108393
0.402 0.843 0.0379937
0.402 0.892 0.50979
0.402 0.941 2.61844
0.402 0.99 5.14832
0.451 0.01 7.09037e-85
0.451 0.059 1.1689e-76
0.451 0.108 7.37804e-69
0.451 0.157 1.78268e-61
0.451 0.206 1.64883e-54
0.451 0.255 5.83773e-48
0.451 0.304 7.91192e-42
0.451 0.353 4.10477e-36
0.451 0.402 8.15203e-31
0.451 0.451 6.19743e-26
0.451 0.5 1.80355e-21
0.451 0.549 2.00915e-17
0.451 0.598 8.56779e-14
0.451 0.647 1.39861e-10
0.451 0.696 8.73961e-08
0.451 0.745 2.09055e-05
0.451 0.794 0.00191425
0.451 0.843 0.0670977
0.451 0.892 0.900301
0.451 0.941 4.62423
0.451 0.99 9.09204
0.5 0.01 7.44763e-85
0.5 0.059 1.22779e-76
0.5 0.108 7.74979e-69
0.5 0.157 1.8725e-61
0.5 0.206 1.7319e-54
0.5 0.255 6.13187e-48
0.5 0.304 8.31058e-42
0.5 0.353 4.3116e-36
0.5 0.402 8.56278e-31
0.5 0.451 6.50969e-26
0.5 0.5 1.89442e-21
0.5 0.549 2.11039e-17
0.5 0.598 8.99949e-14
0.5 0.647 1.46908e-10
0.5 0.696 9.17997e-08
0.5 0.745 2.19588e-05
0.5 0.794 0.0020107
0.5 0.843 0.0704785
0.5 0.892 0.945664
0.5 0.941 4.85722
0.5 0.99 9.55016
0.549 0.01 4.68492e-85
0.549 0.059 7.72341e-77
0.549 0.108 4.87499e-69
0.549 0.157 1.1779e-61
0.549 0.206 1.08945e-54
0.549 0.255 3.85724e-48
0.549 0.304 5.22776e-42
0.549 0.353 2.7122e-36
0.549 0.402 5.3864e-31
0.549 0.451 4.09491e-26
0.549 0.5 1.19168e-21
0.549 0.549 1.32754e-17
0.549 0.598 5.66112e-14
0.549 0.647 9.2412e-11
0.549 0.696 5.77465e-08
0.549 0.745 1.38132e-05
0.549 0.794 0.00126483
0.549 0.843 0.0443344
0.549 0.892 0.594868
0.549 0.941 3.05543
0.549 0.99 6.00751
0.598 0.01 5.17169e-85
0.598 0.059 8.52588e-77
0.598 0.108 5.38151e-69
0.598 0.157 1.30028e-61
0.598 0.206 1.20265e-54
0.598 0.255 4.25802e-48
0.598 0.304 5.77093e-42
0.598 0.353 2.99401e-36
0.598 0.402 5.94606e-31
0.598 0.451 4.52038e-26
0.598 0.5 1.3155e-21
0.598 0.549 1.46547e-17
0.598 0.598 6.24932e-14
0.598 0.647 1.02014e-10
0.598 0.696 6.37464e-08
0.598 0.745 1.52484e-05
0.598 0.794 0.00139625
0.598 0.843 0.0489408
0.598 0.892 0.656676
0.598 0.941 3.37289
0.598 0.99 6.6317
0.647 0.01 9.33411e-85
0.647 0.059 1.53879e-76
0.647 0.108 9.7128e-69
0.647 0.157 2.34681e-61
0.647 0.206 2.17059e-54
0.647 0.255 7.68506e-48
0.647 0.304 1.04156e-41
0.647 0.353 5.40372e-36
0.647 0.402 1.07317e-30
0.647 0.451 8.15859e-26
0.647 0.5 2.37427e-21
0.647 0.549 2.64494e-17
0.647 0.598 1.1279e-13
0.647 0.647 1.84119e-10
0.647 0.696 1.15052e-07
0.647 0.745 2.75209e-05
0.647 0.794 0.00252001
0.647 0.843 0.0883305
0.647 0.892 1.1852
0.647 0.941 6.08755
0.647 0.99 11.9692
0.696 0.01 1.21954e-84
0.696 0.059 2.01049e-76
0.696 0.108 1.26902e-68
0.696 0.157 3.0662e-61
0.696 0.206 2.83597e-54
0.696 0.255 1.00409e-47
0.696 0.304 1.36085e-41
0.696 0.353 7.06019e-36
0.696 0.402 1.40214e-30
0.696 0.451 1.06595e-25
0.696 0.5 3.10209e-21
0.696 0.549 3.45573e-17
0.696 0.598 1.47366e-13
0.696 0.647 2.40559e-10
0.696 0.696 1.50321e-07
0.696 0.745 3.59573e-05
0.696 0.794 0.00329249
0.696 0.843 0.115408
0.696 0.892 1.54851
0.696 0.941 7.95364
0.696 0.99 15.6383
0.745 0.01 1.4876e-84
0.745 0.059 2.45241e-76
0.745 0.108 1.54795e-68
0.745 0.157 3.74016e-61
0.745 0.206 3.45933e-54
0.745 0.255 1.22479e-47
0.745 0.304 1.65997e-41
0.745 0.353 8.61204e-36
0.745 0.402 1.71034e-30
0.745 0.451 1.30026e-25
0.745 0.5 3.78394e-21
0.745 0.549 4.21531e-17
0.745 0.598 1.79757e-13
0.745 0.647 2.93435e-10
0.745 0.696 1.83362e-07
0.745 0.745 4.38608e-05
0.745 0.794 0.0040162
0.745 0.843 0.140775
0.745 0.892 1.88888
0.745 0.941 9.70188
0.745 0.99 19.0756
0.794 0.01 1.78199e-84
0.794 0.059 2.93773e-76
0.794 0.108 1.85429e-68
0.794 0.157 4.48033e-61
0.794 0.206 4.14392e-54
0.794 0.255 1.46717e-47
0.794 0.304 1.98847e-41
0.794 0.353 1.03163e-35
0.794 0.402 2.04881e-30
0.794 0.451 1.55757e-25
0.794 0.5 4.53277e-21
0.794 0.549 5.04951e-17
0.794 0.598 2.15331e-13
0.794 0.647 3.51505e-10
0.794 0.696 2.19649e-07
0.794 0.745 5.25408e-05
0.794 0.794 0.00481099
0.794 0.843 0.168634
0.794 0.892 2.26269
0.794 0.941 11.6219
0.794 0.99 22.8506
0.843 0.01 2.0873e-84
0.843 0.059 3.44106e-76
0.843 0.108 2.17199e-68
0.843 0.157 5.24796e-61
0.843 0.206 4.8539e-54
0.843 0.255 1.71854e-47
0.843 0.304 2.32916e-41
0.843 0.353 1.20839e-35
0.843 0.402 2.39984e-30
0.843 0.451 1.82443e-25
0.843 0.5 5.30938e-21
0.843 0.549 5.91466e-17
0.843 0.598 2.52223e-13
0.843 0.647 4.11729e-10
0.843 0.696 2.57282e-07
0.843 0.745 6.15427e-05
0.843 0.794 0.00563527
0.843 0.843 0.197526
0.843 0.892 2.65036
0.843 0.941 13.6131
0.843 0.99 26.7657
0.892 0.01 2.39901e-84
0.892 0.059 3.95493e-76
0.892 0.108 2.49634e-68
0.892 0.157 6.03167e-61
0.892 0.206 5.57877e-54
0.892 0.255 1.97518e-47
0.892 0.304 2.67698e-41
0.892 0.353 1.38884e-35
0.892 0.402 2.75822e-30
0.892 0.451 2.09689e-25
0.892 0.5 6.10226e-21
0.892 0.549 6.79793e-17
0.892 0.598 2.8989e-13
0.892 0.647 4.73215e-10
0.892 0.696 2.95703e-07
0.892 0.745 7.07332e-05
0.892 0.794 0.00647682
0.892 0.843 0.227024
0.892 0.892 3.04615
0.892 0.941 15.646
0.892 0.99 30.7627
0.941 0.01 2.69586e-84
0.941 0.059 4.4443e-76
0.941 0.108 2.80523e-68
0.941 0.157 6.77799e-61
0.941 0.206 6.26905e-54
0.941 0.255 2.21958e-47
0.941 0.304 3.00822e-41
0.941 0.353 1.56069e-35
0.941 0.402 3.09951e-30
0.941 0.451 2.35635e-25
0.941 0.5 6.85732e-21
0.941 0.549 7.63907e-17
0.941 0.598 3.25759e-13
0.941 0.647 5.31769e-10
0.941 0.696 3.32292e-07
0.941 0.745 7.94854e-05
0.941 0.794 0.00727823
0.941 0.843 0.255114
0.941 0.892 3.42306
0.941 0.941 17.5819
0.941 0.99 34.5692
0.99 0.01 3.00123e-84
0.99 0.059 4.94773e-76
0.99 0.108 3.12299e-68
0.99 0.157 7.54577e-61
0.99 0.206 6.97918e-54
0.99 0.255 2.47101e-47
0.99 0.304 3.34898e-41
0.99 0.353 1.73748e-35
0.99 0.402 3.45061e-30
0.99 0.451 2.62326e-25
0.99 0.5 7.63409e-21
0.99 0.549 8.50439e-17
0.99 0.598 3.62659e-13
0.99 0.647 5.92005e-10
0.99 0.696 3.69932e-07
0.99 0.745 8.84891e-05
0.99 0.794 0.00810267
0.99 0.843 0.284013
0.99 0.892 3.81081
0.99 0.941 19.5735
0.99 0.99 38.485
