0.01 0.01 0.600615
0.01 0.059 1.18355
0.01 0.108 2.14811
0.01 0.157 2.70306
0.01 0.206 2.6478
0.01 0.255 2.30566
0.01 0.304 1.8582
0.01 0.353 1.40274
0.01 0.402 1.26016
0.01 0.451 1.1218
0.01 0.5 0.887391
0.01 0.549 0.99301
0.01 0.598 0.993945
0.01 0.647 0.904263
0.01 0.696 1.2055
0.01 0.745 1.41512
0.01 0.794 1.51113
0.01 0.843 1.53123
0.01 0.892 1.43221
0.01 0.941 1.2319
0.01 0.99 1.12072
0.059 0.01 0.43902
0.059 0.059 0.865115
0.059 0.108 1.57016
0.059 0.157 1.9758
0.059 0.206 1.93541
0.059 0.255 1.68533
0.059 0.304 1.35825
0.059 0.353 1.02533
0.059 0.402 0.921115
0.059 0.451 0.819979
0.059 0.5 0.648639
0.059 0.549 0.725841
0.059 0.598 0.726524
0.059 0.647 0.660971
0.059 0.696 0.881162
0.059 0.745 1.03438
0.059 0.794 1.10456
0.059 0.843 1.11926
0.059 0.892 1.04687
0.059 0.941 0.900455
0.059 0.99 0.819193
0.108 0.01 0.370621
0.108 0.059 0.730331
0.108 0.108 1.32553
0.108 0.157 1.66797
0.108 0.206 1.63388
0.108 0.255 1.42275
0.108 0.304 1.14663
0.108 0.353 0.865585
0.108 0.402 0.777606
0.108 0.451 0.692227
0.108 0.5 0.547581
0.108 0.549 0.612756
0.108 0.598 0.613332
0.108 0.647 0.557992
0.108 0.696 0.743878
0.108 0.745 0.873226
0.108 0.794 0.932471
0.108 0.843 0.944876
0.108 0.892 0.883772
0.108 0.941 0.760165
0.108 0.99 0.691563
0.157 0.01 0.417161
0.157 0.059 0.82204
0.157 0.108 1.49198
0.157 0.157 1.87743
0.157 0.206 1.83905
0.157 0.255 1.60141
0.157 0.304 1.29062
0.157 0.353 0.974279
0.157 0.402 0.875252
0.157 0.451 0.779152
0.157 0.5 0.616343
0.157 0.549 0.689701
0.157 0.598 0.69035
0.157 0.647 0.628061
0.157 0.696 0.837288
0.157 0.745 0.98288
0.157 0.794 1.04956
0.157 0.843 1.06353
0.157 0.892 0.99475
0.157 0.941 0.85562
0.157 0.99 0.778404
0.206 0.01 0.469338
0.206 0.059 0.924858
0.206 0.108 1.67859
0.206 0.157 2.11225
0.206 0.206 2.06907
0.206 0.255 1.80171
0.206 0.304 1.45205
0.206 0.353 1.09614
0.206 0.402 0.984725
0.206 0.451 0.876605
0.206 0.5 0.693433
0.206 0.549 0.775966
0.206 0.598 0.776697
0.206 0.647 0.706617
0.206 0.696 0.942013
0.206 0.745 1.10581
0.206 0.794 1.18084
0.206 0.843 1.19655
0.206 0.892 1.11917
0.206 0.941 0.962639
0.206 0.99 0.875764
0.255 0.01 0.498682
0.255 0.059 0.982683
0.255 0.108 1.78354
0.255 0.157 2.24431
0.255 0.206 2.19843
0.255 0.255 1.91436
0.255 0.304 1.54283
0.255 0.353 1.16467
0.255 0.402 1.04629
0.255 0.451 0.931413
0.255 0.5 0.736788
0.255 0.549 0.824482
0.255 0.598 0.825258
0.255 0.647 0.750796
0.255 0.696 1.00091
0.255 0.745 1.17495
0.255 0.794 1.25467
0.255 0.843 1.27136
0.255 0.892 1.18914
0.255 0.941 1.02283
0.255 0.99 0.93052
0.304 0.01 0.454159
0.304 0.059 0.894948
0.304 0.108 1.62431
0.304 0.157 2.04394
0.304 0.206 2.00215
0.304 0.255 1.74344
0.304 0.304 1.40509
0.304 0.353 1.06069
0.304 0.402 0.952879
0.304 0.451 0.848256
0.304 0.5 0.671007
0.304 0.549 0.750871
0.304 0.598 0.751578
0.304 0.647 0.683764
0.304 0.696 0.911548
0.304 0.745 1.07005
0.304 0.794 1.14265
0.304 0.843 1.15785
0.304 0.892 1.08298
0.304 0.941 0.931506
0.304 0.99 0.847442
0.353 0.01 0.406247
0.353 0.059 0.800535
0.353 0.108 1.45295
0.353 0.157 1.82831
0.353 0.206 1.79094
0.353 0.255 1.55952
0.353 0.304 1.25686
0.353 0.353 0.948791
0.353 0.402 0.852354
0.353 0.451 0.758768
0.353 0.5 0.600219
0.353 0.549 0.671658
0.353 0.598 0.67229
0.353 0.647 0.61163
0.353 0.696 0.815384
0.353 0.745 0.957167
0.353 0.794 1.02211
0.353 0.843 1.0357
0.353 0.892 0.968726
0.353 0.941 0.833237
0.353 0.99 0.758041
0.402 0.01 0.393382
0.402 0.059 0.775182
0.402 0.108 1.40694
0.402 0.157 1.77041
0.402 0.206 1.73422
0.402 0.255 1.51013
0.402 0.304 1.21705
0.402 0.353 0.918743
0.402 0.402 0.825361
0.402 0.451 0.734739
0.402 0.5 0.58121
0.402 0.549 0.650386
0.402 0.598 0.650999
0.402 0.647 0.59226
0.402 0.696 0.789561
0.402 0.745 0.926853
0.402 0.794 0.989736
0.402 0.843 1.0029
0.402 0.892 0.938047
0.402 0.941 0.806848
0.402 0.99 0.734034
0.451 0.01 0.367468
0.451 0.059 0.724118
0.451 0.108 1.31425
0.451 0.157 1.65379
0.451 0.206 1.61998
0.451 0.255 1.41065
0.451 0.304 1.13688
0.451 0.353 0.858222
0.451 0.402 0.770991
0.451 0.451 0.686339
0.451 0.5 0.542923
0.451 0.549 0.607543
0.451 0.598 0.608115
0.451 0.647 0.553246
0.451 0.696 0.73755
0.451 0.745 0.865798
0.451 0.794 0.924539
0.451 0.843 0.936839
0.451 0.892 0.876254
0.451 0.941 0.753698
0.451 0.99 0.68568
0.5 0.01 0.351168
0.5 0.059 0.691998
0.5 0.108 1.25596
0.5 0.157 1.58043
0.5 0.206 1.54812
0.5 0.255 1.34808
0.5 0.304 1.08645
0.5 0.353 0.820154
0.5 0.402 0.736792
0.5 0.451 0.655895
0.5 0.5 0.518841
0.5 0.549 0.580594
0.5 0.598 0.581141
0.5 0.647 0.528705
0.5 0.696 0.704834
0.5 0.745 0.827394
0.5 0.794 0.883529
0.5 0.843 0.895283
0.5 0.892 0.837386
0.5 0.941 0.720266
0.5 0.99 0.655265
0.549 0.01 0.27868
0.549 0.059 0.549155
0.549 0.108 0.996702
0.549 0.157 1.25419
0.549 0.206 1.22856
0.549 0.255 1.06981
0.549 0.304 0.862185
0.549 0.353 0.650857
0.549 0.402 0.584702
0.549 0.451 0.520504
0.549 0.5 0.411741
0.549 0.549 0.460747
0.549 0.598 0.461181
0.549 0.647 0.419569
0.549 0.696 0.559341
0.549 0.745 0.656602
0.549 0.794 0.70115
0.549 0.843 0.710478
0.549 0.892 0.664532
0.549 0.941 0.571588
0.549 0.99 0.520005
0.598 0.01 0.278391
0.598 0.059 0.548586
0.598 0.108 0.995668
0.598 0.157 1.25289
0.598 0.206 1.22728
0.598 0.255 1.0687
0.598 0.304 0.861291
0.598 0.353 0.650182
0.598 0.402 0.584096
0.598 0.451 0.519964
0.598 0.5 0.411314
0.598 0.549 0.460269
0.598 0.598 0.460703
0.598 0.647 0.419134
0.598 0.696 0.558761
0.598 0.745 0.655921
0.598 0.794 0.700422
0.598 0.843 0.709741
0.598 0.892 0.663843
0.598 0.941 0.570995
0.598 0.99 0.519465
0.647 0.01 0.358616
0.647 0.059 0.706674
0.647 0.108 1.2826
0.647 0.157 1.61395
0.647 0.206 1.58095
0.647 0.255 1.37667
0.647 0.304 1.10949
0.647 0.353 0.837548
0.647 0.402 0.752418
0.647 0.451 0.669805
0.647 0.5 0.529845
0.647 0.549 0.592908
0.647 0.598 0.593466
0.647 0.647 0.539918
0.647 0.696 0.719783
0.647 0.745 0.844942
0.647 0.794 0.902267
0.647 0.843 0.914271
0.647 0.892 0.855146
0.647 0.941 0.735542
0.647 0.99 0.669163
0.696 0.01 0.388308
0.696 0.059 0.765183
0.696 0.108 1.38879
0.696 0.157 1.74757
0.696 0.206 1.71185
0.696 0.255 1.49065
0.696 0.304 1.20135
0.696 0.353 0.906893
0.696 0.402 0.814715
0.696 0.451 0.725262
0.696 0.5 0.573713
0.696 0.549 0.641997
0.696 0.598 0.642602
0.696 0.647 0.584621
0.696 0.696 0.779377
0.696 0.745 0.914899
0.696 0.794 0.97697
0.696 0.843 0.989968
0.696 0.892 0.925948
0.696 0.941 0.796441
0.696 0.99 0.724566
0.745 0.01 0.382047
0.745 0.059 0.752847
0.745 0.108 1.3664
0.745 0.157 1.7194
0.745 0.206 1.68425
0.745 0.255 1.46662
0.745 0.304 1.18199
0.745 0.353 0.892271
0.745 0.402 0.801579
0.745 0.451 0.713569
0.745 0.5 0.564463
0.745 0.549 0.631647
0.745 0.598 0.632241
0.745 0.647 0.575195
0.745 0.696 0.766811
0.745 0.745 0.900148
0.745 0.794 0.961219
0.745 0.843 0.974007
0.745 0.892 0.911019
0.745 0.941 0.783601
0.745 0.99 0.712884
0.794 0.01 0.329867
0.794 0.059 0.650023
0.794 0.108 1.17977
0.794 0.157 1.48456
0.794 0.206 1.45421
0.794 0.255 1.2663
0.794 0.304 1.02055
0.794 0.353 0.770404
0.794 0.402 0.692099
0.794 0.451 0.616109
0.794 0.5 0.487369
0.794 0.549 0.545376
0.794 0.598 0.545889
0.794 0.647 0.496635
0.794 0.696 0.66208
0.794 0.745 0.777205
0.794 0.794 0.829935
0.794 0.843 0.840977
0.794 0.892 0.786592
0.794 0.941 0.676576
0.794 0.99 0.615518
0.843 0.01 0.330154
0.843 0.059 0.650587
0.843 0.108 1.1808
0.843 0.157 1.48585
0.843 0.206 1.45548
0.843 0.255 1.26741
0.843 0.304 1.02144
0.843 0.353 0.771074
0.843 0.402 0.692701
0.843 0.451 0.616644
0.843 0.5 0.487792
0.843 0.549 0.54585
0.843 0.598 0.546364
0.843 0.647 0.497066
0.843 0.696 0.662655
0.843 0.745 0.777881
0.843 0.794 0.830656
0.843 0.843 0.841707
0.843 0.892 0.787275
0.843 0.941 0.677164
0.843 0.99 0.616053
0.892 0.01 0.342748
0.892 0.059 0.675405
0.892 0.108 1.22584
0.892 0.157 1.54253
0.892 0.206 1.511
0.892 0.255 1.31575
0.892 0.304 1.0604
0.892 0.353 0.800488
0.892 0.402 0.719125
0.892 0.451 0.640168
0.892 0.5 0.5064
0.892 0.549 0.566673
0.892 0.598 0.567206
0.892 0.647 0.516028
0.892 0.696 0.687934
0.892 0.745 0.807555
0.892 0.794 0.862343
0.892 0.843 0.873816
0.892 0.892 0.817307
0.892 0.941 0.702996
0.892 0.99 0.639553
0.941 0.01 0.517537
0.941 0.059 1.01984
0.941 0.108 1.85098
0.941 0.157 2.32917
0.941 0.206 2.28155
0.941 0.255 1.98674
0.941 0.304 1.60116
0.941 0.353 1.20871
0.941 0.402 1.08585
0.941 0.451 0.966629
0.941 0.5 0.764645
0.941 0.549 0.855654
0.941 0.598 0.856459
0.941 0.647 0.779183
0.941 0.696 1.03875
0.941 0.745 1.21938
0.941 0.794 1.30211
0.941 0.843 1.31943
0.941 0.892 1.2341
0.941 0.941 1.0615
0.941 0.99 0.965701
0.99 0.01 0.804213
0.99 0.059 1.58475
0.99 0.108 2.87628
0.99 0.157 3.61935
0.99 0.206 3.54536
0.99 0.255 3.08724
0.99 0.304 2.48809
0.99 0.353 1.87824
0.99 0.402 1.68733
0.99 0.451 1.50207
0.99 0.5 1.1882
0.99 0.549 1.32962
0.99 0.598 1.33087
0.99 0.647 1.21079
0.99 0.696 1.61414
0.99 0.745 1.89482
0.99 0.794 2.02337
0.99 0.843 2.05029
0.99 0.892 1.9177
0.99 0.941 1.64949
0.99 0.99 1.50063
