0.01 0.01 8.11877e-06
0.01 0.059 1.45586e-05
0.01 0.108 1.97478e-05
0.01 0.157 1.95358e-05
0.01 0.206 1.87103e-05
0.01 0.255 1.57401e-05
0.01 0.304 1.11682e-05
0.01 0.353 9.72781e-06
0.01 0.402 9.71233e-06
0.01 0.451 8.83223e-06
0.01 0.5 9.99272e-06
0.01 0.549 1.01182e-05
0.01 0.598 1.08609e-05
0.01 0.647 1.48039e-05
0.01 0.696 1.72907e-05
0.01 0.745 1.68899e-05
0.01 0.794 1.36894e-05
0.01 0.843 1.01803e-05
0.01 0.892 1.03201e-05
0.01 0.941 1.11217e-05
0.01 0.99 1.1051e-05
0.059 0.01 0.000353146
0.059 0.059 0.000633262
0.059 0.108 0.000858979
0.059 0.157 0.000849755
0.059 0.206 0.000813848
0.059 0.255 0.000684653
0.059 0.304 0.000485789
0.059 0.353 0.000423134
0.059 0.402 0.000422461
0.059 0.451 0.000384179
0.059 0.5 0.000434658
0.059 0.549 0.000440114
0.059 0.598 0.000472422
0.059 0.647 0.00064393
0.059 0.696 0.000752099
0.059 0.745 0.000734667
0.059 0.794 0.000595454
0.059 0.843 0.000442815
0.059 0.892 0.000448898
0.059 0.941 0.000483765
0.059 0.99 0.000480689
0.108 0.01 0.00688716
0.108 0.059 0.0123501
0.108 0.108 0.0167521
0.108 0.157 0.0165722
0.108 0.206 0.0158719
0.108 0.255 0.0133523
0.108 0.304 0.00947403
0.108 0.353 0.00825211
0.108 0.402 0.00823898
0.108 0.451 0.00749239
0.108 0.5 0.00847684
0.108 0.549 0.00858326
0.108 0.598 0.00921334
0.108 0.647 0.0125581
0.108 0.696 0.0146677
0.108 0.745 0.0143277
0.108 0.794 0.0116128
0.108 0.843 0.00863593
0.108 0.892 0.00875455
0.108 0.941 0.00943455
0.108 0.99 0.00937456
0.157 0.01 0.054188
0.157 0.059 0.0971702
0.157 0.108 0.131805
0.157 0.157 0.13039
0.157 0.206 0.12488
0.157 0.255 0.105056
0.157 0.304 0.0745414
0.157 0.353 0.0649274
0.157 0.402 0.0648241
0.157 0.451 0.0589499
0.157 0.5 0.0666956
0.157 0.549 0.0675329
0.157 0.598 0.0724903
0.157 0.647 0.0988072
0.157 0.696 0.115405
0.157 0.745 0.11273
0.157 0.794 0.0913688
0.157 0.843 0.0679473
0.157 0.892 0.0688806
0.157 0.941 0.0742308
0.157 0.99 0.0737588
0.206 0.01 0.191099
0.206 0.059 0.342679
0.206 0.108 0.464822
0.206 0.157 0.459831
0.206 0.206 0.4404
0.206 0.255 0.370489
0.206 0.304 0.262877
0.206 0.353 0.228972
0.206 0.402 0.228608
0.206 0.451 0.207892
0.206 0.5 0.235208
0.206 0.549 0.238161
0.206 0.598 0.255643
0.206 0.647 0.348452
0.206 0.696 0.406986
0.206 0.745 0.397553
0.206 0.794 0.32222
0.206 0.843 0.239622
0.206 0.892 0.242914
0.206 0.941 0.261781
0.206 0.99 0.260117
0.255 0.01 0.361782
0.255 0.059 0.64875
0.255 0.108 0.879987
0.255 0.157 0.870538
0.255 0.206 0.833752
0.255 0.255 0.701397
0.255 0.304 0.49767
0.255 0.353 0.433483
0.255 0.402 0.432793
0.255 0.451 0.393575
0.255 0.5 0.445288
0.255 0.549 0.450878
0.255 0.598 0.483976
0.255 0.647 0.659679
0.255 0.696 0.770493
0.255 0.745 0.752634
0.255 0.794 0.610017
0.255 0.843 0.453645
0.255 0.892 0.459876
0.255 0.941 0.495596
0.255 0.99 0.492445
0.304 0.01 0.417281
0.304 0.059 0.74827
0.304 0.108 1.01498
0.304 0.157 1.00408
0.304 0.206 0.961652
0.304 0.255 0.808993
0.304 0.304 0.574014
0.304 0.353 0.49998
0.304 0.402 0.499185
0.304 0.451 0.45395
0.304 0.5 0.513596
0.304 0.549 0.520044
0.304 0.598 0.558219
0.304 0.647 0.760875
0.304 0.696 0.888688
0.304 0.745 0.86809
0.304 0.794 0.703596
0.304 0.843 0.523235
0.304 0.892 0.530423
0.304 0.941 0.571622
0.304 0.99 0.567988
0.353 0.01 0.425905
0.353 0.059 0.763734
0.353 0.108 1.03596
0.353 0.157 1.02483
0.353 0.206 0.981526
0.353 0.255 0.825713
0.353 0.304 0.585878
0.353 0.353 0.510314
0.353 0.402 0.509502
0.353 0.451 0.463332
0.353 0.5 0.524211
0.353 0.549 0.530792
0.353 0.598 0.569756
0.353 0.647 0.776601
0.353 0.696 0.907055
0.353 0.745 0.886031
0.353 0.794 0.718137
0.353 0.843 0.534049
0.353 0.892 0.541385
0.353 0.941 0.583436
0.353 0.99 0.579726
0.402 0.01 0.727353
0.402 0.059 1.30429
0.402 0.108 1.76919
0.402 0.157 1.75019
0.402 0.206 1.67623
0.402 0.255 1.41014
0.402 0.304 1.00055
0.402 0.353 0.871505
0.402 0.402 0.870119
0.402 0.451 0.791271
0.402 0.5 0.895239
0.402 0.549 0.906478
0.402 0.598 0.97302
0.402 0.647 1.32627
0.402 0.696 1.54905
0.402 0.745 1.51315
0.402 0.794 1.22642
0.402 0.843 0.91204
0.402 0.892 0.924568
0.402 0.941 0.996382
0.402 0.99 0.990047
0.451 0.01 1.15632
0.451 0.059 2.07352
0.451 0.108 2.81259
0.451 0.157 2.78239
0.451 0.206 2.66481
0.451 0.255 2.24179
0.451 0.304 1.59064
0.451 0.353 1.38549
0.451 0.402 1.38328
0.451 0.451 1.25793
0.451 0.5 1.42322
0.451 0.549 1.44108
0.451 0.598 1.54687
0.451 0.647 2.10845
0.451 0.696 2.46263
0.451 0.745 2.40555
0.451 0.794 1.94972
0.451 0.843 1.44993
0.451 0.892 1.46984
0.451 0.941 1.58401
0.451 0.99 1.57394
0.5 0.01 1.23308
0.5 0.059 2.21117
0.5 0.108 2.9993
0.5 0.157 2.9671
0.5 0.206 2.84172
0.5 0.255 2.39061
0.5 0.304 1.69624
0.5 0.353 1.47746
0.5 0.402 1.47511
0.5 0.451 1.34144
0.5 0.5 1.5177
0.5 0.549 1.53675
0.5 0.598 1.64956
0.5 0.647 2.24842
0.5 0.696 2.62611
0.5 0.745 2.56524
0.5 0.794 2.07915
0.5 0.843 1.54618
0.5 0.892 1.56742
0.5 0.941 1.68917
0.5 0.99 1.67843
0.549 0.01 0.951558
0.549 0.059 1.70634
0.549 0.108 2.31454
0.549 0.157 2.28968
0.549 0.206 2.19293
0.549 0.255 1.84481
0.549 0.304 1.30897
0.549 0.353 1.14014
0.549 0.402 1.13833
0.549 0.451 1.03518
0.549 0.5 1.17119
0.549 0.549 1.1859
0.549 0.598 1.27295
0.549 0.647 1.73508
0.549 0.696 2.02654
0.549 0.745 1.97957
0.549 0.794 1.60446
0.549 0.843 1.19317
0.549 0.892 1.20956
0.549 0.941 1.30351
0.549 0.99 1.29523
0.598 0.01 0.730065
0.598 0.059 1.30916
0.598 0.108 1.77579
0.598 0.157 1.75672
0.598 0.206 1.68248
0.598 0.255 1.4154
0.598 0.304 1.00428
0.598 0.353 0.874755
0.598 0.402 0.873363
0.598 0.451 0.794222
0.598 0.5 0.898577
0.598 0.549 0.909858
0.598 0.598 0.976648
0.598 0.647 1.33121
0.598 0.696 1.55483
0.598 0.745 1.51879
0.598 0.794 1.231
0.598 0.843 0.915441
0.598 0.892 0.928016
0.598 0.941 1.0001
0.598 0.99 0.993739
0.647 0.01 0.734439
0.647 0.059 1.317
0.647 0.108 1.78642
0.647 0.157 1.76724
0.647 0.206 1.69256
0.647 0.255 1.42388
0.647 0.304 1.0103
0.647 0.353 0.879996
0.647 0.402 0.878596
0.647 0.451 0.79898
0.647 0.5 0.903961
0.647 0.549 0.915309
0.647 0.598 0.982499
0.647 0.647 1.33919
0.647 0.696 1.56414
0.647 0.745 1.52789
0.647 0.794 1.23837
0.647 0.843 0.920926
0.647 0.892 0.933576
0.647 0.941 1.00609
0.647 0.99 0.999693
0.696 0.01 1.00393
0.696 0.059 1.80026
0.696 0.108 2.44193
0.696 0.157 2.41571
0.696 0.206 2.31363
0.696 0.255 1.94635
0.696 0.304 1.38102
0.696 0.353 1.2029
0.696 0.402 1.20099
0.696 0.451 1.09216
0.696 0.5 1.23566
0.696 0.549 1.25117
0.696 0.598 1.34302
0.696 0.647 1.83059
0.696 0.696 2.13809
0.696 0.745 2.08853
0.696 0.794 1.69278
0.696 0.843 1.25885
0.696 0.892 1.27614
0.696 0.941 1.37526
0.696 0.99 1.36652
0.745 0.01 1.47598
0.745 0.059 2.64674
0.745 0.108 3.59013
0.745 0.157 3.55158
0.745 0.206 3.4015
0.745 0.255 2.86153
0.745 0.304 2.03037
0.745 0.353 1.7685
0.745 0.402 1.76569
0.745 0.451 1.60569
0.745 0.5 1.81667
0.745 0.549 1.83947
0.745 0.598 1.9745
0.745 0.647 2.69133
0.745 0.696 3.14342
0.745 0.745 3.07056
0.745 0.794 2.48872
0.745 0.843 1.85076
0.745 0.892 1.87618
0.745 0.941 2.02191
0.745 0.99 2.00906
0.794 0.01 1.4288
0.794 0.059 2.56213
0.794 0.108 3.47536
0.794 0.157 3.43804
0.794 0.206 3.29276
0.794 0.255 2.77005
0.794 0.304 1.96546
0.794 0.353 1.71197
0.794 0.402 1.70924
0.794 0.451 1.55436
0.794 0.5 1.75859
0.794 0.549 1.78067
0.794 0.598 1.91138
0.794 0.647 2.60529
0.794 0.696 3.04293
0.794 0.745 2.9724
0.794 0.794 2.40916
0.794 0.843 1.79159
0.794 0.892 1.8162
0.794 0.941 1.95727
0.794 0.99 1.94483
0.843 0.01 0.864236
0.843 0.059 1.54975
0.843 0.108 2.10214
0.843 0.157 2.07956
0.843 0.206 1.99169
0.843 0.255 1.67552
0.843 0.304 1.18885
0.843 0.353 1.03552
0.843 0.402 1.03387
0.843 0.451 0.940183
0.843 0.5 1.06372
0.843 0.549 1.07707
0.843 0.598 1.15614
0.843 0.647 1.57586
0.843 0.696 1.84057
0.843 0.745 1.79791
0.843 0.794 1.45723
0.843 0.843 1.08368
0.843 0.892 1.09856
0.843 0.941 1.18389
0.843 0.99 1.17637
0.892 0.01 0.4193
0.892 0.059 0.75189
0.892 0.108 1.01989
0.892 0.157 1.00894
0.892 0.206 0.966305
0.892 0.255 0.812908
0.892 0.304 0.576792
0.892 0.353 0.5024
0.892 0.402 0.5016
0.892 0.451 0.456147
0.892 0.5 0.516081
0.892 0.549 0.52256
0.892 0.598 0.56092
0.892 0.647 0.764557
0.892 0.696 0.892988
0.892 0.745 0.87229
0.892 0.794 0.707
0.892 0.843 0.525767
0.892 0.892 0.532989
0.892 0.941 0.574388
0.892 0.99 0.570736
0.941 0.01 0.266876
0.941 0.059 0.478564
0.941 0.108 0.64914
0.941 0.157 0.64217
0.941 0.206 0.615034
0.941 0.255 0.5174
0.941 0.304 0.367117
0.941 0.353 0.319768
0.941 0.402 0.319259
0.941 0.451 0.290329
0.941 0.5 0.328476
0.941 0.549 0.3326
0.941 0.598 0.357015
0.941 0.647 0.486626
0.941 0.696 0.56837
0.941 0.745 0.555196
0.941 0.794 0.449992
0.941 0.843 0.334641
0.941 0.892 0.339237
0.941 0.941 0.365587
0.941 0.99 0.363262
0.99 0.01 0.331413
0.99 0.059 0.594291
0.99 0.108 0.806117
0.99 0.157 0.797461
0.99 0.206 0.763764
0.99 0.255 0.642519
0.99 0.304 0.455894
0.99 0.353 0.397095
0.99 0.402 0.396463
0.99 0.451 0.360537
0.99 0.5 0.407909
0.99 0.549 0.41303
0.99 0.598 0.443349
0.99 0.647 0.604303
0.99 0.696 0.705815
0.99 0.745 0.689455
0.99 0.794 0.55881
0.99 0.843 0.415564
0.99 0.892 0.421273
0.99 0.941 0.453994
0.99 0.99 0.451108
