0.01 0.01 4.90945e-15
0.01 0.059 6.85468e-15
0.01 0.108 7.23518e-15
0.01 0.157 5.60328e-15
0.01 0.206 5.22836e-15
0.01 0.255 5.07789e-15
0.01 0.304 3.80976e-15
0.01 0.353 2.38033e-15
0.01 0.402 1.80071e-15
0.01 0.451 2.10073e-15
0.01 0.5 1.96618e-15
0.01 0.549 1.85946e-15
0.01 0.598 2.12593e-15
0.01 0.647 1.49247e-15
0.01 0.696 7.30952e-16
0.01 0.745 9.57108e-16
0.01 0.794 1.57821e-15
0.01 0.843 1.73296e-15
0.01 0.892 1.08704e-15
0.01 0.941 9.5798e-16
0.01 0.99 1.48623e-15
0.059 0.01 7.67587e-12
0.059 0.059 1.07172e-11
0.059 0.108 1.13121e-11
0.059 0.157 8.76066e-12
0.059 0.206 8.17448e-12
0.059 0.255 7.93922e-12
0.059 0.304 5.95652e-12
0.059 0.353 3.72162e-12
0.059 0.402 2.8154e-12
0.059 0.451 3.28446e-12
0.059 0.5 3.0741e-12
0.059 0.549 2.90724e-12
0.059 0.598 3.32387e-12
0.059 0.647 2.33346e-12
0.059 0.696 1.14284e-12
0.059 0.745 1.49643e-12
0.059 0.794 2.46751e-12
0.059 0.843 2.70946e-12
0.059 0.892 1.69958e-12
0.059 0.941 1.49779e-12
0.059 0.99 2.3237e-12
0.108 0.01 4.80843e-09
0.108 0.059 6.71363e-09
0.108 0.108 7.08629e-09
0.108 0.157 5.48797e-09
0.108 0.206 5.12077e-09
0.108 0.255 4.9734e-09
0.108 0.304 3.73137e-09
0.108 0.353 2.33135e-09
0.108 0.402 1.76366e-09
0.108 0.451 2.0575e-09
0.108 0.5 1.92572e-09
0.108 0.549 1.8212e-09
0.108 0.598 2.08219e-09
0.108 0.647 1.46176e-09
0.108 0.696 7.15911e-10
0.108 0.745 9.37413e-10
0.108 0.794 1.54573e-09
0.108 0.843 1.6973e-09
0.108 0.892 1.06467e-09
0.108 0.941 9.38267e-10
0.108 0.99 1.45564e-09
0.157 0.01 1.17286e-06
0.157 0.059 1.63758e-06
0.157 0.108 1.72848e-06
0.157 0.157 1.33862e-06
0.157 0.206 1.24905e-06
0.157 0.255 1.2131e-06
0.157 0.304 9.10149e-07
0.157 0.353 5.68659e-07
0.157 0.402 4.30189e-07
0.157 0.451 5.01862e-07
0.157 0.5 4.69719e-07
0.157 0.549 4.44224e-07
0.157 0.598 5.07884e-07
0.157 0.647 3.56549e-07
0.157 0.696 1.74624e-07
0.157 0.745 2.28652e-07
0.157 0.794 3.77033e-07
0.157 0.843 4.14003e-07
0.157 0.892 2.59693e-07
0.157 0.941 2.28861e-07
0.157 0.99 3.55058e-07
0.206 0.01 0.000113045
0.206 0.059 0.000157836
0.206 0.108 0.000166598
0.206 0.157 0.000129021
0.206 0.206 0.000120389
0.206 0.255 0.000116924
0.206 0.304 8.77239e-05
0.206 0.353 5.48097e-05
0.206 0.402 4.14634e-05
0.206 0.451 4.83715e-05
0.206 0.5 4.52734e-05
0.206 0.549 4.28161e-05
0.206 0.598 4.89519e-05
0.206 0.647 3.43657e-05
0.206 0.696 1.6831e-05
0.206 0.745 2.20385e-05
0.206 0.794 3.634e-05
0.206 0.843 3.99033e-05
0.206 0.892 2.50303e-05
0.206 0.941 2.20585e-05
0.206 0.99 3.4222e-05
0.255 0.01 0.0044202
0.255 0.059 0.00617157
0.255 0.108 0.00651415
0.255 0.157 0.00504488
0.255 0.206 0.00470733
0.255 0.255 0.00457185
0.255 0.304 0.0034301
0.255 0.353 0.00214312
0.255 0.402 0.00162126
0.255 0.451 0.00189138
0.255 0.5 0.00177024
0.255 0.549 0.00167415
0.255 0.598 0.00191407
0.255 0.647 0.00134374
0.255 0.696 0.000658109
0.255 0.745 0.000861727
0.255 0.794 0.00142093
0.255 0.843 0.00156026
0.255 0.892 0.000978713
0.255 0.941 0.000862512
0.255 0.99 0.00133812
0.304 0.01 0.0732084
0.304 0.059 0.102215
0.304 0.108 0.107889
0.304 0.157 0.0835545
0.304 0.206 0.0779639
0.304 0.255 0.0757201
0.304 0.304 0.0568101
0.304 0.353 0.0354949
0.304 0.402 0.0268517
0.304 0.451 0.0313255
0.304 0.5 0.0293191
0.304 0.549 0.0277278
0.304 0.598 0.0317013
0.304 0.647 0.0222553
0.304 0.696 0.0108998
0.304 0.745 0.0142721
0.304 0.794 0.0235338
0.304 0.843 0.0258414
0.304 0.892 0.0162097
0.304 0.941 0.0142851
0.304 0.99 0.0221622
0.353 0.01 0.545229
0.353 0.059 0.76126
0.353 0.108 0.803517
0.353 0.157 0.622283
0.353 0.206 0.580646
0.353 0.255 0.563935
0.353 0.304 0.423101
0.353 0.353 0.264353
0.353 0.402 0.199982
0.353 0.451 0.2333
0.353 0.5 0.218358
0.353 0.549 0.206506
0.353 0.598 0.2361
0.353 0.647 0.165749
0.353 0.696 0.0811774
0.353 0.745 0.106294
0.353 0.794 0.175271
0.353 0.843 0.192457
0.353 0.892 0.120724
0.353 0.941 0.10639
0.353 0.99 0.165056
0.402 0.01 1.94575
0.402 0.059 2.7167
0.402 0.108 2.8675
0.402 0.157 2.22073
0.402 0.206 2.07214
0.402 0.255 2.01251
0.402 0.304 1.50991
0.402 0.353 0.943391
0.402 0.402 0.713672
0.402 0.451 0.832575
0.402 0.5 0.779251
0.402 0.549 0.736955
0.402 0.598 0.842566
0.402 0.647 0.591506
0.402 0.696 0.289696
0.402 0.745 0.379328
0.402 0.794 0.625488
0.402 0.843 0.686819
0.402 0.892 0.430824
0.402 0.941 0.379673
0.402 0.99 0.589032
0.451 0.01 3.52653
0.451 0.059 4.92381
0.451 0.108 5.19713
0.451 0.157 4.02491
0.451 0.206 3.75561
0.451 0.255 3.64752
0.451 0.304 2.73661
0.451 0.353 1.70983
0.451 0.402 1.29348
0.451 0.451 1.50898
0.451 0.5 1.41234
0.451 0.549 1.33568
0.451 0.598 1.52709
0.451 0.647 1.07206
0.451 0.696 0.525054
0.451 0.745 0.687505
0.451 0.794 1.13365
0.451 0.843 1.24481
0.451 0.892 0.780838
0.451 0.941 0.688131
0.451 0.99 1.06758
0.5 0.01 3.59275
0.5 0.059 5.01627
0.5 0.108 5.29471
0.5 0.157 4.10049
0.5 0.206 3.82612
0.5 0.255 3.71601
0.5 0.304 2.78799
0.5 0.353 1.74193
0.5 0.402 1.31777
0.5 0.451 1.53732
0.5 0.5 1.43885
0.5 0.549 1.36076
0.5 0.598 1.55576
0.5 0.647 1.09219
0.5 0.696 0.534912
0.5 0.745 0.700413
0.5 0.794 1.15494
0.5 0.843 1.26818
0.5 0.892 0.795499
0.5 0.941 0.701051
0.5 0.99 1.08762
0.549 0.01 2.60987
0.549 0.059 3.64396
0.549 0.108 3.84623
0.549 0.157 2.97871
0.549 0.206 2.7794
0.549 0.255 2.69941
0.549 0.304 2.02527
0.549 0.353 1.26539
0.549 0.402 0.957262
0.549 0.451 1.11675
0.549 0.5 1.04522
0.549 0.549 0.988491
0.549 0.598 1.13015
0.549 0.647 0.793398
0.549 0.696 0.388575
0.549 0.745 0.5088
0.549 0.794 0.838979
0.549 0.843 0.921243
0.549 0.892 0.577873
0.549 0.941 0.509263
0.549 0.99 0.79008
0.598 0.01 1.80262
0.598 0.059 2.51685
0.598 0.108 2.65656
0.598 0.157 2.05737
0.598 0.206 1.91971
0.598 0.255 1.86446
0.598 0.304 1.39884
0.598 0.353 0.873993
0.598 0.402 0.661173
0.598 0.451 0.771329
0.598 0.5 0.721927
0.598 0.549 0.682743
0.598 0.598 0.780585
0.598 0.647 0.547993
0.598 0.696 0.268386
0.598 0.745 0.351424
0.598 0.794 0.579475
0.598 0.843 0.636295
0.598 0.892 0.399132
0.598 0.941 0.351744
0.598 0.99 0.545702
0.647 0.01 1.42039
0.647 0.059 1.98318
0.647 0.108 2.09326
0.647 0.157 1.62113
0.647 0.206 1.51266
0.647 0.255 1.46912
0.647 0.304 1.10223
0.647 0.353 0.688672
0.647 0.402 0.520978
0.647 0.451 0.607777
0.647 0.5 0.56885
0.647 0.549 0.537974
0.647 0.598 0.61507
0.647 0.647 0.431797
0.647 0.696 0.211477
0.647 0.745 0.276908
0.647 0.794 0.456604
0.647 0.843 0.501375
0.647 0.892 0.3145
0.647 0.941 0.27716
0.647 0.99 0.429991
0.696 0.01 1.10414
0.696 0.059 1.54162
0.696 0.108 1.6272
0.696 0.157 1.26018
0.696 0.206 1.17586
0.696 0.255 1.14202
0.696 0.304 0.856818
0.696 0.353 0.535338
0.696 0.402 0.404982
0.696 0.451 0.472455
0.696 0.5 0.442195
0.696 0.549 0.418194
0.696 0.598 0.478124
0.696 0.647 0.335657
0.696 0.696 0.164392
0.696 0.745 0.215254
0.696 0.794 0.354941
0.696 0.843 0.389744
0.696 0.892 0.244477
0.696 0.941 0.21545
0.696 0.99 0.334253
0.745 0.01 1.01562
0.745 0.059 1.41804
0.745 0.108 1.49675
0.745 0.157 1.15916
0.745 0.206 1.0816
0.745 0.255 1.05047
0.745 0.304 0.78813
0.745 0.353 0.492422
0.745 0.402 0.372516
0.745 0.451 0.43458
0.745 0.5 0.406746
0.745 0.549 0.384669
0.745 0.598 0.439794
0.745 0.647 0.308749
0.745 0.696 0.151213
0.745 0.745 0.197998
0.745 0.794 0.326486
0.745 0.843 0.358499
0.745 0.892 0.224878
0.745 0.941 0.198178
0.745 0.99 0.307457
0.794 0.01 1.3022
0.794 0.059 1.81816
0.794 0.108 1.91908
0.794 0.157 1.48623
0.794 0.206 1.38679
0.794 0.255 1.34688
0.794 0.304 1.01051
0.794 0.353 0.631367
0.794 0.402 0.477627
0.794 0.451 0.557203
0.794 0.5 0.521516
0.794 0.549 0.493209
0.794 0.598 0.563889
0.794 0.647 0.395867
0.794 0.696 0.19388
0.794 0.745 0.253866
0.794 0.794 0.418609
0.794 0.843 0.459655
0.794 0.892 0.28833
0.794 0.941 0.254097
0.794 0.99 0.394211
0.843 0.01 1.45183
0.843 0.059 2.02707
0.843 0.108 2.13959
0.843 0.157 1.657
0.843 0.206 1.54613
0.843 0.255 1.50164
0.843 0.304 1.12662
0.843 0.353 0.703913
0.843 0.402 0.532508
0.843 0.451 0.621228
0.843 0.5 0.58144
0.843 0.549 0.549881
0.843 0.598 0.628683
0.843 0.647 0.441354
0.843 0.696 0.216158
0.843 0.745 0.283037
0.843 0.794 0.466709
0.843 0.843 0.512472
0.843 0.892 0.321461
0.843 0.941 0.283294
0.843 0.99 0.439508
0.892 0.01 2.35404
0.892 0.059 3.28676
0.892 0.108 3.4692
0.892 0.157 2.68672
0.892 0.206 2.50695
0.892 0.255 2.4348
0.892 0.304 1.82675
0.892 0.353 1.14135
0.892 0.402 0.863426
0.892 0.451 1.00728
0.892 0.5 0.942766
0.892 0.549 0.891595
0.892 0.598 1.01937
0.892 0.647 0.715625
0.892 0.696 0.350485
0.892 0.745 0.458925
0.892 0.794 0.756738
0.892 0.843 0.830938
0.892 0.892 0.521227
0.892 0.941 0.459343
0.892 0.99 0.712632
0.941 0.01 5.57117
0.941 0.059 7.77858
0.941 0.108 8.21036
0.941 0.157 6.3585
0.941 0.206 5.93305
0.941 0.255 5.7623
0.941 0.304 4.32325
0.941 0.353 2.70116
0.941 0.402 2.04342
0.941 0.451 2.38387
0.941 0.5 2.23119
0.941 0.549 2.11008
0.941 0.598 2.41247
0.941 0.647 1.69363
0.941 0.696 0.829472
0.941 0.745 1.08611
0.941 0.794 1.79093
0.941 0.843 1.96653
0.941 0.892 1.23356
0.941 0.941 1.0871
0.941 0.99 1.68654
0.99 0.01 9.03712
0.99 0.059 12.6178
0.99 0.108 13.3182
0.99 0.157 10.3143
0.99 0.206 9.62415
0.99 0.255 9.34717
0.99 0.304 7.01285
0.99 0.353 4.38162
0.99 0.402 3.31468
0.99 0.451 3.86693
0.99 0.5 3.61926
0.99 0.549 3.42282
0.99 0.598 3.91333
0.99 0.647 2.74727
0.99 0.696 1.34551
0.99 0.745 1.7618
0.99 0.794 2.9051
0.99 0.843 3.18996
0.99 0.892 2.00098
0.99 0.941 1.76341
0.99 0.99 2.73578
