0.01 0.01 13.776
0.01 0.059 9.37535
0.01 0.108 4.97575
0.01 0.157 3.6129
0.01 0.206 3.34196
0.01 0.255 3.00092
0.01 0.304 3.1002
0.01 0.353 2.33502
0.01 0.402 1.36923
0.01 0.451 1.52049
0.01 0.5 2.1231
0.01 0.549 2.24259
0.01 0.598 1.22017
0.01 0.647 0.671304
0.01 0.696 1.28476
0.01 0.745 2.16476
0.01 0.794 2.43679
0.01 0.843 1.82117
0.01 0.892 3.26387
0.01 0.941 10.4969
0.01 0.99 18.3642
0.059 0.01 8.04577
0.059 0.059 5.47559
0.059 0.108 2.90604
0.059 0.157 2.11008
0.059 0.206 1.95184
0.059 0.255 1.75266
0.059 0.304 1.81065
0.059 0.353 1.36375
0.059 0.402 0.799686
0.059 0.451 0.888028
0.059 0.5 1.23998
0.059 0.549 1.30977
0.059 0.598 0.712631
0.059 0.647 0.392069
0.059 0.696 0.750353
0.059 0.745 1.26431
0.059 0.794 1.42318
0.059 0.843 1.06364
0.059 0.892 1.90624
0.059 0.941 6.1306
0.059 0.99 10.7255
0.108 0.01 2.55242
0.108 0.059 1.73706
0.108 0.108 0.921906
0.108 0.157 0.669398
0.108 0.206 0.619198
0.108 0.255 0.556011
0.108 0.304 0.574406
0.108 0.353 0.432633
0.108 0.402 0.253691
0.108 0.451 0.281716
0.108 0.5 0.393368
0.108 0.549 0.415507
0.108 0.598 0.226073
0.108 0.647 0.124379
0.108 0.696 0.23804
0.108 0.745 0.401087
0.108 0.794 0.451488
0.108 0.843 0.337426
0.108 0.892 0.60473
0.108 0.941 1.94486
0.108 0.99 3.40252
0.157 0.01 1.19445
0.157 0.059 0.812893
0.157 0.108 0.431424
0.157 0.157 0.313258
0.157 0.206 0.289766
0.157 0.255 0.260196
0.157 0.304 0.268804
0.157 0.353 0.202459
0.157 0.402 0.118719
0.157 0.451 0.131834
0.157 0.5 0.184084
0.157 0.549 0.194445
0.157 0.598 0.105795
0.157 0.647 0.0582056
0.157 0.696 0.111396
0.157 0.745 0.187696
0.157 0.794 0.211282
0.157 0.843 0.157905
0.157 0.892 0.282995
0.157 0.941 0.910134
0.157 0.99 1.59227
0.206 0.01 1.48339
0.206 0.059 1.00953
0.206 0.108 0.535785
0.206 0.157 0.389035
0.206 0.206 0.35986
0.206 0.255 0.323137
0.206 0.304 0.333828
0.206 0.353 0.251433
0.206 0.402 0.147438
0.206 0.451 0.163725
0.206 0.5 0.228614
0.206 0.549 0.241481
0.206 0.598 0.131387
0.206 0.647 0.0722855
0.206 0.696 0.138342
0.206 0.745 0.2331
0.206 0.794 0.262391
0.206 0.843 0.196102
0.206 0.892 0.351451
0.206 0.941 1.13029
0.206 0.99 1.97744
0.255 0.01 1.9277
0.255 0.059 1.31191
0.255 0.108 0.696263
0.255 0.157 0.505559
0.255 0.206 0.467645
0.255 0.255 0.419923
0.255 0.304 0.433816
0.255 0.353 0.326743
0.255 0.402 0.191598
0.255 0.451 0.212764
0.255 0.5 0.297089
0.255 0.549 0.313809
0.255 0.598 0.17074
0.255 0.647 0.0939365
0.255 0.696 0.179778
0.255 0.745 0.302918
0.255 0.794 0.340983
0.255 0.843 0.254839
0.255 0.892 0.456718
0.255 0.941 1.46884
0.255 0.99 2.56973
0.304 0.01 1.54166
0.304 0.059 1.04918
0.304 0.108 0.55683
0.304 0.157 0.404315
0.304 0.206 0.373995
0.304 0.255 0.33583
0.304 0.304 0.34694
0.304 0.353 0.261309
0.304 0.402 0.153229
0.304 0.451 0.170156
0.304 0.5 0.237594
0.304 0.549 0.250966
0.304 0.598 0.136548
0.304 0.647 0.0751248
0.304 0.696 0.143776
0.304 0.745 0.242256
0.304 0.794 0.272698
0.304 0.843 0.203805
0.304 0.892 0.365256
0.304 0.941 1.17469
0.304 0.99 2.05512
0.353 0.01 0.63842
0.353 0.059 0.43448
0.353 0.108 0.23059
0.353 0.157 0.167432
0.353 0.206 0.154876
0.353 0.255 0.139071
0.353 0.304 0.143672
0.353 0.353 0.108212
0.353 0.402 0.0634539
0.353 0.451 0.0704637
0.353 0.5 0.0983906
0.353 0.549 0.103928
0.353 0.598 0.0565462
0.353 0.647 0.0311101
0.353 0.696 0.0595394
0.353 0.745 0.100321
0.353 0.794 0.112928
0.353 0.843 0.0843982
0.353 0.892 0.151257
0.353 0.941 0.486454
0.353 0.99 0.851049
0.402 0.01 0.680689
0.402 0.059 0.463247
0.402 0.108 0.245857
0.402 0.157 0.178518
0.402 0.206 0.16513
0.402 0.255 0.148279
0.402 0.304 0.153185
0.402 0.353 0.115376
0.402 0.402 0.0676551
0.402 0.451 0.075129
0.402 0.5 0.104905
0.402 0.549 0.110809
0.402 0.598 0.0602901
0.402 0.647 0.0331699
0.402 0.696 0.0634814
0.402 0.745 0.106963
0.402 0.794 0.120404
0.402 0.843 0.0899861
0.402 0.892 0.161272
0.402 0.941 0.518662
0.402 0.99 0.907396
0.451 0.01 1.60954
0.451 0.059 1.09538
0.451 0.108 0.581349
0.451 0.157 0.422119
0.451 0.206 0.390463
0.451 0.255 0.350618
0.451 0.304 0.362217
0.451 0.353 0.272816
0.451 0.402 0.159976
0.451 0.451 0.177649
0.451 0.5 0.248056
0.451 0.549 0.262017
0.451 0.598 0.142561
0.451 0.647 0.0784328
0.451 0.696 0.150107
0.451 0.745 0.252923
0.451 0.794 0.284706
0.451 0.843 0.212779
0.451 0.892 0.38134
0.451 0.941 1.22642
0.451 0.99 2.14561
0.5 0.01 2.34766
0.5 0.059 1.59771
0.5 0.108 0.847949
0.5 0.157 0.615698
0.5 0.206 0.569525
0.5 0.255 0.511407
0.5 0.304 0.528326
0.5 0.353 0.397926
0.5 0.402 0.233339
0.5 0.451 0.259116
0.5 0.5 0.361812
0.5 0.549 0.382174
0.5 0.598 0.207937
0.5 0.647 0.114401
0.5 0.696 0.218944
0.5 0.745 0.368911
0.5 0.794 0.415269
0.5 0.843 0.310357
0.5 0.892 0.556217
0.5 0.941 1.78884
0.5 0.99 3.12956
0.549 0.01 2.16265
0.549 0.059 1.4718
0.549 0.108 0.781125
0.549 0.157 0.567176
0.549 0.206 0.524642
0.549 0.255 0.471104
0.549 0.304 0.48669
0.549 0.353 0.366567
0.549 0.402 0.21495
0.549 0.451 0.238696
0.549 0.5 0.333298
0.549 0.549 0.352056
0.549 0.598 0.19155
0.549 0.647 0.105386
0.549 0.696 0.20169
0.549 0.745 0.339838
0.549 0.794 0.382542
0.549 0.843 0.285899
0.549 0.892 0.512383
0.549 0.941 1.64786
0.549 0.99 2.88293
0.598 0.01 2.05179
0.598 0.059 1.39636
0.598 0.108 0.741083
0.598 0.157 0.538102
0.598 0.206 0.497748
0.598 0.255 0.446955
0.598 0.304 0.461742
0.598 0.353 0.347776
0.598 0.402 0.203932
0.598 0.451 0.22646
0.598 0.5 0.316213
0.598 0.549 0.334009
0.598 0.598 0.181731
0.598 0.647 0.0999833
0.598 0.696 0.191351
0.598 0.745 0.322418
0.598 0.794 0.362933
0.598 0.843 0.271243
0.598 0.892 0.486118
0.598 0.941 1.56339
0.598 0.99 2.73515
0.647 0.01 2.43849
0.647 0.059 1.65953
0.647 0.108 0.880755
0.647 0.157 0.639518
0.647 0.206 0.591559
0.647 0.255 0.531192
0.647 0.304 0.548766
0.647 0.353 0.413321
0.647 0.402 0.242367
0.647 0.451 0.269141
0.647 0.5 0.375809
0.647 0.549 0.39696
0.647 0.598 0.215982
0.647 0.647 0.118827
0.647 0.696 0.227415
0.647 0.745 0.383184
0.647 0.794 0.431335
0.647 0.843 0.322365
0.647 0.892 0.577736
0.647 0.941 1.85804
0.647 0.99 3.25064
0.696 0.01 2.46062
0.696 0.059 1.67459
0.696 0.108 0.888749
0.696 0.157 0.645323
0.696 0.206 0.596928
0.696 0.255 0.536013
0.696 0.304 0.553747
0.696 0.353 0.417073
0.696 0.402 0.244566
0.696 0.451 0.271584
0.696 0.5 0.37922
0.696 0.549 0.400563
0.696 0.598 0.217942
0.696 0.647 0.119906
0.696 0.696 0.229479
0.696 0.745 0.386662
0.696 0.794 0.43525
0.696 0.843 0.325291
0.696 0.892 0.58298
0.696 0.941 1.87491
0.696 0.99 3.28014
0.745 0.01 2.74867
0.745 0.059 1.87062
0.745 0.108 0.992789
0.745 0.157 0.720866
0.745 0.206 0.666806
0.745 0.255 0.598761
0.745 0.304 0.61857
0.745 0.353 0.465896
0.745 0.402 0.273196
0.745 0.451 0.303376
0.745 0.5 0.423613
0.745 0.549 0.447454
0.745 0.598 0.243455
0.745 0.647 0.133942
0.745 0.696 0.256342
0.745 0.745 0.431925
0.745 0.794 0.486201
0.745 0.843 0.36337
0.745 0.892 0.651226
0.745 0.941 2.09439
0.745 0.99 3.66413
0.794 0.01 3.24412
0.794 0.059 2.20781
0.794 0.108 1.17174
0.794 0.157 0.850804
0.794 0.206 0.787
0.794 0.255 0.706689
0.794 0.304 0.730068
0.794 0.353 0.549875
0.794 0.402 0.32244
0.794 0.451 0.35806
0.794 0.5 0.49997
0.794 0.549 0.528109
0.794 0.598 0.287339
0.794 0.647 0.158086
0.794 0.696 0.302549
0.794 0.745 0.509781
0.794 0.794 0.57384
0.794 0.843 0.428868
0.794 0.892 0.768611
0.794 0.941 2.47191
0.794 0.99 4.32459
0.843 0.01 3.46276
0.843 0.059 2.3566
0.843 0.108 1.25071
0.843 0.157 0.908145
0.843 0.206 0.840041
0.843 0.255 0.754317
0.843 0.304 0.779272
0.843 0.353 0.586935
0.843 0.402 0.344171
0.843 0.451 0.382192
0.843 0.5 0.533666
0.843 0.549 0.563701
0.843 0.598 0.306704
0.843 0.647 0.16874
0.843 0.696 0.322939
0.843 0.745 0.544138
0.843 0.794 0.612515
0.843 0.843 0.457772
0.843 0.892 0.820412
0.843 0.941 2.63851
0.843 0.99 4.61606
0.892 0.01 4.15064
0.892 0.059 2.82474
0.892 0.108 1.49917
0.892 0.157 1.08855
0.892 0.206 1.00692
0.892 0.255 0.904162
0.892 0.304 0.934076
0.892 0.353 0.70353
0.892 0.402 0.412541
0.892 0.451 0.458115
0.892 0.5 0.63968
0.892 0.549 0.675681
0.892 0.598 0.367631
0.892 0.647 0.20226
0.892 0.696 0.387091
0.892 0.745 0.652232
0.892 0.794 0.734191
0.892 0.843 0.548709
0.892 0.892 0.983388
0.892 0.941 3.16265
0.892 0.99 5.53304
0.941 0.01 7.30462
0.941 0.059 4.9712
0.941 0.108 2.63835
0.941 0.157 1.91571
0.941 0.206 1.77205
0.941 0.255 1.59121
0.941 0.304 1.64386
0.941 0.353 1.23812
0.941 0.402 0.726021
0.941 0.451 0.806226
0.941 0.5 1.12576
0.941 0.549 1.18911
0.941 0.598 0.646985
0.941 0.647 0.355953
0.941 0.696 0.681232
0.941 0.745 1.14785
0.941 0.794 1.29209
0.941 0.843 0.96566
0.941 0.892 1.73064
0.941 0.941 5.56587
0.941 0.99 9.73746
0.99 0.01 11.3104
0.99 0.059 7.69735
0.99 0.108 4.08519
0.99 0.157 2.96627
0.99 0.206 2.74382
0.99 0.255 2.46382
0.99 0.304 2.54533
0.99 0.353 1.9171
0.99 0.402 1.12416
0.99 0.451 1.24835
0.99 0.5 1.74311
0.99 0.549 1.84121
0.99 0.598 1.00179
0.99 0.647 0.551154
0.99 0.696 1.05481
0.99 0.745 1.77731
0.99 0.794 2.00065
0.99 0.843 1.49522
0.99 0.892 2.67971
0.99 0.941 8.61814
0.99 0.99 15.0774
