0.01 0.01 1.56951e-84
0.01 0.059 2.59181e-76
0.01 0.108 1.63854e-68
0.01 0.157 3.96502e-61
0.01 0.206 3.67254e-54
0.01 0.255 1.30202e-47
0.01 0.304 1.76687e-41
0.01 0.353 9.17749e-36
0.01 0.402 1.82463e-30
0.01 0.451 1.38855e-25
0.01 0.5 4.04462e-21
0.01 0.549 4.5095e-17
0.01 0.598 1.92447e-13
0.01 0.647 3.14361e-10
0.01 0.696 1.96553e-07
0.01 0.745 4.70394e-05
0.01 0.794 0.00430901
0.01 0.843 0.151087
0.01 0.892 2.02773
0.01 0.941 10.4166
0.01 0.99 20.4821
0.059 0.01 9.85071e-85
0.059 0.059 1.62669e-76
0.059 0.108 1.0284e-68
0.059 0.157 2.48856e-61
0.059 0.206 2.30499e-54
0.059 0.255 8.17188e-48
0.059 0.304 1.10894e-41
0.059 0.353 5.76005e-36
0.059 0.402 1.14519e-30
0.059 0.451 8.71491e-26
0.059 0.5 2.53852e-21
0.059 0.549 2.83029e-17
0.059 0.598 1.20785e-13
0.059 0.647 1.97302e-10
0.059 0.696 1.23362e-07
0.059 0.745 2.95232e-05
0.059 0.794 0.00270446
0.059 0.843 0.0948265
0.059 0.892 1.27266
0.059 0.941 6.53775
0.059 0.99 12.8552
0.108 0.01 4.31937e-85
0.108 0.059 7.13277e-77
0.108 0.108 4.50934e-69
0.108 0.157 1.09119e-61
0.108 0.206 1.0107e-54
0.108 0.255 3.58323e-48
0.108 0.304 4.86251e-42
0.108 0.353 2.52569e-36
0.108 0.402 5.02147e-31
0.108 0.451 3.82134e-26
0.108 0.5 1.1131e-21
0.108 0.549 1.24103e-17
0.108 0.598 5.29624e-14
0.108 0.647 8.65135e-11
0.108 0.696 5.40921e-08
0.108 0.745 1.29454e-05
0.108 0.794 0.00118586
0.108 0.843 0.0415798
0.108 0.892 0.55804
0.108 0.941 2.86669
0.108 0.99 5.63677
0.157 0.01 5.40449e-85
0.157 0.059 8.92466e-77
0.157 0.108 5.64218e-69
0.157 0.157 1.36532e-61
0.157 0.206 1.26461e-54
0.157 0.255 4.48341e-48
0.157 0.304 6.08407e-42
0.157 0.353 3.16019e-36
0.157 0.402 6.28297e-31
0.157 0.451 4.78134e-26
0.157 0.5 1.39273e-21
0.157 0.549 1.55281e-17
0.157 0.598 6.62676e-14
0.157 0.647 1.08248e-10
0.157 0.696 6.76812e-08
0.157 0.745 1.61976e-05
0.157 0.794 0.00148377
0.157 0.843 0.0520255
0.157 0.892 0.698231
0.157 0.941 3.58686
0.157 0.99 7.05284
0.206 0.01 8.35791e-85
0.206 0.059 1.38018e-76
0.206 0.108 8.7255e-69
0.206 0.157 2.11144e-61
0.206 0.206 1.95568e-54
0.206 0.255 6.93349e-48
0.206 0.304 9.40888e-42
0.206 0.353 4.88716e-36
0.206 0.402 9.71646e-31
0.206 0.451 7.39423e-26
0.206 0.5 2.15382e-21
0.206 0.549 2.40138e-17
0.206 0.598 1.02481e-13
0.206 0.647 1.67402e-10
0.206 0.696 1.04667e-07
0.206 0.745 2.50492e-05
0.206 0.794 0.00229462
0.206 0.843 0.0804562
0.206 0.892 1.0798
0.206 0.941 5.547
0.206 0.99 10.907
0.255 0.01 7.83099e-85
0.255 0.059 1.29317e-76
0.255 0.108 8.17541e-69
0.255 0.157 1.97832e-61
0.255 0.206 1.83239e-54
0.255 0.255 6.49637e-48
0.255 0.304 8.8157e-42
0.255 0.353 4.57905e-36
0.255 0.402 9.10389e-31
0.255 0.451 6.92806e-26
0.255 0.5 2.01804e-21
0.255 0.549 2.24999e-17
0.255 0.598 9.60204e-14
0.255 0.647 1.56848e-10
0.255 0.696 9.80686e-08
0.255 0.745 2.347e-05
0.255 0.794 0.00214995
0.255 0.843 0.0753839
0.255 0.892 1.01172
0.255 0.941 5.19729
0.255 0.99 10.2194
0.304 0.01 7.59457e-85
0.304 0.059 1.25412e-76
0.304 0.108 7.92859e-69
0.304 0.157 1.9186e-61
0.304 0.206 1.77707e-54
0.304 0.255 6.30024e-48
0.304 0.304 8.54955e-42
0.304 0.353 4.44081e-36
0.304 0.402 8.82904e-31
0.304 0.451 6.7189e-26
0.304 0.5 1.95711e-21
0.304 0.549 2.18206e-17
0.304 0.598 9.31215e-14
0.304 0.647 1.52113e-10
0.304 0.696 9.51079e-08
0.304 0.745 2.27614e-05
0.304 0.794 0.00208505
0.304 0.843 0.073108
0.304 0.892 0.981178
0.304 0.941 5.04038
0.304 0.99 9.91089
0.353 0.01 9.08855e-85
0.353 0.059 1.50083e-76
0.353 0.108 9.48828e-69
0.353 0.157 2.29602e-61
0.353 0.206 2.12665e-54
0.353 0.255 7.53961e-48
0.353 0.304 1.02314e-41
0.353 0.353 5.31439e-36
0.353 0.402 1.05659e-30
0.353 0.451 8.04063e-26
0.353 0.5 2.34211e-21
0.353 0.549 2.61131e-17
0.353 0.598 1.1144e-13
0.353 0.647 1.82036e-10
0.353 0.696 1.13817e-07
0.353 0.745 2.7239e-05
0.353 0.794 0.00249521
0.353 0.843 0.0874897
0.353 0.892 1.17419
0.353 0.941 6.03191
0.353 0.99 11.8605
0.402 0.01 7.26749e-85
0.402 0.059 1.20011e-76
0.402 0.108 7.58713e-69
0.402 0.157 1.83597e-61
0.402 0.206 1.70053e-54
0.402 0.255 6.02891e-48
0.402 0.304 8.18134e-42
0.402 0.353 4.24955e-36
0.402 0.402 8.4488e-31
0.402 0.451 6.42954e-26
0.402 0.5 1.87282e-21
0.402 0.549 2.08808e-17
0.402 0.598 8.9111e-14
0.402 0.647 1.45562e-10
0.402 0.696 9.10119e-08
0.402 0.745 2.17812e-05
0.402 0.794 0.00199525
0.402 0.843 0.0699595
0.402 0.892 0.938921
0.402 0.941 4.82331
0.402 0.99 9.48405
0.451 0.01 6.15805e-85
0.451 0.059 1.01691e-76
0.451 0.108 6.42889e-69
0.451 0.157 1.55569e-61
0.451 0.206 1.44093e-54
0.451 0.255 5.10854e-48
0.451 0.304 6.93239e-42
0.451 0.353 3.60082e-36
0.451 0.402 7.15902e-31
0.451 0.451 5.44801e-26
0.451 0.5 1.58692e-21
0.451 0.549 1.76932e-17
0.451 0.598 7.55075e-14
0.451 0.647 1.23341e-10
0.451 0.696 7.71181e-08
0.451 0.745 1.84561e-05
0.451 0.794 0.00169066
0.451 0.843 0.0592796
0.451 0.892 0.795587
0.451 0.941 4.08699
0.451 0.99 8.03623
0.5 0.01 7.95797e-85
0.5 0.059 1.31413e-76
0.5 0.108 8.30797e-69
0.5 0.157 2.0104e-61
0.5 0.206 1.8621e-54
0.5 0.255 6.60171e-48
0.5 0.304 8.95864e-42
0.5 0.353 4.6533e-36
0.5 0.402 9.25151e-31
0.5 0.451 7.0404e-26
0.5 0.5 2.05076e-21
0.5 0.549 2.28647e-17
0.5 0.598 9.75773e-14
0.5 0.647 1.59392e-10
0.5 0.696 9.96588e-08
0.5 0.745 2.38506e-05
0.5 0.794 0.00218482
0.5 0.843 0.0766062
0.5 0.892 1.02813
0.5 0.941 5.28156
0.5 0.99 10.3851
0.549 0.01 7.46591e-85
0.549 0.059 1.23288e-76
0.549 0.108 7.79427e-69
0.549 0.157 1.88609e-61
0.549 0.206 1.74696e-54
0.549 0.255 6.19351e-48
0.549 0.304 8.40471e-42
0.549 0.353 4.36558e-36
0.549 0.402 8.67947e-31
0.549 0.451 6.60508e-26
0.549 0.5 1.92396e-21
0.549 0.549 2.14509e-17
0.549 0.598 9.1544e-14
0.549 0.647 1.49536e-10
0.549 0.696 9.34967e-08
0.549 0.745 2.23758e-05
0.549 0.794 0.00204972
0.549 0.843 0.0718695
0.549 0.892 0.964556
0.549 0.941 4.955
0.549 0.99 9.74299
0.598 0.01 5.96674e-85
0.598 0.059 9.85315e-77
0.598 0.108 6.22917e-69
0.598 0.157 1.50736e-61
0.598 0.206 1.39617e-54
0.598 0.255 4.94984e-48
0.598 0.304 6.71703e-42
0.598 0.353 3.48896e-36
0.598 0.402 6.93662e-31
0.598 0.451 5.27877e-26
0.598 0.5 1.53762e-21
0.598 0.549 1.71435e-17
0.598 0.598 7.31618e-14
0.598 0.647 1.19509e-10
0.598 0.696 7.47224e-08
0.598 0.745 1.78827e-05
0.598 0.794 0.00163814
0.598 0.843 0.057438
0.598 0.892 0.770872
0.598 0.941 3.96002
0.598 0.99 7.78658
0.647 0.01 8.27643e-85
0.647 0.059 1.36672e-76
0.647 0.108 8.64044e-69
0.647 0.157 2.09085e-61
0.647 0.206 1.93662e-54
0.647 0.255 6.86589e-48
0.647 0.304 9.31715e-42
0.647 0.353 4.83951e-36
0.647 0.402 9.62174e-31
0.647 0.451 7.32214e-26
0.647 0.5 2.13283e-21
0.647 0.549 2.37797e-17
0.647 0.598 1.01482e-13
0.647 0.647 1.6577e-10
0.647 0.696 1.03647e-07
0.647 0.745 2.4805e-05
0.647 0.794 0.00227225
0.647 0.843 0.0796719
0.647 0.892 1.06927
0.647 0.941 5.49292
0.647 0.99 10.8007
0.696 0.01 1.05848e-84
0.696 0.059 1.74792e-76
0.696 0.108 1.10504e-68
0.696 0.157 2.67402e-61
0.696 0.206 2.47677e-54
0.696 0.255 8.7809e-48
0.696 0.304 1.19158e-41
0.696 0.353 6.18933e-36
0.696 0.402 1.23054e-30
0.696 0.451 9.3644e-26
0.696 0.5 2.7277e-21
0.696 0.549 3.04122e-17
0.696 0.598 1.29787e-13
0.696 0.647 2.12006e-10
0.696 0.696 1.32556e-07
0.696 0.745 3.17235e-05
0.696 0.794 0.00290601
0.696 0.843 0.101894
0.696 0.892 1.36751
0.696 0.941 7.02498
0.696 0.99 13.8132
0.745 0.01 1.06726e-84
0.745 0.059 1.76242e-76
0.745 0.108 1.1142e-68
0.745 0.157 2.6962e-61
0.745 0.206 2.49731e-54
0.745 0.255 8.85372e-48
0.745 0.304 1.20147e-41
0.745 0.353 6.24066e-36
0.745 0.402 1.24074e-30
0.745 0.451 9.44206e-26
0.745 0.5 2.75033e-21
0.745 0.549 3.06644e-17
0.745 0.598 1.30863e-13
0.745 0.647 2.13764e-10
0.745 0.696 1.33655e-07
0.745 0.745 3.19866e-05
0.745 0.794 0.00293011
0.745 0.843 0.102739
0.745 0.892 1.37885
0.745 0.941 7.08324
0.745 0.99 13.9278
0.794 0.01 9.47269e-85
0.794 0.059 1.56427e-76
0.794 0.108 9.88931e-69
0.794 0.157 2.39306e-61
0.794 0.206 2.21653e-54
0.794 0.255 7.85828e-48
0.794 0.304 1.06638e-41
0.794 0.353 5.53901e-36
0.794 0.402 1.10124e-30
0.794 0.451 8.38047e-26
0.794 0.5 2.4411e-21
0.794 0.549 2.72168e-17
0.794 0.598 1.1615e-13
0.794 0.647 1.8973e-10
0.794 0.696 1.18628e-07
0.794 0.745 2.83903e-05
0.794 0.794 0.00260067
0.794 0.843 0.0911875
0.794 0.892 1.22382
0.794 0.941 6.28686
0.794 0.99 12.3618
0.843 0.01 7.90962e-85
0.843 0.059 1.30615e-76
0.843 0.108 8.2575e-69
0.843 0.157 1.99819e-61
0.843 0.206 1.85079e-54
0.843 0.255 6.5616e-48
0.843 0.304 8.90422e-42
0.843 0.353 4.62503e-36
0.843 0.402 9.19531e-31
0.843 0.451 6.99763e-26
0.843 0.5 2.0383e-21
0.843 0.549 2.27258e-17
0.843 0.598 9.69846e-14
0.843 0.647 1.58423e-10
0.843 0.696 9.90533e-08
0.843 0.745 2.37057e-05
0.843 0.794 0.00217154
0.843 0.843 0.0761409
0.843 0.892 1.02188
0.843 0.941 5.24948
0.843 0.99 10.322
0.892 0.01 1.4823e-84
0.892 0.059 2.44778e-76
0.892 0.108 1.54749e-68
0.892 0.157 3.74469e-61
0.892 0.206 3.46845e-54
0.892 0.255 1.22967e-47
0.892 0.304 1.66869e-41
0.892 0.353 8.6675e-36
0.892 0.402 1.72324e-30
0.892 0.451 1.31138e-25
0.892 0.5 3.81986e-21
0.892 0.549 4.25891e-17
0.892 0.598 1.81753e-13
0.892 0.647 2.96892e-10
0.892 0.696 1.8563e-07
0.892 0.745 4.44254e-05
0.892 0.794 0.00406956
0.892 0.843 0.142691
0.892 0.892 1.91505
0.892 0.941 9.83774
0.892 0.99 19.3439
0.941 0.01 3.93243e-84
0.941 0.059 6.4938e-76
0.941 0.108 4.10539e-68
0.941 0.157 9.93441e-61
0.941 0.206 9.20158e-54
0.941 0.255 3.26224e-47
0.941 0.304 4.42692e-41
0.941 0.353 2.29943e-35
0.941 0.402 4.57164e-30
0.941 0.451 3.47902e-25
0.941 0.5 1.01338e-20
0.941 0.549 1.12986e-16
0.941 0.598 4.82179e-13
0.941 0.647 7.87635e-10
0.941 0.696 4.92464e-07
0.941 0.745 0.000117858
0.941 0.794 0.0107963
0.941 0.843 0.37855
0.941 0.892 5.08049
0.941 0.941 26.0989
0.941 0.99 51.3181
0.99 0.01 6.55257e-84
0.99 0.059 1.08206e-75
0.99 0.108 6.84076e-68
0.99 0.157 1.65536e-60
0.99 0.206 1.53325e-53
0.99 0.255 5.43583e-47
0.99 0.304 7.37653e-41
0.99 0.353 3.83152e-35
0.99 0.402 7.61767e-30
0.99 0.451 5.79705e-25
0.99 0.5 1.68859e-20
0.99 0.549 1.88267e-16
0.99 0.598 8.0345e-13
0.99 0.647 1.31243e-09
0.99 0.696 8.20588e-07
0.99 0.745 0.000196385
0.99 0.794 0.0179897
0.99 0.843 0.630774
0.99 0.892 8.46558
0.99 0.941 43.4883
0.99 0.99 85.5109
