0 0
0 0
0 0
0 0
0 0
0 0
0 0
0 0
0 0
0 0
0 0
0 0
0 0
0 0
0 0
0 0
0 0
0 0
0 0
0 0
0 0
0 0
0 0
0 0
0 0
0 0
0 0
0 0
0 0
0 0
0 0
0 0
0 0
0 0
0 0
0 0
0 0
0 0
0 0
0 0
0 0
0 0
0 0
0 0
0 0
0 0
0 0
0 0
0 0
0 0
0 0
0 0
0 0
0 0
0 0
0 0
0 0
0 0
0 0
0 0
0 0
0 0
0 0
0 0
0 0
0 0
0 0
0 0
0 0
0 0
0 0
0 0
0 0
0 0
0 0
0 0
0 0
0 0
0 0
0 0
0 0
0 0
0 0
0 0
0 0
0 0
0 0
0 0
0 0
0 0
0 0
0 0
0 0
0 0
0 0
0 0
0 0
0 0
0 0
0 0
0 0
0 0
0 0
0 0
0 0
0 0
0 0
0 0
0 0
0 0
0 0
0 0
0 0
0 0
0 0
0 0
0 0
0 0
0 0
0 0
0 0
0 0
0 0
0 0
0 0
0 0
0 0
0 0
0 0
0 0
0 0
0 0
0 0
0 0
0 0
0 0
0 0
0 0
0 0
0 0
0 0
0 0
0 0
0 0
0 0
0 0
0 0
0 0
0 0
0 0
0 0
0 0
0 0
0 0
0 0
0 0
0 0
0 0
0 0
0 0
0 0
0 0
0 0
0 0
0 0
0 0
0 0
0 0
0 0
0 0
0 0
0 0
0 0
0 0
0 0
0 0
0 0
0 0
0 0
0 0
0 0
0 0
0 0
0 0
0 0
0 0
0 0
0 0
0 0
0 0
0 0
0 0
0 0
0 0
0 0
0 0
0 0
0 0
0 0
0 0
0 0
0 0
0 0
0 0
0 0
0 0
0 0
0 0
0 0
0 0
0 0
0 0
0 0
0 0
0 0
0 0
0 0
0 0
0 0
0 0
0 0
0 0
0 0
0 0
0 0
0 0
0 0
0 0
0 0
0 0
0 0
0 0
0 0
0 0
0 0
0 0
0 0
0 0
0 0
0 0
0 0
0 0
0 0
0 0
0 0
0 0
0 0
0 0
0 0
0 0
0 0
0 0
0 0
0 0
0 0
0 0
0 0
0 0
0 0
0 0
0 0
0 0
0 0
0 0
0 0
0 0
0 0
0 0
0 0
0 0
0 0
0 0
0 0
0 0
0 0
0 0
0 0
0 0
0 0
0 0
0 0
0 0
0 0
0 0
0 0
0 0
0 0
0 0
0 0
0 0
0 0
0 0
0 0
0 0
0 0
0 0
0 0
0 0
0 0
0 0
0 0
0 0
0 0
0 0
0 0
0 0
0 0
0 0
0 0
0 0
0 0
0 0
0 0
0 0
0 0
0 0
0 0
0 0
0 0
0 0
0 0
0 0
0 0
0 0
0 0
0 0
0 0
0 0
0 0
0 0
0 0
0 0
0 0
0 0
0 0
0 0
0 0
0 0
0 0
0 0
0 0
0 0
0 0
0 0
0 0
0 0
0 0
0 0
0 0
0 0
0 0
0 0
0 0
0 0
0 0
0 0
0 0
0 0
0 0
0 0
0 0
0 0
0 0
0 0
0 0
0 0
0 0
0 0
0 0
0 0
0 0
0 0
0 0
0 0
0 0
0 0
0 0
0 0
0 0
0 0
0 0
0 0
0 0
0 0
0 0
0 0
0 0
0 0
0 0
0 0
0 0
0 0
0 0
0 0
0 0
0 0
0 0
0 0
0 0
0 0
0 0
0 0
0 0
0 0
0 0
0 0
0 0
0 0
0 0
0 0
0 0
0 0
0 0
0 0
0 0
0 0
0 0
0 0
0 0
0 0
0 0
0 0
0 0
0 0
0 0
0 0
0 0
0 0
0 0
0 0
0 0
0 0
0 0
0 0
0 0
0 0
0 0
0 0
0 0
0 0
0 0
0 0
0 0
0 0
0 0
0 0
0 0
0 0
0 0
0 0
0 0
0 0
0 0
0 0
0 0
0 0
0 0
0 0
0 0
0 0
0 0
0 0
0 0
0 0
0 0
0 0
0 0
0 0
0 0
0 0
0 0
0 0
0 0
0 0
0 0
0 0
0 0
0 0
0 0
0 0
0 0
0 0
0 0
0 0
0 0
0 0
0 0
0 0
0 0
0 0
0 0
0 0
0 0
0 0
0 0
0 0
0 0
0 0
0 0
0 0
0 0
0 0
0 0
0 0
0 0
0 0
0 0
0 0
0 0
0 0
0 0
0 0
0 0
0 0
0 0
0 0
0 0
0 0
0 0
0 0
0 0
0 0
0 0
0 0
0 0
0 0
0 0
0 0
0 0
0 0
0 0
0 0
0 0
0 0
0 0
0 0
0 0
0 0
0 0
0 0
0 0
0 0
0 0
0 0
0 0
0 0
0 0
0 0
0 0
0 0
0 0
0 0
0 0
0 0
0 0
0 0
0 0
0 0
0 0
0 0
0 0
0 0
0 0
0 0
0 0
0 0
0 0
0 0
0 0
0 0
0 0
0 0
0 0
0 0
0 0
0 0
0 0.0333333
0 0.0333333
0 0.0333333
0 0.0666667
0.0333333 0.0666667
0.0333333 0.0666667
0.0333333 0.0666667
0.0333333 0.0666667
0.0333333 0.0666667
0.0333333 0.0666667
0.0333333 0.0666667
0.0333333 0.0666667
0.0333333 0.0666667
0.0333333 0.1
0.0333333 0.1
0.0333333 0.133333
0.0333333 0.133333
0.0333333 0.133333
0.0333333 0.166667
0.0333333 0.166667
0.0333333 0.166667
0.0333333 0.2
0.0333333 0.233333
0.0333333 0.233333
0.0333333 0.233333
0.0333333 0.233333
0.0333333 0.233333
0.0333333 0.233333
0.0333333 0.233333
0.0333333 0.233333
0.0333333 0.2
0.0333333 0.2
0.0333333 0.233333
0.0333333 0.2
0 0.2
0 0.2
0 0.233333
0 0.233333
0 0.233333
0 0.233333
0 0.233333
0 0.233333
0 0.233333
0 0.2
0 0.2
0 0.166667
0 0.166667
0 0.166667
0 0.133333
0 0.166667
0 0.166667
0 0.166667
0 0.133333
0 0.133333
0 0.133333
0 0.133333
0 0.166667
0 0.166667
0 0.166667
0 0.166667
0 0.2
0 0.2
0 0.2
0 0.2
0 0.2
0 0.2
0 0.166667
0 0.166667
0 0.166667
0 0.166667
0 0.2
0 0.2
0 0.2
0 0.2
0 0.233333
0 0.266667
0 0.3
0 0.333333
0 0.333333
0 0.3
0 0.333333
0 0.3
0 0.3
0 0.333333
0 0.366667
0 0.366667
0 0.333333
0 0.333333
0 0.333333
0 0.333333
0 0.333333
0 0.333333
0 0.3
0 0.3
0 0.333333
0 0.333333
0 0.333333
0 0.333333
0 0.333333
0 0.333333
0 0.3
0 0.3
0 0.3
0 0.333333
0 0.3
0 0.266667
0 0.266667
0 0.233333
0 0.266667
0 0.266667
0 0.233333
0 0.233333
0 0.233333
0 0.2
0 0.166667
0 0.166667
0 0.166667
0 0.166667
0 0.166667
0.0333333 0.166667
0.0333333 0.133333
0.0333333 0.166667
0.0333333 0.166667
0.0333333 0.2
0.0333333 0.166667
0.0333333 0.166667
0.0333333 0.2
0.0333333 0.2
0.0333333 0.2
0.0333333 0.233333
0.0333333 0.233333
0.0333333 0.233333
0.0333333 0.233333
0.0333333 0.2
0.0333333 0.2
0.0333333 0.2
0.0333333 0.166667
0.0333333 0.166667
0.0333333 0.166667
0.0333333 0.166667
0.0333333 0.166667
0.0333333 0.2
0.0333333 0.233333
0.0333333 0.266667
0.0333333 0.266667
0.0333333 0.266667
0.0333333 0.266667
0.0333333 0.3
0.0333333 0.333333
0 0.333333
0 0.366667
0 0.333333
0 0.333333
0 0.333333
0.0333333 0.333333
0.0333333 0.333333
0.0333333 0.333333
0.0333333 0.333333
0.0333333 0.333333
0.0333333 0.3
0.0333333 0.3
0.0333333 0.3
0.0333333 0.333333
0.0333333 0.333333
0.0333333 0.366667
0.0333333 0.366667
0.0333333 0.366667
0.0333333 0.366667
0.0333333 0.366667
0.0333333 0.4
0.0333333 0.433333
0.0333333 0.4
0.0333333 0.366667
0.0333333 0.333333
0.0333333 0.333333
0.0333333 0.333333
0.0333333 0.366667
0.0333333 0.333333
0.0333333 0.333333
0.0333333 0.333333
0.0333333 0.333333
0.0333333 0.333333
0.0333333 0.366667
0.0333333 0.333333
0 0.333333
0 0.333333
0 0.333333
0 0.333333
0 0.333333
0 0.366667
0 0.4
0 0.4
0 0.366667
0 0.366667
0 0.366667
0 0.366667
0 0.366667
0 0.366667
0 0.333333
0 0.3
0 0.266667
0 0.266667
0 0.266667
0 0.266667
0 0.266667
0 0.266667
0 0.233333
0 0.233333
0 0.2
0 0.2
0 0.166667
0 0.166667
0 0.133333
0 0.133333
0 0.133333
0 0.133333
0 0.1
0 0.1
0 0.1
0 0.0666667
0 0.0333333
0 0.0333333
0 0.0333333
0 0.0333333
0 0
0 0
0 0
0 0
0 0
0 0
0 0
0 0
0 0
0 0
0 0
0 0
0 0
0 0
0 0
0 0
0 0
0 0
0 0
0 0
0 0
0 0
0 0
0 0
0 0
0 0
0 0
0 0
0 0
0 0
0 0
0 0
0 0
0 0
0 0
0 0
0 0
0 0
0 0
0 0
0 0
0 0
0 0
0 0
0 0
0 0
0 0
0 0
0 0
0 0
0 0
0 0
0 0
0 0
0 0
0 0
0 0
0 0
0 0
0 0
0 0
0 0
0 0
0 0
0 0
0 0
0 0
0 0
0 0
0 0
0 0
0 0
0 0
0 0
0 0
0 0
0 0
0 0
0 0
0 0
0 0
0 0
0 0
0 0
0 0
0 0
0 0
0 0
0 0
0 0
0 0
0 0
0 0
0 0
0 0
0 0
0 0
0 0
0 0
0 0
0 0
0 0
0 0
0 0
0 0
0 0
0 0
0 0
0 0
0 0
0 0
0 0
0 0
0 0
0 0
0 0
0 0
0 0
0 0
0 0
0 0
0 0
0 0
0 0
0 0
0 0
0 0
0 0
0 0
0 0
0 0
0 0
0 0
0 0
0 0
0 0
0 0
0 0
0 0
0 0
0 0
0 0
0 0
0 0
0 0
0 0
0 0
0 0
0 0
0 0
0 0
0 0
0 0
0 0
0 0
0 0
0 0
0 0
0 0
0 0
0 0
0 0
0 0
0 0
0 0
0 0
0 0
0 0
0 0
0 0
0 0
0 0
0 0
0 0
0 0
0 0
0 0
0 0
0 0
0 0
0 0
0 0
0 0
0 0
0 0
0 0
0 0
0 0
0 0
0 0
0 0
0 0
0 0
0 0
0 0
0 0
0 0
0 0
0 0
0 0
0 0
0 0
0 0
0 0
0 0
0 0
0 0
0 0
0 0
0 0
0 0
0 0
0 0
0 0
0 0
0 0
0 0
0 0
0 0
0 0
0 0
0 0
0 0
0 0
0 0
0 0
0 0
0 0
0 0
0 0
0 0
0 0
0 0
0 0
0 0
0 0
0 0
0 0
0 0
0 0
0 0
0 0
0 0
0 0
0 0
0 0
0 0
0 0
0 0
0 0
0 0
0 0
0 0
0 0
0 0
0 0
0 0
0 0
0 0
0 0
0 0
0 0
0 0
0 0
0 0
0 0
0 0
0 0
0 0
0 0
0 0
0 0
0 0
0 0
0 0
0 0
0 0
0 0
0 0
0 0
0 0
0 0
0 0
0 0
0 0
0 0
0 0
0 0
0 0
0 0
0 0
0 0
0 0
0 0
0 0
0 0
0 0
0 0
0 0
0 0
0 0
0 0
0 0
0 0
0 0
0 0
0 0
0 0
0 0
0 0
0 0
0 0
0 0
0 0
0 0
0 0
0 0
0 0
0 0
0 0
0 0
0 0
0 0
0 0
0 0
0 0
0 0
0 0
0 0
0 0
0 0
0 0
0 0
0 0
0 0
0 0
0 0
0 0
0 0
0 0
0 0
0 0
0 0
0 0
0 0
0 0
0 0
0 0
0 0
0 0
0 0
0 0
0 0
0 0
0 0
0 0
0 0
0 0
0 0
0 0
0 0
0 0
0 0
0 0
0 0
0 0
0 0
0 0
0 0
0 0
0 0
0 0
0 0
0 0
0 0
0 0
0 0
0 0
0.0333333 0
0.0333333 0
0.0333333 0
0.0333333 0
0.0333333 0
0.0333333 0
0.0333333 0
0.0333333 0
0.0333333 0
0.0333333 0
0.0333333 0
0.0333333 0
0.0333333 0
0.0333333 0
0.0333333 0
0.0333333 0
0.0333333 0
0.0333333 0
0.0333333 0
0.0333333 0
0.0333333 0
0.0333333 0
0.0333333 0
0.0333333 0
0.0333333 0
0.0333333 0
0.0333333 0.0333333
0.0333333 0.0333333
0.0333333 0.0333333
0.0333333 0.0333333
0 0.0333333
0 0.0333333
0 0.0333333
0 0.0333333
0 0.0333333
0 0.0333333
0 0.0333333
0 0.0333333
0 0.0333333
0 0.0333333
0 0.0333333
0 0.0333333
0 0.0333333
0 0.0333333
0 0.0333333
0 0.0333333
0 0.0333333
0 0.0333333
0 0.0333333
0 0.0333333
0.0333333 0.0333333
0.0333333 0.0333333
0.0333333 0.0333333
0.0333333 0.0333333
0.0333333 0.0333333
0.0333333 0.0333333
0.0333333 0
0.0333333 0
0.0333333 0
0.0333333 0
0.0333333 0
0.0333333 0
0.0333333 0
0.0333333 0
0.0333333 0
0.0333333 0
0.0333333 0
0.0333333 0
0.0333333 0
0.0333333 0
0.0333333 0
0.0333333 0
0.0333333 0
0.0333333 0
0.0333333 0
0.0333333 0
0.0333333 0
0.0333333 0
0.0333333 0
0.0333333 0
0 0
0 0
0 0
0.0333333 0
0.0333333 0
0.0333333 0
0.0333333 0
0.0333333 0
0.0333333 0
0.0333333 0
0.0333333 0
0.0333333 0
0.0333333 0
0.0333333 0
0.0333333 0
0.0333333 0
0.0333333 0
0.0333333 0
0.0333333 0
0.0333333 0
0.0333333 0
0.0333333 0
0.0333333 0
0.0333333 0
0.0333333 0
0.0333333 0
0.0333333 0
0.0333333 0
0.0333333 0
0.0333333 0
0.0333333 0
0.0333333 0
0.0333333 0
0 0
0 0
0 0
0 0
0 0
0 0
0 0
0 0
0 0
0 0
0 0
0 0
0 0
0 0
0 0
0 0
0 0
0 0
0 0
0 0
0 0
0 0
0 0
0 0
0 0
0 0
0 0
0 0
0 0
0 0
0 0
0 0
0 0
0 0
0 0
0 0
0 0
0 0
0 0
0 0
0 0
0 0
0 0
0 0
0 0
0 0
0 0
0 0
0.0333333 0
0.0333333 0
0.0333333 0
0.0333333 0
0.0333333 0
0.0333333 0
0.0333333 0
0.0333333 0
0.0333333 0
0.0333333 0
0.0333333 0
0.0333333 0
0.0333333 0
0.0333333 0
0.0333333 0
0.0333333 0
0.0333333 0
0.0333333 0
0.0333333 0
0.0333333 0
0.0333333 0
0.0333333 0
0.0333333 0
0.0333333 0
0.0333333 0
0.0333333 0
0.0333333 0
0.0333333 0
0.0333333 0
0.0333333 0
0 0
0 0
0 0.0333333
0 0.0666667
0 0.1
0 0.1
0 0.133333
0.0333333 0.133333
0.0333333 0.166667
0.0333333 0.166667
0.0333333 0.2
0.0333333 0.2
0.0333333 0.233333
0.0333333 0.233333
0.0333333 0.233333
0.0333333 0.266667
0.0333333 0.3
0.0333333 0.333333
0.0333333 0.366667
0.0333333 0.366667
0.0333333 0.4
0.0333333 0.433333
0.0333333 0.433333
0.0333333 0.433333
0.0666667 0.433333
0.0666667 0.433333
0.0666667 0.433333
0.0666667 0.433333
0.0666667 0.466667
0.0666667 0.466667
0.0666667 0.5
0.0666667 0.5
0.1 0.466667
0.1 0.466667
0.1 0.466667
0.1 0.5
0.1 0.5
0.0666667 0.5
0.0666667 0.5
0.1 0.5
0.1 0.5
0.133333 0.5
0.133333 0.466667
0.133333 0.5
0.133333 0.5
0.133333 0.5
0.133333 0.466667
0.133333 0.433333
0.133333 0.433333
0.133333 0.466667
0.166667 0.433333
0.166667 0.433333
0.166667 0.433333
0.166667 0.433333
0.133333 0.466667
0.133333 0.466667
0.133333 0.466667
0.133333 0.466667
0.133333 0.433333
0.133333 0.433333
0.133333 0.4
0.133333 0.433333
0.1 0.433333
0.1 0.433333
0.1 0.4
0.1 0.4
0.1 0.4
0.1 0.4
0.1 0.366667
0.0666667 0.366667
0.0666667 0.366667
0.0333333 0.366667
0.0333333 0.366667
0.0333333 0.366667
0.0333333 0.366667
0.0333333 0.333333
0.0333333 0.366667
0.0333333 0.366667
0.0333333 0.333333
0.0333333 0.333333
0 0.366667
0 0.333333
0 0.333333
0 0.333333
0.0333333 0.3
0.0333333 0.3
0.0333333 0.3
0.0333333 0.3
0.0333333 0.3
0.0333333 0.333333
0.0333333 0.366667
0.0333333 0.366667
0.0333333 0.366667
0.0333333 0.333333
0.0333333 0.333333
0.0333333 0.3
0.0333333 0.3
0.0333333 0.333333
0.0333333 0.366667
0.0333333 0.366667
0.0333333 0.333333
0.0333333 0.333333
0.0333333 0.333333
0.0333333 0.3
0.0333333 0.3
0.0333333 0.3
0.0333333 0.3
0.0333333 0.3
0.0333333 0.3
0.0333333 0.266667
0.0333333 0.266667
0.0333333 0.266667
0.0333333 0.3
0.0333333 0.333333
0 0.366667
0 0.4
0.0333333 0.4
0.0333333 0.4
0.0333333 0.433333
0.0333333 0.4
0.0333333 0.366667
0.0333333 0.366667
0.0333333 0.366667
0.0666667 0.366667
0.0666667 0.366667
0.1 0.366667
0.1 0.366667
0.1 0.333333
0.1 0.333333
0.1 0.333333
0.1 0.333333
0.1 0.366667
0.1 0.4
0.1 0.433333
0.1 0.433333
0.1 0.433333
0.1 0.4
0.1 0.4
0.1 0.4
0.1 0.4
0.1 0.4
0.1 0.4
0.133333 0.366667
0.133333 0.366667
0.133333 0.333333
0.133333 0.333333
0.1 0.366667
0.1 0.4
0.1 0.4
0.1 0.433333
0.1 0.466667
0.1 0.433333
0.1 0.433333
0.0666667 0.433333
0.0666667 0.433333
0.0333333 0.466667
0.0333333 0.433333
0.0333333 0.466667
0.0333333 0.433333
0.0333333 0.466667
0.0333333 0.5
0.0333333 0.466667
0.0333333 0.466667
0.0333333 0.466667
0.0333333 0.466667
0.0333333 0.5
0.0333333 0.533333
0.0333333 0.533333
0.0333333 0.566667
0.0666667 0.566667
0.0666667 0.566667
0.0666667 0.566667
0.0333333 0.6
0.0333333 0.6
0.0333333 0.633333
0.0333333 0.6
0.0333333 0.566667
0.0333333 0.533333
0.0333333 0.5
0.0666667 0.466667
0.0666667 0.433333
0.0666667 0.466667
0.0666667 0.5
0.0666667 0.533333
0.0666667 0.566667
0.0666667 0.566667
0.0666667 0.6
0.0666667 0.566667
0.0666667 0.6
0.1 0.566667
0.1 0.533333
0.1 0.533333
0.1 0.5
0.1 0.466667
0.1 0.5
0.1 0.466667
0.1 0.466667
0.1 0.466667
0.1 0.433333
0.0666667 0.433333
0.0666667 0.4
0.0666667 0.4
0.0666667 0.366667
0.0666667 0.333333
0.0666667 0.3
0.0666667 0.3
0.0666667 0.3
0.0666667 0.3
0.0666667 0.3
0.0333333 0.3
0.0333333 0.3
0.0333333 0.266667
0.0333333 0.233333
0.0333333 0.2
0.0333333 0.166667
0.0333333 0.133333
0.0333333 0.1
0.0333333 0.1
0.0333333 0.0666667
0 0.0666667
0 0.0666667
0 0.0666667
0 0.0666667
0 0.0666667
0 0.0333333
0 0.0333333
0 0
0 0
0.0333333 0
0.0333333 0
0.0333333 0
0.0333333 0
0.0333333 0
0.0333333 0
0.0333333 0
0.0333333 0
0.0333333 0
0.0333333 0
0.0333333 0
0.0333333 0
0.0333333 0
0.0333333 0
0.0333333 0
0.0333333 0
0.0333333 0
0.0333333 0
0.0333333 0
0.0333333 0
0.0333333 0
0.0333333 0
0.0333333 0
0.0333333 0
0.0333333 0
0.0333333 0
0.0333333 0
0.0333333 0
0.0333333 0
0.0333333 0
0 0
0 0
0 0
0 0
0 0
0 0
0 0
0 0
0 0
0 0
0 0
0 0
0 0
0 0
0 0
0 0
0 0
0 0
0 0
0 0
0 0
0 0
0 0
0 0
0 0
0 0
0 0
0 0
0 0
0 0
0 0
0 0
0 0
0 0
0 0
0 0
0 0
0 0
0 0
0 0
0 0
0 0
0 0
0 0
0 0
0 0
0 0
0 0
0 0
0 0
0 0
0 0
0 0
0 0
0 0
0 0
0 0
0 0
0 0
0 0
0 0
0 0
0 0
0 0
0 0
0 0
0 0
0 0
0 0
0 0
0 0
0 0
0 0
0 0
0 0
0 0
0 0
0 0
0 0
0 0
0 0
0 0
0 0
0 0
0.0333333 0
0.0333333 0
0.0333333 0
0.0333333 0
0.0333333 0
0.0333333 0
0.0333333 0
0.0333333 0
0.0333333 0
0.0333333 0
0.0333333 0
0.0333333 0
0.0333333 0
0.0333333 0
0.0333333 0
0.0333333 0
0.0333333 0
0.0333333 0
0.0333333 0
0.0333333 0
0.0333333 0
0.0333333 0
0.0333333 0
0.0333333 0
0.0333333 0
0.0333333 0
0.0333333 0
0.0333333 0
0.0333333 0
0.0333333 0
0 0
0 0
0 0
0 0
0 0
0 0
0 0
0 0
0 0
0 0
0 0
0 0
0 0
0 0
0 0
0 0
0 0
0 0
0 0
0 0
0 0
0 0
0 0
0 0
0 0
0 0
0 0
0 0
0 0
0 0
0 0
0 0
0 0
0 0
0 0
0 0
0 0
0 0
0 0
0 0
0 0
0 0
0 0
0 0
0 0
0 0
0 0
0 0
0 0
0 0
0 0
0 0
0 0
0 0
0 0
0 0
0 0
0 0
0 0
0 0
0 0
0 0
0 0
0 0
0 0
0 0
0 0
0 0
0 0
0 0
0 0
0 0
0 0
0 0
0 0
0 0
0 0
0 0
0 0
0 0
0 0
0 0
0 0
0 0
0 0
0 0
0 0
0 0
0 0
0 0
0 0
0 0
0 0
0 0
0 0
0 0
0 0
0 0
0 0
0 0
0 0
0 0
0 0
0 0
0 0
0 0
0 0
0 0
0 0
0 0
0 0
0 0
0 0
0 0
0 0
0 0
0 0
0 0
0 0
0 0
0 0
0 0
0 0
0 0
0 0
0 0
0 0
0 0
0 0
0 0
0 0
0 0
0 0
0 0
0 0
0 0
0 0
0 0
0 0
0 0
0 0
0 0
0 0
0 0
0 0
0 0
0 0
0 0
0 0
0 0
0 0
0 0
0 0
0 0
0 0
0 0
0 0
0 0
0 0
0 0
0 0
0 0
0 0
0 0
0 0
0 0
0 0
0 0
0 0
0 0
0 0
0 0
0 0
0 0
0 0
0 0
0 0
0 0
0 0
0 0
0 0
0 0
0 0
0 0
0 0
0 0
0 0
0 0
0 0
0 0
0 0
0 0
0 0
0 0
0 0
0 0
0 0
0 0
0 0
0 0
0 0
0 0
0 0
0 0
0 0
0 0
0 0
0 0
0 0
0 0
0 0
0 0
0 0
0 0
0 0
0 0
0 0
0 0
0 0
0 0
0 0
0 0
0 0
0 0
0 0
0 0
0 0
0 0
0 0
0 0
0 0
0 0
0 0
0 0
0 0
0 0
0.0333333 0
0.0333333 0
0.0333333 0
0.0333333 0
0.0333333 0
0.0333333 0
0.0666667 0
0.0666667 0
0.0666667 0
0.0666667 0
0.0666667 0.0333333
0.0666667 0.0333333
0.0666667 0.0333333
0.0666667 0.0333333
0.0666667 0.0333333
0.0666667 0.0333333
0.0666667 0.0666667
0.0666667 0.0666667
0.0666667 0.0666667
0.0666667 0.0666667
0.0666667 0.0666667
0.0666667 0.0666667
0.0666667 0.0666667
0.0666667 0.0666667
0.0666667 0.0666667
0.0666667 0.0666667
0.1 0.0666667
0.1 0.0666667
0.1 0.0666667
0.1 0.0666667
0.0666667 0.1
0.0666667 0.1
0.0666667 0.1
0.0666667 0.1
0.0666667 0.1
0.0666667 0.1
0.0333333 0.133333
0.0333333 0.133333
0.0333333 0.166667
0.0333333 0.166667
0.0333333 0.166667
0.0333333 0.166667
0.0333333 0.166667
0.0333333 0.166667
0.0333333 0.166667
0.0333333 0.2
0.0333333 0.166667
0.0333333 0.166667
0.0333333 0.166667
0.0333333 0.166667
0.0333333 0.166667
0.0333333 0.166667
0.0333333 0.166667
0.0333333 0.166667
0.0333333 0.166667
0.0666667 0.166667
0.0333333 0.166667
0.0333333 0.166667
0.0333333 0.166667
0.0333333 0.166667
0.0333333 0.133333
0.0333333 0.166667
0.0333333 0.166667
0.0333333 0.166667
0.0333333 0.166667
0.0333333 0.166667
0.0333333 0.133333
0.0333333 0.166667
0.0333333 0.133333
0.0333333 0.133333
0.0333333 0.1
0.0666667 0.1
0.0666667 0.1
0.0666667 0.1
0.0666667 0.1
0.0666667 0.0666667
0.0666667 0.0666667
0.0666667 0.0666667
0.0666667 0.0666667
0.0666667 0.0666667
0.0666667 0.0666667
0.0666667 0.0666667
0.0666667 0.0666667
0.0666667 0.0666667
0.0666667 0.0666667
0.0333333 0.0666667
0.0333333 0.0666667
0.0333333 0.1
0.0333333 0.1
0.0333333 0.1
0.0333333 0.1
0.0333333 0.0666667
0.0333333 0.0666667
0.0333333 0.1
0.0333333 0.1
0.0333333 0.1
0.0333333 0.133333
0.0666667 0.1
0.1 0.1
0.1 0.1
0.1 0.1
0.0666667 0.1
0.0666667 0.1
0.0666667 0.1
0.0666667 0.1
0.1 0.1
0.1 0.1
0.1 0.1
0.1 0.1
0.1 0.1
0.1 0.1
0.133333 0.1
0.166667 0.1
0.166667 0.1
0.166667 0.1
0.166667 0.1
0.166667 0.1
0.166667 0.0666667
0.166667 0.0666667
0.166667 0.0666667
0.166667 0.0666667
0.166667 0.0666667
0.166667 0.0666667
0.166667 0.0333333
0.166667 0.0333333
0.166667 0.0333333
0.166667 0
0.133333 0
0.1 0
0.133333 0
0.133333 0
0.133333 0
0.133333 0
0.133333 0
0.133333 0
0.1 0
0.1 0
0.1 0
0.1 0
0.1 0
0.1 0
0.1 0
0.0666667 0
0.0666667 0
0.0666667 0
0.0666667 0
0.0666667 0
0.0666667 0
0.0666667 0
0.0666667 0.0333333
0.0666667 0.0666667
0.0666667 0.0666667
0.1 0.0666667
0.1 0.0666667
0.1 0.0666667
0.1 0.0666667
0.1 0.0666667
0.1 0.0666667
0.1 0.0666667
0.0666667 0.0666667
0.0666667 0.0666667
0.0666667 0.0666667
0.0666667 0.0666667
0.0666667 0.0666667
0.0666667 0.0666667
0.0666667 0.0666667
0.0666667 0.0666667
0.0666667 0.0666667
0.0666667 0.0666667
0.0666667 0.0666667
0.0666667 0.0666667
0.0333333 0.1
0.0333333 0.1
0.0333333 0.1
0.0333333 0.1
0.0333333 0.1
0.0333333 0.1
0.0333333 0.1
0.0333333 0.1
0.0333333 0.0666667
0.0333333 0.0333333
0.0333333 0.0333333
0 0.0333333
0 0.0333333
0 0.0333333
0 0.0333333
0 0.0333333
0 0.0333333
0 0.0333333
0 0.0333333
0 0.0333333
0.0333333 0.0333333
0.0333333 0.0333333
0.0333333 0.0333333
0.0333333 0.0666667
0.0333333 0.0666667
0.0333333 0.1
0.0333333 0.133333
0.0333333 0.166667
0.0333333 0.2
0.0333333 0.233333
0.0333333 0.2
0.0333333 0.2
0.0333333 0.233333
0.0333333 0.266667
0.0333333 0.266667
0.0333333 0.3
0.0333333 0.3
0.0333333 0.3
0.0333333 0.333333
0.0333333 0.366667
0.0333333 0.4
0.0333333 0.433333
0.0333333 0.466667
0.0333333 0.5
0.0333333 0.533333
0.0666667 0.533333
0.0666667 0.566667
0.0666667 0.566667
0.1 0.6
0.1 0.633333
0.0666667 0.666667
0.1 0.7
0.1 0.7
0.1 0.7
0.1 0.733333
0.1 0.7
0.1 0.7
0.1 0.7
0.1 0.7
0.133333 0.666667
0.133333 0.7
0.133333 0.7
0.133333 0.7
0.133333 0.666667
0.166667 0.666667
0.166667 0.666667
0.166667 0.666667
0.166667 0.666667
0.166667 0.666667
0.166667 0.666667
0.166667 0.633333
0.166667 0.6
0.166667 0.6
0.166667 0.6
0.166667 0.6
0.133333 0.6
0.133333 0.566667
0.133333 0.566667
0.1 0.533333
0.1 0.5
0.1 0.5
0.0666667 0.5
0.0666667 0.5
0.0666667 0.466667
0.0666667 0.433333
0.0666667 0.433333
0.0666667 0.4
0.0666667 0.4
0.0666667 0.366667
0.0333333 0.4
0.0333333 0.366667
0.0333333 0.366667
0.0666667 0.333333
0.0666667 0.366667
0.0666667 0.366667
0.0666667 0.366667
0.0666667 0.366667
0.0666667 0.4
0.1 0.366667
0.1 0.366667
0.1 0.4
0.1 0.4
0.1 0.4
0.1 0.4
0.1 0.4
0.1 0.4
0.1 0.4
0.1 0.4
0.1 0.433333
0.1 0.433333
0.1 0.433333
0.1 0.433333
0.1 0.466667
0.1 0.466667
0.133333 0.466667
0.133333 0.466667
0.166667 0.466667
0.166667 0.466667
0.166667 0.5
0.166667 0.5
0.166667 0.533333
0.166667 0.566667
0.133333 0.6
0.133333 0.566667
0.1 0.566667
0.1 0.566667
0.1 0.6
0.1 0.566667
0.0666667 0.566667
0.1 0.533333
0.1 0.533333
0.1 0.566667
0.1 0.533333
0.1 0.533333
0.1 0.533333
0.1 0.566667
0.133333 0.566667
0.133333 0.566667
0.133333 0.566667
0.133333 0.566667
0.133333 0.566667
0.133333 0.533333
0.133333 0.533333
0.133333 0.566667
0.1 0.6
0.1 0.633333
0.0666667 0.666667
0.0666667 0.633333
0.0666667 0.6
0.0666667 0.6
0.0666667 0.566667
0.0666667 0.566667
0.0666667 0.566667
0.0666667 0.566667
0.0666667 0.6
0.0666667 0.566667
0.0666667 0.533333
0.0666667 0.533333
0.0666667 0.566667
0.0333333 0.566667
0.0333333 0.566667
0.0333333 0.533333
0.0333333 0.566667
0.0333333 0.533333
0.0333333 0.533333
0.0333333 0.5
0 0.5
0 0.533333
0 0.5
0 0.533333
0 0.5
0.0333333 0.5
0.0333333 0.5
0.0333333 0.5
0.0333333 0.5
0.0333333 0.466667
0.0333333 0.466667
0.0333333 0.466667
0.0666667 0.5
0.1 0.466667
0.1 0.466667
0.1 0.466667
0.1 0.466667
0.1 0.5
0.1 0.466667
0.1 0.5
0.1 0.533333
0.1 0.566667
0.1 0.533333
0.1 0.566667
0.1 0.533333
0.1 0.533333
0.1 0.5
0.1 0.5
0.1 0.466667
0.1 0.5
0.1 0.5
0.1 0.5
0.1 0.533333
0.1 0.533333
0.1 0.566667
0.0666667 0.6
0.0666667 0.566667
0.0666667 0.566667
0.0666667 0.566667
0.0666667 0.6
0.0666667 0.6
0.0666667 0.633333
0.0333333 0.633333
0 0.633333
0 0.633333
0 0.6
0 0.6
0 0.6
0 0.633333
0 0.6
0 0.566667
0 0.533333
0 0.566667
0 0.533333
0 0.533333
0 0.533333
0 0.566667